     shots,    errors,  discards, seconds,decoder,strong_id,json_metadata,custom_counts
         1,         0,         0,   0.014,exact_mw,7acd59d404317421b37957afea3f5c66f33c9ef46579a47fd7c0ca3dd0dfc735,"{""distance"":7,""physical_error_rate"":0.001}","{""detection_events"":14,""detectors_checked"":602}"
        16,         0,         0,   0.036,exact_mw,7acd59d404317421b37957afea3f5c66f33c9ef46579a47fd7c0ca3dd0dfc735,"{""distance"":7,""physical_error_rate"":0.001}","{""detection_events"":41,""detectors_checked"":9632}"
       256,         0,         0,   0.187,exact_mw,7acd59d404317421b37957afea3f5c66f33c9ef46579a47fd7c0ca3dd0dfc735,"{""distance"":7,""physical_error_rate"":0.001}","{""detection_events"":687,""detectors_checked"":154112}"
       512,         0,         0,   0.409,exact_mw,7acd59d404317421b37957afea3f5c66f33c9ef46579a47fd7c0ca3dd0dfc735,"{""distance"":7,""physical_error_rate"":0.001}","{""detection_events"":1583,""detectors_checked"":308224}"
       512,         0,         0,   0.528,exact_mw,7acd59d404317421b37957afea3f5c66f33c9ef46579a47fd7c0ca3dd0dfc735,"{""distance"":7,""physical_error_rate"":0.001}","{""detection_events"":1569,""detectors_checked"":308224}"
       512,         0,         0,   0.420,exact_mw,7acd59d404317421b37957afea3f5c66f33c9ef46579a47fd7c0ca3dd0dfc735,"{""distance"":7,""physical_error_rate"":0.001}","{""detection_events"":1581,""detectors_checked"":308224}"
       512,         0,         0,   0.556,exact_mw,7acd59d404317421b37957afea3f5c66f33c9ef46579a47fd7c0ca3dd0dfc735,"{""distance"":7,""physical_error_rate"":0.001}","{""detection_events"":1405,""detectors_checked"":308224}"
       512,         0,         0,   0.502,exact_mw,7acd59d404317421b37957afea3f5c66f33c9ef46579a47fd7c0ca3dd0dfc735,"{""distance"":7,""physical_error_rate"":0.001}","{""detection_events"":1499,""detectors_checked"":308224}"
       512,         0,         0,   0.335,exact_mw,7acd59d404317421b37957afea3f5c66f33c9ef46579a47fd7c0ca3dd0dfc735,"{""distance"":7,""physical_error_rate"":0.001}","{""detection_events"":1504,""detectors_checked"":308224}"
         1,         0,         0,   0.020,exact_mw,f5ed540d8b33fe7a17a96c57e6e367075413a3677864b79373445f6bf89adea1,"{""distance"":7,""physical_error_rate"":0.0002}","{""detectors_checked"":602}"
      1296,         0,         0,   0.025,exact_mw,f5ed540d8b33fe7a17a96c57e6e367075413a3677864b79373445f6bf89adea1,"{""distance"":7,""physical_error_rate"":0.0002}","{""detection_events"":754,""detectors_checked"":780192}"
      1024,         0,         0,   0.037,exact_mw,f5ed540d8b33fe7a17a96c57e6e367075413a3677864b79373445f6bf89adea1,"{""distance"":7,""physical_error_rate"":0.0002}","{""detection_events"":673,""detectors_checked"":616448}"
       512,         0,         0,   0.494,exact_mw,7acd59d404317421b37957afea3f5c66f33c9ef46579a47fd7c0ca3dd0dfc735,"{""distance"":7,""physical_error_rate"":0.001}","{""detection_events"":1538,""detectors_checked"":308224}"
         1,         0,         0,   0.015,exact_mw,ca91ffa42463e210e189f165a9a4cbcfd1773a75ca815ff24a9009c31e62d8d0,"{""distance"":7,""physical_error_rate"":0.002}","{""detection_events"":7,""detectors_checked"":602}"
      1024,         0,         0,   0.035,exact_mw,f5ed540d8b33fe7a17a96c57e6e367075413a3677864b79373445f6bf89adea1,"{""distance"":7,""physical_error_rate"":0.0002}","{""detection_events"":747,""detectors_checked"":616448}"
        16,         0,         0,   0.078,exact_mw,ca91ffa42463e210e189f165a9a4cbcfd1773a75ca815ff24a9009c31e62d8d0,"{""distance"":7,""physical_error_rate"":0.002}","{""detection_events"":86,""detectors_checked"":9632}"
      2048,         0,         0,   0.083,exact_mw,f5ed540d8b33fe7a17a96c57e6e367075413a3677864b79373445f6bf89adea1,"{""distance"":7,""physical_error_rate"":0.0002}","{""detection_events"":1339,""detectors_checked"":1232896}"
      2048,         0,         0,   0.081,exact_mw,f5ed540d8b33fe7a17a96c57e6e367075413a3677864b79373445f6bf89adea1,"{""distance"":7,""physical_error_rate"":0.0002}","{""detection_events"":1148,""detectors_checked"":1232896}"
         1,         0,         0,   0.058,exact_mw,1f0c41bfbbc8ec35ff1484b2be036ef48716a49dcf1cc37e155a3f5819690eee,"{""distance"":7,""physical_error_rate"":0.02}","{""detection_events"":39,""detectors_checked"":602}"
      2048,         0,         0,   0.081,exact_mw,f5ed540d8b33fe7a17a96c57e6e367075413a3677864b79373445f6bf89adea1,"{""distance"":7,""physical_error_rate"":0.0002}","{""detection_events"":1172,""detectors_checked"":1232896}"
      3072,         0,         0,   0.108,exact_mw,f5ed540d8b33fe7a17a96c57e6e367075413a3677864b79373445f6bf89adea1,"{""distance"":7,""physical_error_rate"":0.0002}","{""detection_events"":1864,""detectors_checked"":1849344}"
        64,         0,         0,   0.410,exact_mw,ca91ffa42463e210e189f165a9a4cbcfd1773a75ca815ff24a9009c31e62d8d0,"{""distance"":7,""physical_error_rate"":0.002}","{""detection_events"":432,""detectors_checked"":38528}"
      4096,         0,         0,   0.167,exact_mw,f5ed540d8b33fe7a17a96c57e6e367075413a3677864b79373445f6bf89adea1,"{""distance"":7,""physical_error_rate"":0.0002}","{""detection_events"":2280,""detectors_checked"":2465792}"
       512,         0,         0,   0.634,exact_mw,7acd59d404317421b37957afea3f5c66f33c9ef46579a47fd7c0ca3dd0dfc735,"{""distance"":7,""physical_error_rate"":0.001}","{""detection_events"":1698,""detectors_checked"":308224}"
         8,         0,         0,   0.349,exact_mw,1f0c41bfbbc8ec35ff1484b2be036ef48716a49dcf1cc37e155a3f5819690eee,"{""distance"":7,""physical_error_rate"":0.02}","{""detection_events"":428,""detectors_checked"":4816}"
      5120,         0,         0,   0.248,exact_mw,f5ed540d8b33fe7a17a96c57e6e367075413a3677864b79373445f6bf89adea1,"{""distance"":7,""physical_error_rate"":0.0002}","{""detection_events"":3081,""detectors_checked"":3082240}"
        64,         0,         0,   0.301,exact_mw,ca91ffa42463e210e189f165a9a4cbcfd1773a75ca815ff24a9009c31e62d8d0,"{""distance"":7,""physical_error_rate"":0.002}","{""detection_events"":367,""detectors_checked"":38528}"
         8,         2,         0,   0.359,exact_mw,1f0c41bfbbc8ec35ff1484b2be036ef48716a49dcf1cc37e155a3f5819690eee,"{""distance"":7,""physical_error_rate"":0.02}","{""detection_events"":444,""detectors_checked"":4816,""obs_mistake_mask=E"":2}"
         1,         0,         0,   0.062,exact_mw,44a30ed6f1c17712a1e48498787ed849716b01ee0859fb371aa1a98cce5f11ec,"{""distance"":7,""physical_error_rate"":0.05}","{""detection_events"":117,""detectors_checked"":602}"
      6144,         0,         0,   0.292,exact_mw,f5ed540d8b33fe7a17a96c57e6e367075413a3677864b79373445f6bf89adea1,"{""distance"":7,""physical_error_rate"":0.0002}","{""detection_events"":3772,""detectors_checked"":3698688}"
        64,         0,         0,   0.304,exact_mw,ca91ffa42463e210e189f165a9a4cbcfd1773a75ca815ff24a9009c31e62d8d0,"{""distance"":7,""physical_error_rate"":0.002}","{""detection_events"":442,""detectors_checked"":38528}"
         1,         0,         0,   0.006,exact_mw,ca91ffa42463e210e189f165a9a4cbcfd1773a75ca815ff24a9009c31e62d8d0,"{""distance"":7,""physical_error_rate"":0.002}","{""detection_events"":6,""detectors_checked"":602}"
       512,         0,         0,   0.693,exact_mw,7acd59d404317421b37957afea3f5c66f33c9ef46579a47fd7c0ca3dd0dfc735,"{""distance"":7,""physical_error_rate"":0.001}","{""detection_events"":1470,""detectors_checked"":308224}"
        16,         0,         0,   0.056,exact_mw,ca91ffa42463e210e189f165a9a4cbcfd1773a75ca815ff24a9009c31e62d8d0,"{""distance"":7,""physical_error_rate"":0.002}","{""detection_events"":102,""detectors_checked"":9632}"
         8,         0,         0,   0.360,exact_mw,1f0c41bfbbc8ec35ff1484b2be036ef48716a49dcf1cc37e155a3f5819690eee,"{""distance"":7,""physical_error_rate"":0.02}","{""detection_events"":455,""detectors_checked"":4816}"
         8,         1,         0,   0.429,exact_mw,44a30ed6f1c17712a1e48498787ed849716b01ee0859fb371aa1a98cce5f11ec,"{""distance"":7,""physical_error_rate"":0.05}","{""detection_events"":879,""detectors_checked"":4816,""obs_mistake_mask=E"":1}"
        64,         0,         0,   0.405,exact_mw,ca91ffa42463e210e189f165a9a4cbcfd1773a75ca815ff24a9009c31e62d8d0,"{""distance"":7,""physical_error_rate"":0.002}","{""detection_events"":335,""detectors_checked"":38528}"
     11264,         0,         0,   0.428,exact_mw,f5ed540d8b33fe7a17a96c57e6e367075413a3677864b79373445f6bf89adea1,"{""distance"":7,""physical_error_rate"":0.0002}","{""detection_events"":7039,""detectors_checked"":6780928}"
         1,         1,         0,   0.076,exact_mw,44a30ed6f1c17712a1e48498787ed849716b01ee0859fb371aa1a98cce5f11ec,"{""distance"":7,""physical_error_rate"":0.05}","{""detection_events"":94,""detectors_checked"":602,""obs_mistake_mask=E"":1}"
         1,         0,         0,   0.032,exact_mw,1f0c41bfbbc8ec35ff1484b2be036ef48716a49dcf1cc37e155a3f5819690eee,"{""distance"":7,""physical_error_rate"":0.02}","{""detection_events"":68,""detectors_checked"":602}"
         8,         0,         0,   0.315,exact_mw,1f0c41bfbbc8ec35ff1484b2be036ef48716a49dcf1cc37e155a3f5819690eee,"{""distance"":7,""physical_error_rate"":0.02}","{""detection_events"":412,""detectors_checked"":4816}"
        64,         0,         0,   0.148,exact_mw,ca91ffa42463e210e189f165a9a4cbcfd1773a75ca815ff24a9009c31e62d8d0,"{""distance"":7,""physical_error_rate"":0.002}","{""detection_events"":330,""detectors_checked"":38528}"
         4,         1,         0,   0.188,exact_mw,44a30ed6f1c17712a1e48498787ed849716b01ee0859fb371aa1a98cce5f11ec,"{""distance"":7,""physical_error_rate"":0.05}","{""detection_events"":445,""detectors_checked"":2408,""obs_mistake_mask=E"":1}"
         1,         0,         0,   0.014,exact_mw,0a198d80e37665dd6f23c481ef1c601566b502223b7ce5d7a38dc87c0be91af9,"{""distance"":7,""physical_error_rate"":0.005}","{""detection_events"":20,""detectors_checked"":602}"
         8,         1,         0,   0.411,exact_mw,44a30ed6f1c17712a1e48498787ed849716b01ee0859fb371aa1a98cce5f11ec,"{""distance"":7,""physical_error_rate"":0.05}","{""detection_events"":921,""detectors_checked"":4816,""obs_mistake_mask=E"":1}"
         8,         0,         0,   0.344,exact_mw,1f0c41bfbbc8ec35ff1484b2be036ef48716a49dcf1cc37e155a3f5819690eee,"{""distance"":7,""physical_error_rate"":0.02}","{""detection_events"":397,""detectors_checked"":4816}"
         1,         0,         0,   0.049,exact_mw,104e95c9c5c26aa16a540527dd1100b1154b7e08e6a11bc0dc85c4e500a5f349,"{""distance"":7,""physical_error_rate"":0.1}","{""detection_events"":161,""detectors_checked"":602}"
        16,         0,         0,   0.276,exact_mw,0a198d80e37665dd6f23c481ef1c601566b502223b7ce5d7a38dc87c0be91af9,"{""distance"":7,""physical_error_rate"":0.005}","{""detection_events"":177,""detectors_checked"":9632}"
     16384,         0,         0,   0.587,exact_mw,f5ed540d8b33fe7a17a96c57e6e367075413a3677864b79373445f6bf89adea1,"{""distance"":7,""physical_error_rate"":0.0002}","{""detection_events"":9616,""detectors_checked"":9863168}"
         8,         2,         0,   0.415,exact_mw,44a30ed6f1c17712a1e48498787ed849716b01ee0859fb371aa1a98cce5f11ec,"{""distance"":7,""physical_error_rate"":0.05}","{""detection_events"":866,""detectors_checked"":4816,""obs_mistake_mask=E"":2}"
       128,         0,         0,   0.897,exact_mw,ca91ffa42463e210e189f165a9a4cbcfd1773a75ca815ff24a9009c31e62d8d0,"{""distance"":7,""physical_error_rate"":0.002}","{""detection_events"":806,""detectors_checked"":77056}"
      1024,         0,         0,   0.962,exact_mw,7acd59d404317421b37957afea3f5c66f33c9ef46579a47fd7c0ca3dd0dfc735,"{""distance"":7,""physical_error_rate"":0.001}","{""detection_events"":2871,""detectors_checked"":616448}"
        16,         1,         0,   0.682,exact_mw,1f0c41bfbbc8ec35ff1484b2be036ef48716a49dcf1cc37e155a3f5819690eee,"{""distance"":7,""physical_error_rate"":0.02}","{""detection_events"":904,""detectors_checked"":9632,""obs_mistake_mask=E"":1}"
         8,         3,         0,   0.395,exact_mw,44a30ed6f1c17712a1e48498787ed849716b01ee0859fb371aa1a98cce5f11ec,"{""distance"":7,""physical_error_rate"":0.05}","{""detection_events"":928,""detectors_checked"":4816,""obs_mistake_mask=E"":3}"
         8,         2,         0,   0.398,exact_mw,1f0c41bfbbc8ec35ff1484b2be036ef48716a49dcf1cc37e155a3f5819690eee,"{""distance"":7,""physical_error_rate"":0.02}","{""detection_events"":414,""detectors_checked"":4816,""obs_mistake_mask=E"":2}"
         8,         4,         0,   0.420,exact_mw,104e95c9c5c26aa16a540527dd1100b1154b7e08e6a11bc0dc85c4e500a5f349,"{""distance"":7,""physical_error_rate"":0.1}","{""detection_events"":1366,""detectors_checked"":4816,""obs_mistake_mask=E"":4}"
         8,         2,         0,   0.404,exact_mw,44a30ed6f1c17712a1e48498787ed849716b01ee0859fb371aa1a98cce5f11ec,"{""distance"":7,""physical_error_rate"":0.05}","{""detection_events"":855,""detectors_checked"":4816,""obs_mistake_mask=E"":2}"
         8,         2,         0,   0.400,exact_mw,44a30ed6f1c17712a1e48498787ed849716b01ee0859fb371aa1a98cce5f11ec,"{""distance"":7,""physical_error_rate"":0.05}","{""detection_events"":833,""detectors_checked"":4816,""obs_mistake_mask=E"":2}"
         8,         0,         0,   0.360,exact_mw,1f0c41bfbbc8ec35ff1484b2be036ef48716a49dcf1cc37e155a3f5819690eee,"{""distance"":7,""physical_error_rate"":0.02}","{""detection_events"":437,""detectors_checked"":4816}"
       256,         0,         0,    1.13,exact_mw,ca91ffa42463e210e189f165a9a4cbcfd1773a75ca815ff24a9009c31e62d8d0,"{""distance"":7,""physical_error_rate"":0.002}","{""detection_events"":1509,""detectors_checked"":154112}"
        32,         0,         0,   0.759,exact_mw,0a198d80e37665dd6f23c481ef1c601566b502223b7ce5d7a38dc87c0be91af9,"{""distance"":7,""physical_error_rate"":0.005}","{""detection_events"":463,""detectors_checked"":19264}"
         1,         0,         0,   0.019,exact_mw,0a198d80e37665dd6f23c481ef1c601566b502223b7ce5d7a38dc87c0be91af9,"{""distance"":7,""physical_error_rate"":0.005}","{""detection_events"":14,""detectors_checked"":602}"
     17408,         0,         0,   0.773,exact_mw,f5ed540d8b33fe7a17a96c57e6e367075413a3677864b79373445f6bf89adea1,"{""distance"":7,""physical_error_rate"":0.0002}","{""detection_events"":10238,""detectors_checked"":10479616}"
         8,         2,         0,   0.480,exact_mw,104e95c9c5c26aa16a540527dd1100b1154b7e08e6a11bc0dc85c4e500a5f349,"{""distance"":7,""physical_error_rate"":0.1}","{""detection_events"":1387,""detectors_checked"":4816,""obs_mistake_mask=E"":2}"
        16,         0,         0,   0.708,exact_mw,1f0c41bfbbc8ec35ff1484b2be036ef48716a49dcf1cc37e155a3f5819690eee,"{""distance"":7,""physical_error_rate"":0.02}","{""detection_events"":866,""detectors_checked"":9632}"
         8,         1,         0,   0.439,exact_mw,44a30ed6f1c17712a1e48498787ed849716b01ee0859fb371aa1a98cce5f11ec,"{""distance"":7,""physical_error_rate"":0.05}","{""detection_events"":862,""detectors_checked"":4816,""obs_mistake_mask=E"":1}"
         8,         1,         0,   0.388,exact_mw,44a30ed6f1c17712a1e48498787ed849716b01ee0859fb371aa1a98cce5f11ec,"{""distance"":7,""physical_error_rate"":0.05}","{""detection_events"":895,""detectors_checked"":4816,""obs_mistake_mask=E"":1}"
       128,         0,         0,   0.946,exact_mw,ca91ffa42463e210e189f165a9a4cbcfd1773a75ca815ff24a9009c31e62d8d0,"{""distance"":7,""physical_error_rate"":0.002}","{""detection_events"":749,""detectors_checked"":77056}"
         8,         1,         0,   0.350,exact_mw,1f0c41bfbbc8ec35ff1484b2be036ef48716a49dcf1cc37e155a3f5819690eee,"{""distance"":7,""physical_error_rate"":0.02}","{""detection_events"":419,""detectors_checked"":4816,""obs_mistake_mask=E"":1}"
        16,         0,         0,   0.363,exact_mw,0a198d80e37665dd6f23c481ef1c601566b502223b7ce5d7a38dc87c0be91af9,"{""distance"":7,""physical_error_rate"":0.005}","{""detection_events"":238,""detectors_checked"":9632}"
        32,         0,         0,   0.486,exact_mw,0a198d80e37665dd6f23c481ef1c601566b502223b7ce5d7a38dc87c0be91af9,"{""distance"":7,""physical_error_rate"":0.005}","{""detection_events"":464,""detectors_checked"":19264}"
         8,         3,         0,   0.410,exact_mw,104e95c9c5c26aa16a540527dd1100b1154b7e08e6a11bc0dc85c4e500a5f349,"{""distance"":7,""physical_error_rate"":0.1}","{""detection_events"":1440,""detectors_checked"":4816,""obs_mistake_mask=E"":3}"
         8,         3,         0,   0.406,exact_mw,44a30ed6f1c17712a1e48498787ed849716b01ee0859fb371aa1a98cce5f11ec,"{""distance"":7,""physical_error_rate"":0.05}","{""detection_events"":777,""detectors_checked"":4816,""obs_mistake_mask=E"":3}"
         8,         0,         0,   0.350,exact_mw,1f0c41bfbbc8ec35ff1484b2be036ef48716a49dcf1cc37e155a3f5819690eee,"{""distance"":7,""physical_error_rate"":0.02}","{""detection_events"":357,""detectors_checked"":4816}"
         8,         2,         0,   0.460,exact_mw,44a30ed6f1c17712a1e48498787ed849716b01ee0859fb371aa1a98cce5f11ec,"{""distance"":7,""physical_error_rate"":0.05}","{""detection_events"":872,""detectors_checked"":4816,""obs_mistake_mask=E"":2}"
        16,         0,         0,   0.301,exact_mw,0a198d80e37665dd6f23c481ef1c601566b502223b7ce5d7a38dc87c0be91af9,"{""distance"":7,""physical_error_rate"":0.005}","{""detection_events"":190,""detectors_checked"":9632}"
      1024,         0,         0,    1.33,exact_mw,7acd59d404317421b37957afea3f5c66f33c9ef46579a47fd7c0ca3dd0dfc735,"{""distance"":7,""physical_error_rate"":0.001}","{""detection_events"":3157,""detectors_checked"":616448}"
        16,         1,         0,   0.710,exact_mw,1f0c41bfbbc8ec35ff1484b2be036ef48716a49dcf1cc37e155a3f5819690eee,"{""distance"":7,""physical_error_rate"":0.02}","{""detection_events"":876,""detectors_checked"":9632,""obs_mistake_mask=E"":1}"
      1297,         0,         0,   0.012,exact_mw,d5491e2f66b0c830b41b0168451c8818c583b15508c9bf9282dc8e7a6cb6bd3f,"{""distance"":7,""physical_error_rate"":0.0001}","{""detection_events"":346,""detectors_checked"":780794}"
      1024,         0,         0,   0.007,exact_mw,d5491e2f66b0c830b41b0168451c8818c583b15508c9bf9282dc8e7a6cb6bd3f,"{""distance"":7,""physical_error_rate"":0.0001}","{""detection_events"":273,""detectors_checked"":616448}"
      1024,         0,         0,   0.007,exact_mw,d5491e2f66b0c830b41b0168451c8818c583b15508c9bf9282dc8e7a6cb6bd3f,"{""distance"":7,""physical_error_rate"":0.0001}","{""detection_events"":317,""detectors_checked"":616448}"
      2048,         0,         0,   0.029,exact_mw,d5491e2f66b0c830b41b0168451c8818c583b15508c9bf9282dc8e7a6cb6bd3f,"{""distance"":7,""physical_error_rate"":0.0001}","{""detection_events"":603,""detectors_checked"":1232896}"
        32,         0,         0,   0.502,exact_mw,0a198d80e37665dd6f23c481ef1c601566b502223b7ce5d7a38dc87c0be91af9,"{""distance"":7,""physical_error_rate"":0.005}","{""detection_events"":360,""detectors_checked"":19264}"
        16,         0,         0,   0.274,exact_mw,0a198d80e37665dd6f23c481ef1c601566b502223b7ce5d7a38dc87c0be91af9,"{""distance"":7,""physical_error_rate"":0.005}","{""detection_events"":203,""detectors_checked"":9632}"
         8,         0,         0,   0.334,exact_mw,1f0c41bfbbc8ec35ff1484b2be036ef48716a49dcf1cc37e155a3f5819690eee,"{""distance"":7,""physical_error_rate"":0.02}","{""detection_events"":411,""detectors_checked"":4816}"
      4096,         0,         0,   0.050,exact_mw,d5491e2f66b0c830b41b0168451c8818c583b15508c9bf9282dc8e7a6cb6bd3f,"{""distance"":7,""physical_error_rate"":0.0001}","{""detection_events"":1241,""detectors_checked"":2465792}"
         8,         1,         0,   0.422,exact_mw,44a30ed6f1c17712a1e48498787ed849716b01ee0859fb371aa1a98cce5f11ec,"{""distance"":7,""physical_error_rate"":0.05}","{""detection_events"":880,""detectors_checked"":4816,""obs_mistake_mask=E"":1}"
         8,         4,         0,   0.556,exact_mw,104e95c9c5c26aa16a540527dd1100b1154b7e08e6a11bc0dc85c4e500a5f349,"{""distance"":7,""physical_error_rate"":0.1}","{""detection_events"":1337,""detectors_checked"":4816,""obs_mistake_mask=E"":4}"
      2048,         0,         0,   0.058,exact_mw,d5491e2f66b0c830b41b0168451c8818c583b15508c9bf9282dc8e7a6cb6bd3f,"{""distance"":7,""physical_error_rate"":0.0001}","{""detection_events"":648,""detectors_checked"":1232896}"
         8,         2,         0,   0.420,exact_mw,44a30ed6f1c17712a1e48498787ed849716b01ee0859fb371aa1a98cce5f11ec,"{""distance"":7,""physical_error_rate"":0.05}","{""detection_events"":896,""detectors_checked"":4816,""obs_mistake_mask=E"":2}"
      7168,         0,         0,   0.095,exact_mw,d5491e2f66b0c830b41b0168451c8818c583b15508c9bf9282dc8e7a6cb6bd3f,"{""distance"":7,""physical_error_rate"":0.0001}","{""detection_events"":2267,""detectors_checked"":4315136}"
     26624,         0,         0,    1.12,exact_mw,f5ed540d8b33fe7a17a96c57e6e367075413a3677864b79373445f6bf89adea1,"{""distance"":7,""physical_error_rate"":0.0002}","{""detection_events"":15754,""detectors_checked"":16027648}"
      7168,         0,         0,   0.104,exact_mw,d5491e2f66b0c830b41b0168451c8818c583b15508c9bf9282dc8e7a6cb6bd3f,"{""distance"":7,""physical_error_rate"":0.0001}","{""detection_events"":2141,""detectors_checked"":4315136}"
     11264,         0,         0,   0.151,exact_mw,d5491e2f66b0c830b41b0168451c8818c583b15508c9bf9282dc8e7a6cb6bd3f,"{""distance"":7,""physical_error_rate"":0.0001}","{""detection_events"":3208,""detectors_checked"":6780928}"
         8,         1,         0,   0.386,exact_mw,44a30ed6f1c17712a1e48498787ed849716b01ee0859fb371aa1a98cce5f11ec,"{""distance"":7,""physical_error_rate"":0.05}","{""detection_events"":906,""detectors_checked"":4816,""obs_mistake_mask=E"":1}"
         1,         0,         0,   0.052,exact_mw,104e95c9c5c26aa16a540527dd1100b1154b7e08e6a11bc0dc85c4e500a5f349,"{""distance"":7,""physical_error_rate"":0.1}","{""detection_events"":175,""detectors_checked"":602}"
       256,         0,         0,    1.53,exact_mw,ca91ffa42463e210e189f165a9a4cbcfd1773a75ca815ff24a9009c31e62d8d0,"{""distance"":7,""physical_error_rate"":0.002}","{""detection_events"":1568,""detectors_checked"":154112}"
         8,         5,         0,   0.453,exact_mw,44a30ed6f1c17712a1e48498787ed849716b01ee0859fb371aa1a98cce5f11ec,"{""distance"":7,""physical_error_rate"":0.05}","{""detection_events"":897,""detectors_checked"":4816,""obs_mistake_mask=E"":5}"
        16,         0,         0,   0.736,exact_mw,1f0c41bfbbc8ec35ff1484b2be036ef48716a49dcf1cc37e155a3f5819690eee,"{""distance"":7,""physical_error_rate"":0.02}","{""detection_events"":835,""detectors_checked"":9632}"
        32,         0,         0,   0.601,exact_mw,0a198d80e37665dd6f23c481ef1c601566b502223b7ce5d7a38dc87c0be91af9,"{""distance"":7,""physical_error_rate"":0.005}","{""detection_events"":454,""detectors_checked"":19264}"
        32,         0,         0,   0.661,exact_mw,0a198d80e37665dd6f23c481ef1c601566b502223b7ce5d7a38dc87c0be91af9,"{""distance"":7,""physical_error_rate"":0.005}","{""detection_events"":463,""detectors_checked"":19264}"
         8,         2,         0,   0.561,exact_mw,104e95c9c5c26aa16a540527dd1100b1154b7e08e6a11bc0dc85c4e500a5f349,"{""distance"":7,""physical_error_rate"":0.1}","{""detection_events"":1409,""detectors_checked"":4816,""obs_mistake_mask=E"":2}"
     14336,         0,         0,   0.210,exact_mw,d5491e2f66b0c830b41b0168451c8818c583b15508c9bf9282dc8e7a6cb6bd3f,"{""distance"":7,""physical_error_rate"":0.0001}","{""detection_events"":4214,""detectors_checked"":8630272}"
       128,         0,         0,    1.40,exact_mw,ca91ffa42463e210e189f165a9a4cbcfd1773a75ca815ff24a9009c31e62d8d0,"{""distance"":7,""physical_error_rate"":0.002}","{""detection_events"":799,""detectors_checked"":77056}"
         8,         1,         0,   0.419,exact_mw,104e95c9c5c26aa16a540527dd1100b1154b7e08e6a11bc0dc85c4e500a5f349,"{""distance"":7,""physical_error_rate"":0.1}","{""detection_events"":1446,""detectors_checked"":4816,""obs_mistake_mask=E"":1}"
         8,         3,         0,   0.404,exact_mw,44a30ed6f1c17712a1e48498787ed849716b01ee0859fb371aa1a98cce5f11ec,"{""distance"":7,""physical_error_rate"":0.05}","{""detection_events"":879,""detectors_checked"":4816,""obs_mistake_mask=E"":3}"
     22528,         0,         0,   0.293,exact_mw,d5491e2f66b0c830b41b0168451c8818c583b15508c9bf9282dc8e7a6cb6bd3f,"{""distance"":7,""physical_error_rate"":0.0001}","{""detection_events"":6571,""detectors_checked"":13561856}"
         8,         3,         0,   0.495,exact_mw,44a30ed6f1c17712a1e48498787ed849716b01ee0859fb371aa1a98cce5f11ec,"{""distance"":7,""physical_error_rate"":0.05}","{""detection_events"":983,""detectors_checked"":4816,""obs_mistake_mask=E"":3}"
        24,         2,         0,    1.05,exact_mw,1f0c41bfbbc8ec35ff1484b2be036ef48716a49dcf1cc37e155a3f5819690eee,"{""distance"":7,""physical_error_rate"":0.02}","{""detection_events"":1207,""detectors_checked"":14448,""obs_mistake_mask=E"":2}"
        64,         0,         0,   0.389,exact_mw,ca91ffa42463e210e189f165a9a4cbcfd1773a75ca815ff24a9009c31e62d8d0,"{""distance"":7,""physical_error_rate"":0.002}","{""detection_events"":404,""detectors_checked"":38528}"
         8,         5,         0,   0.468,exact_mw,104e95c9c5c26aa16a540527dd1100b1154b7e08e6a11bc0dc85c4e500a5f349,"{""distance"":7,""physical_error_rate"":0.1}","{""detection_events"":1323,""detectors_checked"":4816,""obs_mistake_mask=E"":5}"
         1,         0,         0,   0.011,exact_mw,0a198d80e37665dd6f23c481ef1c601566b502223b7ce5d7a38dc87c0be91af9,"{""distance"":7,""physical_error_rate"":0.005}","{""detection_events"":11,""detectors_checked"":602}"
      1536,         0,         0,    1.46,exact_mw,7acd59d404317421b37957afea3f5c66f33c9ef46579a47fd7c0ca3dd0dfc735,"{""distance"":7,""physical_error_rate"":0.001}","{""detection_events"":4515,""detectors_checked"":924672}"
        64,         0,         0,   0.149,exact_mw,ca91ffa42463e210e189f165a9a4cbcfd1773a75ca815ff24a9009c31e62d8d0,"{""distance"":7,""physical_error_rate"":0.002}","{""detection_events"":372,""detectors_checked"":38528}"
       128,         0,         0,   0.752,exact_mw,ca91ffa42463e210e189f165a9a4cbcfd1773a75ca815ff24a9009c31e62d8d0,"{""distance"":7,""physical_error_rate"":0.002}","{""detection_events"":756,""detectors_checked"":77056}"
        32,         0,         0,   0.625,exact_mw,0a198d80e37665dd6f23c481ef1c601566b502223b7ce5d7a38dc87c0be91af9,"{""distance"":7,""physical_error_rate"":0.005}","{""detection_events"":443,""detectors_checked"":19264}"
        16,         1,         0,   0.665,exact_mw,1f0c41bfbbc8ec35ff1484b2be036ef48716a49dcf1cc37e155a3f5819690eee,"{""distance"":7,""physical_error_rate"":0.02}","{""detection_events"":823,""detectors_checked"":9632,""obs_mistake_mask=E"":1}"
        32,         0,         0,   0.706,exact_mw,0a198d80e37665dd6f23c481ef1c601566b502223b7ce5d7a38dc87c0be91af9,"{""distance"":7,""physical_error_rate"":0.005}","{""detection_events"":426,""detectors_checked"":19264}"
         8,         1,         0,   0.387,exact_mw,44a30ed6f1c17712a1e48498787ed849716b01ee0859fb371aa1a98cce5f11ec,"{""distance"":7,""physical_error_rate"":0.05}","{""detection_events"":930,""detectors_checked"":4816,""obs_mistake_mask=E"":1}"
     19456,         0,         0,   0.395,exact_mw,d5491e2f66b0c830b41b0168451c8818c583b15508c9bf9282dc8e7a6cb6bd3f,"{""distance"":7,""physical_error_rate"":0.0001}","{""detection_events"":5903,""detectors_checked"":11712512}"
         1,         0,         0,   0.056,exact_mw,64e98f39d6e43472d1609d4d4a0f6c9fe4a6bcbdeed2edfe3967a999e171dbce,"{""distance"":7,""physical_error_rate"":0.5}","{""detection_events"":313,""detectors_checked"":602}"
         8,         2,         0,   0.436,exact_mw,44a30ed6f1c17712a1e48498787ed849716b01ee0859fb371aa1a98cce5f11ec,"{""distance"":7,""physical_error_rate"":0.05}","{""detection_events"":917,""detectors_checked"":4816,""obs_mistake_mask=E"":2}"
         8,         5,         0,   0.468,exact_mw,104e95c9c5c26aa16a540527dd1100b1154b7e08e6a11bc0dc85c4e500a5f349,"{""distance"":7,""physical_error_rate"":0.1}","{""detection_events"":1371,""detectors_checked"":4816,""obs_mistake_mask=E"":5}"
         1,         0,         0,   0.012,exact_mw,c34bb01325b9980f7caca1807bd93e7e28846c82b8c0538af034740e6e7d5106,"{""distance"":7,""physical_error_rate"":0.0005}","{""detectors_checked"":602}"
       272,         0,         0,   0.016,exact_mw,c34bb01325b9980f7caca1807bd93e7e28846c82b8c0538af034740e6e7d5106,"{""distance"":7,""physical_error_rate"":0.0005}","{""detection_events"":385,""detectors_checked"":163744}"
        16,         0,         0,   0.511,exact_mw,0a198d80e37665dd6f23c481ef1c601566b502223b7ce5d7a38dc87c0be91af9,"{""distance"":7,""physical_error_rate"":0.005}","{""detection_events"":263,""detectors_checked"":9632}"
         8,         4,         0,   0.837,exact_mw,104e95c9c5c26aa16a540527dd1100b1154b7e08e6a11bc0dc85c4e500a5f349,"{""distance"":7,""physical_error_rate"":0.1}","{""detection_events"":1420,""detectors_checked"":4816,""obs_mistake_mask=E"":4}"
       128,         0,         0,   0.514,exact_mw,ca91ffa42463e210e189f165a9a4cbcfd1773a75ca815ff24a9009c31e62d8d0,"{""distance"":7,""physical_error_rate"":0.002}","{""detection_events"":708,""detectors_checked"":77056}"
        16,         1,         0,   0.703,exact_mw,1f0c41bfbbc8ec35ff1484b2be036ef48716a49dcf1cc37e155a3f5819690eee,"{""distance"":7,""physical_error_rate"":0.02}","{""detection_events"":881,""detectors_checked"":9632,""obs_mistake_mask=E"":1}"
     56320,         0,         0,    1.53,exact_mw,f5ed540d8b33fe7a17a96c57e6e367075413a3677864b79373445f6bf89adea1,"{""distance"":7,""physical_error_rate"":0.0002}","{""detection_events"":33975,""detectors_checked"":33904640}"
        32,         0,         0,   0.517,exact_mw,0a198d80e37665dd6f23c481ef1c601566b502223b7ce5d7a38dc87c0be91af9,"{""distance"":7,""physical_error_rate"":0.005}","{""detection_events"":448,""detectors_checked"":19264}"
         8,         3,         0,   0.430,exact_mw,44a30ed6f1c17712a1e48498787ed849716b01ee0859fb371aa1a98cce5f11ec,"{""distance"":7,""physical_error_rate"":0.05}","{""detection_events"":869,""detectors_checked"":4816,""obs_mistake_mask=E"":3}"
         8,         3,         0,   0.410,exact_mw,64e98f39d6e43472d1609d4d4a0f6c9fe4a6bcbdeed2edfe3967a999e171dbce,"{""distance"":7,""physical_error_rate"":0.5}","{""detection_events"":2395,""detectors_checked"":4816,""obs_mistake_mask=E"":3}"
         8,         2,         0,   0.404,exact_mw,44a30ed6f1c17712a1e48498787ed849716b01ee0859fb371aa1a98cce5f11ec,"{""distance"":7,""physical_error_rate"":0.05}","{""detection_events"":898,""detectors_checked"":4816,""obs_mistake_mask=E"":2}"
         1,         0,         0,   0.002,exact_mw,d5491e2f66b0c830b41b0168451c8818c583b15508c9bf9282dc8e7a6cb6bd3f,"{""distance"":7,""physical_error_rate"":0.0001}","{""detectors_checked"":602}"
        32,         0,         0,   0.541,exact_mw,0a198d80e37665dd6f23c481ef1c601566b502223b7ce5d7a38dc87c0be91af9,"{""distance"":7,""physical_error_rate"":0.005}","{""detection_events"":415,""detectors_checked"":19264}"
      2320,         0,         0,   0.026,exact_mw,d5491e2f66b0c830b41b0168451c8818c583b15508c9bf9282dc8e7a6cb6bd3f,"{""distance"":7,""physical_error_rate"":0.0001}","{""detection_events"":707,""detectors_checked"":1396640}"
        16,         0,         0,   0.599,exact_mw,1f0c41bfbbc8ec35ff1484b2be036ef48716a49dcf1cc37e155a3f5819690eee,"{""distance"":7,""physical_error_rate"":0.02}","{""detection_events"":850,""detectors_checked"":9632}"
      2048,         0,         0,   0.027,exact_mw,d5491e2f66b0c830b41b0168451c8818c583b15508c9bf9282dc8e7a6cb6bd3f,"{""distance"":7,""physical_error_rate"":0.0001}","{""detection_events"":574,""detectors_checked"":1232896}"
      1024,         0,         0,   0.250,exact_mw,c34bb01325b9980f7caca1807bd93e7e28846c82b8c0538af034740e6e7d5106,"{""distance"":7,""physical_error_rate"":0.0005}","{""detection_events"":1527,""detectors_checked"":616448}"
      2048,         0,         0,   0.031,exact_mw,d5491e2f66b0c830b41b0168451c8818c583b15508c9bf9282dc8e7a6cb6bd3f,"{""distance"":7,""physical_error_rate"":0.0001}","{""detection_events"":672,""detectors_checked"":1232896}"
      3072,         0,         0,   0.047,exact_mw,d5491e2f66b0c830b41b0168451c8818c583b15508c9bf9282dc8e7a6cb6bd3f,"{""distance"":7,""physical_error_rate"":0.0001}","{""detection_events"":988,""detectors_checked"":1849344}"
         1,         0,         0,   0.001,exact_mw,d5491e2f66b0c830b41b0168451c8818c583b15508c9bf9282dc8e7a6cb6bd3f,"{""distance"":7,""physical_error_rate"":0.0001}","{""detectors_checked"":602}"
     15360,         0,         0,   0.576,exact_mw,d5491e2f66b0c830b41b0168451c8818c583b15508c9bf9282dc8e7a6cb6bd3f,"{""distance"":7,""physical_error_rate"":0.0001}","{""detection_events"":4470,""detectors_checked"":9246720}"
      1296,         0,         0,   0.014,exact_mw,d5491e2f66b0c830b41b0168451c8818c583b15508c9bf9282dc8e7a6cb6bd3f,"{""distance"":7,""physical_error_rate"":0.0001}","{""detection_events"":368,""detectors_checked"":780192}"
         8,         3,         0,   0.420,exact_mw,104e95c9c5c26aa16a540527dd1100b1154b7e08e6a11bc0dc85c4e500a5f349,"{""distance"":7,""physical_error_rate"":0.1}","{""detection_events"":1382,""detectors_checked"":4816,""obs_mistake_mask=E"":3}"
      4096,         0,         0,   0.058,exact_mw,d5491e2f66b0c830b41b0168451c8818c583b15508c9bf9282dc8e7a6cb6bd3f,"{""distance"":7,""physical_error_rate"":0.0001}","{""detection_events"":1246,""detectors_checked"":2465792}"
         1,         0,         0,   0.029,exact_mw,2e54b5982e286509c94a8bc96d1d6e54082c27eed948d684125948784bc20414,"{""distance"":7,""physical_error_rate"":0.01}","{""detection_events"":33,""detectors_checked"":602}"
      2048,         0,         0,   0.043,exact_mw,d5491e2f66b0c830b41b0168451c8818c583b15508c9bf9282dc8e7a6cb6bd3f,"{""distance"":7,""physical_error_rate"":0.0001}","{""detection_events"":648,""detectors_checked"":1232896}"
      2048,         0,         0,   0.022,exact_mw,d5491e2f66b0c830b41b0168451c8818c583b15508c9bf9282dc8e7a6cb6bd3f,"{""distance"":7,""physical_error_rate"":0.0001}","{""detection_events"":621,""detectors_checked"":1232896}"
      4096,         0,         0,   0.062,exact_mw,d5491e2f66b0c830b41b0168451c8818c583b15508c9bf9282dc8e7a6cb6bd3f,"{""distance"":7,""physical_error_rate"":0.0001}","{""detection_events"":1342,""detectors_checked"":2465792}"
        16,         0,         0,   0.428,exact_mw,0a198d80e37665dd6f23c481ef1c601566b502223b7ce5d7a38dc87c0be91af9,"{""distance"":7,""physical_error_rate"":0.005}","{""detection_events"":250,""detectors_checked"":9632}"
       256,         0,         0,   0.894,exact_mw,ca91ffa42463e210e189f165a9a4cbcfd1773a75ca815ff24a9009c31e62d8d0,"{""distance"":7,""physical_error_rate"":0.002}","{""detection_events"":1541,""detectors_checked"":154112}"
      2048,         0,         0,   0.049,exact_mw,d5491e2f66b0c830b41b0168451c8818c583b15508c9bf9282dc8e7a6cb6bd3f,"{""distance"":7,""physical_error_rate"":0.0001}","{""detection_events"":626,""detectors_checked"":1232896}"
      2048,         0,         0,   0.056,exact_mw,d5491e2f66b0c830b41b0168451c8818c583b15508c9bf9282dc8e7a6cb6bd3f,"{""distance"":7,""physical_error_rate"":0.0001}","{""detection_events"":608,""detectors_checked"":1232896}"
      1024,         0,         0,   0.294,exact_mw,c34bb01325b9980f7caca1807bd93e7e28846c82b8c0538af034740e6e7d5106,"{""distance"":7,""physical_error_rate"":0.0005}","{""detection_events"":1716,""detectors_checked"":616448}"
      7168,         0,         0,   0.115,exact_mw,d5491e2f66b0c830b41b0168451c8818c583b15508c9bf9282dc8e7a6cb6bd3f,"{""distance"":7,""physical_error_rate"":0.0001}","{""detection_events"":2073,""detectors_checked"":4315136}"
        32,         0,         0,   0.445,exact_mw,0a198d80e37665dd6f23c481ef1c601566b502223b7ce5d7a38dc87c0be91af9,"{""distance"":7,""physical_error_rate"":0.005}","{""detection_events"":422,""detectors_checked"":19264}"
      4096,         0,         0,   0.109,exact_mw,d5491e2f66b0c830b41b0168451c8818c583b15508c9bf9282dc8e7a6cb6bd3f,"{""distance"":7,""physical_error_rate"":0.0001}","{""detection_events"":1292,""detectors_checked"":2465792}"
        32,         0,         0,   0.454,exact_mw,0a198d80e37665dd6f23c481ef1c601566b502223b7ce5d7a38dc87c0be91af9,"{""distance"":7,""physical_error_rate"":0.005}","{""detection_events"":423,""detectors_checked"":19264}"
         8,         1,         0,   0.528,exact_mw,64e98f39d6e43472d1609d4d4a0f6c9fe4a6bcbdeed2edfe3967a999e171dbce,"{""distance"":7,""physical_error_rate"":0.5}","{""detection_events"":2368,""detectors_checked"":4816,""obs_mistake_mask=E"":1}"
      1024,         0,         0,   0.134,exact_mw,c34bb01325b9980f7caca1807bd93e7e28846c82b8c0538af034740e6e7d5106,"{""distance"":7,""physical_error_rate"":0.0005}","{""detection_events"":1459,""detectors_checked"":616448}"
       128,         0,         0,   0.619,exact_mw,ca91ffa42463e210e189f165a9a4cbcfd1773a75ca815ff24a9009c31e62d8d0,"{""distance"":7,""physical_error_rate"":0.002}","{""detection_events"":700,""detectors_checked"":77056}"
     11264,         0,         0,   0.163,exact_mw,d5491e2f66b0c830b41b0168451c8818c583b15508c9bf9282dc8e7a6cb6bd3f,"{""distance"":7,""physical_error_rate"":0.0001}","{""detection_events"":3402,""detectors_checked"":6780928}"
      8192,         0,         0,   0.120,exact_mw,d5491e2f66b0c830b41b0168451c8818c583b15508c9bf9282dc8e7a6cb6bd3f,"{""distance"":7,""physical_error_rate"":0.0001}","{""detection_events"":2445,""detectors_checked"":4931584}"
        16,         0,         0,   0.417,exact_mw,2e54b5982e286509c94a8bc96d1d6e54082c27eed948d684125948784bc20414,"{""distance"":7,""physical_error_rate"":0.01}","{""detection_events"":413,""detectors_checked"":9632}"
         1,         0,         0,   0.010,exact_mw,2e54b5982e286509c94a8bc96d1d6e54082c27eed948d684125948784bc20414,"{""distance"":7,""physical_error_rate"":0.01}","{""detection_events"":3,""detectors_checked"":602}"
      1024,         0,         0,   0.146,exact_mw,c34bb01325b9980f7caca1807bd93e7e28846c82b8c0538af034740e6e7d5106,"{""distance"":7,""physical_error_rate"":0.0005}","{""detection_events"":1479,""detectors_checked"":616448}"
        16,         0,         0,   0.411,exact_mw,0a198d80e37665dd6f23c481ef1c601566b502223b7ce5d7a38dc87c0be91af9,"{""distance"":7,""physical_error_rate"":0.005}","{""detection_events"":232,""detectors_checked"":9632}"
         8,         3,         0,   0.534,exact_mw,104e95c9c5c26aa16a540527dd1100b1154b7e08e6a11bc0dc85c4e500a5f349,"{""distance"":7,""physical_error_rate"":0.1}","{""detection_events"":1402,""detectors_checked"":4816,""obs_mistake_mask=E"":3}"
     10240,         0,         0,   0.162,exact_mw,d5491e2f66b0c830b41b0168451c8818c583b15508c9bf9282dc8e7a6cb6bd3f,"{""distance"":7,""physical_error_rate"":0.0001}","{""detection_events"":3176,""detectors_checked"":6164480}"
        16,         7,         0,   0.803,exact_mw,44a30ed6f1c17712a1e48498787ed849716b01ee0859fb371aa1a98cce5f11ec,"{""distance"":7,""physical_error_rate"":0.05}","{""detection_events"":1728,""detectors_checked"":9632,""obs_mistake_mask=E"":7}"
        16,         3,         0,   0.768,exact_mw,44a30ed6f1c17712a1e48498787ed849716b01ee0859fb371aa1a98cce5f11ec,"{""distance"":7,""physical_error_rate"":0.05}","{""detection_events"":1783,""detectors_checked"":9632,""obs_mistake_mask=E"":3}"
        16,         0,         0,   0.730,exact_mw,1f0c41bfbbc8ec35ff1484b2be036ef48716a49dcf1cc37e155a3f5819690eee,"{""distance"":7,""physical_error_rate"":0.02}","{""detection_events"":924,""detectors_checked"":9632}"
         1,         0,         0,   0.037,exact_mw,1f0c41bfbbc8ec35ff1484b2be036ef48716a49dcf1cc37e155a3f5819690eee,"{""distance"":7,""physical_error_rate"":0.02}","{""detection_events"":57,""detectors_checked"":602}"
     15360,         0,         0,   0.212,exact_mw,d5491e2f66b0c830b41b0168451c8818c583b15508c9bf9282dc8e7a6cb6bd3f,"{""distance"":7,""physical_error_rate"":0.0001}","{""detection_events"":4528,""detectors_checked"":9246720}"
      1024,         0,         0,   0.225,exact_mw,c34bb01325b9980f7caca1807bd93e7e28846c82b8c0538af034740e6e7d5106,"{""distance"":7,""physical_error_rate"":0.0005}","{""detection_events"":1507,""detectors_checked"":616448}"
         1,         0,         0,   0.010,exact_mw,f7d5d61828a7d0145c65811496ba49aa9633daaed59c6883f51143c3b878094e,"{""distance"":7,""physical_error_rate"":5e-05}","{""detectors_checked"":602}"
      1296,         0,         0,   0.023,exact_mw,f7d5d61828a7d0145c65811496ba49aa9633daaed59c6883f51143c3b878094e,"{""distance"":7,""physical_error_rate"":5e-05}","{""detection_events"":165,""detectors_checked"":780192}"
     13312,         0,         0,   0.209,exact_mw,d5491e2f66b0c830b41b0168451c8818c583b15508c9bf9282dc8e7a6cb6bd3f,"{""distance"":7,""physical_error_rate"":0.0001}","{""detection_events"":3995,""detectors_checked"":8013824}"
     18432,         0,         0,   0.808,exact_mw,d5491e2f66b0c830b41b0168451c8818c583b15508c9bf9282dc8e7a6cb6bd3f,"{""distance"":7,""physical_error_rate"":0.0001}","{""detection_events"":5295,""detectors_checked"":11096064}"
        32,         0,         0,   0.573,exact_mw,0a198d80e37665dd6f23c481ef1c601566b502223b7ce5d7a38dc87c0be91af9,"{""distance"":7,""physical_error_rate"":0.005}","{""detection_events"":382,""detectors_checked"":19264}"
      2048,         0,         0,   0.044,exact_mw,f7d5d61828a7d0145c65811496ba49aa9633daaed59c6883f51143c3b878094e,"{""distance"":7,""physical_error_rate"":5e-05}","{""detection_events"":278,""detectors_checked"":1232896}"
      2048,         0,         0,   0.033,exact_mw,f7d5d61828a7d0145c65811496ba49aa9633daaed59c6883f51143c3b878094e,"{""distance"":7,""physical_error_rate"":5e-05}","{""detection_events"":372,""detectors_checked"":1232896}"
      1024,         0,         0,   0.129,exact_mw,c34bb01325b9980f7caca1807bd93e7e28846c82b8c0538af034740e6e7d5106,"{""distance"":7,""physical_error_rate"":0.0005}","{""detection_events"":1686,""detectors_checked"":616448}"
         8,         6,         0,   0.531,exact_mw,64e98f39d6e43472d1609d4d4a0f6c9fe4a6bcbdeed2edfe3967a999e171dbce,"{""distance"":7,""physical_error_rate"":0.5}","{""detection_events"":2508,""detectors_checked"":4816,""obs_mistake_mask=E"":6}"
      2048,         0,         0,   0.033,exact_mw,f7d5d61828a7d0145c65811496ba49aa9633daaed59c6883f51143c3b878094e,"{""distance"":7,""physical_error_rate"":5e-05}","{""detection_events"":351,""detectors_checked"":1232896}"
     19456,         0,         0,   0.293,exact_mw,d5491e2f66b0c830b41b0168451c8818c583b15508c9bf9282dc8e7a6cb6bd3f,"{""distance"":7,""physical_error_rate"":0.0001}","{""detection_events"":5645,""detectors_checked"":11712512}"
        16,         0,         0,   0.478,exact_mw,2e54b5982e286509c94a8bc96d1d6e54082c27eed948d684125948784bc20414,"{""distance"":7,""physical_error_rate"":0.01}","{""detection_events"":456,""detectors_checked"":9632}"
      3072,         0,         0,   0.077,exact_mw,f7d5d61828a7d0145c65811496ba49aa9633daaed59c6883f51143c3b878094e,"{""distance"":7,""physical_error_rate"":5e-05}","{""detection_events"":397,""detectors_checked"":1849344}"
        32,         0,         0,   0.717,exact_mw,0a198d80e37665dd6f23c481ef1c601566b502223b7ce5d7a38dc87c0be91af9,"{""distance"":7,""physical_error_rate"":0.005}","{""detection_events"":517,""detectors_checked"":19264}"
         8,         5,         0,   0.527,exact_mw,104e95c9c5c26aa16a540527dd1100b1154b7e08e6a11bc0dc85c4e500a5f349,"{""distance"":7,""physical_error_rate"":0.1}","{""detection_events"":1453,""detectors_checked"":4816,""obs_mistake_mask=E"":5}"
      4096,         0,         0,   0.084,exact_mw,f7d5d61828a7d0145c65811496ba49aa9633daaed59c6883f51143c3b878094e,"{""distance"":7,""physical_error_rate"":5e-05}","{""detection_events"":690,""detectors_checked"":2465792}"
     18432,         0,         0,   0.292,exact_mw,d5491e2f66b0c830b41b0168451c8818c583b15508c9bf9282dc8e7a6cb6bd3f,"{""distance"":7,""physical_error_rate"":0.0001}","{""detection_events"":5539,""detectors_checked"":11096064}"
         8,         3,         0,    1.35,exact_mw,104e95c9c5c26aa16a540527dd1100b1154b7e08e6a11bc0dc85c4e500a5f349,"{""distance"":7,""physical_error_rate"":0.1}","{""detection_events"":1442,""detectors_checked"":4816,""obs_mistake_mask=E"":3}"
        32,         1,         0,    1.36,exact_mw,1f0c41bfbbc8ec35ff1484b2be036ef48716a49dcf1cc37e155a3f5819690eee,"{""distance"":7,""physical_error_rate"":0.02}","{""detection_events"":1756,""detectors_checked"":19264,""obs_mistake_mask=E"":1}"
        16,         0,         0,   0.614,exact_mw,0a198d80e37665dd6f23c481ef1c601566b502223b7ce5d7a38dc87c0be91af9,"{""distance"":7,""physical_error_rate"":0.005}","{""detection_events"":192,""detectors_checked"":9632}"
       128,         0,         0,   0.788,exact_mw,ca91ffa42463e210e189f165a9a4cbcfd1773a75ca815ff24a9009c31e62d8d0,"{""distance"":7,""physical_error_rate"":0.002}","{""detection_events"":797,""detectors_checked"":77056}"
      5120,         0,         0,   0.117,exact_mw,f7d5d61828a7d0145c65811496ba49aa9633daaed59c6883f51143c3b878094e,"{""distance"":7,""physical_error_rate"":5e-05}","{""detection_events"":746,""detectors_checked"":3082240}"
         1,         1,         0,   0.094,exact_mw,104e95c9c5c26aa16a540527dd1100b1154b7e08e6a11bc0dc85c4e500a5f349,"{""distance"":7,""physical_error_rate"":0.1}","{""detection_events"":191,""detectors_checked"":602,""obs_mistake_mask=E"":1}"
        16,         0,         0,   0.739,exact_mw,2e54b5982e286509c94a8bc96d1d6e54082c27eed948d684125948784bc20414,"{""distance"":7,""physical_error_rate"":0.01}","{""detection_events"":493,""detectors_checked"":9632}"
      1297,         0,         0,   0.059,exact_mw,f5ed540d8b33fe7a17a96c57e6e367075413a3677864b79373445f6bf89adea1,"{""distance"":7,""physical_error_rate"":0.0002}","{""detection_events"":808,""detectors_checked"":780794}"
      2048,         0,         0,   0.410,exact_mw,c34bb01325b9980f7caca1807bd93e7e28846c82b8c0538af034740e6e7d5106,"{""distance"":7,""physical_error_rate"":0.0005}","{""detection_events"":3147,""detectors_checked"":1232896}"
      1024,         0,         0,   0.025,exact_mw,f5ed540d8b33fe7a17a96c57e6e367075413a3677864b79373445f6bf89adea1,"{""distance"":7,""physical_error_rate"":0.0002}","{""detection_events"":670,""detectors_checked"":616448}"
      1536,         0,         0,    2.16,exact_mw,7acd59d404317421b37957afea3f5c66f33c9ef46579a47fd7c0ca3dd0dfc735,"{""distance"":7,""physical_error_rate"":0.001}","{""detection_events"":4545,""detectors_checked"":924672}"
         4,         2,         0,   0.222,exact_mw,104e95c9c5c26aa16a540527dd1100b1154b7e08e6a11bc0dc85c4e500a5f349,"{""distance"":7,""physical_error_rate"":0.1}","{""detection_events"":701,""detectors_checked"":2408,""obs_mistake_mask=E"":2}"
     26624,         0,         0,   0.400,exact_mw,d5491e2f66b0c830b41b0168451c8818c583b15508c9bf9282dc8e7a6cb6bd3f,"{""distance"":7,""physical_error_rate"":0.0001}","{""detection_events"":7861,""detectors_checked"":16027648}"
         8,         5,         0,   0.463,exact_mw,64e98f39d6e43472d1609d4d4a0f6c9fe4a6bcbdeed2edfe3967a999e171dbce,"{""distance"":7,""physical_error_rate"":0.5}","{""detection_events"":2457,""detectors_checked"":4816,""obs_mistake_mask=E"":5}"
      8192,         0,         0,   0.166,exact_mw,f7d5d61828a7d0145c65811496ba49aa9633daaed59c6883f51143c3b878094e,"{""distance"":7,""physical_error_rate"":5e-05}","{""detection_events"":1175,""detectors_checked"":4931584}"
      1024,         0,         0,   0.056,exact_mw,f5ed540d8b33fe7a17a96c57e6e367075413a3677864b79373445f6bf89adea1,"{""distance"":7,""physical_error_rate"":0.0002}","{""detection_events"":677,""detectors_checked"":616448}"
      1024,         0,         0,   0.052,exact_mw,f5ed540d8b33fe7a17a96c57e6e367075413a3677864b79373445f6bf89adea1,"{""distance"":7,""physical_error_rate"":0.0002}","{""detection_events"":642,""detectors_checked"":616448}"
        16,         2,         0,   0.812,exact_mw,1f0c41bfbbc8ec35ff1484b2be036ef48716a49dcf1cc37e155a3f5819690eee,"{""distance"":7,""physical_error_rate"":0.02}","{""detection_events"":816,""detectors_checked"":9632,""obs_mistake_mask=E"":2}"
        16,         5,         0,   0.857,exact_mw,44a30ed6f1c17712a1e48498787ed849716b01ee0859fb371aa1a98cce5f11ec,"{""distance"":7,""physical_error_rate"":0.05}","{""detection_events"":1820,""detectors_checked"":9632,""obs_mistake_mask=E"":5}"
        16,         0,         0,   0.316,exact_mw,0a198d80e37665dd6f23c481ef1c601566b502223b7ce5d7a38dc87c0be91af9,"{""distance"":7,""physical_error_rate"":0.005}","{""detection_events"":209,""detectors_checked"":9632}"
         1,         0,         0,   0.013,exact_mw,f5ed540d8b33fe7a17a96c57e6e367075413a3677864b79373445f6bf89adea1,"{""distance"":7,""physical_error_rate"":0.0002}","{""detection_events"":6,""detectors_checked"":602}"
      1024,         0,         0,   0.077,exact_mw,f5ed540d8b33fe7a17a96c57e6e367075413a3677864b79373445f6bf89adea1,"{""distance"":7,""physical_error_rate"":0.0002}","{""detection_events"":669,""detectors_checked"":616448}"
     21504,         0,         0,   0.390,exact_mw,d5491e2f66b0c830b41b0168451c8818c583b15508c9bf9282dc8e7a6cb6bd3f,"{""distance"":7,""physical_error_rate"":0.0001}","{""detection_events"":6618,""detectors_checked"":12945408}"
        16,         0,         0,   0.544,exact_mw,2e54b5982e286509c94a8bc96d1d6e54082c27eed948d684125948784bc20414,"{""distance"":7,""physical_error_rate"":0.01}","{""detection_events"":473,""detectors_checked"":9632}"
        16,         5,         0,   0.902,exact_mw,44a30ed6f1c17712a1e48498787ed849716b01ee0859fb371aa1a98cce5f11ec,"{""distance"":7,""physical_error_rate"":0.05}","{""detection_events"":1713,""detectors_checked"":9632,""obs_mistake_mask=E"":5}"
        32,         0,         0,   0.712,exact_mw,0a198d80e37665dd6f23c481ef1c601566b502223b7ce5d7a38dc87c0be91af9,"{""distance"":7,""physical_error_rate"":0.005}","{""detection_events"":492,""detectors_checked"":19264}"
         4,         2,         0,   0.323,exact_mw,104e95c9c5c26aa16a540527dd1100b1154b7e08e6a11bc0dc85c4e500a5f349,"{""distance"":7,""physical_error_rate"":0.1}","{""detection_events"":699,""detectors_checked"":2408,""obs_mistake_mask=E"":2}"
         8,         4,         0,   0.464,exact_mw,104e95c9c5c26aa16a540527dd1100b1154b7e08e6a11bc0dc85c4e500a5f349,"{""distance"":7,""physical_error_rate"":0.1}","{""detection_events"":1423,""detectors_checked"":4816,""obs_mistake_mask=E"":4}"
      1296,         0,         0,   0.057,exact_mw,f5ed540d8b33fe7a17a96c57e6e367075413a3677864b79373445f6bf89adea1,"{""distance"":7,""physical_error_rate"":0.0002}","{""detection_events"":817,""detectors_checked"":780192}"
      2048,         0,         0,   0.059,exact_mw,f5ed540d8b33fe7a17a96c57e6e367075413a3677864b79373445f6bf89adea1,"{""distance"":7,""physical_error_rate"":0.0002}","{""detection_events"":1211,""detectors_checked"":1232896}"
        16,         2,         0,   0.921,exact_mw,1f0c41bfbbc8ec35ff1484b2be036ef48716a49dcf1cc37e155a3f5819690eee,"{""distance"":7,""physical_error_rate"":0.02}","{""detection_events"":766,""detectors_checked"":9632,""obs_mistake_mask=E"":2}"
     11264,         0,         0,   0.200,exact_mw,f7d5d61828a7d0145c65811496ba49aa9633daaed59c6883f51143c3b878094e,"{""distance"":7,""physical_error_rate"":5e-05}","{""detection_events"":1769,""detectors_checked"":6780928}"
      1024,         0,         0,   0.040,exact_mw,f5ed540d8b33fe7a17a96c57e6e367075413a3677864b79373445f6bf89adea1,"{""distance"":7,""physical_error_rate"":0.0002}","{""detection_events"":532,""detectors_checked"":616448}"
      2048,         0,         0,   0.288,exact_mw,c34bb01325b9980f7caca1807bd93e7e28846c82b8c0538af034740e6e7d5106,"{""distance"":7,""physical_error_rate"":0.0005}","{""detection_events"":2856,""detectors_checked"":1232896}"
      1024,         0,         0,   0.019,exact_mw,f5ed540d8b33fe7a17a96c57e6e367075413a3677864b79373445f6bf89adea1,"{""distance"":7,""physical_error_rate"":0.0002}","{""detection_events"":726,""detectors_checked"":616448}"
      2048,         0,         0,   0.077,exact_mw,f5ed540d8b33fe7a17a96c57e6e367075413a3677864b79373445f6bf89adea1,"{""distance"":7,""physical_error_rate"":0.0002}","{""detection_events"":1221,""detectors_checked"":1232896}"
        32,         0,         0,   0.590,exact_mw,0a198d80e37665dd6f23c481ef1c601566b502223b7ce5d7a38dc87c0be91af9,"{""distance"":7,""physical_error_rate"":0.005}","{""detection_events"":467,""detectors_checked"":19264}"
       256,         0,         0,    1.54,exact_mw,ca91ffa42463e210e189f165a9a4cbcfd1773a75ca815ff24a9009c31e62d8d0,"{""distance"":7,""physical_error_rate"":0.002}","{""detection_events"":1637,""detectors_checked"":154112}"
      2048,         0,         0,   0.042,exact_mw,f5ed540d8b33fe7a17a96c57e6e367075413a3677864b79373445f6bf89adea1,"{""distance"":7,""physical_error_rate"":0.0002}","{""detection_events"":1129,""detectors_checked"":1232896}"
         1,         0,         0,   0.001,exact_mw,ca91ffa42463e210e189f165a9a4cbcfd1773a75ca815ff24a9009c31e62d8d0,"{""distance"":7,""physical_error_rate"":0.002}","{""detection_events"":6,""detectors_checked"":602}"
         1,         0,         0,   0.049,exact_mw,7d00f1b687639e6070f8d0dea4f3a829a056f2a9a5be0f7c860aca0937915e3d,"{""distance"":7,""physical_error_rate"":0.2}","{""detection_events"":225,""detectors_checked"":602}"
      3072,         0,         0,   0.057,exact_mw,f5ed540d8b33fe7a17a96c57e6e367075413a3677864b79373445f6bf89adea1,"{""distance"":7,""physical_error_rate"":0.0002}","{""detection_events"":1777,""detectors_checked"":1849344}"
      3072,         0,         0,   0.109,exact_mw,f5ed540d8b33fe7a17a96c57e6e367075413a3677864b79373445f6bf89adea1,"{""distance"":7,""physical_error_rate"":0.0002}","{""detection_events"":1802,""detectors_checked"":1849344}"
         1,         0,         0,   0.031,exact_mw,2e54b5982e286509c94a8bc96d1d6e54082c27eed948d684125948784bc20414,"{""distance"":7,""physical_error_rate"":0.01}","{""detection_events"":35,""detectors_checked"":602}"
        16,         0,         0,   0.311,exact_mw,0a198d80e37665dd6f23c481ef1c601566b502223b7ce5d7a38dc87c0be91af9,"{""distance"":7,""physical_error_rate"":0.005}","{""detection_events"":221,""detectors_checked"":9632}"
        16,         0,         0,   0.092,exact_mw,ca91ffa42463e210e189f165a9a4cbcfd1773a75ca815ff24a9009c31e62d8d0,"{""distance"":7,""physical_error_rate"":0.002}","{""detection_events"":89,""detectors_checked"":9632}"
      3072,         0,         0,   0.082,exact_mw,f5ed540d8b33fe7a17a96c57e6e367075413a3677864b79373445f6bf89adea1,"{""distance"":7,""physical_error_rate"":0.0002}","{""detection_events"":1959,""detectors_checked"":1849344}"
         8,         6,         0,   0.474,exact_mw,64e98f39d6e43472d1609d4d4a0f6c9fe4a6bcbdeed2edfe3967a999e171dbce,"{""distance"":7,""physical_error_rate"":0.5}","{""detection_events"":2424,""detectors_checked"":4816,""obs_mistake_mask=E"":6}"
         8,         4,         0,   0.490,exact_mw,104e95c9c5c26aa16a540527dd1100b1154b7e08e6a11bc0dc85c4e500a5f349,"{""distance"":7,""physical_error_rate"":0.1}","{""detection_events"":1407,""detectors_checked"":4816,""obs_mistake_mask=E"":4}"
         4,         2,         0,   0.325,exact_mw,104e95c9c5c26aa16a540527dd1100b1154b7e08e6a11bc0dc85c4e500a5f349,"{""distance"":7,""physical_error_rate"":0.1}","{""detection_events"":712,""detectors_checked"":2408,""obs_mistake_mask=E"":2}"
     13312,         0,         0,   0.267,exact_mw,f7d5d61828a7d0145c65811496ba49aa9633daaed59c6883f51143c3b878094e,"{""distance"":7,""physical_error_rate"":5e-05}","{""detection_events"":2069,""detectors_checked"":8013824}"
      4096,         0,         0,   0.160,exact_mw,f5ed540d8b33fe7a17a96c57e6e367075413a3677864b79373445f6bf89adea1,"{""distance"":7,""physical_error_rate"":0.0002}","{""detection_events"":2526,""detectors_checked"":2465792}"
         1,         0,         0,   0.049,exact_mw,2e54b5982e286509c94a8bc96d1d6e54082c27eed948d684125948784bc20414,"{""distance"":7,""physical_error_rate"":0.01}","{""detection_events"":38,""detectors_checked"":602}"
      2048,         0,         0,   0.109,exact_mw,f5ed540d8b33fe7a17a96c57e6e367075413a3677864b79373445f6bf89adea1,"{""distance"":7,""physical_error_rate"":0.0002}","{""detection_events"":1187,""detectors_checked"":1232896}"
     36864,         0,         0,   0.595,exact_mw,d5491e2f66b0c830b41b0168451c8818c583b15508c9bf9282dc8e7a6cb6bd3f,"{""distance"":7,""physical_error_rate"":0.0001}","{""detection_events"":11118,""detectors_checked"":22192128}"
        16,         0,         0,   0.710,exact_mw,2e54b5982e286509c94a8bc96d1d6e54082c27eed948d684125948784bc20414,"{""distance"":7,""physical_error_rate"":0.01}","{""detection_events"":387,""detectors_checked"":9632}"
     29696,         0,         0,    1.15,exact_mw,d5491e2f66b0c830b41b0168451c8818c583b15508c9bf9282dc8e7a6cb6bd3f,"{""distance"":7,""physical_error_rate"":0.0001}","{""detection_events"":8757,""detectors_checked"":17876992}"
     74752,         0,         0,    2.19,exact_mw,f5ed540d8b33fe7a17a96c57e6e367075413a3677864b79373445f6bf89adea1,"{""distance"":7,""physical_error_rate"":0.0002}","{""detection_events"":43843,""detectors_checked"":45000704}"
        17,         0,         0,   0.010,exact_mw,f5ed540d8b33fe7a17a96c57e6e367075413a3677864b79373445f6bf89adea1,"{""distance"":7,""physical_error_rate"":0.0002}","{""detection_events"":10,""detectors_checked"":10234}"
      1280,         0,         0,   0.024,exact_mw,f5ed540d8b33fe7a17a96c57e6e367075413a3677864b79373445f6bf89adea1,"{""distance"":7,""physical_error_rate"":0.0002}","{""detection_events"":709,""detectors_checked"":770560}"
        16,         0,         0,   0.498,exact_mw,2e54b5982e286509c94a8bc96d1d6e54082c27eed948d684125948784bc20414,"{""distance"":7,""physical_error_rate"":0.01}","{""detection_events"":454,""detectors_checked"":9632}"
      1024,         0,         0,   0.025,exact_mw,f5ed540d8b33fe7a17a96c57e6e367075413a3677864b79373445f6bf89adea1,"{""distance"":7,""physical_error_rate"":0.0002}","{""detection_events"":572,""detectors_checked"":616448}"
      2048,         0,         0,   0.463,exact_mw,c34bb01325b9980f7caca1807bd93e7e28846c82b8c0538af034740e6e7d5106,"{""distance"":7,""physical_error_rate"":0.0005}","{""detection_events"":3101,""detectors_checked"":1232896}"
     35840,         0,         0,   0.568,exact_mw,d5491e2f66b0c830b41b0168451c8818c583b15508c9bf9282dc8e7a6cb6bd3f,"{""distance"":7,""physical_error_rate"":0.0001}","{""detection_events"":10517,""detectors_checked"":21575680}"
         1,         0,         0,   0.083,exact_mw,64e98f39d6e43472d1609d4d4a0f6c9fe4a6bcbdeed2edfe3967a999e171dbce,"{""distance"":7,""physical_error_rate"":0.5}","{""detection_events"":298,""detectors_checked"":602}"
        32,         0,         0,   0.559,exact_mw,0a198d80e37665dd6f23c481ef1c601566b502223b7ce5d7a38dc87c0be91af9,"{""distance"":7,""physical_error_rate"":0.005}","{""detection_events"":471,""detectors_checked"":19264}"
      1024,         0,         0,   0.050,exact_mw,f5ed540d8b33fe7a17a96c57e6e367075413a3677864b79373445f6bf89adea1,"{""distance"":7,""physical_error_rate"":0.0002}","{""detection_events"":526,""detectors_checked"":616448}"
        16,         0,         0,   0.659,exact_mw,1f0c41bfbbc8ec35ff1484b2be036ef48716a49dcf1cc37e155a3f5819690eee,"{""distance"":7,""physical_error_rate"":0.02}","{""detection_events"":812,""detectors_checked"":9632}"
        16,         0,         0,   0.321,exact_mw,0a198d80e37665dd6f23c481ef1c601566b502223b7ce5d7a38dc87c0be91af9,"{""distance"":7,""physical_error_rate"":0.005}","{""detection_events"":227,""detectors_checked"":9632}"
      6144,         0,         0,   0.220,exact_mw,f5ed540d8b33fe7a17a96c57e6e367075413a3677864b79373445f6bf89adea1,"{""distance"":7,""physical_error_rate"":0.0002}","{""detection_events"":3499,""detectors_checked"":3698688}"
      5120,         0,         0,   0.175,exact_mw,f5ed540d8b33fe7a17a96c57e6e367075413a3677864b79373445f6bf89adea1,"{""distance"":7,""physical_error_rate"":0.0002}","{""detection_events"":3191,""detectors_checked"":3082240}"
      1024,         0,         0,   0.028,exact_mw,f5ed540d8b33fe7a17a96c57e6e367075413a3677864b79373445f6bf89adea1,"{""distance"":7,""physical_error_rate"":0.0002}","{""detection_events"":538,""detectors_checked"":616448}"
         1,         1,         0,   0.061,exact_mw,104e95c9c5c26aa16a540527dd1100b1154b7e08e6a11bc0dc85c4e500a5f349,"{""distance"":7,""physical_error_rate"":0.1}","{""detection_events"":177,""detectors_checked"":602,""obs_mistake_mask=E"":1}"
       128,         0,         0,   0.513,exact_mw,ca91ffa42463e210e189f165a9a4cbcfd1773a75ca815ff24a9009c31e62d8d0,"{""distance"":7,""physical_error_rate"":0.002}","{""detection_events"":799,""detectors_checked"":77056}"
         4,         2,         0,   0.323,exact_mw,104e95c9c5c26aa16a540527dd1100b1154b7e08e6a11bc0dc85c4e500a5f349,"{""distance"":7,""physical_error_rate"":0.1}","{""detection_events"":716,""detectors_checked"":2408,""obs_mistake_mask=E"":2}"
        64,         0,         0,   0.387,exact_mw,ca91ffa42463e210e189f165a9a4cbcfd1773a75ca815ff24a9009c31e62d8d0,"{""distance"":7,""physical_error_rate"":0.002}","{""detection_events"":402,""detectors_checked"":38528}"
         8,         0,         0,   0.304,exact_mw,2e54b5982e286509c94a8bc96d1d6e54082c27eed948d684125948784bc20414,"{""distance"":7,""physical_error_rate"":0.01}","{""detection_events"":270,""detectors_checked"":4816}"
      3072,         0,         0,   0.081,exact_mw,f5ed540d8b33fe7a17a96c57e6e367075413a3677864b79373445f6bf89adea1,"{""distance"":7,""physical_error_rate"":0.0002}","{""detection_events"":1748,""detectors_checked"":1849344}"
        32,         0,         0,   0.557,exact_mw,0a198d80e37665dd6f23c481ef1c601566b502223b7ce5d7a38dc87c0be91af9,"{""distance"":7,""physical_error_rate"":0.005}","{""detection_events"":431,""detectors_checked"":19264}"
        16,         0,         0,   0.457,exact_mw,2e54b5982e286509c94a8bc96d1d6e54082c27eed948d684125948784bc20414,"{""distance"":7,""physical_error_rate"":0.01}","{""detection_events"":465,""detectors_checked"":9632}"
       256,         0,         0,    1.05,exact_mw,ca91ffa42463e210e189f165a9a4cbcfd1773a75ca815ff24a9009c31e62d8d0,"{""distance"":7,""physical_error_rate"":0.002}","{""detection_events"":1565,""detectors_checked"":154112}"
         8,         5,         0,   0.529,exact_mw,7d00f1b687639e6070f8d0dea4f3a829a056f2a9a5be0f7c860aca0937915e3d,"{""distance"":7,""physical_error_rate"":0.2}","{""detection_events"":2011,""detectors_checked"":4816,""obs_mistake_mask=E"":5}"
         1,         0,         0,   0.079,exact_mw,7d00f1b687639e6070f8d0dea4f3a829a056f2a9a5be0f7c860aca0937915e3d,"{""distance"":7,""physical_error_rate"":0.2}","{""detection_events"":239,""detectors_checked"":602}"
         8,         5,         0,   0.449,exact_mw,64e98f39d6e43472d1609d4d4a0f6c9fe4a6bcbdeed2edfe3967a999e171dbce,"{""distance"":7,""physical_error_rate"":0.5}","{""detection_events"":2374,""detectors_checked"":4816,""obs_mistake_mask=E"":5}"
     20480,         0,         0,   0.426,exact_mw,f7d5d61828a7d0145c65811496ba49aa9633daaed59c6883f51143c3b878094e,"{""distance"":7,""physical_error_rate"":5e-05}","{""detection_events"":3127,""detectors_checked"":12328960}"
      2048,         0,         0,   0.072,exact_mw,f5ed540d8b33fe7a17a96c57e6e367075413a3677864b79373445f6bf89adea1,"{""distance"":7,""physical_error_rate"":0.0002}","{""detection_events"":1300,""detectors_checked"":1232896}"
       273,         0,         0,   0.030,exact_mw,c34bb01325b9980f7caca1807bd93e7e28846c82b8c0538af034740e6e7d5106,"{""distance"":7,""physical_error_rate"":0.0005}","{""detection_events"":395,""detectors_checked"":164346}"
      5120,         0,         0,   0.211,exact_mw,f5ed540d8b33fe7a17a96c57e6e367075413a3677864b79373445f6bf89adea1,"{""distance"":7,""physical_error_rate"":0.0002}","{""detection_events"":3192,""detectors_checked"":3082240}"
         8,         4,         0,   0.540,exact_mw,104e95c9c5c26aa16a540527dd1100b1154b7e08e6a11bc0dc85c4e500a5f349,"{""distance"":7,""physical_error_rate"":0.1}","{""detection_events"":1367,""detectors_checked"":4816,""obs_mistake_mask=E"":4}"
         4,         2,         0,   0.317,exact_mw,64e98f39d6e43472d1609d4d4a0f6c9fe4a6bcbdeed2edfe3967a999e171dbce,"{""distance"":7,""physical_error_rate"":0.5}","{""detection_events"":1205,""detectors_checked"":2408,""obs_mistake_mask=E"":2}"
         1,         0,         0,   0.001,exact_mw,7acd59d404317421b37957afea3f5c66f33c9ef46579a47fd7c0ca3dd0dfc735,"{""distance"":7,""physical_error_rate"":0.001}","{""detection_events"":3,""detectors_checked"":602}"
      8192,         0,         0,   0.291,exact_mw,f5ed540d8b33fe7a17a96c57e6e367075413a3677864b79373445f6bf89adea1,"{""distance"":7,""physical_error_rate"":0.0002}","{""detection_events"":4680,""detectors_checked"":4931584}"
        16,         0,         0,   0.018,exact_mw,7acd59d404317421b37957afea3f5c66f33c9ef46579a47fd7c0ca3dd0dfc735,"{""distance"":7,""physical_error_rate"":0.001}","{""detection_events"":48,""detectors_checked"":9632}"
      4096,         0,         0,   0.097,exact_mw,f5ed540d8b33fe7a17a96c57e6e367075413a3677864b79373445f6bf89adea1,"{""distance"":7,""physical_error_rate"":0.0002}","{""detection_events"":2432,""detectors_checked"":2465792}"
         8,         0,         0,   0.225,exact_mw,2e54b5982e286509c94a8bc96d1d6e54082c27eed948d684125948784bc20414,"{""distance"":7,""physical_error_rate"":0.01}","{""detection_events"":187,""detectors_checked"":4816}"
        16,        10,         0,   0.914,exact_mw,104e95c9c5c26aa16a540527dd1100b1154b7e08e6a11bc0dc85c4e500a5f349,"{""distance"":7,""physical_error_rate"":0.1}","{""detection_events"":2814,""detectors_checked"":9632,""obs_mistake_mask=E"":10}"
        64,         0,         0,   0.267,exact_mw,ca91ffa42463e210e189f165a9a4cbcfd1773a75ca815ff24a9009c31e62d8d0,"{""distance"":7,""physical_error_rate"":0.002}","{""detection_events"":379,""detectors_checked"":38528}"
      1024,         0,         0,   0.153,exact_mw,c34bb01325b9980f7caca1807bd93e7e28846c82b8c0538af034740e6e7d5106,"{""distance"":7,""physical_error_rate"":0.0005}","{""detection_events"":1501,""detectors_checked"":616448}"
         4,         2,         0,   0.299,exact_mw,104e95c9c5c26aa16a540527dd1100b1154b7e08e6a11bc0dc85c4e500a5f349,"{""distance"":7,""physical_error_rate"":0.1}","{""detection_events"":675,""detectors_checked"":2408,""obs_mistake_mask=E"":2}"
        16,         0,         0,   0.493,exact_mw,2e54b5982e286509c94a8bc96d1d6e54082c27eed948d684125948784bc20414,"{""distance"":7,""physical_error_rate"":0.01}","{""detection_events"":434,""detectors_checked"":9632}"
       256,         0,         0,   0.116,exact_mw,7acd59d404317421b37957afea3f5c66f33c9ef46579a47fd7c0ca3dd0dfc735,"{""distance"":7,""physical_error_rate"":0.001}","{""detection_events"":630,""detectors_checked"":154112}"
      1024,         0,         0,   0.074,exact_mw,c34bb01325b9980f7caca1807bd93e7e28846c82b8c0538af034740e6e7d5106,"{""distance"":7,""physical_error_rate"":0.0005}","{""detection_events"":1378,""detectors_checked"":616448}"
      6144,         0,         0,   0.140,exact_mw,f5ed540d8b33fe7a17a96c57e6e367075413a3677864b79373445f6bf89adea1,"{""distance"":7,""physical_error_rate"":0.0002}","{""detection_events"":3651,""detectors_checked"":3698688}"
        16,         1,         0,    1.02,exact_mw,1f0c41bfbbc8ec35ff1484b2be036ef48716a49dcf1cc37e155a3f5819690eee,"{""distance"":7,""physical_error_rate"":0.02}","{""detection_events"":879,""detectors_checked"":9632,""obs_mistake_mask=E"":1}"
         1,         0,         0,   0.009,exact_mw,f7d5d61828a7d0145c65811496ba49aa9633daaed59c6883f51143c3b878094e,"{""distance"":7,""physical_error_rate"":5e-05}","{""detectors_checked"":602}"
      1296,         0,         0,   0.022,exact_mw,f7d5d61828a7d0145c65811496ba49aa9633daaed59c6883f51143c3b878094e,"{""distance"":7,""physical_error_rate"":5e-05}","{""detection_events"":199,""detectors_checked"":780192}"
        24,         6,         0,    1.13,exact_mw,44a30ed6f1c17712a1e48498787ed849716b01ee0859fb371aa1a98cce5f11ec,"{""distance"":7,""physical_error_rate"":0.05}","{""detection_events"":2655,""detectors_checked"":14448,""obs_mistake_mask=E"":6}"
         4,         2,         0,   0.326,exact_mw,7d00f1b687639e6070f8d0dea4f3a829a056f2a9a5be0f7c860aca0937915e3d,"{""distance"":7,""physical_error_rate"":0.2}","{""detection_events"":954,""detectors_checked"":2408,""obs_mistake_mask=E"":2}"
         8,         1,         0,   0.479,exact_mw,104e95c9c5c26aa16a540527dd1100b1154b7e08e6a11bc0dc85c4e500a5f349,"{""distance"":7,""physical_error_rate"":0.1}","{""detection_events"":1403,""detectors_checked"":4816,""obs_mistake_mask=E"":1}"
        16,         6,         0,    1.11,exact_mw,44a30ed6f1c17712a1e48498787ed849716b01ee0859fb371aa1a98cce5f11ec,"{""distance"":7,""physical_error_rate"":0.05}","{""detection_events"":1704,""detectors_checked"":9632,""obs_mistake_mask=E"":6}"
      2048,         0,         0,   0.034,exact_mw,f7d5d61828a7d0145c65811496ba49aa9633daaed59c6883f51143c3b878094e,"{""distance"":7,""physical_error_rate"":5e-05}","{""detection_events"":281,""detectors_checked"":1232896}"
        16,         0,         0,   0.522,exact_mw,0a198d80e37665dd6f23c481ef1c601566b502223b7ce5d7a38dc87c0be91af9,"{""distance"":7,""physical_error_rate"":0.005}","{""detection_events"":244,""detectors_checked"":9632}"
        32,         0,         0,    1.53,exact_mw,1f0c41bfbbc8ec35ff1484b2be036ef48716a49dcf1cc37e155a3f5819690eee,"{""distance"":7,""physical_error_rate"":0.02}","{""detection_events"":1760,""detectors_checked"":19264}"
      9216,         0,         0,   0.326,exact_mw,f5ed540d8b33fe7a17a96c57e6e367075413a3677864b79373445f6bf89adea1,"{""distance"":7,""physical_error_rate"":0.0002}","{""detection_events"":5512,""detectors_checked"":5548032}"
         1,         0,         0,   0.060,exact_mw,2e54b5982e286509c94a8bc96d1d6e54082c27eed948d684125948784bc20414,"{""distance"":7,""physical_error_rate"":0.01}","{""detection_events"":29,""detectors_checked"":602}"
      2048,         0,         0,   0.045,exact_mw,f7d5d61828a7d0145c65811496ba49aa9633daaed59c6883f51143c3b878094e,"{""distance"":7,""physical_error_rate"":5e-05}","{""detection_events"":323,""detectors_checked"":1232896}"
      1024,         0,         0,   0.121,exact_mw,c34bb01325b9980f7caca1807bd93e7e28846c82b8c0538af034740e6e7d5106,"{""distance"":7,""physical_error_rate"":0.0005}","{""detection_events"":1569,""detectors_checked"":616448}"
        32,         0,         0,   0.629,exact_mw,0a198d80e37665dd6f23c481ef1c601566b502223b7ce5d7a38dc87c0be91af9,"{""distance"":7,""physical_error_rate"":0.005}","{""detection_events"":569,""detectors_checked"":19264}"
      3072,         0,         0,   0.647,exact_mw,c34bb01325b9980f7caca1807bd93e7e28846c82b8c0538af034740e6e7d5106,"{""distance"":7,""physical_error_rate"":0.0005}","{""detection_events"":4480,""detectors_checked"":1849344}"
         4,         3,         0,   0.325,exact_mw,64e98f39d6e43472d1609d4d4a0f6c9fe4a6bcbdeed2edfe3967a999e171dbce,"{""distance"":7,""physical_error_rate"":0.5}","{""detection_events"":1212,""detectors_checked"":2408,""obs_mistake_mask=E"":3}"
      2048,         0,         0,   0.053,exact_mw,f7d5d61828a7d0145c65811496ba49aa9633daaed59c6883f51143c3b878094e,"{""distance"":7,""physical_error_rate"":5e-05}","{""detection_events"":334,""detectors_checked"":1232896}"
        16,         1,         0,   0.791,exact_mw,2e54b5982e286509c94a8bc96d1d6e54082c27eed948d684125948784bc20414,"{""distance"":7,""physical_error_rate"":0.01}","{""detection_events"":407,""detectors_checked"":9632,""obs_mistake_mask=E"":1}"
      1297,         0,         0,   0.036,exact_mw,f7d5d61828a7d0145c65811496ba49aa9633daaed59c6883f51143c3b878094e,"{""distance"":7,""physical_error_rate"":5e-05}","{""detection_events"":173,""detectors_checked"":780794}"
     50176,         0,         0,   0.814,exact_mw,d5491e2f66b0c830b41b0168451c8818c583b15508c9bf9282dc8e7a6cb6bd3f,"{""distance"":7,""physical_error_rate"":0.0001}","{""detection_events"":14197,""detectors_checked"":30205952}"
      5120,         0,         0,   0.204,exact_mw,f5ed540d8b33fe7a17a96c57e6e367075413a3677864b79373445f6bf89adea1,"{""distance"":7,""physical_error_rate"":0.0002}","{""detection_events"":3193,""detectors_checked"":3082240}"
         8,         7,         0,   0.495,exact_mw,64e98f39d6e43472d1609d4d4a0f6c9fe4a6bcbdeed2edfe3967a999e171dbce,"{""distance"":7,""physical_error_rate"":0.5}","{""detection_events"":2424,""detectors_checked"":4816,""obs_mistake_mask=E"":7}"
      3072,         0,         0,   0.056,exact_mw,f7d5d61828a7d0145c65811496ba49aa9633daaed59c6883f51143c3b878094e,"{""distance"":7,""physical_error_rate"":5e-05}","{""detection_events"":468,""detectors_checked"":1849344}"
       128,         0,         0,   0.628,exact_mw,ca91ffa42463e210e189f165a9a4cbcfd1773a75ca815ff24a9009c31e62d8d0,"{""distance"":7,""physical_error_rate"":0.002}","{""detection_events"":763,""detectors_checked"":77056}"
        16,         0,         0,   0.691,exact_mw,1f0c41bfbbc8ec35ff1484b2be036ef48716a49dcf1cc37e155a3f5819690eee,"{""distance"":7,""physical_error_rate"":0.02}","{""detection_events"":788,""detectors_checked"":9632}"
      1024,         0,         0,   0.049,exact_mw,f7d5d61828a7d0145c65811496ba49aa9633daaed59c6883f51143c3b878094e,"{""distance"":7,""physical_error_rate"":5e-05}","{""detection_events"":131,""detectors_checked"":616448}"
         8,         2,         0,   0.561,exact_mw,7d00f1b687639e6070f8d0dea4f3a829a056f2a9a5be0f7c860aca0937915e3d,"{""distance"":7,""physical_error_rate"":0.2}","{""detection_events"":1982,""detectors_checked"":4816,""obs_mistake_mask=E"":2}"
     10240,         0,         0,   0.409,exact_mw,f5ed540d8b33fe7a17a96c57e6e367075413a3677864b79373445f6bf89adea1,"{""distance"":7,""physical_error_rate"":0.0002}","{""detection_events"":5859,""detectors_checked"":6164480}"
      1024,         0,         0,   0.027,exact_mw,f7d5d61828a7d0145c65811496ba49aa9633daaed59c6883f51143c3b878094e,"{""distance"":7,""physical_error_rate"":5e-05}","{""detection_events"":147,""detectors_checked"":616448}"
        16,         0,         0,   0.640,exact_mw,2e54b5982e286509c94a8bc96d1d6e54082c27eed948d684125948784bc20414,"{""distance"":7,""physical_error_rate"":0.01}","{""detection_events"":476,""detectors_checked"":9632}"
         8,         0,         0,   0.190,exact_mw,2e54b5982e286509c94a8bc96d1d6e54082c27eed948d684125948784bc20414,"{""distance"":7,""physical_error_rate"":0.01}","{""detection_events"":192,""detectors_checked"":4816}"
     27648,         0,         0,   0.547,exact_mw,f7d5d61828a7d0145c65811496ba49aa9633daaed59c6883f51143c3b878094e,"{""distance"":7,""physical_error_rate"":5e-05}","{""detection_events"":4092,""detectors_checked"":16644096}"
      1024,         0,         0,   0.178,exact_mw,c34bb01325b9980f7caca1807bd93e7e28846c82b8c0538af034740e6e7d5106,"{""distance"":7,""physical_error_rate"":0.0005}","{""detection_events"":1338,""detectors_checked"":616448}"
     48128,         0,         0,   0.788,exact_mw,d5491e2f66b0c830b41b0168451c8818c583b15508c9bf9282dc8e7a6cb6bd3f,"{""distance"":7,""physical_error_rate"":0.0001}","{""detection_events"":14164,""detectors_checked"":28973056}"
      6144,         0,         0,   0.079,exact_mw,f7d5d61828a7d0145c65811496ba49aa9633daaed59c6883f51143c3b878094e,"{""distance"":7,""physical_error_rate"":5e-05}","{""detection_events"":895,""detectors_checked"":3698688}"
        32,         0,         0,   0.675,exact_mw,0a198d80e37665dd6f23c481ef1c601566b502223b7ce5d7a38dc87c0be91af9,"{""distance"":7,""physical_error_rate"":0.005}","{""detection_events"":441,""detectors_checked"":19264}"
        16,         0,         0,   0.393,exact_mw,2e54b5982e286509c94a8bc96d1d6e54082c27eed948d684125948784bc20414,"{""distance"":7,""physical_error_rate"":0.01}","{""detection_events"":418,""detectors_checked"":9632}"
      2048,         0,         0,   0.073,exact_mw,f7d5d61828a7d0145c65811496ba49aa9633daaed59c6883f51143c3b878094e,"{""distance"":7,""physical_error_rate"":5e-05}","{""detection_events"":283,""detectors_checked"":1232896}"
         8,         5,         0,   0.557,exact_mw,104e95c9c5c26aa16a540527dd1100b1154b7e08e6a11bc0dc85c4e500a5f349,"{""distance"":7,""physical_error_rate"":0.1}","{""detection_events"":1421,""detectors_checked"":4816,""obs_mistake_mask=E"":5}"
      2048,         0,         0,   0.053,exact_mw,f7d5d61828a7d0145c65811496ba49aa9633daaed59c6883f51143c3b878094e,"{""distance"":7,""physical_error_rate"":5e-05}","{""detection_events"":319,""detectors_checked"":1232896}"
         1,         0,         0,   0.013,exact_mw,f7d5d61828a7d0145c65811496ba49aa9633daaed59c6883f51143c3b878094e,"{""distance"":7,""physical_error_rate"":5e-05}","{""detectors_checked"":602}"
         4,         1,         0,   0.349,exact_mw,7d00f1b687639e6070f8d0dea4f3a829a056f2a9a5be0f7c860aca0937915e3d,"{""distance"":7,""physical_error_rate"":0.2}","{""detection_events"":961,""detectors_checked"":2408,""obs_mistake_mask=E"":1}"
      2320,         0,         0,   0.026,exact_mw,f7d5d61828a7d0145c65811496ba49aa9633daaed59c6883f51143c3b878094e,"{""distance"":7,""physical_error_rate"":5e-05}","{""detection_events"":387,""detectors_checked"":1396640}"
      8192,         0,         0,   0.105,exact_mw,f7d5d61828a7d0145c65811496ba49aa9633daaed59c6883f51143c3b878094e,"{""distance"":7,""physical_error_rate"":5e-05}","{""detection_events"":1268,""detectors_checked"":4931584}"
        16,         0,         0,   0.555,exact_mw,2e54b5982e286509c94a8bc96d1d6e54082c27eed948d684125948784bc20414,"{""distance"":7,""physical_error_rate"":0.01}","{""detection_events"":419,""detectors_checked"":9632}"
      1024,         0,         0,   0.020,exact_mw,f7d5d61828a7d0145c65811496ba49aa9633daaed59c6883f51143c3b878094e,"{""distance"":7,""physical_error_rate"":5e-05}","{""detection_events"":144,""detectors_checked"":616448}"
      1024,         0,         0,   0.124,exact_mw,c34bb01325b9980f7caca1807bd93e7e28846c82b8c0538af034740e6e7d5106,"{""distance"":7,""physical_error_rate"":0.0005}","{""detection_events"":1493,""detectors_checked"":616448}"
        16,         0,         0,   0.376,exact_mw,0a198d80e37665dd6f23c481ef1c601566b502223b7ce5d7a38dc87c0be91af9,"{""distance"":7,""physical_error_rate"":0.005}","{""detection_events"":186,""detectors_checked"":9632}"
      1024,         0,         0,   0.057,exact_mw,f7d5d61828a7d0145c65811496ba49aa9633daaed59c6883f51143c3b878094e,"{""distance"":7,""physical_error_rate"":5e-05}","{""detection_events"":139,""detectors_checked"":616448}"
         4,         1,         0,   0.319,exact_mw,64e98f39d6e43472d1609d4d4a0f6c9fe4a6bcbdeed2edfe3967a999e171dbce,"{""distance"":7,""physical_error_rate"":0.5}","{""detection_events"":1207,""detectors_checked"":2408,""obs_mistake_mask=E"":1}"
      3072,         0,         0,   0.035,exact_mw,f7d5d61828a7d0145c65811496ba49aa9633daaed59c6883f51143c3b878094e,"{""distance"":7,""physical_error_rate"":5e-05}","{""detection_events"":426,""detectors_checked"":1849344}"
         8,         6,         0,   0.568,exact_mw,104e95c9c5c26aa16a540527dd1100b1154b7e08e6a11bc0dc85c4e500a5f349,"{""distance"":7,""physical_error_rate"":0.1}","{""detection_events"":1320,""detectors_checked"":4816,""obs_mistake_mask=E"":6}"
      9216,         0,         0,   0.295,exact_mw,f5ed540d8b33fe7a17a96c57e6e367075413a3677864b79373445f6bf89adea1,"{""distance"":7,""physical_error_rate"":0.0002}","{""detection_events"":5579,""detectors_checked"":5548032}"
     12288,         0,         0,   0.432,exact_mw,f5ed540d8b33fe7a17a96c57e6e367075413a3677864b79373445f6bf89adea1,"{""distance"":7,""physical_error_rate"":0.0002}","{""detection_events"":7265,""detectors_checked"":7397376}"
      4096,         0,         0,   0.054,exact_mw,f7d5d61828a7d0145c65811496ba49aa9633daaed59c6883f51143c3b878094e,"{""distance"":7,""physical_error_rate"":5e-05}","{""detection_events"":601,""detectors_checked"":2465792}"
      1024,         0,         0,   0.103,exact_mw,c34bb01325b9980f7caca1807bd93e7e28846c82b8c0538af034740e6e7d5106,"{""distance"":7,""physical_error_rate"":0.0005}","{""detection_events"":1497,""detectors_checked"":616448}"
      3072,         0,         0,   0.120,exact_mw,f7d5d61828a7d0145c65811496ba49aa9633daaed59c6883f51143c3b878094e,"{""distance"":7,""physical_error_rate"":5e-05}","{""detection_events"":461,""detectors_checked"":1849344}"
     12288,         0,         0,   0.156,exact_mw,f7d5d61828a7d0145c65811496ba49aa9633daaed59c6883f51143c3b878094e,"{""distance"":7,""physical_error_rate"":5e-05}","{""detection_events"":1699,""detectors_checked"":7397376}"
      4096,         0,         0,   0.055,exact_mw,f7d5d61828a7d0145c65811496ba49aa9633daaed59c6883f51143c3b878094e,"{""distance"":7,""physical_error_rate"":5e-05}","{""detection_events"":493,""detectors_checked"":2465792}"
       128,         0,         0,   0.709,exact_mw,ca91ffa42463e210e189f165a9a4cbcfd1773a75ca815ff24a9009c31e62d8d0,"{""distance"":7,""physical_error_rate"":0.002}","{""detection_events"":748,""detectors_checked"":77056}"
         1,         1,         0,   0.035,exact_mw,44a30ed6f1c17712a1e48498787ed849716b01ee0859fb371aa1a98cce5f11ec,"{""distance"":7,""physical_error_rate"":0.05}","{""detection_events"":110,""detectors_checked"":602,""obs_mistake_mask=E"":1}"
         8,         3,         0,   0.435,exact_mw,64e98f39d6e43472d1609d4d4a0f6c9fe4a6bcbdeed2edfe3967a999e171dbce,"{""distance"":7,""physical_error_rate"":0.5}","{""detection_events"":2390,""detectors_checked"":4816,""obs_mistake_mask=E"":3}"
        17,         0,         0,   0.009,exact_mw,7acd59d404317421b37957afea3f5c66f33c9ef46579a47fd7c0ca3dd0dfc735,"{""distance"":7,""physical_error_rate"":0.001}","{""detection_events"":53,""detectors_checked"":10234}"
      6144,         0,         0,   0.079,exact_mw,f7d5d61828a7d0145c65811496ba49aa9633daaed59c6883f51143c3b878094e,"{""distance"":7,""physical_error_rate"":5e-05}","{""detection_events"":880,""detectors_checked"":3698688}"
      3072,         0,         0,   0.120,exact_mw,f7d5d61828a7d0145c65811496ba49aa9633daaed59c6883f51143c3b878094e,"{""distance"":7,""physical_error_rate"":5e-05}","{""detection_events"":436,""detectors_checked"":1849344}"
      1024,         0,         0,   0.153,exact_mw,c34bb01325b9980f7caca1807bd93e7e28846c82b8c0538af034740e6e7d5106,"{""distance"":7,""physical_error_rate"":0.0005}","{""detection_events"":1441,""detectors_checked"":616448}"
         1,         1,         0,   0.062,exact_mw,7d00f1b687639e6070f8d0dea4f3a829a056f2a9a5be0f7c860aca0937915e3d,"{""distance"":7,""physical_error_rate"":0.2}","{""detection_events"":257,""detectors_checked"":602,""obs_mistake_mask=E"":1}"
         8,         5,         0,   0.663,exact_mw,104e95c9c5c26aa16a540527dd1100b1154b7e08e6a11bc0dc85c4e500a5f349,"{""distance"":7,""physical_error_rate"":0.1}","{""detection_events"":1392,""detectors_checked"":4816,""obs_mistake_mask=E"":5}"
         4,         0,         0,   0.350,exact_mw,7d00f1b687639e6070f8d0dea4f3a829a056f2a9a5be0f7c860aca0937915e3d,"{""distance"":7,""physical_error_rate"":0.2}","{""detection_events"":1000,""detectors_checked"":2408}"
         4,         0,         0,   0.305,exact_mw,64e98f39d6e43472d1609d4d4a0f6c9fe4a6bcbdeed2edfe3967a999e171dbce,"{""distance"":7,""physical_error_rate"":0.5}","{""detection_events"":1214,""detectors_checked"":2408}"
      2048,         0,         0,   0.635,exact_mw,c34bb01325b9980f7caca1807bd93e7e28846c82b8c0538af034740e6e7d5106,"{""distance"":7,""physical_error_rate"":0.0005}","{""detection_events"":3050,""detectors_checked"":1232896}"
        16,         8,         0,   0.905,exact_mw,104e95c9c5c26aa16a540527dd1100b1154b7e08e6a11bc0dc85c4e500a5f349,"{""distance"":7,""physical_error_rate"":0.1}","{""detection_events"":2832,""detectors_checked"":9632,""obs_mistake_mask=E"":8}"
      8192,         0,         0,   0.105,exact_mw,f7d5d61828a7d0145c65811496ba49aa9633daaed59c6883f51143c3b878094e,"{""distance"":7,""physical_error_rate"":5e-05}","{""detection_events"":1178,""detectors_checked"":4931584}"
     13312,         0,         0,   0.213,exact_mw,f7d5d61828a7d0145c65811496ba49aa9633daaed59c6883f51143c3b878094e,"{""distance"":7,""physical_error_rate"":5e-05}","{""detection_events"":1980,""detectors_checked"":8013824}"
       128,         0,         0,   0.576,exact_mw,ca91ffa42463e210e189f165a9a4cbcfd1773a75ca815ff24a9009c31e62d8d0,"{""distance"":7,""physical_error_rate"":0.002}","{""detection_events"":802,""detectors_checked"":77056}"
         8,         3,         0,   0.556,exact_mw,7d00f1b687639e6070f8d0dea4f3a829a056f2a9a5be0f7c860aca0937915e3d,"{""distance"":7,""physical_error_rate"":0.2}","{""detection_events"":2034,""detectors_checked"":4816,""obs_mistake_mask=E"":3}"
        16,         0,         0,   0.516,exact_mw,2e54b5982e286509c94a8bc96d1d6e54082c27eed948d684125948784bc20414,"{""distance"":7,""physical_error_rate"":0.01}","{""detection_events"":430,""detectors_checked"":9632}"
        16,         0,         0,   0.387,exact_mw,0a198d80e37665dd6f23c481ef1c601566b502223b7ce5d7a38dc87c0be91af9,"{""distance"":7,""physical_error_rate"":0.005}","{""detection_events"":245,""detectors_checked"":9632}"
     15360,         0,         0,   0.589,exact_mw,f5ed540d8b33fe7a17a96c57e6e367075413a3677864b79373445f6bf89adea1,"{""distance"":7,""physical_error_rate"":0.0002}","{""detection_events"":8788,""detectors_checked"":9246720}"
        16,         0,         0,   0.522,exact_mw,2e54b5982e286509c94a8bc96d1d6e54082c27eed948d684125948784bc20414,"{""distance"":7,""physical_error_rate"":0.01}","{""detection_events"":494,""detectors_checked"":9632}"
        16,         0,         0,   0.635,exact_mw,1f0c41bfbbc8ec35ff1484b2be036ef48716a49dcf1cc37e155a3f5819690eee,"{""distance"":7,""physical_error_rate"":0.02}","{""detection_events"":756,""detectors_checked"":9632}"
        16,         0,         0,   0.582,exact_mw,2e54b5982e286509c94a8bc96d1d6e54082c27eed948d684125948784bc20414,"{""distance"":7,""physical_error_rate"":0.01}","{""detection_events"":459,""detectors_checked"":9632}"
       256,         0,         0,   0.199,exact_mw,7acd59d404317421b37957afea3f5c66f33c9ef46579a47fd7c0ca3dd0dfc735,"{""distance"":7,""physical_error_rate"":0.001}","{""detection_events"":674,""detectors_checked"":154112}"
      5120,         0,         0,   0.193,exact_mw,f7d5d61828a7d0145c65811496ba49aa9633daaed59c6883f51143c3b878094e,"{""distance"":7,""physical_error_rate"":5e-05}","{""detection_events"":651,""detectors_checked"":3082240}"
         1,         0,         0,   0.002,exact_mw,f7d5d61828a7d0145c65811496ba49aa9633daaed59c6883f51143c3b878094e,"{""distance"":7,""physical_error_rate"":5e-05}","{""detectors_checked"":602}"
     12288,         0,         0,   0.404,exact_mw,f5ed540d8b33fe7a17a96c57e6e367075413a3677864b79373445f6bf89adea1,"{""distance"":7,""physical_error_rate"":0.0002}","{""detection_events"":7399,""detectors_checked"":7397376}"
         8,         4,         0,   0.422,exact_mw,104e95c9c5c26aa16a540527dd1100b1154b7e08e6a11bc0dc85c4e500a5f349,"{""distance"":7,""physical_error_rate"":0.1}","{""detection_events"":1349,""detectors_checked"":4816,""obs_mistake_mask=E"":4}"
      2320,         0,         0,   0.016,exact_mw,f7d5d61828a7d0145c65811496ba49aa9633daaed59c6883f51143c3b878094e,"{""distance"":7,""physical_error_rate"":5e-05}","{""detection_events"":293,""detectors_checked"":1396640}"
         1,         1,         0,   0.066,exact_mw,44a30ed6f1c17712a1e48498787ed849716b01ee0859fb371aa1a98cce5f11ec,"{""distance"":7,""physical_error_rate"":0.05}","{""detection_events"":126,""detectors_checked"":602,""obs_mistake_mask=E"":1}"
      1024,         0,         0,   0.007,exact_mw,f7d5d61828a7d0145c65811496ba49aa9633daaed59c6883f51143c3b878094e,"{""distance"":7,""physical_error_rate"":5e-05}","{""detection_events"":149,""detectors_checked"":616448}"
     10240,         0,         0,   0.143,exact_mw,f7d5d61828a7d0145c65811496ba49aa9633daaed59c6883f51143c3b878094e,"{""distance"":7,""physical_error_rate"":5e-05}","{""detection_events"":1497,""detectors_checked"":6164480}"
      2048,         0,         0,   0.266,exact_mw,c34bb01325b9980f7caca1807bd93e7e28846c82b8c0538af034740e6e7d5106,"{""distance"":7,""physical_error_rate"":0.0005}","{""detection_events"":3128,""detectors_checked"":1232896}"
        16,         3,         0,   0.965,exact_mw,1f0c41bfbbc8ec35ff1484b2be036ef48716a49dcf1cc37e155a3f5819690eee,"{""distance"":7,""physical_error_rate"":0.02}","{""detection_events"":827,""detectors_checked"":9632,""obs_mistake_mask=E"":3}"
        17,         0,         0,   0.013,exact_mw,c34bb01325b9980f7caca1807bd93e7e28846c82b8c0538af034740e6e7d5106,"{""distance"":7,""physical_error_rate"":0.0005}","{""detection_events"":54,""detectors_checked"":10234}"
      3072,         0,         0,   0.033,exact_mw,f7d5d61828a7d0145c65811496ba49aa9633daaed59c6883f51143c3b878094e,"{""distance"":7,""physical_error_rate"":5e-05}","{""detection_events"":559,""detectors_checked"":1849344}"
      3072,         0,         0,   0.033,exact_mw,f7d5d61828a7d0145c65811496ba49aa9633daaed59c6883f51143c3b878094e,"{""distance"":7,""physical_error_rate"":5e-05}","{""detection_events"":494,""detectors_checked"":1849344}"
         8,         6,         0,   0.655,exact_mw,104e95c9c5c26aa16a540527dd1100b1154b7e08e6a11bc0dc85c4e500a5f349,"{""distance"":7,""physical_error_rate"":0.1}","{""detection_events"":1416,""detectors_checked"":4816,""obs_mistake_mask=E"":6}"
         1,         0,         0,   0.061,exact_mw,1f0c41bfbbc8ec35ff1484b2be036ef48716a49dcf1cc37e155a3f5819690eee,"{""distance"":7,""physical_error_rate"":0.02}","{""detection_events"":56,""detectors_checked"":602}"
        16,         0,         0,   0.604,exact_mw,2e54b5982e286509c94a8bc96d1d6e54082c27eed948d684125948784bc20414,"{""distance"":7,""physical_error_rate"":0.01}","{""detection_events"":547,""detectors_checked"":9632}"
       256,         0,         0,   0.083,exact_mw,c34bb01325b9980f7caca1807bd93e7e28846c82b8c0538af034740e6e7d5106,"{""distance"":7,""physical_error_rate"":0.0005}","{""detection_events"":367,""detectors_checked"":154112}"
      3072,         0,         0,    2.29,exact_mw,7acd59d404317421b37957afea3f5c66f33c9ef46579a47fd7c0ca3dd0dfc735,"{""distance"":7,""physical_error_rate"":0.001}","{""detection_events"":9147,""detectors_checked"":1849344}"
        16,         0,         0,   0.896,exact_mw,2e54b5982e286509c94a8bc96d1d6e54082c27eed948d684125948784bc20414,"{""distance"":7,""physical_error_rate"":0.01}","{""detection_events"":405,""detectors_checked"":9632}"
      3072,         0,         0,   0.060,exact_mw,f7d5d61828a7d0145c65811496ba49aa9633daaed59c6883f51143c3b878094e,"{""distance"":7,""physical_error_rate"":5e-05}","{""detection_events"":464,""detectors_checked"":1849344}"
     40960,         0,         0,    1.67,exact_mw,d5491e2f66b0c830b41b0168451c8818c583b15508c9bf9282dc8e7a6cb6bd3f,"{""distance"":7,""physical_error_rate"":0.0001}","{""detection_events"":12157,""detectors_checked"":24657920}"
         4,         1,         0,   0.316,exact_mw,64e98f39d6e43472d1609d4d4a0f6c9fe4a6bcbdeed2edfe3967a999e171dbce,"{""distance"":7,""physical_error_rate"":0.5}","{""detection_events"":1198,""detectors_checked"":2408,""obs_mistake_mask=E"":1}"
     22528,         0,         0,   0.288,exact_mw,f7d5d61828a7d0145c65811496ba49aa9633daaed59c6883f51143c3b878094e,"{""distance"":7,""physical_error_rate"":5e-05}","{""detection_events"":3466,""detectors_checked"":13561856}"
      5120,         0,         0,   0.209,exact_mw,f7d5d61828a7d0145c65811496ba49aa9633daaed59c6883f51143c3b878094e,"{""distance"":7,""physical_error_rate"":5e-05}","{""detection_events"":704,""detectors_checked"":3082240}"
         4,         3,         0,   0.341,exact_mw,7d00f1b687639e6070f8d0dea4f3a829a056f2a9a5be0f7c860aca0937915e3d,"{""distance"":7,""physical_error_rate"":0.2}","{""detection_events"":984,""detectors_checked"":2408,""obs_mistake_mask=E"":3}"
     15360,         0,         0,   0.569,exact_mw,f5ed540d8b33fe7a17a96c57e6e367075413a3677864b79373445f6bf89adea1,"{""distance"":7,""physical_error_rate"":0.0002}","{""detection_events"":8940,""detectors_checked"":9246720}"
     57344,         0,         0,   0.769,exact_mw,f7d5d61828a7d0145c65811496ba49aa9633daaed59c6883f51143c3b878094e,"{""distance"":7,""physical_error_rate"":5e-05}","{""detection_events"":8675,""detectors_checked"":34521088}"
         1,         1,         0,   0.054,exact_mw,64e98f39d6e43472d1609d4d4a0f6c9fe4a6bcbdeed2edfe3967a999e171dbce,"{""distance"":7,""physical_error_rate"":0.5}","{""detection_events"":295,""detectors_checked"":602,""obs_mistake_mask=E"":1}"
         1,         0,         0,   0.001,exact_mw,c34bb01325b9980f7caca1807bd93e7e28846c82b8c0538af034740e6e7d5106,"{""distance"":7,""physical_error_rate"":0.0005}","{""detection_events"":2,""detectors_checked"":602}"
         8,         5,         0,   0.447,exact_mw,64e98f39d6e43472d1609d4d4a0f6c9fe4a6bcbdeed2edfe3967a999e171dbce,"{""distance"":7,""physical_error_rate"":0.5}","{""detection_events"":2357,""detectors_checked"":4816,""obs_mistake_mask=E"":5}"
      6144,         0,         0,   0.082,exact_mw,f7d5d61828a7d0145c65811496ba49aa9633daaed59c6883f51143c3b878094e,"{""distance"":7,""physical_error_rate"":5e-05}","{""detection_events"":825,""detectors_checked"":3698688}"
     12288,         0,         0,   0.224,exact_mw,f7d5d61828a7d0145c65811496ba49aa9633daaed59c6883f51143c3b878094e,"{""distance"":7,""physical_error_rate"":5e-05}","{""detection_events"":1830,""detectors_checked"":7397376}"
        16,         2,         0,    1.13,exact_mw,44a30ed6f1c17712a1e48498787ed849716b01ee0859fb371aa1a98cce5f11ec,"{""distance"":7,""physical_error_rate"":0.05}","{""detection_events"":1761,""detectors_checked"":9632,""obs_mistake_mask=E"":2}"
      1024,         0,         0,   0.124,exact_mw,c34bb01325b9980f7caca1807bd93e7e28846c82b8c0538af034740e6e7d5106,"{""distance"":7,""physical_error_rate"":0.0005}","{""detection_events"":1579,""detectors_checked"":616448}"
         8,         3,         0,   0.484,exact_mw,7d00f1b687639e6070f8d0dea4f3a829a056f2a9a5be0f7c860aca0937915e3d,"{""distance"":7,""physical_error_rate"":0.2}","{""detection_events"":1964,""detectors_checked"":4816,""obs_mistake_mask=E"":3}"
      2048,         0,         0,   0.234,exact_mw,c34bb01325b9980f7caca1807bd93e7e28846c82b8c0538af034740e6e7d5106,"{""distance"":7,""physical_error_rate"":0.0005}","{""detection_events"":3010,""detectors_checked"":1232896}"
       256,         0,         0,    1.59,exact_mw,ca91ffa42463e210e189f165a9a4cbcfd1773a75ca815ff24a9009c31e62d8d0,"{""distance"":7,""physical_error_rate"":0.002}","{""detection_events"":1550,""detectors_checked"":154112}"
      1296,         0,         0,   0.141,exact_mw,c34bb01325b9980f7caca1807bd93e7e28846c82b8c0538af034740e6e7d5106,"{""distance"":7,""physical_error_rate"":0.0005}","{""detection_events"":1897,""detectors_checked"":780192}"
         8,         3,         0,   0.450,exact_mw,7d00f1b687639e6070f8d0dea4f3a829a056f2a9a5be0f7c860aca0937915e3d,"{""distance"":7,""physical_error_rate"":0.2}","{""detection_events"":1913,""detectors_checked"":4816,""obs_mistake_mask=E"":3}"
         1,         0,         0,   0.013,exact_mw,ca91ffa42463e210e189f165a9a4cbcfd1773a75ca815ff24a9009c31e62d8d0,"{""distance"":7,""physical_error_rate"":0.002}","{""detectors_checked"":602}"
      6144,         0,         0,   0.101,exact_mw,f7d5d61828a7d0145c65811496ba49aa9633daaed59c6883f51143c3b878094e,"{""distance"":7,""physical_error_rate"":5e-05}","{""detection_events"":917,""detectors_checked"":3698688}"
      1024,         0,         0,   0.088,exact_mw,c34bb01325b9980f7caca1807bd93e7e28846c82b8c0538af034740e6e7d5106,"{""distance"":7,""physical_error_rate"":0.0005}","{""detection_events"":1470,""detectors_checked"":616448}"
         8,         5,         0,   0.586,exact_mw,104e95c9c5c26aa16a540527dd1100b1154b7e08e6a11bc0dc85c4e500a5f349,"{""distance"":7,""physical_error_rate"":0.1}","{""detection_events"":1333,""detectors_checked"":4816,""obs_mistake_mask=E"":5}"
     63488,         0,         0,    1.11,exact_mw,d5491e2f66b0c830b41b0168451c8818c583b15508c9bf9282dc8e7a6cb6bd3f,"{""distance"":7,""physical_error_rate"":0.0001}","{""detection_events"":19114,""detectors_checked"":38219776}"
        16,         0,         0,   0.489,exact_mw,0a198d80e37665dd6f23c481ef1c601566b502223b7ce5d7a38dc87c0be91af9,"{""distance"":7,""physical_error_rate"":0.005}","{""detection_events"":243,""detectors_checked"":9632}"
        16,         0,         0,   0.471,exact_mw,2e54b5982e286509c94a8bc96d1d6e54082c27eed948d684125948784bc20414,"{""distance"":7,""physical_error_rate"":0.01}","{""detection_events"":402,""detectors_checked"":9632}"
        16,         0,         0,   0.053,exact_mw,ca91ffa42463e210e189f165a9a4cbcfd1773a75ca815ff24a9009c31e62d8d0,"{""distance"":7,""physical_error_rate"":0.002}","{""detection_events"":97,""detectors_checked"":9632}"
       512,         0,         0,   0.470,exact_mw,7acd59d404317421b37957afea3f5c66f33c9ef46579a47fd7c0ca3dd0dfc735,"{""distance"":7,""physical_error_rate"":0.001}","{""detection_events"":1475,""detectors_checked"":308224}"
         8,         4,         0,   0.425,exact_mw,104e95c9c5c26aa16a540527dd1100b1154b7e08e6a11bc0dc85c4e500a5f349,"{""distance"":7,""physical_error_rate"":0.1}","{""detection_events"":1426,""detectors_checked"":4816,""obs_mistake_mask=E"":4}"
         8,         1,         0,   0.417,exact_mw,44a30ed6f1c17712a1e48498787ed849716b01ee0859fb371aa1a98cce5f11ec,"{""distance"":7,""physical_error_rate"":0.05}","{""detection_events"":887,""detectors_checked"":4816,""obs_mistake_mask=E"":1}"
      7168,         0,         0,   0.298,exact_mw,f7d5d61828a7d0145c65811496ba49aa9633daaed59c6883f51143c3b878094e,"{""distance"":7,""physical_error_rate"":5e-05}","{""detection_events"":1157,""detectors_checked"":4315136}"
         4,         3,         0,   0.323,exact_mw,64e98f39d6e43472d1609d4d4a0f6c9fe4a6bcbdeed2edfe3967a999e171dbce,"{""distance"":7,""physical_error_rate"":0.5}","{""detection_events"":1200,""detectors_checked"":2408,""obs_mistake_mask=E"":3}"
      1024,         0,         0,   0.152,exact_mw,c34bb01325b9980f7caca1807bd93e7e28846c82b8c0538af034740e6e7d5106,"{""distance"":7,""physical_error_rate"":0.0005}","{""detection_events"":1541,""detectors_checked"":616448}"
        16,         0,         0,   0.541,exact_mw,2e54b5982e286509c94a8bc96d1d6e54082c27eed948d684125948784bc20414,"{""distance"":7,""physical_error_rate"":0.01}","{""detection_events"":425,""detectors_checked"":9632}"
        16,         0,         0,   0.363,exact_mw,2e54b5982e286509c94a8bc96d1d6e54082c27eed948d684125948784bc20414,"{""distance"":7,""physical_error_rate"":0.01}","{""detection_events"":386,""detectors_checked"":9632}"
     54272,         0,         0,    1.11,exact_mw,d5491e2f66b0c830b41b0168451c8818c583b15508c9bf9282dc8e7a6cb6bd3f,"{""distance"":7,""physical_error_rate"":0.0001}","{""detection_events"":15862,""detectors_checked"":32671744}"
     12288,         0,         0,   0.121,exact_mw,f7d5d61828a7d0145c65811496ba49aa9633daaed59c6883f51143c3b878094e,"{""distance"":7,""physical_error_rate"":5e-05}","{""detection_events"":1884,""detectors_checked"":7397376}"
        16,         2,         0,   0.767,exact_mw,44a30ed6f1c17712a1e48498787ed849716b01ee0859fb371aa1a98cce5f11ec,"{""distance"":7,""physical_error_rate"":0.05}","{""detection_events"":1793,""detectors_checked"":9632,""obs_mistake_mask=E"":2}"
      1024,         0,         0,    1.45,exact_mw,7acd59d404317421b37957afea3f5c66f33c9ef46579a47fd7c0ca3dd0dfc735,"{""distance"":7,""physical_error_rate"":0.001}","{""detection_events"":3137,""detectors_checked"":616448}"
        64,         0,         0,    1.30,exact_mw,0a198d80e37665dd6f23c481ef1c601566b502223b7ce5d7a38dc87c0be91af9,"{""distance"":7,""physical_error_rate"":0.005}","{""detection_events"":939,""detectors_checked"":38528}"
         4,         3,         0,   0.347,exact_mw,7d00f1b687639e6070f8d0dea4f3a829a056f2a9a5be0f7c860aca0937915e3d,"{""distance"":7,""physical_error_rate"":0.2}","{""detection_events"":987,""detectors_checked"":2408,""obs_mistake_mask=E"":3}"
      1024,         0,         0,   0.139,exact_mw,c34bb01325b9980f7caca1807bd93e7e28846c82b8c0538af034740e6e7d5106,"{""distance"":7,""physical_error_rate"":0.0005}","{""detection_events"":1566,""detectors_checked"":616448}"
         1,         1,         0,   0.048,exact_mw,1f0c41bfbbc8ec35ff1484b2be036ef48716a49dcf1cc37e155a3f5819690eee,"{""distance"":7,""physical_error_rate"":0.02}","{""detection_events"":54,""detectors_checked"":602,""obs_mistake_mask=E"":1}"
     19456,         0,         0,   0.298,exact_mw,f7d5d61828a7d0145c65811496ba49aa9633daaed59c6883f51143c3b878094e,"{""distance"":7,""physical_error_rate"":5e-05}","{""detection_events"":3006,""detectors_checked"":11712512}"
         8,         5,         0,   0.451,exact_mw,104e95c9c5c26aa16a540527dd1100b1154b7e08e6a11bc0dc85c4e500a5f349,"{""distance"":7,""physical_error_rate"":0.1}","{""detection_events"":1406,""detectors_checked"":4816,""obs_mistake_mask=E"":5}"
      1297,         0,         0,   0.014,exact_mw,f5ed540d8b33fe7a17a96c57e6e367075413a3677864b79373445f6bf89adea1,"{""distance"":7,""physical_error_rate"":0.0002}","{""detection_events"":800,""detectors_checked"":780794}"
     16384,         1,         0,   0.588,exact_mw,f5ed540d8b33fe7a17a96c57e6e367075413a3677864b79373445f6bf89adea1,"{""distance"":7,""physical_error_rate"":0.0002}","{""detection_events"":9602,""detectors_checked"":9863168,""obs_mistake_mask=E"":1}"
         8,         0,         0,   0.432,exact_mw,1f0c41bfbbc8ec35ff1484b2be036ef48716a49dcf1cc37e155a3f5819690eee,"{""distance"":7,""physical_error_rate"":0.02}","{""detection_events"":426,""detectors_checked"":4816}"
       128,         0,         0,   0.876,exact_mw,ca91ffa42463e210e189f165a9a4cbcfd1773a75ca815ff24a9009c31e62d8d0,"{""distance"":7,""physical_error_rate"":0.002}","{""detection_events"":836,""detectors_checked"":77056}"
        16,         1,         0,   0.635,exact_mw,1f0c41bfbbc8ec35ff1484b2be036ef48716a49dcf1cc37e155a3f5819690eee,"{""distance"":7,""physical_error_rate"":0.02}","{""detection_events"":850,""detectors_checked"":9632,""obs_mistake_mask=E"":1}"
     28672,         0,         0,   0.417,exact_mw,f7d5d61828a7d0145c65811496ba49aa9633daaed59c6883f51143c3b878094e,"{""distance"":7,""physical_error_rate"":5e-05}","{""detection_events"":4372,""detectors_checked"":17260544}"
        16,         0,         0,   0.688,exact_mw,2e54b5982e286509c94a8bc96d1d6e54082c27eed948d684125948784bc20414,"{""distance"":7,""physical_error_rate"":0.01}","{""detection_events"":433,""detectors_checked"":9632}"
      1024,         0,         0,   0.032,exact_mw,f5ed540d8b33fe7a17a96c57e6e367075413a3677864b79373445f6bf89adea1,"{""distance"":7,""physical_error_rate"":0.0002}","{""detection_events"":576,""detectors_checked"":616448}"
         8,         3,         0,   0.428,exact_mw,64e98f39d6e43472d1609d4d4a0f6c9fe4a6bcbdeed2edfe3967a999e171dbce,"{""distance"":7,""physical_error_rate"":0.5}","{""detection_events"":2396,""detectors_checked"":4816,""obs_mistake_mask=E"":3}"
      1024,         0,         0,   0.026,exact_mw,f5ed540d8b33fe7a17a96c57e6e367075413a3677864b79373445f6bf89adea1,"{""distance"":7,""physical_error_rate"":0.0002}","{""detection_events"":588,""detectors_checked"":616448}"
         8,         5,         0,   0.448,exact_mw,64e98f39d6e43472d1609d4d4a0f6c9fe4a6bcbdeed2edfe3967a999e171dbce,"{""distance"":7,""physical_error_rate"":0.5}","{""detection_events"":2384,""detectors_checked"":4816,""obs_mistake_mask=E"":5}"
      2048,         0,         0,   0.032,exact_mw,f5ed540d8b33fe7a17a96c57e6e367075413a3677864b79373445f6bf89adea1,"{""distance"":7,""physical_error_rate"":0.0002}","{""detection_events"":1241,""detectors_checked"":1232896}"
      1024,         0,         0,   0.168,exact_mw,c34bb01325b9980f7caca1807bd93e7e28846c82b8c0538af034740e6e7d5106,"{""distance"":7,""physical_error_rate"":0.0005}","{""detection_events"":1579,""detectors_checked"":616448}"
        64,         0,         0,    1.29,exact_mw,0a198d80e37665dd6f23c481ef1c601566b502223b7ce5d7a38dc87c0be91af9,"{""distance"":7,""physical_error_rate"":0.005}","{""detection_events"":857,""detectors_checked"":38528}"
      2048,         0,         0,   0.048,exact_mw,f5ed540d8b33fe7a17a96c57e6e367075413a3677864b79373445f6bf89adea1,"{""distance"":7,""physical_error_rate"":0.0002}","{""detection_events"":1185,""detectors_checked"":1232896}"
     10240,         0,         0,   0.191,exact_mw,f7d5d61828a7d0145c65811496ba49aa9633daaed59c6883f51143c3b878094e,"{""distance"":7,""physical_error_rate"":5e-05}","{""detection_events"":1503,""detectors_checked"":6164480}"
         8,         5,         0,   0.449,exact_mw,7d00f1b687639e6070f8d0dea4f3a829a056f2a9a5be0f7c860aca0937915e3d,"{""distance"":7,""physical_error_rate"":0.2}","{""detection_events"":1956,""detectors_checked"":4816,""obs_mistake_mask=E"":5}"
     21504,         0,         0,   0.789,exact_mw,f5ed540d8b33fe7a17a96c57e6e367075413a3677864b79373445f6bf89adea1,"{""distance"":7,""physical_error_rate"":0.0002}","{""detection_events"":13102,""detectors_checked"":12945408}"
      2048,         0,         0,   0.460,exact_mw,c34bb01325b9980f7caca1807bd93e7e28846c82b8c0538af034740e6e7d5106,"{""distance"":7,""physical_error_rate"":0.0005}","{""detection_events"":3034,""detectors_checked"":1232896}"
      6144,         0,         0,   0.897,exact_mw,c34bb01325b9980f7caca1807bd93e7e28846c82b8c0538af034740e6e7d5106,"{""distance"":7,""physical_error_rate"":0.0005}","{""detection_events"":8935,""detectors_checked"":3698688}"
      1024,         0,         0,   0.220,exact_mw,c34bb01325b9980f7caca1807bd93e7e28846c82b8c0538af034740e6e7d5106,"{""distance"":7,""physical_error_rate"":0.0005}","{""detection_events"":1501,""detectors_checked"":616448}"
         1,         0,         0,   0.013,exact_mw,ca91ffa42463e210e189f165a9a4cbcfd1773a75ca815ff24a9009c31e62d8d0,"{""distance"":7,""physical_error_rate"":0.002}","{""detection_events"":1,""detectors_checked"":602}"
      3072,         0,         0,   0.058,exact_mw,f5ed540d8b33fe7a17a96c57e6e367075413a3677864b79373445f6bf89adea1,"{""distance"":7,""physical_error_rate"":0.0002}","{""detection_events"":1865,""detectors_checked"":1849344}"
       256,         0,         0,   0.899,exact_mw,ca91ffa42463e210e189f165a9a4cbcfd1773a75ca815ff24a9009c31e62d8d0,"{""distance"":7,""physical_error_rate"":0.002}","{""detection_events"":1456,""detectors_checked"":154112}"
         1,         0,         0,   0.022,exact_mw,0a198d80e37665dd6f23c481ef1c601566b502223b7ce5d7a38dc87c0be91af9,"{""distance"":7,""physical_error_rate"":0.005}","{""detection_events"":20,""detectors_checked"":602}"
         4,         4,         0,   0.299,exact_mw,64e98f39d6e43472d1609d4d4a0f6c9fe4a6bcbdeed2edfe3967a999e171dbce,"{""distance"":7,""physical_error_rate"":0.5}","{""detection_events"":1244,""detectors_checked"":2408,""obs_mistake_mask=E"":4}"
         8,         6,         0,   0.457,exact_mw,7d00f1b687639e6070f8d0dea4f3a829a056f2a9a5be0f7c860aca0937915e3d,"{""distance"":7,""physical_error_rate"":0.2}","{""detection_events"":1895,""detectors_checked"":4816,""obs_mistake_mask=E"":6}"
        16,         0,         0,   0.034,exact_mw,ca91ffa42463e210e189f165a9a4cbcfd1773a75ca815ff24a9009c31e62d8d0,"{""distance"":7,""physical_error_rate"":0.002}","{""detection_events"":95,""detectors_checked"":9632}"
         8,         1,         0,   0.284,exact_mw,1f0c41bfbbc8ec35ff1484b2be036ef48716a49dcf1cc37e155a3f5819690eee,"{""distance"":7,""physical_error_rate"":0.02}","{""detection_events"":350,""detectors_checked"":4816,""obs_mistake_mask=E"":1}"
      1024,         0,         0,   0.161,exact_mw,c34bb01325b9980f7caca1807bd93e7e28846c82b8c0538af034740e6e7d5106,"{""distance"":7,""physical_error_rate"":0.0005}","{""detection_events"":1505,""detectors_checked"":616448}"
         8,         4,         0,   0.423,exact_mw,44a30ed6f1c17712a1e48498787ed849716b01ee0859fb371aa1a98cce5f11ec,"{""distance"":7,""physical_error_rate"":0.05}","{""detection_events"":863,""detectors_checked"":4816,""obs_mistake_mask=E"":4}"
      3072,         0,         0,   0.076,exact_mw,f5ed540d8b33fe7a17a96c57e6e367075413a3677864b79373445f6bf89adea1,"{""distance"":7,""physical_error_rate"":0.0002}","{""detection_events"":1744,""detectors_checked"":1849344}"
         8,         5,         0,   0.427,exact_mw,104e95c9c5c26aa16a540527dd1100b1154b7e08e6a11bc0dc85c4e500a5f349,"{""distance"":7,""physical_error_rate"":0.1}","{""detection_events"":1403,""detectors_checked"":4816,""obs_mistake_mask=E"":5}"
        16,         2,         0,   0.440,exact_mw,2e54b5982e286509c94a8bc96d1d6e54082c27eed948d684125948784bc20414,"{""distance"":7,""physical_error_rate"":0.01}","{""detection_events"":439,""detectors_checked"":9632,""obs_mistake_mask=E"":2}"
         4,         3,         0,   0.329,exact_mw,7d00f1b687639e6070f8d0dea4f3a829a056f2a9a5be0f7c860aca0937915e3d,"{""distance"":7,""physical_error_rate"":0.2}","{""detection_events"":1039,""detectors_checked"":2408,""obs_mistake_mask=E"":3}"
       128,         0,         0,   0.453,exact_mw,ca91ffa42463e210e189f165a9a4cbcfd1773a75ca815ff24a9009c31e62d8d0,"{""distance"":7,""physical_error_rate"":0.002}","{""detection_events"":700,""detectors_checked"":77056}"
        16,         0,         0,   0.845,exact_mw,1f0c41bfbbc8ec35ff1484b2be036ef48716a49dcf1cc37e155a3f5819690eee,"{""distance"":7,""physical_error_rate"":0.02}","{""detection_events"":798,""detectors_checked"":9632}"
         8,         4,         0,   0.505,exact_mw,104e95c9c5c26aa16a540527dd1100b1154b7e08e6a11bc0dc85c4e500a5f349,"{""distance"":7,""physical_error_rate"":0.1}","{""detection_events"":1340,""detectors_checked"":4816,""obs_mistake_mask=E"":4}"
        16,         0,         0,   0.779,exact_mw,2e54b5982e286509c94a8bc96d1d6e54082c27eed948d684125948784bc20414,"{""distance"":7,""physical_error_rate"":0.01}","{""detection_events"":397,""detectors_checked"":9632}"
      9216,         0,         0,   0.472,exact_mw,f7d5d61828a7d0145c65811496ba49aa9633daaed59c6883f51143c3b878094e,"{""distance"":7,""physical_error_rate"":5e-05}","{""detection_events"":1368,""detectors_checked"":5548032}"
     20480,         0,         0,   0.387,exact_mw,f7d5d61828a7d0145c65811496ba49aa9633daaed59c6883f51143c3b878094e,"{""distance"":7,""physical_error_rate"":5e-05}","{""detection_events"":3033,""detectors_checked"":12328960}"
      1024,         0,         0,   0.132,exact_mw,c34bb01325b9980f7caca1807bd93e7e28846c82b8c0538af034740e6e7d5106,"{""distance"":7,""physical_error_rate"":0.0005}","{""detection_events"":1392,""detectors_checked"":616448}"
      6144,         0,         0,   0.126,exact_mw,f5ed540d8b33fe7a17a96c57e6e367075413a3677864b79373445f6bf89adea1,"{""distance"":7,""physical_error_rate"":0.0002}","{""detection_events"":3792,""detectors_checked"":3698688}"
     22528,         0,         0,   0.789,exact_mw,f5ed540d8b33fe7a17a96c57e6e367075413a3677864b79373445f6bf89adea1,"{""distance"":7,""physical_error_rate"":0.0002}","{""detection_events"":13255,""detectors_checked"":13561856}"
         1,         0,         0,   0.025,exact_mw,d5491e2f66b0c830b41b0168451c8818c583b15508c9bf9282dc8e7a6cb6bd3f,"{""distance"":7,""physical_error_rate"":0.0001}","{""detection_events"":5,""detectors_checked"":602}"
        16,         0,         0,   0.497,exact_mw,2e54b5982e286509c94a8bc96d1d6e54082c27eed948d684125948784bc20414,"{""distance"":7,""physical_error_rate"":0.01}","{""detection_events"":457,""detectors_checked"":9632}"
      1024,         0,         0,   0.219,exact_mw,c34bb01325b9980f7caca1807bd93e7e28846c82b8c0538af034740e6e7d5106,"{""distance"":7,""physical_error_rate"":0.0005}","{""detection_events"":1569,""detectors_checked"":616448}"
     15360,         0,         0,   0.296,exact_mw,f7d5d61828a7d0145c65811496ba49aa9633daaed59c6883f51143c3b878094e,"{""distance"":7,""physical_error_rate"":5e-05}","{""detection_events"":2415,""detectors_checked"":9246720}"
        40,         9,         0,    1.91,exact_mw,44a30ed6f1c17712a1e48498787ed849716b01ee0859fb371aa1a98cce5f11ec,"{""distance"":7,""physical_error_rate"":0.05}","{""detection_events"":4442,""detectors_checked"":24080,""obs_mistake_mask=E"":9}"
      1296,         0,         0,   0.054,exact_mw,d5491e2f66b0c830b41b0168451c8818c583b15508c9bf9282dc8e7a6cb6bd3f,"{""distance"":7,""physical_error_rate"":0.0001}","{""detection_events"":425,""detectors_checked"":780192}"
        16,         0,         0,   0.521,exact_mw,2e54b5982e286509c94a8bc96d1d6e54082c27eed948d684125948784bc20414,"{""distance"":7,""physical_error_rate"":0.01}","{""detection_events"":472,""detectors_checked"":9632}"
         8,         0,         0,   0.488,exact_mw,1f0c41bfbbc8ec35ff1484b2be036ef48716a49dcf1cc37e155a3f5819690eee,"{""distance"":7,""physical_error_rate"":0.02}","{""detection_events"":423,""detectors_checked"":4816}"
       512,         0,         0,   0.648,exact_mw,7acd59d404317421b37957afea3f5c66f33c9ef46579a47fd7c0ca3dd0dfc735,"{""distance"":7,""physical_error_rate"":0.001}","{""detection_events"":1672,""detectors_checked"":308224}"
         1,         0,         0,   0.051,exact_mw,7d00f1b687639e6070f8d0dea4f3a829a056f2a9a5be0f7c860aca0937915e3d,"{""distance"":7,""physical_error_rate"":0.2}","{""detection_events"":252,""detectors_checked"":602}"
        24,        16,         0,    1.24,exact_mw,104e95c9c5c26aa16a540527dd1100b1154b7e08e6a11bc0dc85c4e500a5f349,"{""distance"":7,""physical_error_rate"":0.1}","{""detection_events"":4201,""detectors_checked"":14448,""obs_mistake_mask=E"":16}"
       512,         0,         0,   0.594,exact_mw,7acd59d404317421b37957afea3f5c66f33c9ef46579a47fd7c0ca3dd0dfc735,"{""distance"":7,""physical_error_rate"":0.001}","{""detection_events"":1586,""detectors_checked"":308224}"
       128,         0,         0,   0.552,exact_mw,ca91ffa42463e210e189f165a9a4cbcfd1773a75ca815ff24a9009c31e62d8d0,"{""distance"":7,""physical_error_rate"":0.002}","{""detection_events"":668,""detectors_checked"":77056}"
         8,         7,         0,   0.457,exact_mw,64e98f39d6e43472d1609d4d4a0f6c9fe4a6bcbdeed2edfe3967a999e171dbce,"{""distance"":7,""physical_error_rate"":0.5}","{""detection_events"":2399,""detectors_checked"":4816,""obs_mistake_mask=E"":7}"
        16,         0,         0,   0.493,exact_mw,2e54b5982e286509c94a8bc96d1d6e54082c27eed948d684125948784bc20414,"{""distance"":7,""physical_error_rate"":0.01}","{""detection_events"":383,""detectors_checked"":9632}"
      8192,         0,         0,   0.156,exact_mw,f5ed540d8b33fe7a17a96c57e6e367075413a3677864b79373445f6bf89adea1,"{""distance"":7,""physical_error_rate"":0.0002}","{""detection_events"":4715,""detectors_checked"":4931584}"
      1024,         0,         0,   0.082,exact_mw,d5491e2f66b0c830b41b0168451c8818c583b15508c9bf9282dc8e7a6cb6bd3f,"{""distance"":7,""physical_error_rate"":0.0001}","{""detection_events"":276,""detectors_checked"":616448}"
      1024,         0,         0,   0.141,exact_mw,c34bb01325b9980f7caca1807bd93e7e28846c82b8c0538af034740e6e7d5106,"{""distance"":7,""physical_error_rate"":0.0005}","{""detection_events"":1556,""detectors_checked"":616448}"
      1024,         0,         0,   0.164,exact_mw,c34bb01325b9980f7caca1807bd93e7e28846c82b8c0538af034740e6e7d5106,"{""distance"":7,""physical_error_rate"":0.0005}","{""detection_events"":1604,""detectors_checked"":616448}"
      1024,         0,         0,   0.007,exact_mw,d5491e2f66b0c830b41b0168451c8818c583b15508c9bf9282dc8e7a6cb6bd3f,"{""distance"":7,""physical_error_rate"":0.0001}","{""detection_events"":300,""detectors_checked"":616448}"
         1,         0,         0,   0.009,exact_mw,c34bb01325b9980f7caca1807bd93e7e28846c82b8c0538af034740e6e7d5106,"{""distance"":7,""physical_error_rate"":0.0005}","{""detectors_checked"":602}"
         8,         7,         0,   0.433,exact_mw,7d00f1b687639e6070f8d0dea4f3a829a056f2a9a5be0f7c860aca0937915e3d,"{""distance"":7,""physical_error_rate"":0.2}","{""detection_events"":1881,""detectors_checked"":4816,""obs_mistake_mask=E"":7}"
     32768,         0,         0,   0.575,exact_mw,f7d5d61828a7d0145c65811496ba49aa9633daaed59c6883f51143c3b878094e,"{""distance"":7,""physical_error_rate"":5e-05}","{""detection_events"":4719,""detectors_checked"":19726336}"
        16,         0,         0,   0.372,exact_mw,0a198d80e37665dd6f23c481ef1c601566b502223b7ce5d7a38dc87c0be91af9,"{""distance"":7,""physical_error_rate"":0.005}","{""detection_events"":219,""detectors_checked"":9632}"
         8,         3,         0,   0.547,exact_mw,64e98f39d6e43472d1609d4d4a0f6c9fe4a6bcbdeed2edfe3967a999e171dbce,"{""distance"":7,""physical_error_rate"":0.5}","{""detection_events"":2400,""detectors_checked"":4816,""obs_mistake_mask=E"":3}"
       272,         0,         0,   0.024,exact_mw,c34bb01325b9980f7caca1807bd93e7e28846c82b8c0538af034740e6e7d5106,"{""distance"":7,""physical_error_rate"":0.0005}","{""detection_events"":379,""detectors_checked"":163744}"
      2048,         0,         0,   0.043,exact_mw,d5491e2f66b0c830b41b0168451c8818c583b15508c9bf9282dc8e7a6cb6bd3f,"{""distance"":7,""physical_error_rate"":0.0001}","{""detection_events"":583,""detectors_checked"":1232896}"
         8,         5,         0,   0.648,exact_mw,104e95c9c5c26aa16a540527dd1100b1154b7e08e6a11bc0dc85c4e500a5f349,"{""distance"":7,""physical_error_rate"":0.1}","{""detection_events"":1387,""detectors_checked"":4816,""obs_mistake_mask=E"":5}"
         4,         2,         0,   0.331,exact_mw,7d00f1b687639e6070f8d0dea4f3a829a056f2a9a5be0f7c860aca0937915e3d,"{""distance"":7,""physical_error_rate"":0.2}","{""detection_events"":965,""detectors_checked"":2408,""obs_mistake_mask=E"":2}"
        48,         2,         0,    2.05,exact_mw,1f0c41bfbbc8ec35ff1484b2be036ef48716a49dcf1cc37e155a3f5819690eee,"{""distance"":7,""physical_error_rate"":0.02}","{""detection_events"":2398,""detectors_checked"":28896,""obs_mistake_mask=E"":2}"
         1,         0,         0,   0.028,exact_mw,0a198d80e37665dd6f23c481ef1c601566b502223b7ce5d7a38dc87c0be91af9,"{""distance"":7,""physical_error_rate"":0.005}","{""detection_events"":11,""detectors_checked"":602}"
        32,         0,         0,   0.813,exact_mw,0a198d80e37665dd6f23c481ef1c601566b502223b7ce5d7a38dc87c0be91af9,"{""distance"":7,""physical_error_rate"":0.005}","{""detection_events"":415,""detectors_checked"":19264}"
         8,         2,         0,   0.426,exact_mw,7d00f1b687639e6070f8d0dea4f3a829a056f2a9a5be0f7c860aca0937915e3d,"{""distance"":7,""physical_error_rate"":0.2}","{""detection_events"":1904,""detectors_checked"":4816,""obs_mistake_mask=E"":2}"
      2048,         0,         0,   0.056,exact_mw,d5491e2f66b0c830b41b0168451c8818c583b15508c9bf9282dc8e7a6cb6bd3f,"{""distance"":7,""physical_error_rate"":0.0001}","{""detection_events"":582,""detectors_checked"":1232896}"
      2048,         0,         0,   0.546,exact_mw,c34bb01325b9980f7caca1807bd93e7e28846c82b8c0538af034740e6e7d5106,"{""distance"":7,""physical_error_rate"":0.0005}","{""detection_events"":3134,""detectors_checked"":1232896}"
     76800,         0,         0,    1.08,exact_mw,f7d5d61828a7d0145c65811496ba49aa9633daaed59c6883f51143c3b878094e,"{""distance"":7,""physical_error_rate"":5e-05}","{""detection_events"":11341,""detectors_checked"":46233600}"
         8,         2,         0,   0.438,exact_mw,104e95c9c5c26aa16a540527dd1100b1154b7e08e6a11bc0dc85c4e500a5f349,"{""distance"":7,""physical_error_rate"":0.1}","{""detection_events"":1375,""detectors_checked"":4816,""obs_mistake_mask=E"":2}"
         8,         3,         0,   0.461,exact_mw,44a30ed6f1c17712a1e48498787ed849716b01ee0859fb371aa1a98cce5f11ec,"{""distance"":7,""physical_error_rate"":0.05}","{""detection_events"":871,""detectors_checked"":4816,""obs_mistake_mask=E"":3}"
      1024,         0,         0,   0.197,exact_mw,c34bb01325b9980f7caca1807bd93e7e28846c82b8c0538af034740e6e7d5106,"{""distance"":7,""physical_error_rate"":0.0005}","{""detection_events"":1535,""detectors_checked"":616448}"
      5120,         0,         0,   0.087,exact_mw,d5491e2f66b0c830b41b0168451c8818c583b15508c9bf9282dc8e7a6cb6bd3f,"{""distance"":7,""physical_error_rate"":0.0001}","{""detection_events"":1563,""detectors_checked"":3082240}"
     10240,         0,         0,   0.213,exact_mw,f5ed540d8b33fe7a17a96c57e6e367075413a3677864b79373445f6bf89adea1,"{""distance"":7,""physical_error_rate"":0.0002}","{""detection_events"":6040,""detectors_checked"":6164480}"
      1024,         0,         0,   0.192,exact_mw,c34bb01325b9980f7caca1807bd93e7e28846c82b8c0538af034740e6e7d5106,"{""distance"":7,""physical_error_rate"":0.0005}","{""detection_events"":1616,""detectors_checked"":616448}"
         8,         4,         0,   0.489,exact_mw,104e95c9c5c26aa16a540527dd1100b1154b7e08e6a11bc0dc85c4e500a5f349,"{""distance"":7,""physical_error_rate"":0.1}","{""detection_events"":1406,""detectors_checked"":4816,""obs_mistake_mask=E"":4}"
     24576,         0,         0,   0.813,exact_mw,f5ed540d8b33fe7a17a96c57e6e367075413a3677864b79373445f6bf89adea1,"{""distance"":7,""physical_error_rate"":0.0002}","{""detection_events"":14421,""detectors_checked"":14794752}"
        16,         0,         0,   0.224,exact_mw,0a198d80e37665dd6f23c481ef1c601566b502223b7ce5d7a38dc87c0be91af9,"{""distance"":7,""physical_error_rate"":0.005}","{""detection_events"":230,""detectors_checked"":9632}"
     25600,         0,         0,   0.402,exact_mw,f7d5d61828a7d0145c65811496ba49aa9633daaed59c6883f51143c3b878094e,"{""distance"":7,""physical_error_rate"":5e-05}","{""detection_events"":3693,""detectors_checked"":15411200}"
         8,         6,         0,   0.625,exact_mw,64e98f39d6e43472d1609d4d4a0f6c9fe4a6bcbdeed2edfe3967a999e171dbce,"{""distance"":7,""physical_error_rate"":0.5}","{""detection_events"":2362,""detectors_checked"":4816,""obs_mistake_mask=E"":6}"
        16,         0,         0,   0.569,exact_mw,2e54b5982e286509c94a8bc96d1d6e54082c27eed948d684125948784bc20414,"{""distance"":7,""physical_error_rate"":0.01}","{""detection_events"":457,""detectors_checked"":9632}"
        16,         0,         0,   0.623,exact_mw,1f0c41bfbbc8ec35ff1484b2be036ef48716a49dcf1cc37e155a3f5819690eee,"{""distance"":7,""physical_error_rate"":0.02}","{""detection_events"":831,""detectors_checked"":9632}"
        16,         5,         0,   0.933,exact_mw,44a30ed6f1c17712a1e48498787ed849716b01ee0859fb371aa1a98cce5f11ec,"{""distance"":7,""physical_error_rate"":0.05}","{""detection_events"":1738,""detectors_checked"":9632,""obs_mistake_mask=E"":5}"
        16,         1,         0,   0.236,exact_mw,0a198d80e37665dd6f23c481ef1c601566b502223b7ce5d7a38dc87c0be91af9,"{""distance"":7,""physical_error_rate"":0.005}","{""detection_events"":238,""detectors_checked"":9632,""obs_mistake_mask=E"":1}"
      6144,         0,         0,   0.129,exact_mw,d5491e2f66b0c830b41b0168451c8818c583b15508c9bf9282dc8e7a6cb6bd3f,"{""distance"":7,""physical_error_rate"":0.0001}","{""detection_events"":1711,""detectors_checked"":3698688}"
      1024,         0,         0,   0.346,exact_mw,c34bb01325b9980f7caca1807bd93e7e28846c82b8c0538af034740e6e7d5106,"{""distance"":7,""physical_error_rate"":0.0005}","{""detection_events"":1423,""detectors_checked"":616448}"
      1024,         0,         0,   0.131,exact_mw,c34bb01325b9980f7caca1807bd93e7e28846c82b8c0538af034740e6e7d5106,"{""distance"":7,""physical_error_rate"":0.0005}","{""detection_events"":1409,""detectors_checked"":616448}"
        16,         0,         0,   0.518,exact_mw,2e54b5982e286509c94a8bc96d1d6e54082c27eed948d684125948784bc20414,"{""distance"":7,""physical_error_rate"":0.01}","{""detection_events"":438,""detectors_checked"":9632}"
     14336,         0,         0,   0.583,exact_mw,f7d5d61828a7d0145c65811496ba49aa9633daaed59c6883f51143c3b878094e,"{""distance"":7,""physical_error_rate"":5e-05}","{""detection_events"":2046,""detectors_checked"":8630272}"
     37888,         0,         0,   0.567,exact_mw,f7d5d61828a7d0145c65811496ba49aa9633daaed59c6883f51143c3b878094e,"{""distance"":7,""physical_error_rate"":5e-05}","{""detection_events"":5290,""detectors_checked"":22808576}"
       128,         0,         0,   0.644,exact_mw,ca91ffa42463e210e189f165a9a4cbcfd1773a75ca815ff24a9009c31e62d8d0,"{""distance"":7,""physical_error_rate"":0.002}","{""detection_events"":760,""detectors_checked"":77056}"
    164864,         0,         0,    3.04,exact_mw,f5ed540d8b33fe7a17a96c57e6e367075413a3677864b79373445f6bf89adea1,"{""distance"":7,""physical_error_rate"":0.0002}","{""detection_events"":97948,""detectors_checked"":99248128}"
        16,         0,         0,   0.620,exact_mw,2e54b5982e286509c94a8bc96d1d6e54082c27eed948d684125948784bc20414,"{""distance"":7,""physical_error_rate"":0.01}","{""detection_events"":424,""detectors_checked"":9632}"
         8,         2,         0,   0.492,exact_mw,1f0c41bfbbc8ec35ff1484b2be036ef48716a49dcf1cc37e155a3f5819690eee,"{""distance"":7,""physical_error_rate"":0.02}","{""detection_events"":466,""detectors_checked"":4816,""obs_mistake_mask=E"":2}"
         4,         4,         0,   0.336,exact_mw,7d00f1b687639e6070f8d0dea4f3a829a056f2a9a5be0f7c860aca0937915e3d,"{""distance"":7,""physical_error_rate"":0.2}","{""detection_events"":981,""detectors_checked"":2408,""obs_mistake_mask=E"":4}"
         8,         4,         0,   0.401,exact_mw,64e98f39d6e43472d1609d4d4a0f6c9fe4a6bcbdeed2edfe3967a999e171dbce,"{""distance"":7,""physical_error_rate"":0.5}","{""detection_events"":2351,""detectors_checked"":4816,""obs_mistake_mask=E"":4}"
        16,         1,         0,   0.452,exact_mw,2e54b5982e286509c94a8bc96d1d6e54082c27eed948d684125948784bc20414,"{""distance"":7,""physical_error_rate"":0.01}","{""detection_events"":497,""detectors_checked"":9632,""obs_mistake_mask=E"":1}"
         8,         4,         0,   0.437,exact_mw,7d00f1b687639e6070f8d0dea4f3a829a056f2a9a5be0f7c860aca0937915e3d,"{""distance"":7,""physical_error_rate"":0.2}","{""detection_events"":1929,""detectors_checked"":4816,""obs_mistake_mask=E"":4}"
         1,         0,         0,   0.054,exact_mw,7d00f1b687639e6070f8d0dea4f3a829a056f2a9a5be0f7c860aca0937915e3d,"{""distance"":7,""physical_error_rate"":0.2}","{""detection_events"":248,""detectors_checked"":602}"
      1024,         0,         0,   0.284,exact_mw,c34bb01325b9980f7caca1807bd93e7e28846c82b8c0538af034740e6e7d5106,"{""distance"":7,""physical_error_rate"":0.0005}","{""detection_events"":1497,""detectors_checked"":616448}"
         8,         6,         0,   0.517,exact_mw,7d00f1b687639e6070f8d0dea4f3a829a056f2a9a5be0f7c860aca0937915e3d,"{""distance"":7,""physical_error_rate"":0.2}","{""detection_events"":1955,""detectors_checked"":4816,""obs_mistake_mask=E"":6}"
      8192,         0,         0,   0.166,exact_mw,d5491e2f66b0c830b41b0168451c8818c583b15508c9bf9282dc8e7a6cb6bd3f,"{""distance"":7,""physical_error_rate"":0.0001}","{""detection_events"":2453,""detectors_checked"":4931584}"
         1,         0,         0,   0.001,exact_mw,d5491e2f66b0c830b41b0168451c8818c583b15508c9bf9282dc8e7a6cb6bd3f,"{""distance"":7,""physical_error_rate"":0.0001}","{""detectors_checked"":602}"
       512,         0,         0,   0.571,exact_mw,7acd59d404317421b37957afea3f5c66f33c9ef46579a47fd7c0ca3dd0dfc735,"{""distance"":7,""physical_error_rate"":0.001}","{""detection_events"":1432,""detectors_checked"":308224}"
      1024,         0,         0,   0.137,exact_mw,c34bb01325b9980f7caca1807bd93e7e28846c82b8c0538af034740e6e7d5106,"{""distance"":7,""physical_error_rate"":0.0005}","{""detection_events"":1447,""detectors_checked"":616448}"
     13312,         0,         0,   0.313,exact_mw,f5ed540d8b33fe7a17a96c57e6e367075413a3677864b79373445f6bf89adea1,"{""distance"":7,""physical_error_rate"":0.0002}","{""detection_events"":7882,""detectors_checked"":8013824}"
        16,         0,         0,   0.628,exact_mw,2e54b5982e286509c94a8bc96d1d6e54082c27eed948d684125948784bc20414,"{""distance"":7,""physical_error_rate"":0.01}","{""detection_events"":429,""detectors_checked"":9632}"
       512,         0,         0,   0.546,exact_mw,7acd59d404317421b37957afea3f5c66f33c9ef46579a47fd7c0ca3dd0dfc735,"{""distance"":7,""physical_error_rate"":0.001}","{""detection_events"":1516,""detectors_checked"":308224}"
      2320,         0,         0,   0.025,exact_mw,d5491e2f66b0c830b41b0168451c8818c583b15508c9bf9282dc8e7a6cb6bd3f,"{""distance"":7,""physical_error_rate"":0.0001}","{""detection_events"":673,""detectors_checked"":1396640}"
         8,         3,         0,   0.470,exact_mw,7d00f1b687639e6070f8d0dea4f3a829a056f2a9a5be0f7c860aca0937915e3d,"{""distance"":7,""physical_error_rate"":0.2}","{""detection_events"":1937,""detectors_checked"":4816,""obs_mistake_mask=E"":3}"
         8,         5,         0,   0.401,exact_mw,104e95c9c5c26aa16a540527dd1100b1154b7e08e6a11bc0dc85c4e500a5f349,"{""distance"":7,""physical_error_rate"":0.1}","{""detection_events"":1345,""detectors_checked"":4816,""obs_mistake_mask=E"":5}"
         8,         3,         0,   0.505,exact_mw,104e95c9c5c26aa16a540527dd1100b1154b7e08e6a11bc0dc85c4e500a5f349,"{""distance"":7,""physical_error_rate"":0.1}","{""detection_events"":1363,""detectors_checked"":4816,""obs_mistake_mask=E"":3}"
      2048,         0,         0,   0.029,exact_mw,d5491e2f66b0c830b41b0168451c8818c583b15508c9bf9282dc8e7a6cb6bd3f,"{""distance"":7,""physical_error_rate"":0.0001}","{""detection_events"":592,""detectors_checked"":1232896}"
        16,         0,         0,   0.829,exact_mw,1f0c41bfbbc8ec35ff1484b2be036ef48716a49dcf1cc37e155a3f5819690eee,"{""distance"":7,""physical_error_rate"":0.02}","{""detection_events"":867,""detectors_checked"":9632}"
       256,         0,         0,   0.940,exact_mw,ca91ffa42463e210e189f165a9a4cbcfd1773a75ca815ff24a9009c31e62d8d0,"{""distance"":7,""physical_error_rate"":0.002}","{""detection_events"":1400,""detectors_checked"":154112}"
      2048,         0,         0,   0.024,exact_mw,d5491e2f66b0c830b41b0168451c8818c583b15508c9bf9282dc8e7a6cb6bd3f,"{""distance"":7,""physical_error_rate"":0.0001}","{""detection_events"":642,""detectors_checked"":1232896}"
       128,         1,         0,   0.601,exact_mw,ca91ffa42463e210e189f165a9a4cbcfd1773a75ca815ff24a9009c31e62d8d0,"{""distance"":7,""physical_error_rate"":0.002}","{""detection_events"":747,""detectors_checked"":77056,""obs_mistake_mask=E"":1}"
      1024,         0,         0,   0.289,exact_mw,c34bb01325b9980f7caca1807bd93e7e28846c82b8c0538af034740e6e7d5106,"{""distance"":7,""physical_error_rate"":0.0005}","{""detection_events"":1543,""detectors_checked"":616448}"
      1024,         0,         0,   0.137,exact_mw,c34bb01325b9980f7caca1807bd93e7e28846c82b8c0538af034740e6e7d5106,"{""distance"":7,""physical_error_rate"":0.0005}","{""detection_events"":1532,""detectors_checked"":616448}"
      4096,         0,         0,   0.052,exact_mw,d5491e2f66b0c830b41b0168451c8818c583b15508c9bf9282dc8e7a6cb6bd3f,"{""distance"":7,""physical_error_rate"":0.0001}","{""detection_events"":1149,""detectors_checked"":2465792}"
        32,         2,         0,    1.23,exact_mw,1f0c41bfbbc8ec35ff1484b2be036ef48716a49dcf1cc37e155a3f5819690eee,"{""distance"":7,""physical_error_rate"":0.02}","{""detection_events"":1740,""detectors_checked"":19264,""obs_mistake_mask=E"":2}"
         8,         2,         0,   0.427,exact_mw,104e95c9c5c26aa16a540527dd1100b1154b7e08e6a11bc0dc85c4e500a5f349,"{""distance"":7,""physical_error_rate"":0.1}","{""detection_events"":1416,""detectors_checked"":4816,""obs_mistake_mask=E"":2}"
      3072,         0,         0,   0.561,exact_mw,c34bb01325b9980f7caca1807bd93e7e28846c82b8c0538af034740e6e7d5106,"{""distance"":7,""physical_error_rate"":0.0005}","{""detection_events"":4671,""detectors_checked"":1849344}"
         1,         1,         0,   0.069,exact_mw,44a30ed6f1c17712a1e48498787ed849716b01ee0859fb371aa1a98cce5f11ec,"{""distance"":7,""physical_error_rate"":0.05}","{""detection_events"":110,""detectors_checked"":602,""obs_mistake_mask=E"":1}"
      3072,         0,         0,   0.039,exact_mw,d5491e2f66b0c830b41b0168451c8818c583b15508c9bf9282dc8e7a6cb6bd3f,"{""distance"":7,""physical_error_rate"":0.0001}","{""detection_events"":893,""detectors_checked"":1849344}"
     31744,         0,         0,    1.13,exact_mw,f5ed540d8b33fe7a17a96c57e6e367075413a3677864b79373445f6bf89adea1,"{""distance"":7,""physical_error_rate"":0.0002}","{""detection_events"":18541,""detectors_checked"":19109888}"
     10240,         0,         0,   0.212,exact_mw,d5491e2f66b0c830b41b0168451c8818c583b15508c9bf9282dc8e7a6cb6bd3f,"{""distance"":7,""physical_error_rate"":0.0001}","{""detection_events"":3085,""detectors_checked"":6164480}"
         8,         3,         0,   0.555,exact_mw,44a30ed6f1c17712a1e48498787ed849716b01ee0859fb371aa1a98cce5f11ec,"{""distance"":7,""physical_error_rate"":0.05}","{""detection_events"":927,""detectors_checked"":4816,""obs_mistake_mask=E"":3}"
         4,         1,         0,   0.322,exact_mw,7d00f1b687639e6070f8d0dea4f3a829a056f2a9a5be0f7c860aca0937915e3d,"{""distance"":7,""physical_error_rate"":0.2}","{""detection_events"":971,""detectors_checked"":2408,""obs_mistake_mask=E"":1}"
         1,         0,         0,   0.061,exact_mw,104e95c9c5c26aa16a540527dd1100b1154b7e08e6a11bc0dc85c4e500a5f349,"{""distance"":7,""physical_error_rate"":0.1}","{""detection_events"":205,""detectors_checked"":602}"
        24,         6,         0,    1.64,exact_mw,44a30ed6f1c17712a1e48498787ed849716b01ee0859fb371aa1a98cce5f11ec,"{""distance"":7,""physical_error_rate"":0.05}","{""detection_events"":2744,""detectors_checked"":14448,""obs_mistake_mask=E"":6}"
      7168,         0,         0,    1.18,exact_mw,c34bb01325b9980f7caca1807bd93e7e28846c82b8c0538af034740e6e7d5106,"{""distance"":7,""physical_error_rate"":0.0005}","{""detection_events"":10628,""detectors_checked"":4315136}"
      2048,         0,         0,   0.287,exact_mw,c34bb01325b9980f7caca1807bd93e7e28846c82b8c0538af034740e6e7d5106,"{""distance"":7,""physical_error_rate"":0.0005}","{""detection_events"":2798,""detectors_checked"":1232896}"
      5120,         0,         0,   0.084,exact_mw,d5491e2f66b0c830b41b0168451c8818c583b15508c9bf9282dc8e7a6cb6bd3f,"{""distance"":7,""physical_error_rate"":0.0001}","{""detection_events"":1421,""detectors_checked"":3082240}"
    108544,         0,         0,    1.55,exact_mw,d5491e2f66b0c830b41b0168451c8818c583b15508c9bf9282dc8e7a6cb6bd3f,"{""distance"":7,""physical_error_rate"":0.0001}","{""detection_events"":32391,""detectors_checked"":65343488}"
       128,         0,         0,   0.428,exact_mw,ca91ffa42463e210e189f165a9a4cbcfd1773a75ca815ff24a9009c31e62d8d0,"{""distance"":7,""physical_error_rate"":0.002}","{""detection_events"":820,""detectors_checked"":77056}"
     41984,         0,         0,   0.785,exact_mw,f7d5d61828a7d0145c65811496ba49aa9633daaed59c6883f51143c3b878094e,"{""distance"":7,""physical_error_rate"":5e-05}","{""detection_events"":6304,""detectors_checked"":25274368}"
         8,         0,         0,   0.406,exact_mw,1f0c41bfbbc8ec35ff1484b2be036ef48716a49dcf1cc37e155a3f5819690eee,"{""distance"":7,""physical_error_rate"":0.02}","{""detection_events"":420,""detectors_checked"":4816}"
       384,         0,         0,    1.20,exact_mw,ca91ffa42463e210e189f165a9a4cbcfd1773a75ca815ff24a9009c31e62d8d0,"{""distance"":7,""physical_error_rate"":0.002}","{""detection_events"":2295,""detectors_checked"":231168}"
      1024,         0,         0,   0.156,exact_mw,c34bb01325b9980f7caca1807bd93e7e28846c82b8c0538af034740e6e7d5106,"{""distance"":7,""physical_error_rate"":0.0005}","{""detection_events"":1404,""detectors_checked"":616448}"
         8,         5,         0,   0.392,exact_mw,64e98f39d6e43472d1609d4d4a0f6c9fe4a6bcbdeed2edfe3967a999e171dbce,"{""distance"":7,""physical_error_rate"":0.5}","{""detection_events"":2321,""detectors_checked"":4816,""obs_mistake_mask=E"":5}"
     43008,         0,         0,   0.566,exact_mw,f7d5d61828a7d0145c65811496ba49aa9633daaed59c6883f51143c3b878094e,"{""distance"":7,""physical_error_rate"":5e-05}","{""detection_events"":6402,""detectors_checked"":25890816}"
         8,         6,         0,   0.400,exact_mw,7d00f1b687639e6070f8d0dea4f3a829a056f2a9a5be0f7c860aca0937915e3d,"{""distance"":7,""physical_error_rate"":0.2}","{""detection_events"":1960,""detectors_checked"":4816,""obs_mistake_mask=E"":6}"
        16,         8,         0,   0.879,exact_mw,64e98f39d6e43472d1609d4d4a0f6c9fe4a6bcbdeed2edfe3967a999e171dbce,"{""distance"":7,""physical_error_rate"":0.5}","{""detection_events"":4745,""detectors_checked"":9632,""obs_mistake_mask=E"":8}"
        64,         0,         0,    1.49,exact_mw,0a198d80e37665dd6f23c481ef1c601566b502223b7ce5d7a38dc87c0be91af9,"{""distance"":7,""physical_error_rate"":0.005}","{""detection_events"":902,""detectors_checked"":38528}"
        16,         1,         0,   0.517,exact_mw,2e54b5982e286509c94a8bc96d1d6e54082c27eed948d684125948784bc20414,"{""distance"":7,""physical_error_rate"":0.01}","{""detection_events"":511,""detectors_checked"":9632,""obs_mistake_mask=E"":1}"
         8,         6,         0,   0.616,exact_mw,64e98f39d6e43472d1609d4d4a0f6c9fe4a6bcbdeed2edfe3967a999e171dbce,"{""distance"":7,""physical_error_rate"":0.5}","{""detection_events"":2400,""detectors_checked"":4816,""obs_mistake_mask=E"":6}"
      8192,         0,         0,   0.108,exact_mw,d5491e2f66b0c830b41b0168451c8818c583b15508c9bf9282dc8e7a6cb6bd3f,"{""distance"":7,""physical_error_rate"":0.0001}","{""detection_events"":2418,""detectors_checked"":4931584}"
         8,         3,         0,   0.445,exact_mw,7d00f1b687639e6070f8d0dea4f3a829a056f2a9a5be0f7c860aca0937915e3d,"{""distance"":7,""physical_error_rate"":0.2}","{""detection_events"":1957,""detectors_checked"":4816,""obs_mistake_mask=E"":3}"
     73728,         0,         0,    1.57,exact_mw,d5491e2f66b0c830b41b0168451c8818c583b15508c9bf9282dc8e7a6cb6bd3f,"{""distance"":7,""physical_error_rate"":0.0001}","{""detection_events"":21758,""detectors_checked"":44384256}"
     17408,         0,         0,   0.410,exact_mw,f5ed540d8b33fe7a17a96c57e6e367075413a3677864b79373445f6bf89adea1,"{""distance"":7,""physical_error_rate"":0.0002}","{""detection_events"":10128,""detectors_checked"":10479616}"
        16,         0,         0,   0.629,exact_mw,1f0c41bfbbc8ec35ff1484b2be036ef48716a49dcf1cc37e155a3f5819690eee,"{""distance"":7,""physical_error_rate"":0.02}","{""detection_events"":764,""detectors_checked"":9632}"
        16,         0,         0,   0.427,exact_mw,2e54b5982e286509c94a8bc96d1d6e54082c27eed948d684125948784bc20414,"{""distance"":7,""physical_error_rate"":0.01}","{""detection_events"":432,""detectors_checked"":9632}"
     34816,         0,         0,    1.13,exact_mw,f5ed540d8b33fe7a17a96c57e6e367075413a3677864b79373445f6bf89adea1,"{""distance"":7,""physical_error_rate"":0.0002}","{""detection_events"":20386,""detectors_checked"":20959232}"
         8,         5,         0,   0.418,exact_mw,104e95c9c5c26aa16a540527dd1100b1154b7e08e6a11bc0dc85c4e500a5f349,"{""distance"":7,""physical_error_rate"":0.1}","{""detection_events"":1425,""detectors_checked"":4816,""obs_mistake_mask=E"":5}"
      1024,         0,         0,   0.182,exact_mw,c34bb01325b9980f7caca1807bd93e7e28846c82b8c0538af034740e6e7d5106,"{""distance"":7,""physical_error_rate"":0.0005}","{""detection_events"":1545,""detectors_checked"":616448}"
        32,         0,         0,   0.703,exact_mw,0a198d80e37665dd6f23c481ef1c601566b502223b7ce5d7a38dc87c0be91af9,"{""distance"":7,""physical_error_rate"":0.005}","{""detection_events"":456,""detectors_checked"":19264}"
     15360,         0,         0,   0.308,exact_mw,d5491e2f66b0c830b41b0168451c8818c583b15508c9bf9282dc8e7a6cb6bd3f,"{""distance"":7,""physical_error_rate"":0.0001}","{""detection_events"":4547,""detectors_checked"":9246720}"
        16,         0,         0,   0.746,exact_mw,2e54b5982e286509c94a8bc96d1d6e54082c27eed948d684125948784bc20414,"{""distance"":7,""physical_error_rate"":0.01}","{""detection_events"":459,""detectors_checked"":9632}"
        16,         0,         0,   0.660,exact_mw,2e54b5982e286509c94a8bc96d1d6e54082c27eed948d684125948784bc20414,"{""distance"":7,""physical_error_rate"":0.01}","{""detection_events"":481,""detectors_checked"":9632}"
     11264,         0,         0,   0.160,exact_mw,d5491e2f66b0c830b41b0168451c8818c583b15508c9bf9282dc8e7a6cb6bd3f,"{""distance"":7,""physical_error_rate"":0.0001}","{""detection_events"":3444,""detectors_checked"":6780928}"
         8,         4,         0,   0.404,exact_mw,104e95c9c5c26aa16a540527dd1100b1154b7e08e6a11bc0dc85c4e500a5f349,"{""distance"":7,""physical_error_rate"":0.1}","{""detection_events"":1447,""detectors_checked"":4816,""obs_mistake_mask=E"":4}"
         4,         3,         0,   0.327,exact_mw,7d00f1b687639e6070f8d0dea4f3a829a056f2a9a5be0f7c860aca0937915e3d,"{""distance"":7,""physical_error_rate"":0.2}","{""detection_events"":978,""detectors_checked"":2408,""obs_mistake_mask=E"":3}"
         8,         4,         0,   0.530,exact_mw,7d00f1b687639e6070f8d0dea4f3a829a056f2a9a5be0f7c860aca0937915e3d,"{""distance"":7,""physical_error_rate"":0.2}","{""detection_events"":1983,""detectors_checked"":4816,""obs_mistake_mask=E"":4}"
      1024,         0,         0,   0.296,exact_mw,c34bb01325b9980f7caca1807bd93e7e28846c82b8c0538af034740e6e7d5106,"{""distance"":7,""physical_error_rate"":0.0005}","{""detection_events"":1498,""detectors_checked"":616448}"
        64,         0,         0,    1.56,exact_mw,0a198d80e37665dd6f23c481ef1c601566b502223b7ce5d7a38dc87c0be91af9,"{""distance"":7,""physical_error_rate"":0.005}","{""detection_events"":993,""detectors_checked"":38528}"
       128,         0,         0,   0.473,exact_mw,ca91ffa42463e210e189f165a9a4cbcfd1773a75ca815ff24a9009c31e62d8d0,"{""distance"":7,""physical_error_rate"":0.002}","{""detection_events"":678,""detectors_checked"":77056}"
      2048,         0,         0,   0.469,exact_mw,c34bb01325b9980f7caca1807bd93e7e28846c82b8c0538af034740e6e7d5106,"{""distance"":7,""physical_error_rate"":0.0005}","{""detection_events"":2940,""detectors_checked"":1232896}"
         8,         3,         0,   0.608,exact_mw,7d00f1b687639e6070f8d0dea4f3a829a056f2a9a5be0f7c860aca0937915e3d,"{""distance"":7,""physical_error_rate"":0.2}","{""detection_events"":1982,""detectors_checked"":4816,""obs_mistake_mask=E"":3}"
        16,         1,         0,   0.665,exact_mw,2e54b5982e286509c94a8bc96d1d6e54082c27eed948d684125948784bc20414,"{""distance"":7,""physical_error_rate"":0.01}","{""detection_events"":500,""detectors_checked"":9632,""obs_mistake_mask=E"":1}"
       512,         0,         0,   0.599,exact_mw,7acd59d404317421b37957afea3f5c66f33c9ef46579a47fd7c0ca3dd0dfc735,"{""distance"":7,""physical_error_rate"":0.001}","{""detection_events"":1496,""detectors_checked"":308224}"
         1,         0,         0,   0.086,exact_mw,64e98f39d6e43472d1609d4d4a0f6c9fe4a6bcbdeed2edfe3967a999e171dbce,"{""distance"":7,""physical_error_rate"":0.5}","{""detection_events"":282,""detectors_checked"":602}"
        16,         6,         0,   0.845,exact_mw,44a30ed6f1c17712a1e48498787ed849716b01ee0859fb371aa1a98cce5f11ec,"{""distance"":7,""physical_error_rate"":0.05}","{""detection_events"":1896,""detectors_checked"":9632,""obs_mistake_mask=E"":6}"
     57344,         0,         0,   0.803,exact_mw,f7d5d61828a7d0145c65811496ba49aa9633daaed59c6883f51143c3b878094e,"{""distance"":7,""physical_error_rate"":5e-05}","{""detection_events"":8465,""detectors_checked"":34521088}"
       512,         0,         0,   0.674,exact_mw,7acd59d404317421b37957afea3f5c66f33c9ef46579a47fd7c0ca3dd0dfc735,"{""distance"":7,""physical_error_rate"":0.001}","{""detection_events"":1555,""detectors_checked"":308224}"
        32,         0,         0,   0.922,exact_mw,0a198d80e37665dd6f23c481ef1c601566b502223b7ce5d7a38dc87c0be91af9,"{""distance"":7,""physical_error_rate"":0.005}","{""detection_events"":435,""detectors_checked"":19264}"
     52224,         0,         0,    2.18,exact_mw,d5491e2f66b0c830b41b0168451c8818c583b15508c9bf9282dc8e7a6cb6bd3f,"{""distance"":7,""physical_error_rate"":0.0001}","{""detection_events"":15769,""detectors_checked"":31438848}"
         8,         8,         0,   0.433,exact_mw,104e95c9c5c26aa16a540527dd1100b1154b7e08e6a11bc0dc85c4e500a5f349,"{""distance"":7,""physical_error_rate"":0.1}","{""detection_events"":1409,""detectors_checked"":4816,""obs_mistake_mask=E"":8}"
     24576,         0,         0,   0.820,exact_mw,f7d5d61828a7d0145c65811496ba49aa9633daaed59c6883f51143c3b878094e,"{""distance"":7,""physical_error_rate"":5e-05}","{""detection_events"":3623,""detectors_checked"":14794752}"
         8,         6,         0,   0.664,exact_mw,104e95c9c5c26aa16a540527dd1100b1154b7e08e6a11bc0dc85c4e500a5f349,"{""distance"":7,""physical_error_rate"":0.1}","{""detection_events"":1468,""detectors_checked"":4816,""obs_mistake_mask=E"":6}"
        16,         0,         0,   0.364,exact_mw,2e54b5982e286509c94a8bc96d1d6e54082c27eed948d684125948784bc20414,"{""distance"":7,""physical_error_rate"":0.01}","{""detection_events"":425,""detectors_checked"":9632}"
         8,         1,         0,   0.525,exact_mw,44a30ed6f1c17712a1e48498787ed849716b01ee0859fb371aa1a98cce5f11ec,"{""distance"":7,""physical_error_rate"":0.05}","{""detection_events"":846,""detectors_checked"":4816,""obs_mistake_mask=E"":1}"
     15360,         0,         0,   0.208,exact_mw,d5491e2f66b0c830b41b0168451c8818c583b15508c9bf9282dc8e7a6cb6bd3f,"{""distance"":7,""physical_error_rate"":0.0001}","{""detection_events"":4548,""detectors_checked"":9246720}"
      1024,         0,         0,   0.242,exact_mw,c34bb01325b9980f7caca1807bd93e7e28846c82b8c0538af034740e6e7d5106,"{""distance"":7,""physical_error_rate"":0.0005}","{""detection_events"":1536,""detectors_checked"":616448}"
         8,         3,         0,   0.552,exact_mw,44a30ed6f1c17712a1e48498787ed849716b01ee0859fb371aa1a98cce5f11ec,"{""distance"":7,""physical_error_rate"":0.05}","{""detection_events"":904,""detectors_checked"":4816,""obs_mistake_mask=E"":3}"
         8,         0,         0,   0.439,exact_mw,1f0c41bfbbc8ec35ff1484b2be036ef48716a49dcf1cc37e155a3f5819690eee,"{""distance"":7,""physical_error_rate"":0.02}","{""detection_events"":396,""detectors_checked"":4816}"
       128,         0,         0,   0.478,exact_mw,ca91ffa42463e210e189f165a9a4cbcfd1773a75ca815ff24a9009c31e62d8d0,"{""distance"":7,""physical_error_rate"":0.002}","{""detection_events"":698,""detectors_checked"":77056}"
         8,         2,         0,   0.437,exact_mw,7d00f1b687639e6070f8d0dea4f3a829a056f2a9a5be0f7c860aca0937915e3d,"{""distance"":7,""physical_error_rate"":0.2}","{""detection_events"":1988,""detectors_checked"":4816,""obs_mistake_mask=E"":2}"
         1,         0,         0,   0.022,exact_mw,7acd59d404317421b37957afea3f5c66f33c9ef46579a47fd7c0ca3dd0dfc735,"{""distance"":7,""physical_error_rate"":0.001}","{""detection_events"":5,""detectors_checked"":602}"
         8,         4,         0,   0.489,exact_mw,64e98f39d6e43472d1609d4d4a0f6c9fe4a6bcbdeed2edfe3967a999e171dbce,"{""distance"":7,""physical_error_rate"":0.5}","{""detection_events"":2456,""detectors_checked"":4816,""obs_mistake_mask=E"":4}"
       384,         0,         0,    2.16,exact_mw,ca91ffa42463e210e189f165a9a4cbcfd1773a75ca815ff24a9009c31e62d8d0,"{""distance"":7,""physical_error_rate"":0.002}","{""detection_events"":2318,""detectors_checked"":231168}"
     47104,         0,         0,    1.13,exact_mw,f5ed540d8b33fe7a17a96c57e6e367075413a3677864b79373445f6bf89adea1,"{""distance"":7,""physical_error_rate"":0.0002}","{""detection_events"":27751,""detectors_checked"":28356608}"
        16,         0,         0,   0.418,exact_mw,2e54b5982e286509c94a8bc96d1d6e54082c27eed948d684125948784bc20414,"{""distance"":7,""physical_error_rate"":0.01}","{""detection_events"":402,""detectors_checked"":9632}"
         8,         5,         0,   0.490,exact_mw,7d00f1b687639e6070f8d0dea4f3a829a056f2a9a5be0f7c860aca0937915e3d,"{""distance"":7,""physical_error_rate"":0.2}","{""detection_events"":1949,""detectors_checked"":4816,""obs_mistake_mask=E"":5}"
         4,         2,         0,   0.300,exact_mw,64e98f39d6e43472d1609d4d4a0f6c9fe4a6bcbdeed2edfe3967a999e171dbce,"{""distance"":7,""physical_error_rate"":0.5}","{""detection_events"":1158,""detectors_checked"":2408,""obs_mistake_mask=E"":2}"
        16,         1,         0,   0.862,exact_mw,1f0c41bfbbc8ec35ff1484b2be036ef48716a49dcf1cc37e155a3f5819690eee,"{""distance"":7,""physical_error_rate"":0.02}","{""detection_events"":841,""detectors_checked"":9632,""obs_mistake_mask=E"":1}"
     20480,         0,         0,   0.432,exact_mw,d5491e2f66b0c830b41b0168451c8818c583b15508c9bf9282dc8e7a6cb6bd3f,"{""distance"":7,""physical_error_rate"":0.0001}","{""detection_events"":5863,""detectors_checked"":12328960}"
         8,         4,         0,   0.598,exact_mw,64e98f39d6e43472d1609d4d4a0f6c9fe4a6bcbdeed2edfe3967a999e171dbce,"{""distance"":7,""physical_error_rate"":0.5}","{""detection_events"":2397,""detectors_checked"":4816,""obs_mistake_mask=E"":4}"
      5120,         0,         0,   0.810,exact_mw,c34bb01325b9980f7caca1807bd93e7e28846c82b8c0538af034740e6e7d5106,"{""distance"":7,""physical_error_rate"":0.0005}","{""detection_events"":7327,""detectors_checked"":3082240}"
     24576,         0,         0,   0.587,exact_mw,f5ed540d8b33fe7a17a96c57e6e367075413a3677864b79373445f6bf89adea1,"{""distance"":7,""physical_error_rate"":0.0002}","{""detection_events"":15110,""detectors_checked"":14794752}"
        32,         0,         0,   0.512,exact_mw,0a198d80e37665dd6f23c481ef1c601566b502223b7ce5d7a38dc87c0be91af9,"{""distance"":7,""physical_error_rate"":0.005}","{""detection_events"":516,""detectors_checked"":19264}"
      2048,         0,         0,   0.462,exact_mw,c34bb01325b9980f7caca1807bd93e7e28846c82b8c0538af034740e6e7d5106,"{""distance"":7,""physical_error_rate"":0.0005}","{""detection_events"":3205,""detectors_checked"":1232896}"
         8,         4,         0,   0.482,exact_mw,104e95c9c5c26aa16a540527dd1100b1154b7e08e6a11bc0dc85c4e500a5f349,"{""distance"":7,""physical_error_rate"":0.1}","{""detection_events"":1494,""detectors_checked"":4816,""obs_mistake_mask=E"":4}"
        64,         0,         0,    1.49,exact_mw,0a198d80e37665dd6f23c481ef1c601566b502223b7ce5d7a38dc87c0be91af9,"{""distance"":7,""physical_error_rate"":0.005}","{""detection_events"":926,""detectors_checked"":38528}"
     20480,         0,         0,   0.292,exact_mw,d5491e2f66b0c830b41b0168451c8818c583b15508c9bf9282dc8e7a6cb6bd3f,"{""distance"":7,""physical_error_rate"":0.0001}","{""detection_events"":6240,""detectors_checked"":12328960}"
       272,         0,         0,   0.239,exact_mw,7acd59d404317421b37957afea3f5c66f33c9ef46579a47fd7c0ca3dd0dfc735,"{""distance"":7,""physical_error_rate"":0.001}","{""detection_events"":727,""detectors_checked"":163744}"
       128,         0,         0,   0.478,exact_mw,ca91ffa42463e210e189f165a9a4cbcfd1773a75ca815ff24a9009c31e62d8d0,"{""distance"":7,""physical_error_rate"":0.002}","{""detection_events"":737,""detectors_checked"":77056}"
         8,         5,         0,   0.541,exact_mw,7d00f1b687639e6070f8d0dea4f3a829a056f2a9a5be0f7c860aca0937915e3d,"{""distance"":7,""physical_error_rate"":0.2}","{""detection_events"":1903,""detectors_checked"":4816,""obs_mistake_mask=E"":5}"
        16,         1,         0,   0.692,exact_mw,1f0c41bfbbc8ec35ff1484b2be036ef48716a49dcf1cc37e155a3f5819690eee,"{""distance"":7,""physical_error_rate"":0.02}","{""detection_events"":879,""detectors_checked"":9632,""obs_mistake_mask=E"":1}"
        16,         0,         0,   0.589,exact_mw,2e54b5982e286509c94a8bc96d1d6e54082c27eed948d684125948784bc20414,"{""distance"":7,""physical_error_rate"":0.01}","{""detection_events"":500,""detectors_checked"":9632}"
         8,         1,         0,   0.380,exact_mw,1f0c41bfbbc8ec35ff1484b2be036ef48716a49dcf1cc37e155a3f5819690eee,"{""distance"":7,""physical_error_rate"":0.02}","{""detection_events"":464,""detectors_checked"":4816,""obs_mistake_mask=E"":1}"
       256,         0,         0,    1.06,exact_mw,ca91ffa42463e210e189f165a9a4cbcfd1773a75ca815ff24a9009c31e62d8d0,"{""distance"":7,""physical_error_rate"":0.002}","{""detection_events"":1559,""detectors_checked"":154112}"
     47104,         0,         0,   0.793,exact_mw,f7d5d61828a7d0145c65811496ba49aa9633daaed59c6883f51143c3b878094e,"{""distance"":7,""physical_error_rate"":5e-05}","{""detection_events"":6892,""detectors_checked"":28356608}"
        16,         8,         0,   0.802,exact_mw,64e98f39d6e43472d1609d4d4a0f6c9fe4a6bcbdeed2edfe3967a999e171dbce,"{""distance"":7,""physical_error_rate"":0.5}","{""detection_events"":4819,""detectors_checked"":9632,""obs_mistake_mask=E"":8}"
      3072,         0,         0,   0.590,exact_mw,c34bb01325b9980f7caca1807bd93e7e28846c82b8c0538af034740e6e7d5106,"{""distance"":7,""physical_error_rate"":0.0005}","{""detection_events"":4522,""detectors_checked"":1849344}"
    120832,         0,         0,    1.52,exact_mw,f7d5d61828a7d0145c65811496ba49aa9633daaed59c6883f51143c3b878094e,"{""distance"":7,""physical_error_rate"":5e-05}","{""detection_events"":17402,""detectors_checked"":72740864}"
        16,         0,         0,   0.651,exact_mw,2e54b5982e286509c94a8bc96d1d6e54082c27eed948d684125948784bc20414,"{""distance"":7,""physical_error_rate"":0.01}","{""detection_events"":480,""detectors_checked"":9632}"
        32,         9,         0,    1.75,exact_mw,104e95c9c5c26aa16a540527dd1100b1154b7e08e6a11bc0dc85c4e500a5f349,"{""distance"":7,""physical_error_rate"":0.1}","{""detection_events"":5683,""detectors_checked"":19264,""obs_mistake_mask=E"":9}"
      2048,         0,         0,   0.454,exact_mw,c34bb01325b9980f7caca1807bd93e7e28846c82b8c0538af034740e6e7d5106,"{""distance"":7,""physical_error_rate"":0.0005}","{""detection_events"":3108,""detectors_checked"":1232896}"
         8,         4,         0,   0.398,exact_mw,64e98f39d6e43472d1609d4d4a0f6c9fe4a6bcbdeed2edfe3967a999e171dbce,"{""distance"":7,""physical_error_rate"":0.5}","{""detection_events"":2407,""detectors_checked"":4816,""obs_mistake_mask=E"":4}"
         8,         4,         0,   0.676,exact_mw,7d00f1b687639e6070f8d0dea4f3a829a056f2a9a5be0f7c860aca0937915e3d,"{""distance"":7,""physical_error_rate"":0.2}","{""detection_events"":1976,""detectors_checked"":4816,""obs_mistake_mask=E"":4}"
         8,         3,         0,   0.652,exact_mw,7d00f1b687639e6070f8d0dea4f3a829a056f2a9a5be0f7c860aca0937915e3d,"{""distance"":7,""physical_error_rate"":0.2}","{""detection_events"":1999,""detectors_checked"":4816,""obs_mistake_mask=E"":3}"
        16,         0,         0,   0.518,exact_mw,2e54b5982e286509c94a8bc96d1d6e54082c27eed948d684125948784bc20414,"{""distance"":7,""physical_error_rate"":0.01}","{""detection_events"":490,""detectors_checked"":9632}"
        16,         0,         0,   0.648,exact_mw,2e54b5982e286509c94a8bc96d1d6e54082c27eed948d684125948784bc20414,"{""distance"":7,""physical_error_rate"":0.01}","{""detection_events"":467,""detectors_checked"":9632}"
         8,         7,         0,   0.599,exact_mw,104e95c9c5c26aa16a540527dd1100b1154b7e08e6a11bc0dc85c4e500a5f349,"{""distance"":7,""physical_error_rate"":0.1}","{""detection_events"":1440,""detectors_checked"":4816,""obs_mistake_mask=E"":7}"
         8,         2,         0,   0.532,exact_mw,44a30ed6f1c17712a1e48498787ed849716b01ee0859fb371aa1a98cce5f11ec,"{""distance"":7,""physical_error_rate"":0.05}","{""detection_events"":845,""detectors_checked"":4816,""obs_mistake_mask=E"":2}"
       512,         0,         0,   0.681,exact_mw,7acd59d404317421b37957afea3f5c66f33c9ef46579a47fd7c0ca3dd0dfc735,"{""distance"":7,""physical_error_rate"":0.001}","{""detection_events"":1580,""detectors_checked"":308224}"
         8,         2,         0,   0.531,exact_mw,44a30ed6f1c17712a1e48498787ed849716b01ee0859fb371aa1a98cce5f11ec,"{""distance"":7,""physical_error_rate"":0.05}","{""detection_events"":890,""detectors_checked"":4816,""obs_mistake_mask=E"":2}"
        16,         6,         0,   0.825,exact_mw,104e95c9c5c26aa16a540527dd1100b1154b7e08e6a11bc0dc85c4e500a5f349,"{""distance"":7,""physical_error_rate"":0.1}","{""detection_events"":2822,""detectors_checked"":9632,""obs_mistake_mask=E"":6}"
        32,         0,         0,   0.674,exact_mw,0a198d80e37665dd6f23c481ef1c601566b502223b7ce5d7a38dc87c0be91af9,"{""distance"":7,""physical_error_rate"":0.005}","{""detection_events"":385,""detectors_checked"":19264}"
         1,         0,         0,   0.008,exact_mw,7acd59d404317421b37957afea3f5c66f33c9ef46579a47fd7c0ca3dd0dfc735,"{""distance"":7,""physical_error_rate"":0.001}","{""detection_events"":2,""detectors_checked"":602}"
       512,         0,         0,   0.728,exact_mw,7acd59d404317421b37957afea3f5c66f33c9ef46579a47fd7c0ca3dd0dfc735,"{""distance"":7,""physical_error_rate"":0.001}","{""detection_events"":1412,""detectors_checked"":308224}"
       256,         0,         0,    1.11,exact_mw,ca91ffa42463e210e189f165a9a4cbcfd1773a75ca815ff24a9009c31e62d8d0,"{""distance"":7,""physical_error_rate"":0.002}","{""detection_events"":1339,""detectors_checked"":154112}"
     59392,         0,         0,    1.11,exact_mw,f7d5d61828a7d0145c65811496ba49aa9633daaed59c6883f51143c3b878094e,"{""distance"":7,""physical_error_rate"":5e-05}","{""detection_events"":9062,""detectors_checked"":35753984}"
         8,         1,         0,   0.289,exact_mw,1f0c41bfbbc8ec35ff1484b2be036ef48716a49dcf1cc37e155a3f5819690eee,"{""distance"":7,""physical_error_rate"":0.02}","{""detection_events"":445,""detectors_checked"":4816,""obs_mistake_mask=E"":1}"
         8,         6,         0,   0.633,exact_mw,7d00f1b687639e6070f8d0dea4f3a829a056f2a9a5be0f7c860aca0937915e3d,"{""distance"":7,""physical_error_rate"":0.2}","{""detection_events"":1920,""detectors_checked"":4816,""obs_mistake_mask=E"":6}"
        16,         0,         0,   0.608,exact_mw,2e54b5982e286509c94a8bc96d1d6e54082c27eed948d684125948784bc20414,"{""distance"":7,""physical_error_rate"":0.01}","{""detection_events"":407,""detectors_checked"":9632}"
     23552,         0,         0,   0.409,exact_mw,d5491e2f66b0c830b41b0168451c8818c583b15508c9bf9282dc8e7a6cb6bd3f,"{""distance"":7,""physical_error_rate"":0.0001}","{""detection_events"":7478,""detectors_checked"":14178304}"
        32,         0,         0,    1.33,exact_mw,1f0c41bfbbc8ec35ff1484b2be036ef48716a49dcf1cc37e155a3f5819690eee,"{""distance"":7,""physical_error_rate"":0.02}","{""detection_events"":1834,""detectors_checked"":19264}"
        16,         6,         0,   0.845,exact_mw,44a30ed6f1c17712a1e48498787ed849716b01ee0859fb371aa1a98cce5f11ec,"{""distance"":7,""physical_error_rate"":0.05}","{""detection_events"":1788,""detectors_checked"":9632,""obs_mistake_mask=E"":6}"
         8,         3,         0,   0.650,exact_mw,7d00f1b687639e6070f8d0dea4f3a829a056f2a9a5be0f7c860aca0937915e3d,"{""distance"":7,""physical_error_rate"":0.2}","{""detection_events"":1943,""detectors_checked"":4816,""obs_mistake_mask=E"":3}"
     27648,         0,         0,   0.569,exact_mw,d5491e2f66b0c830b41b0168451c8818c583b15508c9bf9282dc8e7a6cb6bd3f,"{""distance"":7,""physical_error_rate"":0.0001}","{""detection_events"":8190,""detectors_checked"":16644096}"
         8,         2,         0,   0.614,exact_mw,64e98f39d6e43472d1609d4d4a0f6c9fe4a6bcbdeed2edfe3967a999e171dbce,"{""distance"":7,""physical_error_rate"":0.5}","{""detection_events"":2455,""detectors_checked"":4816,""obs_mistake_mask=E"":2}"
       128,         0,         0,   0.785,exact_mw,ca91ffa42463e210e189f165a9a4cbcfd1773a75ca815ff24a9009c31e62d8d0,"{""distance"":7,""physical_error_rate"":0.002}","{""detection_events"":675,""detectors_checked"":77056}"
         8,         5,         0,   0.614,exact_mw,64e98f39d6e43472d1609d4d4a0f6c9fe4a6bcbdeed2edfe3967a999e171dbce,"{""distance"":7,""physical_error_rate"":0.5}","{""detection_events"":2376,""detectors_checked"":4816,""obs_mistake_mask=E"":5}"
        32,         0,         0,   0.569,exact_mw,0a198d80e37665dd6f23c481ef1c601566b502223b7ce5d7a38dc87c0be91af9,"{""distance"":7,""physical_error_rate"":0.005}","{""detection_events"":549,""detectors_checked"":19264}"
         8,         4,         0,   0.582,exact_mw,104e95c9c5c26aa16a540527dd1100b1154b7e08e6a11bc0dc85c4e500a5f349,"{""distance"":7,""physical_error_rate"":0.1}","{""detection_events"":1404,""detectors_checked"":4816,""obs_mistake_mask=E"":4}"
      2048,         0,         0,   0.383,exact_mw,c34bb01325b9980f7caca1807bd93e7e28846c82b8c0538af034740e6e7d5106,"{""distance"":7,""physical_error_rate"":0.0005}","{""detection_events"":3120,""detectors_checked"":1232896}"
      4096,         1,         0,    3.16,exact_mw,7acd59d404317421b37957afea3f5c66f33c9ef46579a47fd7c0ca3dd0dfc735,"{""distance"":7,""physical_error_rate"":0.001}","{""detection_events"":11591,""detectors_checked"":2465792,""obs_mistake_mask=E"":1}"
         8,         1,         0,   0.393,exact_mw,64e98f39d6e43472d1609d4d4a0f6c9fe4a6bcbdeed2edfe3967a999e171dbce,"{""distance"":7,""physical_error_rate"":0.5}","{""detection_events"":2371,""detectors_checked"":4816,""obs_mistake_mask=E"":1}"
       512,         0,         0,   0.580,exact_mw,7acd59d404317421b37957afea3f5c66f33c9ef46579a47fd7c0ca3dd0dfc735,"{""distance"":7,""physical_error_rate"":0.001}","{""detection_events"":1477,""detectors_checked"":308224}"
       128,         0,         0,   0.593,exact_mw,ca91ffa42463e210e189f165a9a4cbcfd1773a75ca815ff24a9009c31e62d8d0,"{""distance"":7,""physical_error_rate"":0.002}","{""detection_events"":806,""detectors_checked"":77056}"
        16,         1,         0,   0.445,exact_mw,2e54b5982e286509c94a8bc96d1d6e54082c27eed948d684125948784bc20414,"{""distance"":7,""physical_error_rate"":0.01}","{""detection_events"":395,""detectors_checked"":9632,""obs_mistake_mask=E"":1}"
      4096,         0,         0,   0.696,exact_mw,c34bb01325b9980f7caca1807bd93e7e28846c82b8c0538af034740e6e7d5106,"{""distance"":7,""physical_error_rate"":0.0005}","{""detection_events"":5983,""detectors_checked"":2465792}"
       272,         0,         0,   0.371,exact_mw,7acd59d404317421b37957afea3f5c66f33c9ef46579a47fd7c0ca3dd0dfc735,"{""distance"":7,""physical_error_rate"":0.001}","{""detection_events"":842,""detectors_checked"":163744}"
        16,         2,         0,   0.604,exact_mw,1f0c41bfbbc8ec35ff1484b2be036ef48716a49dcf1cc37e155a3f5819690eee,"{""distance"":7,""physical_error_rate"":0.02}","{""detection_events"":784,""detectors_checked"":9632,""obs_mistake_mask=E"":2}"
         8,         4,         0,   0.504,exact_mw,7d00f1b687639e6070f8d0dea4f3a829a056f2a9a5be0f7c860aca0937915e3d,"{""distance"":7,""physical_error_rate"":0.2}","{""detection_events"":1968,""detectors_checked"":4816,""obs_mistake_mask=E"":4}"
         8,         4,         0,   0.654,exact_mw,7d00f1b687639e6070f8d0dea4f3a829a056f2a9a5be0f7c860aca0937915e3d,"{""distance"":7,""physical_error_rate"":0.2}","{""detection_events"":2043,""detectors_checked"":4816,""obs_mistake_mask=E"":4}"
     55296,         0,         0,    1.57,exact_mw,f5ed540d8b33fe7a17a96c57e6e367075413a3677864b79373445f6bf89adea1,"{""distance"":7,""physical_error_rate"":0.0002}","{""detection_events"":32008,""detectors_checked"":33288192}"
     57344,         0,         0,    1.12,exact_mw,f7d5d61828a7d0145c65811496ba49aa9633daaed59c6883f51143c3b878094e,"{""distance"":7,""physical_error_rate"":5e-05}","{""detection_events"":8212,""detectors_checked"":34521088}"
     28672,         0,         0,   0.774,exact_mw,f5ed540d8b33fe7a17a96c57e6e367075413a3677864b79373445f6bf89adea1,"{""distance"":7,""physical_error_rate"":0.0002}","{""detection_events"":17082,""detectors_checked"":17260544}"
         8,         3,         0,   0.518,exact_mw,44a30ed6f1c17712a1e48498787ed849716b01ee0859fb371aa1a98cce5f11ec,"{""distance"":7,""physical_error_rate"":0.05}","{""detection_events"":852,""detectors_checked"":4816,""obs_mistake_mask=E"":3}"
        16,         0,         0,   0.561,exact_mw,2e54b5982e286509c94a8bc96d1d6e54082c27eed948d684125948784bc20414,"{""distance"":7,""physical_error_rate"":0.01}","{""detection_events"":440,""detectors_checked"":9632}"
     57344,         0,         0,    1.13,exact_mw,f7d5d61828a7d0145c65811496ba49aa9633daaed59c6883f51143c3b878094e,"{""distance"":7,""physical_error_rate"":5e-05}","{""detection_events"":8637,""detectors_checked"":34521088}"
         8,         2,         0,   0.541,exact_mw,44a30ed6f1c17712a1e48498787ed849716b01ee0859fb371aa1a98cce5f11ec,"{""distance"":7,""physical_error_rate"":0.05}","{""detection_events"":842,""detectors_checked"":4816,""obs_mistake_mask=E"":2}"
        16,        10,         0,    1.11,exact_mw,104e95c9c5c26aa16a540527dd1100b1154b7e08e6a11bc0dc85c4e500a5f349,"{""distance"":7,""physical_error_rate"":0.1}","{""detection_events"":2816,""detectors_checked"":9632,""obs_mistake_mask=E"":10}"
        32,         0,         0,   0.497,exact_mw,0a198d80e37665dd6f23c481ef1c601566b502223b7ce5d7a38dc87c0be91af9,"{""distance"":7,""physical_error_rate"":0.005}","{""detection_events"":481,""detectors_checked"":19264}"
        56,        16,         0,    2.48,exact_mw,44a30ed6f1c17712a1e48498787ed849716b01ee0859fb371aa1a98cce5f11ec,"{""distance"":7,""physical_error_rate"":0.05}","{""detection_events"":5999,""detectors_checked"":33712,""obs_mistake_mask=E"":16}"
         8,         3,         0,   0.588,exact_mw,104e95c9c5c26aa16a540527dd1100b1154b7e08e6a11bc0dc85c4e500a5f349,"{""distance"":7,""physical_error_rate"":0.1}","{""detection_events"":1415,""detectors_checked"":4816,""obs_mistake_mask=E"":3}"
      3072,         1,         0,   0.710,exact_mw,c34bb01325b9980f7caca1807bd93e7e28846c82b8c0538af034740e6e7d5106,"{""distance"":7,""physical_error_rate"":0.0005}","{""detection_events"":4503,""detectors_checked"":1849344,""obs_mistake_mask=E"":1}"
        16,         1,         0,   0.970,exact_mw,1f0c41bfbbc8ec35ff1484b2be036ef48716a49dcf1cc37e155a3f5819690eee,"{""distance"":7,""physical_error_rate"":0.02}","{""detection_events"":799,""detectors_checked"":9632,""obs_mistake_mask=E"":1}"
       512,         0,         0,   0.607,exact_mw,7acd59d404317421b37957afea3f5c66f33c9ef46579a47fd7c0ca3dd0dfc735,"{""distance"":7,""physical_error_rate"":0.001}","{""detection_events"":1598,""detectors_checked"":308224}"
     11264,         0,         0,    1.62,exact_mw,c34bb01325b9980f7caca1807bd93e7e28846c82b8c0538af034740e6e7d5106,"{""distance"":7,""physical_error_rate"":0.0005}","{""detection_events"":16487,""detectors_checked"":6780928}"
        16,         0,         0,   0.685,exact_mw,2e54b5982e286509c94a8bc96d1d6e54082c27eed948d684125948784bc20414,"{""distance"":7,""physical_error_rate"":0.01}","{""detection_events"":459,""detectors_checked"":9632}"
         8,         3,         0,   0.669,exact_mw,7d00f1b687639e6070f8d0dea4f3a829a056f2a9a5be0f7c860aca0937915e3d,"{""distance"":7,""physical_error_rate"":0.2}","{""detection_events"":1960,""detectors_checked"":4816,""obs_mistake_mask=E"":3}"
       128,         0,         0,   0.352,exact_mw,ca91ffa42463e210e189f165a9a4cbcfd1773a75ca815ff24a9009c31e62d8d0,"{""distance"":7,""physical_error_rate"":0.002}","{""detection_events"":706,""detectors_checked"":77056}"
         8,         6,         0,   0.473,exact_mw,7d00f1b687639e6070f8d0dea4f3a829a056f2a9a5be0f7c860aca0937915e3d,"{""distance"":7,""physical_error_rate"":0.2}","{""detection_events"":1939,""detectors_checked"":4816,""obs_mistake_mask=E"":6}"
        48,         2,         0,    2.46,exact_mw,1f0c41bfbbc8ec35ff1484b2be036ef48716a49dcf1cc37e155a3f5819690eee,"{""distance"":7,""physical_error_rate"":0.02}","{""detection_events"":2537,""detectors_checked"":28896,""obs_mistake_mask=E"":2}"
     44032,         0,         0,    1.54,exact_mw,f5ed540d8b33fe7a17a96c57e6e367075413a3677864b79373445f6bf89adea1,"{""distance"":7,""physical_error_rate"":0.0002}","{""detection_events"":26632,""detectors_checked"":26507264}"
      2048,         0,         0,   0.403,exact_mw,c34bb01325b9980f7caca1807bd93e7e28846c82b8c0538af034740e6e7d5106,"{""distance"":7,""physical_error_rate"":0.0005}","{""detection_events"":2998,""detectors_checked"":1232896}"
     33792,         0,         0,   0.569,exact_mw,d5491e2f66b0c830b41b0168451c8818c583b15508c9bf9282dc8e7a6cb6bd3f,"{""distance"":7,""physical_error_rate"":0.0001}","{""detection_events"":9984,""detectors_checked"":20342784}"
         8,         1,         0,   0.434,exact_mw,64e98f39d6e43472d1609d4d4a0f6c9fe4a6bcbdeed2edfe3967a999e171dbce,"{""distance"":7,""physical_error_rate"":0.5}","{""detection_events"":2421,""detectors_checked"":4816,""obs_mistake_mask=E"":1}"
       256,         0,         0,   0.935,exact_mw,ca91ffa42463e210e189f165a9a4cbcfd1773a75ca815ff24a9009c31e62d8d0,"{""distance"":7,""physical_error_rate"":0.002}","{""detection_events"":1479,""detectors_checked"":154112}"
       512,         0,         0,   0.677,exact_mw,7acd59d404317421b37957afea3f5c66f33c9ef46579a47fd7c0ca3dd0dfc735,"{""distance"":7,""physical_error_rate"":0.001}","{""detection_events"":1433,""detectors_checked"":308224}"
       256,         0,         0,   0.357,exact_mw,7acd59d404317421b37957afea3f5c66f33c9ef46579a47fd7c0ca3dd0dfc735,"{""distance"":7,""physical_error_rate"":0.001}","{""detection_events"":805,""detectors_checked"":154112}"
       512,         0,         0,   0.496,exact_mw,7acd59d404317421b37957afea3f5c66f33c9ef46579a47fd7c0ca3dd0dfc735,"{""distance"":7,""physical_error_rate"":0.001}","{""detection_events"":1531,""detectors_checked"":308224}"
        16,         7,         0,   0.849,exact_mw,104e95c9c5c26aa16a540527dd1100b1154b7e08e6a11bc0dc85c4e500a5f349,"{""distance"":7,""physical_error_rate"":0.1}","{""detection_events"":2822,""detectors_checked"":9632,""obs_mistake_mask=E"":7}"
         8,         5,         0,   0.609,exact_mw,64e98f39d6e43472d1609d4d4a0f6c9fe4a6bcbdeed2edfe3967a999e171dbce,"{""distance"":7,""physical_error_rate"":0.5}","{""detection_events"":2377,""detectors_checked"":4816,""obs_mistake_mask=E"":5}"
        16,         0,         0,   0.456,exact_mw,2e54b5982e286509c94a8bc96d1d6e54082c27eed948d684125948784bc20414,"{""distance"":7,""physical_error_rate"":0.01}","{""detection_events"":468,""detectors_checked"":9632}"
        32,         0,         0,   0.581,exact_mw,0a198d80e37665dd6f23c481ef1c601566b502223b7ce5d7a38dc87c0be91af9,"{""distance"":7,""physical_error_rate"":0.005}","{""detection_events"":458,""detectors_checked"":19264}"
        16,         0,         0,   0.441,exact_mw,1f0c41bfbbc8ec35ff1484b2be036ef48716a49dcf1cc37e155a3f5819690eee,"{""distance"":7,""physical_error_rate"":0.02}","{""detection_events"":703,""detectors_checked"":9632}"
         8,         3,         0,   0.599,exact_mw,64e98f39d6e43472d1609d4d4a0f6c9fe4a6bcbdeed2edfe3967a999e171dbce,"{""distance"":7,""physical_error_rate"":0.5}","{""detection_events"":2421,""detectors_checked"":4816,""obs_mistake_mask=E"":3}"
         8,         2,         0,   0.673,exact_mw,7d00f1b687639e6070f8d0dea4f3a829a056f2a9a5be0f7c860aca0937915e3d,"{""distance"":7,""physical_error_rate"":0.2}","{""detection_events"":2011,""detectors_checked"":4816,""obs_mistake_mask=E"":2}"
        16,         2,         0,   0.772,exact_mw,1f0c41bfbbc8ec35ff1484b2be036ef48716a49dcf1cc37e155a3f5819690eee,"{""distance"":7,""physical_error_rate"":0.02}","{""detection_events"":873,""detectors_checked"":9632,""obs_mistake_mask=E"":2}"
         8,         6,         0,   0.472,exact_mw,7d00f1b687639e6070f8d0dea4f3a829a056f2a9a5be0f7c860aca0937915e3d,"{""distance"":7,""physical_error_rate"":0.2}","{""detection_events"":1961,""detectors_checked"":4816,""obs_mistake_mask=E"":6}"
        16,         0,         0,   0.754,exact_mw,2e54b5982e286509c94a8bc96d1d6e54082c27eed948d684125948784bc20414,"{""distance"":7,""physical_error_rate"":0.01}","{""detection_events"":425,""detectors_checked"":9632}"
         8,         6,         0,   0.598,exact_mw,104e95c9c5c26aa16a540527dd1100b1154b7e08e6a11bc0dc85c4e500a5f349,"{""distance"":7,""physical_error_rate"":0.1}","{""detection_events"":1453,""detectors_checked"":4816,""obs_mistake_mask=E"":6}"
         8,         2,         0,   0.479,exact_mw,7d00f1b687639e6070f8d0dea4f3a829a056f2a9a5be0f7c860aca0937915e3d,"{""distance"":7,""physical_error_rate"":0.2}","{""detection_events"":1973,""detectors_checked"":4816,""obs_mistake_mask=E"":2}"
        32,         0,         0,    1.12,exact_mw,2e54b5982e286509c94a8bc96d1d6e54082c27eed948d684125948784bc20414,"{""distance"":7,""physical_error_rate"":0.01}","{""detection_events"":898,""detectors_checked"":19264}"
     58368,         0,         0,    1.09,exact_mw,f7d5d61828a7d0145c65811496ba49aa9633daaed59c6883f51143c3b878094e,"{""distance"":7,""physical_error_rate"":5e-05}","{""detection_events"":8799,""detectors_checked"":35137536}"
        64,         0,         0,    1.69,exact_mw,0a198d80e37665dd6f23c481ef1c601566b502223b7ce5d7a38dc87c0be91af9,"{""distance"":7,""physical_error_rate"":0.005}","{""detection_events"":996,""detectors_checked"":38528}"
      7168,         0,         0,    1.28,exact_mw,c34bb01325b9980f7caca1807bd93e7e28846c82b8c0538af034740e6e7d5106,"{""distance"":7,""physical_error_rate"":0.0005}","{""detection_events"":10461,""detectors_checked"":4315136}"
     38912,         0,         0,   0.789,exact_mw,d5491e2f66b0c830b41b0168451c8818c583b15508c9bf9282dc8e7a6cb6bd3f,"{""distance"":7,""physical_error_rate"":0.0001}","{""detection_events"":11666,""detectors_checked"":23425024}"
        32,         0,         0,   0.476,exact_mw,0a198d80e37665dd6f23c481ef1c601566b502223b7ce5d7a38dc87c0be91af9,"{""distance"":7,""physical_error_rate"":0.005}","{""detection_events"":531,""detectors_checked"":19264}"
       128,         0,         0,    1.98,exact_mw,0a198d80e37665dd6f23c481ef1c601566b502223b7ce5d7a38dc87c0be91af9,"{""distance"":7,""physical_error_rate"":0.005}","{""detection_events"":1781,""detectors_checked"":77056}"
         8,         3,         0,   0.520,exact_mw,44a30ed6f1c17712a1e48498787ed849716b01ee0859fb371aa1a98cce5f11ec,"{""distance"":7,""physical_error_rate"":0.05}","{""detection_events"":939,""detectors_checked"":4816,""obs_mistake_mask=E"":3}"
         8,         2,         0,   0.561,exact_mw,44a30ed6f1c17712a1e48498787ed849716b01ee0859fb371aa1a98cce5f11ec,"{""distance"":7,""physical_error_rate"":0.05}","{""detection_events"":866,""detectors_checked"":4816,""obs_mistake_mask=E"":2}"
         8,         4,         0,   0.446,exact_mw,7d00f1b687639e6070f8d0dea4f3a829a056f2a9a5be0f7c860aca0937915e3d,"{""distance"":7,""physical_error_rate"":0.2}","{""detection_events"":1898,""detectors_checked"":4816,""obs_mistake_mask=E"":4}"
        24,        11,         0,    1.26,exact_mw,64e98f39d6e43472d1609d4d4a0f6c9fe4a6bcbdeed2edfe3967a999e171dbce,"{""distance"":7,""physical_error_rate"":0.5}","{""detection_events"":7122,""detectors_checked"":14448,""obs_mistake_mask=E"":11}"
       128,         0,         0,   0.758,exact_mw,ca91ffa42463e210e189f165a9a4cbcfd1773a75ca815ff24a9009c31e62d8d0,"{""distance"":7,""physical_error_rate"":0.002}","{""detection_events"":815,""detectors_checked"":77056}"
       256,         0,         0,   0.317,exact_mw,7acd59d404317421b37957afea3f5c66f33c9ef46579a47fd7c0ca3dd0dfc735,"{""distance"":7,""physical_error_rate"":0.001}","{""detection_events"":798,""detectors_checked"":154112}"
        16,         0,         0,   0.538,exact_mw,2e54b5982e286509c94a8bc96d1d6e54082c27eed948d684125948784bc20414,"{""distance"":7,""physical_error_rate"":0.01}","{""detection_events"":523,""detectors_checked"":9632}"
     65536,         0,         0,    1.58,exact_mw,f5ed540d8b33fe7a17a96c57e6e367075413a3677864b79373445f6bf89adea1,"{""distance"":7,""physical_error_rate"":0.0002}","{""detection_events"":38659,""detectors_checked"":39452672}"
         8,         5,         0,   0.594,exact_mw,104e95c9c5c26aa16a540527dd1100b1154b7e08e6a11bc0dc85c4e500a5f349,"{""distance"":7,""physical_error_rate"":0.1}","{""detection_events"":1433,""detectors_checked"":4816,""obs_mistake_mask=E"":5}"
        16,         0,         0,   0.650,exact_mw,2e54b5982e286509c94a8bc96d1d6e54082c27eed948d684125948784bc20414,"{""distance"":7,""physical_error_rate"":0.01}","{""detection_events"":447,""detectors_checked"":9632}"
    150528,         0,         0,    2.18,exact_mw,d5491e2f66b0c830b41b0168451c8818c583b15508c9bf9282dc8e7a6cb6bd3f,"{""distance"":7,""physical_error_rate"":0.0001}","{""detection_events"":44422,""detectors_checked"":90617856}"
       128,         0,         0,   0.562,exact_mw,ca91ffa42463e210e189f165a9a4cbcfd1773a75ca815ff24a9009c31e62d8d0,"{""distance"":7,""physical_error_rate"":0.002}","{""detection_events"":828,""detectors_checked"":77056}"
         8,         4,         0,   0.462,exact_mw,64e98f39d6e43472d1609d4d4a0f6c9fe4a6bcbdeed2edfe3967a999e171dbce,"{""distance"":7,""physical_error_rate"":0.5}","{""detection_events"":2403,""detectors_checked"":4816,""obs_mistake_mask=E"":4}"
        16,         4,         0,    1.06,exact_mw,44a30ed6f1c17712a1e48498787ed849716b01ee0859fb371aa1a98cce5f11ec,"{""distance"":7,""physical_error_rate"":0.05}","{""detection_events"":1769,""detectors_checked"":9632,""obs_mistake_mask=E"":4}"
    118784,         0,         0,    2.16,exact_mw,d5491e2f66b0c830b41b0168451c8818c583b15508c9bf9282dc8e7a6cb6bd3f,"{""distance"":7,""physical_error_rate"":0.0001}","{""detection_events"":35345,""detectors_checked"":71507968}"
        64,         0,         0,    1.55,exact_mw,0a198d80e37665dd6f23c481ef1c601566b502223b7ce5d7a38dc87c0be91af9,"{""distance"":7,""physical_error_rate"":0.005}","{""detection_events"":928,""detectors_checked"":38528}"
       512,         0,         0,   0.492,exact_mw,7acd59d404317421b37957afea3f5c66f33c9ef46579a47fd7c0ca3dd0dfc735,"{""distance"":7,""physical_error_rate"":0.001}","{""detection_events"":1515,""detectors_checked"":308224}"
      3072,         0,         0,   0.586,exact_mw,c34bb01325b9980f7caca1807bd93e7e28846c82b8c0538af034740e6e7d5106,"{""distance"":7,""physical_error_rate"":0.0005}","{""detection_events"":4426,""detectors_checked"":1849344}"
         8,         4,         0,   0.511,exact_mw,64e98f39d6e43472d1609d4d4a0f6c9fe4a6bcbdeed2edfe3967a999e171dbce,"{""distance"":7,""physical_error_rate"":0.5}","{""detection_events"":2446,""detectors_checked"":4816,""obs_mistake_mask=E"":4}"
        16,         0,         0,   0.512,exact_mw,2e54b5982e286509c94a8bc96d1d6e54082c27eed948d684125948784bc20414,"{""distance"":7,""physical_error_rate"":0.01}","{""detection_events"":416,""detectors_checked"":9632}"
      5120,         0,         0,   0.928,exact_mw,c34bb01325b9980f7caca1807bd93e7e28846c82b8c0538af034740e6e7d5106,"{""distance"":7,""physical_error_rate"":0.0005}","{""detection_events"":7789,""detectors_checked"":3082240}"
        16,         0,         0,   0.819,exact_mw,1f0c41bfbbc8ec35ff1484b2be036ef48716a49dcf1cc37e155a3f5819690eee,"{""distance"":7,""physical_error_rate"":0.02}","{""detection_events"":845,""detectors_checked"":9632}"
       512,         0,         0,   0.818,exact_mw,7acd59d404317421b37957afea3f5c66f33c9ef46579a47fd7c0ca3dd0dfc735,"{""distance"":7,""physical_error_rate"":0.001}","{""detection_events"":1561,""detectors_checked"":308224}"
      4096,         0,         0,   0.836,exact_mw,c34bb01325b9980f7caca1807bd93e7e28846c82b8c0538af034740e6e7d5106,"{""distance"":7,""physical_error_rate"":0.0005}","{""detection_events"":6149,""detectors_checked"":2465792}"
       512,         0,         0,   0.647,exact_mw,7acd59d404317421b37957afea3f5c66f33c9ef46579a47fd7c0ca3dd0dfc735,"{""distance"":7,""physical_error_rate"":0.001}","{""detection_events"":1474,""detectors_checked"":308224}"
       256,         0,         0,   0.320,exact_mw,7acd59d404317421b37957afea3f5c66f33c9ef46579a47fd7c0ca3dd0dfc735,"{""distance"":7,""physical_error_rate"":0.001}","{""detection_events"":721,""detectors_checked"":154112}"
         8,         3,         0,   0.529,exact_mw,7d00f1b687639e6070f8d0dea4f3a829a056f2a9a5be0f7c860aca0937915e3d,"{""distance"":7,""physical_error_rate"":0.2}","{""detection_events"":1897,""detectors_checked"":4816,""obs_mistake_mask=E"":3}"
        32,         0,         0,   0.429,exact_mw,0a198d80e37665dd6f23c481ef1c601566b502223b7ce5d7a38dc87c0be91af9,"{""distance"":7,""physical_error_rate"":0.005}","{""detection_events"":485,""detectors_checked"":19264}"
        16,         1,         0,   0.567,exact_mw,1f0c41bfbbc8ec35ff1484b2be036ef48716a49dcf1cc37e155a3f5819690eee,"{""distance"":7,""physical_error_rate"":0.02}","{""detection_events"":891,""detectors_checked"":9632,""obs_mistake_mask=E"":1}"
         8,         2,         0,   0.589,exact_mw,104e95c9c5c26aa16a540527dd1100b1154b7e08e6a11bc0dc85c4e500a5f349,"{""distance"":7,""physical_error_rate"":0.1}","{""detection_events"":1416,""detectors_checked"":4816,""obs_mistake_mask=E"":2}"
        32,         0,         0,   0.636,exact_mw,0a198d80e37665dd6f23c481ef1c601566b502223b7ce5d7a38dc87c0be91af9,"{""distance"":7,""physical_error_rate"":0.005}","{""detection_events"":486,""detectors_checked"":19264}"
     52224,         0,         0,   0.776,exact_mw,d5491e2f66b0c830b41b0168451c8818c583b15508c9bf9282dc8e7a6cb6bd3f,"{""distance"":7,""physical_error_rate"":0.0001}","{""detection_events"":15966,""detectors_checked"":31438848}"
         8,         4,         0,   0.458,exact_mw,7d00f1b687639e6070f8d0dea4f3a829a056f2a9a5be0f7c860aca0937915e3d,"{""distance"":7,""physical_error_rate"":0.2}","{""detection_events"":2023,""detectors_checked"":4816,""obs_mistake_mask=E"":4}"
        16,         0,         0,   0.420,exact_mw,2e54b5982e286509c94a8bc96d1d6e54082c27eed948d684125948784bc20414,"{""distance"":7,""physical_error_rate"":0.01}","{""detection_events"":411,""detectors_checked"":9632}"
         8,         2,         0,   0.646,exact_mw,7d00f1b687639e6070f8d0dea4f3a829a056f2a9a5be0f7c860aca0937915e3d,"{""distance"":7,""physical_error_rate"":0.2}","{""detection_events"":2048,""detectors_checked"":4816,""obs_mistake_mask=E"":2}"
        40,        14,         0,    2.64,exact_mw,44a30ed6f1c17712a1e48498787ed849716b01ee0859fb371aa1a98cce5f11ec,"{""distance"":7,""physical_error_rate"":0.05}","{""detection_events"":4350,""detectors_checked"":24080,""obs_mistake_mask=E"":14}"
         8,         1,         0,   0.539,exact_mw,44a30ed6f1c17712a1e48498787ed849716b01ee0859fb371aa1a98cce5f11ec,"{""distance"":7,""physical_error_rate"":0.05}","{""detection_events"":870,""detectors_checked"":4816,""obs_mistake_mask=E"":1}"
     48128,         0,         0,    1.09,exact_mw,f5ed540d8b33fe7a17a96c57e6e367075413a3677864b79373445f6bf89adea1,"{""distance"":7,""physical_error_rate"":0.0002}","{""detection_events"":28048,""detectors_checked"":28973056}"
        12,         6,         0,    1.00,exact_mw,7d00f1b687639e6070f8d0dea4f3a829a056f2a9a5be0f7c860aca0937915e3d,"{""distance"":7,""physical_error_rate"":0.2}","{""detection_events"":2886,""detectors_checked"":7224,""obs_mistake_mask=E"":6}"
         8,         3,         0,   0.525,exact_mw,44a30ed6f1c17712a1e48498787ed849716b01ee0859fb371aa1a98cce5f11ec,"{""distance"":7,""physical_error_rate"":0.05}","{""detection_events"":923,""detectors_checked"":4816,""obs_mistake_mask=E"":3}"
       128,         0,         0,   0.480,exact_mw,ca91ffa42463e210e189f165a9a4cbcfd1773a75ca815ff24a9009c31e62d8d0,"{""distance"":7,""physical_error_rate"":0.002}","{""detection_events"":663,""detectors_checked"":77056}"
       512,         0,         0,   0.325,exact_mw,7acd59d404317421b37957afea3f5c66f33c9ef46579a47fd7c0ca3dd0dfc735,"{""distance"":7,""physical_error_rate"":0.001}","{""detection_events"":1327,""detectors_checked"":308224}"
        16,         0,         0,   0.767,exact_mw,1f0c41bfbbc8ec35ff1484b2be036ef48716a49dcf1cc37e155a3f5819690eee,"{""distance"":7,""physical_error_rate"":0.02}","{""detection_events"":796,""detectors_checked"":9632}"
       256,         0,         0,   0.257,exact_mw,7acd59d404317421b37957afea3f5c66f33c9ef46579a47fd7c0ca3dd0dfc735,"{""distance"":7,""physical_error_rate"":0.001}","{""detection_events"":791,""detectors_checked"":154112}"
     80896,         0,         0,    1.55,exact_mw,f7d5d61828a7d0145c65811496ba49aa9633daaed59c6883f51143c3b878094e,"{""distance"":7,""physical_error_rate"":5e-05}","{""detection_events"":12018,""detectors_checked"":48699392}"
       512,         0,         0,    2.19,exact_mw,ca91ffa42463e210e189f165a9a4cbcfd1773a75ca815ff24a9009c31e62d8d0,"{""distance"":7,""physical_error_rate"":0.002}","{""detection_events"":2836,""detectors_checked"":308224}"
         8,         2,         0,   0.584,exact_mw,104e95c9c5c26aa16a540527dd1100b1154b7e08e6a11bc0dc85c4e500a5f349,"{""distance"":7,""physical_error_rate"":0.1}","{""detection_events"":1441,""detectors_checked"":4816,""obs_mistake_mask=E"":2}"
         8,         4,         0,   0.501,exact_mw,64e98f39d6e43472d1609d4d4a0f6c9fe4a6bcbdeed2edfe3967a999e171dbce,"{""distance"":7,""physical_error_rate"":0.5}","{""detection_events"":2431,""detectors_checked"":4816,""obs_mistake_mask=E"":4}"
        16,         0,         0,   0.593,exact_mw,2e54b5982e286509c94a8bc96d1d6e54082c27eed948d684125948784bc20414,"{""distance"":7,""physical_error_rate"":0.01}","{""detection_events"":475,""detectors_checked"":9632}"
        16,         7,         0,   0.886,exact_mw,7d00f1b687639e6070f8d0dea4f3a829a056f2a9a5be0f7c860aca0937915e3d,"{""distance"":7,""physical_error_rate"":0.2}","{""detection_events"":3855,""detectors_checked"":9632,""obs_mistake_mask=E"":7}"
         8,         4,         0,   0.468,exact_mw,64e98f39d6e43472d1609d4d4a0f6c9fe4a6bcbdeed2edfe3967a999e171dbce,"{""distance"":7,""physical_error_rate"":0.5}","{""detection_events"":2398,""detectors_checked"":4816,""obs_mistake_mask=E"":4}"
         8,         4,         0,   0.421,exact_mw,7d00f1b687639e6070f8d0dea4f3a829a056f2a9a5be0f7c860aca0937915e3d,"{""distance"":7,""physical_error_rate"":0.2}","{""detection_events"":1994,""detectors_checked"":4816,""obs_mistake_mask=E"":4}"
       128,         0,         0,   0.760,exact_mw,ca91ffa42463e210e189f165a9a4cbcfd1773a75ca815ff24a9009c31e62d8d0,"{""distance"":7,""physical_error_rate"":0.002}","{""detection_events"":788,""detectors_checked"":77056}"
        32,         0,         0,   0.459,exact_mw,0a198d80e37665dd6f23c481ef1c601566b502223b7ce5d7a38dc87c0be91af9,"{""distance"":7,""physical_error_rate"":0.005}","{""detection_events"":424,""detectors_checked"":19264}"
       256,         0,         0,    1.19,exact_mw,ca91ffa42463e210e189f165a9a4cbcfd1773a75ca815ff24a9009c31e62d8d0,"{""distance"":7,""physical_error_rate"":0.002}","{""detection_events"":1641,""detectors_checked"":154112}"
         8,         5,         0,   0.433,exact_mw,7d00f1b687639e6070f8d0dea4f3a829a056f2a9a5be0f7c860aca0937915e3d,"{""distance"":7,""physical_error_rate"":0.2}","{""detection_events"":1925,""detectors_checked"":4816,""obs_mistake_mask=E"":5}"
        16,         0,         0,   0.611,exact_mw,2e54b5982e286509c94a8bc96d1d6e54082c27eed948d684125948784bc20414,"{""distance"":7,""physical_error_rate"":0.01}","{""detection_events"":417,""detectors_checked"":9632}"
        32,         1,         0,    1.80,exact_mw,1f0c41bfbbc8ec35ff1484b2be036ef48716a49dcf1cc37e155a3f5819690eee,"{""distance"":7,""physical_error_rate"":0.02}","{""detection_events"":1678,""detectors_checked"":19264,""obs_mistake_mask=E"":1}"
        24,        10,         0,    1.49,exact_mw,104e95c9c5c26aa16a540527dd1100b1154b7e08e6a11bc0dc85c4e500a5f349,"{""distance"":7,""physical_error_rate"":0.1}","{""detection_events"":4121,""detectors_checked"":14448,""obs_mistake_mask=E"":10}"
     81920,         0,         0,    1.55,exact_mw,f7d5d61828a7d0145c65811496ba49aa9633daaed59c6883f51143c3b878094e,"{""distance"":7,""physical_error_rate"":5e-05}","{""detection_events"":12004,""detectors_checked"":49315840}"
        32,         0,         0,   0.526,exact_mw,0a198d80e37665dd6f23c481ef1c601566b502223b7ce5d7a38dc87c0be91af9,"{""distance"":7,""physical_error_rate"":0.005}","{""detection_events"":424,""detectors_checked"":19264}"
       512,         0,         0,   0.390,exact_mw,7acd59d404317421b37957afea3f5c66f33c9ef46579a47fd7c0ca3dd0dfc735,"{""distance"":7,""physical_error_rate"":0.001}","{""detection_events"":1430,""detectors_checked"":308224}"
    119808,         0,         0,    2.18,exact_mw,f7d5d61828a7d0145c65811496ba49aa9633daaed59c6883f51143c3b878094e,"{""distance"":7,""physical_error_rate"":5e-05}","{""detection_events"":17628,""detectors_checked"":72124416}"
        24,        11,         0,    1.23,exact_mw,104e95c9c5c26aa16a540527dd1100b1154b7e08e6a11bc0dc85c4e500a5f349,"{""distance"":7,""physical_error_rate"":0.1}","{""detection_events"":4113,""detectors_checked"":14448,""obs_mistake_mask=E"":11}"
       512,         0,         0,   0.628,exact_mw,7acd59d404317421b37957afea3f5c66f33c9ef46579a47fd7c0ca3dd0dfc735,"{""distance"":7,""physical_error_rate"":0.001}","{""detection_events"":1660,""detectors_checked"":308224}"
     74752,         0,         0,    1.57,exact_mw,f7d5d61828a7d0145c65811496ba49aa9633daaed59c6883f51143c3b878094e,"{""distance"":7,""physical_error_rate"":5e-05}","{""detection_events"":11041,""detectors_checked"":45000704}"
       512,         0,         0,    1.96,exact_mw,ca91ffa42463e210e189f165a9a4cbcfd1773a75ca815ff24a9009c31e62d8d0,"{""distance"":7,""physical_error_rate"":0.002}","{""detection_events"":2981,""detectors_checked"":308224}"
        16,         9,         0,    1.20,exact_mw,64e98f39d6e43472d1609d4d4a0f6c9fe4a6bcbdeed2edfe3967a999e171dbce,"{""distance"":7,""physical_error_rate"":0.5}","{""detection_events"":4833,""detectors_checked"":9632,""obs_mistake_mask=E"":9}"
        16,         1,         0,   0.639,exact_mw,1f0c41bfbbc8ec35ff1484b2be036ef48716a49dcf1cc37e155a3f5819690eee,"{""distance"":7,""physical_error_rate"":0.02}","{""detection_events"":854,""detectors_checked"":9632,""obs_mistake_mask=E"":1}"
       512,         0,         0,   0.696,exact_mw,7acd59d404317421b37957afea3f5c66f33c9ef46579a47fd7c0ca3dd0dfc735,"{""distance"":7,""physical_error_rate"":0.001}","{""detection_events"":1535,""detectors_checked"":308224}"
         8,         3,         0,   0.541,exact_mw,44a30ed6f1c17712a1e48498787ed849716b01ee0859fb371aa1a98cce5f11ec,"{""distance"":7,""physical_error_rate"":0.05}","{""detection_events"":990,""detectors_checked"":4816,""obs_mistake_mask=E"":3}"
        32,         0,         0,    1.23,exact_mw,2e54b5982e286509c94a8bc96d1d6e54082c27eed948d684125948784bc20414,"{""distance"":7,""physical_error_rate"":0.01}","{""detection_events"":812,""detectors_checked"":19264}"
     55296,         0,         0,    1.11,exact_mw,d5491e2f66b0c830b41b0168451c8818c583b15508c9bf9282dc8e7a6cb6bd3f,"{""distance"":7,""physical_error_rate"":0.0001}","{""detection_events"":16707,""detectors_checked"":33288192}"
         8,         3,         0,   0.545,exact_mw,44a30ed6f1c17712a1e48498787ed849716b01ee0859fb371aa1a98cce5f11ec,"{""distance"":7,""physical_error_rate"":0.05}","{""detection_events"":950,""detectors_checked"":4816,""obs_mistake_mask=E"":3}"
         8,         3,         0,   0.637,exact_mw,7d00f1b687639e6070f8d0dea4f3a829a056f2a9a5be0f7c860aca0937915e3d,"{""distance"":7,""physical_error_rate"":0.2}","{""detection_events"":1943,""detectors_checked"":4816,""obs_mistake_mask=E"":3}"
         8,         7,         0,   0.462,exact_mw,64e98f39d6e43472d1609d4d4a0f6c9fe4a6bcbdeed2edfe3967a999e171dbce,"{""distance"":7,""physical_error_rate"":0.5}","{""detection_events"":2398,""detectors_checked"":4816,""obs_mistake_mask=E"":7}"
      5120,         0,         0,   0.880,exact_mw,c34bb01325b9980f7caca1807bd93e7e28846c82b8c0538af034740e6e7d5106,"{""distance"":7,""physical_error_rate"":0.0005}","{""detection_events"":7690,""detectors_checked"":3082240}"
        16,         1,         0,   0.965,exact_mw,44a30ed6f1c17712a1e48498787ed849716b01ee0859fb371aa1a98cce5f11ec,"{""distance"":7,""physical_error_rate"":0.05}","{""detection_events"":1691,""detectors_checked"":9632,""obs_mistake_mask=E"":1}"
        16,         2,         0,   0.852,exact_mw,1f0c41bfbbc8ec35ff1484b2be036ef48716a49dcf1cc37e155a3f5819690eee,"{""distance"":7,""physical_error_rate"":0.02}","{""detection_events"":856,""detectors_checked"":9632,""obs_mistake_mask=E"":2}"
         8,         6,         0,   0.424,exact_mw,64e98f39d6e43472d1609d4d4a0f6c9fe4a6bcbdeed2edfe3967a999e171dbce,"{""distance"":7,""physical_error_rate"":0.5}","{""detection_events"":2411,""detectors_checked"":4816,""obs_mistake_mask=E"":6}"
        16,         1,         0,   0.602,exact_mw,1f0c41bfbbc8ec35ff1484b2be036ef48716a49dcf1cc37e155a3f5819690eee,"{""distance"":7,""physical_error_rate"":0.02}","{""detection_events"":857,""detectors_checked"":9632,""obs_mistake_mask=E"":1}"
       128,         0,         0,   0.629,exact_mw,ca91ffa42463e210e189f165a9a4cbcfd1773a75ca815ff24a9009c31e62d8d0,"{""distance"":7,""physical_error_rate"":0.002}","{""detection_events"":741,""detectors_checked"":77056}"
         8,         4,         0,   0.568,exact_mw,104e95c9c5c26aa16a540527dd1100b1154b7e08e6a11bc0dc85c4e500a5f349,"{""distance"":7,""physical_error_rate"":0.1}","{""detection_events"":1438,""detectors_checked"":4816,""obs_mistake_mask=E"":4}"
       512,         0,         0,   0.276,exact_mw,7acd59d404317421b37957afea3f5c66f33c9ef46579a47fd7c0ca3dd0dfc735,"{""distance"":7,""physical_error_rate"":0.001}","{""detection_events"":1397,""detectors_checked"":308224}"
         8,         4,         0,   0.477,exact_mw,7d00f1b687639e6070f8d0dea4f3a829a056f2a9a5be0f7c860aca0937915e3d,"{""distance"":7,""physical_error_rate"":0.2}","{""detection_events"":1954,""detectors_checked"":4816,""obs_mistake_mask=E"":4}"
         8,         4,         0,   0.454,exact_mw,7d00f1b687639e6070f8d0dea4f3a829a056f2a9a5be0f7c860aca0937915e3d,"{""distance"":7,""physical_error_rate"":0.2}","{""detection_events"":1997,""detectors_checked"":4816,""obs_mistake_mask=E"":4}"
    131072,         0,         0,    3.08,exact_mw,d5491e2f66b0c830b41b0168451c8818c583b15508c9bf9282dc8e7a6cb6bd3f,"{""distance"":7,""physical_error_rate"":0.0001}","{""detection_events"":38575,""detectors_checked"":78905344}"
        32,         0,         0,   0.908,exact_mw,2e54b5982e286509c94a8bc96d1d6e54082c27eed948d684125948784bc20414,"{""distance"":7,""physical_error_rate"":0.01}","{""detection_events"":842,""detectors_checked"":19264}"
        32,         0,         0,   0.550,exact_mw,0a198d80e37665dd6f23c481ef1c601566b502223b7ce5d7a38dc87c0be91af9,"{""distance"":7,""physical_error_rate"":0.005}","{""detection_events"":457,""detectors_checked"":19264}"
        48,        30,         0,    2.56,exact_mw,104e95c9c5c26aa16a540527dd1100b1154b7e08e6a11bc0dc85c4e500a5f349,"{""distance"":7,""physical_error_rate"":0.1}","{""detection_events"":8316,""detectors_checked"":28896,""obs_mistake_mask=E"":30}"
     81920,         0,         0,    1.56,exact_mw,f7d5d61828a7d0145c65811496ba49aa9633daaed59c6883f51143c3b878094e,"{""distance"":7,""physical_error_rate"":5e-05}","{""detection_events"":12286,""detectors_checked"":49315840}"
      6144,         0,         0,    1.17,exact_mw,c34bb01325b9980f7caca1807bd93e7e28846c82b8c0538af034740e6e7d5106,"{""distance"":7,""physical_error_rate"":0.0005}","{""detection_events"":9042,""detectors_checked"":3698688}"
        16,         4,         0,    1.04,exact_mw,104e95c9c5c26aa16a540527dd1100b1154b7e08e6a11bc0dc85c4e500a5f349,"{""distance"":7,""physical_error_rate"":0.1}","{""detection_events"":2832,""detectors_checked"":9632,""obs_mistake_mask=E"":4}"
      8192,         0,         0,    1.66,exact_mw,c34bb01325b9980f7caca1807bd93e7e28846c82b8c0538af034740e6e7d5106,"{""distance"":7,""physical_error_rate"":0.0005}","{""detection_events"":12159,""detectors_checked"":4931584}"
     79872,         0,         0,    1.09,exact_mw,d5491e2f66b0c830b41b0168451c8818c583b15508c9bf9282dc8e7a6cb6bd3f,"{""distance"":7,""physical_error_rate"":0.0001}","{""detection_events"":24082,""detectors_checked"":48082944}"
     81920,         0,         0,    2.18,exact_mw,f5ed540d8b33fe7a17a96c57e6e367075413a3677864b79373445f6bf89adea1,"{""distance"":7,""physical_error_rate"":0.0002}","{""detection_events"":48594,""detectors_checked"":49315840}"
       128,         0,         0,   0.777,exact_mw,ca91ffa42463e210e189f165a9a4cbcfd1773a75ca815ff24a9009c31e62d8d0,"{""distance"":7,""physical_error_rate"":0.002}","{""detection_events"":799,""detectors_checked"":77056}"
       512,         0,         0,   0.984,exact_mw,7acd59d404317421b37957afea3f5c66f33c9ef46579a47fd7c0ca3dd0dfc735,"{""distance"":7,""physical_error_rate"":0.001}","{""detection_events"":1490,""detectors_checked"":308224}"
         8,         4,         0,   0.518,exact_mw,44a30ed6f1c17712a1e48498787ed849716b01ee0859fb371aa1a98cce5f11ec,"{""distance"":7,""physical_error_rate"":0.05}","{""detection_events"":819,""detectors_checked"":4816,""obs_mistake_mask=E"":4}"
       512,         0,         0,   0.616,exact_mw,7acd59d404317421b37957afea3f5c66f33c9ef46579a47fd7c0ca3dd0dfc735,"{""distance"":7,""physical_error_rate"":0.001}","{""detection_events"":1533,""detectors_checked"":308224}"
         8,         5,         0,   0.545,exact_mw,44a30ed6f1c17712a1e48498787ed849716b01ee0859fb371aa1a98cce5f11ec,"{""distance"":7,""physical_error_rate"":0.05}","{""detection_events"":880,""detectors_checked"":4816,""obs_mistake_mask=E"":5}"
        32,         0,         0,   0.940,exact_mw,2e54b5982e286509c94a8bc96d1d6e54082c27eed948d684125948784bc20414,"{""distance"":7,""physical_error_rate"":0.01}","{""detection_events"":884,""detectors_checked"":19264}"
       512,         0,         0,   0.639,exact_mw,7acd59d404317421b37957afea3f5c66f33c9ef46579a47fd7c0ca3dd0dfc735,"{""distance"":7,""physical_error_rate"":0.001}","{""detection_events"":1483,""detectors_checked"":308224}"
        80,         0,         0,    1.81,exact_mw,2e54b5982e286509c94a8bc96d1d6e54082c27eed948d684125948784bc20414,"{""distance"":7,""physical_error_rate"":0.01}","{""detection_events"":2226,""detectors_checked"":48160}"
        32,         0,         0,   0.779,exact_mw,2e54b5982e286509c94a8bc96d1d6e54082c27eed948d684125948784bc20414,"{""distance"":7,""physical_error_rate"":0.01}","{""detection_events"":874,""detectors_checked"":19264}"
      6144,         0,         0,    1.35,exact_mw,c34bb01325b9980f7caca1807bd93e7e28846c82b8c0538af034740e6e7d5106,"{""distance"":7,""physical_error_rate"":0.0005}","{""detection_events"":8808,""detectors_checked"":3698688}"
         8,         4,         0,   0.518,exact_mw,64e98f39d6e43472d1609d4d4a0f6c9fe4a6bcbdeed2edfe3967a999e171dbce,"{""distance"":7,""physical_error_rate"":0.5}","{""detection_events"":2356,""detectors_checked"":4816,""obs_mistake_mask=E"":4}"
        32,         0,         0,   0.325,exact_mw,0a198d80e37665dd6f23c481ef1c601566b502223b7ce5d7a38dc87c0be91af9,"{""distance"":7,""physical_error_rate"":0.005}","{""detection_events"":357,""detectors_checked"":19264}"
        16,         0,         0,   0.722,exact_mw,1f0c41bfbbc8ec35ff1484b2be036ef48716a49dcf1cc37e155a3f5819690eee,"{""distance"":7,""physical_error_rate"":0.02}","{""detection_events"":838,""detectors_checked"":9632}"
         8,         3,         0,   0.466,exact_mw,7d00f1b687639e6070f8d0dea4f3a829a056f2a9a5be0f7c860aca0937915e3d,"{""distance"":7,""physical_error_rate"":0.2}","{""detection_events"":1910,""detectors_checked"":4816,""obs_mistake_mask=E"":3}"
    178176,         0,         0,    4.25,exact_mw,f5ed540d8b33fe7a17a96c57e6e367075413a3677864b79373445f6bf89adea1,"{""distance"":7,""physical_error_rate"":0.0002}","{""detection_events"":104822,""detectors_checked"":107261952}"
         8,         4,         0,   0.646,exact_mw,7d00f1b687639e6070f8d0dea4f3a829a056f2a9a5be0f7c860aca0937915e3d,"{""distance"":7,""physical_error_rate"":0.2}","{""detection_events"":1974,""detectors_checked"":4816,""obs_mistake_mask=E"":4}"
        16,         3,         0,    1.01,exact_mw,7d00f1b687639e6070f8d0dea4f3a829a056f2a9a5be0f7c860aca0937915e3d,"{""distance"":7,""physical_error_rate"":0.2}","{""detection_events"":3965,""detectors_checked"":9632,""obs_mistake_mask=E"":3}"
        32,         0,         0,   0.796,exact_mw,0a198d80e37665dd6f23c481ef1c601566b502223b7ce5d7a38dc87c0be91af9,"{""distance"":7,""physical_error_rate"":0.005}","{""detection_events"":541,""detectors_checked"":19264}"
         8,         4,         0,   0.451,exact_mw,7d00f1b687639e6070f8d0dea4f3a829a056f2a9a5be0f7c860aca0937915e3d,"{""distance"":7,""physical_error_rate"":0.2}","{""detection_events"":1940,""detectors_checked"":4816,""obs_mistake_mask=E"":4}"
        16,         0,         0,   0.600,exact_mw,1f0c41bfbbc8ec35ff1484b2be036ef48716a49dcf1cc37e155a3f5819690eee,"{""distance"":7,""physical_error_rate"":0.02}","{""detection_events"":892,""detectors_checked"":9632}"
       128,         0,         0,   0.595,exact_mw,ca91ffa42463e210e189f165a9a4cbcfd1773a75ca815ff24a9009c31e62d8d0,"{""distance"":7,""physical_error_rate"":0.002}","{""detection_events"":761,""detectors_checked"":77056}"
        32,        15,         0,    1.79,exact_mw,64e98f39d6e43472d1609d4d4a0f6c9fe4a6bcbdeed2edfe3967a999e171dbce,"{""distance"":7,""physical_error_rate"":0.5}","{""detection_events"":9625,""detectors_checked"":19264,""obs_mistake_mask=E"":15}"
         8,         6,         0,   0.588,exact_mw,104e95c9c5c26aa16a540527dd1100b1154b7e08e6a11bc0dc85c4e500a5f349,"{""distance"":7,""physical_error_rate"":0.1}","{""detection_events"":1433,""detectors_checked"":4816,""obs_mistake_mask=E"":6}"
        16,         7,         0,    1.33,exact_mw,7d00f1b687639e6070f8d0dea4f3a829a056f2a9a5be0f7c860aca0937915e3d,"{""distance"":7,""physical_error_rate"":0.2}","{""detection_events"":3859,""detectors_checked"":9632,""obs_mistake_mask=E"":7}"
        96,         0,         0,    1.98,exact_mw,0a198d80e37665dd6f23c481ef1c601566b502223b7ce5d7a38dc87c0be91af9,"{""distance"":7,""physical_error_rate"":0.005}","{""detection_events"":1376,""detectors_checked"":57792}"
        16,         5,         0,   0.705,exact_mw,44a30ed6f1c17712a1e48498787ed849716b01ee0859fb371aa1a98cce5f11ec,"{""distance"":7,""physical_error_rate"":0.05}","{""detection_events"":1787,""detectors_checked"":9632,""obs_mistake_mask=E"":5}"
     62464,         0,         0,    2.21,exact_mw,f5ed540d8b33fe7a17a96c57e6e367075413a3677864b79373445f6bf89adea1,"{""distance"":7,""physical_error_rate"":0.0002}","{""detection_events"":36862,""detectors_checked"":37603328}"
        64,         0,         0,    1.68,exact_mw,0a198d80e37665dd6f23c481ef1c601566b502223b7ce5d7a38dc87c0be91af9,"{""distance"":7,""physical_error_rate"":0.005}","{""detection_events"":972,""detectors_checked"":38528}"
     14336,         0,         0,    2.42,exact_mw,c34bb01325b9980f7caca1807bd93e7e28846c82b8c0538af034740e6e7d5106,"{""distance"":7,""physical_error_rate"":0.0005}","{""detection_events"":20649,""detectors_checked"":8630272}"
       256,         0,         0,    1.12,exact_mw,ca91ffa42463e210e189f165a9a4cbcfd1773a75ca815ff24a9009c31e62d8d0,"{""distance"":7,""physical_error_rate"":0.002}","{""detection_events"":1510,""detectors_checked"":154112}"
        16,         7,         0,   0.882,exact_mw,64e98f39d6e43472d1609d4d4a0f6c9fe4a6bcbdeed2edfe3967a999e171dbce,"{""distance"":7,""physical_error_rate"":0.5}","{""detection_events"":4871,""detectors_checked"":9632,""obs_mistake_mask=E"":7}"
        16,         0,         0,   0.891,exact_mw,1f0c41bfbbc8ec35ff1484b2be036ef48716a49dcf1cc37e155a3f5819690eee,"{""distance"":7,""physical_error_rate"":0.02}","{""detection_events"":825,""detectors_checked"":9632}"
     53248,         0,         0,    1.55,exact_mw,f5ed540d8b33fe7a17a96c57e6e367075413a3677864b79373445f6bf89adea1,"{""distance"":7,""physical_error_rate"":0.0002}","{""detection_events"":30881,""detectors_checked"":32055296}"
        32,         0,         0,   0.327,exact_mw,0a198d80e37665dd6f23c481ef1c601566b502223b7ce5d7a38dc87c0be91af9,"{""distance"":7,""physical_error_rate"":0.005}","{""detection_events"":452,""detectors_checked"":19264}"
         8,         1,         0,   0.440,exact_mw,64e98f39d6e43472d1609d4d4a0f6c9fe4a6bcbdeed2edfe3967a999e171dbce,"{""distance"":7,""physical_error_rate"":0.5}","{""detection_events"":2450,""detectors_checked"":4816,""obs_mistake_mask=E"":1}"
         8,         4,         0,   0.561,exact_mw,44a30ed6f1c17712a1e48498787ed849716b01ee0859fb371aa1a98cce5f11ec,"{""distance"":7,""physical_error_rate"":0.05}","{""detection_events"":942,""detectors_checked"":4816,""obs_mistake_mask=E"":4}"
        32,         0,         0,    1.14,exact_mw,2e54b5982e286509c94a8bc96d1d6e54082c27eed948d684125948784bc20414,"{""distance"":7,""physical_error_rate"":0.01}","{""detection_events"":834,""detectors_checked"":19264}"
         8,         1,         0,   0.578,exact_mw,44a30ed6f1c17712a1e48498787ed849716b01ee0859fb371aa1a98cce5f11ec,"{""distance"":7,""physical_error_rate"":0.05}","{""detection_events"":907,""detectors_checked"":4816,""obs_mistake_mask=E"":1}"
     64512,         0,         0,    2.19,exact_mw,f5ed540d8b33fe7a17a96c57e6e367075413a3677864b79373445f6bf89adea1,"{""distance"":7,""physical_error_rate"":0.0002}","{""detection_events"":38261,""detectors_checked"":38836224}"
         8,         5,         0,   0.454,exact_mw,7d00f1b687639e6070f8d0dea4f3a829a056f2a9a5be0f7c860aca0937915e3d,"{""distance"":7,""physical_error_rate"":0.2}","{""detection_events"":1975,""detectors_checked"":4816,""obs_mistake_mask=E"":5}"
      1024,         0,         0,    1.00,exact_mw,7acd59d404317421b37957afea3f5c66f33c9ef46579a47fd7c0ca3dd0dfc735,"{""distance"":7,""physical_error_rate"":0.001}","{""detection_events"":3410,""detectors_checked"":616448}"
         8,         5,         0,   0.402,exact_mw,104e95c9c5c26aa16a540527dd1100b1154b7e08e6a11bc0dc85c4e500a5f349,"{""distance"":7,""physical_error_rate"":0.1}","{""detection_events"":1480,""detectors_checked"":4816,""obs_mistake_mask=E"":5}"
       512,         0,         0,   0.689,exact_mw,7acd59d404317421b37957afea3f5c66f33c9ef46579a47fd7c0ca3dd0dfc735,"{""distance"":7,""physical_error_rate"":0.001}","{""detection_events"":1541,""detectors_checked"":308224}"
       128,         0,         0,    2.37,exact_mw,0a198d80e37665dd6f23c481ef1c601566b502223b7ce5d7a38dc87c0be91af9,"{""distance"":7,""physical_error_rate"":0.005}","{""detection_events"":1781,""detectors_checked"":77056}"
      5120,         0,         0,    1.19,exact_mw,c34bb01325b9980f7caca1807bd93e7e28846c82b8c0538af034740e6e7d5106,"{""distance"":7,""physical_error_rate"":0.0005}","{""detection_events"":7910,""detectors_checked"":3082240}"
        32,         0,         0,   0.964,exact_mw,2e54b5982e286509c94a8bc96d1d6e54082c27eed948d684125948784bc20414,"{""distance"":7,""physical_error_rate"":0.01}","{""detection_events"":833,""detectors_checked"":19264}"
        16,         7,         0,   0.866,exact_mw,104e95c9c5c26aa16a540527dd1100b1154b7e08e6a11bc0dc85c4e500a5f349,"{""distance"":7,""physical_error_rate"":0.1}","{""detection_events"":2903,""detectors_checked"":9632,""obs_mistake_mask=E"":7}"
         8,         7,         0,   0.622,exact_mw,7d00f1b687639e6070f8d0dea4f3a829a056f2a9a5be0f7c860aca0937915e3d,"{""distance"":7,""physical_error_rate"":0.2}","{""detection_events"":1983,""detectors_checked"":4816,""obs_mistake_mask=E"":7}"
         8,         3,         0,   0.658,exact_mw,7d00f1b687639e6070f8d0dea4f3a829a056f2a9a5be0f7c860aca0937915e3d,"{""distance"":7,""physical_error_rate"":0.2}","{""detection_events"":1966,""detectors_checked"":4816,""obs_mistake_mask=E"":3}"
       128,         0,         0,   0.607,exact_mw,ca91ffa42463e210e189f165a9a4cbcfd1773a75ca815ff24a9009c31e62d8d0,"{""distance"":7,""physical_error_rate"":0.002}","{""detection_events"":733,""detectors_checked"":77056}"
        64,         0,         0,   0.801,exact_mw,0a198d80e37665dd6f23c481ef1c601566b502223b7ce5d7a38dc87c0be91af9,"{""distance"":7,""physical_error_rate"":0.005}","{""detection_events"":888,""detectors_checked"":38528}"
        24,        12,         0,    1.54,exact_mw,64e98f39d6e43472d1609d4d4a0f6c9fe4a6bcbdeed2edfe3967a999e171dbce,"{""distance"":7,""physical_error_rate"":0.5}","{""detection_events"":7217,""detectors_checked"":14448,""obs_mistake_mask=E"":12}"
        16,         4,         0,   0.682,exact_mw,44a30ed6f1c17712a1e48498787ed849716b01ee0859fb371aa1a98cce5f11ec,"{""distance"":7,""physical_error_rate"":0.05}","{""detection_events"":1787,""detectors_checked"":9632,""obs_mistake_mask=E"":4}"
        32,         0,         0,   0.483,exact_mw,0a198d80e37665dd6f23c481ef1c601566b502223b7ce5d7a38dc87c0be91af9,"{""distance"":7,""physical_error_rate"":0.005}","{""detection_events"":447,""detectors_checked"":19264}"
        32,         0,         0,   0.914,exact_mw,2e54b5982e286509c94a8bc96d1d6e54082c27eed948d684125948784bc20414,"{""distance"":7,""physical_error_rate"":0.01}","{""detection_events"":800,""detectors_checked"":19264}"
        16,         1,         0,   0.804,exact_mw,1f0c41bfbbc8ec35ff1484b2be036ef48716a49dcf1cc37e155a3f5819690eee,"{""distance"":7,""physical_error_rate"":0.02}","{""detection_events"":832,""detectors_checked"":9632,""obs_mistake_mask=E"":1}"
     71680,         0,         0,    1.55,exact_mw,d5491e2f66b0c830b41b0168451c8818c583b15508c9bf9282dc8e7a6cb6bd3f,"{""distance"":7,""physical_error_rate"":0.0001}","{""detection_events"":21315,""detectors_checked"":43151360}"
        16,         0,         0,   0.913,exact_mw,1f0c41bfbbc8ec35ff1484b2be036ef48716a49dcf1cc37e155a3f5819690eee,"{""distance"":7,""physical_error_rate"":0.02}","{""detection_events"":901,""detectors_checked"":9632}"
         8,         1,         0,   0.373,exact_mw,104e95c9c5c26aa16a540527dd1100b1154b7e08e6a11bc0dc85c4e500a5f349,"{""distance"":7,""physical_error_rate"":0.1}","{""detection_events"":1344,""detectors_checked"":4816,""obs_mistake_mask=E"":1}"
        24,        18,         0,    1.71,exact_mw,104e95c9c5c26aa16a540527dd1100b1154b7e08e6a11bc0dc85c4e500a5f349,"{""distance"":7,""physical_error_rate"":0.1}","{""detection_events"":4215,""detectors_checked"":14448,""obs_mistake_mask=E"":18}"
       512,         0,         0,    1.08,exact_mw,7acd59d404317421b37957afea3f5c66f33c9ef46579a47fd7c0ca3dd0dfc735,"{""distance"":7,""physical_error_rate"":0.001}","{""detection_events"":1540,""detectors_checked"":308224}"
         8,         3,         0,   0.572,exact_mw,64e98f39d6e43472d1609d4d4a0f6c9fe4a6bcbdeed2edfe3967a999e171dbce,"{""distance"":7,""physical_error_rate"":0.5}","{""detection_events"":2414,""detectors_checked"":4816,""obs_mistake_mask=E"":3}"
         8,         6,         0,   0.451,exact_mw,7d00f1b687639e6070f8d0dea4f3a829a056f2a9a5be0f7c860aca0937915e3d,"{""distance"":7,""physical_error_rate"":0.2}","{""detection_events"":1975,""detectors_checked"":4816,""obs_mistake_mask=E"":6}"
        32,         0,         0,    1.09,exact_mw,2e54b5982e286509c94a8bc96d1d6e54082c27eed948d684125948784bc20414,"{""distance"":7,""physical_error_rate"":0.01}","{""detection_events"":951,""detectors_checked"":19264}"
         8,         2,         0,   0.524,exact_mw,44a30ed6f1c17712a1e48498787ed849716b01ee0859fb371aa1a98cce5f11ec,"{""distance"":7,""physical_error_rate"":0.05}","{""detection_events"":889,""detectors_checked"":4816,""obs_mistake_mask=E"":2}"
        72,        27,         0,    3.31,exact_mw,44a30ed6f1c17712a1e48498787ed849716b01ee0859fb371aa1a98cce5f11ec,"{""distance"":7,""physical_error_rate"":0.05}","{""detection_events"":7960,""detectors_checked"":43344,""obs_mistake_mask=E"":27}"
     71680,         0,         0,    2.21,exact_mw,f7d5d61828a7d0145c65811496ba49aa9633daaed59c6883f51143c3b878094e,"{""distance"":7,""physical_error_rate"":5e-05}","{""detection_events"":10736,""detectors_checked"":43151360}"
      1024,         0,         0,    1.19,exact_mw,7acd59d404317421b37957afea3f5c66f33c9ef46579a47fd7c0ca3dd0dfc735,"{""distance"":7,""physical_error_rate"":0.001}","{""detection_events"":3139,""detectors_checked"":616448}"
       512,         0,         0,   0.568,exact_mw,7acd59d404317421b37957afea3f5c66f33c9ef46579a47fd7c0ca3dd0dfc735,"{""distance"":7,""physical_error_rate"":0.001}","{""detection_events"":1421,""detectors_checked"":308224}"
        32,        15,         0,    1.91,exact_mw,104e95c9c5c26aa16a540527dd1100b1154b7e08e6a11bc0dc85c4e500a5f349,"{""distance"":7,""physical_error_rate"":0.1}","{""detection_events"":5596,""detectors_checked"":19264,""obs_mistake_mask=E"":15}"
        16,         1,         0,   0.866,exact_mw,1f0c41bfbbc8ec35ff1484b2be036ef48716a49dcf1cc37e155a3f5819690eee,"{""distance"":7,""physical_error_rate"":0.02}","{""detection_events"":816,""detectors_checked"":9632,""obs_mistake_mask=E"":1}"
         8,         3,         0,   0.632,exact_mw,7d00f1b687639e6070f8d0dea4f3a829a056f2a9a5be0f7c860aca0937915e3d,"{""distance"":7,""physical_error_rate"":0.2}","{""detection_events"":1906,""detectors_checked"":4816,""obs_mistake_mask=E"":3}"
        16,         7,         0,    1.28,exact_mw,7d00f1b687639e6070f8d0dea4f3a829a056f2a9a5be0f7c860aca0937915e3d,"{""distance"":7,""physical_error_rate"":0.2}","{""detection_events"":3951,""detectors_checked"":9632,""obs_mistake_mask=E"":7}"
        32,         0,         0,   0.514,exact_mw,0a198d80e37665dd6f23c481ef1c601566b502223b7ce5d7a38dc87c0be91af9,"{""distance"":7,""physical_error_rate"":0.005}","{""detection_events"":421,""detectors_checked"":19264}"
        48,         3,         0,    2.20,exact_mw,1f0c41bfbbc8ec35ff1484b2be036ef48716a49dcf1cc37e155a3f5819690eee,"{""distance"":7,""physical_error_rate"":0.02}","{""detection_events"":2563,""detectors_checked"":28896,""obs_mistake_mask=E"":3}"
    114688,         0,         0,    1.55,exact_mw,d5491e2f66b0c830b41b0168451c8818c583b15508c9bf9282dc8e7a6cb6bd3f,"{""distance"":7,""physical_error_rate"":0.0001}","{""detection_events"":34347,""detectors_checked"":69042176}"
    146432,         0,         0,    2.17,exact_mw,f7d5d61828a7d0145c65811496ba49aa9633daaed59c6883f51143c3b878094e,"{""distance"":7,""physical_error_rate"":5e-05}","{""detection_events"":22269,""detectors_checked"":88152064}"
    222208,         0,         0,    3.06,exact_mw,d5491e2f66b0c830b41b0168451c8818c583b15508c9bf9282dc8e7a6cb6bd3f,"{""distance"":7,""physical_error_rate"":0.0001}","{""detection_events"":66835,""detectors_checked"":133769216}"
       256,         0,         0,    1.62,exact_mw,ca91ffa42463e210e189f165a9a4cbcfd1773a75ca815ff24a9009c31e62d8d0,"{""distance"":7,""physical_error_rate"":0.002}","{""detection_events"":1566,""detectors_checked"":154112}"
         8,         6,         0,   0.516,exact_mw,64e98f39d6e43472d1609d4d4a0f6c9fe4a6bcbdeed2edfe3967a999e171dbce,"{""distance"":7,""physical_error_rate"":0.5}","{""detection_events"":2398,""detectors_checked"":4816,""obs_mistake_mask=E"":6}"
     68608,         0,         0,    2.23,exact_mw,f7d5d61828a7d0145c65811496ba49aa9633daaed59c6883f51143c3b878094e,"{""distance"":7,""physical_error_rate"":5e-05}","{""detection_events"":9732,""detectors_checked"":41302016}"
        24,        16,         0,    1.22,exact_mw,64e98f39d6e43472d1609d4d4a0f6c9fe4a6bcbdeed2edfe3967a999e171dbce,"{""distance"":7,""physical_error_rate"":0.5}","{""detection_events"":7162,""detectors_checked"":14448,""obs_mistake_mask=E"":16}"
         8,         5,         0,   0.580,exact_mw,104e95c9c5c26aa16a540527dd1100b1154b7e08e6a11bc0dc85c4e500a5f349,"{""distance"":7,""physical_error_rate"":0.1}","{""detection_events"":1373,""detectors_checked"":4816,""obs_mistake_mask=E"":5}"
       256,         0,         0,    1.25,exact_mw,ca91ffa42463e210e189f165a9a4cbcfd1773a75ca815ff24a9009c31e62d8d0,"{""distance"":7,""physical_error_rate"":0.002}","{""detection_events"":1320,""detectors_checked"":154112}"
        16,         4,         0,   0.704,exact_mw,44a30ed6f1c17712a1e48498787ed849716b01ee0859fb371aa1a98cce5f11ec,"{""distance"":7,""physical_error_rate"":0.05}","{""detection_events"":1846,""detectors_checked"":9632,""obs_mistake_mask=E"":4}"
         8,         2,         0,   0.560,exact_mw,44a30ed6f1c17712a1e48498787ed849716b01ee0859fb371aa1a98cce5f11ec,"{""distance"":7,""physical_error_rate"":0.05}","{""detection_events"":944,""detectors_checked"":4816,""obs_mistake_mask=E"":2}"
    149504,         0,         0,    3.07,exact_mw,d5491e2f66b0c830b41b0168451c8818c583b15508c9bf9282dc8e7a6cb6bd3f,"{""distance"":7,""physical_error_rate"":0.0001}","{""detection_events"":44430,""detectors_checked"":90001408}"
        64,         2,         0,    3.66,exact_mw,1f0c41bfbbc8ec35ff1484b2be036ef48716a49dcf1cc37e155a3f5819690eee,"{""distance"":7,""physical_error_rate"":0.02}","{""detection_events"":3360,""detectors_checked"":38528,""obs_mistake_mask=E"":2}"
        16,         1,         0,   0.639,exact_mw,1f0c41bfbbc8ec35ff1484b2be036ef48716a49dcf1cc37e155a3f5819690eee,"{""distance"":7,""physical_error_rate"":0.02}","{""detection_events"":787,""detectors_checked"":9632,""obs_mistake_mask=E"":1}"
        16,         5,         0,    1.08,exact_mw,44a30ed6f1c17712a1e48498787ed849716b01ee0859fb371aa1a98cce5f11ec,"{""distance"":7,""physical_error_rate"":0.05}","{""detection_events"":1708,""detectors_checked"":9632,""obs_mistake_mask=E"":5}"
      8192,         0,         0,    1.66,exact_mw,c34bb01325b9980f7caca1807bd93e7e28846c82b8c0538af034740e6e7d5106,"{""distance"":7,""physical_error_rate"":0.0005}","{""detection_events"":12224,""detectors_checked"":4931584}"
      5120,         0,         0,    1.89,exact_mw,c34bb01325b9980f7caca1807bd93e7e28846c82b8c0538af034740e6e7d5106,"{""distance"":7,""physical_error_rate"":0.0005}","{""detection_events"":7607,""detectors_checked"":3082240}"
        64,         1,         0,    1.71,exact_mw,2e54b5982e286509c94a8bc96d1d6e54082c27eed948d684125948784bc20414,"{""distance"":7,""physical_error_rate"":0.01}","{""detection_events"":1689,""detectors_checked"":38528,""obs_mistake_mask=E"":1}"
      1024,         0,         0,    1.18,exact_mw,7acd59d404317421b37957afea3f5c66f33c9ef46579a47fd7c0ca3dd0dfc735,"{""distance"":7,""physical_error_rate"":0.001}","{""detection_events"":3108,""detectors_checked"":616448}"
        64,         0,         0,   0.970,exact_mw,0a198d80e37665dd6f23c481ef1c601566b502223b7ce5d7a38dc87c0be91af9,"{""distance"":7,""physical_error_rate"":0.005}","{""detection_events"":925,""detectors_checked"":38528}"
        32,         1,         0,    1.30,exact_mw,2e54b5982e286509c94a8bc96d1d6e54082c27eed948d684125948784bc20414,"{""distance"":7,""physical_error_rate"":0.01}","{""detection_events"":840,""detectors_checked"":19264,""obs_mistake_mask=E"":1}"
        28,        19,         0,    1.66,exact_mw,7d00f1b687639e6070f8d0dea4f3a829a056f2a9a5be0f7c860aca0937915e3d,"{""distance"":7,""physical_error_rate"":0.2}","{""detection_events"":6916,""detectors_checked"":16856,""obs_mistake_mask=E"":19}"
    137216,         0,         0,    2.17,exact_mw,f7d5d61828a7d0145c65811496ba49aa9633daaed59c6883f51143c3b878094e,"{""distance"":7,""physical_error_rate"":5e-05}","{""detection_events"":20472,""detectors_checked"":82604032}"
        16,         4,         0,   0.907,exact_mw,7d00f1b687639e6070f8d0dea4f3a829a056f2a9a5be0f7c860aca0937915e3d,"{""distance"":7,""physical_error_rate"":0.2}","{""detection_events"":4064,""detectors_checked"":9632,""obs_mistake_mask=E"":4}"
       256,         0,         0,    1.25,exact_mw,ca91ffa42463e210e189f165a9a4cbcfd1773a75ca815ff24a9009c31e62d8d0,"{""distance"":7,""physical_error_rate"":0.002}","{""detection_events"":1443,""detectors_checked"":154112}"
         8,         2,         0,   0.455,exact_mw,64e98f39d6e43472d1609d4d4a0f6c9fe4a6bcbdeed2edfe3967a999e171dbce,"{""distance"":7,""physical_error_rate"":0.5}","{""detection_events"":2378,""detectors_checked"":4816,""obs_mistake_mask=E"":2}"
        16,         8,         0,    1.29,exact_mw,7d00f1b687639e6070f8d0dea4f3a829a056f2a9a5be0f7c860aca0937915e3d,"{""distance"":7,""physical_error_rate"":0.2}","{""detection_events"":3966,""detectors_checked"":9632,""obs_mistake_mask=E"":8}"
         8,         2,         0,   0.419,exact_mw,44a30ed6f1c17712a1e48498787ed849716b01ee0859fb371aa1a98cce5f11ec,"{""distance"":7,""physical_error_rate"":0.05}","{""detection_events"":961,""detectors_checked"":4816,""obs_mistake_mask=E"":2}"
     14336,         0,         0,    2.17,exact_mw,c34bb01325b9980f7caca1807bd93e7e28846c82b8c0538af034740e6e7d5106,"{""distance"":7,""physical_error_rate"":0.0005}","{""detection_events"":20609,""detectors_checked"":8630272}"
        56,        21,         0,    3.27,exact_mw,44a30ed6f1c17712a1e48498787ed849716b01ee0859fb371aa1a98cce5f11ec,"{""distance"":7,""physical_error_rate"":0.05}","{""detection_events"":6390,""detectors_checked"":33712,""obs_mistake_mask=E"":21}"
        24,        14,         0,    1.44,exact_mw,104e95c9c5c26aa16a540527dd1100b1154b7e08e6a11bc0dc85c4e500a5f349,"{""distance"":7,""physical_error_rate"":0.1}","{""detection_events"":4229,""detectors_checked"":14448,""obs_mistake_mask=E"":14}"
        48,         0,         0,    1.45,exact_mw,2e54b5982e286509c94a8bc96d1d6e54082c27eed948d684125948784bc20414,"{""distance"":7,""physical_error_rate"":0.01}","{""detection_events"":1271,""detectors_checked"":28896}"
        16,         1,         0,   0.890,exact_mw,1f0c41bfbbc8ec35ff1484b2be036ef48716a49dcf1cc37e155a3f5819690eee,"{""distance"":7,""physical_error_rate"":0.02}","{""detection_events"":846,""detectors_checked"":9632,""obs_mistake_mask=E"":1}"
         8,         6,         0,   0.614,exact_mw,104e95c9c5c26aa16a540527dd1100b1154b7e08e6a11bc0dc85c4e500a5f349,"{""distance"":7,""physical_error_rate"":0.1}","{""detection_events"":1410,""detectors_checked"":4816,""obs_mistake_mask=E"":6}"
      5120,         1,         0,    4.63,exact_mw,7acd59d404317421b37957afea3f5c66f33c9ef46579a47fd7c0ca3dd0dfc735,"{""distance"":7,""physical_error_rate"":0.001}","{""detection_events"":14636,""detectors_checked"":3082240,""obs_mistake_mask=E"":1}"
        16,         9,         0,   0.853,exact_mw,7d00f1b687639e6070f8d0dea4f3a829a056f2a9a5be0f7c860aca0937915e3d,"{""distance"":7,""physical_error_rate"":0.2}","{""detection_events"":3951,""detectors_checked"":9632,""obs_mistake_mask=E"":9}"
       640,         0,         0,    3.27,exact_mw,ca91ffa42463e210e189f165a9a4cbcfd1773a75ca815ff24a9009c31e62d8d0,"{""distance"":7,""physical_error_rate"":0.002}","{""detection_events"":3698,""detectors_checked"":385280}"
       512,         0,         0,    1.23,exact_mw,7acd59d404317421b37957afea3f5c66f33c9ef46579a47fd7c0ca3dd0dfc735,"{""distance"":7,""physical_error_rate"":0.001}","{""detection_events"":1525,""detectors_checked"":308224}"
      1024,         0,         0,    1.08,exact_mw,7acd59d404317421b37957afea3f5c66f33c9ef46579a47fd7c0ca3dd0dfc735,"{""distance"":7,""physical_error_rate"":0.001}","{""detection_events"":2864,""detectors_checked"":616448}"
       768,         0,         0,    2.93,exact_mw,ca91ffa42463e210e189f165a9a4cbcfd1773a75ca815ff24a9009c31e62d8d0,"{""distance"":7,""physical_error_rate"":0.002}","{""detection_events"":4451,""detectors_checked"":462336}"
        16,         8,         0,   0.712,exact_mw,44a30ed6f1c17712a1e48498787ed849716b01ee0859fb371aa1a98cce5f11ec,"{""distance"":7,""physical_error_rate"":0.05}","{""detection_events"":1816,""detectors_checked"":9632,""obs_mistake_mask=E"":8}"
      8192,         0,         0,    1.64,exact_mw,c34bb01325b9980f7caca1807bd93e7e28846c82b8c0538af034740e6e7d5106,"{""distance"":7,""physical_error_rate"":0.0005}","{""detection_events"":12132,""detectors_checked"":4931584}"
        16,         1,         0,   0.694,exact_mw,1f0c41bfbbc8ec35ff1484b2be036ef48716a49dcf1cc37e155a3f5819690eee,"{""distance"":7,""physical_error_rate"":0.02}","{""detection_events"":910,""detectors_checked"":9632,""obs_mistake_mask=E"":1}"
        32,         0,         0,    1.38,exact_mw,1f0c41bfbbc8ec35ff1484b2be036ef48716a49dcf1cc37e155a3f5819690eee,"{""distance"":7,""physical_error_rate"":0.02}","{""detection_events"":1654,""detectors_checked"":19264}"
    162816,         0,         0,    3.05,exact_mw,f7d5d61828a7d0145c65811496ba49aa9633daaed59c6883f51143c3b878094e,"{""distance"":7,""physical_error_rate"":5e-05}","{""detection_events"":24433,""detectors_checked"":98015232}"
        96,         0,         0,    2.19,exact_mw,0a198d80e37665dd6f23c481ef1c601566b502223b7ce5d7a38dc87c0be91af9,"{""distance"":7,""physical_error_rate"":0.005}","{""detection_events"":1357,""detectors_checked"":57792}"
        64,         0,         0,   0.991,exact_mw,0a198d80e37665dd6f23c481ef1c601566b502223b7ce5d7a38dc87c0be91af9,"{""distance"":7,""physical_error_rate"":0.005}","{""detection_events"":854,""detectors_checked"":38528}"
        48,         1,         0,    1.51,exact_mw,2e54b5982e286509c94a8bc96d1d6e54082c27eed948d684125948784bc20414,"{""distance"":7,""physical_error_rate"":0.01}","{""detection_events"":1299,""detectors_checked"":28896,""obs_mistake_mask=E"":1}"
        32,        19,         0,    2.40,exact_mw,64e98f39d6e43472d1609d4d4a0f6c9fe4a6bcbdeed2edfe3967a999e171dbce,"{""distance"":7,""physical_error_rate"":0.5}","{""detection_events"":9610,""detectors_checked"":19264,""obs_mistake_mask=E"":19}"
        32,        17,         0,    1.68,exact_mw,64e98f39d6e43472d1609d4d4a0f6c9fe4a6bcbdeed2edfe3967a999e171dbce,"{""distance"":7,""physical_error_rate"":0.5}","{""detection_events"":9816,""detectors_checked"":19264,""obs_mistake_mask=E"":17}"
     88064,         0,         0,    2.16,exact_mw,f5ed540d8b33fe7a17a96c57e6e367075413a3677864b79373445f6bf89adea1,"{""distance"":7,""physical_error_rate"":0.0002}","{""detection_events"":52720,""detectors_checked"":53014528}"
      1024,         0,         0,   0.862,exact_mw,7acd59d404317421b37957afea3f5c66f33c9ef46579a47fd7c0ca3dd0dfc735,"{""distance"":7,""physical_error_rate"":0.001}","{""detection_events"":3059,""detectors_checked"":616448}"
       512,         0,         0,   0.460,exact_mw,7acd59d404317421b37957afea3f5c66f33c9ef46579a47fd7c0ca3dd0dfc735,"{""distance"":7,""physical_error_rate"":0.001}","{""detection_events"":1517,""detectors_checked"":308224}"
        64,         0,         0,   0.907,exact_mw,0a198d80e37665dd6f23c481ef1c601566b502223b7ce5d7a38dc87c0be91af9,"{""distance"":7,""physical_error_rate"":0.005}","{""detection_events"":837,""detectors_checked"":38528}"
         8,         5,         0,   0.597,exact_mw,104e95c9c5c26aa16a540527dd1100b1154b7e08e6a11bc0dc85c4e500a5f349,"{""distance"":7,""physical_error_rate"":0.1}","{""detection_events"":1401,""detectors_checked"":4816,""obs_mistake_mask=E"":5}"
       160,         0,         0,    2.56,exact_mw,0a198d80e37665dd6f23c481ef1c601566b502223b7ce5d7a38dc87c0be91af9,"{""distance"":7,""physical_error_rate"":0.005}","{""detection_events"":2381,""detectors_checked"":96320}"
      1024,         0,         0,    1.61,exact_mw,7acd59d404317421b37957afea3f5c66f33c9ef46579a47fd7c0ca3dd0dfc735,"{""distance"":7,""physical_error_rate"":0.001}","{""detection_events"":3086,""detectors_checked"":616448}"
        16,         8,         0,   0.877,exact_mw,7d00f1b687639e6070f8d0dea4f3a829a056f2a9a5be0f7c860aca0937915e3d,"{""distance"":7,""physical_error_rate"":0.2}","{""detection_events"":3946,""detectors_checked"":9632,""obs_mistake_mask=E"":8}"
        64,         0,         0,    1.82,exact_mw,2e54b5982e286509c94a8bc96d1d6e54082c27eed948d684125948784bc20414,"{""distance"":7,""physical_error_rate"":0.01}","{""detection_events"":1724,""detectors_checked"":38528}"
        64,        36,         0,    3.17,exact_mw,104e95c9c5c26aa16a540527dd1100b1154b7e08e6a11bc0dc85c4e500a5f349,"{""distance"":7,""physical_error_rate"":0.1}","{""detection_events"":11246,""detectors_checked"":38528,""obs_mistake_mask=E"":36}"
        24,        13,         0,    1.33,exact_mw,64e98f39d6e43472d1609d4d4a0f6c9fe4a6bcbdeed2edfe3967a999e171dbce,"{""distance"":7,""physical_error_rate"":0.5}","{""detection_events"":7209,""detectors_checked"":14448,""obs_mistake_mask=E"":13}"
       256,         0,         0,    1.34,exact_mw,ca91ffa42463e210e189f165a9a4cbcfd1773a75ca815ff24a9009c31e62d8d0,"{""distance"":7,""physical_error_rate"":0.002}","{""detection_events"":1449,""detectors_checked"":154112}"
     99328,         0,         0,    3.05,exact_mw,f5ed540d8b33fe7a17a96c57e6e367075413a3677864b79373445f6bf89adea1,"{""distance"":7,""physical_error_rate"":0.0002}","{""detection_events"":59214,""detectors_checked"":59795456}"
        16,         4,         0,   0.687,exact_mw,44a30ed6f1c17712a1e48498787ed849716b01ee0859fb371aa1a98cce5f11ec,"{""distance"":7,""physical_error_rate"":0.05}","{""detection_events"":1783,""detectors_checked"":9632,""obs_mistake_mask=E"":4}"
        16,         4,         0,   0.989,exact_mw,44a30ed6f1c17712a1e48498787ed849716b01ee0859fb371aa1a98cce5f11ec,"{""distance"":7,""physical_error_rate"":0.05}","{""detection_events"":1680,""detectors_checked"":9632,""obs_mistake_mask=E"":4}"
        16,         0,         0,   0.898,exact_mw,1f0c41bfbbc8ec35ff1484b2be036ef48716a49dcf1cc37e155a3f5819690eee,"{""distance"":7,""physical_error_rate"":0.02}","{""detection_events"":829,""detectors_checked"":9632}"
        16,         7,         0,    1.14,exact_mw,64e98f39d6e43472d1609d4d4a0f6c9fe4a6bcbdeed2edfe3967a999e171dbce,"{""distance"":7,""physical_error_rate"":0.5}","{""detection_events"":4774,""detectors_checked"":9632,""obs_mistake_mask=E"":7}"
    105472,         0,         0,    2.17,exact_mw,d5491e2f66b0c830b41b0168451c8818c583b15508c9bf9282dc8e7a6cb6bd3f,"{""distance"":7,""physical_error_rate"":0.0001}","{""detection_events"":31084,""detectors_checked"":63494144}"
        16,         9,         0,   0.966,exact_mw,7d00f1b687639e6070f8d0dea4f3a829a056f2a9a5be0f7c860aca0937915e3d,"{""distance"":7,""physical_error_rate"":0.2}","{""detection_events"":3859,""detectors_checked"":9632,""obs_mistake_mask=E"":9}"
        24,         7,         0,    1.59,exact_mw,44a30ed6f1c17712a1e48498787ed849716b01ee0859fb371aa1a98cce5f11ec,"{""distance"":7,""physical_error_rate"":0.05}","{""detection_events"":2734,""detectors_checked"":14448,""obs_mistake_mask=E"":7}"
       512,         0,         0,   0.508,exact_mw,7acd59d404317421b37957afea3f5c66f33c9ef46579a47fd7c0ca3dd0dfc735,"{""distance"":7,""physical_error_rate"":0.001}","{""detection_events"":1436,""detectors_checked"":308224}"
    120832,         0,         0,    3.04,exact_mw,f5ed540d8b33fe7a17a96c57e6e367075413a3677864b79373445f6bf89adea1,"{""distance"":7,""physical_error_rate"":0.0002}","{""detection_events"":71139,""detectors_checked"":72740864}"
        24,        11,         0,    1.94,exact_mw,7d00f1b687639e6070f8d0dea4f3a829a056f2a9a5be0f7c860aca0937915e3d,"{""distance"":7,""physical_error_rate"":0.2}","{""detection_events"":5859,""detectors_checked"":14448,""obs_mistake_mask=E"":11}"
        16,         6,         0,    1.30,exact_mw,7d00f1b687639e6070f8d0dea4f3a829a056f2a9a5be0f7c860aca0937915e3d,"{""distance"":7,""physical_error_rate"":0.2}","{""detection_events"":3894,""detectors_checked"":9632,""obs_mistake_mask=E"":6}"
     21504,         0,         0,    3.07,exact_mw,c34bb01325b9980f7caca1807bd93e7e28846c82b8c0538af034740e6e7d5106,"{""distance"":7,""physical_error_rate"":0.0005}","{""detection_events"":32007,""detectors_checked"":12945408}"
      1024,         0,         0,    1.16,exact_mw,7acd59d404317421b37957afea3f5c66f33c9ef46579a47fd7c0ca3dd0dfc735,"{""distance"":7,""physical_error_rate"":0.001}","{""detection_events"":2978,""detectors_checked"":616448}"
      1024,         0,         0,   0.776,exact_mw,7acd59d404317421b37957afea3f5c66f33c9ef46579a47fd7c0ca3dd0dfc735,"{""distance"":7,""physical_error_rate"":0.001}","{""detection_events"":3035,""detectors_checked"":616448}"
       384,         0,         0,    1.51,exact_mw,ca91ffa42463e210e189f165a9a4cbcfd1773a75ca815ff24a9009c31e62d8d0,"{""distance"":7,""physical_error_rate"":0.002}","{""detection_events"":2244,""detectors_checked"":231168}"
        32,        13,         0,    2.58,exact_mw,104e95c9c5c26aa16a540527dd1100b1154b7e08e6a11bc0dc85c4e500a5f349,"{""distance"":7,""physical_error_rate"":0.1}","{""detection_events"":5688,""detectors_checked"":19264,""obs_mistake_mask=E"":13}"
        32,         1,         0,    1.26,exact_mw,1f0c41bfbbc8ec35ff1484b2be036ef48716a49dcf1cc37e155a3f5819690eee,"{""distance"":7,""physical_error_rate"":0.02}","{""detection_events"":1648,""detectors_checked"":19264,""obs_mistake_mask=E"":1}"
    111616,         0,         0,    3.04,exact_mw,f5ed540d8b33fe7a17a96c57e6e367075413a3677864b79373445f6bf89adea1,"{""distance"":7,""physical_error_rate"":0.0002}","{""detection_events"":67298,""detectors_checked"":67192832}"
    140288,         0,         0,    2.19,exact_mw,d5491e2f66b0c830b41b0168451c8818c583b15508c9bf9282dc8e7a6cb6bd3f,"{""distance"":7,""physical_error_rate"":0.0001}","{""detection_events"":40871,""detectors_checked"":84453376}"
       128,         0,         0,   0.747,exact_mw,ca91ffa42463e210e189f165a9a4cbcfd1773a75ca815ff24a9009c31e62d8d0,"{""distance"":7,""physical_error_rate"":0.002}","{""detection_events"":735,""detectors_checked"":77056}"
        32,         1,         0,    1.36,exact_mw,1f0c41bfbbc8ec35ff1484b2be036ef48716a49dcf1cc37e155a3f5819690eee,"{""distance"":7,""physical_error_rate"":0.02}","{""detection_events"":1813,""detectors_checked"":19264,""obs_mistake_mask=E"":1}"
        16,         4,         0,   0.729,exact_mw,44a30ed6f1c17712a1e48498787ed849716b01ee0859fb371aa1a98cce5f11ec,"{""distance"":7,""physical_error_rate"":0.05}","{""detection_events"":1741,""detectors_checked"":9632,""obs_mistake_mask=E"":4}"
        48,        27,         0,    2.53,exact_mw,104e95c9c5c26aa16a540527dd1100b1154b7e08e6a11bc0dc85c4e500a5f349,"{""distance"":7,""physical_error_rate"":0.1}","{""detection_events"":8462,""detectors_checked"":28896,""obs_mistake_mask=E"":27}"
        64,         0,         0,    1.33,exact_mw,0a198d80e37665dd6f23c481ef1c601566b502223b7ce5d7a38dc87c0be91af9,"{""distance"":7,""physical_error_rate"":0.005}","{""detection_events"":923,""detectors_checked"":38528}"
       512,         0,         0,   0.564,exact_mw,7acd59d404317421b37957afea3f5c66f33c9ef46579a47fd7c0ca3dd0dfc735,"{""distance"":7,""physical_error_rate"":0.001}","{""detection_events"":1486,""detectors_checked"":308224}"
        64,         0,         0,    1.12,exact_mw,0a198d80e37665dd6f23c481ef1c601566b502223b7ce5d7a38dc87c0be91af9,"{""distance"":7,""physical_error_rate"":0.005}","{""detection_events"":850,""detectors_checked"":38528}"
        16,         5,         0,   0.825,exact_mw,44a30ed6f1c17712a1e48498787ed849716b01ee0859fb371aa1a98cce5f11ec,"{""distance"":7,""physical_error_rate"":0.05}","{""detection_events"":1668,""detectors_checked"":9632,""obs_mistake_mask=E"":5}"
        48,         1,         0,    2.03,exact_mw,2e54b5982e286509c94a8bc96d1d6e54082c27eed948d684125948784bc20414,"{""distance"":7,""physical_error_rate"":0.01}","{""detection_events"":1492,""detectors_checked"":28896,""obs_mistake_mask=E"":1}"
      9216,         0,         0,    2.18,exact_mw,c34bb01325b9980f7caca1807bd93e7e28846c82b8c0538af034740e6e7d5106,"{""distance"":7,""physical_error_rate"":0.0005}","{""detection_events"":13830,""detectors_checked"":5548032}"
       384,         0,         0,    2.38,exact_mw,ca91ffa42463e210e189f165a9a4cbcfd1773a75ca815ff24a9009c31e62d8d0,"{""distance"":7,""physical_error_rate"":0.002}","{""detection_events"":2353,""detectors_checked"":231168}"
        64,         0,         0,    2.22,exact_mw,2e54b5982e286509c94a8bc96d1d6e54082c27eed948d684125948784bc20414,"{""distance"":7,""physical_error_rate"":0.01}","{""detection_events"":1814,""detectors_checked"":38528}"
      6144,         0,         0,    2.28,exact_mw,c34bb01325b9980f7caca1807bd93e7e28846c82b8c0538af034740e6e7d5106,"{""distance"":7,""physical_error_rate"":0.0005}","{""detection_events"":8954,""detectors_checked"":3698688}"
    117760,         0,         0,    4.19,exact_mw,d5491e2f66b0c830b41b0168451c8818c583b15508c9bf9282dc8e7a6cb6bd3f,"{""distance"":7,""physical_error_rate"":0.0001}","{""detection_events"":35448,""detectors_checked"":70891520}"
        16,        10,         0,    1.21,exact_mw,104e95c9c5c26aa16a540527dd1100b1154b7e08e6a11bc0dc85c4e500a5f349,"{""distance"":7,""physical_error_rate"":0.1}","{""detection_events"":2834,""detectors_checked"":9632,""obs_mistake_mask=E"":10}"
        32,        16,         0,    1.88,exact_mw,104e95c9c5c26aa16a540527dd1100b1154b7e08e6a11bc0dc85c4e500a5f349,"{""distance"":7,""physical_error_rate"":0.1}","{""detection_events"":5616,""detectors_checked"":19264,""obs_mistake_mask=E"":16}"
        40,        18,         0,    2.17,exact_mw,7d00f1b687639e6070f8d0dea4f3a829a056f2a9a5be0f7c860aca0937915e3d,"{""distance"":7,""physical_error_rate"":0.2}","{""detection_events"":9790,""detectors_checked"":24080,""obs_mistake_mask=E"":18}"
       192,         0,         0,    3.43,exact_mw,0a198d80e37665dd6f23c481ef1c601566b502223b7ce5d7a38dc87c0be91af9,"{""distance"":7,""physical_error_rate"":0.005}","{""detection_events"":2807,""detectors_checked"":115584}"
        24,        14,         0,    1.34,exact_mw,7d00f1b687639e6070f8d0dea4f3a829a056f2a9a5be0f7c860aca0937915e3d,"{""distance"":7,""physical_error_rate"":0.2}","{""detection_events"":5948,""detectors_checked"":14448,""obs_mistake_mask=E"":14}"
        64,         0,         0,    2.03,exact_mw,2e54b5982e286509c94a8bc96d1d6e54082c27eed948d684125948784bc20414,"{""distance"":7,""physical_error_rate"":0.01}","{""detection_events"":1913,""detectors_checked"":38528}"
        48,         0,         0,    1.77,exact_mw,2e54b5982e286509c94a8bc96d1d6e54082c27eed948d684125948784bc20414,"{""distance"":7,""physical_error_rate"":0.01}","{""detection_events"":1267,""detectors_checked"":28896}"
     93184,         0,         0,    3.07,exact_mw,f7d5d61828a7d0145c65811496ba49aa9633daaed59c6883f51143c3b878094e,"{""distance"":7,""physical_error_rate"":5e-05}","{""detection_events"":13876,""detectors_checked"":56096768}"
      1024,         0,         0,    1.48,exact_mw,7acd59d404317421b37957afea3f5c66f33c9ef46579a47fd7c0ca3dd0dfc735,"{""distance"":7,""physical_error_rate"":0.001}","{""detection_events"":3272,""detectors_checked"":616448}"
      1024,         0,         0,   0.882,exact_mw,7acd59d404317421b37957afea3f5c66f33c9ef46579a47fd7c0ca3dd0dfc735,"{""distance"":7,""physical_error_rate"":0.001}","{""detection_events"":3038,""detectors_checked"":616448}"
        16,        10,         0,    1.19,exact_mw,64e98f39d6e43472d1609d4d4a0f6c9fe4a6bcbdeed2edfe3967a999e171dbce,"{""distance"":7,""physical_error_rate"":0.5}","{""detection_events"":4887,""detectors_checked"":9632,""obs_mistake_mask=E"":10}"
       128,         0,         0,   0.807,exact_mw,ca91ffa42463e210e189f165a9a4cbcfd1773a75ca815ff24a9009c31e62d8d0,"{""distance"":7,""physical_error_rate"":0.002}","{""detection_events"":742,""detectors_checked"":77056}"
     10240,         0,         0,    2.18,exact_mw,c34bb01325b9980f7caca1807bd93e7e28846c82b8c0538af034740e6e7d5106,"{""distance"":7,""physical_error_rate"":0.0005}","{""detection_events"":15516,""detectors_checked"":6164480}"
    222208,         0,         0,    3.01,exact_mw,f7d5d61828a7d0145c65811496ba49aa9633daaed59c6883f51143c3b878094e,"{""distance"":7,""physical_error_rate"":5e-05}","{""detection_events"":33407,""detectors_checked"":133769216}"
        80,         2,         0,    3.14,exact_mw,1f0c41bfbbc8ec35ff1484b2be036ef48716a49dcf1cc37e155a3f5819690eee,"{""distance"":7,""physical_error_rate"":0.02}","{""detection_events"":4470,""detectors_checked"":48160,""obs_mistake_mask=E"":2}"
        24,        15,         0,    1.41,exact_mw,7d00f1b687639e6070f8d0dea4f3a829a056f2a9a5be0f7c860aca0937915e3d,"{""distance"":7,""physical_error_rate"":0.2}","{""detection_events"":5897,""detectors_checked"":14448,""obs_mistake_mask=E"":15}"
        32,        16,         0,    1.72,exact_mw,64e98f39d6e43472d1609d4d4a0f6c9fe4a6bcbdeed2edfe3967a999e171dbce,"{""distance"":7,""physical_error_rate"":0.5}","{""detection_events"":9641,""detectors_checked"":19264,""obs_mistake_mask=E"":16}"
     92160,         0,         0,    3.04,exact_mw,f7d5d61828a7d0145c65811496ba49aa9633daaed59c6883f51143c3b878094e,"{""distance"":7,""physical_error_rate"":5e-05}","{""detection_events"":13365,""detectors_checked"":55480320}"
      1024,         0,         0,   0.910,exact_mw,7acd59d404317421b37957afea3f5c66f33c9ef46579a47fd7c0ca3dd0dfc735,"{""distance"":7,""physical_error_rate"":0.001}","{""detection_events"":2965,""detectors_checked"":616448}"
        24,         8,         0,    1.57,exact_mw,44a30ed6f1c17712a1e48498787ed849716b01ee0859fb371aa1a98cce5f11ec,"{""distance"":7,""physical_error_rate"":0.05}","{""detection_events"":2618,""detectors_checked"":14448,""obs_mistake_mask=E"":8}"
        32,         3,         0,    1.31,exact_mw,1f0c41bfbbc8ec35ff1484b2be036ef48716a49dcf1cc37e155a3f5819690eee,"{""distance"":7,""physical_error_rate"":0.02}","{""detection_events"":1664,""detectors_checked"":19264,""obs_mistake_mask=E"":3}"
       128,         0,         0,   0.438,exact_mw,ca91ffa42463e210e189f165a9a4cbcfd1773a75ca815ff24a9009c31e62d8d0,"{""distance"":7,""physical_error_rate"":0.002}","{""detection_events"":629,""detectors_checked"":77056}"
        32,         2,         0,    1.89,exact_mw,1f0c41bfbbc8ec35ff1484b2be036ef48716a49dcf1cc37e155a3f5819690eee,"{""distance"":7,""physical_error_rate"":0.02}","{""detection_events"":1696,""detectors_checked"":19264,""obs_mistake_mask=E"":2}"
        24,         8,         0,    1.65,exact_mw,7d00f1b687639e6070f8d0dea4f3a829a056f2a9a5be0f7c860aca0937915e3d,"{""distance"":7,""physical_error_rate"":0.2}","{""detection_events"":5886,""detectors_checked"":14448,""obs_mistake_mask=E"":8}"
    162816,         0,         0,    3.07,exact_mw,f7d5d61828a7d0145c65811496ba49aa9633daaed59c6883f51143c3b878094e,"{""distance"":7,""physical_error_rate"":5e-05}","{""detection_events"":24770,""detectors_checked"":98015232}"
        48,        27,         0,    2.48,exact_mw,64e98f39d6e43472d1609d4d4a0f6c9fe4a6bcbdeed2edfe3967a999e171dbce,"{""distance"":7,""physical_error_rate"":0.5}","{""detection_events"":14419,""detectors_checked"":28896,""obs_mistake_mask=E"":27}"
       384,         0,         0,    1.55,exact_mw,ca91ffa42463e210e189f165a9a4cbcfd1773a75ca815ff24a9009c31e62d8d0,"{""distance"":7,""physical_error_rate"":0.002}","{""detection_events"":2118,""detectors_checked"":231168}"
      1024,         0,         0,   0.821,exact_mw,7acd59d404317421b37957afea3f5c66f33c9ef46579a47fd7c0ca3dd0dfc735,"{""distance"":7,""physical_error_rate"":0.001}","{""detection_events"":3124,""detectors_checked"":616448}"
     15360,         0,         0,    3.08,exact_mw,c34bb01325b9980f7caca1807bd93e7e28846c82b8c0538af034740e6e7d5106,"{""distance"":7,""physical_error_rate"":0.0005}","{""detection_events"":22368,""detectors_checked"":9246720}"
        24,         5,         0,    1.30,exact_mw,44a30ed6f1c17712a1e48498787ed849716b01ee0859fb371aa1a98cce5f11ec,"{""distance"":7,""physical_error_rate"":0.05}","{""detection_events"":2642,""detectors_checked"":14448,""obs_mistake_mask=E"":5}"
        16,         6,         0,    1.18,exact_mw,104e95c9c5c26aa16a540527dd1100b1154b7e08e6a11bc0dc85c4e500a5f349,"{""distance"":7,""physical_error_rate"":0.1}","{""detection_events"":2756,""detectors_checked"":9632,""obs_mistake_mask=E"":6}"
        32,        14,         0,    1.44,exact_mw,44a30ed6f1c17712a1e48498787ed849716b01ee0859fb371aa1a98cce5f11ec,"{""distance"":7,""physical_error_rate"":0.05}","{""detection_events"":3493,""detectors_checked"":19264,""obs_mistake_mask=E"":14}"
        64,         1,         0,    1.48,exact_mw,0a198d80e37665dd6f23c481ef1c601566b502223b7ce5d7a38dc87c0be91af9,"{""distance"":7,""physical_error_rate"":0.005}","{""detection_events"":971,""detectors_checked"":38528,""obs_mistake_mask=E"":1}"
        80,         1,         0,    2.37,exact_mw,2e54b5982e286509c94a8bc96d1d6e54082c27eed948d684125948784bc20414,"{""distance"":7,""physical_error_rate"":0.01}","{""detection_events"":2220,""detectors_checked"":48160,""obs_mistake_mask=E"":1}"
      2048,         0,         0,    1.85,exact_mw,7acd59d404317421b37957afea3f5c66f33c9ef46579a47fd7c0ca3dd0dfc735,"{""distance"":7,""physical_error_rate"":0.001}","{""detection_events"":5911,""detectors_checked"":1232896}"
        96,        28,         0,    4.33,exact_mw,44a30ed6f1c17712a1e48498787ed849716b01ee0859fb371aa1a98cce5f11ec,"{""distance"":7,""physical_error_rate"":0.05}","{""detection_events"":10730,""detectors_checked"":57792,""obs_mistake_mask=E"":28}"
        16,        10,         0,    1.17,exact_mw,64e98f39d6e43472d1609d4d4a0f6c9fe4a6bcbdeed2edfe3967a999e171dbce,"{""distance"":7,""physical_error_rate"":0.5}","{""detection_events"":4784,""detectors_checked"":9632,""obs_mistake_mask=E"":10}"
      1024,         2,         0,    3.32,exact_mw,ca91ffa42463e210e189f165a9a4cbcfd1773a75ca815ff24a9009c31e62d8d0,"{""distance"":7,""physical_error_rate"":0.002}","{""detection_events"":5672,""detectors_checked"":616448,""obs_mistake_mask=E"":2}"
       128,         0,         0,   0.700,exact_mw,ca91ffa42463e210e189f165a9a4cbcfd1773a75ca815ff24a9009c31e62d8d0,"{""distance"":7,""physical_error_rate"":0.002}","{""detection_events"":717,""detectors_checked"":77056}"
    122880,         0,         0,    3.05,exact_mw,f5ed540d8b33fe7a17a96c57e6e367075413a3677864b79373445f6bf89adea1,"{""distance"":7,""physical_error_rate"":0.0002}","{""detection_events"":72048,""detectors_checked"":73973760}"
      1024,         0,         0,   0.975,exact_mw,7acd59d404317421b37957afea3f5c66f33c9ef46579a47fd7c0ca3dd0dfc735,"{""distance"":7,""physical_error_rate"":0.001}","{""detection_events"":3056,""detectors_checked"":616448}"
        32,        15,         0,    2.42,exact_mw,7d00f1b687639e6070f8d0dea4f3a829a056f2a9a5be0f7c860aca0937915e3d,"{""distance"":7,""physical_error_rate"":0.2}","{""detection_events"":7707,""detectors_checked"":19264,""obs_mistake_mask=E"":15}"
    311296,         0,         0,    4.23,exact_mw,d5491e2f66b0c830b41b0168451c8818c583b15508c9bf9282dc8e7a6cb6bd3f,"{""distance"":7,""physical_error_rate"":0.0001}","{""detection_events"":91438,""detectors_checked"":187400192}"
       160,         0,         0,    3.35,exact_mw,0a198d80e37665dd6f23c481ef1c601566b502223b7ce5d7a38dc87c0be91af9,"{""distance"":7,""physical_error_rate"":0.005}","{""detection_events"":2111,""detectors_checked"":96320}"
        32,        11,         0,    1.70,exact_mw,7d00f1b687639e6070f8d0dea4f3a829a056f2a9a5be0f7c860aca0937915e3d,"{""distance"":7,""physical_error_rate"":0.2}","{""detection_events"":7912,""detectors_checked"":19264,""obs_mistake_mask=E"":11}"
    108544,         0,         0,    4.26,exact_mw,d5491e2f66b0c830b41b0168451c8818c583b15508c9bf9282dc8e7a6cb6bd3f,"{""distance"":7,""physical_error_rate"":0.0001}","{""detection_events"":32172,""detectors_checked"":65343488}"
      1536,         0,         0,    1.57,exact_mw,7acd59d404317421b37957afea3f5c66f33c9ef46579a47fd7c0ca3dd0dfc735,"{""distance"":7,""physical_error_rate"":0.001}","{""detection_events"":4574,""detectors_checked"":924672}"
        48,        23,         0,    3.36,exact_mw,64e98f39d6e43472d1609d4d4a0f6c9fe4a6bcbdeed2edfe3967a999e171dbce,"{""distance"":7,""physical_error_rate"":0.5}","{""detection_events"":14608,""detectors_checked"":28896,""obs_mistake_mask=E"":23}"
       128,         1,         0,    2.10,exact_mw,0a198d80e37665dd6f23c481ef1c601566b502223b7ce5d7a38dc87c0be91af9,"{""distance"":7,""physical_error_rate"":0.005}","{""detection_events"":1791,""detectors_checked"":77056,""obs_mistake_mask=E"":1}"
        48,         3,         0,    2.26,exact_mw,1f0c41bfbbc8ec35ff1484b2be036ef48716a49dcf1cc37e155a3f5819690eee,"{""distance"":7,""physical_error_rate"":0.02}","{""detection_events"":2643,""detectors_checked"":28896,""obs_mistake_mask=E"":3}"
        80,        10,         0,    4.43,exact_mw,1f0c41bfbbc8ec35ff1484b2be036ef48716a49dcf1cc37e155a3f5819690eee,"{""distance"":7,""physical_error_rate"":0.02}","{""detection_events"":4395,""detectors_checked"":48160,""obs_mistake_mask=E"":10}"
        64,         2,         0,    2.20,exact_mw,2e54b5982e286509c94a8bc96d1d6e54082c27eed948d684125948784bc20414,"{""distance"":7,""physical_error_rate"":0.01}","{""detection_events"":1729,""detectors_checked"":38528,""obs_mistake_mask=E"":2}"
    253952,         0,         0,    5.96,exact_mw,f5ed540d8b33fe7a17a96c57e6e367075413a3677864b79373445f6bf89adea1,"{""distance"":7,""physical_error_rate"":0.0002}","{""detection_events"":150839,""detectors_checked"":152879104}"
    186368,         0,         0,    2.99,exact_mw,d5491e2f66b0c830b41b0168451c8818c583b15508c9bf9282dc8e7a6cb6bd3f,"{""distance"":7,""physical_error_rate"":0.0001}","{""detection_events"":54974,""detectors_checked"":112193536}"
       384,         0,         0,    2.32,exact_mw,ca91ffa42463e210e189f165a9a4cbcfd1773a75ca815ff24a9009c31e62d8d0,"{""distance"":7,""physical_error_rate"":0.002}","{""detection_events"":2199,""detectors_checked"":231168}"
       192,         0,         0,    3.46,exact_mw,0a198d80e37665dd6f23c481ef1c601566b502223b7ce5d7a38dc87c0be91af9,"{""distance"":7,""physical_error_rate"":0.005}","{""detection_events"":2690,""detectors_checked"":115584}"
      1152,         0,         0,    4.32,exact_mw,ca91ffa42463e210e189f165a9a4cbcfd1773a75ca815ff24a9009c31e62d8d0,"{""distance"":7,""physical_error_rate"":0.002}","{""detection_events"":6686,""detectors_checked"":693504}"
        32,        14,         0,    2.03,exact_mw,7d00f1b687639e6070f8d0dea4f3a829a056f2a9a5be0f7c860aca0937915e3d,"{""distance"":7,""physical_error_rate"":0.2}","{""detection_events"":7827,""detectors_checked"":19264,""obs_mistake_mask=E"":14}"
        40,        27,         0,    3.07,exact_mw,104e95c9c5c26aa16a540527dd1100b1154b7e08e6a11bc0dc85c4e500a5f349,"{""distance"":7,""physical_error_rate"":0.1}","{""detection_events"":6886,""detectors_checked"":24080,""obs_mistake_mask=E"":27}"
    252928,         0,         0,    4.22,exact_mw,f7d5d61828a7d0145c65811496ba49aa9633daaed59c6883f51143c3b878094e,"{""distance"":7,""physical_error_rate"":5e-05}","{""detection_events"":37169,""detectors_checked"":152262656}"
    201728,         0,         0,    3.06,exact_mw,d5491e2f66b0c830b41b0168451c8818c583b15508c9bf9282dc8e7a6cb6bd3f,"{""distance"":7,""physical_error_rate"":0.0001}","{""detection_events"":59969,""detectors_checked"":121440256}"
        48,        19,         0,    2.74,exact_mw,104e95c9c5c26aa16a540527dd1100b1154b7e08e6a11bc0dc85c4e500a5f349,"{""distance"":7,""physical_error_rate"":0.1}","{""detection_events"":8425,""detectors_checked"":28896,""obs_mistake_mask=E"":19}"
        32,         1,         0,    1.82,exact_mw,1f0c41bfbbc8ec35ff1484b2be036ef48716a49dcf1cc37e155a3f5819690eee,"{""distance"":7,""physical_error_rate"":0.02}","{""detection_events"":1665,""detectors_checked"":19264,""obs_mistake_mask=E"":1}"
        64,         0,         0,    2.55,exact_mw,2e54b5982e286509c94a8bc96d1d6e54082c27eed948d684125948784bc20414,"{""distance"":7,""physical_error_rate"":0.01}","{""detection_events"":1896,""detectors_checked"":38528}"
      2048,         2,         0,    1.69,exact_mw,7acd59d404317421b37957afea3f5c66f33c9ef46579a47fd7c0ca3dd0dfc735,"{""distance"":7,""physical_error_rate"":0.001}","{""detection_events"":5807,""detectors_checked"":1232896,""obs_mistake_mask=E"":2}"
        72,        27,         0,    4.75,exact_mw,44a30ed6f1c17712a1e48498787ed849716b01ee0859fb371aa1a98cce5f11ec,"{""distance"":7,""physical_error_rate"":0.05}","{""detection_events"":8003,""detectors_checked"":43344,""obs_mistake_mask=E"":27}"
        80,         0,         0,    2.72,exact_mw,2e54b5982e286509c94a8bc96d1d6e54082c27eed948d684125948784bc20414,"{""distance"":7,""physical_error_rate"":0.01}","{""detection_events"":2278,""detectors_checked"":48160}"
       256,         0,         0,    1.32,exact_mw,ca91ffa42463e210e189f165a9a4cbcfd1773a75ca815ff24a9009c31e62d8d0,"{""distance"":7,""physical_error_rate"":0.002}","{""detection_events"":1498,""detectors_checked"":154112}"
        24,        12,         0,    1.83,exact_mw,104e95c9c5c26aa16a540527dd1100b1154b7e08e6a11bc0dc85c4e500a5f349,"{""distance"":7,""physical_error_rate"":0.1}","{""detection_events"":4251,""detectors_checked"":14448,""obs_mistake_mask=E"":12}"
        40,         7,         0,    1.88,exact_mw,44a30ed6f1c17712a1e48498787ed849716b01ee0859fb371aa1a98cce5f11ec,"{""distance"":7,""physical_error_rate"":0.05}","{""detection_events"":4442,""detectors_checked"":24080,""obs_mistake_mask=E"":7}"
     14336,         0,         0,    3.16,exact_mw,c34bb01325b9980f7caca1807bd93e7e28846c82b8c0538af034740e6e7d5106,"{""distance"":7,""physical_error_rate"":0.0005}","{""detection_events"":21368,""detectors_checked"":8630272}"
        32,         7,         0,    1.91,exact_mw,44a30ed6f1c17712a1e48498787ed849716b01ee0859fb371aa1a98cce5f11ec,"{""distance"":7,""physical_error_rate"":0.05}","{""detection_events"":3493,""detectors_checked"":19264,""obs_mistake_mask=E"":7}"
        28,         7,         0,    3.10,exact_mw,7d00f1b687639e6070f8d0dea4f3a829a056f2a9a5be0f7c860aca0937915e3d,"{""distance"":7,""physical_error_rate"":0.2}","{""detection_events"":6858,""detectors_checked"":16856,""obs_mistake_mask=E"":7}"
        96,         0,         0,    1.89,exact_mw,0a198d80e37665dd6f23c481ef1c601566b502223b7ce5d7a38dc87c0be91af9,"{""distance"":7,""physical_error_rate"":0.005}","{""detection_events"":1394,""detectors_checked"":57792}"
        80,         1,         0,    3.23,exact_mw,2e54b5982e286509c94a8bc96d1d6e54082c27eed948d684125948784bc20414,"{""distance"":7,""physical_error_rate"":0.01}","{""detection_events"":2234,""detectors_checked"":48160,""obs_mistake_mask=E"":1}"
        48,         2,         0,    2.26,exact_mw,1f0c41bfbbc8ec35ff1484b2be036ef48716a49dcf1cc37e155a3f5819690eee,"{""distance"":7,""physical_error_rate"":0.02}","{""detection_events"":2472,""detectors_checked"":28896,""obs_mistake_mask=E"":2}"
        72,        34,         0,    3.42,exact_mw,104e95c9c5c26aa16a540527dd1100b1154b7e08e6a11bc0dc85c4e500a5f349,"{""distance"":7,""physical_error_rate"":0.1}","{""detection_events"":12830,""detectors_checked"":43344,""obs_mistake_mask=E"":34}"
        48,        27,         0,    2.57,exact_mw,64e98f39d6e43472d1609d4d4a0f6c9fe4a6bcbdeed2edfe3967a999e171dbce,"{""distance"":7,""physical_error_rate"":0.5}","{""detection_events"":14452,""detectors_checked"":28896,""obs_mistake_mask=E"":27}"
    125952,         0,         0,    4.24,exact_mw,f5ed540d8b33fe7a17a96c57e6e367075413a3677864b79373445f6bf89adea1,"{""distance"":7,""physical_error_rate"":0.0002}","{""detection_events"":75505,""detectors_checked"":75823104}"
      1536,         0,         0,    1.55,exact_mw,7acd59d404317421b37957afea3f5c66f33c9ef46579a47fd7c0ca3dd0dfc735,"{""distance"":7,""physical_error_rate"":0.001}","{""detection_events"":4433,""detectors_checked"":924672}"
        88,        48,         0,    4.40,exact_mw,104e95c9c5c26aa16a540527dd1100b1154b7e08e6a11bc0dc85c4e500a5f349,"{""distance"":7,""physical_error_rate"":0.1}","{""detection_events"":15717,""detectors_checked"":52976,""obs_mistake_mask=E"":48}"
      8192,         1,         0,    3.35,exact_mw,c34bb01325b9980f7caca1807bd93e7e28846c82b8c0538af034740e6e7d5106,"{""distance"":7,""physical_error_rate"":0.0005}","{""detection_events"":12202,""detectors_checked"":4931584,""obs_mistake_mask=E"":1}"
        24,        12,         0,    1.82,exact_mw,64e98f39d6e43472d1609d4d4a0f6c9fe4a6bcbdeed2edfe3967a999e171dbce,"{""distance"":7,""physical_error_rate"":0.5}","{""detection_events"":7322,""detectors_checked"":14448,""obs_mistake_mask=E"":12}"
       512,         0,         0,    2.37,exact_mw,ca91ffa42463e210e189f165a9a4cbcfd1773a75ca815ff24a9009c31e62d8d0,"{""distance"":7,""physical_error_rate"":0.002}","{""detection_events"":3015,""detectors_checked"":308224}"
        48,        19,         0,    2.61,exact_mw,44a30ed6f1c17712a1e48498787ed849716b01ee0859fb371aa1a98cce5f11ec,"{""distance"":7,""physical_error_rate"":0.05}","{""detection_events"":5434,""detectors_checked"":28896,""obs_mistake_mask=E"":19}"
      2560,         0,         0,    2.21,exact_mw,7acd59d404317421b37957afea3f5c66f33c9ef46579a47fd7c0ca3dd0dfc735,"{""distance"":7,""physical_error_rate"":0.001}","{""detection_events"":7660,""detectors_checked"":1541120}"
    154624,         0,         0,    4.26,exact_mw,f5ed540d8b33fe7a17a96c57e6e367075413a3677864b79373445f6bf89adea1,"{""distance"":7,""physical_error_rate"":0.0002}","{""detection_events"":91916,""detectors_checked"":93083648}"
        40,        19,         0,    2.61,exact_mw,7d00f1b687639e6070f8d0dea4f3a829a056f2a9a5be0f7c860aca0937915e3d,"{""distance"":7,""physical_error_rate"":0.2}","{""detection_events"":9893,""detectors_checked"":24080,""obs_mistake_mask=E"":19}"
     18432,         0,         0,    3.08,exact_mw,c34bb01325b9980f7caca1807bd93e7e28846c82b8c0538af034740e6e7d5106,"{""distance"":7,""physical_error_rate"":0.0005}","{""detection_events"":27365,""detectors_checked"":11096064}"
     29696,         0,         0,    4.32,exact_mw,c34bb01325b9980f7caca1807bd93e7e28846c82b8c0538af034740e6e7d5106,"{""distance"":7,""physical_error_rate"":0.0005}","{""detection_events"":44071,""detectors_checked"":17876992}"
    123904,         0,         0,    4.26,exact_mw,f5ed540d8b33fe7a17a96c57e6e367075413a3677864b79373445f6bf89adea1,"{""distance"":7,""physical_error_rate"":0.0002}","{""detection_events"":73543,""detectors_checked"":74590208}"
        40,        17,         0,    2.20,exact_mw,7d00f1b687639e6070f8d0dea4f3a829a056f2a9a5be0f7c860aca0937915e3d,"{""distance"":7,""physical_error_rate"":0.2}","{""detection_events"":9791,""detectors_checked"":24080,""obs_mistake_mask=E"":17}"
        48,        28,         0,    3.21,exact_mw,64e98f39d6e43472d1609d4d4a0f6c9fe4a6bcbdeed2edfe3967a999e171dbce,"{""distance"":7,""physical_error_rate"":0.5}","{""detection_events"":14397,""detectors_checked"":28896,""obs_mistake_mask=E"":28}"
      2048,         0,         0,    2.48,exact_mw,7acd59d404317421b37957afea3f5c66f33c9ef46579a47fd7c0ca3dd0dfc735,"{""distance"":7,""physical_error_rate"":0.001}","{""detection_events"":5986,""detectors_checked"":1232896}"
       288,         0,         0,    4.42,exact_mw,0a198d80e37665dd6f23c481ef1c601566b502223b7ce5d7a38dc87c0be91af9,"{""distance"":7,""physical_error_rate"":0.005}","{""detection_events"":3850,""detectors_checked"":173376}"
    203776,         0,         0,    4.25,exact_mw,f7d5d61828a7d0145c65811496ba49aa9633daaed59c6883f51143c3b878094e,"{""distance"":7,""physical_error_rate"":5e-05}","{""detection_events"":30752,""detectors_checked"":122673152}"
       256,         0,         0,    1.57,exact_mw,ca91ffa42463e210e189f165a9a4cbcfd1773a75ca815ff24a9009c31e62d8d0,"{""distance"":7,""physical_error_rate"":0.002}","{""detection_events"":1558,""detectors_checked"":154112}"
       160,         0,         0,    2.62,exact_mw,0a198d80e37665dd6f23c481ef1c601566b502223b7ce5d7a38dc87c0be91af9,"{""distance"":7,""physical_error_rate"":0.005}","{""detection_events"":2275,""detectors_checked"":96320}"
      2048,         0,         0,    1.82,exact_mw,7acd59d404317421b37957afea3f5c66f33c9ef46579a47fd7c0ca3dd0dfc735,"{""distance"":7,""physical_error_rate"":0.001}","{""detection_events"":5946,""detectors_checked"":1232896}"
    264192,         0,         0,    4.24,exact_mw,f7d5d61828a7d0145c65811496ba49aa9633daaed59c6883f51143c3b878094e,"{""distance"":7,""physical_error_rate"":5e-05}","{""detection_events"":39118,""detectors_checked"":159043584}"
      7168,         1,         0,    6.65,exact_mw,7acd59d404317421b37957afea3f5c66f33c9ef46579a47fd7c0ca3dd0dfc735,"{""distance"":7,""physical_error_rate"":0.001}","{""detection_events"":21232,""detectors_checked"":4315136,""obs_mistake_mask=E"":1}"
        32,        20,         0,    2.26,exact_mw,7d00f1b687639e6070f8d0dea4f3a829a056f2a9a5be0f7c860aca0937915e3d,"{""distance"":7,""physical_error_rate"":0.2}","{""detection_events"":7741,""detectors_checked"":19264,""obs_mistake_mask=E"":20}"
    294912,         0,         0,    4.24,exact_mw,f7d5d61828a7d0145c65811496ba49aa9633daaed59c6883f51143c3b878094e,"{""distance"":7,""physical_error_rate"":5e-05}","{""detection_events"":44049,""detectors_checked"":177537024}"
       112,         3,         0,    3.67,exact_mw,2e54b5982e286509c94a8bc96d1d6e54082c27eed948d684125948784bc20414,"{""distance"":7,""physical_error_rate"":0.01}","{""detection_events"":3131,""detectors_checked"":67424,""obs_mistake_mask=E"":3}"
        64,         4,         0,    3.04,exact_mw,1f0c41bfbbc8ec35ff1484b2be036ef48716a49dcf1cc37e155a3f5819690eee,"{""distance"":7,""physical_error_rate"":0.02}","{""detection_events"":3286,""detectors_checked"":38528,""obs_mistake_mask=E"":4}"
      2048,         0,         0,    1.76,exact_mw,7acd59d404317421b37957afea3f5c66f33c9ef46579a47fd7c0ca3dd0dfc735,"{""distance"":7,""physical_error_rate"":0.001}","{""detection_events"":5904,""detectors_checked"":1232896}"
       112,         4,         0,    4.50,exact_mw,1f0c41bfbbc8ec35ff1484b2be036ef48716a49dcf1cc37e155a3f5819690eee,"{""distance"":7,""physical_error_rate"":0.02}","{""detection_events"":5562,""detectors_checked"":67424,""obs_mistake_mask=E"":4}"
        32,        21,         0,    3.45,exact_mw,7d00f1b687639e6070f8d0dea4f3a829a056f2a9a5be0f7c860aca0937915e3d,"{""distance"":7,""physical_error_rate"":0.2}","{""detection_events"":7876,""detectors_checked"":19264,""obs_mistake_mask=E"":21}"
    303104,         0,         0,    4.25,exact_mw,f7d5d61828a7d0145c65811496ba49aa9633daaed59c6883f51143c3b878094e,"{""distance"":7,""physical_error_rate"":5e-05}","{""detection_events"":45133,""detectors_checked"":182468608}"
       512,         0,         0,    3.12,exact_mw,ca91ffa42463e210e189f165a9a4cbcfd1773a75ca815ff24a9009c31e62d8d0,"{""distance"":7,""physical_error_rate"":0.002}","{""detection_events"":2973,""detectors_checked"":308224}"
        48,        15,         0,    2.41,exact_mw,44a30ed6f1c17712a1e48498787ed849716b01ee0859fb371aa1a98cce5f11ec,"{""distance"":7,""physical_error_rate"":0.05}","{""detection_events"":5417,""detectors_checked"":28896,""obs_mistake_mask=E"":15}"
        48,         2,         0,    2.68,exact_mw,1f0c41bfbbc8ec35ff1484b2be036ef48716a49dcf1cc37e155a3f5819690eee,"{""distance"":7,""physical_error_rate"":0.02}","{""detection_events"":2376,""detectors_checked"":28896,""obs_mistake_mask=E"":2}"
        48,        11,         0,    2.34,exact_mw,44a30ed6f1c17712a1e48498787ed849716b01ee0859fb371aa1a98cce5f11ec,"{""distance"":7,""physical_error_rate"":0.05}","{""detection_events"":5227,""detectors_checked"":28896,""obs_mistake_mask=E"":11}"
     22528,         0,         0,    4.42,exact_mw,c34bb01325b9980f7caca1807bd93e7e28846c82b8c0538af034740e6e7d5106,"{""distance"":7,""physical_error_rate"":0.0005}","{""detection_events"":32837,""detectors_checked"":13561856}"
       128,         1,         0,    3.53,exact_mw,2e54b5982e286509c94a8bc96d1d6e54082c27eed948d684125948784bc20414,"{""distance"":7,""physical_error_rate"":0.01}","{""detection_events"":3794,""detectors_checked"":77056,""obs_mistake_mask=E"":1}"
        40,        18,         0,    2.62,exact_mw,104e95c9c5c26aa16a540527dd1100b1154b7e08e6a11bc0dc85c4e500a5f349,"{""distance"":7,""physical_error_rate"":0.1}","{""detection_events"":6903,""detectors_checked"":24080,""obs_mistake_mask=E"":18}"
       160,         0,         0,    2.56,exact_mw,0a198d80e37665dd6f23c481ef1c601566b502223b7ce5d7a38dc87c0be91af9,"{""distance"":7,""physical_error_rate"":0.005}","{""detection_events"":2188,""detectors_checked"":96320}"
        32,         9,         0,    2.42,exact_mw,64e98f39d6e43472d1609d4d4a0f6c9fe4a6bcbdeed2edfe3967a999e171dbce,"{""distance"":7,""physical_error_rate"":0.5}","{""detection_events"":9575,""detectors_checked"":19264,""obs_mistake_mask=E"":9}"
        48,         3,         0,    2.69,exact_mw,1f0c41bfbbc8ec35ff1484b2be036ef48716a49dcf1cc37e155a3f5819690eee,"{""distance"":7,""physical_error_rate"":0.02}","{""detection_events"":2571,""detectors_checked"":28896,""obs_mistake_mask=E"":3}"
        80,         1,         0,    3.16,exact_mw,2e54b5982e286509c94a8bc96d1d6e54082c27eed948d684125948784bc20414,"{""distance"":7,""physical_error_rate"":0.01}","{""detection_events"":2332,""detectors_checked"":48160,""obs_mistake_mask=E"":1}"
        96,         0,         0,    3.04,exact_mw,2e54b5982e286509c94a8bc96d1d6e54082c27eed948d684125948784bc20414,"{""distance"":7,""physical_error_rate"":0.01}","{""detection_events"":2626,""detectors_checked"":57792}"
    156672,         0,         0,    5.89,exact_mw,d5491e2f66b0c830b41b0168451c8818c583b15508c9bf9282dc8e7a6cb6bd3f,"{""distance"":7,""physical_error_rate"":0.0001}","{""detection_events"":46723,""detectors_checked"":94316544}"
    173056,         0,         0,    4.27,exact_mw,f5ed540d8b33fe7a17a96c57e6e367075413a3677864b79373445f6bf89adea1,"{""distance"":7,""physical_error_rate"":0.0002}","{""detection_events"":102978,""detectors_checked"":104179712}"
        80,        38,         0,    4.28,exact_mw,64e98f39d6e43472d1609d4d4a0f6c9fe4a6bcbdeed2edfe3967a999e171dbce,"{""distance"":7,""physical_error_rate"":0.5}","{""detection_events"":23890,""detectors_checked"":48160,""obs_mistake_mask=E"":38}"
        48,        23,         0,    3.10,exact_mw,64e98f39d6e43472d1609d4d4a0f6c9fe4a6bcbdeed2edfe3967a999e171dbce,"{""distance"":7,""physical_error_rate"":0.5}","{""detection_events"":14370,""detectors_checked"":28896,""obs_mistake_mask=E"":23}"
        48,        24,         0,    3.59,exact_mw,104e95c9c5c26aa16a540527dd1100b1154b7e08e6a11bc0dc85c4e500a5f349,"{""distance"":7,""physical_error_rate"":0.1}","{""detection_events"":8565,""detectors_checked"":28896,""obs_mistake_mask=E"":24}"
       256,         1,         0,    4.70,exact_mw,0a198d80e37665dd6f23c481ef1c601566b502223b7ce5d7a38dc87c0be91af9,"{""distance"":7,""physical_error_rate"":0.005}","{""detection_events"":3701,""detectors_checked"":154112,""obs_mistake_mask=E"":1}"
    275456,         0,         0,    4.24,exact_mw,d5491e2f66b0c830b41b0168451c8818c583b15508c9bf9282dc8e7a6cb6bd3f,"{""distance"":7,""physical_error_rate"":0.0001}","{""detection_events"":82452,""detectors_checked"":165824512}"
      3584,         0,         0,    3.06,exact_mw,7acd59d404317421b37957afea3f5c66f33c9ef46579a47fd7c0ca3dd0dfc735,"{""distance"":7,""physical_error_rate"":0.001}","{""detection_events"":10112,""detectors_checked"":2157568}"
        64,        19,         0,    3.24,exact_mw,44a30ed6f1c17712a1e48498787ed849716b01ee0859fb371aa1a98cce5f11ec,"{""distance"":7,""physical_error_rate"":0.05}","{""detection_events"":7297,""detectors_checked"":38528,""obs_mistake_mask=E"":19}"
        40,        23,         0,    3.18,exact_mw,7d00f1b687639e6070f8d0dea4f3a829a056f2a9a5be0f7c860aca0937915e3d,"{""distance"":7,""physical_error_rate"":0.2}","{""detection_events"":9781,""detectors_checked"":24080,""obs_mistake_mask=E"":23}"
      1280,         1,         0,    5.20,exact_mw,ca91ffa42463e210e189f165a9a4cbcfd1773a75ca815ff24a9009c31e62d8d0,"{""distance"":7,""physical_error_rate"":0.002}","{""detection_events"":7591,""detectors_checked"":770560,""obs_mistake_mask=E"":1}"
       128,         0,         0,    4.70,exact_mw,0a198d80e37665dd6f23c481ef1c601566b502223b7ce5d7a38dc87c0be91af9,"{""distance"":7,""physical_error_rate"":0.005}","{""detection_events"":1719,""detectors_checked"":77056}"
       768,         0,         0,    3.53,exact_mw,ca91ffa42463e210e189f165a9a4cbcfd1773a75ca815ff24a9009c31e62d8d0,"{""distance"":7,""physical_error_rate"":0.002}","{""detection_events"":4359,""detectors_checked"":462336}"
    231424,         0,         0,    4.26,exact_mw,d5491e2f66b0c830b41b0168451c8818c583b15508c9bf9282dc8e7a6cb6bd3f,"{""distance"":7,""physical_error_rate"":0.0001}","{""detection_events"":69142,""detectors_checked"":139317248}"
        64,        36,         0,    4.36,exact_mw,104e95c9c5c26aa16a540527dd1100b1154b7e08e6a11bc0dc85c4e500a5f349,"{""distance"":7,""physical_error_rate"":0.1}","{""detection_events"":11398,""detectors_checked"":38528,""obs_mistake_mask=E"":36}"
       384,         0,         0,    2.45,exact_mw,ca91ffa42463e210e189f165a9a4cbcfd1773a75ca815ff24a9009c31e62d8d0,"{""distance"":7,""physical_error_rate"":0.002}","{""detection_events"":2267,""detectors_checked"":231168}"
        56,        28,         0,    3.27,exact_mw,7d00f1b687639e6070f8d0dea4f3a829a056f2a9a5be0f7c860aca0937915e3d,"{""distance"":7,""physical_error_rate"":0.2}","{""detection_events"":13672,""detectors_checked"":33712,""obs_mistake_mask=E"":28}"
      3072,         0,         0,    2.69,exact_mw,7acd59d404317421b37957afea3f5c66f33c9ef46579a47fd7c0ca3dd0dfc735,"{""distance"":7,""physical_error_rate"":0.001}","{""detection_events"":9079,""detectors_checked"":1849344}"
     18432,         0,         0,    4.43,exact_mw,c34bb01325b9980f7caca1807bd93e7e28846c82b8c0538af034740e6e7d5106,"{""distance"":7,""physical_error_rate"":0.0005}","{""detection_events"":27093,""detectors_checked"":11096064}"
       112,         0,         0,    4.40,exact_mw,2e54b5982e286509c94a8bc96d1d6e54082c27eed948d684125948784bc20414,"{""distance"":7,""physical_error_rate"":0.01}","{""detection_events"":3272,""detectors_checked"":67424}"
       136,        50,         0,    6.16,exact_mw,44a30ed6f1c17712a1e48498787ed849716b01ee0859fb371aa1a98cce5f11ec,"{""distance"":7,""physical_error_rate"":0.05}","{""detection_events"":14961,""detectors_checked"":81872,""obs_mistake_mask=E"":50}"
      2560,         0,         0,    2.60,exact_mw,7acd59d404317421b37957afea3f5c66f33c9ef46579a47fd7c0ca3dd0dfc735,"{""distance"":7,""physical_error_rate"":0.001}","{""detection_events"":7916,""detectors_checked"":1541120}"
    428032,         0,         0,    5.97,exact_mw,d5491e2f66b0c830b41b0168451c8818c583b15508c9bf9282dc8e7a6cb6bd3f,"{""distance"":7,""physical_error_rate"":0.0001}","{""detection_events"":127077,""detectors_checked"":257675264}"
        88,        45,         0,    4.56,exact_mw,104e95c9c5c26aa16a540527dd1100b1154b7e08e6a11bc0dc85c4e500a5f349,"{""distance"":7,""physical_error_rate"":0.1}","{""detection_events"":15523,""detectors_checked"":52976,""obs_mistake_mask=E"":45}"
    150528,         0,         0,    5.87,exact_mw,d5491e2f66b0c830b41b0168451c8818c583b15508c9bf9282dc8e7a6cb6bd3f,"{""distance"":7,""physical_error_rate"":0.0001}","{""detection_events"":45224,""detectors_checked"":90617856}"
     25600,         0,         0,    4.39,exact_mw,c34bb01325b9980f7caca1807bd93e7e28846c82b8c0538af034740e6e7d5106,"{""distance"":7,""physical_error_rate"":0.0005}","{""detection_events"":37184,""detectors_checked"":15411200}"
        60,        31,         0,    4.86,exact_mw,7d00f1b687639e6070f8d0dea4f3a829a056f2a9a5be0f7c860aca0937915e3d,"{""distance"":7,""physical_error_rate"":0.2}","{""detection_events"":14722,""detectors_checked"":36120,""obs_mistake_mask=E"":31}"
      3072,         0,         0,    3.67,exact_mw,7acd59d404317421b37957afea3f5c66f33c9ef46579a47fd7c0ca3dd0dfc735,"{""distance"":7,""physical_error_rate"":0.001}","{""detection_events"":8963,""detectors_checked"":1849344}"
     11264,         0,         0,    4.75,exact_mw,c34bb01325b9980f7caca1807bd93e7e28846c82b8c0538af034740e6e7d5106,"{""distance"":7,""physical_error_rate"":0.0005}","{""detection_events"":17104,""detectors_checked"":6780928}"
        48,        19,         0,    2.63,exact_mw,44a30ed6f1c17712a1e48498787ed849716b01ee0859fb371aa1a98cce5f11ec,"{""distance"":7,""physical_error_rate"":0.05}","{""detection_events"":5409,""detectors_checked"":28896,""obs_mistake_mask=E"":19}"
       224,         1,         0,    3.67,exact_mw,0a198d80e37665dd6f23c481ef1c601566b502223b7ce5d7a38dc87c0be91af9,"{""distance"":7,""physical_error_rate"":0.005}","{""detection_events"":3127,""detectors_checked"":134848,""obs_mistake_mask=E"":1}"
       112,         4,         0,    6.22,exact_mw,1f0c41bfbbc8ec35ff1484b2be036ef48716a49dcf1cc37e155a3f5819690eee,"{""distance"":7,""physical_error_rate"":0.02}","{""detection_events"":5861,""detectors_checked"":67424,""obs_mistake_mask=E"":4}"
        48,        28,         0,    3.47,exact_mw,7d00f1b687639e6070f8d0dea4f3a829a056f2a9a5be0f7c860aca0937915e3d,"{""distance"":7,""physical_error_rate"":0.2}","{""detection_events"":11586,""detectors_checked"":28896,""obs_mistake_mask=E"":28}"
    311296,         0,         0,    5.95,exact_mw,f7d5d61828a7d0145c65811496ba49aa9633daaed59c6883f51143c3b878094e,"{""distance"":7,""physical_error_rate"":5e-05}","{""detection_events"":45778,""detectors_checked"":187400192}"
        80,         1,         0,    3.65,exact_mw,1f0c41bfbbc8ec35ff1484b2be036ef48716a49dcf1cc37e155a3f5819690eee,"{""distance"":7,""physical_error_rate"":0.02}","{""detection_events"":4310,""detectors_checked"":48160,""obs_mistake_mask=E"":1}"
        64,        23,         0,    3.26,exact_mw,44a30ed6f1c17712a1e48498787ed849716b01ee0859fb371aa1a98cce5f11ec,"{""distance"":7,""physical_error_rate"":0.05}","{""detection_events"":7197,""detectors_checked"":38528,""obs_mistake_mask=E"":23}"
        56,        35,         0,    3.11,exact_mw,104e95c9c5c26aa16a540527dd1100b1154b7e08e6a11bc0dc85c4e500a5f349,"{""distance"":7,""physical_error_rate"":0.1}","{""detection_events"":9766,""detectors_checked"":33712,""obs_mistake_mask=E"":35}"
      1536,         0,         0,    6.34,exact_mw,ca91ffa42463e210e189f165a9a4cbcfd1773a75ca815ff24a9009c31e62d8d0,"{""distance"":7,""physical_error_rate"":0.002}","{""detection_events"":8981,""detectors_checked"":924672}"
        64,        27,         0,    4.80,exact_mw,64e98f39d6e43472d1609d4d4a0f6c9fe4a6bcbdeed2edfe3967a999e171dbce,"{""distance"":7,""physical_error_rate"":0.5}","{""detection_events"":19322,""detectors_checked"":38528,""obs_mistake_mask=E"":27}"
       256,         3,         0,    3.43,exact_mw,0a198d80e37665dd6f23c481ef1c601566b502223b7ce5d7a38dc87c0be91af9,"{""distance"":7,""physical_error_rate"":0.005}","{""detection_events"":3791,""detectors_checked"":154112,""obs_mistake_mask=E"":3}"
        96,        28,         0,    6.34,exact_mw,44a30ed6f1c17712a1e48498787ed849716b01ee0859fb371aa1a98cce5f11ec,"{""distance"":7,""physical_error_rate"":0.05}","{""detection_events"":10624,""detectors_checked"":57792,""obs_mistake_mask=E"":28}"
       224,         0,         0,    4.27,exact_mw,2e54b5982e286509c94a8bc96d1d6e54082c27eed948d684125948784bc20414,"{""distance"":7,""physical_error_rate"":0.01}","{""detection_events"":6177,""detectors_checked"":134848}"
    174080,         0,         0,    5.97,exact_mw,f5ed540d8b33fe7a17a96c57e6e367075413a3677864b79373445f6bf89adea1,"{""distance"":7,""physical_error_rate"":0.0002}","{""detection_events"":103599,""detectors_checked"":104796160}"
        64,         5,         0,    3.82,exact_mw,1f0c41bfbbc8ec35ff1484b2be036ef48716a49dcf1cc37e155a3f5819690eee,"{""distance"":7,""physical_error_rate"":0.02}","{""detection_events"":3396,""detectors_checked"":38528,""obs_mistake_mask=E"":5}"
        64,         4,         0,    3.54,exact_mw,1f0c41bfbbc8ec35ff1484b2be036ef48716a49dcf1cc37e155a3f5819690eee,"{""distance"":7,""physical_error_rate"":0.02}","{""detection_events"":3437,""detectors_checked"":38528,""obs_mistake_mask=E"":4}"
       120,        58,         0,    6.12,exact_mw,104e95c9c5c26aa16a540527dd1100b1154b7e08e6a11bc0dc85c4e500a5f349,"{""distance"":7,""physical_error_rate"":0.1}","{""detection_events"":21080,""detectors_checked"":72240,""obs_mistake_mask=E"":58}"
        48,        21,         0,    3.62,exact_mw,64e98f39d6e43472d1609d4d4a0f6c9fe4a6bcbdeed2edfe3967a999e171dbce,"{""distance"":7,""physical_error_rate"":0.5}","{""detection_events"":14553,""detectors_checked"":28896,""obs_mistake_mask=E"":21}"
        24,        13,         0,    4.43,exact_mw,7d00f1b687639e6070f8d0dea4f3a829a056f2a9a5be0f7c860aca0937915e3d,"{""distance"":7,""physical_error_rate"":0.2}","{""detection_events"":5951,""detectors_checked"":14448,""obs_mistake_mask=E"":13}"
    113664,         0,         0,    6.05,exact_mw,f5ed540d8b33fe7a17a96c57e6e367075413a3677864b79373445f6bf89adea1,"{""distance"":7,""physical_error_rate"":0.0002}","{""detection_events"":67796,""detectors_checked"":68425728}"
       768,         0,         0,    4.30,exact_mw,ca91ffa42463e210e189f165a9a4cbcfd1773a75ca815ff24a9009c31e62d8d0,"{""distance"":7,""physical_error_rate"":0.002}","{""detection_events"":4354,""detectors_checked"":462336}"
       512,         0,         0,    2.79,exact_mw,ca91ffa42463e210e189f165a9a4cbcfd1773a75ca815ff24a9009c31e62d8d0,"{""distance"":7,""physical_error_rate"":0.002}","{""detection_events"":2950,""detectors_checked"":308224}"
     34816,         0,         0,    6.14,exact_mw,c34bb01325b9980f7caca1807bd93e7e28846c82b8c0538af034740e6e7d5106,"{""distance"":7,""physical_error_rate"":0.0005}","{""detection_events"":50970,""detectors_checked"":20959232}"
    179200,         0,         0,    5.94,exact_mw,f5ed540d8b33fe7a17a96c57e6e367075413a3677864b79373445f6bf89adea1,"{""distance"":7,""physical_error_rate"":0.0002}","{""detection_events"":105451,""detectors_checked"":107878400}"
       160,         0,         0,    4.43,exact_mw,2e54b5982e286509c94a8bc96d1d6e54082c27eed948d684125948784bc20414,"{""distance"":7,""physical_error_rate"":0.01}","{""detection_events"":4284,""detectors_checked"":96320}"
       128,         2,         0,    4.34,exact_mw,2e54b5982e286509c94a8bc96d1d6e54082c27eed948d684125948784bc20414,"{""distance"":7,""physical_error_rate"":0.01}","{""detection_events"":3399,""detectors_checked"":77056,""obs_mistake_mask=E"":2}"
    423936,         0,         0,    8.32,exact_mw,f5ed540d8b33fe7a17a96c57e6e367075413a3677864b79373445f6bf89adea1,"{""distance"":7,""physical_error_rate"":0.0002}","{""detection_events"":252802,""detectors_checked"":255209472}"
    439296,         0,         0,    5.89,exact_mw,f7d5d61828a7d0145c65811496ba49aa9633daaed59c6883f51143c3b878094e,"{""distance"":7,""physical_error_rate"":5e-05}","{""detection_events"":64776,""detectors_checked"":264456192}"
       112,         1,         0,    4.81,exact_mw,2e54b5982e286509c94a8bc96d1d6e54082c27eed948d684125948784bc20414,"{""distance"":7,""physical_error_rate"":0.01}","{""detection_events"":3080,""detectors_checked"":67424,""obs_mistake_mask=E"":1}"
        80,        36,         0,    4.50,exact_mw,64e98f39d6e43472d1609d4d4a0f6c9fe4a6bcbdeed2edfe3967a999e171dbce,"{""distance"":7,""physical_error_rate"":0.5}","{""detection_events"":24060,""detectors_checked"":48160,""obs_mistake_mask=E"":36}"
    186368,         0,         0,    5.88,exact_mw,f7d5d61828a7d0145c65811496ba49aa9633daaed59c6883f51143c3b878094e,"{""distance"":7,""physical_error_rate"":5e-05}","{""detection_events"":27733,""detectors_checked"":112193536}"
    339968,         0,         0,    5.91,exact_mw,f7d5d61828a7d0145c65811496ba49aa9633daaed59c6883f51143c3b878094e,"{""distance"":7,""physical_error_rate"":5e-05}","{""detection_events"":50862,""detectors_checked"":204660736}"
      4096,         0,         0,    3.53,exact_mw,7acd59d404317421b37957afea3f5c66f33c9ef46579a47fd7c0ca3dd0dfc735,"{""distance"":7,""physical_error_rate"":0.001}","{""detection_events"":11868,""detectors_checked"":2465792}"
        64,        31,         0,    4.65,exact_mw,104e95c9c5c26aa16a540527dd1100b1154b7e08e6a11bc0dc85c4e500a5f349,"{""distance"":7,""physical_error_rate"":0.1}","{""detection_events"":11162,""detectors_checked"":38528,""obs_mistake_mask=E"":31}"
      3072,         0,         0,    3.46,exact_mw,7acd59d404317421b37957afea3f5c66f33c9ef46579a47fd7c0ca3dd0dfc735,"{""distance"":7,""physical_error_rate"":0.001}","{""detection_events"":8935,""detectors_checked"":1849344}"
      4608,         0,         0,    4.63,exact_mw,7acd59d404317421b37957afea3f5c66f33c9ef46579a47fd7c0ca3dd0dfc735,"{""distance"":7,""physical_error_rate"":0.001}","{""detection_events"":13920,""detectors_checked"":2774016}"
        56,        25,         0,    4.49,exact_mw,7d00f1b687639e6070f8d0dea4f3a829a056f2a9a5be0f7c860aca0937915e3d,"{""distance"":7,""physical_error_rate"":0.2}","{""detection_events"":13955,""detectors_checked"":33712,""obs_mistake_mask=E"":25}"
        80,        25,         0,    4.60,exact_mw,44a30ed6f1c17712a1e48498787ed849716b01ee0859fb371aa1a98cce5f11ec,"{""distance"":7,""physical_error_rate"":0.05}","{""detection_events"":9098,""detectors_checked"":48160,""obs_mistake_mask=E"":25}"
    357376,         0,         0,    5.95,exact_mw,f7d5d61828a7d0145c65811496ba49aa9633daaed59c6883f51143c3b878094e,"{""distance"":7,""physical_error_rate"":5e-05}","{""detection_events"":52805,""detectors_checked"":215140352}"
       352,         0,         0,    6.81,exact_mw,0a198d80e37665dd6f23c481ef1c601566b502223b7ce5d7a38dc87c0be91af9,"{""distance"":7,""physical_error_rate"":0.005}","{""detection_events"":5074,""detectors_checked"":211904}"
       160,         8,         0,    6.35,exact_mw,1f0c41bfbbc8ec35ff1484b2be036ef48716a49dcf1cc37e155a3f5819690eee,"{""distance"":7,""physical_error_rate"":0.02}","{""detection_events"":8294,""detectors_checked"":96320,""obs_mistake_mask=E"":8}"
     36864,         0,         0,    5.98,exact_mw,c34bb01325b9980f7caca1807bd93e7e28846c82b8c0538af034740e6e7d5106,"{""distance"":7,""physical_error_rate"":0.0005}","{""detection_events"":54995,""detectors_checked"":22192128}"
      1152,         0,         0,    4.60,exact_mw,ca91ffa42463e210e189f165a9a4cbcfd1773a75ca815ff24a9009c31e62d8d0,"{""distance"":7,""physical_error_rate"":0.002}","{""detection_events"":6529,""detectors_checked"":693504}"
        80,        38,         0,    4.44,exact_mw,7d00f1b687639e6070f8d0dea4f3a829a056f2a9a5be0f7c860aca0937915e3d,"{""distance"":7,""physical_error_rate"":0.2}","{""detection_events"":19598,""detectors_checked"":48160,""obs_mistake_mask=E"":38}"
        64,        19,         0,    3.84,exact_mw,44a30ed6f1c17712a1e48498787ed849716b01ee0859fb371aa1a98cce5f11ec,"{""distance"":7,""physical_error_rate"":0.05}","{""detection_events"":7026,""detectors_checked"":38528,""obs_mistake_mask=E"":19}"
    203776,         0,         0,    5.99,exact_mw,f5ed540d8b33fe7a17a96c57e6e367075413a3677864b79373445f6bf89adea1,"{""distance"":7,""physical_error_rate"":0.0002}","{""detection_events"":121152,""detectors_checked"":122673152}"
      3584,         0,         0,    4.31,exact_mw,7acd59d404317421b37957afea3f5c66f33c9ef46579a47fd7c0ca3dd0dfc735,"{""distance"":7,""physical_error_rate"":0.001}","{""detection_events"":10787,""detectors_checked"":2157568}"
    395264,         0,         0,    5.97,exact_mw,d5491e2f66b0c830b41b0168451c8818c583b15508c9bf9282dc8e7a6cb6bd3f,"{""distance"":7,""physical_error_rate"":0.0001}","{""detection_events"":118904,""detectors_checked"":237948928}"
       120,        60,         0,    6.38,exact_mw,64e98f39d6e43472d1609d4d4a0f6c9fe4a6bcbdeed2edfe3967a999e171dbce,"{""distance"":7,""physical_error_rate"":0.5}","{""detection_events"":36149,""detectors_checked"":72240,""obs_mistake_mask=E"":60}"
       224,         0,         0,    4.40,exact_mw,0a198d80e37665dd6f23c481ef1c601566b502223b7ce5d7a38dc87c0be91af9,"{""distance"":7,""physical_error_rate"":0.005}","{""detection_events"":3189,""detectors_checked"":134848}"
        56,        22,         0,    4.31,exact_mw,7d00f1b687639e6070f8d0dea4f3a829a056f2a9a5be0f7c860aca0937915e3d,"{""distance"":7,""physical_error_rate"":0.2}","{""detection_events"":13773,""detectors_checked"":33712,""obs_mistake_mask=E"":22}"
    304128,         0,         0,    5.99,exact_mw,d5491e2f66b0c830b41b0168451c8818c583b15508c9bf9282dc8e7a6cb6bd3f,"{""distance"":7,""physical_error_rate"":0.0001}","{""detection_events"":91145,""detectors_checked"":183085056}"
      1792,         0,         0,    6.25,exact_mw,ca91ffa42463e210e189f165a9a4cbcfd1773a75ca815ff24a9009c31e62d8d0,"{""distance"":7,""physical_error_rate"":0.002}","{""detection_events"":10362,""detectors_checked"":1078784}"
        88,        22,         0,    4.47,exact_mw,44a30ed6f1c17712a1e48498787ed849716b01ee0859fb371aa1a98cce5f11ec,"{""distance"":7,""physical_error_rate"":0.05}","{""detection_events"":9614,""detectors_checked"":52976,""obs_mistake_mask=E"":22}"
       104,        48,         0,    6.25,exact_mw,104e95c9c5c26aa16a540527dd1100b1154b7e08e6a11bc0dc85c4e500a5f349,"{""distance"":7,""physical_error_rate"":0.1}","{""detection_events"":18295,""detectors_checked"":62608,""obs_mistake_mask=E"":48}"
       112,         2,         0,    4.58,exact_mw,1f0c41bfbbc8ec35ff1484b2be036ef48716a49dcf1cc37e155a3f5819690eee,"{""distance"":7,""physical_error_rate"":0.02}","{""detection_events"":5927,""detectors_checked"":67424,""obs_mistake_mask=E"":2}"
       112,         1,         0,    6.34,exact_mw,0a198d80e37665dd6f23c481ef1c601566b502223b7ce5d7a38dc87c0be91af9,"{""distance"":7,""physical_error_rate"":0.005}","{""detection_events"":1524,""detectors_checked"":67424,""obs_mistake_mask=E"":1}"
       768,         0,         0,    3.52,exact_mw,ca91ffa42463e210e189f165a9a4cbcfd1773a75ca815ff24a9009c31e62d8d0,"{""distance"":7,""physical_error_rate"":0.002}","{""detection_events"":4541,""detectors_checked"":462336}"
       288,         0,         0,    6.85,exact_mw,0a198d80e37665dd6f23c481ef1c601566b502223b7ce5d7a38dc87c0be91af9,"{""distance"":7,""physical_error_rate"":0.005}","{""detection_events"":4409,""detectors_checked"":173376}"
        72,        35,         0,    4.64,exact_mw,104e95c9c5c26aa16a540527dd1100b1154b7e08e6a11bc0dc85c4e500a5f349,"{""distance"":7,""physical_error_rate"":0.1}","{""detection_events"":12692,""detectors_checked"":43344,""obs_mistake_mask=E"":35}"
       256,         0,         0,    4.38,exact_mw,0a198d80e37665dd6f23c481ef1c601566b502223b7ce5d7a38dc87c0be91af9,"{""distance"":7,""physical_error_rate"":0.005}","{""detection_events"":3720,""detectors_checked"":154112}"
        80,         4,         0,    4.48,exact_mw,1f0c41bfbbc8ec35ff1484b2be036ef48716a49dcf1cc37e155a3f5819690eee,"{""distance"":7,""physical_error_rate"":0.02}","{""detection_events"":4063,""detectors_checked"":48160,""obs_mistake_mask=E"":4}"
     27648,         0,         0,    6.29,exact_mw,c34bb01325b9980f7caca1807bd93e7e28846c82b8c0538af034740e6e7d5106,"{""distance"":7,""physical_error_rate"":0.0005}","{""detection_events"":41048,""detectors_checked"":16644096}"
       120,        70,         0,    6.11,exact_mw,104e95c9c5c26aa16a540527dd1100b1154b7e08e6a11bc0dc85c4e500a5f349,"{""distance"":7,""physical_error_rate"":0.1}","{""detection_events"":21331,""detectors_checked"":72240,""obs_mistake_mask=E"":70}"
        40,        16,         0,    2.92,exact_mw,104e95c9c5c26aa16a540527dd1100b1154b7e08e6a11bc0dc85c4e500a5f349,"{""distance"":7,""physical_error_rate"":0.1}","{""detection_events"":6979,""detectors_checked"":24080,""obs_mistake_mask=E"":16}"
       224,         7,         0,    6.38,exact_mw,2e54b5982e286509c94a8bc96d1d6e54082c27eed948d684125948784bc20414,"{""distance"":7,""physical_error_rate"":0.01}","{""detection_events"":6205,""detectors_checked"":134848,""obs_mistake_mask=E"":7}"
        88,        48,         0,    4.54,exact_mw,104e95c9c5c26aa16a540527dd1100b1154b7e08e6a11bc0dc85c4e500a5f349,"{""distance"":7,""physical_error_rate"":0.1}","{""detection_events"":15639,""detectors_checked"":52976,""obs_mistake_mask=E"":48}"
        80,         3,         0,    4.59,exact_mw,1f0c41bfbbc8ec35ff1484b2be036ef48716a49dcf1cc37e155a3f5819690eee,"{""distance"":7,""physical_error_rate"":0.02}","{""detection_events"":4234,""detectors_checked"":48160,""obs_mistake_mask=E"":3}"
     13312,         0,         0,    9.14,exact_mw,7acd59d404317421b37957afea3f5c66f33c9ef46579a47fd7c0ca3dd0dfc735,"{""distance"":7,""physical_error_rate"":0.001}","{""detection_events"":38840,""detectors_checked"":8013824}"
     33792,         0,         0,    6.07,exact_mw,c34bb01325b9980f7caca1807bd93e7e28846c82b8c0538af034740e6e7d5106,"{""distance"":7,""physical_error_rate"":0.0005}","{""detection_events"":49861,""detectors_checked"":20342784}"
        16,         9,         0,   0.779,exact_mw,104e95c9c5c26aa16a540527dd1100b1154b7e08e6a11bc0dc85c4e500a5f349,"{""distance"":7,""physical_error_rate"":0.1}","{""detection_events"":2801,""detectors_checked"":9632,""obs_mistake_mask=E"":9}"
        64,        20,         0,    4.78,exact_mw,64e98f39d6e43472d1609d4d4a0f6c9fe4a6bcbdeed2edfe3967a999e171dbce,"{""distance"":7,""physical_error_rate"":0.5}","{""detection_events"":19268,""detectors_checked"":38528,""obs_mistake_mask=E"":20}"
     11264,         0,         0,    6.22,exact_mw,c34bb01325b9980f7caca1807bd93e7e28846c82b8c0538af034740e6e7d5106,"{""distance"":7,""physical_error_rate"":0.0005}","{""detection_events"":16696,""detectors_checked"":6780928}"
    176128,         0,         0,    8.37,exact_mw,d5491e2f66b0c830b41b0168451c8818c583b15508c9bf9282dc8e7a6cb6bd3f,"{""distance"":7,""physical_error_rate"":0.0001}","{""detection_events"":52362,""detectors_checked"":106029056}"
        80,        47,         0,    6.43,exact_mw,7d00f1b687639e6070f8d0dea4f3a829a056f2a9a5be0f7c860aca0937915e3d,"{""distance"":7,""physical_error_rate"":0.2}","{""detection_events"":19688,""detectors_checked"":48160,""obs_mistake_mask=E"":47}"
        16,        12,         0,    1.19,exact_mw,104e95c9c5c26aa16a540527dd1100b1154b7e08e6a11bc0dc85c4e500a5f349,"{""distance"":7,""physical_error_rate"":0.1}","{""detection_events"":2892,""detectors_checked"":9632,""obs_mistake_mask=E"":12}"
       320,         4,         0,    6.01,exact_mw,2e54b5982e286509c94a8bc96d1d6e54082c27eed948d684125948784bc20414,"{""distance"":7,""physical_error_rate"":0.01}","{""detection_events"":9125,""detectors_checked"":192640,""obs_mistake_mask=E"":4}"
        88,        43,         0,    6.33,exact_mw,64e98f39d6e43472d1609d4d4a0f6c9fe4a6bcbdeed2edfe3967a999e171dbce,"{""distance"":7,""physical_error_rate"":0.5}","{""detection_events"":26443,""detectors_checked"":52976,""obs_mistake_mask=E"":43}"
      5120,         0,         0,    4.56,exact_mw,7acd59d404317421b37957afea3f5c66f33c9ef46579a47fd7c0ca3dd0dfc735,"{""distance"":7,""physical_error_rate"":0.001}","{""detection_events"":15125,""detectors_checked"":3082240}"
      4608,         0,         0,    4.69,exact_mw,7acd59d404317421b37957afea3f5c66f33c9ef46579a47fd7c0ca3dd0dfc735,"{""distance"":7,""physical_error_rate"":0.001}","{""detection_events"":13810,""detectors_checked"":2774016}"
      1280,         0,         0,    6.18,exact_mw,ca91ffa42463e210e189f165a9a4cbcfd1773a75ca815ff24a9009c31e62d8d0,"{""distance"":7,""physical_error_rate"":0.002}","{""detection_events"":7435,""detectors_checked"":770560}"
        36,        16,         0,    6.42,exact_mw,7d00f1b687639e6070f8d0dea4f3a829a056f2a9a5be0f7c860aca0937915e3d,"{""distance"":7,""physical_error_rate"":0.2}","{""detection_events"":8781,""detectors_checked"":21672,""obs_mistake_mask=E"":16}"
       184,        50,         0,    8.47,exact_mw,44a30ed6f1c17712a1e48498787ed849716b01ee0859fb371aa1a98cce5f11ec,"{""distance"":7,""physical_error_rate"":0.05}","{""detection_events"":20627,""detectors_checked"":110768,""obs_mistake_mask=E"":50}"
    699392,         0,         0,    8.29,exact_mw,d5491e2f66b0c830b41b0168451c8818c583b15508c9bf9282dc8e7a6cb6bd3f,"{""distance"":7,""physical_error_rate"":0.0001}","{""detection_events"":207948,""detectors_checked"":421033984}"
       208,         3,         0,    6.23,exact_mw,2e54b5982e286509c94a8bc96d1d6e54082c27eed948d684125948784bc20414,"{""distance"":7,""physical_error_rate"":0.01}","{""detection_events"":6116,""detectors_checked"":125216,""obs_mistake_mask=E"":3}"
    247808,         0,         0,    8.31,exact_mw,d5491e2f66b0c830b41b0168451c8818c583b15508c9bf9282dc8e7a6cb6bd3f,"{""distance"":7,""physical_error_rate"":0.0001}","{""detection_events"":72895,""detectors_checked"":149180416}"
        80,        26,         0,    4.71,exact_mw,44a30ed6f1c17712a1e48498787ed849716b01ee0859fb371aa1a98cce5f11ec,"{""distance"":7,""physical_error_rate"":0.05}","{""detection_events"":9111,""detectors_checked"":48160,""obs_mistake_mask=E"":26}"
       176,         0,         0,    6.09,exact_mw,2e54b5982e286509c94a8bc96d1d6e54082c27eed948d684125948784bc20414,"{""distance"":7,""physical_error_rate"":0.01}","{""detection_events"":5025,""detectors_checked"":105952}"
       160,         0,         0,    6.58,exact_mw,2e54b5982e286509c94a8bc96d1d6e54082c27eed948d684125948784bc20414,"{""distance"":7,""physical_error_rate"":0.01}","{""detection_events"":4429,""detectors_checked"":96320}"
       104,        57,         0,    6.20,exact_mw,64e98f39d6e43472d1609d4d4a0f6c9fe4a6bcbdeed2edfe3967a999e171dbce,"{""distance"":7,""physical_error_rate"":0.5}","{""detection_events"":31148,""detectors_checked"":62608,""obs_mistake_mask=E"":57}"
    454656,         0,         0,    8.34,exact_mw,f7d5d61828a7d0145c65811496ba49aa9633daaed59c6883f51143c3b878094e,"{""distance"":7,""physical_error_rate"":5e-05}","{""detection_events"":67376,""detectors_checked"":273702912}"
        96,        39,         0,    6.04,exact_mw,44a30ed6f1c17712a1e48498787ed849716b01ee0859fb371aa1a98cce5f11ec,"{""distance"":7,""physical_error_rate"":0.05}","{""detection_events"":10727,""detectors_checked"":57792,""obs_mistake_mask=E"":39}"
      6656,         0,         0,    6.22,exact_mw,7acd59d404317421b37957afea3f5c66f33c9ef46579a47fd7c0ca3dd0dfc735,"{""distance"":7,""physical_error_rate"":0.001}","{""detection_events"":19586,""detectors_checked"":4006912}"
       160,         8,         0,    9.20,exact_mw,1f0c41bfbbc8ec35ff1484b2be036ef48716a49dcf1cc37e155a3f5819690eee,"{""distance"":7,""physical_error_rate"":0.02}","{""detection_events"":8502,""detectors_checked"":96320,""obs_mistake_mask=E"":8}"
    297984,         0,         0,    8.32,exact_mw,f5ed540d8b33fe7a17a96c57e6e367075413a3677864b79373445f6bf89adea1,"{""distance"":7,""physical_error_rate"":0.0002}","{""detection_events"":176348,""detectors_checked"":179386368}"
        80,        49,         0,    6.44,exact_mw,7d00f1b687639e6070f8d0dea4f3a829a056f2a9a5be0f7c860aca0937915e3d,"{""distance"":7,""physical_error_rate"":0.2}","{""detection_events"":19701,""detectors_checked"":48160,""obs_mistake_mask=E"":49}"
       768,         0,         0,    4.44,exact_mw,ca91ffa42463e210e189f165a9a4cbcfd1773a75ca815ff24a9009c31e62d8d0,"{""distance"":7,""physical_error_rate"":0.002}","{""detection_events"":4567,""detectors_checked"":462336}"
      1536,         0,         0,    6.43,exact_mw,ca91ffa42463e210e189f165a9a4cbcfd1773a75ca815ff24a9009c31e62d8d0,"{""distance"":7,""physical_error_rate"":0.002}","{""detection_events"":8839,""detectors_checked"":924672}"
    193536,         0,         0,    8.41,exact_mw,f5ed540d8b33fe7a17a96c57e6e367075413a3677864b79373445f6bf89adea1,"{""distance"":7,""physical_error_rate"":0.0002}","{""detection_events"":114220,""detectors_checked"":116508672}"
      1536,         1,         0,    9.19,exact_mw,ca91ffa42463e210e189f165a9a4cbcfd1773a75ca815ff24a9009c31e62d8d0,"{""distance"":7,""physical_error_rate"":0.002}","{""detection_events"":8989,""detectors_checked"":924672,""obs_mistake_mask=E"":1}"
       112,        56,         0,    6.37,exact_mw,7d00f1b687639e6070f8d0dea4f3a829a056f2a9a5be0f7c860aca0937915e3d,"{""distance"":7,""physical_error_rate"":0.2}","{""detection_events"":27387,""detectors_checked"":67424,""obs_mistake_mask=E"":56}"
       176,        52,         0,    8.97,exact_mw,44a30ed6f1c17712a1e48498787ed849716b01ee0859fb371aa1a98cce5f11ec,"{""distance"":7,""physical_error_rate"":0.05}","{""detection_events"":19429,""detectors_checked"":105952,""obs_mistake_mask=E"":52}"
    318464,         0,         0,    8.31,exact_mw,f5ed540d8b33fe7a17a96c57e6e367075413a3677864b79373445f6bf89adea1,"{""distance"":7,""physical_error_rate"":0.0002}","{""detection_events"":188966,""detectors_checked"":191715328}"
     46080,         0,         0,    8.51,exact_mw,c34bb01325b9980f7caca1807bd93e7e28846c82b8c0538af034740e6e7d5106,"{""distance"":7,""physical_error_rate"":0.0005}","{""detection_events"":68219,""detectors_checked"":27740160}"
      5120,         0,         0,    6.25,exact_mw,7acd59d404317421b37957afea3f5c66f33c9ef46579a47fd7c0ca3dd0dfc735,"{""distance"":7,""physical_error_rate"":0.001}","{""detection_events"":15492,""detectors_checked"":3082240}"
    521216,         0,         0,    8.29,exact_mw,f7d5d61828a7d0145c65811496ba49aa9633daaed59c6883f51143c3b878094e,"{""distance"":7,""physical_error_rate"":5e-05}","{""detection_events"":78496,""detectors_checked"":313772032}"
        52,        20,         0,    6.30,exact_mw,7d00f1b687639e6070f8d0dea4f3a829a056f2a9a5be0f7c860aca0937915e3d,"{""distance"":7,""physical_error_rate"":0.2}","{""detection_events"":12783,""detectors_checked"":31304,""obs_mistake_mask=E"":20}"
    571392,         0,         0,    8.29,exact_mw,f7d5d61828a7d0145c65811496ba49aa9633daaed59c6883f51143c3b878094e,"{""distance"":7,""physical_error_rate"":5e-05}","{""detection_events"":85320,""detectors_checked"":343977984}"
       352,         1,         0,    6.53,exact_mw,0a198d80e37665dd6f23c481ef1c601566b502223b7ce5d7a38dc87c0be91af9,"{""distance"":7,""physical_error_rate"":0.005}","{""detection_events"":4928,""detectors_checked"":211904,""obs_mistake_mask=E"":1}"
    576512,         0,         0,    8.32,exact_mw,f7d5d61828a7d0145c65811496ba49aa9633daaed59c6883f51143c3b878094e,"{""distance"":7,""physical_error_rate"":5e-05}","{""detection_events"":86134,""detectors_checked"":347060224}"
       104,        29,         0,    6.12,exact_mw,44a30ed6f1c17712a1e48498787ed849716b01ee0859fb371aa1a98cce5f11ec,"{""distance"":7,""physical_error_rate"":0.05}","{""detection_events"":11400,""detectors_checked"":62608,""obs_mistake_mask=E"":29}"
       112,         4,         0,    6.05,exact_mw,1f0c41bfbbc8ec35ff1484b2be036ef48716a49dcf1cc37e155a3f5819690eee,"{""distance"":7,""physical_error_rate"":0.02}","{""detection_events"":6078,""detectors_checked"":67424,""obs_mistake_mask=E"":4}"
    459776,         0,         0,    8.26,exact_mw,f7d5d61828a7d0145c65811496ba49aa9633daaed59c6883f51143c3b878094e,"{""distance"":7,""physical_error_rate"":5e-05}","{""detection_events"":68808,""detectors_checked"":276785152}"
       512,         2,         0,    8.44,exact_mw,0a198d80e37665dd6f23c481ef1c601566b502223b7ce5d7a38dc87c0be91af9,"{""distance"":7,""physical_error_rate"":0.005}","{""detection_events"":7255,""detectors_checked"":308224,""obs_mistake_mask=E"":2}"
       288,         0,         0,    6.51,exact_mw,0a198d80e37665dd6f23c481ef1c601566b502223b7ce5d7a38dc87c0be91af9,"{""distance"":7,""physical_error_rate"":0.005}","{""detection_events"":4353,""detectors_checked"":173376}"
     53248,         0,         0,    8.49,exact_mw,c34bb01325b9980f7caca1807bd93e7e28846c82b8c0538af034740e6e7d5106,"{""distance"":7,""physical_error_rate"":0.0005}","{""detection_events"":78459,""detectors_checked"":32055296}"
       224,        15,         0,    8.74,exact_mw,1f0c41bfbbc8ec35ff1484b2be036ef48716a49dcf1cc37e155a3f5819690eee,"{""distance"":7,""physical_error_rate"":0.02}","{""detection_events"":11803,""detectors_checked"":134848,""obs_mistake_mask=E"":15}"
       144,         3,         0,    6.32,exact_mw,1f0c41bfbbc8ec35ff1484b2be036ef48716a49dcf1cc37e155a3f5819690eee,"{""distance"":7,""physical_error_rate"":0.02}","{""detection_events"":7531,""detectors_checked"":86688,""obs_mistake_mask=E"":3}"
    276480,         0,         0,    8.31,exact_mw,f5ed540d8b33fe7a17a96c57e6e367075413a3677864b79373445f6bf89adea1,"{""distance"":7,""physical_error_rate"":0.0002}","{""detection_events"":164826,""detectors_checked"":166440960}"
       144,         2,         0,    6.60,exact_mw,1f0c41bfbbc8ec35ff1484b2be036ef48716a49dcf1cc37e155a3f5819690eee,"{""distance"":7,""physical_error_rate"":0.02}","{""detection_events"":7377,""detectors_checked"":86688,""obs_mistake_mask=E"":2}"
       112,        62,         0,    6.22,exact_mw,64e98f39d6e43472d1609d4d4a0f6c9fe4a6bcbdeed2edfe3967a999e171dbce,"{""distance"":7,""physical_error_rate"":0.5}","{""detection_events"":33847,""detectors_checked"":67424,""obs_mistake_mask=E"":62}"
    542720,         0,         0,    8.28,exact_mw,d5491e2f66b0c830b41b0168451c8818c583b15508c9bf9282dc8e7a6cb6bd3f,"{""distance"":7,""physical_error_rate"":0.0001}","{""detection_events"":161596,""detectors_checked"":326717440}"
       160,        84,         0,    8.69,exact_mw,64e98f39d6e43472d1609d4d4a0f6c9fe4a6bcbdeed2edfe3967a999e171dbce,"{""distance"":7,""physical_error_rate"":0.5}","{""detection_events"":48184,""detectors_checked"":96320,""obs_mistake_mask=E"":84}"
    514048,         0,         0,    8.32,exact_mw,d5491e2f66b0c830b41b0168451c8818c583b15508c9bf9282dc8e7a6cb6bd3f,"{""distance"":7,""physical_error_rate"":0.0001}","{""detection_events"":151638,""detectors_checked"":309456896}"
      1792,         1,         0,    8.76,exact_mw,ca91ffa42463e210e189f165a9a4cbcfd1773a75ca815ff24a9009c31e62d8d0,"{""distance"":7,""physical_error_rate"":0.002}","{""detection_events"":10620,""detectors_checked"":1078784,""obs_mistake_mask=E"":1}"
      5120,         0,         0,    6.03,exact_mw,7acd59d404317421b37957afea3f5c66f33c9ef46579a47fd7c0ca3dd0dfc735,"{""distance"":7,""physical_error_rate"":0.001}","{""detection_events"":14835,""detectors_checked"":3082240}"
      7168,         0,         0,    6.57,exact_mw,7acd59d404317421b37957afea3f5c66f33c9ef46579a47fd7c0ca3dd0dfc735,"{""distance"":7,""physical_error_rate"":0.001}","{""detection_events"":20739,""detectors_checked"":4315136}"
       512,         0,         0,    8.71,exact_mw,0a198d80e37665dd6f23c481ef1c601566b502223b7ce5d7a38dc87c0be91af9,"{""distance"":7,""physical_error_rate"":0.005}","{""detection_events"":7012,""detectors_checked"":308224}"
       208,         0,         0,    8.87,exact_mw,0a198d80e37665dd6f23c481ef1c601566b502223b7ce5d7a38dc87c0be91af9,"{""distance"":7,""physical_error_rate"":0.005}","{""detection_events"":3161,""detectors_checked"":125216}"
    503808,         0,         0,    11.7,exact_mw,f5ed540d8b33fe7a17a96c57e6e367075413a3677864b79373445f6bf89adea1,"{""distance"":7,""physical_error_rate"":0.0002}","{""detection_events"":299525,""detectors_checked"":303292416}"
     50176,         0,         0,    8.56,exact_mw,c34bb01325b9980f7caca1807bd93e7e28846c82b8c0538af034740e6e7d5106,"{""distance"":7,""physical_error_rate"":0.0005}","{""detection_events"":73123,""detectors_checked"":30205952}"
     51200,         0,         0,    8.39,exact_mw,c34bb01325b9980f7caca1807bd93e7e28846c82b8c0538af034740e6e7d5106,"{""distance"":7,""physical_error_rate"":0.0005}","{""detection_events"":75389,""detectors_checked"":30822400}"
       320,         1,         0,    8.74,exact_mw,2e54b5982e286509c94a8bc96d1d6e54082c27eed948d684125948784bc20414,"{""distance"":7,""physical_error_rate"":0.01}","{""detection_events"":8926,""detectors_checked"":192640,""obs_mistake_mask=E"":1}"
     20480,         0,         0,    8.40,exact_mw,c34bb01325b9980f7caca1807bd93e7e28846c82b8c0538af034740e6e7d5106,"{""distance"":7,""physical_error_rate"":0.0005}","{""detection_events"":29979,""detectors_checked"":12328960}"
       112,        32,         0,    6.19,exact_mw,44a30ed6f1c17712a1e48498787ed849716b01ee0859fb371aa1a98cce5f11ec,"{""distance"":7,""physical_error_rate"":0.05}","{""detection_events"":12486,""detectors_checked"":67424,""obs_mistake_mask=E"":32}"
       104,        55,         0,    8.54,exact_mw,7d00f1b687639e6070f8d0dea4f3a829a056f2a9a5be0f7c860aca0937915e3d,"{""distance"":7,""physical_error_rate"":0.2}","{""detection_events"":25421,""detectors_checked"":62608,""obs_mistake_mask=E"":55}"
       112,        59,         0,    8.53,exact_mw,64e98f39d6e43472d1609d4d4a0f6c9fe4a6bcbdeed2edfe3967a999e171dbce,"{""distance"":7,""physical_error_rate"":0.5}","{""detection_events"":33883,""detectors_checked"":67424,""obs_mistake_mask=E"":59}"
      1408,         0,         0,    6.21,exact_mw,ca91ffa42463e210e189f165a9a4cbcfd1773a75ca815ff24a9009c31e62d8d0,"{""distance"":7,""physical_error_rate"":0.002}","{""detection_events"":8484,""detectors_checked"":847616}"
        64,        39,         0,    3.54,exact_mw,64e98f39d6e43472d1609d4d4a0f6c9fe4a6bcbdeed2edfe3967a999e171dbce,"{""distance"":7,""physical_error_rate"":0.5}","{""detection_events"":19308,""detectors_checked"":38528,""obs_mistake_mask=E"":39}"
       288,         0,         0,    8.96,exact_mw,2e54b5982e286509c94a8bc96d1d6e54082c27eed948d684125948784bc20414,"{""distance"":7,""physical_error_rate"":0.01}","{""detection_events"":8032,""detectors_checked"":173376}"
       120,        65,         0,    7.30,exact_mw,64e98f39d6e43472d1609d4d4a0f6c9fe4a6bcbdeed2edfe3967a999e171dbce,"{""distance"":7,""physical_error_rate"":0.5}","{""detection_events"":36239,""detectors_checked"":72240,""obs_mistake_mask=E"":65}"
        56,        29,         0,    3.06,exact_mw,64e98f39d6e43472d1609d4d4a0f6c9fe4a6bcbdeed2edfe3967a999e171dbce,"{""distance"":7,""physical_error_rate"":0.5}","{""detection_events"":16870,""detectors_checked"":33712,""obs_mistake_mask=E"":29}"
      1056,         0,         0,    8.60,exact_mw,ca91ffa42463e210e189f165a9a4cbcfd1773a75ca815ff24a9009c31e62d8d0,"{""distance"":7,""physical_error_rate"":0.002}","{""detection_events"":6126,""detectors_checked"":635712}"
         8,         4,         0,   0.624,exact_mw,64e98f39d6e43472d1609d4d4a0f6c9fe4a6bcbdeed2edfe3967a999e171dbce,"{""distance"":7,""physical_error_rate"":0.5}","{""detection_events"":2398,""detectors_checked"":4816,""obs_mistake_mask=E"":4}"
       272,         3,         0,    8.52,exact_mw,2e54b5982e286509c94a8bc96d1d6e54082c27eed948d684125948784bc20414,"{""distance"":7,""physical_error_rate"":0.01}","{""detection_events"":7560,""detectors_checked"":163744,""obs_mistake_mask=E"":3}"
       120,        70,         0,    8.99,exact_mw,7d00f1b687639e6070f8d0dea4f3a829a056f2a9a5be0f7c860aca0937915e3d,"{""distance"":7,""physical_error_rate"":0.2}","{""detection_events"":29476,""detectors_checked"":72240,""obs_mistake_mask=E"":70}"
       120,        51,         0,    6.99,exact_mw,7d00f1b687639e6070f8d0dea4f3a829a056f2a9a5be0f7c860aca0937915e3d,"{""distance"":7,""physical_error_rate"":0.2}","{""detection_events"":29561,""detectors_checked"":72240,""obs_mistake_mask=E"":51}"
        36,        21,         0,    6.22,exact_mw,7d00f1b687639e6070f8d0dea4f3a829a056f2a9a5be0f7c860aca0937915e3d,"{""distance"":7,""physical_error_rate"":0.2}","{""detection_events"":8914,""detectors_checked"":21672,""obs_mistake_mask=E"":21}"
        96,        44,         0,    7.50,exact_mw,7d00f1b687639e6070f8d0dea4f3a829a056f2a9a5be0f7c860aca0937915e3d,"{""distance"":7,""physical_error_rate"":0.2}","{""detection_events"":23552,""detectors_checked"":57792,""obs_mistake_mask=E"":44}"
        32,        19,         0,    2.25,exact_mw,7d00f1b687639e6070f8d0dea4f3a829a056f2a9a5be0f7c860aca0937915e3d,"{""distance"":7,""physical_error_rate"":0.2}","{""detection_events"":8002,""detectors_checked"":19264,""obs_mistake_mask=E"":19}"
       264,         0,         0,    8.46,exact_mw,2e54b5982e286509c94a8bc96d1d6e54082c27eed948d684125948784bc20414,"{""distance"":7,""physical_error_rate"":0.01}","{""detection_events"":7473,""detectors_checked"":158928}"
       288,         3,         0,    8.58,exact_mw,2e54b5982e286509c94a8bc96d1d6e54082c27eed948d684125948784bc20414,"{""distance"":7,""physical_error_rate"":0.01}","{""detection_events"":7987,""detectors_checked"":173376,""obs_mistake_mask=E"":3}"
         8,         2,         0,   0.615,exact_mw,7d00f1b687639e6070f8d0dea4f3a829a056f2a9a5be0f7c860aca0937915e3d,"{""distance"":7,""physical_error_rate"":0.2}","{""detection_events"":1976,""detectors_checked"":4816,""obs_mistake_mask=E"":2}"
      7680,         0,         0,    8.53,exact_mw,7acd59d404317421b37957afea3f5c66f33c9ef46579a47fd7c0ca3dd0dfc735,"{""distance"":7,""physical_error_rate"":0.001}","{""detection_events"":22708,""detectors_checked"":4623360}"
    285696,         0,         0,    11.6,exact_mw,d5491e2f66b0c830b41b0168451c8818c583b15508c9bf9282dc8e7a6cb6bd3f,"{""distance"":7,""physical_error_rate"":0.0001}","{""detection_events"":85275,""detectors_checked"":171988992}"
       168,        58,         0,    8.88,exact_mw,44a30ed6f1c17712a1e48498787ed849716b01ee0859fb371aa1a98cce5f11ec,"{""distance"":7,""physical_error_rate"":0.05}","{""detection_events"":18504,""detectors_checked"":101136,""obs_mistake_mask=E"":58}"
     15360,         0,         0,    12.3,exact_mw,7acd59d404317421b37957afea3f5c66f33c9ef46579a47fd7c0ca3dd0dfc735,"{""distance"":7,""physical_error_rate"":0.001}","{""detection_events"":44973,""detectors_checked"":9246720}"
      2048,         0,         0,    8.66,exact_mw,ca91ffa42463e210e189f165a9a4cbcfd1773a75ca815ff24a9009c31e62d8d0,"{""distance"":7,""physical_error_rate"":0.002}","{""detection_events"":11884,""detectors_checked"":1232896}"
      7680,         0,         0,    8.45,exact_mw,7acd59d404317421b37957afea3f5c66f33c9ef46579a47fd7c0ca3dd0dfc735,"{""distance"":7,""physical_error_rate"":0.001}","{""detection_events"":22660,""detectors_checked"":4623360}"
    913408,         0,         0,    11.7,exact_mw,d5491e2f66b0c830b41b0168451c8818c583b15508c9bf9282dc8e7a6cb6bd3f,"{""distance"":7,""physical_error_rate"":0.0001}","{""detection_events"":271078,""detectors_checked"":549871616}"
    626688,         0,         0,    11.7,exact_mw,d5491e2f66b0c830b41b0168451c8818c583b15508c9bf9282dc8e7a6cb6bd3f,"{""distance"":7,""physical_error_rate"":0.0001}","{""detection_events"":186321,""detectors_checked"":377266176}"
       512,         0,         0,    8.90,exact_mw,0a198d80e37665dd6f23c481ef1c601566b502223b7ce5d7a38dc87c0be91af9,"{""distance"":7,""physical_error_rate"":0.005}","{""detection_events"":7246,""detectors_checked"":308224}"
       264,        71,         0,    12.0,exact_mw,44a30ed6f1c17712a1e48498787ed849716b01ee0859fb371aa1a98cce5f11ec,"{""distance"":7,""physical_error_rate"":0.05}","{""detection_events"":29073,""detectors_checked"":158928,""obs_mistake_mask=E"":71}"
       208,        10,         0,    8.82,exact_mw,1f0c41bfbbc8ec35ff1484b2be036ef48716a49dcf1cc37e155a3f5819690eee,"{""distance"":7,""physical_error_rate"":0.02}","{""detection_events"":10939,""detectors_checked"":125216,""obs_mistake_mask=E"":10}"
        32,        10,         0,    2.02,exact_mw,44a30ed6f1c17712a1e48498787ed849716b01ee0859fb371aa1a98cce5f11ec,"{""distance"":7,""physical_error_rate"":0.05}","{""detection_events"":3625,""detectors_checked"":19264,""obs_mistake_mask=E"":10}"
       224,        67,         0,    10.2,exact_mw,44a30ed6f1c17712a1e48498787ed849716b01ee0859fb371aa1a98cce5f11ec,"{""distance"":7,""physical_error_rate"":0.05}","{""detection_events"":24674,""detectors_checked"":134848,""obs_mistake_mask=E"":67}"
       416,         0,         0,    8.38,exact_mw,0a198d80e37665dd6f23c481ef1c601566b502223b7ce5d7a38dc87c0be91af9,"{""distance"":7,""physical_error_rate"":0.005}","{""detection_events"":5983,""detectors_checked"":250432}"
        64,        17,         0,    9.28,exact_mw,44a30ed6f1c17712a1e48498787ed849716b01ee0859fb371aa1a98cce5f11ec,"{""distance"":7,""physical_error_rate"":0.05}","{""detection_events"":7132,""detectors_checked"":38528,""obs_mistake_mask=E"":17}"
       112,        36,         0,    5.73,exact_mw,44a30ed6f1c17712a1e48498787ed849716b01ee0859fb371aa1a98cce5f11ec,"{""distance"":7,""physical_error_rate"":0.05}","{""detection_events"":12639,""detectors_checked"":67424,""obs_mistake_mask=E"":36}"
    710656,         0,         0,    11.6,exact_mw,f7d5d61828a7d0145c65811496ba49aa9633daaed59c6883f51143c3b878094e,"{""distance"":7,""physical_error_rate"":5e-05}","{""detection_events"":105351,""detectors_checked"":427814912}"
       208,         6,         0,    8.55,exact_mw,1f0c41bfbbc8ec35ff1484b2be036ef48716a49dcf1cc37e155a3f5819690eee,"{""distance"":7,""physical_error_rate"":0.02}","{""detection_events"":11189,""detectors_checked"":125216,""obs_mistake_mask=E"":6}"
       304,         8,         0,    11.7,exact_mw,1f0c41bfbbc8ec35ff1484b2be036ef48716a49dcf1cc37e155a3f5819690eee,"{""distance"":7,""physical_error_rate"":0.02}","{""detection_events"":16051,""detectors_checked"":183008,""obs_mistake_mask=E"":8}"
       208,         9,         0,    8.89,exact_mw,1f0c41bfbbc8ec35ff1484b2be036ef48716a49dcf1cc37e155a3f5819690eee,"{""distance"":7,""physical_error_rate"":0.02}","{""detection_events"":10958,""detectors_checked"":125216,""obs_mistake_mask=E"":9}"
    482304,         0,         0,    11.7,exact_mw,f5ed540d8b33fe7a17a96c57e6e367075413a3677864b79373445f6bf89adea1,"{""distance"":7,""physical_error_rate"":0.0002}","{""detection_events"":286629,""detectors_checked"":290347008}"
    411648,         0,         0,    11.7,exact_mw,f5ed540d8b33fe7a17a96c57e6e367075413a3677864b79373445f6bf89adea1,"{""distance"":7,""physical_error_rate"":0.0002}","{""detection_events"":243845,""detectors_checked"":247812096}"
      2816,         0,         0,    11.8,exact_mw,ca91ffa42463e210e189f165a9a4cbcfd1773a75ca815ff24a9009c31e62d8d0,"{""distance"":7,""physical_error_rate"":0.002}","{""detection_events"":16274,""detectors_checked"":1695232}"
    464896,         0,         0,    11.7,exact_mw,f5ed540d8b33fe7a17a96c57e6e367075413a3677864b79373445f6bf89adea1,"{""distance"":7,""physical_error_rate"":0.0002}","{""detection_events"":275163,""detectors_checked"":279867392}"
     80896,         0,         0,    11.7,exact_mw,c34bb01325b9980f7caca1807bd93e7e28846c82b8c0538af034740e6e7d5106,"{""distance"":7,""physical_error_rate"":0.0005}","{""detection_events"":120830,""detectors_checked"":48699392}"
      9216,         0,         0,    8.69,exact_mw,7acd59d404317421b37957afea3f5c66f33c9ef46579a47fd7c0ca3dd0dfc735,"{""distance"":7,""physical_error_rate"":0.001}","{""detection_events"":26917,""detectors_checked"":5548032}"
    599040,         0,         0,    11.6,exact_mw,f7d5d61828a7d0145c65811496ba49aa9633daaed59c6883f51143c3b878094e,"{""distance"":7,""physical_error_rate"":5e-05}","{""detection_events"":89509,""detectors_checked"":360622080}"
     10240,         1,         0,    8.56,exact_mw,7acd59d404317421b37957afea3f5c66f33c9ef46579a47fd7c0ca3dd0dfc735,"{""distance"":7,""physical_error_rate"":0.001}","{""detection_events"":30217,""detectors_checked"":6164480,""obs_mistake_mask=E"":1}"
    622592,         0,         0,    11.6,exact_mw,f7d5d61828a7d0145c65811496ba49aa9633daaed59c6883f51143c3b878094e,"{""distance"":7,""physical_error_rate"":5e-05}","{""detection_events"":92450,""detectors_checked"":374800384}"
    705536,         0,         0,    11.6,exact_mw,f7d5d61828a7d0145c65811496ba49aa9633daaed59c6883f51143c3b878094e,"{""distance"":7,""physical_error_rate"":5e-05}","{""detection_events"":104218,""detectors_checked"":424732672}"
    672768,         0,         0,    11.6,exact_mw,f7d5d61828a7d0145c65811496ba49aa9633daaed59c6883f51143c3b878094e,"{""distance"":7,""physical_error_rate"":5e-05}","{""detection_events"":101191,""detectors_checked"":405006336}"
     76800,         0,         0,    11.7,exact_mw,c34bb01325b9980f7caca1807bd93e7e28846c82b8c0538af034740e6e7d5106,"{""distance"":7,""physical_error_rate"":0.0005}","{""detection_events"":114590,""detectors_checked"":46233600}"
       704,         0,         0,    12.1,exact_mw,0a198d80e37665dd6f23c481ef1c601566b502223b7ce5d7a38dc87c0be91af9,"{""distance"":7,""physical_error_rate"":0.005}","{""detection_events"":10051,""detectors_checked"":423808}"
    430080,         0,         0,    11.7,exact_mw,f5ed540d8b33fe7a17a96c57e6e367075413a3677864b79373445f6bf89adea1,"{""distance"":7,""physical_error_rate"":0.0002}","{""detection_events"":254713,""detectors_checked"":258908160}"
       304,        15,         0,    12.2,exact_mw,1f0c41bfbbc8ec35ff1484b2be036ef48716a49dcf1cc37e155a3f5819690eee,"{""distance"":7,""physical_error_rate"":0.02}","{""detection_events"":16123,""detectors_checked"":183008,""obs_mistake_mask=E"":15}"
    757760,         0,         0,    11.6,exact_mw,d5491e2f66b0c830b41b0168451c8818c583b15508c9bf9282dc8e7a6cb6bd3f,"{""distance"":7,""physical_error_rate"":0.0001}","{""detection_events"":224228,""detectors_checked"":456171520}"
      1920,         0,         0,    8.72,exact_mw,ca91ffa42463e210e189f165a9a4cbcfd1773a75ca815ff24a9009c31e62d8d0,"{""distance"":7,""physical_error_rate"":0.002}","{""detection_events"":11628,""detectors_checked"":1155840}"
    676864,         0,         0,    11.6,exact_mw,d5491e2f66b0c830b41b0168451c8818c583b15508c9bf9282dc8e7a6cb6bd3f,"{""distance"":7,""physical_error_rate"":0.0001}","{""detection_events"":200359,""detectors_checked"":407472128}"
      2560,         1,         0,    12.0,exact_mw,ca91ffa42463e210e189f165a9a4cbcfd1773a75ca815ff24a9009c31e62d8d0,"{""distance"":7,""physical_error_rate"":0.002}","{""detection_events"":14862,""detectors_checked"":1541120,""obs_mistake_mask=E"":1}"
       640,         0,         0,    11.9,exact_mw,0a198d80e37665dd6f23c481ef1c601566b502223b7ce5d7a38dc87c0be91af9,"{""distance"":7,""physical_error_rate"":0.005}","{""detection_events"":9054,""detectors_checked"":385280}"
       288,         1,         0,    11.8,exact_mw,0a198d80e37665dd6f23c481ef1c601566b502223b7ce5d7a38dc87c0be91af9,"{""distance"":7,""physical_error_rate"":0.005}","{""detection_events"":4267,""detectors_checked"":173376,""obs_mistake_mask=E"":1}"
     63488,         0,         0,    11.8,exact_mw,c34bb01325b9980f7caca1807bd93e7e28846c82b8c0538af034740e6e7d5106,"{""distance"":7,""physical_error_rate"":0.0005}","{""detection_events"":93835,""detectors_checked"":38219776}"
     72704,         1,         0,    11.8,exact_mw,c34bb01325b9980f7caca1807bd93e7e28846c82b8c0538af034740e6e7d5106,"{""distance"":7,""physical_error_rate"":0.0005}","{""detection_events"":107624,""detectors_checked"":43767808,""obs_mistake_mask=E"":1}"
     56320,         0,         0,    11.8,exact_mw,c34bb01325b9980f7caca1807bd93e7e28846c82b8c0538af034740e6e7d5106,"{""distance"":7,""physical_error_rate"":0.0005}","{""detection_events"":82692,""detectors_checked"":33904640}"
       448,         6,         0,    12.2,exact_mw,2e54b5982e286509c94a8bc96d1d6e54082c27eed948d684125948784bc20414,"{""distance"":7,""physical_error_rate"":0.01}","{""detection_events"":12544,""detectors_checked"":269696,""obs_mistake_mask=E"":6}"
      1280,         0,         0,    11.7,exact_mw,ca91ffa42463e210e189f165a9a4cbcfd1773a75ca815ff24a9009c31e62d8d0,"{""distance"":7,""physical_error_rate"":0.002}","{""detection_events"":7321,""detectors_checked"":770560}"
       416,         5,         0,    12.2,exact_mw,2e54b5982e286509c94a8bc96d1d6e54082c27eed948d684125948784bc20414,"{""distance"":7,""physical_error_rate"":0.01}","{""detection_events"":12072,""detectors_checked"":250432,""obs_mistake_mask=E"":5}"
       400,         1,         0,    11.7,exact_mw,2e54b5982e286509c94a8bc96d1d6e54082c27eed948d684125948784bc20414,"{""distance"":7,""physical_error_rate"":0.01}","{""detection_events"":11256,""detectors_checked"":240800,""obs_mistake_mask=E"":1}"
       384,         6,         0,    12.2,exact_mw,2e54b5982e286509c94a8bc96d1d6e54082c27eed948d684125948784bc20414,"{""distance"":7,""physical_error_rate"":0.01}","{""detection_events"":10663,""detectors_checked"":231168,""obs_mistake_mask=E"":6}"
       416,         3,         0,    12.3,exact_mw,2e54b5982e286509c94a8bc96d1d6e54082c27eed948d684125948784bc20414,"{""distance"":7,""physical_error_rate"":0.01}","{""detection_events"":11378,""detectors_checked"":250432,""obs_mistake_mask=E"":3}"
     11776,         0,         0,    12.4,exact_mw,7acd59d404317421b37957afea3f5c66f33c9ef46579a47fd7c0ca3dd0dfc735,"{""distance"":7,""physical_error_rate"":0.001}","{""detection_events"":34739,""detectors_checked"":7089152}"
    675840,         0,         0,    16.3,exact_mw,f5ed540d8b33fe7a17a96c57e6e367075413a3677864b79373445f6bf89adea1,"{""distance"":7,""physical_error_rate"":0.0002}","{""detection_events"":399602,""detectors_checked"":406855680}"
      2304,         0,         0,    12.0,exact_mw,ca91ffa42463e210e189f165a9a4cbcfd1773a75ca815ff24a9009c31e62d8d0,"{""distance"":7,""physical_error_rate"":0.002}","{""detection_events"":13263,""detectors_checked"":1387008}"
     10240,         0,         0,    11.8,exact_mw,7acd59d404317421b37957afea3f5c66f33c9ef46579a47fd7c0ca3dd0dfc735,"{""distance"":7,""physical_error_rate"":0.001}","{""detection_events"":29637,""detectors_checked"":6164480}"
         1,         0,         0,   0.001,exact_mw,f5ed540d8b33fe7a17a96c57e6e367075413a3677864b79373445f6bf89adea1,"{""distance"":7,""physical_error_rate"":0.0002}","{""detectors_checked"":602}"
      1296,         0,         0,   0.033,exact_mw,f5ed540d8b33fe7a17a96c57e6e367075413a3677864b79373445f6bf89adea1,"{""distance"":7,""physical_error_rate"":0.0002}","{""detection_events"":849,""detectors_checked"":780192}"
      1024,         0,         0,   0.037,exact_mw,f5ed540d8b33fe7a17a96c57e6e367075413a3677864b79373445f6bf89adea1,"{""distance"":7,""physical_error_rate"":0.0002}","{""detection_events"":591,""detectors_checked"":616448}"
      2048,         0,         0,   0.032,exact_mw,f5ed540d8b33fe7a17a96c57e6e367075413a3677864b79373445f6bf89adea1,"{""distance"":7,""physical_error_rate"":0.0002}","{""detection_events"":1353,""detectors_checked"":1232896}"
      2048,         0,         0,   0.071,exact_mw,f5ed540d8b33fe7a17a96c57e6e367075413a3677864b79373445f6bf89adea1,"{""distance"":7,""physical_error_rate"":0.0002}","{""detection_events"":1245,""detectors_checked"":1232896}"
      2048,         0,         0,   0.062,exact_mw,f5ed540d8b33fe7a17a96c57e6e367075413a3677864b79373445f6bf89adea1,"{""distance"":7,""physical_error_rate"":0.0002}","{""detection_events"":1131,""detectors_checked"":1232896}"
      3072,         0,         0,   0.082,exact_mw,f5ed540d8b33fe7a17a96c57e6e367075413a3677864b79373445f6bf89adea1,"{""distance"":7,""physical_error_rate"":0.0002}","{""detection_events"":1744,""detectors_checked"":1849344}"
      3072,         0,         0,   0.108,exact_mw,f5ed540d8b33fe7a17a96c57e6e367075413a3677864b79373445f6bf89adea1,"{""distance"":7,""physical_error_rate"":0.0002}","{""detection_events"":1880,""detectors_checked"":1849344}"
      6144,         0,         0,   0.171,exact_mw,f5ed540d8b33fe7a17a96c57e6e367075413a3677864b79373445f6bf89adea1,"{""distance"":7,""physical_error_rate"":0.0002}","{""detection_events"":3515,""detectors_checked"":3698688}"
       240,         7,         0,    11.9,exact_mw,1f0c41bfbbc8ec35ff1484b2be036ef48716a49dcf1cc37e155a3f5819690eee,"{""distance"":7,""physical_error_rate"":0.02}","{""detection_events"":12617,""detectors_checked"":144480,""obs_mistake_mask=E"":7}"
      6144,         0,         0,   0.197,exact_mw,f5ed540d8b33fe7a17a96c57e6e367075413a3677864b79373445f6bf89adea1,"{""distance"":7,""physical_error_rate"":0.0002}","{""detection_events"":3641,""detectors_checked"":3698688}"
      4096,         0,         0,   0.285,exact_mw,f5ed540d8b33fe7a17a96c57e6e367075413a3677864b79373445f6bf89adea1,"{""distance"":7,""physical_error_rate"":0.0002}","{""detection_events"":2452,""detectors_checked"":2465792}"
       512,         0,         0,    12.4,exact_mw,0a198d80e37665dd6f23c481ef1c601566b502223b7ce5d7a38dc87c0be91af9,"{""distance"":7,""physical_error_rate"":0.005}","{""detection_events"":7781,""detectors_checked"":308224}"
       640,         0,         0,    12.1,exact_mw,0a198d80e37665dd6f23c481ef1c601566b502223b7ce5d7a38dc87c0be91af9,"{""distance"":7,""physical_error_rate"":0.005}","{""detection_events"":9200,""detectors_checked"":385280}"
       272,        11,         0,    11.9,exact_mw,1f0c41bfbbc8ec35ff1484b2be036ef48716a49dcf1cc37e155a3f5819690eee,"{""distance"":7,""physical_error_rate"":0.02}","{""detection_events"":14315,""detectors_checked"":163744,""obs_mistake_mask=E"":11}"
      7168,         0,         0,   0.468,exact_mw,f5ed540d8b33fe7a17a96c57e6e367075413a3677864b79373445f6bf89adea1,"{""distance"":7,""physical_error_rate"":0.0002}","{""detection_events"":4376,""detectors_checked"":4315136}"
       272,        16,         0,    12.2,exact_mw,1f0c41bfbbc8ec35ff1484b2be036ef48716a49dcf1cc37e155a3f5819690eee,"{""distance"":7,""physical_error_rate"":0.02}","{""detection_events"":14267,""detectors_checked"":163744,""obs_mistake_mask=E"":16}"
      7168,         0,         0,   0.608,exact_mw,f5ed540d8b33fe7a17a96c57e6e367075413a3677864b79373445f6bf89adea1,"{""distance"":7,""physical_error_rate"":0.0002}","{""detection_events"":4148,""detectors_checked"":4315136}"
        17,         0,         0,   0.001,exact_mw,d5491e2f66b0c830b41b0168451c8818c583b15508c9bf9282dc8e7a6cb6bd3f,"{""distance"":7,""physical_error_rate"":0.0001}","{""detectors_checked"":10234}"
      1280,         0,         0,   0.027,exact_mw,d5491e2f66b0c830b41b0168451c8818c583b15508c9bf9282dc8e7a6cb6bd3f,"{""distance"":7,""physical_error_rate"":0.0001}","{""detection_events"":333,""detectors_checked"":770560}"
      2048,         0,         0,   0.031,exact_mw,d5491e2f66b0c830b41b0168451c8818c583b15508c9bf9282dc8e7a6cb6bd3f,"{""distance"":7,""physical_error_rate"":0.0001}","{""detection_events"":621,""detectors_checked"":1232896}"
      2048,         0,         0,   0.031,exact_mw,d5491e2f66b0c830b41b0168451c8818c583b15508c9bf9282dc8e7a6cb6bd3f,"{""distance"":7,""physical_error_rate"":0.0001}","{""detection_events"":637,""detectors_checked"":1232896}"
      1024,         0,         0,   0.028,exact_mw,d5491e2f66b0c830b41b0168451c8818c583b15508c9bf9282dc8e7a6cb6bd3f,"{""distance"":7,""physical_error_rate"":0.0001}","{""detection_events"":338,""detectors_checked"":616448}"
      3072,         0,         0,   0.055,exact_mw,d5491e2f66b0c830b41b0168451c8818c583b15508c9bf9282dc8e7a6cb6bd3f,"{""distance"":7,""physical_error_rate"":0.0001}","{""detection_events"":903,""detectors_checked"":1849344}"
      5120,         0,         0,   0.087,exact_mw,d5491e2f66b0c830b41b0168451c8818c583b15508c9bf9282dc8e7a6cb6bd3f,"{""distance"":7,""physical_error_rate"":0.0001}","{""detection_events"":1429,""detectors_checked"":3082240}"
      5120,         0,         0,   0.110,exact_mw,d5491e2f66b0c830b41b0168451c8818c583b15508c9bf9282dc8e7a6cb6bd3f,"{""distance"":7,""physical_error_rate"":0.0001}","{""detection_events"":1648,""detectors_checked"":3082240}"
      8192,         0,         0,   0.825,exact_mw,f5ed540d8b33fe7a17a96c57e6e367075413a3677864b79373445f6bf89adea1,"{""distance"":7,""physical_error_rate"":0.0002}","{""detection_events"":4900,""detectors_checked"":4931584}"
      6144,         0,         0,   0.139,exact_mw,d5491e2f66b0c830b41b0168451c8818c583b15508c9bf9282dc8e7a6cb6bd3f,"{""distance"":7,""physical_error_rate"":0.0001}","{""detection_events"":1801,""detectors_checked"":3698688}"
     13312,         1,         0,    11.9,exact_mw,7acd59d404317421b37957afea3f5c66f33c9ef46579a47fd7c0ca3dd0dfc735,"{""distance"":7,""physical_error_rate"":0.001}","{""detection_events"":39424,""detectors_checked"":8013824,""obs_mistake_mask=E"":1}"
    463872,         0,         0,    16.2,exact_mw,d5491e2f66b0c830b41b0168451c8818c583b15508c9bf9282dc8e7a6cb6bd3f,"{""distance"":7,""physical_error_rate"":0.0001}","{""detection_events"":137946,""detectors_checked"":279250944}"
      8192,         0,         0,   0.212,exact_mw,d5491e2f66b0c830b41b0168451c8818c583b15508c9bf9282dc8e7a6cb6bd3f,"{""distance"":7,""physical_error_rate"":0.0001}","{""detection_events"":2414,""detectors_checked"":4931584}"
     12288,         0,         0,    12.1,exact_mw,7acd59d404317421b37957afea3f5c66f33c9ef46579a47fd7c0ca3dd0dfc735,"{""distance"":7,""physical_error_rate"":0.001}","{""detection_events"":36346,""detectors_checked"":7397376}"
     18432,         0,         0,    16.7,exact_mw,7acd59d404317421b37957afea3f5c66f33c9ef46579a47fd7c0ca3dd0dfc735,"{""distance"":7,""physical_error_rate"":0.001}","{""detection_events"":54191,""detectors_checked"":11096064}"
     14336,         0,         0,   0.298,exact_mw,d5491e2f66b0c830b41b0168451c8818c583b15508c9bf9282dc8e7a6cb6bd3f,"{""distance"":7,""physical_error_rate"":0.0001}","{""detection_events"":4486,""detectors_checked"":8630272}"
     19456,         0,         0,   0.386,exact_mw,d5491e2f66b0c830b41b0168451c8818c583b15508c9bf9282dc8e7a6cb6bd3f,"{""distance"":7,""physical_error_rate"":0.0001}","{""detection_events"":5636,""detectors_checked"":11712512}"
     11264,         0,         0,    1.23,exact_mw,f5ed540d8b33fe7a17a96c57e6e367075413a3677864b79373445f6bf89adea1,"{""distance"":7,""physical_error_rate"":0.0002}","{""detection_events"":6778,""detectors_checked"":6780928}"
     25600,         0,         0,   0.567,exact_mw,d5491e2f66b0c830b41b0168451c8818c583b15508c9bf9282dc8e7a6cb6bd3f,"{""distance"":7,""physical_error_rate"":0.0001}","{""detection_events"":7701,""detectors_checked"":15411200}"
   1232896,         0,         0,    16.3,exact_mw,d5491e2f66b0c830b41b0168451c8818c583b15508c9bf9282dc8e7a6cb6bd3f,"{""distance"":7,""physical_error_rate"":0.0001}","{""detection_events"":366620,""detectors_checked"":742203392}"
   1069056,         0,         0,    16.2,exact_mw,d5491e2f66b0c830b41b0168451c8818c583b15508c9bf9282dc8e7a6cb6bd3f,"{""distance"":7,""physical_error_rate"":0.0001}","{""detection_events"":316070,""detectors_checked"":643571712}"
     38912,         0,         0,   0.810,exact_mw,d5491e2f66b0c830b41b0168451c8818c583b15508c9bf9282dc8e7a6cb6bd3f,"{""distance"":7,""physical_error_rate"":0.0001}","{""detection_events"":11273,""detectors_checked"":23425024}"
   1163264,         0,         0,    16.3,exact_mw,f7d5d61828a7d0145c65811496ba49aa9633daaed59c6883f51143c3b878094e,"{""distance"":7,""physical_error_rate"":5e-05}","{""detection_events"":172149,""detectors_checked"":700284928}"
     13312,         0,         0,    1.53,exact_mw,f5ed540d8b33fe7a17a96c57e6e367075413a3677864b79373445f6bf89adea1,"{""distance"":7,""physical_error_rate"":0.0002}","{""detection_events"":7777,""detectors_checked"":8013824}"
      1024,         0,         0,    12.6,exact_mw,ca91ffa42463e210e189f165a9a4cbcfd1773a75ca815ff24a9009c31e62d8d0,"{""distance"":7,""physical_error_rate"":0.002}","{""detection_events"":5894,""detectors_checked"":616448}"
       368,        27,         0,    16.4,exact_mw,1f0c41bfbbc8ec35ff1484b2be036ef48716a49dcf1cc37e155a3f5819690eee,"{""distance"":7,""physical_error_rate"":0.02}","{""detection_events"":19482,""detectors_checked"":221536,""obs_mistake_mask=E"":27}"
    593920,         0,         0,    16.4,exact_mw,f5ed540d8b33fe7a17a96c57e6e367075413a3677864b79373445f6bf89adea1,"{""distance"":7,""physical_error_rate"":0.0002}","{""detection_events"":351441,""detectors_checked"":357539840}"
     60416,         0,         0,    1.11,exact_mw,d5491e2f66b0c830b41b0168451c8818c583b15508c9bf9282dc8e7a6cb6bd3f,"{""distance"":7,""physical_error_rate"":0.0001}","{""detection_events"":17903,""detectors_checked"":36370432}"
    486400,         0,         0,    16.3,exact_mw,f5ed540d8b33fe7a17a96c57e6e367075413a3677864b79373445f6bf89adea1,"{""distance"":7,""physical_error_rate"":0.0002}","{""detection_events"":289347,""detectors_checked"":292812800}"
    464896,         1,         0,    16.3,exact_mw,f5ed540d8b33fe7a17a96c57e6e367075413a3677864b79373445f6bf89adea1,"{""distance"":7,""physical_error_rate"":0.0002}","{""detection_events"":275712,""detectors_checked"":279867392,""obs_mistake_mask=E"":1}"
      3840,         0,         0,    16.5,exact_mw,ca91ffa42463e210e189f165a9a4cbcfd1773a75ca815ff24a9009c31e62d8d0,"{""distance"":7,""physical_error_rate"":0.002}","{""detection_events"":22236,""detectors_checked"":2311680}"
    119808,         0,         0,    16.5,exact_mw,c34bb01325b9980f7caca1807bd93e7e28846c82b8c0538af034740e6e7d5106,"{""distance"":7,""physical_error_rate"":0.0005}","{""detection_events"":177604,""detectors_checked"":72124416}"
    998400,         0,         0,    16.3,exact_mw,f7d5d61828a7d0145c65811496ba49aa9633daaed59c6883f51143c3b878094e,"{""distance"":7,""physical_error_rate"":5e-05}","{""detection_events"":147603,""detectors_checked"":601036800}"
         1,         0,         0,   0.001,exact_mw,c34bb01325b9980f7caca1807bd93e7e28846c82b8c0538af034740e6e7d5106,"{""distance"":7,""physical_error_rate"":0.0005}","{""detectors_checked"":602}"
       272,         0,         0,   0.026,exact_mw,c34bb01325b9980f7caca1807bd93e7e28846c82b8c0538af034740e6e7d5106,"{""distance"":7,""physical_error_rate"":0.0005}","{""detection_events"":380,""detectors_checked"":163744}"
      1024,         0,         0,   0.137,exact_mw,c34bb01325b9980f7caca1807bd93e7e28846c82b8c0538af034740e6e7d5106,"{""distance"":7,""physical_error_rate"":0.0005}","{""detection_events"":1463,""detectors_checked"":616448}"
    658432,         0,         0,    16.3,exact_mw,f7d5d61828a7d0145c65811496ba49aa9633daaed59c6883f51143c3b878094e,"{""distance"":7,""physical_error_rate"":5e-05}","{""detection_events"":98104,""detectors_checked"":396376064}"
     22528,         0,         0,    2.18,exact_mw,f5ed540d8b33fe7a17a96c57e6e367075413a3677864b79373445f6bf89adea1,"{""distance"":7,""physical_error_rate"":0.0002}","{""detection_events"":13215,""detectors_checked"":13561856}"
   1123328,         0,         0,    16.3,exact_mw,f7d5d61828a7d0145c65811496ba49aa9633daaed59c6883f51143c3b878094e,"{""distance"":7,""physical_error_rate"":5e-05}","{""detection_events"":165919,""detectors_checked"":676243456}"
      1024,         0,         0,   0.142,exact_mw,c34bb01325b9980f7caca1807bd93e7e28846c82b8c0538af034740e6e7d5106,"{""distance"":7,""physical_error_rate"":0.0005}","{""detection_events"":1562,""detectors_checked"":616448}"
     60416,         0,         0,    1.61,exact_mw,d5491e2f66b0c830b41b0168451c8818c583b15508c9bf9282dc8e7a6cb6bd3f,"{""distance"":7,""physical_error_rate"":0.0001}","{""detection_events"":18159,""detectors_checked"":36370432}"
      1024,         0,         0,   0.168,exact_mw,c34bb01325b9980f7caca1807bd93e7e28846c82b8c0538af034740e6e7d5106,"{""distance"":7,""physical_error_rate"":0.0005}","{""detection_events"":1423,""detectors_checked"":616448}"
      1024,         0,         0,   0.113,exact_mw,c34bb01325b9980f7caca1807bd93e7e28846c82b8c0538af034740e6e7d5106,"{""distance"":7,""physical_error_rate"":0.0005}","{""detection_events"":1375,""detectors_checked"":616448}"
   1032192,         0,         0,    16.3,exact_mw,f7d5d61828a7d0145c65811496ba49aa9633daaed59c6883f51143c3b878094e,"{""distance"":7,""physical_error_rate"":5e-05}","{""detection_events"":153200,""detectors_checked"":621379584}"
      1024,         0,         0,   0.109,exact_mw,c34bb01325b9980f7caca1807bd93e7e28846c82b8c0538af034740e6e7d5106,"{""distance"":7,""physical_error_rate"":0.0005}","{""detection_events"":1371,""detectors_checked"":616448}"
        17,         0,         0,   0.004,exact_mw,7acd59d404317421b37957afea3f5c66f33c9ef46579a47fd7c0ca3dd0dfc735,"{""distance"":7,""physical_error_rate"":0.001}","{""detection_events"":40,""detectors_checked"":10234}"
      1024,         0,         0,   0.219,exact_mw,c34bb01325b9980f7caca1807bd93e7e28846c82b8c0538af034740e6e7d5106,"{""distance"":7,""physical_error_rate"":0.0005}","{""detection_events"":1518,""detectors_checked"":616448}"
     92160,         0,         0,    16.4,exact_mw,c34bb01325b9980f7caca1807bd93e7e28846c82b8c0538af034740e6e7d5106,"{""distance"":7,""physical_error_rate"":0.0005}","{""detection_events"":136949,""detectors_checked"":55480320}"
       256,         0,         0,   0.352,exact_mw,7acd59d404317421b37957afea3f5c66f33c9ef46579a47fd7c0ca3dd0dfc735,"{""distance"":7,""physical_error_rate"":0.001}","{""detection_events"":752,""detectors_checked"":154112}"
       256,         0,         0,   0.189,exact_mw,7acd59d404317421b37957afea3f5c66f33c9ef46579a47fd7c0ca3dd0dfc735,"{""distance"":7,""physical_error_rate"":0.001}","{""detection_events"":782,""detectors_checked"":154112}"
      2048,         0,         0,   0.363,exact_mw,c34bb01325b9980f7caca1807bd93e7e28846c82b8c0538af034740e6e7d5106,"{""distance"":7,""physical_error_rate"":0.0005}","{""detection_events"":3044,""detectors_checked"":1232896}"
    404480,         0,         0,    16.5,exact_mw,f5ed540d8b33fe7a17a96c57e6e367075413a3677864b79373445f6bf89adea1,"{""distance"":7,""physical_error_rate"":0.0002}","{""detection_events"":239663,""detectors_checked"":243496960}"
      1056,         0,         0,    16.7,exact_mw,0a198d80e37665dd6f23c481ef1c601566b502223b7ce5d7a38dc87c0be91af9,"{""distance"":7,""physical_error_rate"":0.005}","{""detection_events"":15064,""detectors_checked"":635712}"
      2048,         0,         0,   0.272,exact_mw,c34bb01325b9980f7caca1807bd93e7e28846c82b8c0538af034740e6e7d5106,"{""distance"":7,""physical_error_rate"":0.0005}","{""detection_events"":3062,""detectors_checked"":1232896}"
       512,         0,         0,   0.548,exact_mw,7acd59d404317421b37957afea3f5c66f33c9ef46579a47fd7c0ca3dd0dfc735,"{""distance"":7,""physical_error_rate"":0.001}","{""detection_events"":1519,""detectors_checked"":308224}"
   1062912,         0,         0,    16.2,exact_mw,d5491e2f66b0c830b41b0168451c8818c583b15508c9bf9282dc8e7a6cb6bd3f,"{""distance"":7,""physical_error_rate"":0.0001}","{""detection_events"":315387,""detectors_checked"":639873024}"
      2048,         0,         0,   0.300,exact_mw,c34bb01325b9980f7caca1807bd93e7e28846c82b8c0538af034740e6e7d5106,"{""distance"":7,""physical_error_rate"":0.0005}","{""detection_events"":2932,""detectors_checked"":1232896}"
       416,        17,         0,    16.8,exact_mw,1f0c41bfbbc8ec35ff1484b2be036ef48716a49dcf1cc37e155a3f5819690eee,"{""distance"":7,""physical_error_rate"":0.02}","{""detection_events"":21548,""detectors_checked"":250432,""obs_mistake_mask=E"":17}"
      3072,         0,         0,   0.442,exact_mw,c34bb01325b9980f7caca1807bd93e7e28846c82b8c0538af034740e6e7d5106,"{""distance"":7,""physical_error_rate"":0.0005}","{""detection_events"":4384,""detectors_checked"":1849344}"
    881664,         0,         0,    16.2,exact_mw,d5491e2f66b0c830b41b0168451c8818c583b15508c9bf9282dc8e7a6cb6bd3f,"{""distance"":7,""physical_error_rate"":0.0001}","{""detection_events"":260010,""detectors_checked"":530761728}"
       512,         0,         0,   0.592,exact_mw,7acd59d404317421b37957afea3f5c66f33c9ef46579a47fd7c0ca3dd0dfc735,"{""distance"":7,""physical_error_rate"":0.001}","{""detection_events"":1491,""detectors_checked"":308224}"
     34816,         0,         0,    2.24,exact_mw,d5491e2f66b0c830b41b0168451c8818c583b15508c9bf9282dc8e7a6cb6bd3f,"{""distance"":7,""physical_error_rate"":0.0001}","{""detection_events"":10191,""detectors_checked"":20959232}"
      4096,         0,         0,   0.554,exact_mw,c34bb01325b9980f7caca1807bd93e7e28846c82b8c0538af034740e6e7d5106,"{""distance"":7,""physical_error_rate"":0.0005}","{""detection_events"":6142,""detectors_checked"":2465792}"
         1,         0,         0,   0.001,exact_mw,f7d5d61828a7d0145c65811496ba49aa9633daaed59c6883f51143c3b878094e,"{""distance"":7,""physical_error_rate"":5e-05}","{""detectors_checked"":602}"
      1296,         0,         0,   0.027,exact_mw,f7d5d61828a7d0145c65811496ba49aa9633daaed59c6883f51143c3b878094e,"{""distance"":7,""physical_error_rate"":5e-05}","{""detection_events"":178,""detectors_checked"":780192}"
      2048,         0,         0,   0.034,exact_mw,f7d5d61828a7d0145c65811496ba49aa9633daaed59c6883f51143c3b878094e,"{""distance"":7,""physical_error_rate"":5e-05}","{""detection_events"":352,""detectors_checked"":1232896}"
      2048,         0,         0,   0.049,exact_mw,f7d5d61828a7d0145c65811496ba49aa9633daaed59c6883f51143c3b878094e,"{""distance"":7,""physical_error_rate"":5e-05}","{""detection_events"":230,""detectors_checked"":1232896}"
       512,         0,         0,   0.631,exact_mw,7acd59d404317421b37957afea3f5c66f33c9ef46579a47fd7c0ca3dd0dfc735,"{""distance"":7,""physical_error_rate"":0.001}","{""detection_events"":1439,""detectors_checked"":308224}"
      3072,         0,         0,   0.068,exact_mw,f7d5d61828a7d0145c65811496ba49aa9633daaed59c6883f51143c3b878094e,"{""distance"":7,""physical_error_rate"":5e-05}","{""detection_events"":412,""detectors_checked"":1849344}"
      5120,         0,         0,   0.059,exact_mw,f7d5d61828a7d0145c65811496ba49aa9633daaed59c6883f51143c3b878094e,"{""distance"":7,""physical_error_rate"":5e-05}","{""detection_events"":796,""detectors_checked"":3082240}"
      6144,         0,         0,   0.080,exact_mw,f7d5d61828a7d0145c65811496ba49aa9633daaed59c6883f51143c3b878094e,"{""distance"":7,""physical_error_rate"":5e-05}","{""detection_events"":982,""detectors_checked"":3698688}"
     28672,         0,         0,    3.10,exact_mw,f5ed540d8b33fe7a17a96c57e6e367075413a3677864b79373445f6bf89adea1,"{""distance"":7,""physical_error_rate"":0.0002}","{""detection_events"":16913,""detectors_checked"":17260544}"
      8192,         0,         0,   0.108,exact_mw,f7d5d61828a7d0145c65811496ba49aa9633daaed59c6883f51143c3b878094e,"{""distance"":7,""physical_error_rate"":5e-05}","{""detection_events"":1142,""detectors_checked"":4931584}"
      3968,         0,         0,    16.7,exact_mw,ca91ffa42463e210e189f165a9a4cbcfd1773a75ca815ff24a9009c31e62d8d0,"{""distance"":7,""physical_error_rate"":0.002}","{""detection_events"":23231,""detectors_checked"":2388736}"
     11264,         0,         0,   0.152,exact_mw,f7d5d61828a7d0145c65811496ba49aa9633daaed59c6883f51143c3b878094e,"{""distance"":7,""physical_error_rate"":5e-05}","{""detection_events"":1715,""detectors_checked"":6780928}"
     92160,         0,         0,    16.5,exact_mw,c34bb01325b9980f7caca1807bd93e7e28846c82b8c0538af034740e6e7d5106,"{""distance"":7,""physical_error_rate"":0.0005}","{""detection_events"":137218,""detectors_checked"":55480320}"
         1,         0,         0,   0.001,exact_mw,ca91ffa42463e210e189f165a9a4cbcfd1773a75ca815ff24a9009c31e62d8d0,"{""distance"":7,""physical_error_rate"":0.002}","{""detection_events"":17,""detectors_checked"":602}"
       528,         2,         0,    16.6,exact_mw,0a198d80e37665dd6f23c481ef1c601566b502223b7ce5d7a38dc87c0be91af9,"{""distance"":7,""physical_error_rate"":0.005}","{""detection_events"":8096,""detectors_checked"":317856,""obs_mistake_mask=E"":2}"
       896,         5,         0,    16.7,exact_mw,0a198d80e37665dd6f23c481ef1c601566b502223b7ce5d7a38dc87c0be91af9,"{""distance"":7,""physical_error_rate"":0.005}","{""detection_events"":12932,""detectors_checked"":539392,""obs_mistake_mask=E"":5}"
       512,         0,         0,   0.616,exact_mw,7acd59d404317421b37957afea3f5c66f33c9ef46579a47fd7c0ca3dd0dfc735,"{""distance"":7,""physical_error_rate"":0.001}","{""detection_events"":1475,""detectors_checked"":308224}"
        16,         0,         0,   0.082,exact_mw,ca91ffa42463e210e189f165a9a4cbcfd1773a75ca815ff24a9009c31e62d8d0,"{""distance"":7,""physical_error_rate"":0.002}","{""detection_events"":102,""detectors_checked"":9632}"
    105472,         1,         0,    16.5,exact_mw,c34bb01325b9980f7caca1807bd93e7e28846c82b8c0538af034740e6e7d5106,"{""distance"":7,""physical_error_rate"":0.0005}","{""detection_events"":156354,""detectors_checked"":63494144,""obs_mistake_mask=E"":1}"
     14336,         0,         0,   0.211,exact_mw,f7d5d61828a7d0145c65811496ba49aa9633daaed59c6883f51143c3b878094e,"{""distance"":7,""physical_error_rate"":5e-05}","{""detection_events"":2023,""detectors_checked"":8630272}"
      6144,         0,         0,   0.956,exact_mw,c34bb01325b9980f7caca1807bd93e7e28846c82b8c0538af034740e6e7d5106,"{""distance"":7,""physical_error_rate"":0.0005}","{""detection_events"":8820,""detectors_checked"":3698688}"
    102400,         0,         0,    16.5,exact_mw,c34bb01325b9980f7caca1807bd93e7e28846c82b8c0538af034740e6e7d5106,"{""distance"":7,""physical_error_rate"":0.0005}","{""detection_events"":151481,""detectors_checked"":61644800}"
     22528,         0,         0,   0.307,exact_mw,f7d5d61828a7d0145c65811496ba49aa9633daaed59c6883f51143c3b878094e,"{""distance"":7,""physical_error_rate"":5e-05}","{""detection_events"":3202,""detectors_checked"":13561856}"
        64,         0,         0,   0.394,exact_mw,ca91ffa42463e210e189f165a9a4cbcfd1773a75ca815ff24a9009c31e62d8d0,"{""distance"":7,""physical_error_rate"":0.002}","{""detection_events"":371,""detectors_checked"":38528}"
       512,         0,         0,   0.601,exact_mw,7acd59d404317421b37957afea3f5c66f33c9ef46579a47fd7c0ca3dd0dfc735,"{""distance"":7,""physical_error_rate"":0.001}","{""detection_events"":1422,""detectors_checked"":308224}"
       608,         4,         0,    16.5,exact_mw,2e54b5982e286509c94a8bc96d1d6e54082c27eed948d684125948784bc20414,"{""distance"":7,""physical_error_rate"":0.01}","{""detection_events"":17312,""detectors_checked"":366016,""obs_mistake_mask=E"":4}"
        64,         0,         0,   0.217,exact_mw,ca91ffa42463e210e189f165a9a4cbcfd1773a75ca815ff24a9009c31e62d8d0,"{""distance"":7,""physical_error_rate"":0.002}","{""detection_events"":381,""detectors_checked"":38528}"
     29696,         0,         0,   0.405,exact_mw,f7d5d61828a7d0145c65811496ba49aa9633daaed59c6883f51143c3b878094e,"{""distance"":7,""physical_error_rate"":5e-05}","{""detection_events"":4507,""detectors_checked"":17876992}"
      1297,         0,         0,   0.029,exact_mw,f5ed540d8b33fe7a17a96c57e6e367075413a3677864b79373445f6bf89adea1,"{""distance"":7,""physical_error_rate"":0.0002}","{""detection_events"":730,""detectors_checked"":780794}"
      1024,         0,         0,   0.010,exact_mw,f5ed540d8b33fe7a17a96c57e6e367075413a3677864b79373445f6bf89adea1,"{""distance"":7,""physical_error_rate"":0.0002}","{""detection_events"":620,""detectors_checked"":616448}"
      1024,         0,         0,   0.029,exact_mw,f5ed540d8b33fe7a17a96c57e6e367075413a3677864b79373445f6bf89adea1,"{""distance"":7,""physical_error_rate"":0.0002}","{""detection_events"":608,""detectors_checked"":616448}"
      2048,         0,         0,   0.020,exact_mw,f5ed540d8b33fe7a17a96c57e6e367075413a3677864b79373445f6bf89adea1,"{""distance"":7,""physical_error_rate"":0.0002}","{""detection_events"":1290,""detectors_checked"":1232896}"
       128,         0,         0,   0.510,exact_mw,ca91ffa42463e210e189f165a9a4cbcfd1773a75ca815ff24a9009c31e62d8d0,"{""distance"":7,""physical_error_rate"":0.002}","{""detection_events"":774,""detectors_checked"":77056}"
      2048,         0,         0,   0.054,exact_mw,f5ed540d8b33fe7a17a96c57e6e367075413a3677864b79373445f6bf89adea1,"{""distance"":7,""physical_error_rate"":0.0002}","{""detection_events"":1224,""detectors_checked"":1232896}"
       512,         0,         0,   0.613,exact_mw,7acd59d404317421b37957afea3f5c66f33c9ef46579a47fd7c0ca3dd0dfc735,"{""distance"":7,""physical_error_rate"":0.001}","{""detection_events"":1578,""detectors_checked"":308224}"
      3072,         0,         0,   0.073,exact_mw,f5ed540d8b33fe7a17a96c57e6e367075413a3677864b79373445f6bf89adea1,"{""distance"":7,""physical_error_rate"":0.0002}","{""detection_events"":1788,""detectors_checked"":1849344}"
      2048,         0,         0,   0.082,exact_mw,f5ed540d8b33fe7a17a96c57e6e367075413a3677864b79373445f6bf89adea1,"{""distance"":7,""physical_error_rate"":0.0002}","{""detection_events"":1216,""detectors_checked"":1232896}"
     40960,         0,         0,   0.583,exact_mw,f7d5d61828a7d0145c65811496ba49aa9633daaed59c6883f51143c3b878094e,"{""distance"":7,""physical_error_rate"":5e-05}","{""detection_events"":5917,""detectors_checked"":24657920}"
      8192,         0,         0,    1.15,exact_mw,c34bb01325b9980f7caca1807bd93e7e28846c82b8c0538af034740e6e7d5106,"{""distance"":7,""physical_error_rate"":0.0005}","{""detection_events"":11791,""detectors_checked"":4931584}"
      3072,         0,         0,   0.127,exact_mw,f5ed540d8b33fe7a17a96c57e6e367075413a3677864b79373445f6bf89adea1,"{""distance"":7,""physical_error_rate"":0.0002}","{""detection_events"":1743,""detectors_checked"":1849344}"
      7168,         0,         0,   0.157,exact_mw,f5ed540d8b33fe7a17a96c57e6e367075413a3677864b79373445f6bf89adea1,"{""distance"":7,""physical_error_rate"":0.0002}","{""detection_events"":4288,""detectors_checked"":4315136}"
       128,         0,         0,   0.507,exact_mw,ca91ffa42463e210e189f165a9a4cbcfd1773a75ca815ff24a9009c31e62d8d0,"{""distance"":7,""physical_error_rate"":0.002}","{""detection_events"":709,""detectors_checked"":77056}"
      9216,         0,         0,   0.215,exact_mw,f5ed540d8b33fe7a17a96c57e6e367075413a3677864b79373445f6bf89adea1,"{""distance"":7,""physical_error_rate"":0.0002}","{""detection_events"":5490,""detectors_checked"":5548032}"
         1,         0,         0,   0.007,exact_mw,0a198d80e37665dd6f23c481ef1c601566b502223b7ce5d7a38dc87c0be91af9,"{""distance"":7,""physical_error_rate"":0.005}","{""detection_events"":27,""detectors_checked"":602}"
       512,         0,         0,   0.709,exact_mw,7acd59d404317421b37957afea3f5c66f33c9ef46579a47fd7c0ca3dd0dfc735,"{""distance"":7,""physical_error_rate"":0.001}","{""detection_events"":1497,""detectors_checked"":308224}"
     44032,         0,         0,    3.10,exact_mw,d5491e2f66b0c830b41b0168451c8818c583b15508c9bf9282dc8e7a6cb6bd3f,"{""distance"":7,""physical_error_rate"":0.0001}","{""detection_events"":13049,""detectors_checked"":26507264}"
       128,         0,         0,   0.407,exact_mw,ca91ffa42463e210e189f165a9a4cbcfd1773a75ca815ff24a9009c31e62d8d0,"{""distance"":7,""physical_error_rate"":0.002}","{""detection_events"":829,""detectors_checked"":77056}"
       576,         3,         0,    16.5,exact_mw,2e54b5982e286509c94a8bc96d1d6e54082c27eed948d684125948784bc20414,"{""distance"":7,""physical_error_rate"":0.01}","{""detection_events"":15883,""detectors_checked"":346752,""obs_mistake_mask=E"":3}"
     53248,         0,         0,   0.794,exact_mw,f7d5d61828a7d0145c65811496ba49aa9633daaed59c6883f51143c3b878094e,"{""distance"":7,""physical_error_rate"":5e-05}","{""detection_events"":8199,""detectors_checked"":32055296}"
     13312,         0,         0,   0.309,exact_mw,f5ed540d8b33fe7a17a96c57e6e367075413a3677864b79373445f6bf89adea1,"{""distance"":7,""physical_error_rate"":0.0002}","{""detection_events"":7999,""detectors_checked"":8013824}"
        16,         0,         0,   0.348,exact_mw,0a198d80e37665dd6f23c481ef1c601566b502223b7ce5d7a38dc87c0be91af9,"{""distance"":7,""physical_error_rate"":0.005}","{""detection_events"":261,""detectors_checked"":9632}"
        16,         0,         0,   0.242,exact_mw,0a198d80e37665dd6f23c481ef1c601566b502223b7ce5d7a38dc87c0be91af9,"{""distance"":7,""physical_error_rate"":0.005}","{""detection_events"":184,""detectors_checked"":9632}"
       512,         0,         0,   0.513,exact_mw,7acd59d404317421b37957afea3f5c66f33c9ef46579a47fd7c0ca3dd0dfc735,"{""distance"":7,""physical_error_rate"":0.001}","{""detection_events"":1485,""detectors_checked"":308224}"
       496,         3,         0,    16.7,exact_mw,2e54b5982e286509c94a8bc96d1d6e54082c27eed948d684125948784bc20414,"{""distance"":7,""physical_error_rate"":0.01}","{""detection_events"":13880,""detectors_checked"":298592,""obs_mistake_mask=E"":3}"
      1984,         1,         0,    17.2,exact_mw,ca91ffa42463e210e189f165a9a4cbcfd1773a75ca815ff24a9009c31e62d8d0,"{""distance"":7,""physical_error_rate"":0.002}","{""detection_events"":11413,""detectors_checked"":1194368,""obs_mistake_mask=E"":1}"
       128,         0,         0,   0.500,exact_mw,ca91ffa42463e210e189f165a9a4cbcfd1773a75ca815ff24a9009c31e62d8d0,"{""distance"":7,""physical_error_rate"":0.002}","{""detection_events"":706,""detectors_checked"":77056}"
     17408,         0,         0,   0.407,exact_mw,f5ed540d8b33fe7a17a96c57e6e367075413a3677864b79373445f6bf89adea1,"{""distance"":7,""physical_error_rate"":0.0002}","{""detection_events"":10662,""detectors_checked"":10479616}"
     11264,         0,         0,    1.54,exact_mw,c34bb01325b9980f7caca1807bd93e7e28846c82b8c0538af034740e6e7d5106,"{""distance"":7,""physical_error_rate"":0.0005}","{""detection_events"":16621,""detectors_checked"":6780928}"
        32,         0,         0,   0.592,exact_mw,0a198d80e37665dd6f23c481ef1c601566b502223b7ce5d7a38dc87c0be91af9,"{""distance"":7,""physical_error_rate"":0.005}","{""detection_events"":490,""detectors_checked"":19264}"
       128,         0,         0,   0.517,exact_mw,ca91ffa42463e210e189f165a9a4cbcfd1773a75ca815ff24a9009c31e62d8d0,"{""distance"":7,""physical_error_rate"":0.002}","{""detection_events"":886,""detectors_checked"":77056}"
       512,         0,         0,   0.696,exact_mw,7acd59d404317421b37957afea3f5c66f33c9ef46579a47fd7c0ca3dd0dfc735,"{""distance"":7,""physical_error_rate"":0.001}","{""detection_events"":1517,""detectors_checked"":308224}"
     25600,         0,         0,   0.598,exact_mw,f5ed540d8b33fe7a17a96c57e6e367075413a3677864b79373445f6bf89adea1,"{""distance"":7,""physical_error_rate"":0.0002}","{""detection_events"":15266,""detectors_checked"":15411200}"
      1297,         0,         0,   0.010,exact_mw,f7d5d61828a7d0145c65811496ba49aa9633daaed59c6883f51143c3b878094e,"{""distance"":7,""physical_error_rate"":5e-05}","{""detection_events"":264,""detectors_checked"":780794}"
      1024,         0,         0,   0.006,exact_mw,f7d5d61828a7d0145c65811496ba49aa9633daaed59c6883f51143c3b878094e,"{""distance"":7,""physical_error_rate"":5e-05}","{""detection_events"":173,""detectors_checked"":616448}"
      1024,         0,         0,   0.024,exact_mw,f7d5d61828a7d0145c65811496ba49aa9633daaed59c6883f51143c3b878094e,"{""distance"":7,""physical_error_rate"":5e-05}","{""detection_events"":128,""detectors_checked"":616448}"
      2048,         0,         0,   0.031,exact_mw,f7d5d61828a7d0145c65811496ba49aa9633daaed59c6883f51143c3b878094e,"{""distance"":7,""physical_error_rate"":5e-05}","{""detection_events"":281,""detectors_checked"":1232896}"
     86016,         0,         0,    1.11,exact_mw,f7d5d61828a7d0145c65811496ba49aa9633daaed59c6883f51143c3b878094e,"{""distance"":7,""physical_error_rate"":5e-05}","{""detection_events"":13016,""detectors_checked"":51781632}"
      3072,         0,         0,   0.050,exact_mw,f7d5d61828a7d0145c65811496ba49aa9633daaed59c6883f51143c3b878094e,"{""distance"":7,""physical_error_rate"":5e-05}","{""detection_events"":449,""detectors_checked"":1849344}"
      4096,         0,         0,   0.057,exact_mw,f7d5d61828a7d0145c65811496ba49aa9633daaed59c6883f51143c3b878094e,"{""distance"":7,""physical_error_rate"":5e-05}","{""detection_events"":594,""detectors_checked"":2465792}"
      6144,         0,         0,   0.077,exact_mw,f7d5d61828a7d0145c65811496ba49aa9633daaed59c6883f51143c3b878094e,"{""distance"":7,""physical_error_rate"":5e-05}","{""detection_events"":922,""detectors_checked"":3698688}"
       472,         4,         0,    16.6,exact_mw,2e54b5982e286509c94a8bc96d1d6e54082c27eed948d684125948784bc20414,"{""distance"":7,""physical_error_rate"":0.01}","{""detection_events"":13427,""detectors_checked"":284144,""obs_mistake_mask=E"":4}"
      9216,         0,         0,   0.122,exact_mw,f7d5d61828a7d0145c65811496ba49aa9633daaed59c6883f51143c3b878094e,"{""distance"":7,""physical_error_rate"":5e-05}","{""detection_events"":1502,""detectors_checked"":5548032}"
        32,         0,         0,   0.619,exact_mw,0a198d80e37665dd6f23c481ef1c601566b502223b7ce5d7a38dc87c0be91af9,"{""distance"":7,""physical_error_rate"":0.005}","{""detection_events"":467,""detectors_checked"":19264}"
       128,         0,         0,   0.568,exact_mw,ca91ffa42463e210e189f165a9a4cbcfd1773a75ca815ff24a9009c31e62d8d0,"{""distance"":7,""physical_error_rate"":0.002}","{""detection_events"":725,""detectors_checked"":77056}"
      9216,         0,         0,   0.166,exact_mw,f7d5d61828a7d0145c65811496ba49aa9633daaed59c6883f51143c3b878094e,"{""distance"":7,""physical_error_rate"":5e-05}","{""detection_events"":1431,""detectors_checked"":5548032}"
     15360,         0,         0,   0.207,exact_mw,f7d5d61828a7d0145c65811496ba49aa9633daaed59c6883f51143c3b878094e,"{""distance"":7,""physical_error_rate"":5e-05}","{""detection_events"":2229,""detectors_checked"":9246720}"
     34816,         0,         0,   0.798,exact_mw,f5ed540d8b33fe7a17a96c57e6e367075413a3677864b79373445f6bf89adea1,"{""distance"":7,""physical_error_rate"":0.0002}","{""detection_events"":20458,""detectors_checked"":20959232}"
     36864,         0,         0,    4.32,exact_mw,f5ed540d8b33fe7a17a96c57e6e367075413a3677864b79373445f6bf89adea1,"{""distance"":7,""physical_error_rate"":0.0002}","{""detection_events"":21958,""detectors_checked"":22192128}"
       260,         1,         0,    17.1,exact_mw,2e54b5982e286509c94a8bc96d1d6e54082c27eed948d684125948784bc20414,"{""distance"":7,""physical_error_rate"":0.01}","{""detection_events"":7513,""detectors_checked"":156520,""obs_mistake_mask=E"":1}"
        32,         0,         0,   0.553,exact_mw,0a198d80e37665dd6f23c481ef1c601566b502223b7ce5d7a38dc87c0be91af9,"{""distance"":7,""physical_error_rate"":0.005}","{""detection_events"":442,""detectors_checked"":19264}"
       128,         0,         0,   0.557,exact_mw,ca91ffa42463e210e189f165a9a4cbcfd1773a75ca815ff24a9009c31e62d8d0,"{""distance"":7,""physical_error_rate"":0.002}","{""detection_events"":893,""detectors_checked"":77056}"
     21504,         0,         0,   0.288,exact_mw,f7d5d61828a7d0145c65811496ba49aa9633daaed59c6883f51143c3b878094e,"{""distance"":7,""physical_error_rate"":5e-05}","{""detection_events"":3394,""detectors_checked"":12945408}"
      3584,         0,         0,    16.5,exact_mw,ca91ffa42463e210e189f165a9a4cbcfd1773a75ca815ff24a9009c31e62d8d0,"{""distance"":7,""physical_error_rate"":0.002}","{""detection_events"":21207,""detectors_checked"":2157568}"
      1024,         0,         0,    1.38,exact_mw,7acd59d404317421b37957afea3f5c66f33c9ef46579a47fd7c0ca3dd0dfc735,"{""distance"":7,""physical_error_rate"":0.001}","{""detection_events"":3087,""detectors_checked"":616448}"
     29696,         0,         0,   0.396,exact_mw,f7d5d61828a7d0145c65811496ba49aa9633daaed59c6883f51143c3b878094e,"{""distance"":7,""physical_error_rate"":5e-05}","{""detection_events"":4592,""detectors_checked"":17876992}"
       128,         0,         0,   0.466,exact_mw,ca91ffa42463e210e189f165a9a4cbcfd1773a75ca815ff24a9009c31e62d8d0,"{""distance"":7,""physical_error_rate"":0.002}","{""detection_events"":728,""detectors_checked"":77056}"
     19456,         0,         0,    17.1,exact_mw,7acd59d404317421b37957afea3f5c66f33c9ef46579a47fd7c0ca3dd0dfc735,"{""distance"":7,""physical_error_rate"":0.001}","{""detection_events"":57833,""detectors_checked"":11712512}"
         1,         0,         0,   0.042,exact_mw,1f0c41bfbbc8ec35ff1484b2be036ef48716a49dcf1cc37e155a3f5819690eee,"{""distance"":7,""physical_error_rate"":0.02}","{""detection_events"":59,""detectors_checked"":602}"
     18944,         0,         0,    16.7,exact_mw,7acd59d404317421b37957afea3f5c66f33c9ef46579a47fd7c0ca3dd0dfc735,"{""distance"":7,""physical_error_rate"":0.001}","{""detection_events"":55441,""detectors_checked"":11404288}"
        32,         0,         0,   0.609,exact_mw,0a198d80e37665dd6f23c481ef1c601566b502223b7ce5d7a38dc87c0be91af9,"{""distance"":7,""physical_error_rate"":0.005}","{""detection_events"":490,""detectors_checked"":19264}"
    122880,         0,         0,    1.56,exact_mw,f7d5d61828a7d0145c65811496ba49aa9633daaed59c6883f51143c3b878094e,"{""distance"":7,""physical_error_rate"":5e-05}","{""detection_events"":18755,""detectors_checked"":73973760}"
         8,         0,         0,   0.303,exact_mw,1f0c41bfbbc8ec35ff1484b2be036ef48716a49dcf1cc37e155a3f5819690eee,"{""distance"":7,""physical_error_rate"":0.02}","{""detection_events"":456,""detectors_checked"":4816}"
     45056,         0,         0,    1.10,exact_mw,f5ed540d8b33fe7a17a96c57e6e367075413a3677864b79373445f6bf89adea1,"{""distance"":7,""physical_error_rate"":0.0002}","{""detection_events"":27048,""detectors_checked"":27123712}"
     15360,         0,         0,    2.25,exact_mw,c34bb01325b9980f7caca1807bd93e7e28846c82b8c0538af034740e6e7d5106,"{""distance"":7,""physical_error_rate"":0.0005}","{""detection_events"":23067,""detectors_checked"":9246720}"
     40960,         0,         0,   0.553,exact_mw,f7d5d61828a7d0145c65811496ba49aa9633daaed59c6883f51143c3b878094e,"{""distance"":7,""physical_error_rate"":5e-05}","{""detection_events"":5776,""detectors_checked"":24657920}"
         8,         0,         0,   0.277,exact_mw,1f0c41bfbbc8ec35ff1484b2be036ef48716a49dcf1cc37e155a3f5819690eee,"{""distance"":7,""physical_error_rate"":0.02}","{""detection_events"":429,""detectors_checked"":4816}"
        32,         0,         0,   0.581,exact_mw,0a198d80e37665dd6f23c481ef1c601566b502223b7ce5d7a38dc87c0be91af9,"{""distance"":7,""physical_error_rate"":0.005}","{""detection_events"":470,""detectors_checked"":19264}"
         1,         0,         0,   0.023,exact_mw,1f0c41bfbbc8ec35ff1484b2be036ef48716a49dcf1cc37e155a3f5819690eee,"{""distance"":7,""physical_error_rate"":0.02}","{""detection_events"":44,""detectors_checked"":602}"
      1024,         0,         0,    1.16,exact_mw,7acd59d404317421b37957afea3f5c66f33c9ef46579a47fd7c0ca3dd0dfc735,"{""distance"":7,""physical_error_rate"":0.001}","{""detection_events"":3003,""detectors_checked"":616448}"
        32,         0,         0,   0.527,exact_mw,0a198d80e37665dd6f23c481ef1c601566b502223b7ce5d7a38dc87c0be91af9,"{""distance"":7,""physical_error_rate"":0.005}","{""detection_events"":391,""detectors_checked"":19264}"
       256,         0,         0,    1.34,exact_mw,ca91ffa42463e210e189f165a9a4cbcfd1773a75ca815ff24a9009c31e62d8d0,"{""distance"":7,""physical_error_rate"":0.002}","{""detection_events"":1546,""detectors_checked"":154112}"
     59392,         0,         0,   0.790,exact_mw,f7d5d61828a7d0145c65811496ba49aa9633daaed59c6883f51143c3b878094e,"{""distance"":7,""physical_error_rate"":5e-05}","{""detection_events"":8933,""detectors_checked"":35753984}"
        16,         0,         0,   0.774,exact_mw,1f0c41bfbbc8ec35ff1484b2be036ef48716a49dcf1cc37e155a3f5819690eee,"{""distance"":7,""physical_error_rate"":0.02}","{""detection_events"":762,""detectors_checked"":9632}"
        16,         0,         0,   0.807,exact_mw,1f0c41bfbbc8ec35ff1484b2be036ef48716a49dcf1cc37e155a3f5819690eee,"{""distance"":7,""physical_error_rate"":0.02}","{""detection_events"":852,""detectors_checked"":9632}"
       736,         2,         0,    16.5,exact_mw,0a198d80e37665dd6f23c481ef1c601566b502223b7ce5d7a38dc87c0be91af9,"{""distance"":7,""physical_error_rate"":0.005}","{""detection_events"":10521,""detectors_checked"":443072,""obs_mistake_mask=E"":2}"
        32,         0,         0,   0.441,exact_mw,0a198d80e37665dd6f23c481ef1c601566b502223b7ce5d7a38dc87c0be91af9,"{""distance"":7,""physical_error_rate"":0.005}","{""detection_events"":452,""detectors_checked"":19264}"
     54272,         0,         0,    4.28,exact_mw,d5491e2f66b0c830b41b0168451c8818c583b15508c9bf9282dc8e7a6cb6bd3f,"{""distance"":7,""physical_error_rate"":0.0001}","{""detection_events"":16507,""detectors_checked"":32671744}"
       400,        22,         0,    17.3,exact_mw,1f0c41bfbbc8ec35ff1484b2be036ef48716a49dcf1cc37e155a3f5819690eee,"{""distance"":7,""physical_error_rate"":0.02}","{""detection_events"":20581,""detectors_checked"":240800,""obs_mistake_mask=E"":22}"
     66560,         0,         0,    1.55,exact_mw,f5ed540d8b33fe7a17a96c57e6e367075413a3677864b79373445f6bf89adea1,"{""distance"":7,""physical_error_rate"":0.0002}","{""detection_events"":39606,""detectors_checked"":40069120}"
      1056,         2,         0,    17.2,exact_mw,0a198d80e37665dd6f23c481ef1c601566b502223b7ce5d7a38dc87c0be91af9,"{""distance"":7,""physical_error_rate"":0.005}","{""detection_events"":15451,""detectors_checked"":635712,""obs_mistake_mask=E"":2}"
        16,         0,         0,   0.750,exact_mw,1f0c41bfbbc8ec35ff1484b2be036ef48716a49dcf1cc37e155a3f5819690eee,"{""distance"":7,""physical_error_rate"":0.02}","{""detection_events"":837,""detectors_checked"":9632}"
    167936,         0,         0,    2.17,exact_mw,f7d5d61828a7d0145c65811496ba49aa9633daaed59c6883f51143c3b878094e,"{""distance"":7,""physical_error_rate"":5e-05}","{""detection_events"":24983,""detectors_checked"":101097472}"
        16,         0,         0,   0.988,exact_mw,1f0c41bfbbc8ec35ff1484b2be036ef48716a49dcf1cc37e155a3f5819690eee,"{""distance"":7,""physical_error_rate"":0.02}","{""detection_events"":831,""detectors_checked"":9632}"
       400,        15,         0,    17.1,exact_mw,1f0c41bfbbc8ec35ff1484b2be036ef48716a49dcf1cc37e155a3f5819690eee,"{""distance"":7,""physical_error_rate"":0.02}","{""detection_events"":20635,""detectors_checked"":240800,""obs_mistake_mask=E"":15}"
     72704,         0,         0,    1.08,exact_mw,f7d5d61828a7d0145c65811496ba49aa9633daaed59c6883f51143c3b878094e,"{""distance"":7,""physical_error_rate"":5e-05}","{""detection_events"":11061,""detectors_checked"":43767808}"
        32,         0,         0,   0.816,exact_mw,0a198d80e37665dd6f23c481ef1c601566b502223b7ce5d7a38dc87c0be91af9,"{""distance"":7,""physical_error_rate"":0.005}","{""detection_events"":445,""detectors_checked"":19264}"
       256,         0,         0,    1.17,exact_mw,ca91ffa42463e210e189f165a9a4cbcfd1773a75ca815ff24a9009c31e62d8d0,"{""distance"":7,""physical_error_rate"":0.002}","{""detection_events"":1562,""detectors_checked"":154112}"
      2048,         0,         0,    1.63,exact_mw,7acd59d404317421b37957afea3f5c66f33c9ef46579a47fd7c0ca3dd0dfc735,"{""distance"":7,""physical_error_rate"":0.001}","{""detection_events"":5763,""detectors_checked"":1232896}"
       352,        17,         0,    16.7,exact_mw,1f0c41bfbbc8ec35ff1484b2be036ef48716a49dcf1cc37e155a3f5819690eee,"{""distance"":7,""physical_error_rate"":0.02}","{""detection_events"":18727,""detectors_checked"":211904,""obs_mistake_mask=E"":17}"
        16,         1,         0,   0.875,exact_mw,1f0c41bfbbc8ec35ff1484b2be036ef48716a49dcf1cc37e155a3f5819690eee,"{""distance"":7,""physical_error_rate"":0.02}","{""detection_events"":826,""detectors_checked"":9632,""obs_mistake_mask=E"":1}"
        32,         0,         0,   0.735,exact_mw,0a198d80e37665dd6f23c481ef1c601566b502223b7ce5d7a38dc87c0be91af9,"{""distance"":7,""physical_error_rate"":0.005}","{""detection_events"":506,""detectors_checked"":19264}"
        16,         0,         0,   0.928,exact_mw,1f0c41bfbbc8ec35ff1484b2be036ef48716a49dcf1cc37e155a3f5819690eee,"{""distance"":7,""physical_error_rate"":0.02}","{""detection_events"":792,""detectors_checked"":9632}"
     18432,         0,         0,    16.4,exact_mw,7acd59d404317421b37957afea3f5c66f33c9ef46579a47fd7c0ca3dd0dfc735,"{""distance"":7,""physical_error_rate"":0.001}","{""detection_events"":54781,""detectors_checked"":11096064}"
     16384,         0,         0,    3.05,exact_mw,c34bb01325b9980f7caca1807bd93e7e28846c82b8c0538af034740e6e7d5106,"{""distance"":7,""physical_error_rate"":0.0005}","{""detection_events"":24239,""detectors_checked"":9863168}"
       256,         0,         0,    1.24,exact_mw,ca91ffa42463e210e189f165a9a4cbcfd1773a75ca815ff24a9009c31e62d8d0,"{""distance"":7,""physical_error_rate"":0.002}","{""detection_events"":1620,""detectors_checked"":154112}"
     80896,         0,         0,    1.55,exact_mw,f7d5d61828a7d0145c65811496ba49aa9633daaed59c6883f51143c3b878094e,"{""distance"":7,""physical_error_rate"":5e-05}","{""detection_events"":12224,""detectors_checked"":48699392}"
     16384,         0,         0,    16.8,exact_mw,7acd59d404317421b37957afea3f5c66f33c9ef46579a47fd7c0ca3dd0dfc735,"{""distance"":7,""physical_error_rate"":0.001}","{""detection_events"":48858,""detectors_checked"":9863168}"
        16,         2,         0,   0.839,exact_mw,1f0c41bfbbc8ec35ff1484b2be036ef48716a49dcf1cc37e155a3f5819690eee,"{""distance"":7,""physical_error_rate"":0.02}","{""detection_events"":830,""detectors_checked"":9632,""obs_mistake_mask=E"":2}"
     86016,         0,         0,    2.17,exact_mw,f5ed540d8b33fe7a17a96c57e6e367075413a3677864b79373445f6bf89adea1,"{""distance"":7,""physical_error_rate"":0.0002}","{""detection_events"":51237,""detectors_checked"":51781632}"
        16,         0,         0,   0.967,exact_mw,1f0c41bfbbc8ec35ff1484b2be036ef48716a49dcf1cc37e155a3f5819690eee,"{""distance"":7,""physical_error_rate"":0.02}","{""detection_events"":850,""detectors_checked"":9632}"
        32,         0,         0,   0.928,exact_mw,0a198d80e37665dd6f23c481ef1c601566b502223b7ce5d7a38dc87c0be91af9,"{""distance"":7,""physical_error_rate"":0.005}","{""detection_events"":475,""detectors_checked"":19264}"
         1,         0,         0,   0.056,exact_mw,0a198d80e37665dd6f23c481ef1c601566b502223b7ce5d7a38dc87c0be91af9,"{""distance"":7,""physical_error_rate"":0.005}","{""detection_events"":16,""detectors_checked"":602}"
      1536,         0,         0,    1.75,exact_mw,7acd59d404317421b37957afea3f5c66f33c9ef46579a47fd7c0ca3dd0dfc735,"{""distance"":7,""physical_error_rate"":0.001}","{""detection_events"":4325,""detectors_checked"":924672}"
         8,         0,         0,   0.129,exact_mw,0a198d80e37665dd6f23c481ef1c601566b502223b7ce5d7a38dc87c0be91af9,"{""distance"":7,""physical_error_rate"":0.005}","{""detection_events"":72,""detectors_checked"":4816}"
        16,         1,         0,   0.708,exact_mw,1f0c41bfbbc8ec35ff1484b2be036ef48716a49dcf1cc37e155a3f5819690eee,"{""distance"":7,""physical_error_rate"":0.02}","{""detection_events"":768,""detectors_checked"":9632,""obs_mistake_mask=E"":1}"
        16,         1,         0,   0.949,exact_mw,1f0c41bfbbc8ec35ff1484b2be036ef48716a49dcf1cc37e155a3f5819690eee,"{""distance"":7,""physical_error_rate"":0.02}","{""detection_events"":705,""detectors_checked"":9632,""obs_mistake_mask=E"":1}"
        32,         0,         0,   0.733,exact_mw,0a198d80e37665dd6f23c481ef1c601566b502223b7ce5d7a38dc87c0be91af9,"{""distance"":7,""physical_error_rate"":0.005}","{""detection_events"":466,""detectors_checked"":19264}"
    205824,         0,         0,    5.94,exact_mw,f5ed540d8b33fe7a17a96c57e6e367075413a3677864b79373445f6bf89adea1,"{""distance"":7,""physical_error_rate"":0.0002}","{""detection_events"":122535,""detectors_checked"":123906048}"
    197632,         0,         0,    3.04,exact_mw,f7d5d61828a7d0145c65811496ba49aa9633daaed59c6883f51143c3b878094e,"{""distance"":7,""physical_error_rate"":5e-05}","{""detection_events"":29726,""detectors_checked"":118974464}"
        64,         0,         0,    1.49,exact_mw,0a198d80e37665dd6f23c481ef1c601566b502223b7ce5d7a38dc87c0be91af9,"{""distance"":7,""physical_error_rate"":0.005}","{""detection_events"":965,""detectors_checked"":38528}"
        16,         0,         0,   0.943,exact_mw,1f0c41bfbbc8ec35ff1484b2be036ef48716a49dcf1cc37e155a3f5819690eee,"{""distance"":7,""physical_error_rate"":0.02}","{""detection_events"":911,""detectors_checked"":9632}"
       512,         0,         0,    2.15,exact_mw,ca91ffa42463e210e189f165a9a4cbcfd1773a75ca815ff24a9009c31e62d8d0,"{""distance"":7,""physical_error_rate"":0.002}","{""detection_events"":2944,""detectors_checked"":308224}"
        16,         0,         0,   0.927,exact_mw,1f0c41bfbbc8ec35ff1484b2be036ef48716a49dcf1cc37e155a3f5819690eee,"{""distance"":7,""physical_error_rate"":0.02}","{""detection_events"":838,""detectors_checked"":9632}"
   1111040,         0,         0,    22.8,exact_mw,f5ed540d8b33fe7a17a96c57e6e367075413a3677864b79373445f6bf89adea1,"{""distance"":7,""physical_error_rate"":0.0002}","{""detection_events"":657131,""detectors_checked"":668846080}"
        32,         0,         0,   0.865,exact_mw,0a198d80e37665dd6f23c481ef1c601566b502223b7ce5d7a38dc87c0be91af9,"{""distance"":7,""physical_error_rate"":0.005}","{""detection_events"":471,""detectors_checked"":19264}"
    113664,         0,         0,    2.14,exact_mw,f7d5d61828a7d0145c65811496ba49aa9633daaed59c6883f51143c3b878094e,"{""distance"":7,""physical_error_rate"":5e-05}","{""detection_events"":16700,""detectors_checked"":68425728}"
        16,         0,         0,   0.883,exact_mw,1f0c41bfbbc8ec35ff1484b2be036ef48716a49dcf1cc37e155a3f5819690eee,"{""distance"":7,""physical_error_rate"":0.02}","{""detection_events"":818,""detectors_checked"":9632}"
        32,         0,         0,   0.611,exact_mw,0a198d80e37665dd6f23c481ef1c601566b502223b7ce5d7a38dc87c0be91af9,"{""distance"":7,""physical_error_rate"":0.005}","{""detection_events"":420,""detectors_checked"":19264}"
         1,         0,         0,   0.033,exact_mw,2e54b5982e286509c94a8bc96d1d6e54082c27eed948d684125948784bc20414,"{""distance"":7,""physical_error_rate"":0.01}","{""detection_events"":47,""detectors_checked"":602}"
        16,         0,         0,   0.891,exact_mw,1f0c41bfbbc8ec35ff1484b2be036ef48716a49dcf1cc37e155a3f5819690eee,"{""distance"":7,""physical_error_rate"":0.02}","{""detection_events"":874,""detectors_checked"":9632}"
      2048,         0,         0,    2.54,exact_mw,7acd59d404317421b37957afea3f5c66f33c9ef46579a47fd7c0ca3dd0dfc735,"{""distance"":7,""physical_error_rate"":0.001}","{""detection_events"":5887,""detectors_checked"":1232896}"
        64,         0,         0,    1.26,exact_mw,0a198d80e37665dd6f23c481ef1c601566b502223b7ce5d7a38dc87c0be91af9,"{""distance"":7,""physical_error_rate"":0.005}","{""detection_events"":904,""detectors_checked"":38528}"
      1376,         0,         0,    17.2,exact_mw,ca91ffa42463e210e189f165a9a4cbcfd1773a75ca815ff24a9009c31e62d8d0,"{""distance"":7,""physical_error_rate"":0.002}","{""detection_events"":8106,""detectors_checked"":828352}"
     93184,         0,         0,    3.05,exact_mw,f5ed540d8b33fe7a17a96c57e6e367075413a3677864b79373445f6bf89adea1,"{""distance"":7,""physical_error_rate"":0.0002}","{""detection_events"":54846,""detectors_checked"":56096768}"
        16,         0,         0,   0.470,exact_mw,2e54b5982e286509c94a8bc96d1d6e54082c27eed948d684125948784bc20414,"{""distance"":7,""physical_error_rate"":0.01}","{""detection_events"":413,""detectors_checked"":9632}"
        17,         0,         0,   0.028,exact_mw,7acd59d404317421b37957afea3f5c66f33c9ef46579a47fd7c0ca3dd0dfc735,"{""distance"":7,""physical_error_rate"":0.001}","{""detection_events"":39,""detectors_checked"":10234}"
        32,         0,         0,   0.851,exact_mw,0a198d80e37665dd6f23c481ef1c601566b502223b7ce5d7a38dc87c0be91af9,"{""distance"":7,""physical_error_rate"":0.005}","{""detection_events"":486,""detectors_checked"":19264}"
        16,         1,         0,   0.873,exact_mw,1f0c41bfbbc8ec35ff1484b2be036ef48716a49dcf1cc37e155a3f5819690eee,"{""distance"":7,""physical_error_rate"":0.02}","{""detection_events"":760,""detectors_checked"":9632,""obs_mistake_mask=E"":1}"
    280576,         0,         0,    5.93,exact_mw,d5491e2f66b0c830b41b0168451c8818c583b15508c9bf9282dc8e7a6cb6bd3f,"{""distance"":7,""physical_error_rate"":0.0001}","{""detection_events"":84411,""detectors_checked"":168906752}"
        16,         1,         0,   0.794,exact_mw,1f0c41bfbbc8ec35ff1484b2be036ef48716a49dcf1cc37e155a3f5819690eee,"{""distance"":7,""physical_error_rate"":0.02}","{""detection_events"":818,""detectors_checked"":9632,""obs_mistake_mask=E"":1}"
       256,         0,         0,   0.321,exact_mw,7acd59d404317421b37957afea3f5c66f33c9ef46579a47fd7c0ca3dd0dfc735,"{""distance"":7,""physical_error_rate"":0.001}","{""detection_events"":747,""detectors_checked"":154112}"
        16,         0,         0,   0.465,exact_mw,2e54b5982e286509c94a8bc96d1d6e54082c27eed948d684125948784bc20414,"{""distance"":7,""physical_error_rate"":0.01}","{""detection_events"":431,""detectors_checked"":9632}"
         1,         0,         0,   0.032,exact_mw,2e54b5982e286509c94a8bc96d1d6e54082c27eed948d684125948784bc20414,"{""distance"":7,""physical_error_rate"":0.01}","{""detection_events"":26,""detectors_checked"":602}"
       256,         0,         0,   0.217,exact_mw,7acd59d404317421b37957afea3f5c66f33c9ef46579a47fd7c0ca3dd0dfc735,"{""distance"":7,""physical_error_rate"":0.001}","{""detection_events"":709,""detectors_checked"":154112}"
     20480,         0,         0,    4.40,exact_mw,c34bb01325b9980f7caca1807bd93e7e28846c82b8c0538af034740e6e7d5106,"{""distance"":7,""physical_error_rate"":0.0005}","{""detection_events"":30000,""detectors_checked"":12328960}"
        16,         0,         0,   0.416,exact_mw,2e54b5982e286509c94a8bc96d1d6e54082c27eed948d684125948784bc20414,"{""distance"":7,""physical_error_rate"":0.01}","{""detection_events"":509,""detectors_checked"":9632}"
        16,         2,         0,   0.368,exact_mw,2e54b5982e286509c94a8bc96d1d6e54082c27eed948d684125948784bc20414,"{""distance"":7,""physical_error_rate"":0.01}","{""detection_events"":424,""detectors_checked"":9632,""obs_mistake_mask=E"":2}"
       640,         0,         0,    2.46,exact_mw,ca91ffa42463e210e189f165a9a4cbcfd1773a75ca815ff24a9009c31e62d8d0,"{""distance"":7,""physical_error_rate"":0.002}","{""detection_events"":3637,""detectors_checked"":385280}"
        32,         0,         0,   0.822,exact_mw,0a198d80e37665dd6f23c481ef1c601566b502223b7ce5d7a38dc87c0be91af9,"{""distance"":7,""physical_error_rate"":0.005}","{""detection_events"":463,""detectors_checked"":19264}"
        16,         1,         0,   0.840,exact_mw,1f0c41bfbbc8ec35ff1484b2be036ef48716a49dcf1cc37e155a3f5819690eee,"{""distance"":7,""physical_error_rate"":0.02}","{""detection_events"":810,""detectors_checked"":9632,""obs_mistake_mask=E"":1}"
        16,         0,         0,   0.809,exact_mw,1f0c41bfbbc8ec35ff1484b2be036ef48716a49dcf1cc37e155a3f5819690eee,"{""distance"":7,""physical_error_rate"":0.02}","{""detection_events"":841,""detectors_checked"":9632}"
        16,         1,         0,   0.398,exact_mw,2e54b5982e286509c94a8bc96d1d6e54082c27eed948d684125948784bc20414,"{""distance"":7,""physical_error_rate"":0.01}","{""detection_events"":486,""detectors_checked"":9632,""obs_mistake_mask=E"":1}"
        16,         0,         0,   0.287,exact_mw,2e54b5982e286509c94a8bc96d1d6e54082c27eed948d684125948784bc20414,"{""distance"":7,""physical_error_rate"":0.01}","{""detection_events"":407,""detectors_checked"":9632}"
       512,         0,         0,   0.680,exact_mw,7acd59d404317421b37957afea3f5c66f33c9ef46579a47fd7c0ca3dd0dfc735,"{""distance"":7,""physical_error_rate"":0.001}","{""detection_events"":1565,""detectors_checked"":308224}"
       128,         0,         0,    1.79,exact_mw,0a198d80e37665dd6f23c481ef1c601566b502223b7ce5d7a38dc87c0be91af9,"{""distance"":7,""physical_error_rate"":0.005}","{""detection_events"":1786,""detectors_checked"":77056}"
        16,         1,         0,   0.396,exact_mw,2e54b5982e286509c94a8bc96d1d6e54082c27eed948d684125948784bc20414,"{""distance"":7,""physical_error_rate"":0.01}","{""detection_events"":444,""detectors_checked"":9632,""obs_mistake_mask=E"":1}"
       512,         0,         0,   0.529,exact_mw,7acd59d404317421b37957afea3f5c66f33c9ef46579a47fd7c0ca3dd0dfc735,"{""distance"":7,""physical_error_rate"":0.001}","{""detection_events"":1527,""detectors_checked"":308224}"
        32,         0,         0,   0.836,exact_mw,0a198d80e37665dd6f23c481ef1c601566b502223b7ce5d7a38dc87c0be91af9,"{""distance"":7,""physical_error_rate"":0.005}","{""detection_events"":490,""detectors_checked"":19264}"
    159744,         0,         0,    3.05,exact_mw,f7d5d61828a7d0145c65811496ba49aa9633daaed59c6883f51143c3b878094e,"{""distance"":7,""physical_error_rate"":5e-05}","{""detection_events"":23826,""detectors_checked"":96165888}"
        16,         0,         0,   0.932,exact_mw,1f0c41bfbbc8ec35ff1484b2be036ef48716a49dcf1cc37e155a3f5819690eee,"{""distance"":7,""physical_error_rate"":0.02}","{""detection_events"":874,""detectors_checked"":9632}"
        16,         0,         0,   0.411,exact_mw,2e54b5982e286509c94a8bc96d1d6e54082c27eed948d684125948784bc20414,"{""distance"":7,""physical_error_rate"":0.01}","{""detection_events"":401,""detectors_checked"":9632}"
        16,         0,         0,   0.930,exact_mw,1f0c41bfbbc8ec35ff1484b2be036ef48716a49dcf1cc37e155a3f5819690eee,"{""distance"":7,""physical_error_rate"":0.02}","{""detection_events"":815,""detectors_checked"":9632}"
        32,         0,         0,   0.902,exact_mw,2e54b5982e286509c94a8bc96d1d6e54082c27eed948d684125948784bc20414,"{""distance"":7,""physical_error_rate"":0.01}","{""detection_events"":834,""detectors_checked"":19264}"
       512,         0,         0,   0.407,exact_mw,7acd59d404317421b37957afea3f5c66f33c9ef46579a47fd7c0ca3dd0dfc735,"{""distance"":7,""physical_error_rate"":0.001}","{""detection_events"":1175,""detectors_checked"":308224}"
         1,         0,         0,   0.022,exact_mw,ca91ffa42463e210e189f165a9a4cbcfd1773a75ca815ff24a9009c31e62d8d0,"{""distance"":7,""physical_error_rate"":0.002}","{""detection_events"":7,""detectors_checked"":602}"
        16,         0,         0,   0.057,exact_mw,ca91ffa42463e210e189f165a9a4cbcfd1773a75ca815ff24a9009c31e62d8d0,"{""distance"":7,""physical_error_rate"":0.002}","{""detection_events"":104,""detectors_checked"":9632}"
     96256,         0,         0,    4.26,exact_mw,f7d5d61828a7d0145c65811496ba49aa9633daaed59c6883f51143c3b878094e,"{""distance"":7,""physical_error_rate"":5e-05}","{""detection_events"":14167,""detectors_checked"":57946112}"
        16,         0,         0,   0.401,exact_mw,2e54b5982e286509c94a8bc96d1d6e54082c27eed948d684125948784bc20414,"{""distance"":7,""physical_error_rate"":0.01}","{""detection_events"":494,""detectors_checked"":9632}"
         1,         0,         0,   0.001,exact_mw,c34bb01325b9980f7caca1807bd93e7e28846c82b8c0538af034740e6e7d5106,"{""distance"":7,""physical_error_rate"":0.0005}","{""detectors_checked"":602}"
       272,         0,         0,   0.023,exact_mw,c34bb01325b9980f7caca1807bd93e7e28846c82b8c0538af034740e6e7d5106,"{""distance"":7,""physical_error_rate"":0.0005}","{""detection_events"":366,""detectors_checked"":163744}"
    473088,         0,         0,    22.7,exact_mw,d5491e2f66b0c830b41b0168451c8818c583b15508c9bf9282dc8e7a6cb6bd3f,"{""distance"":7,""physical_error_rate"":0.0001}","{""detection_events"":139588,""detectors_checked"":284798976}"
      1024,         0,         0,   0.176,exact_mw,c34bb01325b9980f7caca1807bd93e7e28846c82b8c0538af034740e6e7d5106,"{""distance"":7,""physical_error_rate"":0.0005}","{""detection_events"":1534,""detectors_checked"":616448}"
      1024,         0,         0,   0.113,exact_mw,c34bb01325b9980f7caca1807bd93e7e28846c82b8c0538af034740e6e7d5106,"{""distance"":7,""physical_error_rate"":0.0005}","{""detection_events"":1397,""detectors_checked"":616448}"
        16,         0,         0,   0.320,exact_mw,2e54b5982e286509c94a8bc96d1d6e54082c27eed948d684125948784bc20414,"{""distance"":7,""physical_error_rate"":0.01}","{""detection_events"":457,""detectors_checked"":9632}"
        32,         0,         0,   0.949,exact_mw,0a198d80e37665dd6f23c481ef1c601566b502223b7ce5d7a38dc87c0be91af9,"{""distance"":7,""physical_error_rate"":0.005}","{""detection_events"":547,""detectors_checked"":19264}"
       128,         0,         0,   0.597,exact_mw,ca91ffa42463e210e189f165a9a4cbcfd1773a75ca815ff24a9009c31e62d8d0,"{""distance"":7,""physical_error_rate"":0.002}","{""detection_events"":642,""detectors_checked"":77056}"
       512,         0,         0,   0.698,exact_mw,7acd59d404317421b37957afea3f5c66f33c9ef46579a47fd7c0ca3dd0dfc735,"{""distance"":7,""physical_error_rate"":0.001}","{""detection_events"":1513,""detectors_checked"":308224}"
        16,         1,         0,   0.898,exact_mw,1f0c41bfbbc8ec35ff1484b2be036ef48716a49dcf1cc37e155a3f5819690eee,"{""distance"":7,""physical_error_rate"":0.02}","{""detection_events"":848,""detectors_checked"":9632,""obs_mistake_mask=E"":1}"
        16,         0,         0,   0.859,exact_mw,1f0c41bfbbc8ec35ff1484b2be036ef48716a49dcf1cc37e155a3f5819690eee,"{""distance"":7,""physical_error_rate"":0.02}","{""detection_events"":829,""detectors_checked"":9632}"
        32,         0,         0,   0.859,exact_mw,2e54b5982e286509c94a8bc96d1d6e54082c27eed948d684125948784bc20414,"{""distance"":7,""physical_error_rate"":0.01}","{""detection_events"":870,""detectors_checked"":19264}"
      1024,         0,         0,   0.216,exact_mw,c34bb01325b9980f7caca1807bd93e7e28846c82b8c0538af034740e6e7d5106,"{""distance"":7,""physical_error_rate"":0.0005}","{""detection_events"":1554,""detectors_checked"":616448}"
      3072,         0,         0,    3.56,exact_mw,7acd59d404317421b37957afea3f5c66f33c9ef46579a47fd7c0ca3dd0dfc735,"{""distance"":7,""physical_error_rate"":0.001}","{""detection_events"":8798,""detectors_checked"":1849344}"
      1024,         0,         0,   0.133,exact_mw,c34bb01325b9980f7caca1807bd93e7e28846c82b8c0538af034740e6e7d5106,"{""distance"":7,""physical_error_rate"":0.0005}","{""detection_events"":1448,""detectors_checked"":616448}"
        16,         0,         0,   0.500,exact_mw,2e54b5982e286509c94a8bc96d1d6e54082c27eed948d684125948784bc20414,"{""distance"":7,""physical_error_rate"":0.01}","{""detection_events"":443,""detectors_checked"":9632}"
      1024,         0,         0,   0.163,exact_mw,c34bb01325b9980f7caca1807bd93e7e28846c82b8c0538af034740e6e7d5106,"{""distance"":7,""physical_error_rate"":0.0005}","{""detection_events"":1584,""detectors_checked"":616448}"
     27648,         1,         0,    23.3,exact_mw,7acd59d404317421b37957afea3f5c66f33c9ef46579a47fd7c0ca3dd0dfc735,"{""distance"":7,""physical_error_rate"":0.001}","{""detection_events"":81249,""detectors_checked"":16644096,""obs_mistake_mask=E"":1}"
       512,         0,         0,   0.567,exact_mw,7acd59d404317421b37957afea3f5c66f33c9ef46579a47fd7c0ca3dd0dfc735,"{""distance"":7,""physical_error_rate"":0.001}","{""detection_events"":1373,""detectors_checked"":308224}"
       128,         0,         0,   0.648,exact_mw,ca91ffa42463e210e189f165a9a4cbcfd1773a75ca815ff24a9009c31e62d8d0,"{""distance"":7,""physical_error_rate"":0.002}","{""detection_events"":713,""detectors_checked"":77056}"
        32,         0,         0,   0.701,exact_mw,0a198d80e37665dd6f23c481ef1c601566b502223b7ce5d7a38dc87c0be91af9,"{""distance"":7,""physical_error_rate"":0.005}","{""detection_events"":481,""detectors_checked"":19264}"
      1024,         0,         0,   0.267,exact_mw,c34bb01325b9980f7caca1807bd93e7e28846c82b8c0538af034740e6e7d5106,"{""distance"":7,""physical_error_rate"":0.0005}","{""detection_events"":1692,""detectors_checked"":616448}"
        16,         0,         0,   0.364,exact_mw,2e54b5982e286509c94a8bc96d1d6e54082c27eed948d684125948784bc20414,"{""distance"":7,""physical_error_rate"":0.01}","{""detection_events"":462,""detectors_checked"":9632}"
      1024,         0,         0,   0.161,exact_mw,c34bb01325b9980f7caca1807bd93e7e28846c82b8c0538af034740e6e7d5106,"{""distance"":7,""physical_error_rate"":0.0005}","{""detection_events"":1550,""detectors_checked"":616448}"
        32,         0,         0,   0.810,exact_mw,2e54b5982e286509c94a8bc96d1d6e54082c27eed948d684125948784bc20414,"{""distance"":7,""physical_error_rate"":0.01}","{""detection_events"":835,""detectors_checked"":19264}"
        16,         1,         0,   0.887,exact_mw,1f0c41bfbbc8ec35ff1484b2be036ef48716a49dcf1cc37e155a3f5819690eee,"{""distance"":7,""physical_error_rate"":0.02}","{""detection_events"":908,""detectors_checked"":9632,""obs_mistake_mask=E"":1}"
      1024,         0,         0,   0.248,exact_mw,c34bb01325b9980f7caca1807bd93e7e28846c82b8c0538af034740e6e7d5106,"{""distance"":7,""physical_error_rate"":0.0005}","{""detection_events"":1627,""detectors_checked"":616448}"
       160,         1,         0,    2.59,exact_mw,0a198d80e37665dd6f23c481ef1c601566b502223b7ce5d7a38dc87c0be91af9,"{""distance"":7,""physical_error_rate"":0.005}","{""detection_events"":2466,""detectors_checked"":96320,""obs_mistake_mask=E"":1}"
       128,         0,         0,   0.555,exact_mw,ca91ffa42463e210e189f165a9a4cbcfd1773a75ca815ff24a9009c31e62d8d0,"{""distance"":7,""physical_error_rate"":0.002}","{""detection_events"":730,""detectors_checked"":77056}"
       512,         0,         0,   0.609,exact_mw,7acd59d404317421b37957afea3f5c66f33c9ef46579a47fd7c0ca3dd0dfc735,"{""distance"":7,""physical_error_rate"":0.001}","{""detection_events"":1494,""detectors_checked"":308224}"
        16,         0,         0,   0.452,exact_mw,2e54b5982e286509c94a8bc96d1d6e54082c27eed948d684125948784bc20414,"{""distance"":7,""physical_error_rate"":0.01}","{""detection_events"":453,""detectors_checked"":9632}"
    177152,         0,         0,    4.25,exact_mw,f5ed540d8b33fe7a17a96c57e6e367075413a3677864b79373445f6bf89adea1,"{""distance"":7,""physical_error_rate"":0.0002}","{""detection_events"":105696,""detectors_checked"":106645504}"
        32,         0,         0,   0.588,exact_mw,0a198d80e37665dd6f23c481ef1c601566b502223b7ce5d7a38dc87c0be91af9,"{""distance"":7,""physical_error_rate"":0.005}","{""detection_events"":401,""detectors_checked"":19264}"
       768,         0,         0,    3.18,exact_mw,ca91ffa42463e210e189f165a9a4cbcfd1773a75ca815ff24a9009c31e62d8d0,"{""distance"":7,""physical_error_rate"":0.002}","{""detection_events"":4624,""detectors_checked"":462336}"
   1830912,         0,         0,    22.8,exact_mw,d5491e2f66b0c830b41b0168451c8818c583b15508c9bf9282dc8e7a6cb6bd3f,"{""distance"":7,""physical_error_rate"":0.0001}","{""detection_events"":542604,""detectors_checked"":1102209024}"
    952320,         0,         0,    22.8,exact_mw,d5491e2f66b0c830b41b0168451c8818c583b15508c9bf9282dc8e7a6cb6bd3f,"{""distance"":7,""physical_error_rate"":0.0001}","{""detection_events"":282934,""detectors_checked"":573296640}"
         1,         0,         0,   0.070,exact_mw,2e54b5982e286509c94a8bc96d1d6e54082c27eed948d684125948784bc20414,"{""distance"":7,""physical_error_rate"":0.01}","{""detection_events"":41,""detectors_checked"":602}"
      2048,         0,         0,   0.572,exact_mw,c34bb01325b9980f7caca1807bd93e7e28846c82b8c0538af034740e6e7d5106,"{""distance"":7,""physical_error_rate"":0.0005}","{""detection_events"":3079,""detectors_checked"":1232896}"
        32,         0,         0,   0.803,exact_mw,2e54b5982e286509c94a8bc96d1d6e54082c27eed948d684125948784bc20414,"{""distance"":7,""physical_error_rate"":0.01}","{""detection_events"":834,""detectors_checked"":19264}"
       512,         0,         0,   0.552,exact_mw,7acd59d404317421b37957afea3f5c66f33c9ef46579a47fd7c0ca3dd0dfc735,"{""distance"":7,""physical_error_rate"":0.001}","{""detection_events"":1354,""detectors_checked"":308224}"
        32,         0,         0,    1.81,exact_mw,1f0c41bfbbc8ec35ff1484b2be036ef48716a49dcf1cc37e155a3f5819690eee,"{""distance"":7,""physical_error_rate"":0.02}","{""detection_events"":1671,""detectors_checked"":19264}"
       128,         0,         0,   0.695,exact_mw,ca91ffa42463e210e189f165a9a4cbcfd1773a75ca815ff24a9009c31e62d8d0,"{""distance"":7,""physical_error_rate"":0.002}","{""detection_events"":767,""detectors_checked"":77056}"
        16,         0,         0,   0.704,exact_mw,2e54b5982e286509c94a8bc96d1d6e54082c27eed948d684125948784bc20414,"{""distance"":7,""physical_error_rate"":0.01}","{""detection_events"":492,""detectors_checked"":9632}"
        32,         0,         0,   0.844,exact_mw,0a198d80e37665dd6f23c481ef1c601566b502223b7ce5d7a38dc87c0be91af9,"{""distance"":7,""physical_error_rate"":0.005}","{""detection_events"":434,""detectors_checked"":19264}"
      2048,         0,         0,   0.470,exact_mw,c34bb01325b9980f7caca1807bd93e7e28846c82b8c0538af034740e6e7d5106,"{""distance"":7,""physical_error_rate"":0.0005}","{""detection_events"":3283,""detectors_checked"":1232896}"
         8,         0,         0,   0.609,exact_mw,2e54b5982e286509c94a8bc96d1d6e54082c27eed948d684125948784bc20414,"{""distance"":7,""physical_error_rate"":0.01}","{""detection_events"":185,""detectors_checked"":4816}"
        32,         0,         0,    1.33,exact_mw,1f0c41bfbbc8ec35ff1484b2be036ef48716a49dcf1cc37e155a3f5819690eee,"{""distance"":7,""physical_error_rate"":0.02}","{""detection_events"":1614,""detectors_checked"":19264}"
       512,         0,         0,   0.582,exact_mw,7acd59d404317421b37957afea3f5c66f33c9ef46579a47fd7c0ca3dd0dfc735,"{""distance"":7,""physical_error_rate"":0.001}","{""detection_events"":1395,""detectors_checked"":308224}"
   1248256,         0,         0,    22.6,exact_mw,f7d5d61828a7d0145c65811496ba49aa9633daaed59c6883f51143c3b878094e,"{""distance"":7,""physical_error_rate"":5e-05}","{""detection_events"":183455,""detectors_checked"":751450112}"
         8,         0,         0,   0.240,exact_mw,2e54b5982e286509c94a8bc96d1d6e54082c27eed948d684125948784bc20414,"{""distance"":7,""physical_error_rate"":0.01}","{""detection_events"":239,""detectors_checked"":4816}"
       128,         0,         0,   0.723,exact_mw,ca91ffa42463e210e189f165a9a4cbcfd1773a75ca815ff24a9009c31e62d8d0,"{""distance"":7,""physical_error_rate"":0.002}","{""detection_events"":745,""detectors_checked"":77056}"
        32,         0,         0,   0.574,exact_mw,0a198d80e37665dd6f23c481ef1c601566b502223b7ce5d7a38dc87c0be91af9,"{""distance"":7,""physical_error_rate"":0.005}","{""detection_events"":503,""detectors_checked"":19264}"
      2048,         0,         0,   0.582,exact_mw,c34bb01325b9980f7caca1807bd93e7e28846c82b8c0538af034740e6e7d5106,"{""distance"":7,""physical_error_rate"":0.0005}","{""detection_events"":2895,""detectors_checked"":1232896}"
        32,         0,         0,    1.07,exact_mw,2e54b5982e286509c94a8bc96d1d6e54082c27eed948d684125948784bc20414,"{""distance"":7,""physical_error_rate"":0.01}","{""detection_events"":886,""detectors_checked"":19264}"
       512,         0,         0,   0.612,exact_mw,7acd59d404317421b37957afea3f5c66f33c9ef46579a47fd7c0ca3dd0dfc735,"{""distance"":7,""physical_error_rate"":0.001}","{""detection_events"":1632,""detectors_checked"":308224}"
        16,         1,         0,   0.447,exact_mw,2e54b5982e286509c94a8bc96d1d6e54082c27eed948d684125948784bc20414,"{""distance"":7,""physical_error_rate"":0.01}","{""detection_events"":409,""detectors_checked"":9632,""obs_mistake_mask=E"":1}"
        32,         0,         0,    1.03,exact_mw,2e54b5982e286509c94a8bc96d1d6e54082c27eed948d684125948784bc20414,"{""distance"":7,""physical_error_rate"":0.01}","{""detection_events"":875,""detectors_checked"":19264}"
    994304,         1,         0,    22.8,exact_mw,f5ed540d8b33fe7a17a96c57e6e367075413a3677864b79373445f6bf89adea1,"{""distance"":7,""physical_error_rate"":0.0002}","{""detection_events"":591883,""detectors_checked"":598571008,""obs_mistake_mask=E"":1}"
       544,        25,         0,    23.2,exact_mw,1f0c41bfbbc8ec35ff1484b2be036ef48716a49dcf1cc37e155a3f5819690eee,"{""distance"":7,""physical_error_rate"":0.02}","{""detection_events"":28151,""detectors_checked"":327488,""obs_mistake_mask=E"":25}"
       128,         0,         0,   0.669,exact_mw,ca91ffa42463e210e189f165a9a4cbcfd1773a75ca815ff24a9009c31e62d8d0,"{""distance"":7,""physical_error_rate"":0.002}","{""detection_events"":697,""detectors_checked"":77056}"
    249856,         0,         0,    4.25,exact_mw,f7d5d61828a7d0145c65811496ba49aa9633daaed59c6883f51143c3b878094e,"{""distance"":7,""physical_error_rate"":5e-05}","{""detection_events"":37178,""detectors_checked"":150413312}"
        16,         0,         0,   0.424,exact_mw,2e54b5982e286509c94a8bc96d1d6e54082c27eed948d684125948784bc20414,"{""distance"":7,""physical_error_rate"":0.01}","{""detection_events"":482,""detectors_checked"":9632}"
    304128,         1,         0,    8.34,exact_mw,f5ed540d8b33fe7a17a96c57e6e367075413a3677864b79373445f6bf89adea1,"{""distance"":7,""physical_error_rate"":0.0002}","{""detection_events"":179619,""detectors_checked"":183085056,""obs_mistake_mask=E"":1}"
    941056,         0,         0,    22.8,exact_mw,f5ed540d8b33fe7a17a96c57e6e367075413a3677864b79373445f6bf89adea1,"{""distance"":7,""physical_error_rate"":0.0002}","{""detection_events"":558697,""detectors_checked"":566515712}"
      5120,         0,         0,   0.841,exact_mw,c34bb01325b9980f7caca1807bd93e7e28846c82b8c0538af034740e6e7d5106,"{""distance"":7,""physical_error_rate"":0.0005}","{""detection_events"":7399,""detectors_checked"":3082240}"
       512,         0,         0,   0.645,exact_mw,7acd59d404317421b37957afea3f5c66f33c9ef46579a47fd7c0ca3dd0dfc735,"{""distance"":7,""physical_error_rate"":0.001}","{""detection_events"":1429,""detectors_checked"":308224}"
        32,         0,         0,    1.33,exact_mw,1f0c41bfbbc8ec35ff1484b2be036ef48716a49dcf1cc37e155a3f5819690eee,"{""distance"":7,""physical_error_rate"":0.02}","{""detection_events"":1684,""detectors_checked"":19264}"
    648192,         0,         0,    22.8,exact_mw,f5ed540d8b33fe7a17a96c57e6e367075413a3677864b79373445f6bf89adea1,"{""distance"":7,""physical_error_rate"":0.0002}","{""detection_events"":383827,""detectors_checked"":390211584}"
        32,         1,         0,    1.82,exact_mw,1f0c41bfbbc8ec35ff1484b2be036ef48716a49dcf1cc37e155a3f5819690eee,"{""distance"":7,""physical_error_rate"":0.02}","{""detection_events"":1583,""detectors_checked"":19264,""obs_mistake_mask=E"":1}"
     25600,         0,         0,    5.96,exact_mw,c34bb01325b9980f7caca1807bd93e7e28846c82b8c0538af034740e6e7d5106,"{""distance"":7,""physical_error_rate"":0.0005}","{""detection_events"":37857,""detectors_checked"":15411200}"
    157696,         1,         0,    23.1,exact_mw,c34bb01325b9980f7caca1807bd93e7e28846c82b8c0538af034740e6e7d5106,"{""distance"":7,""physical_error_rate"":0.0005}","{""detection_events"":232627,""detectors_checked"":94932992,""obs_mistake_mask=E"":1}"
        32,         0,         0,    1.14,exact_mw,2e54b5982e286509c94a8bc96d1d6e54082c27eed948d684125948784bc20414,"{""distance"":7,""physical_error_rate"":0.01}","{""detection_events"":918,""detectors_checked"":19264}"
        64,         0,         0,    1.26,exact_mw,0a198d80e37665dd6f23c481ef1c601566b502223b7ce5d7a38dc87c0be91af9,"{""distance"":7,""physical_error_rate"":0.005}","{""detection_events"":818,""detectors_checked"":38528}"
        16,         1,         0,   0.609,exact_mw,2e54b5982e286509c94a8bc96d1d6e54082c27eed948d684125948784bc20414,"{""distance"":7,""physical_error_rate"":0.01}","{""detection_events"":470,""detectors_checked"":9632,""obs_mistake_mask=E"":1}"
        17,         0,         0,   0.001,exact_mw,d5491e2f66b0c830b41b0168451c8818c583b15508c9bf9282dc8e7a6cb6bd3f,"{""distance"":7,""physical_error_rate"":0.0001}","{""detection_events"":2,""detectors_checked"":10234}"
      1280,         0,         0,   0.029,exact_mw,d5491e2f66b0c830b41b0168451c8818c583b15508c9bf9282dc8e7a6cb6bd3f,"{""distance"":7,""physical_error_rate"":0.0001}","{""detection_events"":384,""detectors_checked"":770560}"
      2048,         0,         0,   0.031,exact_mw,d5491e2f66b0c830b41b0168451c8818c583b15508c9bf9282dc8e7a6cb6bd3f,"{""distance"":7,""physical_error_rate"":0.0001}","{""detection_events"":571,""detectors_checked"":1232896}"
      5248,         2,         0,    23.4,exact_mw,ca91ffa42463e210e189f165a9a4cbcfd1773a75ca815ff24a9009c31e62d8d0,"{""distance"":7,""physical_error_rate"":0.002}","{""detection_events"":31115,""detectors_checked"":3159296,""obs_mistake_mask=E"":2}"
       128,         0,         0,   0.872,exact_mw,ca91ffa42463e210e189f165a9a4cbcfd1773a75ca815ff24a9009c31e62d8d0,"{""distance"":7,""physical_error_rate"":0.002}","{""detection_events"":763,""detectors_checked"":77056}"
      2048,         0,         0,   0.031,exact_mw,d5491e2f66b0c830b41b0168451c8818c583b15508c9bf9282dc8e7a6cb6bd3f,"{""distance"":7,""physical_error_rate"":0.0001}","{""detection_events"":572,""detectors_checked"":1232896}"
   1382400,         0,         0,    22.8,exact_mw,f7d5d61828a7d0145c65811496ba49aa9633daaed59c6883f51143c3b878094e,"{""distance"":7,""physical_error_rate"":5e-05}","{""detection_events"":204024,""detectors_checked"":832204800}"
      2048,         0,         0,   0.057,exact_mw,d5491e2f66b0c830b41b0168451c8818c583b15508c9bf9282dc8e7a6cb6bd3f,"{""distance"":7,""physical_error_rate"":0.0001}","{""detection_events"":654,""detectors_checked"":1232896}"
      3072,         0,         0,   0.073,exact_mw,d5491e2f66b0c830b41b0168451c8818c583b15508c9bf9282dc8e7a6cb6bd3f,"{""distance"":7,""physical_error_rate"":0.0001}","{""detection_events"":937,""detectors_checked"":1849344}"
        48,         0,         0,    1.33,exact_mw,2e54b5982e286509c94a8bc96d1d6e54082c27eed948d684125948784bc20414,"{""distance"":7,""physical_error_rate"":0.01}","{""detection_events"":1206,""detectors_checked"":28896}"
      5120,         0,         0,   0.086,exact_mw,d5491e2f66b0c830b41b0168451c8818c583b15508c9bf9282dc8e7a6cb6bd3f,"{""distance"":7,""physical_error_rate"":0.0001}","{""detection_events"":1658,""detectors_checked"":3082240}"
       160,         0,         0,    3.27,exact_mw,0a198d80e37665dd6f23c481ef1c601566b502223b7ce5d7a38dc87c0be91af9,"{""distance"":7,""physical_error_rate"":0.005}","{""detection_events"":2270,""detectors_checked"":96320}"
      6144,         0,         0,   0.111,exact_mw,d5491e2f66b0c830b41b0168451c8818c583b15508c9bf9282dc8e7a6cb6bd3f,"{""distance"":7,""physical_error_rate"":0.0001}","{""detection_events"":1892,""detectors_checked"":3698688}"
   1219584,         0,         0,    22.8,exact_mw,f7d5d61828a7d0145c65811496ba49aa9633daaed59c6883f51143c3b878094e,"{""distance"":7,""physical_error_rate"":5e-05}","{""detection_events"":180781,""detectors_checked"":734189568}"
        16,         1,         0,   0.609,exact_mw,2e54b5982e286509c94a8bc96d1d6e54082c27eed948d684125948784bc20414,"{""distance"":7,""physical_error_rate"":0.01}","{""detection_events"":476,""detectors_checked"":9632,""obs_mistake_mask=E"":1}"
     11264,         0,         0,   0.151,exact_mw,d5491e2f66b0c830b41b0168451c8818c583b15508c9bf9282dc8e7a6cb6bd3f,"{""distance"":7,""physical_error_rate"":0.0001}","{""detection_events"":3292,""detectors_checked"":6780928}"
   1180672,         0,         0,    22.9,exact_mw,f7d5d61828a7d0145c65811496ba49aa9633daaed59c6883f51143c3b878094e,"{""distance"":7,""physical_error_rate"":5e-05}","{""detection_events"":176365,""detectors_checked"":710764544}"
      6144,         0,         0,    1.13,exact_mw,c34bb01325b9980f7caca1807bd93e7e28846c82b8c0538af034740e6e7d5106,"{""distance"":7,""physical_error_rate"":0.0005}","{""detection_events"":8958,""detectors_checked"":3698688}"
       128,         1,         0,   0.656,exact_mw,ca91ffa42463e210e189f165a9a4cbcfd1773a75ca815ff24a9009c31e62d8d0,"{""distance"":7,""physical_error_rate"":0.002}","{""detection_events"":787,""detectors_checked"":77056,""obs_mistake_mask=E"":1}"
      1024,         0,         0,    1.23,exact_mw,7acd59d404317421b37957afea3f5c66f33c9ef46579a47fd7c0ca3dd0dfc735,"{""distance"":7,""physical_error_rate"":0.001}","{""detection_events"":2895,""detectors_checked"":616448}"
     17408,         0,         0,   0.213,exact_mw,d5491e2f66b0c830b41b0168451c8818c583b15508c9bf9282dc8e7a6cb6bd3f,"{""distance"":7,""physical_error_rate"":0.0001}","{""detection_events"":4919,""detectors_checked"":10479616}"
      5632,         0,         0,    4.67,exact_mw,7acd59d404317421b37957afea3f5c66f33c9ef46579a47fd7c0ca3dd0dfc735,"{""distance"":7,""physical_error_rate"":0.001}","{""detection_events"":16612,""detectors_checked"":3390464}"
   1641472,         0,         0,    22.7,exact_mw,f7d5d61828a7d0145c65811496ba49aa9633daaed59c6883f51143c3b878094e,"{""distance"":7,""physical_error_rate"":5e-05}","{""detection_events"":243544,""detectors_checked"":988166144}"
        16,         0,         0,   0.460,exact_mw,2e54b5982e286509c94a8bc96d1d6e54082c27eed948d684125948784bc20414,"{""distance"":7,""physical_error_rate"":0.01}","{""detection_events"":460,""detectors_checked"":9632}"
     19456,         0,         0,   0.289,exact_mw,d5491e2f66b0c830b41b0168451c8818c583b15508c9bf9282dc8e7a6cb6bd3f,"{""distance"":7,""physical_error_rate"":0.0001}","{""detection_events"":5644,""detectors_checked"":11712512}"
        32,         3,         0,    1.69,exact_mw,1f0c41bfbbc8ec35ff1484b2be036ef48716a49dcf1cc37e155a3f5819690eee,"{""distance"":7,""physical_error_rate"":0.02}","{""detection_events"":1569,""detectors_checked"":19264,""obs_mistake_mask=E"":3}"
       128,         0,         0,   0.594,exact_mw,ca91ffa42463e210e189f165a9a4cbcfd1773a75ca815ff24a9009c31e62d8d0,"{""distance"":7,""physical_error_rate"":0.002}","{""detection_events"":701,""detectors_checked"":77056}"
    174080,         0,         0,    5.94,exact_mw,f7d5d61828a7d0145c65811496ba49aa9633daaed59c6883f51143c3b878094e,"{""distance"":7,""physical_error_rate"":5e-05}","{""detection_events"":26293,""detectors_checked"":104796160}"
        64,         0,         0,    1.52,exact_mw,0a198d80e37665dd6f23c481ef1c601566b502223b7ce5d7a38dc87c0be91af9,"{""distance"":7,""physical_error_rate"":0.005}","{""detection_events"":978,""detectors_checked"":38528}"
    144384,         0,         0,    23.0,exact_mw,c34bb01325b9980f7caca1807bd93e7e28846c82b8c0538af034740e6e7d5106,"{""distance"":7,""physical_error_rate"":0.0005}","{""detection_events"":214847,""detectors_checked"":86919168}"
     28672,         0,         0,   0.419,exact_mw,d5491e2f66b0c830b41b0168451c8818c583b15508c9bf9282dc8e7a6cb6bd3f,"{""distance"":7,""physical_error_rate"":0.0001}","{""detection_events"":8470,""detectors_checked"":17260544}"
        16,         0,         0,   0.520,exact_mw,2e54b5982e286509c94a8bc96d1d6e54082c27eed948d684125948784bc20414,"{""distance"":7,""physical_error_rate"":0.01}","{""detection_events"":433,""detectors_checked"":9632}"
    499712,         0,         0,    22.8,exact_mw,f5ed540d8b33fe7a17a96c57e6e367075413a3677864b79373445f6bf89adea1,"{""distance"":7,""physical_error_rate"":0.0002}","{""detection_events"":294988,""detectors_checked"":300826624}"
    399360,         0,         0,    8.30,exact_mw,d5491e2f66b0c830b41b0168451c8818c583b15508c9bf9282dc8e7a6cb6bd3f,"{""distance"":7,""physical_error_rate"":0.0001}","{""detection_events"":118081,""detectors_checked"":240414720}"
      1024,         0,         0,    4.59,exact_mw,ca91ffa42463e210e189f165a9a4cbcfd1773a75ca815ff24a9009c31e62d8d0,"{""distance"":7,""physical_error_rate"":0.002}","{""detection_events"":6055,""detectors_checked"":616448}"
        64,         0,         0,    1.66,exact_mw,2e54b5982e286509c94a8bc96d1d6e54082c27eed948d684125948784bc20414,"{""distance"":7,""physical_error_rate"":0.01}","{""detection_events"":1617,""detectors_checked"":38528}"
        16,         0,         0,   0.494,exact_mw,2e54b5982e286509c94a8bc96d1d6e54082c27eed948d684125948784bc20414,"{""distance"":7,""physical_error_rate"":0.01}","{""detection_events"":494,""detectors_checked"":9632}"
     30720,         0,         0,   0.551,exact_mw,d5491e2f66b0c830b41b0168451c8818c583b15508c9bf9282dc8e7a6cb6bd3f,"{""distance"":7,""physical_error_rate"":0.0001}","{""detection_events"":8904,""detectors_checked"":18493440}"
      1440,         3,         0,    23.2,exact_mw,0a198d80e37665dd6f23c481ef1c601566b502223b7ce5d7a38dc87c0be91af9,"{""distance"":7,""physical_error_rate"":0.005}","{""detection_events"":20828,""detectors_checked"":866880,""obs_mistake_mask=E"":3}"
   1241088,         0,         0,    22.7,exact_mw,d5491e2f66b0c830b41b0168451c8818c583b15508c9bf9282dc8e7a6cb6bd3f,"{""distance"":7,""physical_error_rate"":0.0001}","{""detection_events"":367485,""detectors_checked"":747134976}"
      1024,         0,         0,    1.41,exact_mw,7acd59d404317421b37957afea3f5c66f33c9ef46579a47fd7c0ca3dd0dfc735,"{""distance"":7,""physical_error_rate"":0.001}","{""detection_events"":3150,""detectors_checked"":616448}"
        48,         2,         0,    2.69,exact_mw,1f0c41bfbbc8ec35ff1484b2be036ef48716a49dcf1cc37e155a3f5819690eee,"{""distance"":7,""physical_error_rate"":0.02}","{""detection_events"":2441,""detectors_checked"":28896,""obs_mistake_mask=E"":2}"
      7168,         0,         0,    1.72,exact_mw,c34bb01325b9980f7caca1807bd93e7e28846c82b8c0538af034740e6e7d5106,"{""distance"":7,""physical_error_rate"":0.0005}","{""detection_events"":10576,""detectors_checked"":4315136}"
       128,         0,         0,    1.11,exact_mw,ca91ffa42463e210e189f165a9a4cbcfd1773a75ca815ff24a9009c31e62d8d0,"{""distance"":7,""physical_error_rate"":0.002}","{""detection_events"":831,""detectors_checked"":77056}"
        16,         0,         0,   0.591,exact_mw,2e54b5982e286509c94a8bc96d1d6e54082c27eed948d684125948784bc20414,"{""distance"":7,""physical_error_rate"":0.01}","{""detection_events"":450,""detectors_checked"":9632}"
   1060864,         0,         0,    22.6,exact_mw,d5491e2f66b0c830b41b0168451c8818c583b15508c9bf9282dc8e7a6cb6bd3f,"{""distance"":7,""physical_error_rate"":0.0001}","{""detection_events"":317258,""detectors_checked"":638640128}"
        32,         0,         0,    2.81,exact_mw,2e54b5982e286509c94a8bc96d1d6e54082c27eed948d684125948784bc20414,"{""distance"":7,""physical_error_rate"":0.01}","{""detection_events"":858,""detectors_checked"":19264}"
     57344,         0,         0,   0.789,exact_mw,d5491e2f66b0c830b41b0168451c8818c583b15508c9bf9282dc8e7a6cb6bd3f,"{""distance"":7,""physical_error_rate"":0.0001}","{""detection_events"":17160,""detectors_checked"":34521088}"
       576,        26,         0,    23.6,exact_mw,1f0c41bfbbc8ec35ff1484b2be036ef48716a49dcf1cc37e155a3f5819690eee,"{""distance"":7,""physical_error_rate"":0.02}","{""detection_events"":30399,""detectors_checked"":346752,""obs_mistake_mask=E"":26}"
        16,         0,         0,   0.421,exact_mw,2e54b5982e286509c94a8bc96d1d6e54082c27eed948d684125948784bc20414,"{""distance"":7,""physical_error_rate"":0.01}","{""detection_events"":458,""detectors_checked"":9632}"
       128,         0,         0,   0.712,exact_mw,ca91ffa42463e210e189f165a9a4cbcfd1773a75ca815ff24a9009c31e62d8d0,"{""distance"":7,""physical_error_rate"":0.002}","{""detection_events"":677,""detectors_checked"":77056}"
    102400,         0,         0,    6.03,exact_mw,f5ed540d8b33fe7a17a96c57e6e367075413a3677864b79373445f6bf89adea1,"{""distance"":7,""physical_error_rate"":0.0002}","{""detection_events"":59786,""detectors_checked"":61644800}"
        96,         0,         0,    2.28,exact_mw,0a198d80e37665dd6f23c481ef1c601566b502223b7ce5d7a38dc87c0be91af9,"{""distance"":7,""physical_error_rate"":0.005}","{""detection_events"":1344,""detectors_checked"":57792}"
    156672,         1,         0,    22.9,exact_mw,c34bb01325b9980f7caca1807bd93e7e28846c82b8c0538af034740e6e7d5106,"{""distance"":7,""physical_error_rate"":0.0005}","{""detection_events"":231648,""detectors_checked"":94316544,""obs_mistake_mask=E"":1}"
        48,         2,         0,    2.70,exact_mw,1f0c41bfbbc8ec35ff1484b2be036ef48716a49dcf1cc37e155a3f5819690eee,"{""distance"":7,""physical_error_rate"":0.02}","{""detection_events"":2429,""detectors_checked"":28896,""obs_mistake_mask=E"":2}"
      1536,         0,         0,    1.78,exact_mw,7acd59d404317421b37957afea3f5c66f33c9ef46579a47fd7c0ca3dd0dfc735,"{""distance"":7,""physical_error_rate"":0.001}","{""detection_events"":4371,""detectors_checked"":924672}"
        32,         1,         0,   0.911,exact_mw,2e54b5982e286509c94a8bc96d1d6e54082c27eed948d684125948784bc20414,"{""distance"":7,""physical_error_rate"":0.01}","{""detection_events"":845,""detectors_checked"":19264,""obs_mistake_mask=E"":1}"
      1296,         2,         0,    23.1,exact_mw,0a198d80e37665dd6f23c481ef1c601566b502223b7ce5d7a38dc87c0be91af9,"{""distance"":7,""physical_error_rate"":0.005}","{""detection_events"":18337,""detectors_checked"":780192,""obs_mistake_mask=E"":2}"
     80896,         0,         0,    1.11,exact_mw,d5491e2f66b0c830b41b0168451c8818c583b15508c9bf9282dc8e7a6cb6bd3f,"{""distance"":7,""physical_error_rate"":0.0001}","{""detection_events"":23630,""detectors_checked"":48699392}"
      6656,         1,         0,    23.3,exact_mw,ca91ffa42463e210e189f165a9a4cbcfd1773a75ca815ff24a9009c31e62d8d0,"{""distance"":7,""physical_error_rate"":0.002}","{""detection_events"":38235,""detectors_checked"":4006912,""obs_mistake_mask=E"":1}"
    144384,         2,         0,    23.1,exact_mw,c34bb01325b9980f7caca1807bd93e7e28846c82b8c0538af034740e6e7d5106,"{""distance"":7,""physical_error_rate"":0.0005}","{""detection_events"":215008,""detectors_checked"":86919168,""obs_mistake_mask=E"":2}"
        16,         0,         0,    1.48,exact_mw,2e54b5982e286509c94a8bc96d1d6e54082c27eed948d684125948784bc20414,"{""distance"":7,""physical_error_rate"":0.01}","{""detection_events"":459,""detectors_checked"":9632}"
    152576,         0,         0,    22.9,exact_mw,c34bb01325b9980f7caca1807bd93e7e28846c82b8c0538af034740e6e7d5106,"{""distance"":7,""physical_error_rate"":0.0005}","{""detection_events"":225484,""detectors_checked"":91850752}"
        96,         1,         0,    2.61,exact_mw,2e54b5982e286509c94a8bc96d1d6e54082c27eed948d684125948784bc20414,"{""distance"":7,""physical_error_rate"":0.01}","{""detection_events"":2767,""detectors_checked"":57792,""obs_mistake_mask=E"":1}"
      9216,         0,         0,    2.21,exact_mw,c34bb01325b9980f7caca1807bd93e7e28846c82b8c0538af034740e6e7d5106,"{""distance"":7,""physical_error_rate"":0.0005}","{""detection_events"":13726,""detectors_checked"":5548032}"
       256,         0,         0,    1.42,exact_mw,ca91ffa42463e210e189f165a9a4cbcfd1773a75ca815ff24a9009c31e62d8d0,"{""distance"":7,""physical_error_rate"":0.002}","{""detection_events"":1426,""detectors_checked"":154112}"
      1104,         3,         0,    23.9,exact_mw,0a198d80e37665dd6f23c481ef1c601566b502223b7ce5d7a38dc87c0be91af9,"{""distance"":7,""physical_error_rate"":0.005}","{""detection_events"":15716,""detectors_checked"":664608,""obs_mistake_mask=E"":3}"
        32,         0,         0,   0.864,exact_mw,2e54b5982e286509c94a8bc96d1d6e54082c27eed948d684125948784bc20414,"{""distance"":7,""physical_error_rate"":0.01}","{""detection_events"":880,""detectors_checked"":19264}"
    323584,         0,         0,    5.92,exact_mw,f7d5d61828a7d0145c65811496ba49aa9633daaed59c6883f51143c3b878094e,"{""distance"":7,""physical_error_rate"":5e-05}","{""detection_events"":47803,""detectors_checked"":194797568}"
         8,         0,         0,    1.08,exact_mw,2e54b5982e286509c94a8bc96d1d6e54082c27eed948d684125948784bc20414,"{""distance"":7,""physical_error_rate"":0.01}","{""detection_events"":203,""detectors_checked"":4816}"
       928,         4,         0,    23.7,exact_mw,2e54b5982e286509c94a8bc96d1d6e54082c27eed948d684125948784bc20414,"{""distance"":7,""physical_error_rate"":0.01}","{""detection_events"":25423,""detectors_checked"":558656,""obs_mistake_mask=E"":4}"
       224,         0,         0,    5.11,exact_mw,0a198d80e37665dd6f23c481ef1c601566b502223b7ce5d7a38dc87c0be91af9,"{""distance"":7,""physical_error_rate"":0.005}","{""detection_events"":3093,""detectors_checked"":134848}"
    109568,         0,         0,    1.54,exact_mw,d5491e2f66b0c830b41b0168451c8818c583b15508c9bf9282dc8e7a6cb6bd3f,"{""distance"":7,""physical_error_rate"":0.0001}","{""detection_events"":32188,""detectors_checked"":65959936}"
       256,         0,         0,    1.18,exact_mw,ca91ffa42463e210e189f165a9a4cbcfd1773a75ca815ff24a9009c31e62d8d0,"{""distance"":7,""physical_error_rate"":0.002}","{""detection_events"":1315,""detectors_checked"":154112}"
        96,         0,         0,    2.35,exact_mw,0a198d80e37665dd6f23c481ef1c601566b502223b7ce5d7a38dc87c0be91af9,"{""distance"":7,""physical_error_rate"":0.005}","{""detection_events"":1362,""detectors_checked"":57792}"
        48,         0,         0,    1.22,exact_mw,2e54b5982e286509c94a8bc96d1d6e54082c27eed948d684125948784bc20414,"{""distance"":7,""physical_error_rate"":0.01}","{""detection_events"":1346,""detectors_checked"":28896}"
         8,         0,         0,   0.856,exact_mw,2e54b5982e286509c94a8bc96d1d6e54082c27eed948d684125948784bc20414,"{""distance"":7,""physical_error_rate"":0.01}","{""detection_events"":242,""detectors_checked"":4816}"
        64,         6,         0,    3.81,exact_mw,1f0c41bfbbc8ec35ff1484b2be036ef48716a49dcf1cc37e155a3f5819690eee,"{""distance"":7,""physical_error_rate"":0.02}","{""detection_events"":3540,""detectors_checked"":38528,""obs_mistake_mask=E"":6}"
       752,        10,         0,    23.1,exact_mw,2e54b5982e286509c94a8bc96d1d6e54082c27eed948d684125948784bc20414,"{""distance"":7,""physical_error_rate"":0.01}","{""detection_events"":21388,""detectors_checked"":452704,""obs_mistake_mask=E"":10}"
      2048,         0,         0,    2.40,exact_mw,7acd59d404317421b37957afea3f5c66f33c9ef46579a47fd7c0ca3dd0dfc735,"{""distance"":7,""physical_error_rate"":0.001}","{""detection_events"":6106,""detectors_checked"":1232896}"
      3840,         1,         0,    23.0,exact_mw,ca91ffa42463e210e189f165a9a4cbcfd1773a75ca815ff24a9009c31e62d8d0,"{""distance"":7,""physical_error_rate"":0.002}","{""detection_events"":22479,""detectors_checked"":2311680,""obs_mistake_mask=E"":1}"
       672,         6,         0,    23.2,exact_mw,2e54b5982e286509c94a8bc96d1d6e54082c27eed948d684125948784bc20414,"{""distance"":7,""physical_error_rate"":0.01}","{""detection_events"":18852,""detectors_checked"":404544,""obs_mistake_mask=E"":6}"
         8,         0,         0,   0.952,exact_mw,2e54b5982e286509c94a8bc96d1d6e54082c27eed948d684125948784bc20414,"{""distance"":7,""physical_error_rate"":0.01}","{""detection_events"":238,""detectors_checked"":4816}"
        64,         4,         0,    3.47,exact_mw,1f0c41bfbbc8ec35ff1484b2be036ef48716a49dcf1cc37e155a3f5819690eee,"{""distance"":7,""physical_error_rate"":0.02}","{""detection_events"":3385,""detectors_checked"":38528,""obs_mistake_mask=E"":4}"
      7680,         0,         0,    6.55,exact_mw,7acd59d404317421b37957afea3f5c66f33c9ef46579a47fd7c0ca3dd0dfc735,"{""distance"":7,""physical_error_rate"":0.001}","{""detection_events"":23000,""detectors_checked"":4623360}"
    153600,         0,         0,    2.16,exact_mw,d5491e2f66b0c830b41b0168451c8818c583b15508c9bf9282dc8e7a6cb6bd3f,"{""distance"":7,""physical_error_rate"":0.0001}","{""detection_events"":45810,""detectors_checked"":92467200}"
     14336,         0,         0,    3.26,exact_mw,c34bb01325b9980f7caca1807bd93e7e28846c82b8c0538af034740e6e7d5106,"{""distance"":7,""physical_error_rate"":0.0005}","{""detection_events"":20771,""detectors_checked"":8630272}"
       112,         2,         0,    3.33,exact_mw,2e54b5982e286509c94a8bc96d1d6e54082c27eed948d684125948784bc20414,"{""distance"":7,""physical_error_rate"":0.01}","{""detection_events"":3041,""detectors_checked"":67424,""obs_mistake_mask=E"":2}"
       440,         5,         0,    23.5,exact_mw,2e54b5982e286509c94a8bc96d1d6e54082c27eed948d684125948784bc20414,"{""distance"":7,""physical_error_rate"":0.01}","{""detection_events"":12378,""detectors_checked"":264880,""obs_mistake_mask=E"":5}"
       612,         7,         0,    23.0,exact_mw,2e54b5982e286509c94a8bc96d1d6e54082c27eed948d684125948784bc20414,"{""distance"":7,""physical_error_rate"":0.01}","{""detection_events"":16981,""detectors_checked"":368424,""obs_mistake_mask=E"":7}"
       384,         0,         0,    2.28,exact_mw,ca91ffa42463e210e189f165a9a4cbcfd1773a75ca815ff24a9009c31e62d8d0,"{""distance"":7,""physical_error_rate"":0.002}","{""detection_events"":2322,""detectors_checked"":231168}"
     45056,         0,         0,    8.39,exact_mw,c34bb01325b9980f7caca1807bd93e7e28846c82b8c0538af034740e6e7d5106,"{""distance"":7,""physical_error_rate"":0.0005}","{""detection_events"":67140,""detectors_checked"":27123712}"
      1024,         0,         0,    6.27,exact_mw,ca91ffa42463e210e189f165a9a4cbcfd1773a75ca815ff24a9009c31e62d8d0,"{""distance"":7,""physical_error_rate"":0.002}","{""detection_events"":6175,""detectors_checked"":616448}"
        56,         0,         0,    1.38,exact_mw,2e54b5982e286509c94a8bc96d1d6e54082c27eed948d684125948784bc20414,"{""distance"":7,""physical_error_rate"":0.01}","{""detection_events"":1394,""detectors_checked"":33712}"
        32,         1,         0,    2.44,exact_mw,2e54b5982e286509c94a8bc96d1d6e54082c27eed948d684125948784bc20414,"{""distance"":7,""physical_error_rate"":0.01}","{""detection_events"":892,""detectors_checked"":19264,""obs_mistake_mask=E"":1}"
      5248,         0,         0,    23.2,exact_mw,ca91ffa42463e210e189f165a9a4cbcfd1773a75ca815ff24a9009c31e62d8d0,"{""distance"":7,""physical_error_rate"":0.002}","{""detection_events"":31009,""detectors_checked"":3159296}"
     16640,         0,         0,    23.2,exact_mw,7acd59d404317421b37957afea3f5c66f33c9ef46579a47fd7c0ca3dd0dfc735,"{""distance"":7,""physical_error_rate"":0.001}","{""detection_events"":49003,""detectors_checked"":10017280}"
       192,         0,         0,    3.26,exact_mw,0a198d80e37665dd6f23c481ef1c601566b502223b7ce5d7a38dc87c0be91af9,"{""distance"":7,""physical_error_rate"":0.005}","{""detection_events"":2746,""detectors_checked"":115584}"
     27648,         0,         0,    23.8,exact_mw,7acd59d404317421b37957afea3f5c66f33c9ef46579a47fd7c0ca3dd0dfc735,"{""distance"":7,""physical_error_rate"":0.001}","{""detection_events"":81875,""detectors_checked"":16644096}"
      3072,         0,         0,    3.30,exact_mw,7acd59d404317421b37957afea3f5c66f33c9ef46579a47fd7c0ca3dd0dfc735,"{""distance"":7,""physical_error_rate"":0.001}","{""detection_events"":9192,""detectors_checked"":1849344}"
    149504,         0,         0,    8.33,exact_mw,f7d5d61828a7d0145c65811496ba49aa9633daaed59c6883f51143c3b878094e,"{""distance"":7,""physical_error_rate"":5e-05}","{""detection_events"":22138,""detectors_checked"":90001408}"
        64,         1,         0,    1.57,exact_mw,2e54b5982e286509c94a8bc96d1d6e54082c27eed948d684125948784bc20414,"{""distance"":7,""physical_error_rate"":0.01}","{""detection_events"":1849,""detectors_checked"":38528,""obs_mistake_mask=E"":1}"
       112,         6,         0,    4.48,exact_mw,1f0c41bfbbc8ec35ff1484b2be036ef48716a49dcf1cc37e155a3f5819690eee,"{""distance"":7,""physical_error_rate"":0.02}","{""detection_events"":5875,""detectors_checked"":67424,""obs_mistake_mask=E"":6}"
      1056,         1,         0,    23.3,exact_mw,0a198d80e37665dd6f23c481ef1c601566b502223b7ce5d7a38dc87c0be91af9,"{""distance"":7,""physical_error_rate"":0.005}","{""detection_events"":15009,""detectors_checked"":635712,""obs_mistake_mask=E"":1}"
       528,        22,         0,    23.1,exact_mw,1f0c41bfbbc8ec35ff1484b2be036ef48716a49dcf1cc37e155a3f5819690eee,"{""distance"":7,""physical_error_rate"":0.02}","{""detection_events"":27491,""detectors_checked"":317856,""obs_mistake_mask=E"":22}"
       640,         0,         0,    2.74,exact_mw,ca91ffa42463e210e189f165a9a4cbcfd1773a75ca815ff24a9009c31e62d8d0,"{""distance"":7,""physical_error_rate"":0.002}","{""detection_events"":3643,""detectors_checked"":385280}"
    206848,         0,         0,    3.04,exact_mw,d5491e2f66b0c830b41b0168451c8818c583b15508c9bf9282dc8e7a6cb6bd3f,"{""distance"":7,""physical_error_rate"":0.0001}","{""detection_events"":61741,""detectors_checked"":124522496}"
        24,         0,         0,    2.40,exact_mw,2e54b5982e286509c94a8bc96d1d6e54082c27eed948d684125948784bc20414,"{""distance"":7,""physical_error_rate"":0.01}","{""detection_events"":546,""detectors_checked"":14448}"
    473088,         1,         0,    11.7,exact_mw,f5ed540d8b33fe7a17a96c57e6e367075413a3677864b79373445f6bf89adea1,"{""distance"":7,""physical_error_rate"":0.0002}","{""detection_events"":280609,""detectors_checked"":284798976,""obs_mistake_mask=E"":1}"
      1440,         4,         0,    23.4,exact_mw,0a198d80e37665dd6f23c481ef1c601566b502223b7ce5d7a38dc87c0be91af9,"{""distance"":7,""physical_error_rate"":0.005}","{""detection_events"":20958,""detectors_checked"":866880,""obs_mistake_mask=E"":4}"
       344,        12,         0,    23.0,exact_mw,1f0c41bfbbc8ec35ff1484b2be036ef48716a49dcf1cc37e155a3f5819690eee,"{""distance"":7,""physical_error_rate"":0.02}","{""detection_events"":17767,""detectors_checked"":207088,""obs_mistake_mask=E"":12}"
       352,         0,         0,    5.99,exact_mw,0a198d80e37665dd6f23c481ef1c601566b502223b7ce5d7a38dc87c0be91af9,"{""distance"":7,""physical_error_rate"":0.005}","{""detection_events"":4950,""detectors_checked"":211904}"
       448,        18,         0,    23.3,exact_mw,1f0c41bfbbc8ec35ff1484b2be036ef48716a49dcf1cc37e155a3f5819690eee,"{""distance"":7,""physical_error_rate"":0.02}","{""detection_events"":23280,""detectors_checked"":269696,""obs_mistake_mask=E"":18}"
     89088,         0,         0,    8.37,exact_mw,f5ed540d8b33fe7a17a96c57e6e367075413a3677864b79373445f6bf89adea1,"{""distance"":7,""physical_error_rate"":0.0002}","{""detection_events"":52855,""detectors_checked"":53630976}"
        80,         2,         0,    4.60,exact_mw,1f0c41bfbbc8ec35ff1484b2be036ef48716a49dcf1cc37e155a3f5819690eee,"{""distance"":7,""physical_error_rate"":0.02}","{""detection_events"":4226,""detectors_checked"":48160,""obs_mistake_mask=E"":2}"
     24064,         0,         0,    23.0,exact_mw,7acd59d404317421b37957afea3f5c66f33c9ef46579a47fd7c0ca3dd0dfc735,"{""distance"":7,""physical_error_rate"":0.001}","{""detection_events"":70460,""detectors_checked"":14486528}"
       112,         0,         0,    4.33,exact_mw,2e54b5982e286509c94a8bc96d1d6e54082c27eed948d684125948784bc20414,"{""distance"":7,""physical_error_rate"":0.01}","{""detection_events"":3154,""detectors_checked"":67424}"
     19456,         0,         0,    4.36,exact_mw,c34bb01325b9980f7caca1807bd93e7e28846c82b8c0538af034740e6e7d5106,"{""distance"":7,""physical_error_rate"":0.0005}","{""detection_events"":29338,""detectors_checked"":11712512}"
        64,         1,         0,    2.19,exact_mw,2e54b5982e286509c94a8bc96d1d6e54082c27eed948d684125948784bc20414,"{""distance"":7,""physical_error_rate"":0.01}","{""detection_events"":1868,""detectors_checked"":38528,""obs_mistake_mask=E"":1}"
     18432,         0,         0,    23.0,exact_mw,7acd59d404317421b37957afea3f5c66f33c9ef46579a47fd7c0ca3dd0dfc735,"{""distance"":7,""physical_error_rate"":0.001}","{""detection_events"":54529,""detectors_checked"":11096064}"
    656384,         0,         0,    11.7,exact_mw,d5491e2f66b0c830b41b0168451c8818c583b15508c9bf9282dc8e7a6cb6bd3f,"{""distance"":7,""physical_error_rate"":0.0001}","{""detection_events"":193933,""detectors_checked"":395143168}"
    432128,         0,         0,    8.25,exact_mw,f7d5d61828a7d0145c65811496ba49aa9633daaed59c6883f51143c3b878094e,"{""distance"":7,""physical_error_rate"":5e-05}","{""detection_events"":64091,""detectors_checked"":260141056}"
       192,         2,         0,    4.45,exact_mw,0a198d80e37665dd6f23c481ef1c601566b502223b7ce5d7a38dc87c0be91af9,"{""distance"":7,""physical_error_rate"":0.005}","{""detection_events"":2849,""detectors_checked"":115584,""obs_mistake_mask=E"":2}"
      4608,         0,         0,    4.74,exact_mw,7acd59d404317421b37957afea3f5c66f33c9ef46579a47fd7c0ca3dd0dfc735,"{""distance"":7,""physical_error_rate"":0.001}","{""detection_events"":13707,""detectors_checked"":2774016}"
       768,         0,         0,    3.65,exact_mw,ca91ffa42463e210e189f165a9a4cbcfd1773a75ca815ff24a9009c31e62d8d0,"{""distance"":7,""physical_error_rate"":0.002}","{""detection_events"":4732,""detectors_checked"":462336}"
        56,         0,         0,    3.57,exact_mw,2e54b5982e286509c94a8bc96d1d6e54082c27eed948d684125948784bc20414,"{""distance"":7,""physical_error_rate"":0.01}","{""detection_events"":1490,""detectors_checked"":33712}"
    230400,         0,         0,    4.27,exact_mw,d5491e2f66b0c830b41b0168451c8818c583b15508c9bf9282dc8e7a6cb6bd3f,"{""distance"":7,""physical_error_rate"":0.0001}","{""detection_events"":68536,""detectors_checked"":138700800}"
       112,         0,         0,    3.27,exact_mw,2e54b5982e286509c94a8bc96d1d6e54082c27eed948d684125948784bc20414,"{""distance"":7,""physical_error_rate"":0.01}","{""detection_events"":3201,""detectors_checked"":67424}"
      9216,         0,         0,    8.48,exact_mw,7acd59d404317421b37957afea3f5c66f33c9ef46579a47fd7c0ca3dd0dfc735,"{""distance"":7,""physical_error_rate"":0.001}","{""detection_events"":26970,""detectors_checked"":5548032}"
      4480,         0,         0,    23.4,exact_mw,ca91ffa42463e210e189f165a9a4cbcfd1773a75ca815ff24a9009c31e62d8d0,"{""distance"":7,""physical_error_rate"":0.002}","{""detection_events"":26330,""detectors_checked"":2696960}"
      1856,         0,         0,    8.80,exact_mw,ca91ffa42463e210e189f165a9a4cbcfd1773a75ca815ff24a9009c31e62d8d0,"{""distance"":7,""physical_error_rate"":0.002}","{""detection_events"":10826,""detectors_checked"":1117312}"
       160,         5,         0,    6.44,exact_mw,1f0c41bfbbc8ec35ff1484b2be036ef48716a49dcf1cc37e155a3f5819690eee,"{""distance"":7,""physical_error_rate"":0.02}","{""detection_events"":8389,""detectors_checked"":96320,""obs_mistake_mask=E"":5}"
     28672,         0,         0,    6.03,exact_mw,c34bb01325b9980f7caca1807bd93e7e28846c82b8c0538af034740e6e7d5106,"{""distance"":7,""physical_error_rate"":0.0005}","{""detection_events"":42353,""detectors_checked"":17260544}"
       192,         1,         0,    6.31,exact_mw,2e54b5982e286509c94a8bc96d1d6e54082c27eed948d684125948784bc20414,"{""distance"":7,""physical_error_rate"":0.01}","{""detection_events"":5515,""detectors_checked"":115584,""obs_mistake_mask=E"":1}"
       144,         3,         0,    6.58,exact_mw,1f0c41bfbbc8ec35ff1484b2be036ef48716a49dcf1cc37e155a3f5819690eee,"{""distance"":7,""physical_error_rate"":0.02}","{""detection_events"":7309,""detectors_checked"":86688,""obs_mistake_mask=E"":3}"
       112,         2,         0,    4.53,exact_mw,2e54b5982e286509c94a8bc96d1d6e54082c27eed948d684125948784bc20414,"{""distance"":7,""physical_error_rate"":0.01}","{""detection_events"":3334,""detectors_checked"":67424,""obs_mistake_mask=E"":2}"
       768,         0,         0,    4.59,exact_mw,ca91ffa42463e210e189f165a9a4cbcfd1773a75ca815ff24a9009c31e62d8d0,"{""distance"":7,""physical_error_rate"":0.002}","{""detection_events"":4719,""detectors_checked"":462336}"
     61440,         0,         0,    11.7,exact_mw,c34bb01325b9980f7caca1807bd93e7e28846c82b8c0538af034740e6e7d5106,"{""distance"":7,""physical_error_rate"":0.0005}","{""detection_events"":90940,""detectors_checked"":36986880}"
       384,         0,         0,    8.42,exact_mw,0a198d80e37665dd6f23c481ef1c601566b502223b7ce5d7a38dc87c0be91af9,"{""distance"":7,""physical_error_rate"":0.005}","{""detection_events"":5562,""detectors_checked"":231168}"
       256,         0,         0,    6.18,exact_mw,0a198d80e37665dd6f23c481ef1c601566b502223b7ce5d7a38dc87c0be91af9,"{""distance"":7,""physical_error_rate"":0.005}","{""detection_events"":3501,""detectors_checked"":154112}"
       144,         0,         0,    4.81,exact_mw,2e54b5982e286509c94a8bc96d1d6e54082c27eed948d684125948784bc20414,"{""distance"":7,""physical_error_rate"":0.01}","{""detection_events"":4077,""detectors_checked"":86688}"
      6144,         0,         0,    6.39,exact_mw,7acd59d404317421b37957afea3f5c66f33c9ef46579a47fd7c0ca3dd0dfc735,"{""distance"":7,""physical_error_rate"":0.001}","{""detection_events"":18232,""detectors_checked"":3698688}"
    310272,         0,         0,    5.93,exact_mw,d5491e2f66b0c830b41b0168451c8818c583b15508c9bf9282dc8e7a6cb6bd3f,"{""distance"":7,""physical_error_rate"":0.0001}","{""detection_events"":92909,""detectors_checked"":186783744}"
    584704,         0,         0,    11.6,exact_mw,f7d5d61828a7d0145c65811496ba49aa9633daaed59c6883f51143c3b878094e,"{""distance"":7,""physical_error_rate"":5e-05}","{""detection_events"":86839,""detectors_checked"":351991808}"
    391168,         0,         0,    11.6,exact_mw,f5ed540d8b33fe7a17a96c57e6e367075413a3677864b79373445f6bf89adea1,"{""distance"":7,""physical_error_rate"":0.0002}","{""detection_events"":232917,""detectors_checked"":235483136}"
   1777664,         0,         0,    32.0,exact_mw,f5ed540d8b33fe7a17a96c57e6e367075413a3677864b79373445f6bf89adea1,"{""distance"":7,""physical_error_rate"":0.0002}","{""detection_events"":1054221,""detectors_checked"":1070153728}"
       160,         1,         0,    6.09,exact_mw,2e54b5982e286509c94a8bc96d1d6e54082c27eed948d684125948784bc20414,"{""distance"":7,""physical_error_rate"":0.01}","{""detection_events"":4385,""detectors_checked"":96320,""obs_mistake_mask=E"":1}"
    726016,         0,         0,    11.6,exact_mw,f7d5d61828a7d0145c65811496ba49aa9633daaed59c6883f51143c3b878094e,"{""distance"":7,""physical_error_rate"":5e-05}","{""detection_events"":108789,""detectors_checked"":437061632}"
      1024,         0,         0,    6.46,exact_mw,ca91ffa42463e210e189f165a9a4cbcfd1773a75ca815ff24a9009c31e62d8d0,"{""distance"":7,""physical_error_rate"":0.002}","{""detection_events"":5781,""detectors_checked"":616448}"
       224,        15,         0,    9.04,exact_mw,1f0c41bfbbc8ec35ff1484b2be036ef48716a49dcf1cc37e155a3f5819690eee,"{""distance"":7,""physical_error_rate"":0.02}","{""detection_events"":11693,""detectors_checked"":134848,""obs_mistake_mask=E"":15}"
       224,         1,         0,    6.29,exact_mw,2e54b5982e286509c94a8bc96d1d6e54082c27eed948d684125948784bc20414,"{""distance"":7,""physical_error_rate"":0.01}","{""detection_events"":6021,""detectors_checked"":134848,""obs_mistake_mask=E"":1}"
     39936,         0,         0,    8.37,exact_mw,c34bb01325b9980f7caca1807bd93e7e28846c82b8c0538af034740e6e7d5106,"{""distance"":7,""physical_error_rate"":0.0005}","{""detection_events"":59331,""detectors_checked"":24041472}"
       208,         8,         0,    8.62,exact_mw,1f0c41bfbbc8ec35ff1484b2be036ef48716a49dcf1cc37e155a3f5819690eee,"{""distance"":7,""physical_error_rate"":0.02}","{""detection_events"":10999,""detectors_checked"":125216,""obs_mistake_mask=E"":8}"
       160,         2,         0,    8.83,exact_mw,2e54b5982e286509c94a8bc96d1d6e54082c27eed948d684125948784bc20414,"{""distance"":7,""physical_error_rate"":0.01}","{""detection_events"":4289,""detectors_checked"":96320,""obs_mistake_mask=E"":2}"
    495616,         0,         0,    16.3,exact_mw,f5ed540d8b33fe7a17a96c57e6e367075413a3677864b79373445f6bf89adea1,"{""distance"":7,""physical_error_rate"":0.0002}","{""detection_events"":292363,""detectors_checked"":298360832}"
     12288,         1,         0,    11.7,exact_mw,7acd59d404317421b37957afea3f5c66f33c9ef46579a47fd7c0ca3dd0dfc735,"{""distance"":7,""physical_error_rate"":0.001}","{""detection_events"":35780,""detectors_checked"":7397376,""obs_mistake_mask=E"":1}"
    800768,         0,         0,    31.9,exact_mw,d5491e2f66b0c830b41b0168451c8818c583b15508c9bf9282dc8e7a6cb6bd3f,"{""distance"":7,""physical_error_rate"":0.0001}","{""detection_events"":238329,""detectors_checked"":482062336}"
       384,         0,         0,    8.40,exact_mw,0a198d80e37665dd6f23c481ef1c601566b502223b7ce5d7a38dc87c0be91af9,"{""distance"":7,""physical_error_rate"":0.005}","{""detection_events"":5209,""detectors_checked"":231168}"
     39936,         0,         0,    32.2,exact_mw,7acd59d404317421b37957afea3f5c66f33c9ef46579a47fd7c0ca3dd0dfc735,"{""distance"":7,""physical_error_rate"":0.001}","{""detection_events"":117659,""detectors_checked"":24041472}"
      2560,         1,         0,    11.9,exact_mw,ca91ffa42463e210e189f165a9a4cbcfd1773a75ca815ff24a9009c31e62d8d0,"{""distance"":7,""physical_error_rate"":0.002}","{""detection_events"":14992,""detectors_checked"":1541120,""obs_mistake_mask=E"":1}"
      9728,         0,         0,    8.61,exact_mw,7acd59d404317421b37957afea3f5c66f33c9ef46579a47fd7c0ca3dd0dfc735,"{""distance"":7,""physical_error_rate"":0.001}","{""detection_events"":28430,""detectors_checked"":5856256}"
    536576,         0,         0,    8.31,exact_mw,d5491e2f66b0c830b41b0168451c8818c583b15508c9bf9282dc8e7a6cb6bd3f,"{""distance"":7,""physical_error_rate"":0.0001}","{""detection_events"":160089,""detectors_checked"":323018752}"
   2718720,         1,         0,    31.9,exact_mw,d5491e2f66b0c830b41b0168451c8818c583b15508c9bf9282dc8e7a6cb6bd3f,"{""distance"":7,""physical_error_rate"":0.0001}","{""detection_events"":805775,""detectors_checked"":1636669440,""obs_mistake_mask=E"":1}"
   1592320,         0,         0,    31.8,exact_mw,d5491e2f66b0c830b41b0168451c8818c583b15508c9bf9282dc8e7a6cb6bd3f,"{""distance"":7,""physical_error_rate"":0.0001}","{""detection_events"":472876,""detectors_checked"":958576640}"
    749568,         0,         0,    16.3,exact_mw,d5491e2f66b0c830b41b0168451c8818c583b15508c9bf9282dc8e7a6cb6bd3f,"{""distance"":7,""physical_error_rate"":0.0001}","{""detection_events"":222281,""detectors_checked"":451239936}"
   1819648,         0,         0,    31.9,exact_mw,f7d5d61828a7d0145c65811496ba49aa9633daaed59c6883f51143c3b878094e,"{""distance"":7,""physical_error_rate"":5e-05}","{""detection_events"":270854,""detectors_checked"":1095428096}"
   1100800,         1,         0,    32.0,exact_mw,f5ed540d8b33fe7a17a96c57e6e367075413a3677864b79373445f6bf89adea1,"{""distance"":7,""physical_error_rate"":0.0002}","{""detection_events"":656821,""detectors_checked"":662681600,""obs_mistake_mask=E"":1}"
       688,        24,         0,    32.3,exact_mw,1f0c41bfbbc8ec35ff1484b2be036ef48716a49dcf1cc37e155a3f5819690eee,"{""distance"":7,""physical_error_rate"":0.02}","{""detection_events"":35830,""detectors_checked"":414176,""obs_mistake_mask=E"":24}"
   1119232,         0,         0,    32.0,exact_mw,f5ed540d8b33fe7a17a96c57e6e367075413a3677864b79373445f6bf89adea1,"{""distance"":7,""physical_error_rate"":0.0002}","{""detection_events"":665152,""detectors_checked"":673777664}"
       512,         2,         0,    11.8,exact_mw,0a198d80e37665dd6f23c481ef1c601566b502223b7ce5d7a38dc87c0be91af9,"{""distance"":7,""physical_error_rate"":0.005}","{""detection_events"":7219,""detectors_checked"":308224,""obs_mistake_mask=E"":2}"
    867328,         0,         0,    32.0,exact_mw,f5ed540d8b33fe7a17a96c57e6e367075413a3677864b79373445f6bf89adea1,"{""distance"":7,""physical_error_rate"":0.0002}","{""detection_events"":516443,""detectors_checked"":522131456}"
    196608,         0,         0,    32.1,exact_mw,c34bb01325b9980f7caca1807bd93e7e28846c82b8c0538af034740e6e7d5106,"{""distance"":7,""physical_error_rate"":0.0005}","{""detection_events"":288288,""detectors_checked"":118358016}"
      7808,         2,         0,    32.1,exact_mw,ca91ffa42463e210e189f165a9a4cbcfd1773a75ca815ff24a9009c31e62d8d0,"{""distance"":7,""physical_error_rate"":0.002}","{""detection_events"":45591,""detectors_checked"":4700416,""obs_mistake_mask=E"":2}"
   1824768,         0,         0,    31.8,exact_mw,f7d5d61828a7d0145c65811496ba49aa9633daaed59c6883f51143c3b878094e,"{""distance"":7,""physical_error_rate"":5e-05}","{""detection_events"":270562,""detectors_checked"":1098510336}"
   1693696,         0,         0,    31.9,exact_mw,f7d5d61828a7d0145c65811496ba49aa9633daaed59c6883f51143c3b878094e,"{""distance"":7,""physical_error_rate"":5e-05}","{""detection_events"":252735,""detectors_checked"":1019604992}"
   1114112,         0,         0,    31.8,exact_mw,f7d5d61828a7d0145c65811496ba49aa9633daaed59c6883f51143c3b878094e,"{""distance"":7,""physical_error_rate"":5e-05}","{""detection_events"":165653,""detectors_checked"":670695424}"
   2043904,         0,         0,    32.0,exact_mw,f7d5d61828a7d0145c65811496ba49aa9633daaed59c6883f51143c3b878094e,"{""distance"":7,""physical_error_rate"":5e-05}","{""detection_events"":304571,""detectors_checked"":1230430208}"
    173056,         0,         0,    32.1,exact_mw,c34bb01325b9980f7caca1807bd93e7e28846c82b8c0538af034740e6e7d5106,"{""distance"":7,""physical_error_rate"":0.0005}","{""detection_events"":255757,""detectors_checked"":104179712}"
   1171456,         0,         0,    32.0,exact_mw,f5ed540d8b33fe7a17a96c57e6e367075413a3677864b79373445f6bf89adea1,"{""distance"":7,""physical_error_rate"":0.0002}","{""detection_events"":696016,""detectors_checked"":705216512}"
      1408,         1,         0,    8.52,exact_mw,ca91ffa42463e210e189f165a9a4cbcfd1773a75ca815ff24a9009c31e62d8d0,"{""distance"":7,""physical_error_rate"":0.002}","{""detection_events"":8437,""detectors_checked"":847616,""obs_mistake_mask=E"":1}"
       224,         2,         0,    9.10,exact_mw,2e54b5982e286509c94a8bc96d1d6e54082c27eed948d684125948784bc20414,"{""distance"":7,""physical_error_rate"":0.01}","{""detection_events"":6162,""detectors_checked"":134848,""obs_mistake_mask=E"":2}"
   1958912,         1,         0,    31.9,exact_mw,d5491e2f66b0c830b41b0168451c8818c583b15508c9bf9282dc8e7a6cb6bd3f,"{""distance"":7,""physical_error_rate"":0.0001}","{""detection_events"":579201,""detectors_checked"":1179265024,""obs_mistake_mask=E"":1}"
      1664,         1,         0,    32.6,exact_mw,0a198d80e37665dd6f23c481ef1c601566b502223b7ce5d7a38dc87c0be91af9,"{""distance"":7,""physical_error_rate"":0.005}","{""detection_events"":23914,""detectors_checked"":1001728,""obs_mistake_mask=E"":1}"
   1681408,         0,         0,    31.8,exact_mw,d5491e2f66b0c830b41b0168451c8818c583b15508c9bf9282dc8e7a6cb6bd3f,"{""distance"":7,""physical_error_rate"":0.0001}","{""detection_events"":497209,""detectors_checked"":1012207616}"
       208,         0,         0,    8.44,exact_mw,2e54b5982e286509c94a8bc96d1d6e54082c27eed948d684125948784bc20414,"{""distance"":7,""physical_error_rate"":0.01}","{""detection_events"":5854,""detectors_checked"":125216}"
       592,        28,         0,    32.7,exact_mw,1f0c41bfbbc8ec35ff1484b2be036ef48716a49dcf1cc37e155a3f5819690eee,"{""distance"":7,""physical_error_rate"":0.02}","{""detection_events"":31020,""detectors_checked"":356384,""obs_mistake_mask=E"":28}"
    193536,         0,         0,    32.2,exact_mw,c34bb01325b9980f7caca1807bd93e7e28846c82b8c0538af034740e6e7d5106,"{""distance"":7,""physical_error_rate"":0.0005}","{""detection_events"":285908,""detectors_checked"":116508672}"
     70656,         1,         0,    16.4,exact_mw,c34bb01325b9980f7caca1807bd93e7e28846c82b8c0538af034740e6e7d5106,"{""distance"":7,""physical_error_rate"":0.0005}","{""detection_events"":105822,""detectors_checked"":42534912,""obs_mistake_mask=E"":1}"
    198656,         2,         0,    32.2,exact_mw,c34bb01325b9980f7caca1807bd93e7e28846c82b8c0538af034740e6e7d5106,"{""distance"":7,""physical_error_rate"":0.0005}","{""detection_events"":294713,""detectors_checked"":119590912,""obs_mistake_mask=E"":2}"
    200704,         0,         0,    32.1,exact_mw,c34bb01325b9980f7caca1807bd93e7e28846c82b8c0538af034740e6e7d5106,"{""distance"":7,""physical_error_rate"":0.0005}","{""detection_events"":295961,""detectors_checked"":120823808}"
      8704,         4,         0,    32.4,exact_mw,ca91ffa42463e210e189f165a9a4cbcfd1773a75ca815ff24a9009c31e62d8d0,"{""distance"":7,""physical_error_rate"":0.002}","{""detection_events"":50386,""detectors_checked"":5239808,""obs_mistake_mask=E"":4}"
      1664,         1,         0,    32.6,exact_mw,0a198d80e37665dd6f23c481ef1c601566b502223b7ce5d7a38dc87c0be91af9,"{""distance"":7,""physical_error_rate"":0.005}","{""detection_events"":23938,""detectors_checked"":1001728,""obs_mistake_mask=E"":1}"
      1088,         8,         0,    32.2,exact_mw,2e54b5982e286509c94a8bc96d1d6e54082c27eed948d684125948784bc20414,"{""distance"":7,""physical_error_rate"":0.01}","{""detection_events"":30434,""detectors_checked"":654976,""obs_mistake_mask=E"":8}"
      1336,         2,         0,    33.0,exact_mw,0a198d80e37665dd6f23c481ef1c601566b502223b7ce5d7a38dc87c0be91af9,"{""distance"":7,""physical_error_rate"":0.005}","{""detection_events"":19371,""detectors_checked"":804272,""obs_mistake_mask=E"":2}"
   1001472,         0,         0,    16.3,exact_mw,f7d5d61828a7d0145c65811496ba49aa9633daaed59c6883f51143c3b878094e,"{""distance"":7,""physical_error_rate"":5e-05}","{""detection_events"":146516,""detectors_checked"":602886144}"
       224,        15,         0,    11.8,exact_mw,1f0c41bfbbc8ec35ff1484b2be036ef48716a49dcf1cc37e155a3f5819690eee,"{""distance"":7,""physical_error_rate"":0.02}","{""detection_events"":11807,""detectors_checked"":134848,""obs_mistake_mask=E"":15}"
     70656,         1,         0,    11.9,exact_mw,c34bb01325b9980f7caca1807bd93e7e28846c82b8c0538af034740e6e7d5106,"{""distance"":7,""physical_error_rate"":0.0005}","{""detection_events"":105425,""detectors_checked"":42534912,""obs_mistake_mask=E"":1}"
       992,         4,         0,    32.6,exact_mw,2e54b5982e286509c94a8bc96d1d6e54082c27eed948d684125948784bc20414,"{""distance"":7,""physical_error_rate"":0.01}","{""detection_events"":27754,""detectors_checked"":597184,""obs_mistake_mask=E"":4}"
      6528,         1,         0,    32.5,exact_mw,ca91ffa42463e210e189f165a9a4cbcfd1773a75ca815ff24a9009c31e62d8d0,"{""distance"":7,""physical_error_rate"":0.002}","{""detection_events"":38903,""detectors_checked"":3929856,""obs_mistake_mask=E"":1}"
       224,         2,         0,    11.9,exact_mw,2e54b5982e286509c94a8bc96d1d6e54082c27eed948d684125948784bc20414,"{""distance"":7,""physical_error_rate"":0.01}","{""detection_events"":6272,""detectors_checked"":134848,""obs_mistake_mask=E"":2}"
      1024,         7,         0,    32.6,exact_mw,2e54b5982e286509c94a8bc96d1d6e54082c27eed948d684125948784bc20414,"{""distance"":7,""physical_error_rate"":0.01}","{""detection_events"":28901,""detectors_checked"":616448,""obs_mistake_mask=E"":7}"
       304,         9,         0,    12.2,exact_mw,1f0c41bfbbc8ec35ff1484b2be036ef48716a49dcf1cc37e155a3f5819690eee,"{""distance"":7,""physical_error_rate"":0.02}","{""detection_events"":15917,""detectors_checked"":183008,""obs_mistake_mask=E"":9}"
    606208,         1,         0,    16.2,exact_mw,f5ed540d8b33fe7a17a96c57e6e367075413a3677864b79373445f6bf89adea1,"{""distance"":7,""physical_error_rate"":0.0002}","{""detection_events"":358351,""detectors_checked"":364937216,""obs_mistake_mask=E"":1}"
       544,         8,         0,    32.3,exact_mw,2e54b5982e286509c94a8bc96d1d6e54082c27eed948d684125948784bc20414,"{""distance"":7,""physical_error_rate"":0.01}","{""detection_events"":15131,""detectors_checked"":327488,""obs_mistake_mask=E"":8}"
       968,         7,         0,    32.3,exact_mw,2e54b5982e286509c94a8bc96d1d6e54082c27eed948d684125948784bc20414,"{""distance"":7,""physical_error_rate"":0.01}","{""detection_events"":26810,""detectors_checked"":582736,""obs_mistake_mask=E"":7}"
       672,         4,         0,    12.0,exact_mw,0a198d80e37665dd6f23c481ef1c601566b502223b7ce5d7a38dc87c0be91af9,"{""distance"":7,""physical_error_rate"":0.005}","{""detection_events"":9950,""detectors_checked"":404544,""obs_mistake_mask=E"":4}"
    583680,         0,         0,    11.6,exact_mw,d5491e2f66b0c830b41b0168451c8818c583b15508c9bf9282dc8e7a6cb6bd3f,"{""distance"":7,""physical_error_rate"":0.0001}","{""detection_events"":174198,""detectors_checked"":351375360}"
     31232,         1,         0,    32.2,exact_mw,7acd59d404317421b37957afea3f5c66f33c9ef46579a47fd7c0ca3dd0dfc735,"{""distance"":7,""physical_error_rate"":0.001}","{""detection_events"":91228,""detectors_checked"":18801664,""obs_mistake_mask=E"":1}"
     13312,         0,         0,    11.8,exact_mw,7acd59d404317421b37957afea3f5c66f33c9ef46579a47fd7c0ca3dd0dfc735,"{""distance"":7,""physical_error_rate"":0.001}","{""detection_events"":38693,""detectors_checked"":8013824}"
      6912,         2,         0,    32.6,exact_mw,ca91ffa42463e210e189f165a9a4cbcfd1773a75ca815ff24a9009c31e62d8d0,"{""distance"":7,""physical_error_rate"":0.002}","{""detection_events"":40569,""detectors_checked"":4161024,""obs_mistake_mask=E"":2}"
    813056,         0,         0,    16.2,exact_mw,f7d5d61828a7d0145c65811496ba49aa9633daaed59c6883f51143c3b878094e,"{""distance"":7,""physical_error_rate"":5e-05}","{""detection_events"":120712,""detectors_checked"":489459712}"
     35840,         1,         0,    32.9,exact_mw,7acd59d404317421b37957afea3f5c66f33c9ef46579a47fd7c0ca3dd0dfc735,"{""distance"":7,""physical_error_rate"":0.001}","{""detection_events"":106609,""detectors_checked"":21575680,""obs_mistake_mask=E"":1}"
      1472,         1,         0,    32.6,exact_mw,0a198d80e37665dd6f23c481ef1c601566b502223b7ce5d7a38dc87c0be91af9,"{""distance"":7,""physical_error_rate"":0.005}","{""detection_events"":20615,""detectors_checked"":886144,""obs_mistake_mask=E"":1}"
       704,        34,         0,    32.6,exact_mw,1f0c41bfbbc8ec35ff1484b2be036ef48716a49dcf1cc37e155a3f5819690eee,"{""distance"":7,""physical_error_rate"":0.02}","{""detection_events"":36107,""detectors_checked"":423808,""obs_mistake_mask=E"":34}"
       664,        28,         0,    32.3,exact_mw,1f0c41bfbbc8ec35ff1484b2be036ef48716a49dcf1cc37e155a3f5819690eee,"{""distance"":7,""physical_error_rate"":0.02}","{""detection_events"":34444,""detectors_checked"":399728,""obs_mistake_mask=E"":28}"
      1856,         2,         0,    32.4,exact_mw,0a198d80e37665dd6f23c481ef1c601566b502223b7ce5d7a38dc87c0be91af9,"{""distance"":7,""physical_error_rate"":0.005}","{""detection_events"":26861,""detectors_checked"":1117312,""obs_mistake_mask=E"":2}"
       656,        29,         0,    32.4,exact_mw,1f0c41bfbbc8ec35ff1484b2be036ef48716a49dcf1cc37e155a3f5819690eee,"{""distance"":7,""physical_error_rate"":0.02}","{""detection_events"":33914,""detectors_checked"":394912,""obs_mistake_mask=E"":29}"
     26624,         1,         0,    32.1,exact_mw,7acd59d404317421b37957afea3f5c66f33c9ef46579a47fd7c0ca3dd0dfc735,"{""distance"":7,""physical_error_rate"":0.001}","{""detection_events"":77891,""detectors_checked"":16027648,""obs_mistake_mask=E"":1}"
     14848,         0,         0,    16.8,exact_mw,7acd59d404317421b37957afea3f5c66f33c9ef46579a47fd7c0ca3dd0dfc735,"{""distance"":7,""physical_error_rate"":0.001}","{""detection_events"":43888,""detectors_checked"":8938496}"
     22528,         0,         0,    32.5,exact_mw,7acd59d404317421b37957afea3f5c66f33c9ef46579a47fd7c0ca3dd0dfc735,"{""distance"":7,""physical_error_rate"":0.001}","{""detection_events"":66703,""detectors_checked"":13561856}"
      2688,         0,         0,    16.4,exact_mw,ca91ffa42463e210e189f165a9a4cbcfd1773a75ca815ff24a9009c31e62d8d0,"{""distance"":7,""physical_error_rate"":0.002}","{""detection_events"":15565,""detectors_checked"":1618176}"
      2432,         1,         0,    11.9,exact_mw,ca91ffa42463e210e189f165a9a4cbcfd1773a75ca815ff24a9009c31e62d8d0,"{""distance"":7,""physical_error_rate"":0.002}","{""detection_events"":14426,""detectors_checked"":1464064,""obs_mistake_mask=E"":1}"
       384,         4,         0,    11.7,exact_mw,2e54b5982e286509c94a8bc96d1d6e54082c27eed948d684125948784bc20414,"{""distance"":7,""physical_error_rate"":0.01}","{""detection_events"":10685,""detectors_checked"":231168,""obs_mistake_mask=E"":4}"
       368,         1,         0,    12.0,exact_mw,2e54b5982e286509c94a8bc96d1d6e54082c27eed948d684125948784bc20414,"{""distance"":7,""physical_error_rate"":0.01}","{""detection_events"":10191,""detectors_checked"":221536,""obs_mistake_mask=E"":1}"
      5120,         1,         0,    32.4,exact_mw,ca91ffa42463e210e189f165a9a4cbcfd1773a75ca815ff24a9009c31e62d8d0,"{""distance"":7,""physical_error_rate"":0.002}","{""detection_events"":29945,""detectors_checked"":3082240,""obs_mistake_mask=E"":1}"
       800,         0,         0,    16.9,exact_mw,0a198d80e37665dd6f23c481ef1c601566b502223b7ce5d7a38dc87c0be91af9,"{""distance"":7,""physical_error_rate"":0.005}","{""detection_events"":11334,""detectors_checked"":481600}"
    424960,         0,         0,    22.8,exact_mw,f5ed540d8b33fe7a17a96c57e6e367075413a3677864b79373445f6bf89adea1,"{""distance"":7,""physical_error_rate"":0.0002}","{""detection_events"":253700,""detectors_checked"":255825920}"
   1416192,         0,         0,    22.9,exact_mw,d5491e2f66b0c830b41b0168451c8818c583b15508c9bf9282dc8e7a6cb6bd3f,"{""distance"":7,""physical_error_rate"":0.0001}","{""detection_events"":419434,""detectors_checked"":852547584}"
       288,        13,         0,    16.9,exact_mw,1f0c41bfbbc8ec35ff1484b2be036ef48716a49dcf1cc37e155a3f5819690eee,"{""distance"":7,""physical_error_rate"":0.02}","{""detection_events"":15232,""detectors_checked"":173376,""obs_mistake_mask=E"":13}"
     95232,         0,         0,    16.6,exact_mw,c34bb01325b9980f7caca1807bd93e7e28846c82b8c0538af034740e6e7d5106,"{""distance"":7,""physical_error_rate"":0.0005}","{""detection_events"":142157,""detectors_checked"":57329664}"
       224,         1,         0,    17.0,exact_mw,2e54b5982e286509c94a8bc96d1d6e54082c27eed948d684125948784bc20414,"{""distance"":7,""physical_error_rate"":0.01}","{""detection_events"":6359,""detectors_checked"":134848,""obs_mistake_mask=E"":1}"
       400,        18,         0,    16.9,exact_mw,1f0c41bfbbc8ec35ff1484b2be036ef48716a49dcf1cc37e155a3f5819690eee,"{""distance"":7,""physical_error_rate"":0.02}","{""detection_events"":20791,""detectors_checked"":240800,""obs_mistake_mask=E"":18}"
       992,         2,         0,    16.9,exact_mw,0a198d80e37665dd6f23c481ef1c601566b502223b7ce5d7a38dc87c0be91af9,"{""distance"":7,""physical_error_rate"":0.005}","{""detection_events"":14441,""detectors_checked"":597184,""obs_mistake_mask=E"":2}"
   1036288,         1,         0,    16.2,exact_mw,d5491e2f66b0c830b41b0168451c8818c583b15508c9bf9282dc8e7a6cb6bd3f,"{""distance"":7,""physical_error_rate"":0.0001}","{""detection_events"":306595,""detectors_checked"":623845376,""obs_mistake_mask=E"":1}"
     17920,         0,         0,    16.9,exact_mw,7acd59d404317421b37957afea3f5c66f33c9ef46579a47fd7c0ca3dd0dfc735,"{""distance"":7,""physical_error_rate"":0.001}","{""detection_events"":52588,""detectors_checked"":10787840}"
    140288,         0,         0,    23.1,exact_mw,c34bb01325b9980f7caca1807bd93e7e28846c82b8c0538af034740e6e7d5106,"{""distance"":7,""physical_error_rate"":0.0005}","{""detection_events"":208062,""detectors_checked"":84453376}"
   1331200,         0,         0,    22.8,exact_mw,f7d5d61828a7d0145c65811496ba49aa9633daaed59c6883f51143c3b878094e,"{""distance"":7,""physical_error_rate"":5e-05}","{""detection_events"":197157,""detectors_checked"":801382400}"
       576,         3,         0,    16.7,exact_mw,2e54b5982e286509c94a8bc96d1d6e54082c27eed948d684125948784bc20414,"{""distance"":7,""physical_error_rate"":0.01}","{""detection_events"":15809,""detectors_checked"":346752,""obs_mistake_mask=E"":3}"
    717824,         0,         0,    22.9,exact_mw,f5ed540d8b33fe7a17a96c57e6e367075413a3677864b79373445f6bf89adea1,"{""distance"":7,""physical_error_rate"":0.0002}","{""detection_events"":426900,""detectors_checked"":432130048}"
      3968,         3,         0,    16.9,exact_mw,ca91ffa42463e210e189f165a9a4cbcfd1773a75ca815ff24a9009c31e62d8d0,"{""distance"":7,""physical_error_rate"":0.002}","{""detection_events"":23079,""detectors_checked"":2388736,""obs_mistake_mask=E"":3}"
       528,         3,         0,    16.4,exact_mw,2e54b5982e286509c94a8bc96d1d6e54082c27eed948d684125948784bc20414,"{""distance"":7,""physical_error_rate"":0.01}","{""detection_events"":14638,""detectors_checked"":317856,""obs_mistake_mask=E"":3}"
   1256448,         0,         0,    22.8,exact_mw,f7d5d61828a7d0145c65811496ba49aa9633daaed59c6883f51143c3b878094e,"{""distance"":7,""physical_error_rate"":5e-05}","{""detection_events"":186529,""detectors_checked"":756381696}"
     23040,         0,         0,    23.2,exact_mw,7acd59d404317421b37957afea3f5c66f33c9ef46579a47fd7c0ca3dd0dfc735,"{""distance"":7,""physical_error_rate"":0.001}","{""detection_events"":68096,""detectors_checked"":13870080}"
      3968,         1,         0,    23.1,exact_mw,ca91ffa42463e210e189f165a9a4cbcfd1773a75ca815ff24a9009c31e62d8d0,"{""distance"":7,""physical_error_rate"":0.002}","{""detection_events"":23773,""detectors_checked"":2388736,""obs_mistake_mask=E"":1}"
   2058240,         0,         0,    44.7,exact_mw,f5ed540d8b33fe7a17a96c57e6e367075413a3677864b79373445f6bf89adea1,"{""distance"":7,""physical_error_rate"":0.0002}","{""detection_events"":1218971,""detectors_checked"":1239060480}"
      1088,         1,         0,    23.3,exact_mw,0a198d80e37665dd6f23c481ef1c601566b502223b7ce5d7a38dc87c0be91af9,"{""distance"":7,""physical_error_rate"":0.005}","{""detection_events"":15950,""detectors_checked"":654976,""obs_mistake_mask=E"":1}"
   1175552,         0,         0,    44.6,exact_mw,d5491e2f66b0c830b41b0168451c8818c583b15508c9bf9282dc8e7a6cb6bd3f,"{""distance"":7,""physical_error_rate"":0.0001}","{""detection_events"":349421,""detectors_checked"":707682304}"
     54272,         2,         0,    45.6,exact_mw,7acd59d404317421b37957afea3f5c66f33c9ef46579a47fd7c0ca3dd0dfc735,"{""distance"":7,""physical_error_rate"":0.001}","{""detection_events"":158709,""detectors_checked"":32671744,""obs_mistake_mask=E"":2}"
   3337216,         0,         0,    44.6,exact_mw,d5491e2f66b0c830b41b0168451c8818c583b15508c9bf9282dc8e7a6cb6bd3f,"{""distance"":7,""physical_error_rate"":0.0001}","{""detection_events"":989576,""detectors_checked"":2009004032}"
   2603008,         0,         0,    44.7,exact_mw,d5491e2f66b0c830b41b0168451c8818c583b15508c9bf9282dc8e7a6cb6bd3f,"{""distance"":7,""physical_error_rate"":0.0001}","{""detection_events"":771564,""detectors_checked"":1567010816}"
   2646016,         0,         0,    44.6,exact_mw,f7d5d61828a7d0145c65811496ba49aa9633daaed59c6883f51143c3b878094e,"{""distance"":7,""physical_error_rate"":5e-05}","{""detection_events"":393818,""detectors_checked"":1592901632}"
   1369088,         0,         0,    44.7,exact_mw,f5ed540d8b33fe7a17a96c57e6e367075413a3677864b79373445f6bf89adea1,"{""distance"":7,""physical_error_rate"":0.0002}","{""detection_events"":809847,""detectors_checked"":824190976}"
   1516544,         1,         0,    44.8,exact_mw,f5ed540d8b33fe7a17a96c57e6e367075413a3677864b79373445f6bf89adea1,"{""distance"":7,""physical_error_rate"":0.0002}","{""detection_events"":901468,""detectors_checked"":912959488,""obs_mistake_mask=E"":1}"
    972800,         0,         0,    44.7,exact_mw,f5ed540d8b33fe7a17a96c57e6e367075413a3677864b79373445f6bf89adea1,"{""distance"":7,""physical_error_rate"":0.0002}","{""detection_events"":576034,""detectors_checked"":585625600}"
    283648,         0,         0,    45.0,exact_mw,c34bb01325b9980f7caca1807bd93e7e28846c82b8c0538af034740e6e7d5106,"{""distance"":7,""physical_error_rate"":0.0005}","{""detection_events"":420969,""detectors_checked"":170756096}"
       912,        41,         0,    45.8,exact_mw,1f0c41bfbbc8ec35ff1484b2be036ef48716a49dcf1cc37e155a3f5819690eee,"{""distance"":7,""physical_error_rate"":0.02}","{""detection_events"":46932,""detectors_checked"":549024,""obs_mistake_mask=E"":41}"
   2178048,         0,         0,    44.5,exact_mw,f7d5d61828a7d0145c65811496ba49aa9633daaed59c6883f51143c3b878094e,"{""distance"":7,""physical_error_rate"":5e-05}","{""detection_events"":321109,""detectors_checked"":1311184896}"
      8448,         1,         0,    45.1,exact_mw,ca91ffa42463e210e189f165a9a4cbcfd1773a75ca815ff24a9009c31e62d8d0,"{""distance"":7,""physical_error_rate"":0.002}","{""detection_events"":49806,""detectors_checked"":5085696,""obs_mistake_mask=E"":1}"
   2881536,         0,         0,    44.7,exact_mw,f7d5d61828a7d0145c65811496ba49aa9633daaed59c6883f51143c3b878094e,"{""distance"":7,""physical_error_rate"":5e-05}","{""detection_events"":425926,""detectors_checked"":1734684672}"
   2776064,         0,         0,    44.6,exact_mw,f7d5d61828a7d0145c65811496ba49aa9633daaed59c6883f51143c3b878094e,"{""distance"":7,""physical_error_rate"":5e-05}","{""detection_events"":410014,""detectors_checked"":1671190528}"
   3226624,         0,         0,    44.6,exact_mw,f7d5d61828a7d0145c65811496ba49aa9633daaed59c6883f51143c3b878094e,"{""distance"":7,""physical_error_rate"":5e-05}","{""detection_events"":477447,""detectors_checked"":1942427648}"
       480,        19,         0,    23.3,exact_mw,1f0c41bfbbc8ec35ff1484b2be036ef48716a49dcf1cc37e155a3f5819690eee,"{""distance"":7,""physical_error_rate"":0.02}","{""detection_events"":25308,""detectors_checked"":288960,""obs_mistake_mask=E"":19}"
    105472,         0,         0,    23.0,exact_mw,c34bb01325b9980f7caca1807bd93e7e28846c82b8c0538af034740e6e7d5106,"{""distance"":7,""physical_error_rate"":0.0005}","{""detection_events"":156285,""detectors_checked"":63494144}"
    249856,         0,         0,    45.2,exact_mw,c34bb01325b9980f7caca1807bd93e7e28846c82b8c0538af034740e6e7d5106,"{""distance"":7,""physical_error_rate"":0.0005}","{""detection_events"":370129,""detectors_checked"":150413312}"
   1495040,         0,         0,    44.8,exact_mw,f5ed540d8b33fe7a17a96c57e6e367075413a3677864b79373445f6bf89adea1,"{""distance"":7,""physical_error_rate"":0.0002}","{""detection_events"":889230,""detectors_checked"":900014080}"
   2601984,         0,         0,    44.5,exact_mw,d5491e2f66b0c830b41b0168451c8818c583b15508c9bf9282dc8e7a6cb6bd3f,"{""distance"":7,""physical_error_rate"":0.0001}","{""detection_events"":770097,""detectors_checked"":1566394368}"
       672,         5,         0,    23.1,exact_mw,2e54b5982e286509c94a8bc96d1d6e54082c27eed948d684125948784bc20414,"{""distance"":7,""physical_error_rate"":0.01}","{""detection_events"":18336,""detectors_checked"":404544,""obs_mistake_mask=E"":5}"
       480,        24,         0,    23.3,exact_mw,1f0c41bfbbc8ec35ff1484b2be036ef48716a49dcf1cc37e155a3f5819690eee,"{""distance"":7,""physical_error_rate"":0.02}","{""detection_events"":24993,""detectors_checked"":288960,""obs_mistake_mask=E"":24}"
   2313216,         1,         0,    44.6,exact_mw,d5491e2f66b0c830b41b0168451c8818c583b15508c9bf9282dc8e7a6cb6bd3f,"{""distance"":7,""physical_error_rate"":0.0001}","{""detection_events"":689066,""detectors_checked"":1392556032,""obs_mistake_mask=E"":1}"
      2336,         2,         0,    45.4,exact_mw,0a198d80e37665dd6f23c481ef1c601566b502223b7ce5d7a38dc87c0be91af9,"{""distance"":7,""physical_error_rate"":0.005}","{""detection_events"":33992,""detectors_checked"":1406272,""obs_mistake_mask=E"":2}"
   1227776,         0,         0,    22.8,exact_mw,d5491e2f66b0c830b41b0168451c8818c583b15508c9bf9282dc8e7a6cb6bd3f,"{""distance"":7,""physical_error_rate"":0.0001}","{""detection_events"":364654,""detectors_checked"":739121152}"
      1344,         3,         0,    23.3,exact_mw,0a198d80e37665dd6f23c481ef1c601566b502223b7ce5d7a38dc87c0be91af9,"{""distance"":7,""physical_error_rate"":0.005}","{""detection_events"":19282,""detectors_checked"":809088,""obs_mistake_mask=E"":3}"
       976,        43,         0,    45.4,exact_mw,1f0c41bfbbc8ec35ff1484b2be036ef48716a49dcf1cc37e155a3f5819690eee,"{""distance"":7,""physical_error_rate"":0.02}","{""detection_events"":51091,""detectors_checked"":587552,""obs_mistake_mask=E"":43}"
    223232,         0,         0,    45.0,exact_mw,c34bb01325b9980f7caca1807bd93e7e28846c82b8c0538af034740e6e7d5106,"{""distance"":7,""physical_error_rate"":0.0005}","{""detection_events"":328793,""detectors_checked"":134385664}"
    245760,         0,         0,    45.1,exact_mw,c34bb01325b9980f7caca1807bd93e7e28846c82b8c0538af034740e6e7d5106,"{""distance"":7,""physical_error_rate"":0.0005}","{""detection_events"":366393,""detectors_checked"":147947520}"
     11776,         3,         0,    45.1,exact_mw,ca91ffa42463e210e189f165a9a4cbcfd1773a75ca815ff24a9009c31e62d8d0,"{""distance"":7,""physical_error_rate"":0.002}","{""detection_events"":69003,""detectors_checked"":7089152,""obs_mistake_mask=E"":3}"
    231424,         2,         0,    45.1,exact_mw,c34bb01325b9980f7caca1807bd93e7e28846c82b8c0538af034740e6e7d5106,"{""distance"":7,""physical_error_rate"":0.0005}","{""detection_events"":341870,""detectors_checked"":139317248,""obs_mistake_mask=E"":2}"
      2496,         3,         0,    45.2,exact_mw,0a198d80e37665dd6f23c481ef1c601566b502223b7ce5d7a38dc87c0be91af9,"{""distance"":7,""physical_error_rate"":0.005}","{""detection_events"":35814,""detectors_checked"":1502592,""obs_mistake_mask=E"":3}"
     18944,         1,         0,    23.6,exact_mw,7acd59d404317421b37957afea3f5c66f33c9ef46579a47fd7c0ca3dd0dfc735,"{""distance"":7,""physical_error_rate"":0.001}","{""detection_events"":56060,""detectors_checked"":11404288,""obs_mistake_mask=E"":1}"
      1360,         8,         0,    45.0,exact_mw,2e54b5982e286509c94a8bc96d1d6e54082c27eed948d684125948784bc20414,"{""distance"":7,""physical_error_rate"":0.01}","{""detection_events"":37759,""detectors_checked"":818720,""obs_mistake_mask=E"":8}"
   1096704,         1,         0,    32.0,exact_mw,f5ed540d8b33fe7a17a96c57e6e367075413a3677864b79373445f6bf89adea1,"{""distance"":7,""physical_error_rate"":0.0002}","{""detection_events"":646009,""detectors_checked"":660215808,""obs_mistake_mask=E"":1}"
      1840,         5,         0,    45.1,exact_mw,0a198d80e37665dd6f23c481ef1c601566b502223b7ce5d7a38dc87c0be91af9,"{""distance"":7,""physical_error_rate"":0.005}","{""detection_events"":26529,""detectors_checked"":1107680,""obs_mistake_mask=E"":5}"
      1536,        11,         0,    45.0,exact_mw,2e54b5982e286509c94a8bc96d1d6e54082c27eed948d684125948784bc20414,"{""distance"":7,""physical_error_rate"":0.01}","{""detection_events"":43027,""detectors_checked"":924672,""obs_mistake_mask=E"":11}"
      9600,         0,         0,    45.2,exact_mw,ca91ffa42463e210e189f165a9a4cbcfd1773a75ca815ff24a9009c31e62d8d0,"{""distance"":7,""physical_error_rate"":0.002}","{""detection_events"":56203,""detectors_checked"":5779200}"
      1152,        15,         0,    45.6,exact_mw,2e54b5982e286509c94a8bc96d1d6e54082c27eed948d684125948784bc20414,"{""distance"":7,""physical_error_rate"":0.01}","{""detection_events"":31814,""detectors_checked"":693504,""obs_mistake_mask=E"":15}"
   1849344,         0,         0,    32.0,exact_mw,d5491e2f66b0c830b41b0168451c8818c583b15508c9bf9282dc8e7a6cb6bd3f,"{""distance"":7,""physical_error_rate"":0.0001}","{""detection_events"":550272,""detectors_checked"":1113305088}"
      1152,         9,         0,    45.5,exact_mw,2e54b5982e286509c94a8bc96d1d6e54082c27eed948d684125948784bc20414,"{""distance"":7,""physical_error_rate"":0.01}","{""detection_events"":32236,""detectors_checked"":693504,""obs_mistake_mask=E"":9}"
       712,        10,         0,    45.4,exact_mw,2e54b5982e286509c94a8bc96d1d6e54082c27eed948d684125948784bc20414,"{""distance"":7,""physical_error_rate"":0.01}","{""detection_events"":20376,""detectors_checked"":428624,""obs_mistake_mask=E"":10}"
       496,         8,         0,    23.3,exact_mw,2e54b5982e286509c94a8bc96d1d6e54082c27eed948d684125948784bc20414,"{""distance"":7,""physical_error_rate"":0.01}","{""detection_events"":13720,""detectors_checked"":298592,""obs_mistake_mask=E"":8}"
      5504,         0,         0,    23.1,exact_mw,ca91ffa42463e210e189f165a9a4cbcfd1773a75ca815ff24a9009c31e62d8d0,"{""distance"":7,""physical_error_rate"":0.002}","{""detection_events"":31453,""detectors_checked"":3313408}"
      6720,         0,         0,    45.1,exact_mw,ca91ffa42463e210e189f165a9a4cbcfd1773a75ca815ff24a9009c31e62d8d0,"{""distance"":7,""physical_error_rate"":0.002}","{""detection_events"":39310,""detectors_checked"":4045440}"
       800,         4,         0,    23.4,exact_mw,2e54b5982e286509c94a8bc96d1d6e54082c27eed948d684125948784bc20414,"{""distance"":7,""physical_error_rate"":0.01}","{""detection_events"":22373,""detectors_checked"":481600,""obs_mistake_mask=E"":4}"
     46080,         0,         0,    45.7,exact_mw,7acd59d404317421b37957afea3f5c66f33c9ef46579a47fd7c0ca3dd0dfc735,"{""distance"":7,""physical_error_rate"":0.001}","{""detection_events"":135355,""detectors_checked"":27740160}"
     47616,         0,         0,    45.3,exact_mw,7acd59d404317421b37957afea3f5c66f33c9ef46579a47fd7c0ca3dd0dfc735,"{""distance"":7,""physical_error_rate"":0.001}","{""detection_events"":141424,""detectors_checked"":28664832}"
       952,        44,         0,    45.4,exact_mw,1f0c41bfbbc8ec35ff1484b2be036ef48716a49dcf1cc37e155a3f5819690eee,"{""distance"":7,""physical_error_rate"":0.02}","{""detection_events"":49563,""detectors_checked"":573104,""obs_mistake_mask=E"":44}"
      1984,         2,         0,    45.4,exact_mw,0a198d80e37665dd6f23c481ef1c601566b502223b7ce5d7a38dc87c0be91af9,"{""distance"":7,""physical_error_rate"":0.005}","{""detection_events"":28946,""detectors_checked"":1194368,""obs_mistake_mask=E"":2}"
      2656,         2,         0,    45.1,exact_mw,0a198d80e37665dd6f23c481ef1c601566b502223b7ce5d7a38dc87c0be91af9,"{""distance"":7,""physical_error_rate"":0.005}","{""detection_events"":38004,""detectors_checked"":1598912,""obs_mistake_mask=E"":2}"
       944,        50,         0,    45.7,exact_mw,1f0c41bfbbc8ec35ff1484b2be036ef48716a49dcf1cc37e155a3f5819690eee,"{""distance"":7,""physical_error_rate"":0.02}","{""detection_events"":49413,""detectors_checked"":568288,""obs_mistake_mask=E"":50}"
     37888,         0,         0,    45.3,exact_mw,7acd59d404317421b37957afea3f5c66f33c9ef46579a47fd7c0ca3dd0dfc735,"{""distance"":7,""physical_error_rate"":0.001}","{""detection_events"":112002,""detectors_checked"":22808576}"
       960,        50,         0,    45.7,exact_mw,1f0c41bfbbc8ec35ff1484b2be036ef48716a49dcf1cc37e155a3f5819690eee,"{""distance"":7,""physical_error_rate"":0.02}","{""detection_events"":50226,""detectors_checked"":577920,""obs_mistake_mask=E"":50}"
     25088,         0,         0,    45.5,exact_mw,7acd59d404317421b37957afea3f5c66f33c9ef46579a47fd7c0ca3dd0dfc735,"{""distance"":7,""physical_error_rate"":0.001}","{""detection_events"":74158,""detectors_checked"":15102976}"
    197632,         0,         0,    32.2,exact_mw,c34bb01325b9980f7caca1807bd93e7e28846c82b8c0538af034740e6e7d5106,"{""distance"":7,""physical_error_rate"":0.0005}","{""detection_events"":291683,""detectors_checked"":118974464}"
   1671168,         0,         0,    31.9,exact_mw,f7d5d61828a7d0145c65811496ba49aa9633daaed59c6883f51143c3b878094e,"{""distance"":7,""physical_error_rate"":5e-05}","{""detection_events"":248255,""detectors_checked"":1006043136}"
      8576,         1,         0,    45.3,exact_mw,ca91ffa42463e210e189f165a9a4cbcfd1773a75ca815ff24a9009c31e62d8d0,"{""distance"":7,""physical_error_rate"":0.002}","{""detection_events"":49555,""detectors_checked"":5162752,""obs_mistake_mask=E"":1}"
   1061888,         0,         0,    32.0,exact_mw,f5ed540d8b33fe7a17a96c57e6e367075413a3677864b79373445f6bf89adea1,"{""distance"":7,""physical_error_rate"":0.0002}","{""detection_events"":631175,""detectors_checked"":639256576}"
   1461248,         0,         0,    31.9,exact_mw,f7d5d61828a7d0145c65811496ba49aa9633daaed59c6883f51143c3b878094e,"{""distance"":7,""physical_error_rate"":5e-05}","{""detection_events"":216633,""detectors_checked"":879671296}"
     32256,         3,         0,    32.7,exact_mw,7acd59d404317421b37957afea3f5c66f33c9ef46579a47fd7c0ca3dd0dfc735,"{""distance"":7,""physical_error_rate"":0.001}","{""detection_events"":94860,""detectors_checked"":19418112,""obs_mistake_mask=E"":3}"
      5760,         2,         0,    32.3,exact_mw,ca91ffa42463e210e189f165a9a4cbcfd1773a75ca815ff24a9009c31e62d8d0,"{""distance"":7,""physical_error_rate"":0.002}","{""detection_events"":33160,""detectors_checked"":3467520,""obs_mistake_mask=E"":2}"
      1632,         0,         0,    32.5,exact_mw,0a198d80e37665dd6f23c481ef1c601566b502223b7ce5d7a38dc87c0be91af9,"{""distance"":7,""physical_error_rate"":0.005}","{""detection_events"":24084,""detectors_checked"":982464}"
    196608,         1,         0,    32.3,exact_mw,c34bb01325b9980f7caca1807bd93e7e28846c82b8c0538af034740e6e7d5106,"{""distance"":7,""physical_error_rate"":0.0005}","{""detection_events"":287962,""detectors_checked"":118358016,""obs_mistake_mask=E"":1}"
       688,        31,         0,    32.4,exact_mw,1f0c41bfbbc8ec35ff1484b2be036ef48716a49dcf1cc37e155a3f5819690eee,"{""distance"":7,""physical_error_rate"":0.02}","{""detection_events"":35756,""detectors_checked"":414176,""obs_mistake_mask=E"":31}"
       128,         6,         0,    21.4,exact_mw,1f0c41bfbbc8ec35ff1484b2be036ef48716a49dcf1cc37e155a3f5819690eee,"{""distance"":7,""physical_error_rate"":0.02}","{""detection_events"":6874,""detectors_checked"":77056,""obs_mistake_mask=E"":6}"
       512,        22,         0,    21.3,exact_mw,1f0c41bfbbc8ec35ff1484b2be036ef48716a49dcf1cc37e155a3f5819690eee,"{""distance"":7,""physical_error_rate"":0.02}","{""detection_events"":27063,""detectors_checked"":308224,""obs_mistake_mask=E"":22}"
       800,        34,         0,    33.7,exact_mw,1f0c41bfbbc8ec35ff1484b2be036ef48716a49dcf1cc37e155a3f5819690eee,"{""distance"":7,""physical_error_rate"":0.02}","{""detection_events"":42446,""detectors_checked"":481600,""obs_mistake_mask=E"":34}"
       496,        18,         0,    22.3,exact_mw,1f0c41bfbbc8ec35ff1484b2be036ef48716a49dcf1cc37e155a3f5819690eee,"{""distance"":7,""physical_error_rate"":0.02}","{""detection_events"":26043,""detectors_checked"":298592,""obs_mistake_mask=E"":18}"
       704,        31,         0,    29.9,exact_mw,1f0c41bfbbc8ec35ff1484b2be036ef48716a49dcf1cc37e155a3f5819690eee,"{""distance"":7,""physical_error_rate"":0.02}","{""detection_events"":37335,""detectors_checked"":423808,""obs_mistake_mask=E"":31}"
       784,        34,         0,    31.4,exact_mw,1f0c41bfbbc8ec35ff1484b2be036ef48716a49dcf1cc37e155a3f5819690eee,"{""distance"":7,""physical_error_rate"":0.02}","{""detection_events"":40578,""detectors_checked"":471968,""obs_mistake_mask=E"":34}"
      1072,        12,         0,    32.6,exact_mw,2e54b5982e286509c94a8bc96d1d6e54082c27eed948d684125948784bc20414,"{""distance"":7,""physical_error_rate"":0.01}","{""detection_events"":29891,""detectors_checked"":645344,""obs_mistake_mask=E"":12}"
   1804288,         0,         0,    31.9,exact_mw,d5491e2f66b0c830b41b0168451c8818c583b15508c9bf9282dc8e7a6cb6bd3f,"{""distance"":7,""physical_error_rate"":0.0001}","{""detection_events"":538481,""detectors_checked"":1086181376}"
      1536,         3,         0,    32.5,exact_mw,0a198d80e37665dd6f23c481ef1c601566b502223b7ce5d7a38dc87c0be91af9,"{""distance"":7,""physical_error_rate"":0.005}","{""detection_events"":21861,""detectors_checked"":924672,""obs_mistake_mask=E"":3}"
     26112,         0,         0,    32.6,exact_mw,7acd59d404317421b37957afea3f5c66f33c9ef46579a47fd7c0ca3dd0dfc735,"{""distance"":7,""physical_error_rate"":0.001}","{""detection_events"":76959,""detectors_checked"":15719424}"
      1088,         6,         0,    32.4,exact_mw,2e54b5982e286509c94a8bc96d1d6e54082c27eed948d684125948784bc20414,"{""distance"":7,""physical_error_rate"":0.01}","{""detection_events"":29792,""detectors_checked"":654976,""obs_mistake_mask=E"":6}"
      7552,         3,         0,    32.5,exact_mw,ca91ffa42463e210e189f165a9a4cbcfd1773a75ca815ff24a9009c31e62d8d0,"{""distance"":7,""physical_error_rate"":0.002}","{""detection_events"":44146,""detectors_checked"":4546304,""obs_mistake_mask=E"":3}"
       832,         8,         0,    32.4,exact_mw,2e54b5982e286509c94a8bc96d1d6e54082c27eed948d684125948784bc20414,"{""distance"":7,""physical_error_rate"":0.01}","{""detection_events"":23155,""detectors_checked"":500864,""obs_mistake_mask=E"":8}"
   1580032,         0,         0,    44.8,exact_mw,f5ed540d8b33fe7a17a96c57e6e367075413a3677864b79373445f6bf89adea1,"{""distance"":7,""physical_error_rate"":0.0002}","{""detection_events"":937703,""detectors_checked"":951179264}"
   2471936,         0,         0,    44.7,exact_mw,d5491e2f66b0c830b41b0168451c8818c583b15508c9bf9282dc8e7a6cb6bd3f,"{""distance"":7,""physical_error_rate"":0.0001}","{""detection_events"":733785,""detectors_checked"":1488105472}"
   2988032,         1,         0,    62.7,exact_mw,f5ed540d8b33fe7a17a96c57e6e367075413a3677864b79373445f6bf89adea1,"{""distance"":7,""physical_error_rate"":0.0002}","{""detection_events"":1775988,""detectors_checked"":1798795264,""obs_mistake_mask=E"":1}"
      1297,         0,         0,   0.010,exact_mw,f7d5d61828a7d0145c65811496ba49aa9633daaed59c6883f51143c3b878094e,"{""distance"":7,""physical_error_rate"":5e-05}","{""detection_events"":219,""detectors_checked"":780794}"
      1024,         0,         0,   0.007,exact_mw,f7d5d61828a7d0145c65811496ba49aa9633daaed59c6883f51143c3b878094e,"{""distance"":7,""physical_error_rate"":5e-05}","{""detection_events"":178,""detectors_checked"":616448}"
      1024,         0,         0,   0.007,exact_mw,f7d5d61828a7d0145c65811496ba49aa9633daaed59c6883f51143c3b878094e,"{""distance"":7,""physical_error_rate"":5e-05}","{""detection_events"":160,""detectors_checked"":616448}"
      2048,         0,         0,   0.040,exact_mw,f7d5d61828a7d0145c65811496ba49aa9633daaed59c6883f51143c3b878094e,"{""distance"":7,""physical_error_rate"":5e-05}","{""detection_events"":313,""detectors_checked"":1232896}"
      3072,         0,         0,   0.033,exact_mw,f7d5d61828a7d0145c65811496ba49aa9633daaed59c6883f51143c3b878094e,"{""distance"":7,""physical_error_rate"":5e-05}","{""detection_events"":429,""detectors_checked"":1849344}"
      5120,         0,         0,   0.060,exact_mw,f7d5d61828a7d0145c65811496ba49aa9633daaed59c6883f51143c3b878094e,"{""distance"":7,""physical_error_rate"":5e-05}","{""detection_events"":786,""detectors_checked"":3082240}"
      6144,         0,         0,   0.080,exact_mw,f7d5d61828a7d0145c65811496ba49aa9633daaed59c6883f51143c3b878094e,"{""distance"":7,""physical_error_rate"":5e-05}","{""detection_events"":880,""detectors_checked"":3698688}"
      6144,         0,         0,   0.121,exact_mw,f7d5d61828a7d0145c65811496ba49aa9633daaed59c6883f51143c3b878094e,"{""distance"":7,""physical_error_rate"":5e-05}","{""detection_events"":867,""detectors_checked"":3698688}"
     12288,         0,         0,   0.159,exact_mw,f7d5d61828a7d0145c65811496ba49aa9633daaed59c6883f51143c3b878094e,"{""distance"":7,""physical_error_rate"":5e-05}","{""detection_events"":1852,""detectors_checked"":7397376}"
     16384,         0,         0,   0.211,exact_mw,f7d5d61828a7d0145c65811496ba49aa9633daaed59c6883f51143c3b878094e,"{""distance"":7,""physical_error_rate"":5e-05}","{""detection_events"":2369,""detectors_checked"":9863168}"
     22528,         0,         0,   0.306,exact_mw,f7d5d61828a7d0145c65811496ba49aa9633daaed59c6883f51143c3b878094e,"{""distance"":7,""physical_error_rate"":5e-05}","{""detection_events"":3489,""detectors_checked"":13561856}"
   1707008,         0,         0,    62.2,exact_mw,d5491e2f66b0c830b41b0168451c8818c583b15508c9bf9282dc8e7a6cb6bd3f,"{""distance"":7,""physical_error_rate"":0.0001}","{""detection_events"":506506,""detectors_checked"":1027618816}"
     28672,         0,         0,   0.395,exact_mw,f7d5d61828a7d0145c65811496ba49aa9633daaed59c6883f51143c3b878094e,"{""distance"":7,""physical_error_rate"":5e-05}","{""detection_events"":4210,""detectors_checked"":17260544}"
      1297,         0,         0,   0.010,exact_mw,d5491e2f66b0c830b41b0168451c8818c583b15508c9bf9282dc8e7a6cb6bd3f,"{""distance"":7,""physical_error_rate"":0.0001}","{""detection_events"":351,""detectors_checked"":780794}"
      1024,         0,         0,   0.007,exact_mw,d5491e2f66b0c830b41b0168451c8818c583b15508c9bf9282dc8e7a6cb6bd3f,"{""distance"":7,""physical_error_rate"":0.0001}","{""detection_events"":316,""detectors_checked"":616448}"
      2048,         0,         0,   0.027,exact_mw,d5491e2f66b0c830b41b0168451c8818c583b15508c9bf9282dc8e7a6cb6bd3f,"{""distance"":7,""physical_error_rate"":0.0001}","{""detection_events"":624,""detectors_checked"":1232896}"
      3072,         0,         0,   0.034,exact_mw,d5491e2f66b0c830b41b0168451c8818c583b15508c9bf9282dc8e7a6cb6bd3f,"{""distance"":7,""physical_error_rate"":0.0001}","{""detection_events"":957,""detectors_checked"":1849344}"
      2048,         0,         0,   0.027,exact_mw,d5491e2f66b0c830b41b0168451c8818c583b15508c9bf9282dc8e7a6cb6bd3f,"{""distance"":7,""physical_error_rate"":0.0001}","{""detection_events"":599,""detectors_checked"":1232896}"
      3072,         0,         0,   0.053,exact_mw,d5491e2f66b0c830b41b0168451c8818c583b15508c9bf9282dc8e7a6cb6bd3f,"{""distance"":7,""physical_error_rate"":0.0001}","{""detection_events"":879,""detectors_checked"":1849344}"
      4096,         0,         0,   0.081,exact_mw,d5491e2f66b0c830b41b0168451c8818c583b15508c9bf9282dc8e7a6cb6bd3f,"{""distance"":7,""physical_error_rate"":0.0001}","{""detection_events"":1272,""detectors_checked"":2465792}"
    287744,         2,         0,    45.0,exact_mw,c34bb01325b9980f7caca1807bd93e7e28846c82b8c0538af034740e6e7d5106,"{""distance"":7,""physical_error_rate"":0.0005}","{""detection_events"":426101,""detectors_checked"":173221888,""obs_mistake_mask=E"":2}"
     41984,         0,         0,   0.562,exact_mw,f7d5d61828a7d0145c65811496ba49aa9633daaed59c6883f51143c3b878094e,"{""distance"":7,""physical_error_rate"":5e-05}","{""detection_events"":6132,""detectors_checked"":25274368}"
      1297,         0,         0,   0.089,exact_mw,f5ed540d8b33fe7a17a96c57e6e367075413a3677864b79373445f6bf89adea1,"{""distance"":7,""physical_error_rate"":0.0002}","{""detection_events"":886,""detectors_checked"":780794}"
      8192,         0,         0,   0.122,exact_mw,d5491e2f66b0c830b41b0168451c8818c583b15508c9bf9282dc8e7a6cb6bd3f,"{""distance"":7,""physical_error_rate"":0.0001}","{""detection_events"":2469,""detectors_checked"":4931584}"
      1024,         0,         0,   0.055,exact_mw,f5ed540d8b33fe7a17a96c57e6e367075413a3677864b79373445f6bf89adea1,"{""distance"":7,""physical_error_rate"":0.0002}","{""detection_events"":639,""detectors_checked"":616448}"
      1024,         0,         0,   0.028,exact_mw,f5ed540d8b33fe7a17a96c57e6e367075413a3677864b79373445f6bf89adea1,"{""distance"":7,""physical_error_rate"":0.0002}","{""detection_events"":602,""detectors_checked"":616448}"
     10240,         0,         0,   0.135,exact_mw,d5491e2f66b0c830b41b0168451c8818c583b15508c9bf9282dc8e7a6cb6bd3f,"{""distance"":7,""physical_error_rate"":0.0001}","{""detection_events"":3072,""detectors_checked"":6164480}"
      1024,         0,         0,   0.055,exact_mw,f5ed540d8b33fe7a17a96c57e6e367075413a3677864b79373445f6bf89adea1,"{""distance"":7,""physical_error_rate"":0.0002}","{""detection_events"":637,""detectors_checked"":616448}"
      2048,         0,         0,   0.080,exact_mw,f5ed540d8b33fe7a17a96c57e6e367075413a3677864b79373445f6bf89adea1,"{""distance"":7,""physical_error_rate"":0.0002}","{""detection_events"":1211,""detectors_checked"":1232896}"
      2048,         0,         0,   0.056,exact_mw,f5ed540d8b33fe7a17a96c57e6e367075413a3677864b79373445f6bf89adea1,"{""distance"":7,""physical_error_rate"":0.0002}","{""detection_events"":1221,""detectors_checked"":1232896}"
     12288,         0,         0,   0.218,exact_mw,d5491e2f66b0c830b41b0168451c8818c583b15508c9bf9282dc8e7a6cb6bd3f,"{""distance"":7,""physical_error_rate"":0.0001}","{""detection_events"":3543,""detectors_checked"":7397376}"
      2048,         0,         0,   0.083,exact_mw,f5ed540d8b33fe7a17a96c57e6e367075413a3677864b79373445f6bf89adea1,"{""distance"":7,""physical_error_rate"":0.0002}","{""detection_events"":1290,""detectors_checked"":1232896}"
         1,         0,         0,   0.001,exact_mw,7acd59d404317421b37957afea3f5c66f33c9ef46579a47fd7c0ca3dd0dfc735,"{""distance"":7,""physical_error_rate"":0.001}","{""detection_events"":5,""detectors_checked"":602}"
      3072,         0,         0,   0.113,exact_mw,f5ed540d8b33fe7a17a96c57e6e367075413a3677864b79373445f6bf89adea1,"{""distance"":7,""physical_error_rate"":0.0002}","{""detection_events"":1863,""detectors_checked"":1849344}"
      4096,         0,         0,   0.161,exact_mw,f5ed540d8b33fe7a17a96c57e6e367075413a3677864b79373445f6bf89adea1,"{""distance"":7,""physical_error_rate"":0.0002}","{""detection_events"":2337,""detectors_checked"":2465792}"
     20480,         0,         0,   0.290,exact_mw,d5491e2f66b0c830b41b0168451c8818c583b15508c9bf9282dc8e7a6cb6bd3f,"{""distance"":7,""physical_error_rate"":0.0001}","{""detection_events"":6005,""detectors_checked"":12328960}"
       272,         0,         0,   0.277,exact_mw,7acd59d404317421b37957afea3f5c66f33c9ef46579a47fd7c0ca3dd0dfc735,"{""distance"":7,""physical_error_rate"":0.001}","{""detection_events"":884,""detectors_checked"":163744}"
     57344,         0,         0,   0.791,exact_mw,f7d5d61828a7d0145c65811496ba49aa9633daaed59c6883f51143c3b878094e,"{""distance"":7,""physical_error_rate"":5e-05}","{""detection_events"":8291,""detectors_checked"":34521088}"
   4039680,         0,         0,    62.5,exact_mw,d5491e2f66b0c830b41b0168451c8818c583b15508c9bf9282dc8e7a6cb6bd3f,"{""distance"":7,""physical_error_rate"":0.0001}","{""detection_events"":1197345,""detectors_checked"":2431887360}"
      5120,         0,         0,   0.211,exact_mw,f5ed540d8b33fe7a17a96c57e6e367075413a3677864b79373445f6bf89adea1,"{""distance"":7,""physical_error_rate"":0.0002}","{""detection_events"":3104,""detectors_checked"":3082240}"
   3716096,         0,         0,    62.3,exact_mw,d5491e2f66b0c830b41b0168451c8818c583b15508c9bf9282dc8e7a6cb6bd3f,"{""distance"":7,""physical_error_rate"":0.0001}","{""detection_events"":1103713,""detectors_checked"":2237089792}"
       512,         0,         0,   0.327,exact_mw,7acd59d404317421b37957afea3f5c66f33c9ef46579a47fd7c0ca3dd0dfc735,"{""distance"":7,""physical_error_rate"":0.001}","{""detection_events"":1448,""detectors_checked"":308224}"
     25600,         0,         0,   0.406,exact_mw,d5491e2f66b0c830b41b0168451c8818c583b15508c9bf9282dc8e7a6cb6bd3f,"{""distance"":7,""physical_error_rate"":0.0001}","{""detection_events"":7475,""detectors_checked"":15411200}"
      8192,         0,         0,   0.276,exact_mw,f5ed540d8b33fe7a17a96c57e6e367075413a3677864b79373445f6bf89adea1,"{""distance"":7,""physical_error_rate"":0.0002}","{""detection_events"":4961,""detectors_checked"":4931584}"
     72192,         1,         0,    63.7,exact_mw,7acd59d404317421b37957afea3f5c66f33c9ef46579a47fd7c0ca3dd0dfc735,"{""distance"":7,""physical_error_rate"":0.001}","{""detection_events"":212733,""detectors_checked"":43459584,""obs_mistake_mask=E"":1}"
   1656832,         0,         0,    44.4,exact_mw,f7d5d61828a7d0145c65811496ba49aa9633daaed59c6883f51143c3b878094e,"{""distance"":7,""physical_error_rate"":5e-05}","{""detection_events"":246693,""detectors_checked"":997412864}"
       512,         0,         0,   0.384,exact_mw,7acd59d404317421b37957afea3f5c66f33c9ef46579a47fd7c0ca3dd0dfc735,"{""distance"":7,""physical_error_rate"":0.001}","{""detection_events"":1490,""detectors_checked"":308224}"
     12288,         0,         0,   0.411,exact_mw,f5ed540d8b33fe7a17a96c57e6e367075413a3677864b79373445f6bf89adea1,"{""distance"":7,""physical_error_rate"":0.0002}","{""detection_events"":6904,""detectors_checked"":7397376}"
     37888,         0,         0,   0.586,exact_mw,d5491e2f66b0c830b41b0168451c8818c583b15508c9bf9282dc8e7a6cb6bd3f,"{""distance"":7,""physical_error_rate"":0.0001}","{""detection_events"":11516,""detectors_checked"":22808576}"
   2889728,         0,         0,    62.3,exact_mw,f7d5d61828a7d0145c65811496ba49aa9633daaed59c6883f51143c3b878094e,"{""distance"":7,""physical_error_rate"":5e-05}","{""detection_events"":427795,""detectors_checked"":1739616256}"
       512,         0,         0,   0.361,exact_mw,7acd59d404317421b37957afea3f5c66f33c9ef46579a47fd7c0ca3dd0dfc735,"{""distance"":7,""physical_error_rate"":0.001}","{""detection_events"":1374,""detectors_checked"":308224}"
     81920,         0,         0,    1.11,exact_mw,f7d5d61828a7d0145c65811496ba49aa9633daaed59c6883f51143c3b878094e,"{""distance"":7,""physical_error_rate"":5e-05}","{""detection_events"":11642,""detectors_checked"":49315840}"
     16384,         0,         0,   0.568,exact_mw,f5ed540d8b33fe7a17a96c57e6e367075413a3677864b79373445f6bf89adea1,"{""distance"":7,""physical_error_rate"":0.0002}","{""detection_events"":9547,""detectors_checked"":9863168}"
       512,         0,         0,   0.441,exact_mw,7acd59d404317421b37957afea3f5c66f33c9ef46579a47fd7c0ca3dd0dfc735,"{""distance"":7,""physical_error_rate"":0.001}","{""detection_events"":1507,""detectors_checked"":308224}"
   2251776,         1,         0,    62.6,exact_mw,f5ed540d8b33fe7a17a96c57e6e367075413a3677864b79373445f6bf89adea1,"{""distance"":7,""physical_error_rate"":0.0002}","{""detection_events"":1330873,""detectors_checked"":1355569152,""obs_mistake_mask=E"":1}"
     53248,         0,         0,   0.787,exact_mw,d5491e2f66b0c830b41b0168451c8818c583b15508c9bf9282dc8e7a6cb6bd3f,"{""distance"":7,""physical_error_rate"":0.0001}","{""detection_events"":15812,""detectors_checked"":32055296}"
         1,         0,         0,   0.001,exact_mw,ca91ffa42463e210e189f165a9a4cbcfd1773a75ca815ff24a9009c31e62d8d0,"{""distance"":7,""physical_error_rate"":0.002}","{""detection_events"":4,""detectors_checked"":602}"
       512,         0,         0,   0.586,exact_mw,7acd59d404317421b37957afea3f5c66f33c9ef46579a47fd7c0ca3dd0dfc735,"{""distance"":7,""physical_error_rate"":0.001}","{""detection_events"":1588,""detectors_checked"":308224}"
        16,         0,         0,   0.036,exact_mw,ca91ffa42463e210e189f165a9a4cbcfd1773a75ca815ff24a9009c31e62d8d0,"{""distance"":7,""physical_error_rate"":0.002}","{""detection_events"":107,""detectors_checked"":9632}"
         1,         0,         0,   0.004,exact_mw,0a198d80e37665dd6f23c481ef1c601566b502223b7ce5d7a38dc87c0be91af9,"{""distance"":7,""physical_error_rate"":0.005}","{""detection_events"":18,""detectors_checked"":602}"
   1966080,         0,         0,    62.7,exact_mw,f5ed540d8b33fe7a17a96c57e6e367075413a3677864b79373445f6bf89adea1,"{""distance"":7,""physical_error_rate"":0.0002}","{""detection_events"":1162963,""detectors_checked"":1183580160}"
     23552,         0,         0,   0.811,exact_mw,f5ed540d8b33fe7a17a96c57e6e367075413a3677864b79373445f6bf89adea1,"{""distance"":7,""physical_error_rate"":0.0002}","{""detection_events"":13734,""detectors_checked"":14178304}"
   2038784,         0,         0,    62.6,exact_mw,f5ed540d8b33fe7a17a96c57e6e367075413a3677864b79373445f6bf89adea1,"{""distance"":7,""physical_error_rate"":0.0002}","{""detection_events"":1211421,""detectors_checked"":1227347968}"
        16,         0,         0,   0.355,exact_mw,0a198d80e37665dd6f23c481ef1c601566b502223b7ce5d7a38dc87c0be91af9,"{""distance"":7,""physical_error_rate"":0.005}","{""detection_events"":284,""detectors_checked"":9632}"
   1498112,         2,         0,    44.8,exact_mw,f5ed540d8b33fe7a17a96c57e6e367075413a3677864b79373445f6bf89adea1,"{""distance"":7,""physical_error_rate"":0.0002}","{""detection_events"":891541,""detectors_checked"":901863424,""obs_mistake_mask=E"":2}"
    420864,         1,         0,    62.9,exact_mw,c34bb01325b9980f7caca1807bd93e7e28846c82b8c0538af034740e6e7d5106,"{""distance"":7,""physical_error_rate"":0.0005}","{""detection_events"":622938,""detectors_checked"":253360128,""obs_mistake_mask=E"":1}"
    114688,         0,         0,    1.56,exact_mw,f7d5d61828a7d0145c65811496ba49aa9633daaed59c6883f51143c3b878094e,"{""distance"":7,""physical_error_rate"":5e-05}","{""detection_events"":17504,""detectors_checked"":69042176}"
        16,         0,         0,   0.273,exact_mw,0a198d80e37665dd6f23c481ef1c601566b502223b7ce5d7a38dc87c0be91af9,"{""distance"":7,""physical_error_rate"":0.005}","{""detection_events"":228,""detectors_checked"":9632}"
       512,         0,         0,   0.722,exact_mw,7acd59d404317421b37957afea3f5c66f33c9ef46579a47fd7c0ca3dd0dfc735,"{""distance"":7,""physical_error_rate"":0.001}","{""detection_events"":1391,""detectors_checked"":308224}"
   4248576,         0,         0,    62.5,exact_mw,f7d5d61828a7d0145c65811496ba49aa9633daaed59c6883f51143c3b878094e,"{""distance"":7,""physical_error_rate"":5e-05}","{""detection_events"":630451,""detectors_checked"":2557642752}"
     73728,         0,         0,    1.10,exact_mw,d5491e2f66b0c830b41b0168451c8818c583b15508c9bf9282dc8e7a6cb6bd3f,"{""distance"":7,""physical_error_rate"":0.0001}","{""detection_events"":21849,""detectors_checked"":44384256}"
     11264,         1,         0,    63.0,exact_mw,ca91ffa42463e210e189f165a9a4cbcfd1773a75ca815ff24a9009c31e62d8d0,"{""distance"":7,""physical_error_rate"":0.002}","{""detection_events"":65659,""detectors_checked"":6780928,""obs_mistake_mask=E"":1}"
   2404352,         0,         0,    62.5,exact_mw,f7d5d61828a7d0145c65811496ba49aa9633daaed59c6883f51143c3b878094e,"{""distance"":7,""physical_error_rate"":5e-05}","{""detection_events"":357773,""detectors_checked"":1447419904}"
   3852288,         0,         0,    62.6,exact_mw,f7d5d61828a7d0145c65811496ba49aa9633daaed59c6883f51143c3b878094e,"{""distance"":7,""physical_error_rate"":5e-05}","{""detection_events"":573828,""detectors_checked"":2319077376}"
        32,         0,         0,   0.652,exact_mw,0a198d80e37665dd6f23c481ef1c601566b502223b7ce5d7a38dc87c0be91af9,"{""distance"":7,""physical_error_rate"":0.005}","{""detection_events"":502,""detectors_checked"":19264}"
     33792,         0,         0,    1.24,exact_mw,f5ed540d8b33fe7a17a96c57e6e367075413a3677864b79373445f6bf89adea1,"{""distance"":7,""physical_error_rate"":0.0002}","{""detection_events"":19432,""detectors_checked"":20342784}"
       512,         0,         0,   0.710,exact_mw,7acd59d404317421b37957afea3f5c66f33c9ef46579a47fd7c0ca3dd0dfc735,"{""distance"":7,""physical_error_rate"":0.001}","{""detection_events"":1533,""detectors_checked"":308224}"
       256,         0,         0,    1.46,exact_mw,ca91ffa42463e210e189f165a9a4cbcfd1773a75ca815ff24a9009c31e62d8d0,"{""distance"":7,""physical_error_rate"":0.002}","{""detection_events"":1436,""detectors_checked"":154112}"
   4379648,         0,         0,    62.4,exact_mw,f7d5d61828a7d0145c65811496ba49aa9633daaed59c6883f51143c3b878094e,"{""distance"":7,""physical_error_rate"":5e-05}","{""detection_events"":651994,""detectors_checked"":2636548096}"
        17,         0,         0,   0.022,exact_mw,c34bb01325b9980f7caca1807bd93e7e28846c82b8c0538af034740e6e7d5106,"{""distance"":7,""physical_error_rate"":0.0005}","{""detection_events"":33,""detectors_checked"":10234}"
       256,         0,         0,   0.059,exact_mw,c34bb01325b9980f7caca1807bd93e7e28846c82b8c0538af034740e6e7d5106,"{""distance"":7,""physical_error_rate"":0.0005}","{""detection_events"":407,""detectors_checked"":154112}"
       512,         0,         0,   0.562,exact_mw,7acd59d404317421b37957afea3f5c66f33c9ef46579a47fd7c0ca3dd0dfc735,"{""distance"":7,""physical_error_rate"":0.001}","{""detection_events"":1431,""detectors_checked"":308224}"
        32,         0,         0,   0.640,exact_mw,0a198d80e37665dd6f23c481ef1c601566b502223b7ce5d7a38dc87c0be91af9,"{""distance"":7,""physical_error_rate"":0.005}","{""detection_events"":461,""detectors_checked"":19264}"
      1024,         0,         0,   0.182,exact_mw,c34bb01325b9980f7caca1807bd93e7e28846c82b8c0538af034740e6e7d5106,"{""distance"":7,""physical_error_rate"":0.0005}","{""detection_events"":1398,""detectors_checked"":616448}"
    240640,         0,         0,    62.9,exact_mw,c34bb01325b9980f7caca1807bd93e7e28846c82b8c0538af034740e6e7d5106,"{""distance"":7,""physical_error_rate"":0.0005}","{""detection_events"":356849,""detectors_checked"":144865280}"
   1690624,         0,         0,    44.5,exact_mw,f7d5d61828a7d0145c65811496ba49aa9633daaed59c6883f51143c3b878094e,"{""distance"":7,""physical_error_rate"":5e-05}","{""detection_events"":250930,""detectors_checked"":1017755648}"
   1741824,         0,         0,    62.6,exact_mw,f5ed540d8b33fe7a17a96c57e6e367075413a3677864b79373445f6bf89adea1,"{""distance"":7,""physical_error_rate"":0.0002}","{""detection_events"":1033730,""detectors_checked"":1048578048}"
      1024,         0,         0,   0.244,exact_mw,c34bb01325b9980f7caca1807bd93e7e28846c82b8c0538af034740e6e7d5106,"{""distance"":7,""physical_error_rate"":0.0005}","{""detection_events"":1439,""detectors_checked"":616448}"
    104448,         0,         0,    1.57,exact_mw,d5491e2f66b0c830b41b0168451c8818c583b15508c9bf9282dc8e7a6cb6bd3f,"{""distance"":7,""physical_error_rate"":0.0001}","{""detection_events"":30811,""detectors_checked"":62877696}"
       128,         0,         0,   0.945,exact_mw,ca91ffa42463e210e189f165a9a4cbcfd1773a75ca815ff24a9009c31e62d8d0,"{""distance"":7,""physical_error_rate"":0.002}","{""detection_events"":692,""detectors_checked"":77056}"
       512,         0,         0,   0.571,exact_mw,7acd59d404317421b37957afea3f5c66f33c9ef46579a47fd7c0ca3dd0dfc735,"{""distance"":7,""physical_error_rate"":0.001}","{""detection_events"":1483,""detectors_checked"":308224}"
      1024,         0,         0,   0.216,exact_mw,c34bb01325b9980f7caca1807bd93e7e28846c82b8c0538af034740e6e7d5106,"{""distance"":7,""physical_error_rate"":0.0005}","{""detection_events"":1620,""detectors_checked"":616448}"
        32,         0,         0,   0.614,exact_mw,0a198d80e37665dd6f23c481ef1c601566b502223b7ce5d7a38dc87c0be91af9,"{""distance"":7,""physical_error_rate"":0.005}","{""detection_events"":476,""detectors_checked"":19264}"
   3010560,         0,         0,    62.5,exact_mw,d5491e2f66b0c830b41b0168451c8818c583b15508c9bf9282dc8e7a6cb6bd3f,"{""distance"":7,""physical_error_rate"":0.0001}","{""detection_events"":894662,""detectors_checked"":1812357120}"
    156672,         0,         0,    2.17,exact_mw,f7d5d61828a7d0145c65811496ba49aa9633daaed59c6883f51143c3b878094e,"{""distance"":7,""physical_error_rate"":5e-05}","{""detection_events"":23383,""detectors_checked"":94316544}"
      1024,         0,         0,   0.331,exact_mw,c34bb01325b9980f7caca1807bd93e7e28846c82b8c0538af034740e6e7d5106,"{""distance"":7,""physical_error_rate"":0.0005}","{""detection_events"":1560,""detectors_checked"":616448}"
     45056,         0,         0,    1.56,exact_mw,f5ed540d8b33fe7a17a96c57e6e367075413a3677864b79373445f6bf89adea1,"{""distance"":7,""physical_error_rate"":0.0002}","{""detection_events"":26813,""detectors_checked"":27123712}"
        32,         0,         0,   0.472,exact_mw,0a198d80e37665dd6f23c481ef1c601566b502223b7ce5d7a38dc87c0be91af9,"{""distance"":7,""physical_error_rate"":0.005}","{""detection_events"":424,""detectors_checked"":19264}"
   3572736,         0,         0,    62.5,exact_mw,d5491e2f66b0c830b41b0168451c8818c583b15508c9bf9282dc8e7a6cb6bd3f,"{""distance"":7,""physical_error_rate"":0.0001}","{""detection_events"":1060274,""detectors_checked"":2150787072}"
      1024,         0,         0,   0.320,exact_mw,c34bb01325b9980f7caca1807bd93e7e28846c82b8c0538af034740e6e7d5106,"{""distance"":7,""physical_error_rate"":0.0005}","{""detection_events"":1480,""detectors_checked"":616448}"
      1024,         0,         0,   0.138,exact_mw,c34bb01325b9980f7caca1807bd93e7e28846c82b8c0538af034740e6e7d5106,"{""distance"":7,""physical_error_rate"":0.0005}","{""detection_events"":1394,""detectors_checked"":616448}"
       512,         0,         0,   0.838,exact_mw,7acd59d404317421b37957afea3f5c66f33c9ef46579a47fd7c0ca3dd0dfc735,"{""distance"":7,""physical_error_rate"":0.001}","{""detection_events"":1442,""detectors_checked"":308224}"
       128,         0,         0,    1.06,exact_mw,ca91ffa42463e210e189f165a9a4cbcfd1773a75ca815ff24a9009c31e62d8d0,"{""distance"":7,""physical_error_rate"":0.002}","{""detection_events"":734,""detectors_checked"":77056}"
      1024,         0,         0,   0.323,exact_mw,c34bb01325b9980f7caca1807bd93e7e28846c82b8c0538af034740e6e7d5106,"{""distance"":7,""physical_error_rate"":0.0005}","{""detection_events"":1541,""detectors_checked"":616448}"
        32,         0,         0,   0.595,exact_mw,0a198d80e37665dd6f23c481ef1c601566b502223b7ce5d7a38dc87c0be91af9,"{""distance"":7,""physical_error_rate"":0.005}","{""detection_events"":463,""detectors_checked"":19264}"
      3296,         3,         0,    63.4,exact_mw,0a198d80e37665dd6f23c481ef1c601566b502223b7ce5d7a38dc87c0be91af9,"{""distance"":7,""physical_error_rate"":0.005}","{""detection_events"":47796,""detectors_checked"":1984192,""obs_mistake_mask=E"":3}"
        32,         0,         0,   0.403,exact_mw,0a198d80e37665dd6f23c481ef1c601566b502223b7ce5d7a38dc87c0be91af9,"{""distance"":7,""physical_error_rate"":0.005}","{""detection_events"":467,""detectors_checked"":19264}"
      2048,         0,         0,   0.498,exact_mw,c34bb01325b9980f7caca1807bd93e7e28846c82b8c0538af034740e6e7d5106,"{""distance"":7,""physical_error_rate"":0.0005}","{""detection_events"":3067,""detectors_checked"":1232896}"
      1024,         0,         0,   0.839,exact_mw,7acd59d404317421b37957afea3f5c66f33c9ef46579a47fd7c0ca3dd0dfc735,"{""distance"":7,""physical_error_rate"":0.001}","{""detection_events"":3111,""detectors_checked"":616448}"
      2048,         0,         0,   0.304,exact_mw,c34bb01325b9980f7caca1807bd93e7e28846c82b8c0538af034740e6e7d5106,"{""distance"":7,""physical_error_rate"":0.0005}","{""detection_events"":2889,""detectors_checked"":1232896}"
    149504,         0,         0,    2.17,exact_mw,d5491e2f66b0c830b41b0168451c8818c583b15508c9bf9282dc8e7a6cb6bd3f,"{""distance"":7,""physical_error_rate"":0.0001}","{""detection_events"":43900,""detectors_checked"":90001408}"
       128,         0,         0,    1.17,exact_mw,ca91ffa42463e210e189f165a9a4cbcfd1773a75ca815ff24a9009c31e62d8d0,"{""distance"":7,""physical_error_rate"":0.002}","{""detection_events"":656,""detectors_checked"":77056}"
        32,         1,         0,   0.594,exact_mw,0a198d80e37665dd6f23c481ef1c601566b502223b7ce5d7a38dc87c0be91af9,"{""distance"":7,""physical_error_rate"":0.005}","{""detection_events"":439,""detectors_checked"":19264,""obs_mistake_mask=E"":1}"
    333824,         0,         0,    63.1,exact_mw,c34bb01325b9980f7caca1807bd93e7e28846c82b8c0538af034740e6e7d5106,"{""distance"":7,""physical_error_rate"":0.0005}","{""detection_events"":491859,""detectors_checked"":200962048}"
    320512,         0,         0,    62.9,exact_mw,c34bb01325b9980f7caca1807bd93e7e28846c82b8c0538af034740e6e7d5106,"{""distance"":7,""physical_error_rate"":0.0005}","{""detection_events"":473047,""detectors_checked"":192948224}"
    345088,         1,         0,    63.0,exact_mw,c34bb01325b9980f7caca1807bd93e7e28846c82b8c0538af034740e6e7d5106,"{""distance"":7,""physical_error_rate"":0.0005}","{""detection_events"":508279,""detectors_checked"":207742976,""obs_mistake_mask=E"":1}"
      3072,         0,         0,   0.527,exact_mw,c34bb01325b9980f7caca1807bd93e7e28846c82b8c0538af034740e6e7d5106,"{""distance"":7,""physical_error_rate"":0.0005}","{""detection_events"":4430,""detectors_checked"":1849344}"
      1024,         0,         0,   0.890,exact_mw,7acd59d404317421b37957afea3f5c66f33c9ef46579a47fd7c0ca3dd0dfc735,"{""distance"":7,""physical_error_rate"":0.001}","{""detection_events"":3000,""detectors_checked"":616448}"
     15872,         1,         0,    63.2,exact_mw,ca91ffa42463e210e189f165a9a4cbcfd1773a75ca815ff24a9009c31e62d8d0,"{""distance"":7,""physical_error_rate"":0.002}","{""detection_events"":93086,""detectors_checked"":9554944,""obs_mistake_mask=E"":1}"
     73728,         0,         0,    2.17,exact_mw,f5ed540d8b33fe7a17a96c57e6e367075413a3677864b79373445f6bf89adea1,"{""distance"":7,""physical_error_rate"":0.0002}","{""detection_events"":43991,""detectors_checked"":44384256}"
        32,         0,         0,   0.671,exact_mw,0a198d80e37665dd6f23c481ef1c601566b502223b7ce5d7a38dc87c0be91af9,"{""distance"":7,""physical_error_rate"":0.005}","{""detection_events"":434,""detectors_checked"":19264}"
      4096,         0,         0,   0.662,exact_mw,c34bb01325b9980f7caca1807bd93e7e28846c82b8c0538af034740e6e7d5106,"{""distance"":7,""physical_error_rate"":0.0005}","{""detection_events"":6186,""detectors_checked"":2465792}"
    176128,         0,         0,    3.03,exact_mw,f7d5d61828a7d0145c65811496ba49aa9633daaed59c6883f51143c3b878094e,"{""distance"":7,""physical_error_rate"":5e-05}","{""detection_events"":25755,""detectors_checked"":106029056}"
      3648,         5,         0,    63.7,exact_mw,0a198d80e37665dd6f23c481ef1c601566b502223b7ce5d7a38dc87c0be91af9,"{""distance"":7,""physical_error_rate"":0.005}","{""detection_events"":52138,""detectors_checked"":2196096,""obs_mistake_mask=E"":5}"
        32,         0,         0,   0.570,exact_mw,0a198d80e37665dd6f23c481ef1c601566b502223b7ce5d7a38dc87c0be91af9,"{""distance"":7,""physical_error_rate"":0.005}","{""detection_events"":444,""detectors_checked"":19264}"
     43008,         1,         0,    45.1,exact_mw,7acd59d404317421b37957afea3f5c66f33c9ef46579a47fd7c0ca3dd0dfc735,"{""distance"":7,""physical_error_rate"":0.001}","{""detection_events"":126724,""detectors_checked"":25890816,""obs_mistake_mask=E"":1}"
      1024,         0,         0,    1.12,exact_mw,7acd59d404317421b37957afea3f5c66f33c9ef46579a47fd7c0ca3dd0dfc735,"{""distance"":7,""physical_error_rate"":0.001}","{""detection_events"":3058,""detectors_checked"":616448}"
      2080,        11,         0,    63.4,exact_mw,2e54b5982e286509c94a8bc96d1d6e54082c27eed948d684125948784bc20414,"{""distance"":7,""physical_error_rate"":0.01}","{""detection_events"":58027,""detectors_checked"":1252160,""obs_mistake_mask=E"":11}"
      6144,         0,         0,   0.918,exact_mw,c34bb01325b9980f7caca1807bd93e7e28846c82b8c0538af034740e6e7d5106,"{""distance"":7,""physical_error_rate"":0.0005}","{""detection_events"":9175,""detectors_checked"":3698688}"
      3168,         8,         0,    63.4,exact_mw,0a198d80e37665dd6f23c481ef1c601566b502223b7ce5d7a38dc87c0be91af9,"{""distance"":7,""physical_error_rate"":0.005}","{""detection_events"":45186,""detectors_checked"":1907136,""obs_mistake_mask=E"":8}"
        32,         1,         0,   0.822,exact_mw,0a198d80e37665dd6f23c481ef1c601566b502223b7ce5d7a38dc87c0be91af9,"{""distance"":7,""physical_error_rate"":0.005}","{""detection_events"":463,""detectors_checked"":19264,""obs_mistake_mask=E"":1}"
      7808,         1,         0,    45.6,exact_mw,ca91ffa42463e210e189f165a9a4cbcfd1773a75ca815ff24a9009c31e62d8d0,"{""distance"":7,""physical_error_rate"":0.002}","{""detection_events"":46446,""detectors_checked"":4700416,""obs_mistake_mask=E"":1}"
       128,         0,         0,    2.34,exact_mw,ca91ffa42463e210e189f165a9a4cbcfd1773a75ca815ff24a9009c31e62d8d0,"{""distance"":7,""physical_error_rate"":0.002}","{""detection_events"":782,""detectors_checked"":77056}"
      1904,        15,         0,    63.1,exact_mw,2e54b5982e286509c94a8bc96d1d6e54082c27eed948d684125948784bc20414,"{""distance"":7,""physical_error_rate"":0.01}","{""detection_events"":53125,""detectors_checked"":1146208,""obs_mistake_mask=E"":15}"
    216064,         0,         0,    3.04,exact_mw,d5491e2f66b0c830b41b0168451c8818c583b15508c9bf9282dc8e7a6cb6bd3f,"{""distance"":7,""physical_error_rate"":0.0001}","{""detection_events"":63321,""detectors_checked"":130070528}"
      7168,         0,         0,    1.12,exact_mw,c34bb01325b9980f7caca1807bd93e7e28846c82b8c0538af034740e6e7d5106,"{""distance"":7,""physical_error_rate"":0.0005}","{""detection_events"":10364,""detectors_checked"":4315136}"
        64,         0,         0,   0.838,exact_mw,ca91ffa42463e210e189f165a9a4cbcfd1773a75ca815ff24a9009c31e62d8d0,"{""distance"":7,""physical_error_rate"":0.002}","{""detection_events"":354,""detectors_checked"":38528}"
      6592,         0,         0,    63.1,exact_mw,ca91ffa42463e210e189f165a9a4cbcfd1773a75ca815ff24a9009c31e62d8d0,"{""distance"":7,""physical_error_rate"":0.002}","{""detection_events"":38323,""detectors_checked"":3968384}"
        64,         0,         0,    1.16,exact_mw,0a198d80e37665dd6f23c481ef1c601566b502223b7ce5d7a38dc87c0be91af9,"{""distance"":7,""physical_error_rate"":0.005}","{""detection_events"":947,""detectors_checked"":38528}"
    129024,         0,         0,    3.05,exact_mw,f5ed540d8b33fe7a17a96c57e6e367075413a3677864b79373445f6bf89adea1,"{""distance"":7,""physical_error_rate"":0.0002}","{""detection_events"":77337,""detectors_checked"":77672448}"
      1712,        18,         0,    63.1,exact_mw,2e54b5982e286509c94a8bc96d1d6e54082c27eed948d684125948784bc20414,"{""distance"":7,""physical_error_rate"":0.01}","{""detection_events"":48394,""detectors_checked"":1030624,""obs_mistake_mask=E"":18}"
      1536,         0,         0,    2.18,exact_mw,7acd59d404317421b37957afea3f5c66f33c9ef46579a47fd7c0ca3dd0dfc735,"{""distance"":7,""physical_error_rate"":0.001}","{""detection_events"":4755,""detectors_checked"":924672}"
        64,         0,         0,   0.843,exact_mw,ca91ffa42463e210e189f165a9a4cbcfd1773a75ca815ff24a9009c31e62d8d0,"{""distance"":7,""physical_error_rate"":0.002}","{""detection_events"":381,""detectors_checked"":38528}"
      1808,        18,         0,    63.1,exact_mw,2e54b5982e286509c94a8bc96d1d6e54082c27eed948d684125948784bc20414,"{""distance"":7,""physical_error_rate"":0.01}","{""detection_events"":50069,""detectors_checked"":1088416,""obs_mistake_mask=E"":18}"
        96,         0,         0,    1.37,exact_mw,0a198d80e37665dd6f23c481ef1c601566b502223b7ce5d7a38dc87c0be91af9,"{""distance"":7,""physical_error_rate"":0.005}","{""detection_events"":1408,""detectors_checked"":57792}"
      1696,        14,         0,    63.2,exact_mw,2e54b5982e286509c94a8bc96d1d6e54082c27eed948d684125948784bc20414,"{""distance"":7,""physical_error_rate"":0.01}","{""detection_events"":47703,""detectors_checked"":1020992,""obs_mistake_mask=E"":14}"
     12288,         0,         0,    1.67,exact_mw,c34bb01325b9980f7caca1807bd93e7e28846c82b8c0538af034740e6e7d5106,"{""distance"":7,""physical_error_rate"":0.0005}","{""detection_events"":17890,""detectors_checked"":7397376}"
        64,         0,         0,   0.961,exact_mw,ca91ffa42463e210e189f165a9a4cbcfd1773a75ca815ff24a9009c31e62d8d0,"{""distance"":7,""physical_error_rate"":0.002}","{""detection_events"":396,""detectors_checked"":38528}"
    214016,         0,         0,    4.25,exact_mw,f7d5d61828a7d0145c65811496ba49aa9633daaed59c6883f51143c3b878094e,"{""distance"":7,""physical_error_rate"":5e-05}","{""detection_events"":31481,""detectors_checked"":128837632}"
     11648,         1,         0,    63.4,exact_mw,ca91ffa42463e210e189f165a9a4cbcfd1773a75ca815ff24a9009c31e62d8d0,"{""distance"":7,""physical_error_rate"":0.002}","{""detection_events"":67993,""detectors_checked"":7012096,""obs_mistake_mask=E"":1}"
      2208,         4,         0,    45.7,exact_mw,0a198d80e37665dd6f23c481ef1c601566b502223b7ce5d7a38dc87c0be91af9,"{""distance"":7,""physical_error_rate"":0.005}","{""detection_events"":32389,""detectors_checked"":1329216,""obs_mistake_mask=E"":4}"
      2048,         0,         0,    2.26,exact_mw,7acd59d404317421b37957afea3f5c66f33c9ef46579a47fd7c0ca3dd0dfc735,"{""distance"":7,""physical_error_rate"":0.001}","{""detection_events"":5956,""detectors_checked"":1232896}"
        64,         0,         0,    1.06,exact_mw,ca91ffa42463e210e189f165a9a4cbcfd1773a75ca815ff24a9009c31e62d8d0,"{""distance"":7,""physical_error_rate"":0.002}","{""detection_events"":314,""detectors_checked"":38528}"
     44800,         0,         0,    63.4,exact_mw,7acd59d404317421b37957afea3f5c66f33c9ef46579a47fd7c0ca3dd0dfc735,"{""distance"":7,""physical_error_rate"":0.001}","{""detection_events"":131238,""detectors_checked"":26969600}"
        96,         0,         0,    1.62,exact_mw,0a198d80e37665dd6f23c481ef1c601566b502223b7ce5d7a38dc87c0be91af9,"{""distance"":7,""physical_error_rate"":0.005}","{""detection_events"":1355,""detectors_checked"":57792}"
     64512,         1,         0,    63.1,exact_mw,7acd59d404317421b37957afea3f5c66f33c9ef46579a47fd7c0ca3dd0dfc735,"{""distance"":7,""physical_error_rate"":0.001}","{""detection_events"":190047,""detectors_checked"":38836224,""obs_mistake_mask=E"":1}"
     13312,         0,         0,    2.23,exact_mw,c34bb01325b9980f7caca1807bd93e7e28846c82b8c0538af034740e6e7d5106,"{""distance"":7,""physical_error_rate"":0.0005}","{""detection_events"":19943,""detectors_checked"":8013824}"
        64,         0,         0,    1.12,exact_mw,ca91ffa42463e210e189f165a9a4cbcfd1773a75ca815ff24a9009c31e62d8d0,"{""distance"":7,""physical_error_rate"":0.002}","{""detection_events"":406,""detectors_checked"":38528}"
    293888,         0,         0,    4.25,exact_mw,d5491e2f66b0c830b41b0168451c8818c583b15508c9bf9282dc8e7a6cb6bd3f,"{""distance"":7,""physical_error_rate"":0.0001}","{""detection_events"":87395,""detectors_checked"":176920576}"
      3072,         3,         0,    63.1,exact_mw,0a198d80e37665dd6f23c481ef1c601566b502223b7ce5d7a38dc87c0be91af9,"{""distance"":7,""physical_error_rate"":0.005}","{""detection_events"":43933,""detectors_checked"":1849344,""obs_mistake_mask=E"":3}"
      3776,         5,         0,    63.0,exact_mw,0a198d80e37665dd6f23c481ef1c601566b502223b7ce5d7a38dc87c0be91af9,"{""distance"":7,""physical_error_rate"":0.005}","{""detection_events"":54516,""detectors_checked"":2273152,""obs_mistake_mask=E"":5}"
    189440,         0,         0,    4.26,exact_mw,f5ed540d8b33fe7a17a96c57e6e367075413a3677864b79373445f6bf89adea1,"{""distance"":7,""physical_error_rate"":0.0002}","{""detection_events"":112784,""detectors_checked"":114042880}"
     51968,         1,         0,    63.1,exact_mw,7acd59d404317421b37957afea3f5c66f33c9ef46579a47fd7c0ca3dd0dfc735,"{""distance"":7,""physical_error_rate"":0.001}","{""detection_events"":153747,""detectors_checked"":31284736,""obs_mistake_mask=E"":1}"
        64,         0,         0,    1.32,exact_mw,ca91ffa42463e210e189f165a9a4cbcfd1773a75ca815ff24a9009c31e62d8d0,"{""distance"":7,""physical_error_rate"":0.002}","{""detection_events"":349,""detectors_checked"":38528}"
       160,         0,         0,    2.43,exact_mw,0a198d80e37665dd6f23c481ef1c601566b502223b7ce5d7a38dc87c0be91af9,"{""distance"":7,""physical_error_rate"":0.005}","{""detection_events"":2247,""detectors_checked"":96320}"
      3072,         0,         0,    3.09,exact_mw,7acd59d404317421b37957afea3f5c66f33c9ef46579a47fd7c0ca3dd0dfc735,"{""distance"":7,""physical_error_rate"":0.001}","{""detection_events"":9208,""detectors_checked"":1849344}"
     52608,         1,         0,    63.1,exact_mw,7acd59d404317421b37957afea3f5c66f33c9ef46579a47fd7c0ca3dd0dfc735,"{""distance"":7,""physical_error_rate"":0.001}","{""detection_events"":155201,""detectors_checked"":31670016,""obs_mistake_mask=E"":1}"
        64,         0,         0,    1.27,exact_mw,ca91ffa42463e210e189f165a9a4cbcfd1773a75ca815ff24a9009c31e62d8d0,"{""distance"":7,""physical_error_rate"":0.002}","{""detection_events"":401,""detectors_checked"":38528}"
     20480,         0,         0,    3.18,exact_mw,c34bb01325b9980f7caca1807bd93e7e28846c82b8c0538af034740e6e7d5106,"{""distance"":7,""physical_error_rate"":0.0005}","{""detection_events"":30369,""detectors_checked"":12328960}"
        64,         0,         0,    1.18,exact_mw,ca91ffa42463e210e189f165a9a4cbcfd1773a75ca815ff24a9009c31e62d8d0,"{""distance"":7,""physical_error_rate"":0.002}","{""detection_events"":346,""detectors_checked"":38528}"
    248832,         1,         0,    44.9,exact_mw,c34bb01325b9980f7caca1807bd93e7e28846c82b8c0538af034740e6e7d5106,"{""distance"":7,""physical_error_rate"":0.0005}","{""detection_events"":366412,""detectors_checked"":149796864,""obs_mistake_mask=E"":1}"
    415744,         0,         0,    5.95,exact_mw,f7d5d61828a7d0145c65811496ba49aa9633daaed59c6883f51143c3b878094e,"{""distance"":7,""physical_error_rate"":5e-05}","{""detection_events"":62216,""detectors_checked"":250277888}"
       192,         0,         0,    3.12,exact_mw,0a198d80e37665dd6f23c481ef1c601566b502223b7ce5d7a38dc87c0be91af9,"{""distance"":7,""physical_error_rate"":0.005}","{""detection_events"":2710,""detectors_checked"":115584}"
      1360,        10,         0,    45.2,exact_mw,2e54b5982e286509c94a8bc96d1d6e54082c27eed948d684125948784bc20414,"{""distance"":7,""physical_error_rate"":0.01}","{""detection_events"":38069,""detectors_checked"":818720,""obs_mistake_mask=E"":10}"
     11136,         3,         0,    63.3,exact_mw,ca91ffa42463e210e189f165a9a4cbcfd1773a75ca815ff24a9009c31e62d8d0,"{""distance"":7,""physical_error_rate"":0.002}","{""detection_events"":65973,""detectors_checked"":6703872,""obs_mistake_mask=E"":3}"
    406528,         0,         0,    5.96,exact_mw,d5491e2f66b0c830b41b0168451c8818c583b15508c9bf9282dc8e7a6cb6bd3f,"{""distance"":7,""physical_error_rate"":0.0001}","{""detection_events"":120730,""detectors_checked"":244729856}"
       192,         0,         0,    2.44,exact_mw,ca91ffa42463e210e189f165a9a4cbcfd1773a75ca815ff24a9009c31e62d8d0,"{""distance"":7,""physical_error_rate"":0.002}","{""detection_events"":1002,""detectors_checked"":115584}"
   2548736,         0,         0,    44.7,exact_mw,d5491e2f66b0c830b41b0168451c8818c583b15508c9bf9282dc8e7a6cb6bd3f,"{""distance"":7,""physical_error_rate"":0.0001}","{""detection_events"":758613,""detectors_checked"":1534339072}"
      5120,         0,         0,    4.66,exact_mw,7acd59d404317421b37957afea3f5c66f33c9ef46579a47fd7c0ca3dd0dfc735,"{""distance"":7,""physical_error_rate"":0.001}","{""detection_events"":14690,""detectors_checked"":3082240}"
    224256,         0,         0,    5.95,exact_mw,f5ed540d8b33fe7a17a96c57e6e367075413a3677864b79373445f6bf89adea1,"{""distance"":7,""physical_error_rate"":0.0002}","{""detection_events"":134270,""detectors_checked"":135002112}"
      2752,         4,         0,    45.2,exact_mw,0a198d80e37665dd6f23c481ef1c601566b502223b7ce5d7a38dc87c0be91af9,"{""distance"":7,""physical_error_rate"":0.005}","{""detection_events"":39299,""detectors_checked"":1656704,""obs_mistake_mask=E"":4}"
     25600,         0,         0,    4.40,exact_mw,c34bb01325b9980f7caca1807bd93e7e28846c82b8c0538af034740e6e7d5106,"{""distance"":7,""physical_error_rate"":0.0005}","{""detection_events"":38069,""detectors_checked"":15411200}"
     43520,         2,         0,    45.8,exact_mw,7acd59d404317421b37957afea3f5c66f33c9ef46579a47fd7c0ca3dd0dfc735,"{""distance"":7,""physical_error_rate"":0.001}","{""detection_events"":128157,""detectors_checked"":26199040,""obs_mistake_mask=E"":2}"
        96,         0,         0,    2.63,exact_mw,ca91ffa42463e210e189f165a9a4cbcfd1773a75ca815ff24a9009c31e62d8d0,"{""distance"":7,""physical_error_rate"":0.002}","{""detection_events"":608,""detectors_checked"":57792}"
       256,         0,         0,    4.54,exact_mw,0a198d80e37665dd6f23c481ef1c601566b502223b7ce5d7a38dc87c0be91af9,"{""distance"":7,""physical_error_rate"":0.005}","{""detection_events"":3620,""detectors_checked"":154112}"
       416,         0,         0,    3.18,exact_mw,ca91ffa42463e210e189f165a9a4cbcfd1773a75ca815ff24a9009c31e62d8d0,"{""distance"":7,""physical_error_rate"":0.002}","{""detection_events"":2502,""detectors_checked"":250432}"
      1240,        14,         0,    45.3,exact_mw,2e54b5982e286509c94a8bc96d1d6e54082c27eed948d684125948784bc20414,"{""distance"":7,""physical_error_rate"":0.01}","{""detection_events"":34672,""detectors_checked"":746480,""obs_mistake_mask=E"":14}"
     10880,         0,         0,    45.4,exact_mw,ca91ffa42463e210e189f165a9a4cbcfd1773a75ca815ff24a9009c31e62d8d0,"{""distance"":7,""physical_error_rate"":0.002}","{""detection_events"":64472,""detectors_checked"":6549760}"
    630784,         0,         0,    8.31,exact_mw,f7d5d61828a7d0145c65811496ba49aa9633daaed59c6883f51143c3b878094e,"{""distance"":7,""physical_error_rate"":5e-05}","{""detection_events"":93325,""detectors_checked"":379731968}"
      6144,         0,         0,    6.38,exact_mw,7acd59d404317421b37957afea3f5c66f33c9ef46579a47fd7c0ca3dd0dfc735,"{""distance"":7,""physical_error_rate"":0.001}","{""detection_events"":18137,""detectors_checked"":3698688}"
      1176,         5,         0,    45.4,exact_mw,2e54b5982e286509c94a8bc96d1d6e54082c27eed948d684125948784bc20414,"{""distance"":7,""physical_error_rate"":0.01}","{""detection_events"":32397,""detectors_checked"":707952,""obs_mistake_mask=E"":5}"
     29696,         0,         0,    5.96,exact_mw,c34bb01325b9980f7caca1807bd93e7e28846c82b8c0538af034740e6e7d5106,"{""distance"":7,""physical_error_rate"":0.0005}","{""detection_events"":44146,""detectors_checked"":17876992}"
    566272,         0,         0,    8.32,exact_mw,d5491e2f66b0c830b41b0168451c8818c583b15508c9bf9282dc8e7a6cb6bd3f,"{""distance"":7,""physical_error_rate"":0.0001}","{""detection_events"":168249,""detectors_checked"":340895744}"
    237568,         0,         0,    8.32,exact_mw,f5ed540d8b33fe7a17a96c57e6e367075413a3677864b79373445f6bf89adea1,"{""distance"":7,""physical_error_rate"":0.0002}","{""detection_events"":141062,""detectors_checked"":143015936}"
       320,         0,         0,    6.42,exact_mw,0a198d80e37665dd6f23c481ef1c601566b502223b7ce5d7a38dc87c0be91af9,"{""distance"":7,""physical_error_rate"":0.005}","{""detection_events"":4411,""detectors_checked"":192640}"
      1024,         0,         0,    4.63,exact_mw,ca91ffa42463e210e189f165a9a4cbcfd1773a75ca815ff24a9009c31e62d8d0,"{""distance"":7,""physical_error_rate"":0.002}","{""detection_events"":5995,""detectors_checked"":616448}"
      6656,         0,         0,    8.37,exact_mw,7acd59d404317421b37957afea3f5c66f33c9ef46579a47fd7c0ca3dd0dfc735,"{""distance"":7,""physical_error_rate"":0.001}","{""detection_events"":19537,""detectors_checked"":4006912}"
     41984,         0,         0,    8.43,exact_mw,c34bb01325b9980f7caca1807bd93e7e28846c82b8c0538af034740e6e7d5106,"{""distance"":7,""physical_error_rate"":0.0005}","{""detection_events"":62123,""detectors_checked"":25274368}"
      1536,         0,         0,    6.42,exact_mw,ca91ffa42463e210e189f165a9a4cbcfd1773a75ca815ff24a9009c31e62d8d0,"{""distance"":7,""physical_error_rate"":0.002}","{""detection_events"":9160,""detectors_checked"":924672}"
       448,         1,         0,    8.42,exact_mw,0a198d80e37665dd6f23c481ef1c601566b502223b7ce5d7a38dc87c0be91af9,"{""distance"":7,""physical_error_rate"":0.005}","{""detection_events"":6599,""detectors_checked"":269696,""obs_mistake_mask=E"":1}"
    807936,         0,         0,    11.6,exact_mw,f7d5d61828a7d0145c65811496ba49aa9633daaed59c6883f51143c3b878094e,"{""distance"":7,""physical_error_rate"":5e-05}","{""detection_events"":119009,""detectors_checked"":486377472}"
    791552,         0,         0,    11.6,exact_mw,d5491e2f66b0c830b41b0168451c8818c583b15508c9bf9282dc8e7a6cb6bd3f,"{""distance"":7,""physical_error_rate"":0.0001}","{""detection_events"":234122,""detectors_checked"":476514304}"
    385024,         0,         0,    11.7,exact_mw,f5ed540d8b33fe7a17a96c57e6e367075413a3677864b79373445f6bf89adea1,"{""distance"":7,""physical_error_rate"":0.0002}","{""detection_events"":227730,""detectors_checked"":231784448}"
      1664,         0,         0,    8.67,exact_mw,ca91ffa42463e210e189f165a9a4cbcfd1773a75ca815ff24a9009c31e62d8d0,"{""distance"":7,""physical_error_rate"":0.002}","{""detection_events"":9589,""detectors_checked"":1001728}"
     13312,         0,         0,    12.2,exact_mw,7acd59d404317421b37957afea3f5c66f33c9ef46579a47fd7c0ca3dd0dfc735,"{""distance"":7,""physical_error_rate"":0.001}","{""detection_events"":38855,""detectors_checked"":8013824}"
     54272,         0,         0,    11.8,exact_mw,c34bb01325b9980f7caca1807bd93e7e28846c82b8c0538af034740e6e7d5106,"{""distance"":7,""physical_error_rate"":0.0005}","{""detection_events"":79385,""detectors_checked"":32671744}"
       576,         0,         0,    11.7,exact_mw,0a198d80e37665dd6f23c481ef1c601566b502223b7ce5d7a38dc87c0be91af9,"{""distance"":7,""physical_error_rate"":0.005}","{""detection_events"":8347,""detectors_checked"":346752}"
   1936384,         0,         0,    62.7,exact_mw,f5ed540d8b33fe7a17a96c57e6e367075413a3677864b79373445f6bf89adea1,"{""distance"":7,""physical_error_rate"":0.0002}","{""detection_events"":1147810,""detectors_checked"":1165703168}"
    857088,         0,         0,    16.3,exact_mw,f7d5d61828a7d0145c65811496ba49aa9633daaed59c6883f51143c3b878094e,"{""distance"":7,""physical_error_rate"":5e-05}","{""detection_events"":126863,""detectors_checked"":515966976}"
   3104768,         0,         0,    62.5,exact_mw,d5491e2f66b0c830b41b0168451c8818c583b15508c9bf9282dc8e7a6cb6bd3f,"{""distance"":7,""physical_error_rate"":0.0001}","{""detection_events"":917182,""detectors_checked"":1869070336}"
   1108992,         0,         0,    16.2,exact_mw,d5491e2f66b0c830b41b0168451c8818c583b15508c9bf9282dc8e7a6cb6bd3f,"{""distance"":7,""physical_error_rate"":0.0001}","{""detection_events"":328266,""detectors_checked"":667613184}"
    550912,         0,         0,    16.4,exact_mw,f5ed540d8b33fe7a17a96c57e6e367075413a3677864b79373445f6bf89adea1,"{""distance"":7,""physical_error_rate"":0.0002}","{""detection_events"":328761,""detectors_checked"":331649024}"
      2432,         0,         0,    12.2,exact_mw,ca91ffa42463e210e189f165a9a4cbcfd1773a75ca815ff24a9009c31e62d8d0,"{""distance"":7,""physical_error_rate"":0.002}","{""detection_events"":14566,""detectors_checked"":1464064}"
    364544,         1,         0,    63.0,exact_mw,c34bb01325b9980f7caca1807bd93e7e28846c82b8c0538af034740e6e7d5106,"{""distance"":7,""physical_error_rate"":0.0005}","{""detection_events"":538682,""detectors_checked"":219455488,""obs_mistake_mask=E"":1}"
   3784704,         0,         0,    62.4,exact_mw,f7d5d61828a7d0145c65811496ba49aa9633daaed59c6883f51143c3b878094e,"{""distance"":7,""physical_error_rate"":5e-05}","{""detection_events"":562809,""detectors_checked"":2278391808}"
     73728,         0,         0,    16.4,exact_mw,c34bb01325b9980f7caca1807bd93e7e28846c82b8c0538af034740e6e7d5106,"{""distance"":7,""physical_error_rate"":0.0005}","{""detection_events"":108500,""detectors_checked"":44384256}"
     13824,         0,         0,    17.1,exact_mw,7acd59d404317421b37957afea3f5c66f33c9ef46579a47fd7c0ca3dd0dfc735,"{""distance"":7,""physical_error_rate"":0.001}","{""detection_events"":40102,""detectors_checked"":8322048}"
   2243584,         0,         0,    62.7,exact_mw,f5ed540d8b33fe7a17a96c57e6e367075413a3677864b79373445f6bf89adea1,"{""distance"":7,""physical_error_rate"":0.0002}","{""detection_events"":1327527,""detectors_checked"":1350637568}"
       672,         2,         0,    16.4,exact_mw,0a198d80e37665dd6f23c481ef1c601566b502223b7ce5d7a38dc87c0be91af9,"{""distance"":7,""physical_error_rate"":0.005}","{""detection_events"":9830,""detectors_checked"":404544,""obs_mistake_mask=E"":2}"
   3182592,         0,         0,    62.3,exact_mw,f7d5d61828a7d0145c65811496ba49aa9633daaed59c6883f51143c3b878094e,"{""distance"":7,""physical_error_rate"":5e-05}","{""detection_events"":473328,""detectors_checked"":1915920384}"
     67072,         0,         0,    63.0,exact_mw,7acd59d404317421b37957afea3f5c66f33c9ef46579a47fd7c0ca3dd0dfc735,"{""distance"":7,""physical_error_rate"":0.001}","{""detection_events"":196792,""detectors_checked"":40377344}"
     12416,         0,         0,    63.4,exact_mw,ca91ffa42463e210e189f165a9a4cbcfd1773a75ca815ff24a9009c31e62d8d0,"{""distance"":7,""physical_error_rate"":0.002}","{""detection_events"":72761,""detectors_checked"":7474432}"
      3456,         1,         0,    16.8,exact_mw,ca91ffa42463e210e189f165a9a4cbcfd1773a75ca815ff24a9009c31e62d8d0,"{""distance"":7,""physical_error_rate"":0.002}","{""detection_events"":20344,""detectors_checked"":2080512,""obs_mistake_mask=E"":1}"
      3264,         3,         0,    63.5,exact_mw,0a198d80e37665dd6f23c481ef1c601566b502223b7ce5d7a38dc87c0be91af9,"{""distance"":7,""physical_error_rate"":0.005}","{""detection_events"":47450,""detectors_checked"":1964928,""obs_mistake_mask=E"":3}"
   1525760,         0,         0,    22.8,exact_mw,f7d5d61828a7d0145c65811496ba49aa9633daaed59c6883f51143c3b878094e,"{""distance"":7,""physical_error_rate"":5e-05}","{""detection_events"":225453,""detectors_checked"":918507520}"
   1218560,         0,         0,    22.8,exact_mw,d5491e2f66b0c830b41b0168451c8818c583b15508c9bf9282dc8e7a6cb6bd3f,"{""distance"":7,""physical_error_rate"":0.0001}","{""detection_events"":363265,""detectors_checked"":733573120}"
    700416,         0,         0,    22.9,exact_mw,f5ed540d8b33fe7a17a96c57e6e367075413a3677864b79373445f6bf89adea1,"{""distance"":7,""physical_error_rate"":0.0002}","{""detection_events"":415063,""detectors_checked"":421650432}"
    340992,         3,         0,    62.9,exact_mw,c34bb01325b9980f7caca1807bd93e7e28846c82b8c0538af034740e6e7d5106,"{""distance"":7,""physical_error_rate"":0.0005}","{""detection_events"":504355,""detectors_checked"":205277184,""obs_mistake_mask=E"":3}"
   4206592,         1,         0,    87.7,exact_mw,f5ed540d8b33fe7a17a96c57e6e367075413a3677864b79373445f6bf89adea1,"{""distance"":7,""physical_error_rate"":0.0002}","{""detection_events"":2497522,""detectors_checked"":2532368384,""obs_mistake_mask=E"":1}"
      1616,        13,         0,    63.4,exact_mw,2e54b5982e286509c94a8bc96d1d6e54082c27eed948d684125948784bc20414,"{""distance"":7,""physical_error_rate"":0.01}","{""detection_events"":45532,""detectors_checked"":972832,""obs_mistake_mask=E"":13}"
   3501056,         0,         0,    62.6,exact_mw,d5491e2f66b0c830b41b0168451c8818c583b15508c9bf9282dc8e7a6cb6bd3f,"{""distance"":7,""physical_error_rate"":0.0001}","{""detection_events"":1036544,""detectors_checked"":2107635712}"
      3744,         3,         0,    63.2,exact_mw,0a198d80e37665dd6f23c481ef1c601566b502223b7ce5d7a38dc87c0be91af9,"{""distance"":7,""physical_error_rate"":0.005}","{""detection_events"":53889,""detectors_checked"":2253888,""obs_mistake_mask=E"":3}"
     59904,         2,         0,    63.4,exact_mw,7acd59d404317421b37957afea3f5c66f33c9ef46579a47fd7c0ca3dd0dfc735,"{""distance"":7,""physical_error_rate"":0.001}","{""detection_events"":178462,""detectors_checked"":36062208,""obs_mistake_mask=E"":2}"
   3472384,         0,         0,    87.4,exact_mw,d5491e2f66b0c830b41b0168451c8818c583b15508c9bf9282dc8e7a6cb6bd3f,"{""distance"":7,""physical_error_rate"":0.0001}","{""detection_events"":1027167,""detectors_checked"":2090375168}"
    109568,         0,         0,    23.1,exact_mw,c34bb01325b9980f7caca1807bd93e7e28846c82b8c0538af034740e6e7d5106,"{""distance"":7,""physical_error_rate"":0.0005}","{""detection_events"":162929,""detectors_checked"":65959936}"
     16640,         0,         0,    23.1,exact_mw,7acd59d404317421b37957afea3f5c66f33c9ef46579a47fd7c0ca3dd0dfc735,"{""distance"":7,""physical_error_rate"":0.001}","{""detection_events"":49307,""detectors_checked"":10017280}"
   6007808,         0,         0,    87.5,exact_mw,d5491e2f66b0c830b41b0168451c8818c583b15508c9bf9282dc8e7a6cb6bd3f,"{""distance"":7,""physical_error_rate"":0.0001}","{""detection_events"":1784584,""detectors_checked"":3616700416}"
   4673536,         1,         0,    87.4,exact_mw,d5491e2f66b0c830b41b0168451c8818c583b15508c9bf9282dc8e7a6cb6bd3f,"{""distance"":7,""physical_error_rate"":0.0001}","{""detection_events"":1391016,""detectors_checked"":2813468672,""obs_mistake_mask=E"":1}"
     96768,         1,         0,    88.4,exact_mw,7acd59d404317421b37957afea3f5c66f33c9ef46579a47fd7c0ca3dd0dfc735,"{""distance"":7,""physical_error_rate"":0.001}","{""detection_events"":283900,""detectors_checked"":58254336,""obs_mistake_mask=E"":1}"
   5292032,         0,         0,    87.3,exact_mw,f7d5d61828a7d0145c65811496ba49aa9633daaed59c6883f51143c3b878094e,"{""distance"":7,""physical_error_rate"":5e-05}","{""detection_events"":786422,""detectors_checked"":3185803264}"
      1696,        15,         0,    63.4,exact_mw,2e54b5982e286509c94a8bc96d1d6e54082c27eed948d684125948784bc20414,"{""distance"":7,""physical_error_rate"":0.01}","{""detection_events"":47057,""detectors_checked"":1020992,""obs_mistake_mask=E"":15}"
      1040,         0,         0,    23.6,exact_mw,0a198d80e37665dd6f23c481ef1c601566b502223b7ce5d7a38dc87c0be91af9,"{""distance"":7,""physical_error_rate"":0.005}","{""detection_events"":15098,""detectors_checked"":626080}"
   3070976,         0,         0,    87.8,exact_mw,f5ed540d8b33fe7a17a96c57e6e367075413a3677864b79373445f6bf89adea1,"{""distance"":7,""physical_error_rate"":0.0002}","{""detection_events"":1826630,""detectors_checked"":1848727552}"
     15104,         5,         0,    63.5,exact_mw,ca91ffa42463e210e189f165a9a4cbcfd1773a75ca815ff24a9009c31e62d8d0,"{""distance"":7,""physical_error_rate"":0.002}","{""detection_events"":88255,""detectors_checked"":9092608,""obs_mistake_mask=E"":5}"
   2416640,         1,         0,    87.7,exact_mw,f5ed540d8b33fe7a17a96c57e6e367075413a3677864b79373445f6bf89adea1,"{""distance"":7,""physical_error_rate"":0.0002}","{""detection_events"":1430393,""detectors_checked"":1454817280,""obs_mistake_mask=E"":1}"
   2745344,         1,         0,    87.7,exact_mw,f5ed540d8b33fe7a17a96c57e6e367075413a3677864b79373445f6bf89adea1,"{""distance"":7,""physical_error_rate"":0.0002}","{""detection_events"":1627346,""detectors_checked"":1652697088,""obs_mistake_mask=E"":1}"
      1712,        11,         0,    63.3,exact_mw,2e54b5982e286509c94a8bc96d1d6e54082c27eed948d684125948784bc20414,"{""distance"":7,""physical_error_rate"":0.01}","{""detection_events"":47826,""detectors_checked"":1030624,""obs_mistake_mask=E"":11}"
    490496,         0,         0,    88.2,exact_mw,c34bb01325b9980f7caca1807bd93e7e28846c82b8c0538af034740e6e7d5106,"{""distance"":7,""physical_error_rate"":0.0005}","{""detection_events"":724991,""detectors_checked"":295278592}"
   4677632,         0,         0,    87.6,exact_mw,f7d5d61828a7d0145c65811496ba49aa9633daaed59c6883f51143c3b878094e,"{""distance"":7,""physical_error_rate"":5e-05}","{""detection_events"":694170,""detectors_checked"":2815934464}"
   5385216,         0,         0,    87.4,exact_mw,f7d5d61828a7d0145c65811496ba49aa9633daaed59c6883f51143c3b878094e,"{""distance"":7,""physical_error_rate"":5e-05}","{""detection_events"":798929,""detectors_checked"":3241900032}"
   4910080,         0,         0,    87.5,exact_mw,f7d5d61828a7d0145c65811496ba49aa9633daaed59c6883f51143c3b878094e,"{""distance"":7,""physical_error_rate"":5e-05}","{""detection_events"":730281,""detectors_checked"":2955868160}"
     17408,         2,         0,    88.5,exact_mw,ca91ffa42463e210e189f165a9a4cbcfd1773a75ca815ff24a9009c31e62d8d0,"{""distance"":7,""physical_error_rate"":0.002}","{""detection_events"":102630,""detectors_checked"":10479616,""obs_mistake_mask=E"":2}"
   5470208,         0,         0,    87.4,exact_mw,f7d5d61828a7d0145c65811496ba49aa9633daaed59c6883f51143c3b878094e,"{""distance"":7,""physical_error_rate"":5e-05}","{""detection_events"":813657,""detectors_checked"":3293065216}"
   2549760,         0,         0,    87.6,exact_mw,f5ed540d8b33fe7a17a96c57e6e367075413a3677864b79373445f6bf89adea1,"{""distance"":7,""physical_error_rate"":0.0002}","{""detection_events"":1510191,""detectors_checked"":1534955520}"
    431104,         3,         0,    88.4,exact_mw,c34bb01325b9980f7caca1807bd93e7e28846c82b8c0538af034740e6e7d5106,"{""distance"":7,""physical_error_rate"":0.0005}","{""detection_events"":636807,""detectors_checked"":259524608,""obs_mistake_mask=E"":3}"
   4474880,         0,         0,    87.6,exact_mw,d5491e2f66b0c830b41b0168451c8818c583b15508c9bf9282dc8e7a6cb6bd3f,"{""distance"":7,""physical_error_rate"":0.0001}","{""detection_events"":1326580,""detectors_checked"":2693877760}"
   4981760,         0,         0,    87.5,exact_mw,d5491e2f66b0c830b41b0168451c8818c583b15508c9bf9282dc8e7a6cb6bd3f,"{""distance"":7,""physical_error_rate"":0.0001}","{""detection_events"":1478945,""detectors_checked"":2999019520}"
      4320,         5,         0,    88.4,exact_mw,0a198d80e37665dd6f23c481ef1c601566b502223b7ce5d7a38dc87c0be91af9,"{""distance"":7,""physical_error_rate"":0.005}","{""detection_events"":62078,""detectors_checked"":2600640,""obs_mistake_mask=E"":5}"
    403968,         1,         0,    88.2,exact_mw,c34bb01325b9980f7caca1807bd93e7e28846c82b8c0538af034740e6e7d5106,"{""distance"":7,""physical_error_rate"":0.0005}","{""detection_events"":598469,""detectors_checked"":243188736,""obs_mistake_mask=E"":1}"
    405504,         1,         0,    88.3,exact_mw,c34bb01325b9980f7caca1807bd93e7e28846c82b8c0538af034740e6e7d5106,"{""distance"":7,""physical_error_rate"":0.0005}","{""detection_events"":602535,""detectors_checked"":244113408,""obs_mistake_mask=E"":1}"
    498688,         2,         0,    88.3,exact_mw,c34bb01325b9980f7caca1807bd93e7e28846c82b8c0538af034740e6e7d5106,"{""distance"":7,""physical_error_rate"":0.0005}","{""detection_events"":738216,""detectors_checked"":300210176,""obs_mistake_mask=E"":2}"
     21760,         4,         0,    88.5,exact_mw,ca91ffa42463e210e189f165a9a4cbcfd1773a75ca815ff24a9009c31e62d8d0,"{""distance"":7,""physical_error_rate"":0.002}","{""detection_events"":128332,""detectors_checked"":13099520,""obs_mistake_mask=E"":4}"
      4192,         5,         0,    88.6,exact_mw,0a198d80e37665dd6f23c481ef1c601566b502223b7ce5d7a38dc87c0be91af9,"{""distance"":7,""physical_error_rate"":0.005}","{""detection_events"":60244,""detectors_checked"":2523584,""obs_mistake_mask=E"":5}"
      3056,        27,         0,    88.5,exact_mw,2e54b5982e286509c94a8bc96d1d6e54082c27eed948d684125948784bc20414,"{""distance"":7,""physical_error_rate"":0.01}","{""detection_events"":85890,""detectors_checked"":1839712,""obs_mistake_mask=E"":27}"
      4256,         6,         0,    88.5,exact_mw,0a198d80e37665dd6f23c481ef1c601566b502223b7ce5d7a38dc87c0be91af9,"{""distance"":7,""physical_error_rate"":0.005}","{""detection_events"":60590,""detectors_checked"":2562112,""obs_mistake_mask=E"":6}"
      2800,        27,         0,    88.7,exact_mw,2e54b5982e286509c94a8bc96d1d6e54082c27eed948d684125948784bc20414,"{""distance"":7,""physical_error_rate"":0.01}","{""detection_events"":78706,""detectors_checked"":1685600,""obs_mistake_mask=E"":27}"
     16064,         1,         0,    88.2,exact_mw,ca91ffa42463e210e189f165a9a4cbcfd1773a75ca815ff24a9009c31e62d8d0,"{""distance"":7,""physical_error_rate"":0.002}","{""detection_events"":93876,""detectors_checked"":9670528,""obs_mistake_mask=E"":1}"
      4736,         0,         0,    23.6,exact_mw,ca91ffa42463e210e189f165a9a4cbcfd1773a75ca815ff24a9009c31e62d8d0,"{""distance"":7,""physical_error_rate"":0.002}","{""detection_events"":27256,""detectors_checked"":2851072}"
      2656,        16,         0,    88.2,exact_mw,2e54b5982e286509c94a8bc96d1d6e54082c27eed948d684125948784bc20414,"{""distance"":7,""physical_error_rate"":0.01}","{""detection_events"":73986,""detectors_checked"":1598912,""obs_mistake_mask=E"":16}"
      2320,        24,         0,    88.4,exact_mw,2e54b5982e286509c94a8bc96d1d6e54082c27eed948d684125948784bc20414,"{""distance"":7,""physical_error_rate"":0.01}","{""detection_events"":65016,""detectors_checked"":1396640,""obs_mistake_mask=E"":24}"
      2592,        20,         0,    88.5,exact_mw,2e54b5982e286509c94a8bc96d1d6e54082c27eed948d684125948784bc20414,"{""distance"":7,""physical_error_rate"":0.01}","{""detection_events"":72860,""detectors_checked"":1560384,""obs_mistake_mask=E"":20}"
     16640,         1,         0,    88.2,exact_mw,ca91ffa42463e210e189f165a9a4cbcfd1773a75ca815ff24a9009c31e62d8d0,"{""distance"":7,""physical_error_rate"":0.002}","{""detection_events"":97060,""detectors_checked"":10017280,""obs_mistake_mask=E"":1}"
     71680,         3,         0,    88.7,exact_mw,7acd59d404317421b37957afea3f5c66f33c9ef46579a47fd7c0ca3dd0dfc735,"{""distance"":7,""physical_error_rate"":0.001}","{""detection_events"":212078,""detectors_checked"":43151360,""obs_mistake_mask=E"":3}"
     90624,         3,         0,    88.6,exact_mw,7acd59d404317421b37957afea3f5c66f33c9ef46579a47fd7c0ca3dd0dfc735,"{""distance"":7,""physical_error_rate"":0.001}","{""detection_events"":266469,""detectors_checked"":54555648,""obs_mistake_mask=E"":3}"
      5248,         4,         0,    88.6,exact_mw,0a198d80e37665dd6f23c481ef1c601566b502223b7ce5d7a38dc87c0be91af9,"{""distance"":7,""physical_error_rate"":0.005}","{""detection_events"":76356,""detectors_checked"":3159296,""obs_mistake_mask=E"":4}"
      4048,         7,         0,    88.7,exact_mw,0a198d80e37665dd6f23c481ef1c601566b502223b7ce5d7a38dc87c0be91af9,"{""distance"":7,""physical_error_rate"":0.005}","{""detection_events"":57917,""detectors_checked"":2436896,""obs_mistake_mask=E"":7}"
     83968,         2,         0,    88.2,exact_mw,7acd59d404317421b37957afea3f5c66f33c9ef46579a47fd7c0ca3dd0dfc735,"{""distance"":7,""physical_error_rate"":0.001}","{""detection_events"":245555,""detectors_checked"":50548736,""obs_mistake_mask=E"":2}"
     83456,         1,         0,    88.3,exact_mw,7acd59d404317421b37957afea3f5c66f33c9ef46579a47fd7c0ca3dd0dfc735,"{""distance"":7,""physical_error_rate"":0.001}","{""detection_events"":246082,""detectors_checked"":50240512,""obs_mistake_mask=E"":1}"
     15680,         1,         0,    88.3,exact_mw,ca91ffa42463e210e189f165a9a4cbcfd1773a75ca815ff24a9009c31e62d8d0,"{""distance"":7,""physical_error_rate"":0.002}","{""detection_events"":91225,""detectors_checked"":9439360,""obs_mistake_mask=E"":1}"
   2060288,         0,         0,    31.8,exact_mw,f7d5d61828a7d0145c65811496ba49aa9633daaed59c6883f51143c3b878094e,"{""distance"":7,""physical_error_rate"":5e-05}","{""detection_events"":304330,""detectors_checked"":1240293376}"
   2109440,         0,         0,    32.0,exact_mw,d5491e2f66b0c830b41b0168451c8818c583b15508c9bf9282dc8e7a6cb6bd3f,"{""distance"":7,""physical_error_rate"":0.0001}","{""detection_events"":628998,""detectors_checked"":1269882880}"
   1065984,         0,         0,    32.0,exact_mw,f5ed540d8b33fe7a17a96c57e6e367075413a3677864b79373445f6bf89adea1,"{""distance"":7,""physical_error_rate"":0.0002}","{""detection_events"":627646,""detectors_checked"":641722368}"
    208896,         0,         0,    32.2,exact_mw,c34bb01325b9980f7caca1807bd93e7e28846c82b8c0538af034740e6e7d5106,"{""distance"":7,""physical_error_rate"":0.0005}","{""detection_events"":310215,""detectors_checked"":125755392}"
     30720,         2,         0,    33.1,exact_mw,7acd59d404317421b37957afea3f5c66f33c9ef46579a47fd7c0ca3dd0dfc735,"{""distance"":7,""physical_error_rate"":0.001}","{""detection_events"":90614,""detectors_checked"":18493440,""obs_mistake_mask=E"":2}"
      1824,         5,         0,    32.2,exact_mw,0a198d80e37665dd6f23c481ef1c601566b502223b7ce5d7a38dc87c0be91af9,"{""distance"":7,""physical_error_rate"":0.005}","{""detection_events"":26470,""detectors_checked"":1098048,""obs_mistake_mask=E"":5}"
      5504,         0,         0,    32.4,exact_mw,ca91ffa42463e210e189f165a9a4cbcfd1773a75ca815ff24a9009c31e62d8d0,"{""distance"":7,""physical_error_rate"":0.002}","{""detection_events"":32412,""detectors_checked"":3313408}"
   2789376,         1,         0,    87.7,exact_mw,f5ed540d8b33fe7a17a96c57e6e367075413a3677864b79373445f6bf89adea1,"{""distance"":7,""physical_error_rate"":0.0002}","{""detection_events"":1655171,""detectors_checked"":1679204352,""obs_mistake_mask=E"":1}"
   4830208,         0,         0,    87.5,exact_mw,d5491e2f66b0c830b41b0168451c8818c583b15508c9bf9282dc8e7a6cb6bd3f,"{""distance"":7,""physical_error_rate"":0.0001}","{""detection_events"":1432470,""detectors_checked"":2907785216}"
    429056,         1,         0,    88.2,exact_mw,c34bb01325b9980f7caca1807bd93e7e28846c82b8c0538af034740e6e7d5106,"{""distance"":7,""physical_error_rate"":0.0005}","{""detection_events"":637645,""detectors_checked"":258291712,""obs_mistake_mask=E"":1}"
   4618240,         0,         0,    87.3,exact_mw,f7d5d61828a7d0145c65811496ba49aa9633daaed59c6883f51143c3b878094e,"{""distance"":7,""physical_error_rate"":5e-05}","{""detection_events"":685387,""detectors_checked"":2780180480}"
   2641920,         0,         0,    87.7,exact_mw,f5ed540d8b33fe7a17a96c57e6e367075413a3677864b79373445f6bf89adea1,"{""distance"":7,""physical_error_rate"":0.0002}","{""detection_events"":1566020,""detectors_checked"":1590435840}"
   2932736,         0,         0,    44.6,exact_mw,f7d5d61828a7d0145c65811496ba49aa9633daaed59c6883f51143c3b878094e,"{""distance"":7,""physical_error_rate"":5e-05}","{""detection_events"":434776,""detectors_checked"":1765507072}"
   4157440,         0,         0,    87.5,exact_mw,f7d5d61828a7d0145c65811496ba49aa9633daaed59c6883f51143c3b878094e,"{""distance"":7,""physical_error_rate"":5e-05}","{""detection_events"":617230,""detectors_checked"":2502778880}"
   3073024,         0,         0,    44.6,exact_mw,d5491e2f66b0c830b41b0168451c8818c583b15508c9bf9282dc8e7a6cb6bd3f,"{""distance"":7,""physical_error_rate"":0.0001}","{""detection_events"":911311,""detectors_checked"":1849960448}"
   1411072,         0,         0,    44.8,exact_mw,f5ed540d8b33fe7a17a96c57e6e367075413a3677864b79373445f6bf89adea1,"{""distance"":7,""physical_error_rate"":0.0002}","{""detection_events"":836576,""detectors_checked"":849465344}"
     83456,         0,         0,    88.5,exact_mw,7acd59d404317421b37957afea3f5c66f33c9ef46579a47fd7c0ca3dd0dfc735,"{""distance"":7,""physical_error_rate"":0.001}","{""detection_events"":246232,""detectors_checked"":50240512}"
     16512,         4,         0,    88.9,exact_mw,ca91ffa42463e210e189f165a9a4cbcfd1773a75ca815ff24a9009c31e62d8d0,"{""distance"":7,""physical_error_rate"":0.002}","{""detection_events"":96113,""detectors_checked"":9940224,""obs_mistake_mask=E"":4}"
      4576,         4,         0,    88.2,exact_mw,0a198d80e37665dd6f23c481ef1c601566b502223b7ce5d7a38dc87c0be91af9,"{""distance"":7,""physical_error_rate"":0.005}","{""detection_events"":65358,""detectors_checked"":2754752,""obs_mistake_mask=E"":4}"
    274432,         2,         0,    45.0,exact_mw,c34bb01325b9980f7caca1807bd93e7e28846c82b8c0538af034740e6e7d5106,"{""distance"":7,""physical_error_rate"":0.0005}","{""detection_events"":404733,""detectors_checked"":165208064,""obs_mistake_mask=E"":2}"
     42496,         0,         0,    45.5,exact_mw,7acd59d404317421b37957afea3f5c66f33c9ef46579a47fd7c0ca3dd0dfc735,"{""distance"":7,""physical_error_rate"":0.001}","{""detection_events"":124663,""detectors_checked"":25582592}"
      2112,         1,         0,    45.0,exact_mw,0a198d80e37665dd6f23c481ef1c601566b502223b7ce5d7a38dc87c0be91af9,"{""distance"":7,""physical_error_rate"":0.005}","{""detection_events"":29862,""detectors_checked"":1271424,""obs_mistake_mask=E"":1}"
    543744,         1,         0,    88.2,exact_mw,c34bb01325b9980f7caca1807bd93e7e28846c82b8c0538af034740e6e7d5106,"{""distance"":7,""physical_error_rate"":0.0005}","{""detection_events"":805215,""detectors_checked"":327333888,""obs_mistake_mask=E"":1}"
   4801536,         0,         0,    87.5,exact_mw,d5491e2f66b0c830b41b0168451c8818c583b15508c9bf9282dc8e7a6cb6bd3f,"{""distance"":7,""physical_error_rate"":0.0001}","{""detection_events"":1420712,""detectors_checked"":2890524672}"
      2024,        17,         0,    88.8,exact_mw,2e54b5982e286509c94a8bc96d1d6e54082c27eed948d684125948784bc20414,"{""distance"":7,""physical_error_rate"":0.01}","{""detection_events"":56196,""detectors_checked"":1218448,""obs_mistake_mask=E"":17}"
      4768,         6,         0,    88.5,exact_mw,0a198d80e37665dd6f23c481ef1c601566b502223b7ce5d7a38dc87c0be91af9,"{""distance"":7,""physical_error_rate"":0.005}","{""detection_events"":68575,""detectors_checked"":2870336,""obs_mistake_mask=E"":6}"
     90624,         1,         0,    88.4,exact_mw,7acd59d404317421b37957afea3f5c66f33c9ef46579a47fd7c0ca3dd0dfc735,"{""distance"":7,""physical_error_rate"":0.001}","{""detection_events"":268340,""detectors_checked"":54555648,""obs_mistake_mask=E"":1}"
      9472,         1,         0,    45.1,exact_mw,ca91ffa42463e210e189f165a9a4cbcfd1773a75ca815ff24a9009c31e62d8d0,"{""distance"":7,""physical_error_rate"":0.002}","{""detection_events"":56471,""detectors_checked"":5702144,""obs_mistake_mask=E"":1}"
      2104,        21,         0,    88.7,exact_mw,2e54b5982e286509c94a8bc96d1d6e54082c27eed948d684125948784bc20414,"{""distance"":7,""physical_error_rate"":0.01}","{""detection_events"":58405,""detectors_checked"":1266608,""obs_mistake_mask=E"":21}"
      2768,        19,         0,    88.3,exact_mw,2e54b5982e286509c94a8bc96d1d6e54082c27eed948d684125948784bc20414,"{""distance"":7,""physical_error_rate"":0.01}","{""detection_events"":77177,""detectors_checked"":1666336,""obs_mistake_mask=E"":19}"
     19584,         2,         0,    89.1,exact_mw,ca91ffa42463e210e189f165a9a4cbcfd1773a75ca815ff24a9009c31e62d8d0,"{""distance"":7,""physical_error_rate"":0.002}","{""detection_events"":115346,""detectors_checked"":11789568,""obs_mistake_mask=E"":2}"
   5585920,         1,         0,   119.4,exact_mw,f5ed540d8b33fe7a17a96c57e6e367075413a3677864b79373445f6bf89adea1,"{""distance"":7,""physical_error_rate"":0.0002}","{""detection_events"":3318476,""detectors_checked"":3362723840,""obs_mistake_mask=E"":1}"
   4033536,         1,         0,   119.0,exact_mw,d5491e2f66b0c830b41b0168451c8818c583b15508c9bf9282dc8e7a6cb6bd3f,"{""distance"":7,""physical_error_rate"":0.0001}","{""detection_events"":1196728,""detectors_checked"":2428188672,""obs_mistake_mask=E"":1}"
   8811520,         0,         0,   119.2,exact_mw,d5491e2f66b0c830b41b0168451c8818c583b15508c9bf9282dc8e7a6cb6bd3f,"{""distance"":7,""physical_error_rate"":0.0001}","{""detection_events"":2612507,""detectors_checked"":5304535040}"
   7178240,         0,         0,   119.1,exact_mw,d5491e2f66b0c830b41b0168451c8818c583b15508c9bf9282dc8e7a6cb6bd3f,"{""distance"":7,""physical_error_rate"":0.0001}","{""detection_events"":2128575,""detectors_checked"":4321300480}"
   6850560,         0,         0,   118.8,exact_mw,f7d5d61828a7d0145c65811496ba49aa9633daaed59c6883f51143c3b878094e,"{""distance"":7,""physical_error_rate"":5e-05}","{""detection_events"":1015375,""detectors_checked"":4124037120}"
    125440,         0,         0,   120.3,exact_mw,7acd59d404317421b37957afea3f5c66f33c9ef46579a47fd7c0ca3dd0dfc735,"{""distance"":7,""physical_error_rate"":0.001}","{""detection_events"":370779,""detectors_checked"":75514880}"
   4064256,         1,         0,   119.3,exact_mw,f5ed540d8b33fe7a17a96c57e6e367075413a3677864b79373445f6bf89adea1,"{""distance"":7,""physical_error_rate"":0.0002}","{""detection_events"":2407711,""detectors_checked"":2446682112,""obs_mistake_mask=E"":1}"
   3995648,         5,         0,   119.3,exact_mw,f5ed540d8b33fe7a17a96c57e6e367075413a3677864b79373445f6bf89adea1,"{""distance"":7,""physical_error_rate"":0.0002}","{""detection_events"":2369226,""detectors_checked"":2405380096,""obs_mistake_mask=E"":5}"
   3984384,         1,         0,   119.3,exact_mw,f5ed540d8b33fe7a17a96c57e6e367075413a3677864b79373445f6bf89adea1,"{""distance"":7,""physical_error_rate"":0.0002}","{""detection_events"":2359258,""detectors_checked"":2398599168,""obs_mistake_mask=E"":1}"
   6713344,         0,         0,   119.1,exact_mw,f7d5d61828a7d0145c65811496ba49aa9633daaed59c6883f51143c3b878094e,"{""distance"":7,""physical_error_rate"":5e-05}","{""detection_events"":994706,""detectors_checked"":4041433088}"
    681984,         0,         0,   120.0,exact_mw,c34bb01325b9980f7caca1807bd93e7e28846c82b8c0538af034740e6e7d5106,"{""distance"":7,""physical_error_rate"":0.0005}","{""detection_events"":1011555,""detectors_checked"":410554368}"
   6055936,         0,         0,   118.7,exact_mw,f7d5d61828a7d0145c65811496ba49aa9633daaed59c6883f51143c3b878094e,"{""distance"":7,""physical_error_rate"":5e-05}","{""detection_events"":901052,""detectors_checked"":3645673472}"
   7827456,         0,         0,   119.1,exact_mw,f7d5d61828a7d0145c65811496ba49aa9633daaed59c6883f51143c3b878094e,"{""distance"":7,""physical_error_rate"":5e-05}","{""detection_events"":1162675,""detectors_checked"":4712128512}"
     23296,         1,         0,   120.0,exact_mw,ca91ffa42463e210e189f165a9a4cbcfd1773a75ca815ff24a9009c31e62d8d0,"{""distance"":7,""physical_error_rate"":0.002}","{""detection_events"":136870,""detectors_checked"":14024192,""obs_mistake_mask=E"":1}"
   8413184,         0,         0,   119.0,exact_mw,f7d5d61828a7d0145c65811496ba49aa9633daaed59c6883f51143c3b878094e,"{""distance"":7,""physical_error_rate"":5e-05}","{""detection_events"":1247930,""detectors_checked"":5064736768}"
   3100672,         1,         0,   119.5,exact_mw,f5ed540d8b33fe7a17a96c57e6e367075413a3677864b79373445f6bf89adea1,"{""distance"":7,""physical_error_rate"":0.0002}","{""detection_events"":1843541,""detectors_checked"":1866604544,""obs_mistake_mask=E"":1}"
    595968,         2,         0,   120.1,exact_mw,c34bb01325b9980f7caca1807bd93e7e28846c82b8c0538af034740e6e7d5106,"{""distance"":7,""physical_error_rate"":0.0005}","{""detection_events"":880566,""detectors_checked"":358772736,""obs_mistake_mask=E"":2}"
   7080960,         0,         0,   119.0,exact_mw,d5491e2f66b0c830b41b0168451c8818c583b15508c9bf9282dc8e7a6cb6bd3f,"{""distance"":7,""physical_error_rate"":0.0001}","{""detection_events"":2102614,""detectors_checked"":4262737920}"
   6540288,         1,         0,   118.9,exact_mw,d5491e2f66b0c830b41b0168451c8818c583b15508c9bf9282dc8e7a6cb6bd3f,"{""distance"":7,""physical_error_rate"":0.0001}","{""detection_events"":1942767,""detectors_checked"":3937253376,""obs_mistake_mask=E"":1}"
      6432,        12,         0,   120.2,exact_mw,0a198d80e37665dd6f23c481ef1c601566b502223b7ce5d7a38dc87c0be91af9,"{""distance"":7,""physical_error_rate"":0.005}","{""detection_events"":92895,""detectors_checked"":3872064,""obs_mistake_mask=E"":12}"
    595968,         1,         0,   120.0,exact_mw,c34bb01325b9980f7caca1807bd93e7e28846c82b8c0538af034740e6e7d5106,"{""distance"":7,""physical_error_rate"":0.0005}","{""detection_events"":881813,""detectors_checked"":358772736,""obs_mistake_mask=E"":1}"
    640000,         0,         0,   119.9,exact_mw,c34bb01325b9980f7caca1807bd93e7e28846c82b8c0538af034740e6e7d5106,"{""distance"":7,""physical_error_rate"":0.0005}","{""detection_events"":944299,""detectors_checked"":385280000}"
    570368,         1,         0,   120.4,exact_mw,c34bb01325b9980f7caca1807bd93e7e28846c82b8c0538af034740e6e7d5106,"{""distance"":7,""physical_error_rate"":0.0005}","{""detection_events"":842973,""detectors_checked"":343361536,""obs_mistake_mask=E"":1}"
     28672,         4,         0,   120.1,exact_mw,ca91ffa42463e210e189f165a9a4cbcfd1773a75ca815ff24a9009c31e62d8d0,"{""distance"":7,""physical_error_rate"":0.002}","{""detection_events"":167154,""detectors_checked"":17260544,""obs_mistake_mask=E"":4}"
      6048,         8,         0,   120.3,exact_mw,0a198d80e37665dd6f23c481ef1c601566b502223b7ce5d7a38dc87c0be91af9,"{""distance"":7,""physical_error_rate"":0.005}","{""detection_events"":86595,""detectors_checked"":3640896,""obs_mistake_mask=E"":8}"
      4032,        35,         0,   120.2,exact_mw,2e54b5982e286509c94a8bc96d1d6e54082c27eed948d684125948784bc20414,"{""distance"":7,""physical_error_rate"":0.01}","{""detection_events"":112287,""detectors_checked"":2427264,""obs_mistake_mask=E"":35}"
      4568,         5,         0,   120.2,exact_mw,0a198d80e37665dd6f23c481ef1c601566b502223b7ce5d7a38dc87c0be91af9,"{""distance"":7,""physical_error_rate"":0.005}","{""detection_events"":65786,""detectors_checked"":2749936,""obs_mistake_mask=E"":5}"
   4257792,         0,         0,    62.4,exact_mw,f7d5d61828a7d0145c65811496ba49aa9633daaed59c6883f51143c3b878094e,"{""distance"":7,""physical_error_rate"":5e-05}","{""detection_events"":630989,""detectors_checked"":2563190784}"
     19936,         2,         0,   120.1,exact_mw,ca91ffa42463e210e189f165a9a4cbcfd1773a75ca815ff24a9009c31e62d8d0,"{""distance"":7,""physical_error_rate"":0.002}","{""detection_events"":117539,""detectors_checked"":12001472,""obs_mistake_mask=E"":2}"
      4320,        33,         0,   120.5,exact_mw,2e54b5982e286509c94a8bc96d1d6e54082c27eed948d684125948784bc20414,"{""distance"":7,""physical_error_rate"":0.01}","{""detection_events"":120489,""detectors_checked"":2600640,""obs_mistake_mask=E"":33}"
      3592,        35,         0,   120.3,exact_mw,2e54b5982e286509c94a8bc96d1d6e54082c27eed948d684125948784bc20414,"{""distance"":7,""physical_error_rate"":0.01}","{""detection_events"":99986,""detectors_checked"":2162384,""obs_mistake_mask=E"":35}"
   3998720,         0,         0,    62.6,exact_mw,d5491e2f66b0c830b41b0168451c8818c583b15508c9bf9282dc8e7a6cb6bd3f,"{""distance"":7,""physical_error_rate"":0.0001}","{""detection_events"":1184693,""detectors_checked"":2407229440}"
      3680,        33,         0,   120.2,exact_mw,2e54b5982e286509c94a8bc96d1d6e54082c27eed948d684125948784bc20414,"{""distance"":7,""physical_error_rate"":0.01}","{""detection_events"":102017,""detectors_checked"":2215360,""obs_mistake_mask=E"":33}"
   1896448,         1,         0,    62.5,exact_mw,f5ed540d8b33fe7a17a96c57e6e367075413a3677864b79373445f6bf89adea1,"{""distance"":7,""physical_error_rate"":0.0002}","{""detection_events"":1125045,""detectors_checked"":1141661696,""obs_mistake_mask=E"":1}"
      3192,        31,         0,   120.5,exact_mw,2e54b5982e286509c94a8bc96d1d6e54082c27eed948d684125948784bc20414,"{""distance"":7,""physical_error_rate"":0.01}","{""detection_events"":88388,""detectors_checked"":1921584,""obs_mistake_mask=E"":31}"
     22400,         4,         0,   120.0,exact_mw,ca91ffa42463e210e189f165a9a4cbcfd1773a75ca815ff24a9009c31e62d8d0,"{""distance"":7,""physical_error_rate"":0.002}","{""detection_events"":130418,""detectors_checked"":13484800,""obs_mistake_mask=E"":4}"
    110080,         2,         0,   120.3,exact_mw,7acd59d404317421b37957afea3f5c66f33c9ef46579a47fd7c0ca3dd0dfc735,"{""distance"":7,""physical_error_rate"":0.001}","{""detection_events"":324777,""detectors_checked"":66268160,""obs_mistake_mask=E"":2}"
    117760,         2,         0,   120.6,exact_mw,7acd59d404317421b37957afea3f5c66f33c9ef46579a47fd7c0ca3dd0dfc735,"{""distance"":7,""physical_error_rate"":0.001}","{""detection_events"":345185,""detectors_checked"":70891520,""obs_mistake_mask=E"":2}"
      5168,         7,         0,   120.1,exact_mw,0a198d80e37665dd6f23c481ef1c601566b502223b7ce5d7a38dc87c0be91af9,"{""distance"":7,""physical_error_rate"":0.005}","{""detection_events"":75017,""detectors_checked"":3111136,""obs_mistake_mask=E"":7}"
      7328,        12,         0,   120.4,exact_mw,0a198d80e37665dd6f23c481ef1c601566b502223b7ce5d7a38dc87c0be91af9,"{""distance"":7,""physical_error_rate"":0.005}","{""detection_events"":105186,""detectors_checked"":4411456,""obs_mistake_mask=E"":12}"
    121344,         5,         0,   120.3,exact_mw,7acd59d404317421b37957afea3f5c66f33c9ef46579a47fd7c0ca3dd0dfc735,"{""distance"":7,""physical_error_rate"":0.001}","{""detection_events"":360779,""detectors_checked"":73049088,""obs_mistake_mask=E"":5}"
     98048,         1,         0,   120.1,exact_mw,7acd59d404317421b37957afea3f5c66f33c9ef46579a47fd7c0ca3dd0dfc735,"{""distance"":7,""physical_error_rate"":0.001}","{""detection_events"":289260,""detectors_checked"":59024896,""obs_mistake_mask=E"":1}"
    364544,         1,         0,    62.9,exact_mw,c34bb01325b9980f7caca1807bd93e7e28846c82b8c0538af034740e6e7d5106,"{""distance"":7,""physical_error_rate"":0.0005}","{""detection_events"":539135,""detectors_checked"":219455488,""obs_mistake_mask=E"":1}"
     17968,         0,         0,   120.4,exact_mw,ca91ffa42463e210e189f165a9a4cbcfd1773a75ca815ff24a9009c31e62d8d0,"{""distance"":7,""physical_error_rate"":0.002}","{""detection_events"":105055,""detectors_checked"":10816736}"
     44032,         1,         0,    63.6,exact_mw,7acd59d404317421b37957afea3f5c66f33c9ef46579a47fd7c0ca3dd0dfc735,"{""distance"":7,""physical_error_rate"":0.001}","{""detection_events"":129728,""detectors_checked"":26507264,""obs_mistake_mask=E"":1}"
      3232,         2,         0,    63.0,exact_mw,0a198d80e37665dd6f23c481ef1c601566b502223b7ce5d7a38dc87c0be91af9,"{""distance"":7,""physical_error_rate"":0.005}","{""detection_events"":46462,""detectors_checked"":1945664,""obs_mistake_mask=E"":2}"
      9632,         2,         0,    63.3,exact_mw,ca91ffa42463e210e189f165a9a4cbcfd1773a75ca815ff24a9009c31e62d8d0,"{""distance"":7,""physical_error_rate"":0.002}","{""detection_events"":56551,""detectors_checked"":5798464,""obs_mistake_mask=E"":2}"
   4358144,         0,         0,   119.3,exact_mw,f5ed540d8b33fe7a17a96c57e6e367075413a3677864b79373445f6bf89adea1,"{""distance"":7,""physical_error_rate"":0.0002}","{""detection_events"":2585580,""detectors_checked"":2623602688}"
   6876160,         0,         0,   119.0,exact_mw,d5491e2f66b0c830b41b0168451c8818c583b15508c9bf9282dc8e7a6cb6bd3f,"{""distance"":7,""physical_error_rate"":0.0001}","{""detection_events"":2043493,""detectors_checked"":4139448320}"
    750592,         1,         0,   120.1,exact_mw,c34bb01325b9980f7caca1807bd93e7e28846c82b8c0538af034740e6e7d5106,"{""distance"":7,""physical_error_rate"":0.0005}","{""detection_events"":1109941,""detectors_checked"":451856384,""obs_mistake_mask=E"":1}"
   7694336,         0,         0,   119.2,exact_mw,f7d5d61828a7d0145c65811496ba49aa9633daaed59c6883f51143c3b878094e,"{""distance"":7,""physical_error_rate"":5e-05}","{""detection_events"":1139434,""detectors_checked"":4631990272}"
   3731456,         1,         0,   119.2,exact_mw,f5ed540d8b33fe7a17a96c57e6e367075413a3677864b79373445f6bf89adea1,"{""distance"":7,""physical_error_rate"":0.0002}","{""detection_events"":2217783,""detectors_checked"":2246336512,""obs_mistake_mask=E"":1}"
   6648832,         0,         0,   119.0,exact_mw,f7d5d61828a7d0145c65811496ba49aa9633daaed59c6883f51143c3b878094e,"{""distance"":7,""physical_error_rate"":5e-05}","{""detection_events"":986862,""detectors_checked"":4002596864}"
    117760,         6,         0,   120.0,exact_mw,7acd59d404317421b37957afea3f5c66f33c9ef46579a47fd7c0ca3dd0dfc735,"{""distance"":7,""physical_error_rate"":0.001}","{""detection_events"":347098,""detectors_checked"":70891520,""obs_mistake_mask=E"":6}"
     16928,         0,         0,   120.3,exact_mw,ca91ffa42463e210e189f165a9a4cbcfd1773a75ca815ff24a9009c31e62d8d0,"{""distance"":7,""physical_error_rate"":0.002}","{""detection_events"":100472,""detectors_checked"":10190656}"
      6336,        10,         0,   120.4,exact_mw,0a198d80e37665dd6f23c481ef1c601566b502223b7ce5d7a38dc87c0be91af9,"{""distance"":7,""physical_error_rate"":0.005}","{""detection_events"":91184,""detectors_checked"":3814272,""obs_mistake_mask=E"":10}"
    794624,         0,         0,   119.9,exact_mw,c34bb01325b9980f7caca1807bd93e7e28846c82b8c0538af034740e6e7d5106,"{""distance"":7,""physical_error_rate"":0.0005}","{""detection_events"":1173242,""detectors_checked"":478363648}"
   4353024,         0,         0,   118.9,exact_mw,d5491e2f66b0c830b41b0168451c8818c583b15508c9bf9282dc8e7a6cb6bd3f,"{""distance"":7,""physical_error_rate"":0.0001}","{""detection_events"":1294630,""detectors_checked"":2620520448}"
      3672,        31,         0,   120.3,exact_mw,2e54b5982e286509c94a8bc96d1d6e54082c27eed948d684125948784bc20414,"{""distance"":7,""physical_error_rate"":0.01}","{""detection_events"":102016,""detectors_checked"":2210544,""obs_mistake_mask=E"":31}"
      7072,        13,         0,   120.2,exact_mw,0a198d80e37665dd6f23c481ef1c601566b502223b7ce5d7a38dc87c0be91af9,"{""distance"":7,""physical_error_rate"":0.005}","{""detection_events"":101479,""detectors_checked"":4257344,""obs_mistake_mask=E"":13}"
    138240,         2,         0,   120.5,exact_mw,7acd59d404317421b37957afea3f5c66f33c9ef46579a47fd7c0ca3dd0dfc735,"{""distance"":7,""physical_error_rate"":0.001}","{""detection_events"":407377,""detectors_checked"":83220480,""obs_mistake_mask=E"":2}"
      3244,        19,         0,   120.0,exact_mw,2e54b5982e286509c94a8bc96d1d6e54082c27eed948d684125948784bc20414,"{""distance"":7,""physical_error_rate"":0.01}","{""detection_events"":89885,""detectors_checked"":1952888,""obs_mistake_mask=E"":19}"
     30208,         3,         0,   120.4,exact_mw,ca91ffa42463e210e189f165a9a4cbcfd1773a75ca815ff24a9009c31e62d8d0,"{""distance"":7,""physical_error_rate"":0.002}","{""detection_events"":177550,""detectors_checked"":18185216,""obs_mistake_mask=E"":3}"
      3248,        27,         0,   120.8,exact_mw,2e54b5982e286509c94a8bc96d1d6e54082c27eed948d684125948784bc20414,"{""distance"":7,""physical_error_rate"":0.01}","{""detection_events"":89598,""detectors_checked"":1955296,""obs_mistake_mask=E"":27}"
   6096896,         0,         0,    87.4,exact_mw,f7d5d61828a7d0145c65811496ba49aa9633daaed59c6883f51143c3b878094e,"{""distance"":7,""physical_error_rate"":5e-05}","{""detection_events"":906064,""detectors_checked"":3670331392}"
   5787648,         0,         0,    87.6,exact_mw,d5491e2f66b0c830b41b0168451c8818c583b15508c9bf9282dc8e7a6cb6bd3f,"{""distance"":7,""physical_error_rate"":0.0001}","{""detection_events"":1719016,""detectors_checked"":3484164096}"
   3131392,         0,         0,    87.6,exact_mw,f5ed540d8b33fe7a17a96c57e6e367075413a3677864b79373445f6bf89adea1,"{""distance"":7,""physical_error_rate"":0.0002}","{""detection_events"":1853595,""detectors_checked"":1885097984}"
    550912,         0,         0,    88.1,exact_mw,c34bb01325b9980f7caca1807bd93e7e28846c82b8c0538af034740e6e7d5106,"{""distance"":7,""physical_error_rate"":0.0005}","{""detection_events"":813264,""detectors_checked"":331649024}"
     78336,         2,         0,    88.3,exact_mw,7acd59d404317421b37957afea3f5c66f33c9ef46579a47fd7c0ca3dd0dfc735,"{""distance"":7,""physical_error_rate"":0.001}","{""detection_events"":229967,""detectors_checked"":47158272,""obs_mistake_mask=E"":2}"
      3904,         8,         0,    88.4,exact_mw,0a198d80e37665dd6f23c481ef1c601566b502223b7ce5d7a38dc87c0be91af9,"{""distance"":7,""physical_error_rate"":0.005}","{""detection_events"":55352,""detectors_checked"":2350208,""obs_mistake_mask=E"":8}"
   5074944,         0,         0,   119.4,exact_mw,f5ed540d8b33fe7a17a96c57e6e367075413a3677864b79373445f6bf89adea1,"{""distance"":7,""physical_error_rate"":0.0002}","{""detection_events"":3010022,""detectors_checked"":3055116288}"
   3490816,         1,         0,   118.8,exact_mw,d5491e2f66b0c830b41b0168451c8818c583b15508c9bf9282dc8e7a6cb6bd3f,"{""distance"":7,""physical_error_rate"":0.0001}","{""detection_events"":1036602,""detectors_checked"":2101471232,""obs_mistake_mask=E"":1}"
     16704,         3,         0,    88.8,exact_mw,ca91ffa42463e210e189f165a9a4cbcfd1773a75ca815ff24a9009c31e62d8d0,"{""distance"":7,""physical_error_rate"":0.002}","{""detection_events"":98051,""detectors_checked"":10055808,""obs_mistake_mask=E"":3}"
   8858624,         0,         0,   119.1,exact_mw,d5491e2f66b0c830b41b0168451c8818c583b15508c9bf9282dc8e7a6cb6bd3f,"{""distance"":7,""physical_error_rate"":0.0001}","{""detection_events"":2627284,""detectors_checked"":5332891648}"
   6663168,         0,         0,   119.2,exact_mw,d5491e2f66b0c830b41b0168451c8818c583b15508c9bf9282dc8e7a6cb6bd3f,"{""distance"":7,""physical_error_rate"":0.0001}","{""detection_events"":1981357,""detectors_checked"":4011227136}"
   7732224,         0,         0,   119.0,exact_mw,f7d5d61828a7d0145c65811496ba49aa9633daaed59c6883f51143c3b878094e,"{""distance"":7,""physical_error_rate"":5e-05}","{""detection_events"":1147068,""detectors_checked"":4654798848}"
   4187136,         2,         0,   119.3,exact_mw,f5ed540d8b33fe7a17a96c57e6e367075413a3677864b79373445f6bf89adea1,"{""distance"":7,""physical_error_rate"":0.0002}","{""detection_events"":2483751,""detectors_checked"":2520655872,""obs_mistake_mask=E"":2}"
    131072,         1,         0,   120.6,exact_mw,7acd59d404317421b37957afea3f5c66f33c9ef46579a47fd7c0ca3dd0dfc735,"{""distance"":7,""physical_error_rate"":0.001}","{""detection_events"":385401,""detectors_checked"":78905344,""obs_mistake_mask=E"":1}"
   4626432,         2,         0,   119.3,exact_mw,f5ed540d8b33fe7a17a96c57e6e367075413a3677864b79373445f6bf89adea1,"{""distance"":7,""physical_error_rate"":0.0002}","{""detection_events"":2741646,""detectors_checked"":2785112064,""obs_mistake_mask=E"":2}"
   4482048,         1,         0,   119.3,exact_mw,f5ed540d8b33fe7a17a96c57e6e367075413a3677864b79373445f6bf89adea1,"{""distance"":7,""physical_error_rate"":0.0002}","{""detection_events"":2663439,""detectors_checked"":2698192896,""obs_mistake_mask=E"":1}"
   8214528,         0,         0,   119.0,exact_mw,f7d5d61828a7d0145c65811496ba49aa9633daaed59c6883f51143c3b878094e,"{""distance"":7,""physical_error_rate"":5e-05}","{""detection_events"":1214357,""detectors_checked"":4945145856}"
    752640,         3,         0,   119.9,exact_mw,c34bb01325b9980f7caca1807bd93e7e28846c82b8c0538af034740e6e7d5106,"{""distance"":7,""physical_error_rate"":0.0005}","{""detection_events"":1107846,""detectors_checked"":453089280,""obs_mistake_mask=E"":3}"
   7853056,         1,         0,   118.9,exact_mw,f7d5d61828a7d0145c65811496ba49aa9633daaed59c6883f51143c3b878094e,"{""distance"":7,""physical_error_rate"":5e-05}","{""detection_events"":1163798,""detectors_checked"":4727539712,""obs_mistake_mask=E"":1}"
   5712896,         0,         0,   118.9,exact_mw,f7d5d61828a7d0145c65811496ba49aa9633daaed59c6883f51143c3b878094e,"{""distance"":7,""physical_error_rate"":5e-05}","{""detection_events"":852177,""detectors_checked"":3439163392}"
     25984,         3,         0,   120.0,exact_mw,ca91ffa42463e210e189f165a9a4cbcfd1773a75ca815ff24a9009c31e62d8d0,"{""distance"":7,""physical_error_rate"":0.002}","{""detection_events"":151107,""detectors_checked"":15642368,""obs_mistake_mask=E"":3}"
   7653376,         0,         0,   119.0,exact_mw,f7d5d61828a7d0145c65811496ba49aa9633daaed59c6883f51143c3b878094e,"{""distance"":7,""physical_error_rate"":5e-05}","{""detection_events"":1134090,""detectors_checked"":4607332352}"
   3592192,         3,         0,   119.4,exact_mw,f5ed540d8b33fe7a17a96c57e6e367075413a3677864b79373445f6bf89adea1,"{""distance"":7,""physical_error_rate"":0.0002}","{""detection_events"":2131055,""detectors_checked"":2162499584,""obs_mistake_mask=E"":3}"
   6342656,         0,         0,   119.0,exact_mw,d5491e2f66b0c830b41b0168451c8818c583b15508c9bf9282dc8e7a6cb6bd3f,"{""distance"":7,""physical_error_rate"":0.0001}","{""detection_events"":1883970,""detectors_checked"":3818278912}"
    635904,         2,         0,   120.1,exact_mw,c34bb01325b9980f7caca1807bd93e7e28846c82b8c0538af034740e6e7d5106,"{""distance"":7,""physical_error_rate"":0.0005}","{""detection_events"":940007,""detectors_checked"":382814208,""obs_mistake_mask=E"":2}"
   5791744,         0,         0,   118.9,exact_mw,d5491e2f66b0c830b41b0168451c8818c583b15508c9bf9282dc8e7a6cb6bd3f,"{""distance"":7,""physical_error_rate"":0.0001}","{""detection_events"":1721781,""detectors_checked"":3486629888}"
      6496,        11,         0,   120.2,exact_mw,0a198d80e37665dd6f23c481ef1c601566b502223b7ce5d7a38dc87c0be91af9,"{""distance"":7,""physical_error_rate"":0.005}","{""detection_events"":94221,""detectors_checked"":3910592,""obs_mistake_mask=E"":11}"
    625664,         2,         0,   120.1,exact_mw,c34bb01325b9980f7caca1807bd93e7e28846c82b8c0538af034740e6e7d5106,"{""distance"":7,""physical_error_rate"":0.0005}","{""detection_events"":924855,""detectors_checked"":376649728,""obs_mistake_mask=E"":2}"
    693248,         0,         0,   120.0,exact_mw,c34bb01325b9980f7caca1807bd93e7e28846c82b8c0538af034740e6e7d5106,"{""distance"":7,""physical_error_rate"":0.0005}","{""detection_events"":1025248,""detectors_checked"":417335296}"
    600064,         3,         0,   120.1,exact_mw,c34bb01325b9980f7caca1807bd93e7e28846c82b8c0538af034740e6e7d5106,"{""distance"":7,""physical_error_rate"":0.0005}","{""detection_events"":890321,""detectors_checked"":361238528,""obs_mistake_mask=E"":3}"
     29696,         4,         0,   120.0,exact_mw,ca91ffa42463e210e189f165a9a4cbcfd1773a75ca815ff24a9009c31e62d8d0,"{""distance"":7,""physical_error_rate"":0.002}","{""detection_events"":173916,""detectors_checked"":17876992,""obs_mistake_mask=E"":4}"
      6240,         6,         0,   120.1,exact_mw,0a198d80e37665dd6f23c481ef1c601566b502223b7ce5d7a38dc87c0be91af9,"{""distance"":7,""physical_error_rate"":0.005}","{""detection_events"":89851,""detectors_checked"":3756480,""obs_mistake_mask=E"":6}"
      4096,        38,         0,   120.2,exact_mw,2e54b5982e286509c94a8bc96d1d6e54082c27eed948d684125948784bc20414,"{""distance"":7,""physical_error_rate"":0.01}","{""detection_events"":113466,""detectors_checked"":2465792,""obs_mistake_mask=E"":38}"
      6112,         5,         0,   120.8,exact_mw,0a198d80e37665dd6f23c481ef1c601566b502223b7ce5d7a38dc87c0be91af9,"{""distance"":7,""physical_error_rate"":0.005}","{""detection_events"":86991,""detectors_checked"":3679424,""obs_mistake_mask=E"":5}"
      3936,        29,         0,   120.1,exact_mw,2e54b5982e286509c94a8bc96d1d6e54082c27eed948d684125948784bc20414,"{""distance"":7,""physical_error_rate"":0.01}","{""detection_events"":109754,""detectors_checked"":2369472,""obs_mistake_mask=E"":29}"
     24640,         3,         0,   120.4,exact_mw,ca91ffa42463e210e189f165a9a4cbcfd1773a75ca815ff24a9009c31e62d8d0,"{""distance"":7,""physical_error_rate"":0.002}","{""detection_events"":144815,""detectors_checked"":14833280,""obs_mistake_mask=E"":3}"
      3248,        23,         0,   120.1,exact_mw,2e54b5982e286509c94a8bc96d1d6e54082c27eed948d684125948784bc20414,"{""distance"":7,""physical_error_rate"":0.01}","{""detection_events"":91675,""detectors_checked"":1955296,""obs_mistake_mask=E"":23}"
      3424,        27,         0,   120.0,exact_mw,2e54b5982e286509c94a8bc96d1d6e54082c27eed948d684125948784bc20414,"{""distance"":7,""physical_error_rate"":0.01}","{""detection_events"":94808,""detectors_checked"":2061248,""obs_mistake_mask=E"":27}"
      3224,        17,         0,   120.3,exact_mw,2e54b5982e286509c94a8bc96d1d6e54082c27eed948d684125948784bc20414,"{""distance"":7,""physical_error_rate"":0.01}","{""detection_events"":89404,""detectors_checked"":1940848,""obs_mistake_mask=E"":17}"
     17056,         0,         0,   120.0,exact_mw,ca91ffa42463e210e189f165a9a4cbcfd1773a75ca815ff24a9009c31e62d8d0,"{""distance"":7,""physical_error_rate"":0.002}","{""detection_events"":99271,""detectors_checked"":10267712}"
    104960,         3,         0,   120.5,exact_mw,7acd59d404317421b37957afea3f5c66f33c9ef46579a47fd7c0ca3dd0dfc735,"{""distance"":7,""physical_error_rate"":0.001}","{""detection_events"":310201,""detectors_checked"":63185920,""obs_mistake_mask=E"":3}"
    119296,         1,         0,   120.1,exact_mw,7acd59d404317421b37957afea3f5c66f33c9ef46579a47fd7c0ca3dd0dfc735,"{""distance"":7,""physical_error_rate"":0.001}","{""detection_events"":352378,""detectors_checked"":71816192,""obs_mistake_mask=E"":1}"
      5488,         8,         0,   120.1,exact_mw,0a198d80e37665dd6f23c481ef1c601566b502223b7ce5d7a38dc87c0be91af9,"{""distance"":7,""physical_error_rate"":0.005}","{""detection_events"":79365,""detectors_checked"":3303776,""obs_mistake_mask=E"":8}"
      7040,         8,         0,   120.3,exact_mw,0a198d80e37665dd6f23c481ef1c601566b502223b7ce5d7a38dc87c0be91af9,"{""distance"":7,""physical_error_rate"":0.005}","{""detection_events"":101935,""detectors_checked"":4238080,""obs_mistake_mask=E"":8}"
    100864,         2,         0,   120.1,exact_mw,7acd59d404317421b37957afea3f5c66f33c9ef46579a47fd7c0ca3dd0dfc735,"{""distance"":7,""physical_error_rate"":0.001}","{""detection_events"":297166,""detectors_checked"":60720128,""obs_mistake_mask=E"":2}"
    122368,         2,         0,   120.6,exact_mw,7acd59d404317421b37957afea3f5c66f33c9ef46579a47fd7c0ca3dd0dfc735,"{""distance"":7,""physical_error_rate"":0.001}","{""detection_events"":359645,""detectors_checked"":73665536,""obs_mistake_mask=E"":2}"
     24576,         2,         0,   120.4,exact_mw,ca91ffa42463e210e189f165a9a4cbcfd1773a75ca815ff24a9009c31e62d8d0,"{""distance"":7,""physical_error_rate"":0.002}","{""detection_events"":143438,""detectors_checked"":14794752,""obs_mistake_mask=E"":2}"
   4094976,         1,         0,   119.3,exact_mw,f5ed540d8b33fe7a17a96c57e6e367075413a3677864b79373445f6bf89adea1,"{""distance"":7,""physical_error_rate"":0.0002}","{""detection_events"":2430533,""detectors_checked"":2465175552,""obs_mistake_mask=E"":1}"
   6128640,         0,         0,   119.1,exact_mw,d5491e2f66b0c830b41b0168451c8818c583b15508c9bf9282dc8e7a6cb6bd3f,"{""distance"":7,""physical_error_rate"":0.0001}","{""detection_events"":1816184,""detectors_checked"":3689441280}"
    702464,         2,         0,   120.0,exact_mw,c34bb01325b9980f7caca1807bd93e7e28846c82b8c0538af034740e6e7d5106,"{""distance"":7,""physical_error_rate"":0.0005}","{""detection_events"":1038744,""detectors_checked"":422883328,""obs_mistake_mask=E"":2}"
   6834176,         1,         0,   119.1,exact_mw,f7d5d61828a7d0145c65811496ba49aa9633daaed59c6883f51143c3b878094e,"{""distance"":7,""physical_error_rate"":5e-05}","{""detection_events"":1015647,""detectors_checked"":4114173952,""obs_mistake_mask=E"":1}"
   3657728,         0,         0,   119.1,exact_mw,f5ed540d8b33fe7a17a96c57e6e367075413a3677864b79373445f6bf89adea1,"{""distance"":7,""physical_error_rate"":0.0002}","{""detection_events"":2168234,""detectors_checked"":2201952256}"
   6136832,         0,         0,   118.8,exact_mw,f7d5d61828a7d0145c65811496ba49aa9633daaed59c6883f51143c3b878094e,"{""distance"":7,""physical_error_rate"":5e-05}","{""detection_events"":911791,""detectors_checked"":3694372864}"
    121344,         2,         0,   120.1,exact_mw,7acd59d404317421b37957afea3f5c66f33c9ef46579a47fd7c0ca3dd0dfc735,"{""distance"":7,""physical_error_rate"":0.001}","{""detection_events"":357724,""detectors_checked"":73049088,""obs_mistake_mask=E"":2}"
     21504,         4,         0,   120.2,exact_mw,ca91ffa42463e210e189f165a9a4cbcfd1773a75ca815ff24a9009c31e62d8d0,"{""distance"":7,""physical_error_rate"":0.002}","{""detection_events"":126333,""detectors_checked"":12945408,""obs_mistake_mask=E"":4}"
      5920,         8,         0,   120.5,exact_mw,0a198d80e37665dd6f23c481ef1c601566b502223b7ce5d7a38dc87c0be91af9,"{""distance"":7,""physical_error_rate"":0.005}","{""detection_events"":84975,""detectors_checked"":3563840,""obs_mistake_mask=E"":8}"
    729088,         1,         0,   120.0,exact_mw,c34bb01325b9980f7caca1807bd93e7e28846c82b8c0538af034740e6e7d5106,"{""distance"":7,""physical_error_rate"":0.0005}","{""detection_events"":1080799,""detectors_checked"":438910976,""obs_mistake_mask=E"":1}"
   5642240,         1,         0,   119.0,exact_mw,d5491e2f66b0c830b41b0168451c8818c583b15508c9bf9282dc8e7a6cb6bd3f,"{""distance"":7,""physical_error_rate"":0.0001}","{""detection_events"":1671761,""detectors_checked"":3396628480,""obs_mistake_mask=E"":1}"
      3408,        35,         0,   120.0,exact_mw,2e54b5982e286509c94a8bc96d1d6e54082c27eed948d684125948784bc20414,"{""distance"":7,""physical_error_rate"":0.01}","{""detection_events"":94883,""detectors_checked"":2051616,""obs_mistake_mask=E"":35}"
      1856,        12,         0,    71.8,exact_mw,2e54b5982e286509c94a8bc96d1d6e54082c27eed948d684125948784bc20414,"{""distance"":7,""physical_error_rate"":0.01}","{""detection_events"":52277,""detectors_checked"":1117312,""obs_mistake_mask=E"":12}"
      2760,        15,         0,   112.7,exact_mw,2e54b5982e286509c94a8bc96d1d6e54082c27eed948d684125948784bc20414,"{""distance"":7,""physical_error_rate"":0.01}","{""detection_events"":76624,""detectors_checked"":1661520,""obs_mistake_mask=E"":15}"
      2256,        19,         0,    72.0,exact_mw,2e54b5982e286509c94a8bc96d1d6e54082c27eed948d684125948784bc20414,"{""distance"":7,""physical_error_rate"":0.01}","{""detection_events"":63133,""detectors_checked"":1358112,""obs_mistake_mask=E"":19}"
      2984,        21,         0,   113.9,exact_mw,2e54b5982e286509c94a8bc96d1d6e54082c27eed948d684125948784bc20414,"{""distance"":7,""physical_error_rate"":0.01}","{""detection_events"":83201,""detectors_checked"":1796368,""obs_mistake_mask=E"":21}"
      2432,        15,         0,    73.8,exact_mw,2e54b5982e286509c94a8bc96d1d6e54082c27eed948d684125948784bc20414,"{""distance"":7,""physical_error_rate"":0.01}","{""detection_events"":67083,""detectors_checked"":1464064,""obs_mistake_mask=E"":15}"
      1824,        26,         0,    73.5,exact_mw,2e54b5982e286509c94a8bc96d1d6e54082c27eed948d684125948784bc20414,"{""distance"":7,""physical_error_rate"":0.01}","{""detection_events"":51783,""detectors_checked"":1098048,""obs_mistake_mask=E"":26}"
      2176,        13,         0,    75.1,exact_mw,2e54b5982e286509c94a8bc96d1d6e54082c27eed948d684125948784bc20414,"{""distance"":7,""physical_error_rate"":0.01}","{""detection_events"":60629,""detectors_checked"":1309952,""obs_mistake_mask=E"":13}"
      6304,        10,         0,   120.2,exact_mw,0a198d80e37665dd6f23c481ef1c601566b502223b7ce5d7a38dc87c0be91af9,"{""distance"":7,""physical_error_rate"":0.005}","{""detection_events"":90874,""detectors_checked"":3795008,""obs_mistake_mask=E"":10}"
    126976,         1,         0,   120.1,exact_mw,7acd59d404317421b37957afea3f5c66f33c9ef46579a47fd7c0ca3dd0dfc735,"{""distance"":7,""physical_error_rate"":0.001}","{""detection_events"":375953,""detectors_checked"":76439552,""obs_mistake_mask=E"":1}"
     24704,         1,         0,   120.0,exact_mw,ca91ffa42463e210e189f165a9a4cbcfd1773a75ca815ff24a9009c31e62d8d0,"{""distance"":7,""physical_error_rate"":0.002}","{""detection_events"":144543,""detectors_checked"":14871808,""obs_mistake_mask=E"":1}"
   7412736,         0,         0,   119.0,exact_mw,f7d5d61828a7d0145c65811496ba49aa9633daaed59c6883f51143c3b878094e,"{""distance"":7,""physical_error_rate"":5e-05}","{""detection_events"":1097507,""detectors_checked"":4462467072}"
   6008832,         2,         0,   119.0,exact_mw,d5491e2f66b0c830b41b0168451c8818c583b15508c9bf9282dc8e7a6cb6bd3f,"{""distance"":7,""physical_error_rate"":0.0001}","{""detection_events"":1781996,""detectors_checked"":3617316864,""obs_mistake_mask=E"":2}"
   4109312,         1,         0,   119.1,exact_mw,f5ed540d8b33fe7a17a96c57e6e367075413a3677864b79373445f6bf89adea1,"{""distance"":7,""physical_error_rate"":0.0002}","{""detection_events"":2433944,""detectors_checked"":2473805824,""obs_mistake_mask=E"":1}"
         1,         0,         0,   0.001,exact_mw,d5491e2f66b0c830b41b0168451c8818c583b15508c9bf9282dc8e7a6cb6bd3f,"{""distance"":7,""physical_error_rate"":0.0001}","{""detectors_checked"":602}"
      1296,         0,         0,   0.025,exact_mw,d5491e2f66b0c830b41b0168451c8818c583b15508c9bf9282dc8e7a6cb6bd3f,"{""distance"":7,""physical_error_rate"":0.0001}","{""detection_events"":345,""detectors_checked"":780192}"
      2048,         0,         0,   0.023,exact_mw,d5491e2f66b0c830b41b0168451c8818c583b15508c9bf9282dc8e7a6cb6bd3f,"{""distance"":7,""physical_error_rate"":0.0001}","{""detection_events"":683,""detectors_checked"":1232896}"
      2048,         0,         0,   0.054,exact_mw,d5491e2f66b0c830b41b0168451c8818c583b15508c9bf9282dc8e7a6cb6bd3f,"{""distance"":7,""physical_error_rate"":0.0001}","{""detection_events"":676,""detectors_checked"":1232896}"
      3072,         0,         0,   0.049,exact_mw,d5491e2f66b0c830b41b0168451c8818c583b15508c9bf9282dc8e7a6cb6bd3f,"{""distance"":7,""physical_error_rate"":0.0001}","{""detection_events"":1053,""detectors_checked"":1849344}"
      4096,         0,         0,   0.053,exact_mw,d5491e2f66b0c830b41b0168451c8818c583b15508c9bf9282dc8e7a6cb6bd3f,"{""distance"":7,""physical_error_rate"":0.0001}","{""detection_events"":1146,""detectors_checked"":2465792}"
      6144,         0,         0,   0.091,exact_mw,d5491e2f66b0c830b41b0168451c8818c583b15508c9bf9282dc8e7a6cb6bd3f,"{""distance"":7,""physical_error_rate"":0.0001}","{""detection_events"":1834,""detectors_checked"":3698688}"
      7168,         0,         0,   0.107,exact_mw,d5491e2f66b0c830b41b0168451c8818c583b15508c9bf9282dc8e7a6cb6bd3f,"{""distance"":7,""physical_error_rate"":0.0001}","{""detection_events"":2153,""detectors_checked"":4315136}"
     10240,         0,         0,   0.140,exact_mw,d5491e2f66b0c830b41b0168451c8818c583b15508c9bf9282dc8e7a6cb6bd3f,"{""distance"":7,""physical_error_rate"":0.0001}","{""detection_events"":3272,""detectors_checked"":6164480}"
     13312,         0,         0,   0.193,exact_mw,d5491e2f66b0c830b41b0168451c8818c583b15508c9bf9282dc8e7a6cb6bd3f,"{""distance"":7,""physical_error_rate"":0.0001}","{""detection_events"":3926,""detectors_checked"":8013824}"
      1297,         0,         0,   0.010,exact_mw,f7d5d61828a7d0145c65811496ba49aa9633daaed59c6883f51143c3b878094e,"{""distance"":7,""physical_error_rate"":5e-05}","{""detection_events"":126,""detectors_checked"":780794}"
      1024,         0,         0,   0.007,exact_mw,f7d5d61828a7d0145c65811496ba49aa9633daaed59c6883f51143c3b878094e,"{""distance"":7,""physical_error_rate"":5e-05}","{""detection_events"":195,""detectors_checked"":616448}"
      1024,         0,         0,   0.007,exact_mw,f7d5d61828a7d0145c65811496ba49aa9633daaed59c6883f51143c3b878094e,"{""distance"":7,""physical_error_rate"":5e-05}","{""detection_events"":145,""detectors_checked"":616448}"
      3072,         0,         0,   0.033,exact_mw,f7d5d61828a7d0145c65811496ba49aa9633daaed59c6883f51143c3b878094e,"{""distance"":7,""physical_error_rate"":5e-05}","{""detection_events"":470,""detectors_checked"":1849344}"
      2048,         0,         0,   0.026,exact_mw,f7d5d61828a7d0145c65811496ba49aa9633daaed59c6883f51143c3b878094e,"{""distance"":7,""physical_error_rate"":5e-05}","{""detection_events"":320,""detectors_checked"":1232896}"
      5120,         0,         0,   0.055,exact_mw,f7d5d61828a7d0145c65811496ba49aa9633daaed59c6883f51143c3b878094e,"{""distance"":7,""physical_error_rate"":5e-05}","{""detection_events"":730,""detectors_checked"":3082240}"
      6144,         0,         0,   0.081,exact_mw,f7d5d61828a7d0145c65811496ba49aa9633daaed59c6883f51143c3b878094e,"{""distance"":7,""physical_error_rate"":5e-05}","{""detection_events"":927,""detectors_checked"":3698688}"
     17408,         0,         0,   0.283,exact_mw,d5491e2f66b0c830b41b0168451c8818c583b15508c9bf9282dc8e7a6cb6bd3f,"{""distance"":7,""physical_error_rate"":0.0001}","{""detection_events"":5315,""detectors_checked"":10479616}"
      8192,         0,         0,   0.100,exact_mw,f7d5d61828a7d0145c65811496ba49aa9633daaed59c6883f51143c3b878094e,"{""distance"":7,""physical_error_rate"":5e-05}","{""detection_events"":1111,""detectors_checked"":4931584}"
    604160,         0,         0,   119.9,exact_mw,c34bb01325b9980f7caca1807bd93e7e28846c82b8c0538af034740e6e7d5106,"{""distance"":7,""physical_error_rate"":0.0005}","{""detection_events"":892515,""detectors_checked"":363704320}"
     11264,         0,         0,   0.136,exact_mw,f7d5d61828a7d0145c65811496ba49aa9633daaed59c6883f51143c3b878094e,"{""distance"":7,""physical_error_rate"":5e-05}","{""detection_events"":1697,""detectors_checked"":6780928}"
     28672,         0,         0,   0.415,exact_mw,d5491e2f66b0c830b41b0168451c8818c583b15508c9bf9282dc8e7a6cb6bd3f,"{""distance"":7,""physical_error_rate"":0.0001}","{""detection_events"":8761,""detectors_checked"":17260544}"
     16384,         0,         0,   0.211,exact_mw,f7d5d61828a7d0145c65811496ba49aa9633daaed59c6883f51143c3b878094e,"{""distance"":7,""physical_error_rate"":5e-05}","{""detection_events"":2563,""detectors_checked"":9863168}"
     22528,         0,         0,   0.295,exact_mw,f7d5d61828a7d0145c65811496ba49aa9633daaed59c6883f51143c3b878094e,"{""distance"":7,""physical_error_rate"":5e-05}","{""detection_events"":3558,""detectors_checked"":13561856}"
     37888,         0,         0,   0.554,exact_mw,d5491e2f66b0c830b41b0168451c8818c583b15508c9bf9282dc8e7a6cb6bd3f,"{""distance"":7,""physical_error_rate"":0.0001}","{""detection_events"":11199,""detectors_checked"":22808576}"
     32768,         0,         0,   0.409,exact_mw,f7d5d61828a7d0145c65811496ba49aa9633daaed59c6883f51143c3b878094e,"{""distance"":7,""physical_error_rate"":5e-05}","{""detection_events"":5036,""detectors_checked"":19726336}"
     45056,         0,         0,   0.552,exact_mw,f7d5d61828a7d0145c65811496ba49aa9633daaed59c6883f51143c3b878094e,"{""distance"":7,""physical_error_rate"":5e-05}","{""detection_events"":6643,""detectors_checked"":27123712}"
     50176,         0,         0,   0.774,exact_mw,d5491e2f66b0c830b41b0168451c8818c583b15508c9bf9282dc8e7a6cb6bd3f,"{""distance"":7,""physical_error_rate"":0.0001}","{""detection_events"":15171,""detectors_checked"":30205952}"
         1,         0,         0,   0.001,exact_mw,c34bb01325b9980f7caca1807bd93e7e28846c82b8c0538af034740e6e7d5106,"{""distance"":7,""physical_error_rate"":0.0005}","{""detectors_checked"":602}"
       272,         0,         0,   0.078,exact_mw,c34bb01325b9980f7caca1807bd93e7e28846c82b8c0538af034740e6e7d5106,"{""distance"":7,""physical_error_rate"":0.0005}","{""detection_events"":462,""detectors_checked"":163744}"
      1024,         0,         0,   0.201,exact_mw,c34bb01325b9980f7caca1807bd93e7e28846c82b8c0538af034740e6e7d5106,"{""distance"":7,""physical_error_rate"":0.0005}","{""detection_events"":1522,""detectors_checked"":616448}"
         1,         0,         0,   0.056,exact_mw,0a198d80e37665dd6f23c481ef1c601566b502223b7ce5d7a38dc87c0be91af9,"{""distance"":7,""physical_error_rate"":0.005}","{""detection_events"":17,""detectors_checked"":602}"
      1024,         0,         0,   0.192,exact_mw,c34bb01325b9980f7caca1807bd93e7e28846c82b8c0538af034740e6e7d5106,"{""distance"":7,""physical_error_rate"":0.0005}","{""detection_events"":1387,""detectors_checked"":616448}"
         8,         0,         0,   0.083,exact_mw,0a198d80e37665dd6f23c481ef1c601566b502223b7ce5d7a38dc87c0be91af9,"{""distance"":7,""physical_error_rate"":0.005}","{""detection_events"":90,""detectors_checked"":4816}"
     61440,         0,         0,   0.791,exact_mw,f7d5d61828a7d0145c65811496ba49aa9633daaed59c6883f51143c3b878094e,"{""distance"":7,""physical_error_rate"":5e-05}","{""detection_events"":9147,""detectors_checked"":36986880}"
      1024,         0,         0,   0.147,exact_mw,c34bb01325b9980f7caca1807bd93e7e28846c82b8c0538af034740e6e7d5106,"{""distance"":7,""physical_error_rate"":0.0005}","{""detection_events"":1624,""detectors_checked"":616448}"
      1024,         0,         0,   0.156,exact_mw,c34bb01325b9980f7caca1807bd93e7e28846c82b8c0538af034740e6e7d5106,"{""distance"":7,""physical_error_rate"":0.0005}","{""detection_events"":1580,""detectors_checked"":616448}"
     69632,         0,         0,    1.11,exact_mw,d5491e2f66b0c830b41b0168451c8818c583b15508c9bf9282dc8e7a6cb6bd3f,"{""distance"":7,""physical_error_rate"":0.0001}","{""detection_events"":20674,""detectors_checked"":41918464}"
    108544,         2,         0,   120.1,exact_mw,7acd59d404317421b37957afea3f5c66f33c9ef46579a47fd7c0ca3dd0dfc735,"{""distance"":7,""physical_error_rate"":0.001}","{""detection_events"":320578,""detectors_checked"":65343488,""obs_mistake_mask=E"":2}"
      1024,         0,         0,   0.186,exact_mw,c34bb01325b9980f7caca1807bd93e7e28846c82b8c0538af034740e6e7d5106,"{""distance"":7,""physical_error_rate"":0.0005}","{""detection_events"":1675,""detectors_checked"":616448}"
      1024,         0,         0,   0.138,exact_mw,c34bb01325b9980f7caca1807bd93e7e28846c82b8c0538af034740e6e7d5106,"{""distance"":7,""physical_error_rate"":0.0005}","{""detection_events"":1408,""detectors_checked"":616448}"
      1024,         0,         0,   0.163,exact_mw,c34bb01325b9980f7caca1807bd93e7e28846c82b8c0538af034740e6e7d5106,"{""distance"":7,""physical_error_rate"":0.0005}","{""detection_events"":1621,""detectors_checked"":616448}"
        32,         1,         0,   0.814,exact_mw,0a198d80e37665dd6f23c481ef1c601566b502223b7ce5d7a38dc87c0be91af9,"{""distance"":7,""physical_error_rate"":0.005}","{""detection_events"":463,""detectors_checked"":19264,""obs_mistake_mask=E"":1}"
      5344,         7,         0,   120.6,exact_mw,0a198d80e37665dd6f23c481ef1c601566b502223b7ce5d7a38dc87c0be91af9,"{""distance"":7,""physical_error_rate"":0.005}","{""detection_events"":77683,""detectors_checked"":3217088,""obs_mistake_mask=E"":7}"
     88064,         0,         0,    1.11,exact_mw,f7d5d61828a7d0145c65811496ba49aa9633daaed59c6883f51143c3b878094e,"{""distance"":7,""physical_error_rate"":5e-05}","{""detection_events"":13575,""detectors_checked"":53014528}"
      2048,         0,         0,   0.370,exact_mw,c34bb01325b9980f7caca1807bd93e7e28846c82b8c0538af034740e6e7d5106,"{""distance"":7,""physical_error_rate"":0.0005}","{""detection_events"":3124,""detectors_checked"":1232896}"
         1,         0,         0,   0.001,exact_mw,7acd59d404317421b37957afea3f5c66f33c9ef46579a47fd7c0ca3dd0dfc735,"{""distance"":7,""physical_error_rate"":0.001}","{""detection_events"":4,""detectors_checked"":602}"
        32,         0,         0,   0.583,exact_mw,0a198d80e37665dd6f23c481ef1c601566b502223b7ce5d7a38dc87c0be91af9,"{""distance"":7,""physical_error_rate"":0.005}","{""detection_events"":455,""detectors_checked"":19264}"
       272,         0,         0,   0.190,exact_mw,7acd59d404317421b37957afea3f5c66f33c9ef46579a47fd7c0ca3dd0dfc735,"{""distance"":7,""physical_error_rate"":0.001}","{""detection_events"":720,""detectors_checked"":163744}"
      3072,         1,         0,   0.381,exact_mw,c34bb01325b9980f7caca1807bd93e7e28846c82b8c0538af034740e6e7d5106,"{""distance"":7,""physical_error_rate"":0.0005}","{""detection_events"":4229,""detectors_checked"":1849344,""obs_mistake_mask=E"":1}"
    104448,         0,         0,    1.57,exact_mw,d5491e2f66b0c830b41b0168451c8818c583b15508c9bf9282dc8e7a6cb6bd3f,"{""distance"":7,""physical_error_rate"":0.0001}","{""detection_events"":31341,""detectors_checked"":62877696}"
      3072,         0,         0,   0.459,exact_mw,c34bb01325b9980f7caca1807bd93e7e28846c82b8c0538af034740e6e7d5106,"{""distance"":7,""physical_error_rate"":0.0005}","{""detection_events"":4743,""detectors_checked"":1849344}"
        32,         0,         0,   0.629,exact_mw,0a198d80e37665dd6f23c481ef1c601566b502223b7ce5d7a38dc87c0be91af9,"{""distance"":7,""physical_error_rate"":0.005}","{""detection_events"":461,""detectors_checked"":19264}"
       512,         0,         0,   0.593,exact_mw,7acd59d404317421b37957afea3f5c66f33c9ef46579a47fd7c0ca3dd0dfc735,"{""distance"":7,""physical_error_rate"":0.001}","{""detection_events"":1499,""detectors_checked"":308224}"
        32,         0,         0,   0.596,exact_mw,0a198d80e37665dd6f23c481ef1c601566b502223b7ce5d7a38dc87c0be91af9,"{""distance"":7,""physical_error_rate"":0.005}","{""detection_events"":477,""detectors_checked"":19264}"
    106496,         0,         0,    1.54,exact_mw,f7d5d61828a7d0145c65811496ba49aa9633daaed59c6883f51143c3b878094e,"{""distance"":7,""physical_error_rate"":5e-05}","{""detection_events"":15639,""detectors_checked"":64110592}"
      4096,         0,         0,   0.686,exact_mw,c34bb01325b9980f7caca1807bd93e7e28846c82b8c0538af034740e6e7d5106,"{""distance"":7,""physical_error_rate"":0.0005}","{""detection_events"":6008,""detectors_checked"":2465792}"
       512,         0,         0,   0.594,exact_mw,7acd59d404317421b37957afea3f5c66f33c9ef46579a47fd7c0ca3dd0dfc735,"{""distance"":7,""physical_error_rate"":0.001}","{""detection_events"":1593,""detectors_checked"":308224}"
       512,         0,         0,   0.518,exact_mw,7acd59d404317421b37957afea3f5c66f33c9ef46579a47fd7c0ca3dd0dfc735,"{""distance"":7,""physical_error_rate"":0.001}","{""detection_events"":1532,""detectors_checked"":308224}"
      4096,         0,         0,   0.859,exact_mw,c34bb01325b9980f7caca1807bd93e7e28846c82b8c0538af034740e6e7d5106,"{""distance"":7,""physical_error_rate"":0.0005}","{""detection_events"":6019,""detectors_checked"":2465792}"
        17,         0,         0,   0.085,exact_mw,ca91ffa42463e210e189f165a9a4cbcfd1773a75ca815ff24a9009c31e62d8d0,"{""distance"":7,""physical_error_rate"":0.002}","{""detection_events"":102,""detectors_checked"":10234}"
      1297,         0,         0,   0.029,exact_mw,f5ed540d8b33fe7a17a96c57e6e367075413a3677864b79373445f6bf89adea1,"{""distance"":7,""physical_error_rate"":0.0002}","{""detection_events"":776,""detectors_checked"":780794}"
       512,         0,         0,   0.562,exact_mw,7acd59d404317421b37957afea3f5c66f33c9ef46579a47fd7c0ca3dd0dfc735,"{""distance"":7,""physical_error_rate"":0.001}","{""detection_events"":1553,""detectors_checked"":308224}"
      1024,         0,         0,   0.031,exact_mw,f5ed540d8b33fe7a17a96c57e6e367075413a3677864b79373445f6bf89adea1,"{""distance"":7,""physical_error_rate"":0.0002}","{""detection_events"":543,""detectors_checked"":616448}"
      1024,         0,         0,   0.026,exact_mw,f5ed540d8b33fe7a17a96c57e6e367075413a3677864b79373445f6bf89adea1,"{""distance"":7,""physical_error_rate"":0.0002}","{""detection_events"":650,""detectors_checked"":616448}"
      2048,         0,         0,   0.032,exact_mw,f5ed540d8b33fe7a17a96c57e6e367075413a3677864b79373445f6bf89adea1,"{""distance"":7,""physical_error_rate"":0.0002}","{""detection_events"":1154,""detectors_checked"":1232896}"
      2048,         0,         0,   0.058,exact_mw,f5ed540d8b33fe7a17a96c57e6e367075413a3677864b79373445f6bf89adea1,"{""distance"":7,""physical_error_rate"":0.0002}","{""detection_events"":1175,""detectors_checked"":1232896}"
      2048,         0,         0,   0.054,exact_mw,f5ed540d8b33fe7a17a96c57e6e367075413a3677864b79373445f6bf89adea1,"{""distance"":7,""physical_error_rate"":0.0002}","{""detection_events"":1185,""detectors_checked"":1232896}"
        64,         0,         0,   0.426,exact_mw,ca91ffa42463e210e189f165a9a4cbcfd1773a75ca815ff24a9009c31e62d8d0,"{""distance"":7,""physical_error_rate"":0.002}","{""detection_events"":455,""detectors_checked"":38528}"
    151552,         0,         0,    2.16,exact_mw,d5491e2f66b0c830b41b0168451c8818c583b15508c9bf9282dc8e7a6cb6bd3f,"{""distance"":7,""physical_error_rate"":0.0001}","{""detection_events"":44567,""detectors_checked"":91234304}"
      6144,         0,         0,   0.107,exact_mw,f5ed540d8b33fe7a17a96c57e6e367075413a3677864b79373445f6bf89adea1,"{""distance"":7,""physical_error_rate"":0.0002}","{""detection_events"":3740,""detectors_checked"":3698688}"
      4096,         0,         0,   0.106,exact_mw,f5ed540d8b33fe7a17a96c57e6e367075413a3677864b79373445f6bf89adea1,"{""distance"":7,""physical_error_rate"":0.0002}","{""detection_events"":2348,""detectors_checked"":2465792}"
       512,         0,         0,   0.511,exact_mw,7acd59d404317421b37957afea3f5c66f33c9ef46579a47fd7c0ca3dd0dfc735,"{""distance"":7,""physical_error_rate"":0.001}","{""detection_events"":1551,""detectors_checked"":308224}"
      6144,         0,         0,   0.163,exact_mw,f5ed540d8b33fe7a17a96c57e6e367075413a3677864b79373445f6bf89adea1,"{""distance"":7,""physical_error_rate"":0.0002}","{""detection_events"":3644,""detectors_checked"":3698688}"
        64,         0,         0,   0.385,exact_mw,ca91ffa42463e210e189f165a9a4cbcfd1773a75ca815ff24a9009c31e62d8d0,"{""distance"":7,""physical_error_rate"":0.002}","{""detection_events"":337,""detectors_checked"":38528}"
   5168128,         2,         0,   119.3,exact_mw,f5ed540d8b33fe7a17a96c57e6e367075413a3677864b79373445f6bf89adea1,"{""distance"":7,""physical_error_rate"":0.0002}","{""detection_events"":3065375,""detectors_checked"":3111213056,""obs_mistake_mask=E"":2}"
      8192,         0,         0,   0.202,exact_mw,f5ed540d8b33fe7a17a96c57e6e367075413a3677864b79373445f6bf89adea1,"{""distance"":7,""physical_error_rate"":0.0002}","{""detection_events"":4840,""detectors_checked"":4931584}"
       512,         0,         0,   0.315,exact_mw,7acd59d404317421b37957afea3f5c66f33c9ef46579a47fd7c0ca3dd0dfc735,"{""distance"":7,""physical_error_rate"":0.001}","{""detection_events"":1428,""detectors_checked"":308224}"
      5120,         0,         0,    1.14,exact_mw,c34bb01325b9980f7caca1807bd93e7e28846c82b8c0538af034740e6e7d5106,"{""distance"":7,""physical_error_rate"":0.0005}","{""detection_events"":7655,""detectors_checked"":3082240}"
        32,         0,         0,    2.09,exact_mw,0a198d80e37665dd6f23c481ef1c601566b502223b7ce5d7a38dc87c0be91af9,"{""distance"":7,""physical_error_rate"":0.005}","{""detection_events"":516,""detectors_checked"":19264}"
        64,         0,         0,   0.390,exact_mw,ca91ffa42463e210e189f165a9a4cbcfd1773a75ca815ff24a9009c31e62d8d0,"{""distance"":7,""physical_error_rate"":0.002}","{""detection_events"":435,""detectors_checked"":38528}"
    151552,         0,         0,    2.14,exact_mw,f7d5d61828a7d0145c65811496ba49aa9633daaed59c6883f51143c3b878094e,"{""distance"":7,""physical_error_rate"":5e-05}","{""detection_events"":22705,""detectors_checked"":91234304}"
     15360,         0,         0,   0.311,exact_mw,f5ed540d8b33fe7a17a96c57e6e367075413a3677864b79373445f6bf89adea1,"{""distance"":7,""physical_error_rate"":0.0002}","{""detection_events"":9002,""detectors_checked"":9246720}"
        64,         0,         0,   0.224,exact_mw,ca91ffa42463e210e189f165a9a4cbcfd1773a75ca815ff24a9009c31e62d8d0,"{""distance"":7,""physical_error_rate"":0.002}","{""detection_events"":324,""detectors_checked"":38528}"
       512,         0,         0,   0.464,exact_mw,7acd59d404317421b37957afea3f5c66f33c9ef46579a47fd7c0ca3dd0dfc735,"{""distance"":7,""physical_error_rate"":0.001}","{""detection_events"":1445,""detectors_checked"":308224}"
     17408,         0,         0,   0.409,exact_mw,f5ed540d8b33fe7a17a96c57e6e367075413a3677864b79373445f6bf89adea1,"{""distance"":7,""physical_error_rate"":0.0002}","{""detection_events"":10496,""detectors_checked"":10479616}"
         1,         0,         0,   0.001,exact_mw,0a198d80e37665dd6f23c481ef1c601566b502223b7ce5d7a38dc87c0be91af9,"{""distance"":7,""physical_error_rate"":0.005}","{""detection_events"":6,""detectors_checked"":602}"
       512,         0,         0,   0.397,exact_mw,7acd59d404317421b37957afea3f5c66f33c9ef46579a47fd7c0ca3dd0dfc735,"{""distance"":7,""physical_error_rate"":0.001}","{""detection_events"":1593,""detectors_checked"":308224}"
        16,         0,         0,   0.298,exact_mw,0a198d80e37665dd6f23c481ef1c601566b502223b7ce5d7a38dc87c0be91af9,"{""distance"":7,""physical_error_rate"":0.005}","{""detection_events"":223,""detectors_checked"":9632}"
        16,         0,         0,    1.05,exact_mw,0a198d80e37665dd6f23c481ef1c601566b502223b7ce5d7a38dc87c0be91af9,"{""distance"":7,""physical_error_rate"":0.005}","{""detection_events"":217,""detectors_checked"":9632}"
       128,         0,         0,   0.784,exact_mw,ca91ffa42463e210e189f165a9a4cbcfd1773a75ca815ff24a9009c31e62d8d0,"{""distance"":7,""physical_error_rate"":0.002}","{""detection_events"":684,""detectors_checked"":77056}"
     18432,         0,         0,   0.565,exact_mw,f5ed540d8b33fe7a17a96c57e6e367075413a3677864b79373445f6bf89adea1,"{""distance"":7,""physical_error_rate"":0.0002}","{""detection_events"":10965,""detectors_checked"":11096064}"
       512,         0,         0,   0.465,exact_mw,7acd59d404317421b37957afea3f5c66f33c9ef46579a47fd7c0ca3dd0dfc735,"{""distance"":7,""physical_error_rate"":0.001}","{""detection_events"":1676,""detectors_checked"":308224}"
        32,         0,         0,   0.407,exact_mw,0a198d80e37665dd6f23c481ef1c601566b502223b7ce5d7a38dc87c0be91af9,"{""distance"":7,""physical_error_rate"":0.005}","{""detection_events"":423,""detectors_checked"":19264}"
      8192,         0,         0,    1.64,exact_mw,c34bb01325b9980f7caca1807bd93e7e28846c82b8c0538af034740e6e7d5106,"{""distance"":7,""physical_error_rate"":0.0005}","{""detection_events"":12030,""detectors_checked"":4931584}"
     25600,         0,         0,   0.819,exact_mw,f5ed540d8b33fe7a17a96c57e6e367075413a3677864b79373445f6bf89adea1,"{""distance"":7,""physical_error_rate"":0.0002}","{""detection_events"":15032,""detectors_checked"":15411200}"
       128,         0,         0,   0.934,exact_mw,ca91ffa42463e210e189f165a9a4cbcfd1773a75ca815ff24a9009c31e62d8d0,"{""distance"":7,""physical_error_rate"":0.002}","{""detection_events"":835,""detectors_checked"":77056}"
        32,         0,         0,   0.619,exact_mw,0a198d80e37665dd6f23c481ef1c601566b502223b7ce5d7a38dc87c0be91af9,"{""distance"":7,""physical_error_rate"":0.005}","{""detection_events"":455,""detectors_checked"":19264}"
      1024,         0,         0,   0.854,exact_mw,7acd59d404317421b37957afea3f5c66f33c9ef46579a47fd7c0ca3dd0dfc735,"{""distance"":7,""physical_error_rate"":0.001}","{""detection_events"":2980,""detectors_checked"":616448}"
    209920,         0,         0,    3.03,exact_mw,d5491e2f66b0c830b41b0168451c8818c583b15508c9bf9282dc8e7a6cb6bd3f,"{""distance"":7,""physical_error_rate"":0.0001}","{""detection_events"":62328,""detectors_checked"":126371840}"
       128,         0,         0,   0.476,exact_mw,ca91ffa42463e210e189f165a9a4cbcfd1773a75ca815ff24a9009c31e62d8d0,"{""distance"":7,""physical_error_rate"":0.002}","{""detection_events"":697,""detectors_checked"":77056}"
        16,         0,         0,    1.50,exact_mw,0a198d80e37665dd6f23c481ef1c601566b502223b7ce5d7a38dc87c0be91af9,"{""distance"":7,""physical_error_rate"":0.005}","{""detection_events"":245,""detectors_checked"":9632}"
        32,         1,         0,   0.645,exact_mw,0a198d80e37665dd6f23c481ef1c601566b502223b7ce5d7a38dc87c0be91af9,"{""distance"":7,""physical_error_rate"":0.005}","{""detection_events"":496,""detectors_checked"":19264,""obs_mistake_mask=E"":1}"
         8,         0,         0,   0.407,exact_mw,0a198d80e37665dd6f23c481ef1c601566b502223b7ce5d7a38dc87c0be91af9,"{""distance"":7,""physical_error_rate"":0.005}","{""detection_events"":87,""detectors_checked"":4816}"
       128,         0,         0,   0.452,exact_mw,ca91ffa42463e210e189f165a9a4cbcfd1773a75ca815ff24a9009c31e62d8d0,"{""distance"":7,""physical_error_rate"":0.002}","{""detection_events"":807,""detectors_checked"":77056}"
      1024,         0,         0,   0.975,exact_mw,7acd59d404317421b37957afea3f5c66f33c9ef46579a47fd7c0ca3dd0dfc735,"{""distance"":7,""physical_error_rate"":0.001}","{""detection_events"":2952,""detectors_checked"":616448}"
    238592,         0,         0,    3.03,exact_mw,f7d5d61828a7d0145c65811496ba49aa9633daaed59c6883f51143c3b878094e,"{""distance"":7,""physical_error_rate"":5e-05}","{""detection_events"":36245,""detectors_checked"":143632384}"
     34816,         0,         0,    1.14,exact_mw,f5ed540d8b33fe7a17a96c57e6e367075413a3677864b79373445f6bf89adea1,"{""distance"":7,""physical_error_rate"":0.0002}","{""detection_events"":20470,""detectors_checked"":20959232}"
        32,         0,         0,   0.583,exact_mw,0a198d80e37665dd6f23c481ef1c601566b502223b7ce5d7a38dc87c0be91af9,"{""distance"":7,""physical_error_rate"":0.005}","{""detection_events"":536,""detectors_checked"":19264}"
       128,         0,         0,   0.652,exact_mw,ca91ffa42463e210e189f165a9a4cbcfd1773a75ca815ff24a9009c31e62d8d0,"{""distance"":7,""physical_error_rate"":0.002}","{""detection_events"":808,""detectors_checked"":77056}"
        32,         0,         0,   0.438,exact_mw,0a198d80e37665dd6f23c481ef1c601566b502223b7ce5d7a38dc87c0be91af9,"{""distance"":7,""physical_error_rate"":0.005}","{""detection_events"":470,""detectors_checked"":19264}"
         8,         0,         0,   0.817,exact_mw,0a198d80e37665dd6f23c481ef1c601566b502223b7ce5d7a38dc87c0be91af9,"{""distance"":7,""physical_error_rate"":0.005}","{""detection_events"":85,""detectors_checked"":4816}"
     11264,         0,         0,    2.28,exact_mw,c34bb01325b9980f7caca1807bd93e7e28846c82b8c0538af034740e6e7d5106,"{""distance"":7,""physical_error_rate"":0.0005}","{""detection_events"":16836,""detectors_checked"":6780928}"
   4634624,         0,         0,   118.9,exact_mw,d5491e2f66b0c830b41b0168451c8818c583b15508c9bf9282dc8e7a6cb6bd3f,"{""distance"":7,""physical_error_rate"":0.0001}","{""detection_events"":1377069,""detectors_checked"":2790043648}"
      1024,         0,         0,   0.869,exact_mw,7acd59d404317421b37957afea3f5c66f33c9ef46579a47fd7c0ca3dd0dfc735,"{""distance"":7,""physical_error_rate"":0.001}","{""detection_events"":3068,""detectors_checked"":616448}"
       128,         0,         0,   0.651,exact_mw,ca91ffa42463e210e189f165a9a4cbcfd1773a75ca815ff24a9009c31e62d8d0,"{""distance"":7,""physical_error_rate"":0.002}","{""detection_events"":778,""detectors_checked"":77056}"
         8,         0,         0,   0.710,exact_mw,0a198d80e37665dd6f23c481ef1c601566b502223b7ce5d7a38dc87c0be91af9,"{""distance"":7,""physical_error_rate"":0.005}","{""detection_events"":132,""detectors_checked"":4816}"
        32,         0,         0,   0.794,exact_mw,0a198d80e37665dd6f23c481ef1c601566b502223b7ce5d7a38dc87c0be91af9,"{""distance"":7,""physical_error_rate"":0.005}","{""detection_events"":432,""detectors_checked"":19264}"
     41984,         0,         0,    1.54,exact_mw,f5ed540d8b33fe7a17a96c57e6e367075413a3677864b79373445f6bf89adea1,"{""distance"":7,""physical_error_rate"":0.0002}","{""detection_events"":24958,""detectors_checked"":25274368}"
       128,         0,         0,   0.455,exact_mw,ca91ffa42463e210e189f165a9a4cbcfd1773a75ca815ff24a9009c31e62d8d0,"{""distance"":7,""physical_error_rate"":0.002}","{""detection_events"":764,""detectors_checked"":77056}"
        32,         0,         0,   0.606,exact_mw,0a198d80e37665dd6f23c481ef1c601566b502223b7ce5d7a38dc87c0be91af9,"{""distance"":7,""physical_error_rate"":0.005}","{""detection_events"":403,""detectors_checked"":19264}"
      1536,         0,         0,    1.34,exact_mw,7acd59d404317421b37957afea3f5c66f33c9ef46579a47fd7c0ca3dd0dfc735,"{""distance"":7,""physical_error_rate"":0.001}","{""detection_events"":4496,""detectors_checked"":924672}"
       128,         0,         0,   0.569,exact_mw,ca91ffa42463e210e189f165a9a4cbcfd1773a75ca815ff24a9009c31e62d8d0,"{""distance"":7,""physical_error_rate"":0.002}","{""detection_events"":789,""detectors_checked"":77056}"
   8466432,         0,         0,   119.2,exact_mw,d5491e2f66b0c830b41b0168451c8818c583b15508c9bf9282dc8e7a6cb6bd3f,"{""distance"":7,""physical_error_rate"":0.0001}","{""detection_events"":2506169,""detectors_checked"":5096792064}"
     22848,         3,         0,   120.3,exact_mw,ca91ffa42463e210e189f165a9a4cbcfd1773a75ca815ff24a9009c31e62d8d0,"{""distance"":7,""physical_error_rate"":0.002}","{""detection_events"":134340,""detectors_checked"":13754496,""obs_mistake_mask=E"":3}"
        16,         0,         0,    1.11,exact_mw,0a198d80e37665dd6f23c481ef1c601566b502223b7ce5d7a38dc87c0be91af9,"{""distance"":7,""physical_error_rate"":0.005}","{""detection_events"":269,""detectors_checked"":9632}"
   6219776,         0,         0,   119.1,exact_mw,d5491e2f66b0c830b41b0168451c8818c583b15508c9bf9282dc8e7a6cb6bd3f,"{""distance"":7,""physical_error_rate"":0.0001}","{""detection_events"":1845365,""detectors_checked"":3744305152}"
        32,         0,         0,   0.840,exact_mw,0a198d80e37665dd6f23c481ef1c601566b502223b7ce5d7a38dc87c0be91af9,"{""distance"":7,""physical_error_rate"":0.005}","{""detection_events"":494,""detectors_checked"":19264}"
   6767616,         0,         0,   119.1,exact_mw,f7d5d61828a7d0145c65811496ba49aa9633daaed59c6883f51143c3b878094e,"{""distance"":7,""physical_error_rate"":5e-05}","{""detection_events"":1003642,""detectors_checked"":4074104832}"
       256,         0,         0,    1.18,exact_mw,ca91ffa42463e210e189f165a9a4cbcfd1773a75ca815ff24a9009c31e62d8d0,"{""distance"":7,""physical_error_rate"":0.002}","{""detection_events"":1549,""detectors_checked"":154112}"
    311296,         0,         0,    4.23,exact_mw,d5491e2f66b0c830b41b0168451c8818c583b15508c9bf9282dc8e7a6cb6bd3f,"{""distance"":7,""physical_error_rate"":0.0001}","{""detection_events"":92150,""detectors_checked"":187400192}"
        32,         0,         0,   0.739,exact_mw,0a198d80e37665dd6f23c481ef1c601566b502223b7ce5d7a38dc87c0be91af9,"{""distance"":7,""physical_error_rate"":0.005}","{""detection_events"":517,""detectors_checked"":19264}"
     68608,         0,         0,    2.18,exact_mw,f5ed540d8b33fe7a17a96c57e6e367075413a3677864b79373445f6bf89adea1,"{""distance"":7,""physical_error_rate"":0.0002}","{""detection_events"":40536,""detectors_checked"":41302016}"
        16,         0,         0,    1.40,exact_mw,0a198d80e37665dd6f23c481ef1c601566b502223b7ce5d7a38dc87c0be91af9,"{""distance"":7,""physical_error_rate"":0.005}","{""detection_events"":289,""detectors_checked"":9632}"
     14336,         0,         0,    3.14,exact_mw,c34bb01325b9980f7caca1807bd93e7e28846c82b8c0538af034740e6e7d5106,"{""distance"":7,""physical_error_rate"":0.0005}","{""detection_events"":21834,""detectors_checked"":8630272}"
   3448832,         0,         0,   119.3,exact_mw,f5ed540d8b33fe7a17a96c57e6e367075413a3677864b79373445f6bf89adea1,"{""distance"":7,""physical_error_rate"":0.0002}","{""detection_events"":2047110,""detectors_checked"":2076196864}"
    138240,         5,         0,   120.1,exact_mw,7acd59d404317421b37957afea3f5c66f33c9ef46579a47fd7c0ca3dd0dfc735,"{""distance"":7,""physical_error_rate"":0.001}","{""detection_events"":407953,""detectors_checked"":83220480,""obs_mistake_mask=E"":5}"
        32,         0,         0,   0.549,exact_mw,0a198d80e37665dd6f23c481ef1c601566b502223b7ce5d7a38dc87c0be91af9,"{""distance"":7,""physical_error_rate"":0.005}","{""detection_events"":421,""detectors_checked"":19264}"
    336896,         0,         0,    4.20,exact_mw,f7d5d61828a7d0145c65811496ba49aa9633daaed59c6883f51143c3b878094e,"{""distance"":7,""physical_error_rate"":5e-05}","{""detection_events"":49830,""detectors_checked"":202811392}"
   4263936,         1,         0,   119.3,exact_mw,f5ed540d8b33fe7a17a96c57e6e367075413a3677864b79373445f6bf89adea1,"{""distance"":7,""physical_error_rate"":0.0002}","{""detection_events"":2525132,""detectors_checked"":2566889472,""obs_mistake_mask=E"":1}"
   4039680,         2,         0,   119.2,exact_mw,f5ed540d8b33fe7a17a96c57e6e367075413a3677864b79373445f6bf89adea1,"{""distance"":7,""physical_error_rate"":0.0002}","{""detection_events"":2391906,""detectors_checked"":2431887360,""obs_mistake_mask=E"":2}"
       256,         0,         0,    1.21,exact_mw,ca91ffa42463e210e189f165a9a4cbcfd1773a75ca815ff24a9009c31e62d8d0,"{""distance"":7,""physical_error_rate"":0.002}","{""detection_events"":1540,""detectors_checked"":154112}"
        32,         0,         0,   0.683,exact_mw,0a198d80e37665dd6f23c481ef1c601566b502223b7ce5d7a38dc87c0be91af9,"{""distance"":7,""physical_error_rate"":0.005}","{""detection_events"":454,""detectors_checked"":19264}"
   7611392,         0,         0,   119.1,exact_mw,f7d5d61828a7d0145c65811496ba49aa9633daaed59c6883f51143c3b878094e,"{""distance"":7,""physical_error_rate"":5e-05}","{""detection_events"":1130073,""detectors_checked"":4582057984}"
    704512,         4,         0,   119.9,exact_mw,c34bb01325b9980f7caca1807bd93e7e28846c82b8c0538af034740e6e7d5106,"{""distance"":7,""physical_error_rate"":0.0005}","{""detection_events"":1041483,""detectors_checked"":424116224,""obs_mistake_mask=E"":4}"
      2048,         0,         0,    3.07,exact_mw,7acd59d404317421b37957afea3f5c66f33c9ef46579a47fd7c0ca3dd0dfc735,"{""distance"":7,""physical_error_rate"":0.001}","{""detection_events"":5880,""detectors_checked"":1232896}"
   6922240,         0,         0,   119.0,exact_mw,f7d5d61828a7d0145c65811496ba49aa9633daaed59c6883f51143c3b878094e,"{""distance"":7,""physical_error_rate"":5e-05}","{""detection_events"":1030091,""detectors_checked"":4167188480}"
   7895040,         0,         0,   119.1,exact_mw,f7d5d61828a7d0145c65811496ba49aa9633daaed59c6883f51143c3b878094e,"{""distance"":7,""physical_error_rate"":5e-05}","{""detection_events"":1170500,""detectors_checked"":4752814080}"
        16,         0,         0,    1.73,exact_mw,0a198d80e37665dd6f23c481ef1c601566b502223b7ce5d7a38dc87c0be91af9,"{""distance"":7,""physical_error_rate"":0.005}","{""detection_events"":213,""detectors_checked"":9632}"
   8892416,         0,         0,   119.2,exact_mw,f7d5d61828a7d0145c65811496ba49aa9633daaed59c6883f51143c3b878094e,"{""distance"":7,""physical_error_rate"":5e-05}","{""detection_events"":1320901,""detectors_checked"":5353234432}"
     22656,         2,         0,   120.4,exact_mw,ca91ffa42463e210e189f165a9a4cbcfd1773a75ca815ff24a9009c31e62d8d0,"{""distance"":7,""physical_error_rate"":0.002}","{""detection_events"":132742,""detectors_checked"":13638912,""obs_mistake_mask=E"":2}"
        64,         0,         0,    1.48,exact_mw,0a198d80e37665dd6f23c481ef1c601566b502223b7ce5d7a38dc87c0be91af9,"{""distance"":7,""physical_error_rate"":0.005}","{""detection_events"":964,""detectors_checked"":38528}"
   3930112,         2,         0,   119.4,exact_mw,f5ed540d8b33fe7a17a96c57e6e367075413a3677864b79373445f6bf89adea1,"{""distance"":7,""physical_error_rate"":0.0002}","{""detection_events"":2332150,""detectors_checked"":2365927424,""obs_mistake_mask=E"":2}"
       384,         0,         0,    2.13,exact_mw,ca91ffa42463e210e189f165a9a4cbcfd1773a75ca815ff24a9009c31e62d8d0,"{""distance"":7,""physical_error_rate"":0.002}","{""detection_events"":2290,""detectors_checked"":231168}"
    141312,         0,         0,    3.05,exact_mw,f5ed540d8b33fe7a17a96c57e6e367075413a3677864b79373445f6bf89adea1,"{""distance"":7,""physical_error_rate"":0.0002}","{""detection_events"":82739,""detectors_checked"":85069824}"
   6439936,         0,         0,   119.2,exact_mw,d5491e2f66b0c830b41b0168451c8818c583b15508c9bf9282dc8e7a6cb6bd3f,"{""distance"":7,""physical_error_rate"":0.0001}","{""detection_events"":1907614,""detectors_checked"":3876841472}"
    653312,         2,         0,   120.0,exact_mw,c34bb01325b9980f7caca1807bd93e7e28846c82b8c0538af034740e6e7d5106,"{""distance"":7,""physical_error_rate"":0.0005}","{""detection_events"":963636,""detectors_checked"":393293824,""obs_mistake_mask=E"":2}"
   6281216,         2,         0,   119.0,exact_mw,d5491e2f66b0c830b41b0168451c8818c583b15508c9bf9282dc8e7a6cb6bd3f,"{""distance"":7,""physical_error_rate"":0.0001}","{""detection_events"":1858014,""detectors_checked"":3781292032,""obs_mistake_mask=E"":2}"
        24,         0,         0,    2.18,exact_mw,0a198d80e37665dd6f23c481ef1c601566b502223b7ce5d7a38dc87c0be91af9,"{""distance"":7,""physical_error_rate"":0.005}","{""detection_events"":309,""detectors_checked"":14448}"
       384,         0,         0,    2.52,exact_mw,7acd59d404317421b37957afea3f5c66f33c9ef46579a47fd7c0ca3dd0dfc735,"{""distance"":7,""physical_error_rate"":0.001}","{""detection_events"":1232,""detectors_checked"":231168}"
        64,         0,         0,    1.59,exact_mw,0a198d80e37665dd6f23c481ef1c601566b502223b7ce5d7a38dc87c0be91af9,"{""distance"":7,""physical_error_rate"":0.005}","{""detection_events"":890,""detectors_checked"":38528}"
     31744,         0,         0,    4.32,exact_mw,c34bb01325b9980f7caca1807bd93e7e28846c82b8c0538af034740e6e7d5106,"{""distance"":7,""physical_error_rate"":0.0005}","{""detection_events"":46605,""detectors_checked"":19109888}"
       384,         0,         0,    2.30,exact_mw,ca91ffa42463e210e189f165a9a4cbcfd1773a75ca815ff24a9009c31e62d8d0,"{""distance"":7,""physical_error_rate"":0.002}","{""detection_events"":2252,""detectors_checked"":231168}"
      6112,        10,         0,   120.2,exact_mw,0a198d80e37665dd6f23c481ef1c601566b502223b7ce5d7a38dc87c0be91af9,"{""distance"":7,""physical_error_rate"":0.005}","{""detection_events"":88258,""detectors_checked"":3679424,""obs_mistake_mask=E"":10}"
        64,         0,         0,    1.59,exact_mw,0a198d80e37665dd6f23c481ef1c601566b502223b7ce5d7a38dc87c0be91af9,"{""distance"":7,""physical_error_rate"":0.005}","{""detection_events"":915,""detectors_checked"":38528}"
    422912,         0,         0,    5.93,exact_mw,d5491e2f66b0c830b41b0168451c8818c583b15508c9bf9282dc8e7a6cb6bd3f,"{""distance"":7,""physical_error_rate"":0.0001}","{""detection_events"":126250,""detectors_checked"":254593024}"
    584704,         2,         0,   120.0,exact_mw,c34bb01325b9980f7caca1807bd93e7e28846c82b8c0538af034740e6e7d5106,"{""distance"":7,""physical_error_rate"":0.0005}","{""detection_events"":867879,""detectors_checked"":351991808,""obs_mistake_mask=E"":2}"
    539648,         0,         0,   119.9,exact_mw,c34bb01325b9980f7caca1807bd93e7e28846c82b8c0538af034740e6e7d5106,"{""distance"":7,""physical_error_rate"":0.0005}","{""detection_events"":798408,""detectors_checked"":324868096}"
    599040,         0,         0,   119.9,exact_mw,c34bb01325b9980f7caca1807bd93e7e28846c82b8c0538af034740e6e7d5106,"{""distance"":7,""physical_error_rate"":0.0005}","{""detection_events"":884668,""detectors_checked"":360622080}"
        56,         0,         0,    2.42,exact_mw,0a198d80e37665dd6f23c481ef1c601566b502223b7ce5d7a38dc87c0be91af9,"{""distance"":7,""physical_error_rate"":0.005}","{""detection_events"":891,""detectors_checked"":33712}"
     27648,         4,         0,   120.3,exact_mw,ca91ffa42463e210e189f165a9a4cbcfd1773a75ca815ff24a9009c31e62d8d0,"{""distance"":7,""physical_error_rate"":0.002}","{""detection_events"":161936,""detectors_checked"":16644096,""obs_mistake_mask=E"":4}"
    402432,         0,         0,    5.93,exact_mw,f7d5d61828a7d0145c65811496ba49aa9633daaed59c6883f51143c3b878094e,"{""distance"":7,""physical_error_rate"":5e-05}","{""detection_events"":60618,""detectors_checked"":242264064}"
    183296,         0,         0,    4.24,exact_mw,f5ed540d8b33fe7a17a96c57e6e367075413a3677864b79373445f6bf89adea1,"{""distance"":7,""physical_error_rate"":0.0002}","{""detection_events"":108995,""detectors_checked"":110344192}"
      1920,         0,         0,    3.78,exact_mw,7acd59d404317421b37957afea3f5c66f33c9ef46579a47fd7c0ca3dd0dfc735,"{""distance"":7,""physical_error_rate"":0.001}","{""detection_events"":5688,""detectors_checked"":1155840}"
        96,         0,         0,    2.37,exact_mw,0a198d80e37665dd6f23c481ef1c601566b502223b7ce5d7a38dc87c0be91af9,"{""distance"":7,""physical_error_rate"":0.005}","{""detection_events"":1446,""detectors_checked"":57792}"
      5512,         6,         0,   121.2,exact_mw,0a198d80e37665dd6f23c481ef1c601566b502223b7ce5d7a38dc87c0be91af9,"{""distance"":7,""physical_error_rate"":0.005}","{""detection_events"":78465,""detectors_checked"":3318224,""obs_mistake_mask=E"":6}"
      5664,        10,         0,   120.0,exact_mw,0a198d80e37665dd6f23c481ef1c601566b502223b7ce5d7a38dc87c0be91af9,"{""distance"":7,""physical_error_rate"":0.005}","{""detection_events"":81091,""detectors_checked"":3409728,""obs_mistake_mask=E"":10}"
       640,         0,         0,    3.57,exact_mw,ca91ffa42463e210e189f165a9a4cbcfd1773a75ca815ff24a9009c31e62d8d0,"{""distance"":7,""physical_error_rate"":0.002}","{""detection_events"":3714,""detectors_checked"":385280}"
     19360,         3,         0,   120.1,exact_mw,ca91ffa42463e210e189f165a9a4cbcfd1773a75ca815ff24a9009c31e62d8d0,"{""distance"":7,""physical_error_rate"":0.002}","{""detection_events"":113848,""detectors_checked"":11654720,""obs_mistake_mask=E"":3}"
       192,         2,         0,    3.32,exact_mw,0a198d80e37665dd6f23c481ef1c601566b502223b7ce5d7a38dc87c0be91af9,"{""distance"":7,""physical_error_rate"":0.005}","{""detection_events"":2700,""detectors_checked"":115584,""obs_mistake_mask=E"":2}"
     40960,         0,         0,    6.07,exact_mw,c34bb01325b9980f7caca1807bd93e7e28846c82b8c0538af034740e6e7d5106,"{""distance"":7,""physical_error_rate"":0.0005}","{""detection_events"":60481,""detectors_checked"":24657920}"
     21792,         3,         0,   120.4,exact_mw,ca91ffa42463e210e189f165a9a4cbcfd1773a75ca815ff24a9009c31e62d8d0,"{""distance"":7,""physical_error_rate"":0.002}","{""detection_events"":127333,""detectors_checked"":13118784,""obs_mistake_mask=E"":3}"
       160,         0,         0,    3.43,exact_mw,0a198d80e37665dd6f23c481ef1c601566b502223b7ce5d7a38dc87c0be91af9,"{""distance"":7,""physical_error_rate"":0.005}","{""detection_events"":2336,""detectors_checked"":96320}"
      4096,         0,         0,    4.28,exact_mw,7acd59d404317421b37957afea3f5c66f33c9ef46579a47fd7c0ca3dd0dfc735,"{""distance"":7,""physical_error_rate"":0.001}","{""detection_events"":11950,""detectors_checked"":2465792}"
       768,         1,         0,    4.29,exact_mw,ca91ffa42463e210e189f165a9a4cbcfd1773a75ca815ff24a9009c31e62d8d0,"{""distance"":7,""physical_error_rate"":0.002}","{""detection_events"":4405,""detectors_checked"":462336,""obs_mistake_mask=E"":1}"
    172032,         0,         0,    6.05,exact_mw,f5ed540d8b33fe7a17a96c57e6e367075413a3677864b79373445f6bf89adea1,"{""distance"":7,""physical_error_rate"":0.0002}","{""detection_events"":101331,""detectors_checked"":103563264}"
    112128,         0,         0,   120.7,exact_mw,7acd59d404317421b37957afea3f5c66f33c9ef46579a47fd7c0ca3dd0dfc735,"{""distance"":7,""physical_error_rate"":0.001}","{""detection_events"":331201,""detectors_checked"":67501056}"
    116224,         4,         0,   120.5,exact_mw,7acd59d404317421b37957afea3f5c66f33c9ef46579a47fd7c0ca3dd0dfc735,"{""distance"":7,""physical_error_rate"":0.001}","{""detection_events"":342702,""detectors_checked"":69966848,""obs_mistake_mask=E"":4}"
      4292,         5,         0,   120.2,exact_mw,0a198d80e37665dd6f23c481ef1c601566b502223b7ce5d7a38dc87c0be91af9,"{""distance"":7,""physical_error_rate"":0.005}","{""detection_events"":62285,""detectors_checked"":2583784,""obs_mistake_mask=E"":5}"
    625664,         0,         0,    8.28,exact_mw,d5491e2f66b0c830b41b0168451c8818c583b15508c9bf9282dc8e7a6cb6bd3f,"{""distance"":7,""physical_error_rate"":0.0001}","{""detection_events"":186252,""detectors_checked"":376649728}"
     78976,         4,         0,   120.1,exact_mw,7acd59d404317421b37957afea3f5c66f33c9ef46579a47fd7c0ca3dd0dfc735,"{""distance"":7,""physical_error_rate"":0.001}","{""detection_events"":230905,""detectors_checked"":47543552,""obs_mistake_mask=E"":4}"
      6720,        10,         0,   120.4,exact_mw,0a198d80e37665dd6f23c481ef1c601566b502223b7ce5d7a38dc87c0be91af9,"{""distance"":7,""physical_error_rate"":0.005}","{""detection_events"":95926,""detectors_checked"":4045440,""obs_mistake_mask=E"":10}"
       256,         2,         0,    5.00,exact_mw,0a198d80e37665dd6f23c481ef1c601566b502223b7ce5d7a38dc87c0be91af9,"{""distance"":7,""physical_error_rate"":0.005}","{""detection_events"":3681,""detectors_checked"":154112,""obs_mistake_mask=E"":2}"
    545792,         0,         0,    8.34,exact_mw,f7d5d61828a7d0145c65811496ba49aa9633daaed59c6883f51143c3b878094e,"{""distance"":7,""physical_error_rate"":5e-05}","{""detection_events"":80558,""detectors_checked"":328566784}"
     91776,         2,         0,   120.3,exact_mw,7acd59d404317421b37957afea3f5c66f33c9ef46579a47fd7c0ca3dd0dfc735,"{""distance"":7,""physical_error_rate"":0.001}","{""detection_events"":270547,""detectors_checked"":55249152,""obs_mistake_mask=E"":2}"
       224,         1,         0,    4.52,exact_mw,0a198d80e37665dd6f23c481ef1c601566b502223b7ce5d7a38dc87c0be91af9,"{""distance"":7,""physical_error_rate"":0.005}","{""detection_events"":3237,""detectors_checked"":134848,""obs_mistake_mask=E"":1}"
      6144,         0,         0,    6.40,exact_mw,7acd59d404317421b37957afea3f5c66f33c9ef46579a47fd7c0ca3dd0dfc735,"{""distance"":7,""physical_error_rate"":0.001}","{""detection_events"":18269,""detectors_checked"":3698688}"
     54272,         0,         0,    8.39,exact_mw,c34bb01325b9980f7caca1807bd93e7e28846c82b8c0538af034740e6e7d5106,"{""distance"":7,""physical_error_rate"":0.0005}","{""detection_events"":80796,""detectors_checked"":32671744}"
     24704,         3,         0,   120.4,exact_mw,ca91ffa42463e210e189f165a9a4cbcfd1773a75ca815ff24a9009c31e62d8d0,"{""distance"":7,""physical_error_rate"":0.002}","{""detection_events"":144100,""detectors_checked"":14871808,""obs_mistake_mask=E"":3}"
      1664,         0,         0,    6.65,exact_mw,ca91ffa42463e210e189f165a9a4cbcfd1773a75ca815ff24a9009c31e62d8d0,"{""distance"":7,""physical_error_rate"":0.002}","{""detection_events"":9429,""detectors_checked"":1001728}"
     82944,         0,         0,    8.35,exact_mw,f5ed540d8b33fe7a17a96c57e6e367075413a3677864b79373445f6bf89adea1,"{""distance"":7,""physical_error_rate"":0.0002}","{""detection_events"":48978,""detectors_checked"":49932288}"
       352,         0,         0,    7.25,exact_mw,0a198d80e37665dd6f23c481ef1c601566b502223b7ce5d7a38dc87c0be91af9,"{""distance"":7,""physical_error_rate"":0.005}","{""detection_events"":5203,""detectors_checked"":211904}"
       384,         1,         0,    6.17,exact_mw,0a198d80e37665dd6f23c481ef1c601566b502223b7ce5d7a38dc87c0be91af9,"{""distance"":7,""physical_error_rate"":0.005}","{""detection_events"":5603,""detectors_checked"":231168,""obs_mistake_mask=E"":1}"
    805888,         0,         0,    11.6,exact_mw,d5491e2f66b0c830b41b0168451c8818c583b15508c9bf9282dc8e7a6cb6bd3f,"{""distance"":7,""physical_error_rate"":0.0001}","{""detection_events"":238247,""detectors_checked"":485144576}"
    720896,         0,         0,    11.6,exact_mw,f7d5d61828a7d0145c65811496ba49aa9633daaed59c6883f51143c3b878094e,"{""distance"":7,""physical_error_rate"":5e-05}","{""detection_events"":108176,""detectors_checked"":433979392}"
      9216,         0,         0,    8.44,exact_mw,7acd59d404317421b37957afea3f5c66f33c9ef46579a47fd7c0ca3dd0dfc735,"{""distance"":7,""physical_error_rate"":0.001}","{""detection_events"":26713,""detectors_checked"":5548032}"
      1920,         0,         0,    8.78,exact_mw,ca91ffa42463e210e189f165a9a4cbcfd1773a75ca815ff24a9009c31e62d8d0,"{""distance"":7,""physical_error_rate"":0.002}","{""detection_events"":11458,""detectors_checked"":1155840}"
       280,         0,         0,    8.39,exact_mw,0a198d80e37665dd6f23c481ef1c601566b502223b7ce5d7a38dc87c0be91af9,"{""distance"":7,""physical_error_rate"":0.005}","{""detection_events"":3850,""detectors_checked"":168560}"
     72704,         0,         0,    11.8,exact_mw,c34bb01325b9980f7caca1807bd93e7e28846c82b8c0538af034740e6e7d5106,"{""distance"":7,""physical_error_rate"":0.0005}","{""detection_events"":107841,""detectors_checked"":43767808}"
       448,         2,         0,    9.24,exact_mw,0a198d80e37665dd6f23c481ef1c601566b502223b7ce5d7a38dc87c0be91af9,"{""distance"":7,""physical_error_rate"":0.005}","{""detection_events"":6527,""detectors_checked"":269696,""obs_mistake_mask=E"":2}"
    172032,         0,         0,    11.7,exact_mw,f5ed540d8b33fe7a17a96c57e6e367075413a3677864b79373445f6bf89adea1,"{""distance"":7,""physical_error_rate"":0.0002}","{""detection_events"":102267,""detectors_checked"":103563264}"
      9216,         0,         0,    11.9,exact_mw,7acd59d404317421b37957afea3f5c66f33c9ef46579a47fd7c0ca3dd0dfc735,"{""distance"":7,""physical_error_rate"":0.001}","{""detection_events"":27569,""detectors_checked"":5548032}"
      2176,         1,         0,    11.9,exact_mw,ca91ffa42463e210e189f165a9a4cbcfd1773a75ca815ff24a9009c31e62d8d0,"{""distance"":7,""physical_error_rate"":0.002}","{""detection_events"":12782,""detectors_checked"":1309952,""obs_mistake_mask=E"":1}"
    867328,         1,         0,    16.3,exact_mw,d5491e2f66b0c830b41b0168451c8818c583b15508c9bf9282dc8e7a6cb6bd3f,"{""distance"":7,""physical_error_rate"":0.0001}","{""detection_events"":257173,""detectors_checked"":522131456,""obs_mistake_mask=E"":1}"
       608,         2,         0,    11.9,exact_mw,0a198d80e37665dd6f23c481ef1c601566b502223b7ce5d7a38dc87c0be91af9,"{""distance"":7,""physical_error_rate"":0.005}","{""detection_events"":8577,""detectors_checked"":366016,""obs_mistake_mask=E"":2}"
    995328,         0,         0,    16.3,exact_mw,f7d5d61828a7d0145c65811496ba49aa9633daaed59c6883f51143c3b878094e,"{""distance"":7,""physical_error_rate"":5e-05}","{""detection_events"":148281,""detectors_checked"":599187456}"
       512,         0,         0,    11.9,exact_mw,0a198d80e37665dd6f23c481ef1c601566b502223b7ce5d7a38dc87c0be91af9,"{""distance"":7,""physical_error_rate"":0.005}","{""detection_events"":7554,""detectors_checked"":308224}"
     71680,         0,         0,    16.4,exact_mw,c34bb01325b9980f7caca1807bd93e7e28846c82b8c0538af034740e6e7d5106,"{""distance"":7,""physical_error_rate"":0.0005}","{""detection_events"":106300,""detectors_checked"":43151360}"
    486400,         1,         0,    16.4,exact_mw,f5ed540d8b33fe7a17a96c57e6e367075413a3677864b79373445f6bf89adea1,"{""distance"":7,""physical_error_rate"":0.0002}","{""detection_events"":288981,""detectors_checked"":292812800,""obs_mistake_mask=E"":1}"
   3531776,         0,         0,   119.3,exact_mw,f5ed540d8b33fe7a17a96c57e6e367075413a3677864b79373445f6bf89adea1,"{""distance"":7,""physical_error_rate"":0.0002}","{""detection_events"":2095906,""detectors_checked"":2126129152}"
   5207040,         0,         0,   118.9,exact_mw,d5491e2f66b0c830b41b0168451c8818c583b15508c9bf9282dc8e7a6cb6bd3f,"{""distance"":7,""physical_error_rate"":0.0001}","{""detection_events"":1544302,""detectors_checked"":3134638080}"
     12800,         0,         0,    16.7,exact_mw,7acd59d404317421b37957afea3f5c66f33c9ef46579a47fd7c0ca3dd0dfc735,"{""distance"":7,""physical_error_rate"":0.001}","{""detection_events"":37923,""detectors_checked"":7705600}"
      2688,         0,         0,    16.4,exact_mw,ca91ffa42463e210e189f165a9a4cbcfd1773a75ca815ff24a9009c31e62d8d0,"{""distance"":7,""physical_error_rate"":0.002}","{""detection_events"":15819,""detectors_checked"":1618176}"
       896,         2,         0,    16.6,exact_mw,0a198d80e37665dd6f23c481ef1c601566b502223b7ce5d7a38dc87c0be91af9,"{""distance"":7,""physical_error_rate"":0.005}","{""detection_events"":12745,""detectors_checked"":539392,""obs_mistake_mask=E"":2}"
       560,         1,         0,    16.7,exact_mw,0a198d80e37665dd6f23c481ef1c601566b502223b7ce5d7a38dc87c0be91af9,"{""distance"":7,""physical_error_rate"":0.005}","{""detection_events"":7903,""detectors_checked"":337120,""obs_mistake_mask=E"":1}"
    726016,         1,         0,   119.9,exact_mw,c34bb01325b9980f7caca1807bd93e7e28846c82b8c0538af034740e6e7d5106,"{""distance"":7,""physical_error_rate"":0.0005}","{""detection_events"":1069931,""detectors_checked"":437061632,""obs_mistake_mask=E"":1}"
   5806080,         0,         0,   118.8,exact_mw,f7d5d61828a7d0145c65811496ba49aa9633daaed59c6883f51143c3b878094e,"{""distance"":7,""physical_error_rate"":5e-05}","{""detection_events"":862331,""detectors_checked"":3495260160}"
   4304896,         0,         0,   119.3,exact_mw,f5ed540d8b33fe7a17a96c57e6e367075413a3677864b79373445f6bf89adea1,"{""distance"":7,""physical_error_rate"":0.0002}","{""detection_events"":2554973,""detectors_checked"":2591547392}"
   1374208,         0,         0,    22.7,exact_mw,d5491e2f66b0c830b41b0168451c8818c583b15508c9bf9282dc8e7a6cb6bd3f,"{""distance"":7,""physical_error_rate"":0.0001}","{""detection_events"":409663,""detectors_checked"":827273216}"
   7286784,         0,         0,   118.9,exact_mw,f7d5d61828a7d0145c65811496ba49aa9633daaed59c6883f51143c3b878094e,"{""distance"":7,""physical_error_rate"":5e-05}","{""detection_events"":1081670,""detectors_checked"":4386643968}"
   1526784,         0,         0,    22.8,exact_mw,f7d5d61828a7d0145c65811496ba49aa9633daaed59c6883f51143c3b878094e,"{""distance"":7,""physical_error_rate"":5e-05}","{""detection_events"":228164,""detectors_checked"":919123968}"
    110592,         1,         0,    23.2,exact_mw,c34bb01325b9980f7caca1807bd93e7e28846c82b8c0538af034740e6e7d5106,"{""distance"":7,""physical_error_rate"":0.0005}","{""detection_events"":163247,""detectors_checked"":66576384,""obs_mistake_mask=E"":1}"
    123904,         0,         0,   120.3,exact_mw,7acd59d404317421b37957afea3f5c66f33c9ef46579a47fd7c0ca3dd0dfc735,"{""distance"":7,""physical_error_rate"":0.001}","{""detection_events"":363944,""detectors_checked"":74590208}"
     22528,         7,         0,   120.3,exact_mw,ca91ffa42463e210e189f165a9a4cbcfd1773a75ca815ff24a9009c31e62d8d0,"{""distance"":7,""physical_error_rate"":0.002}","{""detection_events"":131684,""detectors_checked"":13561856,""obs_mistake_mask=E"":7}"
    809984,         0,         0,    22.8,exact_mw,f5ed540d8b33fe7a17a96c57e6e367075413a3677864b79373445f6bf89adea1,"{""distance"":7,""physical_error_rate"":0.0002}","{""detection_events"":481423,""detectors_checked"":487610368}"
      5560,         7,         0,   120.6,exact_mw,0a198d80e37665dd6f23c481ef1c601566b502223b7ce5d7a38dc87c0be91af9,"{""distance"":7,""physical_error_rate"":0.005}","{""detection_events"":79251,""detectors_checked"":3347120,""obs_mistake_mask=E"":7}"
     22016,         1,         0,    22.9,exact_mw,7acd59d404317421b37957afea3f5c66f33c9ef46579a47fd7c0ca3dd0dfc735,"{""distance"":7,""physical_error_rate"":0.001}","{""detection_events"":65467,""detectors_checked"":13253632,""obs_mistake_mask=E"":1}"
    739328,         5,         0,   120.1,exact_mw,c34bb01325b9980f7caca1807bd93e7e28846c82b8c0538af034740e6e7d5106,"{""distance"":7,""physical_error_rate"":0.0005}","{""detection_events"":1094625,""detectors_checked"":445075456,""obs_mistake_mask=E"":5}"
      4864,         0,         0,    23.4,exact_mw,ca91ffa42463e210e189f165a9a4cbcfd1773a75ca815ff24a9009c31e62d8d0,"{""distance"":7,""physical_error_rate"":0.002}","{""detection_events"":28405,""detectors_checked"":2928128}"
   4492288,         1,         0,   118.9,exact_mw,d5491e2f66b0c830b41b0168451c8818c583b15508c9bf9282dc8e7a6cb6bd3f,"{""distance"":7,""physical_error_rate"":0.0001}","{""detection_events"":1330910,""detectors_checked"":2704357376,""obs_mistake_mask=E"":1}"
       808,         0,         0,    22.9,exact_mw,0a198d80e37665dd6f23c481ef1c601566b502223b7ce5d7a38dc87c0be91af9,"{""distance"":7,""physical_error_rate"":0.005}","{""detection_events"":11554,""detectors_checked"":486416}"
       632,         0,         0,    23.0,exact_mw,0a198d80e37665dd6f23c481ef1c601566b502223b7ce5d7a38dc87c0be91af9,"{""distance"":7,""physical_error_rate"":0.005}","{""detection_events"":8945,""detectors_checked"":380464}"
      6112,        10,         0,   120.1,exact_mw,0a198d80e37665dd6f23c481ef1c601566b502223b7ce5d7a38dc87c0be91af9,"{""distance"":7,""physical_error_rate"":0.005}","{""detection_events"":87924,""detectors_checked"":3679424,""obs_mistake_mask=E"":10}"
    129024,         4,         0,   120.3,exact_mw,7acd59d404317421b37957afea3f5c66f33c9ef46579a47fd7c0ca3dd0dfc735,"{""distance"":7,""physical_error_rate"":0.001}","{""detection_events"":381608,""detectors_checked"":77672448,""obs_mistake_mask=E"":4}"
     27776,         0,         0,   120.3,exact_mw,ca91ffa42463e210e189f165a9a4cbcfd1773a75ca815ff24a9009c31e62d8d0,"{""distance"":7,""physical_error_rate"":0.002}","{""detection_events"":162150,""detectors_checked"":16721152}"
   8340480,         0,         0,   119.1,exact_mw,f7d5d61828a7d0145c65811496ba49aa9633daaed59c6883f51143c3b878094e,"{""distance"":7,""physical_error_rate"":5e-05}","{""detection_events"":1234165,""detectors_checked"":5020968960}"
   2192384,         1,         0,    32.0,exact_mw,d5491e2f66b0c830b41b0168451c8818c583b15508c9bf9282dc8e7a6cb6bd3f,"{""distance"":7,""physical_error_rate"":0.0001}","{""detection_events"":647424,""detectors_checked"":1319815168,""obs_mistake_mask=E"":1}"
   7302144,         0,         0,   119.1,exact_mw,d5491e2f66b0c830b41b0168451c8818c583b15508c9bf9282dc8e7a6cb6bd3f,"{""distance"":7,""physical_error_rate"":0.0001}","{""detection_events"":2168297,""detectors_checked"":4395890688}"
   2214912,         0,         0,    31.9,exact_mw,f7d5d61828a7d0145c65811496ba49aa9633daaed59c6883f51143c3b878094e,"{""distance"":7,""physical_error_rate"":5e-05}","{""detection_events"":326478,""detectors_checked"":1333377024}"
   4696064,         1,         0,   119.3,exact_mw,f5ed540d8b33fe7a17a96c57e6e367075413a3677864b79373445f6bf89adea1,"{""distance"":7,""physical_error_rate"":0.0002}","{""detection_events"":2782264,""detectors_checked"":2827030528,""obs_mistake_mask=E"":1}"
    186368,         0,         0,    32.1,exact_mw,c34bb01325b9980f7caca1807bd93e7e28846c82b8c0538af034740e6e7d5106,"{""distance"":7,""physical_error_rate"":0.0005}","{""detection_events"":275913,""detectors_checked"":112193536}"
   1202176,         0,         0,    32.0,exact_mw,f5ed540d8b33fe7a17a96c57e6e367075413a3677864b79373445f6bf89adea1,"{""distance"":7,""physical_error_rate"":0.0002}","{""detection_events"":711644,""detectors_checked"":723709952}"
    732160,         1,         0,   119.9,exact_mw,c34bb01325b9980f7caca1807bd93e7e28846c82b8c0538af034740e6e7d5106,"{""distance"":7,""physical_error_rate"":0.0005}","{""detection_events"":1085272,""detectors_checked"":440760320,""obs_mistake_mask=E"":1}"
     96000,         2,         0,   120.0,exact_mw,7acd59d404317421b37957afea3f5c66f33c9ef46579a47fd7c0ca3dd0dfc735,"{""distance"":7,""physical_error_rate"":0.001}","{""detection_events"":281354,""detectors_checked"":57792000,""obs_mistake_mask=E"":2}"
      6000,        11,         0,   120.2,exact_mw,0a198d80e37665dd6f23c481ef1c601566b502223b7ce5d7a38dc87c0be91af9,"{""distance"":7,""physical_error_rate"":0.005}","{""detection_events"":86246,""detectors_checked"":3612000,""obs_mistake_mask=E"":11}"
     22272,         1,         0,    32.9,exact_mw,7acd59d404317421b37957afea3f5c66f33c9ef46579a47fd7c0ca3dd0dfc735,"{""distance"":7,""physical_error_rate"":0.001}","{""detection_events"":65351,""detectors_checked"":13407744,""obs_mistake_mask=E"":1}"
   5774336,         2,         0,   119.3,exact_mw,f5ed540d8b33fe7a17a96c57e6e367075413a3677864b79373445f6bf89adea1,"{""distance"":7,""physical_error_rate"":0.0002}","{""detection_events"":3421823,""detectors_checked"":3476150272,""obs_mistake_mask=E"":2}"
      7168,         2,         0,    32.6,exact_mw,ca91ffa42463e210e189f165a9a4cbcfd1773a75ca815ff24a9009c31e62d8d0,"{""distance"":7,""physical_error_rate"":0.002}","{""detection_events"":42200,""detectors_checked"":4315136,""obs_mistake_mask=E"":2}"
      1488,         2,         0,    32.2,exact_mw,0a198d80e37665dd6f23c481ef1c601566b502223b7ce5d7a38dc87c0be91af9,"{""distance"":7,""physical_error_rate"":0.005}","{""detection_events"":21801,""detectors_checked"":895776,""obs_mistake_mask=E"":2}"
      1696,         3,         0,    32.7,exact_mw,0a198d80e37665dd6f23c481ef1c601566b502223b7ce5d7a38dc87c0be91af9,"{""distance"":7,""physical_error_rate"":0.005}","{""detection_events"":24767,""detectors_checked"":1020992,""obs_mistake_mask=E"":3}"
   2947072,         0,         0,   119.1,exact_mw,d5491e2f66b0c830b41b0168451c8818c583b15508c9bf9282dc8e7a6cb6bd3f,"{""distance"":7,""physical_error_rate"":0.0001}","{""detection_events"":877376,""detectors_checked"":1774137344}"
   8907776,         0,         0,   119.1,exact_mw,d5491e2f66b0c830b41b0168451c8818c583b15508c9bf9282dc8e7a6cb6bd3f,"{""distance"":7,""physical_error_rate"":0.0001}","{""detection_events"":2640723,""detectors_checked"":5362481152}"
     19776,         3,         0,   120.0,exact_mw,ca91ffa42463e210e189f165a9a4cbcfd1773a75ca815ff24a9009c31e62d8d0,"{""distance"":7,""physical_error_rate"":0.002}","{""detection_events"":116026,""detectors_checked"":11905152,""obs_mistake_mask=E"":3}"
   6386688,         0,         0,   119.0,exact_mw,d5491e2f66b0c830b41b0168451c8818c583b15508c9bf9282dc8e7a6cb6bd3f,"{""distance"":7,""physical_error_rate"":0.0001}","{""detection_events"":1896340,""detectors_checked"":3844786176}"
   7342080,         0,         0,   118.9,exact_mw,f7d5d61828a7d0145c65811496ba49aa9633daaed59c6883f51143c3b878094e,"{""distance"":7,""physical_error_rate"":5e-05}","{""detection_events"":1091590,""detectors_checked"":4419932160}"
   3952640,         0,         0,   119.4,exact_mw,f5ed540d8b33fe7a17a96c57e6e367075413a3677864b79373445f6bf89adea1,"{""distance"":7,""physical_error_rate"":0.0002}","{""detection_events"":2341419,""detectors_checked"":2379489280}"
    134656,         4,         0,   120.0,exact_mw,7acd59d404317421b37957afea3f5c66f33c9ef46579a47fd7c0ca3dd0dfc735,"{""distance"":7,""physical_error_rate"":0.001}","{""detection_events"":397432,""detectors_checked"":81062912,""obs_mistake_mask=E"":4}"
   3995648,         0,         0,   119.5,exact_mw,f5ed540d8b33fe7a17a96c57e6e367075413a3677864b79373445f6bf89adea1,"{""distance"":7,""physical_error_rate"":0.0002}","{""detection_events"":2364216,""detectors_checked"":2405380096}"
   3852288,         1,         0,   119.3,exact_mw,f5ed540d8b33fe7a17a96c57e6e367075413a3677864b79373445f6bf89adea1,"{""distance"":7,""physical_error_rate"":0.0002}","{""detection_events"":2280939,""detectors_checked"":2319077376,""obs_mistake_mask=E"":1}"
   7048192,         0,         0,   119.0,exact_mw,f7d5d61828a7d0145c65811496ba49aa9633daaed59c6883f51143c3b878094e,"{""distance"":7,""physical_error_rate"":5e-05}","{""detection_events"":1044475,""detectors_checked"":4243011584}"
    777216,         3,         0,   120.0,exact_mw,c34bb01325b9980f7caca1807bd93e7e28846c82b8c0538af034740e6e7d5106,"{""distance"":7,""physical_error_rate"":0.0005}","{""detection_events"":1149457,""detectors_checked"":467884032,""obs_mistake_mask=E"":3}"
   7373824,         0,         0,   118.9,exact_mw,f7d5d61828a7d0145c65811496ba49aa9633daaed59c6883f51143c3b878094e,"{""distance"":7,""physical_error_rate"":5e-05}","{""detection_events"":1095237,""detectors_checked"":4439042048}"
   5992448,         1,         0,   119.0,exact_mw,f7d5d61828a7d0145c65811496ba49aa9633daaed59c6883f51143c3b878094e,"{""distance"":7,""physical_error_rate"":5e-05}","{""detection_events"":888786,""detectors_checked"":3607453696,""obs_mistake_mask=E"":1}"
   8775680,         1,         0,   119.1,exact_mw,f7d5d61828a7d0145c65811496ba49aa9633daaed59c6883f51143c3b878094e,"{""distance"":7,""physical_error_rate"":5e-05}","{""detection_events"":1303438,""detectors_checked"":5282959360,""obs_mistake_mask=E"":1}"
     25344,         7,         0,   120.4,exact_mw,ca91ffa42463e210e189f165a9a4cbcfd1773a75ca815ff24a9009c31e62d8d0,"{""distance"":7,""physical_error_rate"":0.002}","{""detection_events"":148436,""detectors_checked"":15257088,""obs_mistake_mask=E"":7}"
   3655680,         0,         0,   119.4,exact_mw,f5ed540d8b33fe7a17a96c57e6e367075413a3677864b79373445f6bf89adea1,"{""distance"":7,""physical_error_rate"":0.0002}","{""detection_events"":2169118,""detectors_checked"":2200719360}"
   6883328,         1,         0,   118.8,exact_mw,d5491e2f66b0c830b41b0168451c8818c583b15508c9bf9282dc8e7a6cb6bd3f,"{""distance"":7,""physical_error_rate"":0.0001}","{""detection_events"":2039121,""detectors_checked"":4143763456,""obs_mistake_mask=E"":1}"
    628736,         1,         0,   120.1,exact_mw,c34bb01325b9980f7caca1807bd93e7e28846c82b8c0538af034740e6e7d5106,"{""distance"":7,""physical_error_rate"":0.0005}","{""detection_events"":928760,""detectors_checked"":378499072,""obs_mistake_mask=E"":1}"
   6858752,         0,         0,   118.9,exact_mw,d5491e2f66b0c830b41b0168451c8818c583b15508c9bf9282dc8e7a6cb6bd3f,"{""distance"":7,""physical_error_rate"":0.0001}","{""detection_events"":2034589,""detectors_checked"":4128968704}"
      6368,         9,         0,   120.0,exact_mw,0a198d80e37665dd6f23c481ef1c601566b502223b7ce5d7a38dc87c0be91af9,"{""distance"":7,""physical_error_rate"":0.005}","{""detection_events"":91992,""detectors_checked"":3833536,""obs_mistake_mask=E"":9}"
    649216,         5,         0,   120.0,exact_mw,c34bb01325b9980f7caca1807bd93e7e28846c82b8c0538af034740e6e7d5106,"{""distance"":7,""physical_error_rate"":0.0005}","{""detection_events"":962634,""detectors_checked"":390828032,""obs_mistake_mask=E"":5}"
    675840,         2,         0,   120.0,exact_mw,c34bb01325b9980f7caca1807bd93e7e28846c82b8c0538af034740e6e7d5106,"{""distance"":7,""physical_error_rate"":0.0005}","{""detection_events"":999781,""detectors_checked"":406855680,""obs_mistake_mask=E"":2}"
    425984,         1,         0,   120.2,exact_mw,c34bb01325b9980f7caca1807bd93e7e28846c82b8c0538af034740e6e7d5106,"{""distance"":7,""physical_error_rate"":0.0005}","{""detection_events"":628845,""detectors_checked"":256442368,""obs_mistake_mask=E"":1}"
     30592,         5,         0,   120.8,exact_mw,ca91ffa42463e210e189f165a9a4cbcfd1773a75ca815ff24a9009c31e62d8d0,"{""distance"":7,""physical_error_rate"":0.002}","{""detection_events"":179304,""detectors_checked"":18416384,""obs_mistake_mask=E"":5}"
      6144,         8,         0,   120.3,exact_mw,0a198d80e37665dd6f23c481ef1c601566b502223b7ce5d7a38dc87c0be91af9,"{""distance"":7,""physical_error_rate"":0.005}","{""detection_events"":87988,""detectors_checked"":3698688,""obs_mistake_mask=E"":8}"
      6336,         8,         0,   120.2,exact_mw,0a198d80e37665dd6f23c481ef1c601566b502223b7ce5d7a38dc87c0be91af9,"{""distance"":7,""physical_error_rate"":0.005}","{""detection_events"":90554,""detectors_checked"":3814272,""obs_mistake_mask=E"":8}"
     21248,         2,         0,   120.1,exact_mw,ca91ffa42463e210e189f165a9a4cbcfd1773a75ca815ff24a9009c31e62d8d0,"{""distance"":7,""physical_error_rate"":0.002}","{""detection_events"":123805,""detectors_checked"":12791296,""obs_mistake_mask=E"":2}"
     20992,         3,         0,   120.4,exact_mw,ca91ffa42463e210e189f165a9a4cbcfd1773a75ca815ff24a9009c31e62d8d0,"{""distance"":7,""physical_error_rate"":0.002}","{""detection_events"":123004,""detectors_checked"":12637184,""obs_mistake_mask=E"":3}"
     82048,         0,         0,   120.2,exact_mw,7acd59d404317421b37957afea3f5c66f33c9ef46579a47fd7c0ca3dd0dfc735,"{""distance"":7,""physical_error_rate"":0.001}","{""detection_events"":241403,""detectors_checked"":49392896}"
    119296,         4,         0,   120.4,exact_mw,7acd59d404317421b37957afea3f5c66f33c9ef46579a47fd7c0ca3dd0dfc735,"{""distance"":7,""physical_error_rate"":0.001}","{""detection_events"":351936,""detectors_checked"":71816192,""obs_mistake_mask=E"":4}"
      5840,         4,         0,   120.6,exact_mw,0a198d80e37665dd6f23c481ef1c601566b502223b7ce5d7a38dc87c0be91af9,"{""distance"":7,""physical_error_rate"":0.005}","{""detection_events"":84490,""detectors_checked"":3515680,""obs_mistake_mask=E"":4}"
    117248,         2,         0,   120.3,exact_mw,7acd59d404317421b37957afea3f5c66f33c9ef46579a47fd7c0ca3dd0dfc735,"{""distance"":7,""physical_error_rate"":0.001}","{""detection_events"":343714,""detectors_checked"":70583296,""obs_mistake_mask=E"":2}"
      7680,        14,         0,   120.1,exact_mw,0a198d80e37665dd6f23c481ef1c601566b502223b7ce5d7a38dc87c0be91af9,"{""distance"":7,""physical_error_rate"":0.005}","{""detection_events"":109719,""detectors_checked"":4623360,""obs_mistake_mask=E"":14}"
     88832,         1,         0,   120.5,exact_mw,7acd59d404317421b37957afea3f5c66f33c9ef46579a47fd7c0ca3dd0dfc735,"{""distance"":7,""physical_error_rate"":0.001}","{""detection_events"":261799,""detectors_checked"":53476864,""obs_mistake_mask=E"":1}"
     25216,         1,         0,   120.1,exact_mw,ca91ffa42463e210e189f165a9a4cbcfd1773a75ca815ff24a9009c31e62d8d0,"{""distance"":7,""physical_error_rate"":0.002}","{""detection_events"":147147,""detectors_checked"":15180032,""obs_mistake_mask=E"":1}"
   2651136,         0,         0,    44.7,exact_mw,d5491e2f66b0c830b41b0168451c8818c583b15508c9bf9282dc8e7a6cb6bd3f,"{""distance"":7,""physical_error_rate"":0.0001}","{""detection_events"":787385,""detectors_checked"":1595983872}"
   3383296,         0,         0,    44.6,exact_mw,f7d5d61828a7d0145c65811496ba49aa9633daaed59c6883f51143c3b878094e,"{""distance"":7,""physical_error_rate"":5e-05}","{""detection_events"":500490,""detectors_checked"":2036744192}"
    215040,         0,         0,    45.7,exact_mw,c34bb01325b9980f7caca1807bd93e7e28846c82b8c0538af034740e6e7d5106,"{""distance"":7,""physical_error_rate"":0.0005}","{""detection_events"":318233,""detectors_checked"":129454080}"
   1547264,         0,         0,    44.8,exact_mw,f5ed540d8b33fe7a17a96c57e6e367075413a3677864b79373445f6bf89adea1,"{""distance"":7,""physical_error_rate"":0.0002}","{""detection_events"":917590,""detectors_checked"":931452928}"
     37632,         2,         0,    45.6,exact_mw,7acd59d404317421b37957afea3f5c66f33c9ef46579a47fd7c0ca3dd0dfc735,"{""distance"":7,""physical_error_rate"":0.001}","{""detection_events"":110753,""detectors_checked"":22654464,""obs_mistake_mask=E"":2}"
     10112,         4,         0,    45.3,exact_mw,ca91ffa42463e210e189f165a9a4cbcfd1773a75ca815ff24a9009c31e62d8d0,"{""distance"":7,""physical_error_rate"":0.002}","{""detection_events"":59697,""detectors_checked"":6087424,""obs_mistake_mask=E"":4}"
      1624,         4,         0,    45.4,exact_mw,0a198d80e37665dd6f23c481ef1c601566b502223b7ce5d7a38dc87c0be91af9,"{""distance"":7,""physical_error_rate"":0.005}","{""detection_events"":22987,""detectors_checked"":977648,""obs_mistake_mask=E"":4}"
      2304,         2,         0,    45.4,exact_mw,0a198d80e37665dd6f23c481ef1c601566b502223b7ce5d7a38dc87c0be91af9,"{""distance"":7,""physical_error_rate"":0.005}","{""detection_events"":33230,""detectors_checked"":1387008,""obs_mistake_mask=E"":2}"
   4164608,         1,         0,   119.5,exact_mw,f5ed540d8b33fe7a17a96c57e6e367075413a3677864b79373445f6bf89adea1,"{""distance"":7,""physical_error_rate"":0.0002}","{""detection_events"":2476696,""detectors_checked"":2507094016,""obs_mistake_mask=E"":1}"
   5968896,         0,         0,   118.7,exact_mw,d5491e2f66b0c830b41b0168451c8818c583b15508c9bf9282dc8e7a6cb6bd3f,"{""distance"":7,""physical_error_rate"":0.0001}","{""detection_events"":1766326,""detectors_checked"":3593275392}"
    733184,         1,         0,   120.0,exact_mw,c34bb01325b9980f7caca1807bd93e7e28846c82b8c0538af034740e6e7d5106,"{""distance"":7,""physical_error_rate"":0.0005}","{""detection_events"":1085062,""detectors_checked"":441376768,""obs_mistake_mask=E"":1}"
   7842816,         0,         0,   119.1,exact_mw,f7d5d61828a7d0145c65811496ba49aa9633daaed59c6883f51143c3b878094e,"{""distance"":7,""physical_error_rate"":5e-05}","{""detection_events"":1164030,""detectors_checked"":4721375232}"
   4243456,         1,         0,   119.2,exact_mw,f5ed540d8b33fe7a17a96c57e6e367075413a3677864b79373445f6bf89adea1,"{""distance"":7,""physical_error_rate"":0.0002}","{""detection_events"":2517913,""detectors_checked"":2554560512,""obs_mistake_mask=E"":1}"
   6842368,         0,         0,   119.0,exact_mw,f7d5d61828a7d0145c65811496ba49aa9633daaed59c6883f51143c3b878094e,"{""distance"":7,""physical_error_rate"":5e-05}","{""detection_events"":1011710,""detectors_checked"":4119105536}"
    126976,         3,         0,   120.8,exact_mw,7acd59d404317421b37957afea3f5c66f33c9ef46579a47fd7c0ca3dd0dfc735,"{""distance"":7,""physical_error_rate"":0.001}","{""detection_events"":374639,""detectors_checked"":76439552,""obs_mistake_mask=E"":3}"
     18464,         2,         0,   120.6,exact_mw,ca91ffa42463e210e189f165a9a4cbcfd1773a75ca815ff24a9009c31e62d8d0,"{""distance"":7,""physical_error_rate"":0.002}","{""detection_events"":108784,""detectors_checked"":11115328,""obs_mistake_mask=E"":2}"
      6336,         6,         0,   120.4,exact_mw,0a198d80e37665dd6f23c481ef1c601566b502223b7ce5d7a38dc87c0be91af9,"{""distance"":7,""physical_error_rate"":0.005}","{""detection_events"":90897,""detectors_checked"":3814272,""obs_mistake_mask=E"":6}"
    720896,         3,         0,   120.0,exact_mw,c34bb01325b9980f7caca1807bd93e7e28846c82b8c0538af034740e6e7d5106,"{""distance"":7,""physical_error_rate"":0.0005}","{""detection_events"":1068755,""detectors_checked"":433979392,""obs_mistake_mask=E"":3}"
   5662720,         1,         0,   118.7,exact_mw,d5491e2f66b0c830b41b0168451c8818c583b15508c9bf9282dc8e7a6cb6bd3f,"{""distance"":7,""physical_error_rate"":0.0001}","{""detection_events"":1678037,""detectors_checked"":3408957440,""obs_mistake_mask=E"":1}"
      6432,         6,         0,   120.4,exact_mw,0a198d80e37665dd6f23c481ef1c601566b502223b7ce5d7a38dc87c0be91af9,"{""distance"":7,""physical_error_rate"":0.005}","{""detection_events"":91765,""detectors_checked"":3872064,""obs_mistake_mask=E"":6}"
   4044800,         0,         0,    62.6,exact_mw,d5491e2f66b0c830b41b0168451c8818c583b15508c9bf9282dc8e7a6cb6bd3f,"{""distance"":7,""physical_error_rate"":0.0001}","{""detection_events"":1198250,""detectors_checked"":2434969600}"
   4165632,         0,         0,    62.5,exact_mw,f7d5d61828a7d0145c65811496ba49aa9633daaed59c6883f51143c3b878094e,"{""distance"":7,""physical_error_rate"":5e-05}","{""detection_events"":618069,""detectors_checked"":2507710464}"
    139776,         3,         0,   120.4,exact_mw,7acd59d404317421b37957afea3f5c66f33c9ef46579a47fd7c0ca3dd0dfc735,"{""distance"":7,""physical_error_rate"":0.001}","{""detection_events"":410811,""detectors_checked"":84145152,""obs_mistake_mask=E"":3}"
     27520,         1,         0,   120.7,exact_mw,ca91ffa42463e210e189f165a9a4cbcfd1773a75ca815ff24a9009c31e62d8d0,"{""distance"":7,""physical_error_rate"":0.002}","{""detection_events"":161972,""detectors_checked"":16567040,""obs_mistake_mask=E"":1}"
    198656,         1,         0,    63.0,exact_mw,c34bb01325b9980f7caca1807bd93e7e28846c82b8c0538af034740e6e7d5106,"{""distance"":7,""physical_error_rate"":0.0005}","{""detection_events"":293726,""detectors_checked"":119590912,""obs_mistake_mask=E"":1}"
   1439744,         0,         0,    62.6,exact_mw,f5ed540d8b33fe7a17a96c57e6e367075413a3677864b79373445f6bf89adea1,"{""distance"":7,""physical_error_rate"":0.0002}","{""detection_events"":853544,""detectors_checked"":866725888}"
   8951808,         0,         0,   119.0,exact_mw,f7d5d61828a7d0145c65811496ba49aa9633daaed59c6883f51143c3b878094e,"{""distance"":7,""physical_error_rate"":5e-05}","{""detection_events"":1328769,""detectors_checked"":5388988416}"
   8122368,         0,         0,   119.3,exact_mw,d5491e2f66b0c830b41b0168451c8818c583b15508c9bf9282dc8e7a6cb6bd3f,"{""distance"":7,""physical_error_rate"":0.0001}","{""detection_events"":2415266,""detectors_checked"":4889665536}"
   4418560,         0,         0,   119.4,exact_mw,f5ed540d8b33fe7a17a96c57e6e367075413a3677864b79373445f6bf89adea1,"{""distance"":7,""physical_error_rate"":0.0002}","{""detection_events"":2623091,""detectors_checked"":2659973120}"
     51968,         0,         0,    63.2,exact_mw,7acd59d404317421b37957afea3f5c66f33c9ef46579a47fd7c0ca3dd0dfc735,"{""distance"":7,""physical_error_rate"":0.001}","{""detection_events"":153095,""detectors_checked"":31284736}"
     11712,         2,         0,    63.0,exact_mw,ca91ffa42463e210e189f165a9a4cbcfd1773a75ca815ff24a9009c31e62d8d0,"{""distance"":7,""physical_error_rate"":0.002}","{""detection_events"":68963,""detectors_checked"":7050624,""obs_mistake_mask=E"":2}"
      2192,         1,         0,    63.0,exact_mw,0a198d80e37665dd6f23c481ef1c601566b502223b7ce5d7a38dc87c0be91af9,"{""distance"":7,""physical_error_rate"":0.005}","{""detection_events"":31613,""detectors_checked"":1319584,""obs_mistake_mask=E"":1}"
      3392,         7,         0,    63.1,exact_mw,0a198d80e37665dd6f23c481ef1c601566b502223b7ce5d7a38dc87c0be91af9,"{""distance"":7,""physical_error_rate"":0.005}","{""detection_events"":49570,""detectors_checked"":2041984,""obs_mistake_mask=E"":7}"
    711680,         1,         0,   120.0,exact_mw,c34bb01325b9980f7caca1807bd93e7e28846c82b8c0538af034740e6e7d5106,"{""distance"":7,""physical_error_rate"":0.0005}","{""detection_events"":1053163,""detectors_checked"":428431360,""obs_mistake_mask=E"":1}"
     87040,         1,         0,   120.3,exact_mw,7acd59d404317421b37957afea3f5c66f33c9ef46579a47fd7c0ca3dd0dfc735,"{""distance"":7,""physical_error_rate"":0.001}","{""detection_events"":257237,""detectors_checked"":52398080,""obs_mistake_mask=E"":1}"
      4144,         4,         0,   120.3,exact_mw,0a198d80e37665dd6f23c481ef1c601566b502223b7ce5d7a38dc87c0be91af9,"{""distance"":7,""physical_error_rate"":0.005}","{""detection_events"":59939,""detectors_checked"":2494688,""obs_mistake_mask=E"":4}"
   6298624,         3,         0,   119.3,exact_mw,f5ed540d8b33fe7a17a96c57e6e367075413a3677864b79373445f6bf89adea1,"{""distance"":7,""physical_error_rate"":0.0002}","{""detection_events"":3733028,""detectors_checked"":3791771648,""obs_mistake_mask=E"":3}"
   2231296,         0,         0,   118.9,exact_mw,d5491e2f66b0c830b41b0168451c8818c583b15508c9bf9282dc8e7a6cb6bd3f,"{""distance"":7,""physical_error_rate"":0.0001}","{""detection_events"":662260,""detectors_checked"":1343240192}"
   9044992,         0,         0,   119.2,exact_mw,d5491e2f66b0c830b41b0168451c8818c583b15508c9bf9282dc8e7a6cb6bd3f,"{""distance"":7,""physical_error_rate"":0.0001}","{""detection_events"":2687834,""detectors_checked"":5445085184}"
   6831104,         0,         0,   119.0,exact_mw,d5491e2f66b0c830b41b0168451c8818c583b15508c9bf9282dc8e7a6cb6bd3f,"{""distance"":7,""physical_error_rate"":0.0001}","{""detection_events"":2025248,""detectors_checked"":4112324608}"
     24416,         2,         0,   120.5,exact_mw,ca91ffa42463e210e189f165a9a4cbcfd1773a75ca815ff24a9009c31e62d8d0,"{""distance"":7,""physical_error_rate"":0.002}","{""detection_events"":142887,""detectors_checked"":14698432,""obs_mistake_mask=E"":2}"
   3952640,         0,         0,   118.8,exact_mw,f7d5d61828a7d0145c65811496ba49aa9633daaed59c6883f51143c3b878094e,"{""distance"":7,""physical_error_rate"":5e-05}","{""detection_events"":586738,""detectors_checked"":2379489280}"
   4651008,         0,         0,   119.4,exact_mw,f5ed540d8b33fe7a17a96c57e6e367075413a3677864b79373445f6bf89adea1,"{""distance"":7,""physical_error_rate"":0.0002}","{""detection_events"":2756503,""detectors_checked"":2799906816}"
    143872,         7,         0,   120.1,exact_mw,7acd59d404317421b37957afea3f5c66f33c9ef46579a47fd7c0ca3dd0dfc735,"{""distance"":7,""physical_error_rate"":0.001}","{""detection_events"":425403,""detectors_checked"":86610944,""obs_mistake_mask=E"":7}"
   4260864,         3,         0,   119.5,exact_mw,f5ed540d8b33fe7a17a96c57e6e367075413a3677864b79373445f6bf89adea1,"{""distance"":7,""physical_error_rate"":0.0002}","{""detection_events"":2530541,""detectors_checked"":2565040128,""obs_mistake_mask=E"":3}"
   3083264,         0,         0,   119.4,exact_mw,f5ed540d8b33fe7a17a96c57e6e367075413a3677864b79373445f6bf89adea1,"{""distance"":7,""physical_error_rate"":0.0002}","{""detection_events"":1828116,""detectors_checked"":1856124928}"
   6063104,         0,         0,   119.2,exact_mw,f7d5d61828a7d0145c65811496ba49aa9633daaed59c6883f51143c3b878094e,"{""distance"":7,""physical_error_rate"":5e-05}","{""detection_events"":898459,""detectors_checked"":3649988608}"
    791552,         4,         0,   120.0,exact_mw,c34bb01325b9980f7caca1807bd93e7e28846c82b8c0538af034740e6e7d5106,"{""distance"":7,""physical_error_rate"":0.0005}","{""detection_events"":1171788,""detectors_checked"":476514304,""obs_mistake_mask=E"":4}"
   5558272,         0,         0,   118.9,exact_mw,f7d5d61828a7d0145c65811496ba49aa9633daaed59c6883f51143c3b878094e,"{""distance"":7,""physical_error_rate"":5e-05}","{""detection_events"":823456,""detectors_checked"":3346079744}"
   5751808,         0,         0,   119.0,exact_mw,f7d5d61828a7d0145c65811496ba49aa9633daaed59c6883f51143c3b878094e,"{""distance"":7,""physical_error_rate"":5e-05}","{""detection_events"":855331,""detectors_checked"":3462588416}"
   8306688,         1,         0,   119.1,exact_mw,f7d5d61828a7d0145c65811496ba49aa9633daaed59c6883f51143c3b878094e,"{""distance"":7,""physical_error_rate"":5e-05}","{""detection_events"":1231758,""detectors_checked"":5000626176,""obs_mistake_mask=E"":1}"
   4259840,         1,         0,   119.3,exact_mw,f5ed540d8b33fe7a17a96c57e6e367075413a3677864b79373445f6bf89adea1,"{""distance"":7,""physical_error_rate"":0.0002}","{""detection_events"":2520434,""detectors_checked"":2564423680,""obs_mistake_mask=E"":1}"
   6963200,         0,         0,   119.0,exact_mw,d5491e2f66b0c830b41b0168451c8818c583b15508c9bf9282dc8e7a6cb6bd3f,"{""distance"":7,""physical_error_rate"":0.0001}","{""detection_events"":2057430,""detectors_checked"":4191846400}"
     25600,         3,         0,   121.0,exact_mw,ca91ffa42463e210e189f165a9a4cbcfd1773a75ca815ff24a9009c31e62d8d0,"{""distance"":7,""physical_error_rate"":0.002}","{""detection_events"":151313,""detectors_checked"":15411200,""obs_mistake_mask=E"":3}"
   7053312,         0,         0,   119.2,exact_mw,d5491e2f66b0c830b41b0168451c8818c583b15508c9bf9282dc8e7a6cb6bd3f,"{""distance"":7,""physical_error_rate"":0.0001}","{""detection_events"":2096019,""detectors_checked"":4246093824}"
    609280,         3,         0,   120.0,exact_mw,c34bb01325b9980f7caca1807bd93e7e28846c82b8c0538af034740e6e7d5106,"{""distance"":7,""physical_error_rate"":0.0005}","{""detection_events"":899225,""detectors_checked"":366786560,""obs_mistake_mask=E"":3}"
      7424,        11,         0,   120.0,exact_mw,0a198d80e37665dd6f23c481ef1c601566b502223b7ce5d7a38dc87c0be91af9,"{""distance"":7,""physical_error_rate"":0.005}","{""detection_events"":106331,""detectors_checked"":4469248,""obs_mistake_mask=E"":11}"
    708608,         1,         0,   120.0,exact_mw,c34bb01325b9980f7caca1807bd93e7e28846c82b8c0538af034740e6e7d5106,"{""distance"":7,""physical_error_rate"":0.0005}","{""detection_events"":1048374,""detectors_checked"":426582016,""obs_mistake_mask=E"":1}"
    539648,         1,         0,   120.0,exact_mw,c34bb01325b9980f7caca1807bd93e7e28846c82b8c0538af034740e6e7d5106,"{""distance"":7,""physical_error_rate"":0.0005}","{""detection_events"":801623,""detectors_checked"":324868096,""obs_mistake_mask=E"":1}"
    667648,         3,         0,   120.5,exact_mw,c34bb01325b9980f7caca1807bd93e7e28846c82b8c0538af034740e6e7d5106,"{""distance"":7,""physical_error_rate"":0.0005}","{""detection_events"":988149,""detectors_checked"":401924096,""obs_mistake_mask=E"":3}"
     30464,         2,         0,   120.1,exact_mw,ca91ffa42463e210e189f165a9a4cbcfd1773a75ca815ff24a9009c31e62d8d0,"{""distance"":7,""physical_error_rate"":0.002}","{""detection_events"":178430,""detectors_checked"":18339328,""obs_mistake_mask=E"":2}"
      5320,         6,         0,   120.3,exact_mw,0a198d80e37665dd6f23c481ef1c601566b502223b7ce5d7a38dc87c0be91af9,"{""distance"":7,""physical_error_rate"":0.005}","{""detection_events"":75916,""detectors_checked"":3202640,""obs_mistake_mask=E"":6}"
     24800,         5,         0,   120.1,exact_mw,ca91ffa42463e210e189f165a9a4cbcfd1773a75ca815ff24a9009c31e62d8d0,"{""distance"":7,""physical_error_rate"":0.002}","{""detection_events"":144321,""detectors_checked"":14929600,""obs_mistake_mask=E"":5}"
      5928,         8,         0,   120.8,exact_mw,0a198d80e37665dd6f23c481ef1c601566b502223b7ce5d7a38dc87c0be91af9,"{""distance"":7,""physical_error_rate"":0.005}","{""detection_events"":85342,""detectors_checked"":3568656,""obs_mistake_mask=E"":8}"
     25344,         4,         0,   120.0,exact_mw,ca91ffa42463e210e189f165a9a4cbcfd1773a75ca815ff24a9009c31e62d8d0,"{""distance"":7,""physical_error_rate"":0.002}","{""detection_events"":148287,""detectors_checked"":15257088,""obs_mistake_mask=E"":4}"
    132608,         3,         0,   120.5,exact_mw,7acd59d404317421b37957afea3f5c66f33c9ef46579a47fd7c0ca3dd0dfc735,"{""distance"":7,""physical_error_rate"":0.001}","{""detection_events"":391243,""detectors_checked"":79830016,""obs_mistake_mask=E"":3}"
      5448,         7,         0,   120.0,exact_mw,0a198d80e37665dd6f23c481ef1c601566b502223b7ce5d7a38dc87c0be91af9,"{""distance"":7,""physical_error_rate"":0.005}","{""detection_events"":77881,""detectors_checked"":3279696,""obs_mistake_mask=E"":7}"
    104576,         1,         0,   121.0,exact_mw,7acd59d404317421b37957afea3f5c66f33c9ef46579a47fd7c0ca3dd0dfc735,"{""distance"":7,""physical_error_rate"":0.001}","{""detection_events"":307192,""detectors_checked"":62954752,""obs_mistake_mask=E"":1}"
      7552,        11,         0,   120.0,exact_mw,0a198d80e37665dd6f23c481ef1c601566b502223b7ce5d7a38dc87c0be91af9,"{""distance"":7,""physical_error_rate"":0.005}","{""detection_events"":108489,""detectors_checked"":4546304,""obs_mistake_mask=E"":11}"
    113536,         2,         0,   120.2,exact_mw,7acd59d404317421b37957afea3f5c66f33c9ef46579a47fd7c0ca3dd0dfc735,"{""distance"":7,""physical_error_rate"":0.001}","{""detection_events"":336182,""detectors_checked"":68348672,""obs_mistake_mask=E"":2}"
    114944,         1,         0,   120.0,exact_mw,7acd59d404317421b37957afea3f5c66f33c9ef46579a47fd7c0ca3dd0dfc735,"{""distance"":7,""physical_error_rate"":0.001}","{""detection_events"":339575,""detectors_checked"":69196288,""obs_mistake_mask=E"":1}"
     25472,         2,         0,   120.1,exact_mw,ca91ffa42463e210e189f165a9a4cbcfd1773a75ca815ff24a9009c31e62d8d0,"{""distance"":7,""physical_error_rate"":0.002}","{""detection_events"":149060,""detectors_checked"":15334144,""obs_mistake_mask=E"":2}"
   4303872,         0,         0,   119.3,exact_mw,f5ed540d8b33fe7a17a96c57e6e367075413a3677864b79373445f6bf89adea1,"{""distance"":7,""physical_error_rate"":0.0002}","{""detection_events"":2550807,""detectors_checked"":2590930944}"
   5547008,         1,         0,    87.5,exact_mw,d5491e2f66b0c830b41b0168451c8818c583b15508c9bf9282dc8e7a6cb6bd3f,"{""distance"":7,""physical_error_rate"":0.0001}","{""detection_events"":1647734,""detectors_checked"":3339298816,""obs_mistake_mask=E"":1}"
   6359040,         0,         0,   118.9,exact_mw,d5491e2f66b0c830b41b0168451c8818c583b15508c9bf9282dc8e7a6cb6bd3f,"{""distance"":7,""physical_error_rate"":0.0001}","{""detection_events"":1887559,""detectors_checked"":3828142080}"
   6960128,         0,         0,    87.6,exact_mw,f7d5d61828a7d0145c65811496ba49aa9633daaed59c6883f51143c3b878094e,"{""distance"":7,""physical_error_rate"":5e-05}","{""detection_events"":1036917,""detectors_checked"":4189997056}"
    316928,         1,         0,    88.3,exact_mw,c34bb01325b9980f7caca1807bd93e7e28846c82b8c0538af034740e6e7d5106,"{""distance"":7,""physical_error_rate"":0.0005}","{""detection_events"":468877,""detectors_checked"":190790656,""obs_mistake_mask=E"":1}"
    768000,         4,         0,   120.1,exact_mw,c34bb01325b9980f7caca1807bd93e7e28846c82b8c0538af034740e6e7d5106,"{""distance"":7,""physical_error_rate"":0.0005}","{""detection_events"":1138901,""detectors_checked"":462336000,""obs_mistake_mask=E"":4}"
   3337216,         0,         0,    87.9,exact_mw,f5ed540d8b33fe7a17a96c57e6e367075413a3677864b79373445f6bf89adea1,"{""distance"":7,""physical_error_rate"":0.0002}","{""detection_events"":1975950,""detectors_checked"":2009004032}"
   6508544,         0,         0,   118.8,exact_mw,f7d5d61828a7d0145c65811496ba49aa9633daaed59c6883f51143c3b878094e,"{""distance"":7,""physical_error_rate"":5e-05}","{""detection_events"":968951,""detectors_checked"":3918143488}"
   3661824,         1,         0,   119.2,exact_mw,f5ed540d8b33fe7a17a96c57e6e367075413a3677864b79373445f6bf89adea1,"{""distance"":7,""physical_error_rate"":0.0002}","{""detection_events"":2171492,""detectors_checked"":2204418048,""obs_mistake_mask=E"":1}"
   5108736,         0,         0,   118.8,exact_mw,f7d5d61828a7d0145c65811496ba49aa9633daaed59c6883f51143c3b878094e,"{""distance"":7,""physical_error_rate"":5e-05}","{""detection_events"":757903,""detectors_checked"":3075459072}"
     96768,         1,         0,    88.6,exact_mw,7acd59d404317421b37957afea3f5c66f33c9ef46579a47fd7c0ca3dd0dfc735,"{""distance"":7,""physical_error_rate"":0.001}","{""detection_events"":285081,""detectors_checked"":58254336,""obs_mistake_mask=E"":1}"
     19712,         4,         0,    88.5,exact_mw,ca91ffa42463e210e189f165a9a4cbcfd1773a75ca815ff24a9009c31e62d8d0,"{""distance"":7,""physical_error_rate"":0.002}","{""detection_events"":116336,""detectors_checked"":11866624,""obs_mistake_mask=E"":4}"
      2440,         3,         0,    88.5,exact_mw,0a198d80e37665dd6f23c481ef1c601566b502223b7ce5d7a38dc87c0be91af9,"{""distance"":7,""physical_error_rate"":0.005}","{""detection_events"":35010,""detectors_checked"":1468880,""obs_mistake_mask=E"":3}"
    144384,         3,         0,   120.3,exact_mw,7acd59d404317421b37957afea3f5c66f33c9ef46579a47fd7c0ca3dd0dfc735,"{""distance"":7,""physical_error_rate"":0.001}","{""detection_events"":422951,""detectors_checked"":86919168,""obs_mistake_mask=E"":3}"
      2976,         7,         0,    88.3,exact_mw,0a198d80e37665dd6f23c481ef1c601566b502223b7ce5d7a38dc87c0be91af9,"{""distance"":7,""physical_error_rate"":0.005}","{""detection_events"":42257,""detectors_checked"":1791552,""obs_mistake_mask=E"":7}"
     19040,         1,         0,   120.1,exact_mw,ca91ffa42463e210e189f165a9a4cbcfd1773a75ca815ff24a9009c31e62d8d0,"{""distance"":7,""physical_error_rate"":0.002}","{""detection_events"":111978,""detectors_checked"":11462080,""obs_mistake_mask=E"":1}"
      6280,         2,         0,   120.4,exact_mw,0a198d80e37665dd6f23c481ef1c601566b502223b7ce5d7a38dc87c0be91af9,"{""distance"":7,""physical_error_rate"":0.005}","{""detection_events"":90553,""detectors_checked"":3780560,""obs_mistake_mask=E"":2}"
    735232,         7,         0,   119.9,exact_mw,c34bb01325b9980f7caca1807bd93e7e28846c82b8c0538af034740e6e7d5106,"{""distance"":7,""physical_error_rate"":0.0005}","{""detection_events"":1094055,""detectors_checked"":442609664,""obs_mistake_mask=E"":7}"
   6917120,         1,         0,   118.9,exact_mw,d5491e2f66b0c830b41b0168451c8818c583b15508c9bf9282dc8e7a6cb6bd3f,"{""distance"":7,""physical_error_rate"":0.0001}","{""detection_events"":2050619,""detectors_checked"":4164106240,""obs_mistake_mask=E"":1}"
      6432,         9,         0,   120.2,exact_mw,0a198d80e37665dd6f23c481ef1c601566b502223b7ce5d7a38dc87c0be91af9,"{""distance"":7,""physical_error_rate"":0.005}","{""detection_events"":92486,""detectors_checked"":3872064,""obs_mistake_mask=E"":9}"
    141312,         4,         0,   120.7,exact_mw,7acd59d404317421b37957afea3f5c66f33c9ef46579a47fd7c0ca3dd0dfc735,"{""distance"":7,""physical_error_rate"":0.001}","{""detection_events"":415423,""detectors_checked"":85069824,""obs_mistake_mask=E"":4}"
     27008,         1,         0,   120.1,exact_mw,ca91ffa42463e210e189f165a9a4cbcfd1773a75ca815ff24a9009c31e62d8d0,"{""distance"":7,""physical_error_rate"":0.002}","{""detection_events"":158296,""detectors_checked"":16258816,""obs_mistake_mask=E"":1}"
   7533568,         0,         0,   119.2,exact_mw,f7d5d61828a7d0145c65811496ba49aa9633daaed59c6883f51143c3b878094e,"{""distance"":7,""physical_error_rate"":5e-05}","{""detection_events"":1117508,""detectors_checked"":4535207936}"
   8120320,         0,         0,   119.1,exact_mw,d5491e2f66b0c830b41b0168451c8818c583b15508c9bf9282dc8e7a6cb6bd3f,"{""distance"":7,""physical_error_rate"":0.0001}","{""detection_events"":2409629,""detectors_checked"":4888432640}"
   4587520,         2,         0,   119.3,exact_mw,f5ed540d8b33fe7a17a96c57e6e367075413a3677864b79373445f6bf89adea1,"{""distance"":7,""physical_error_rate"":0.0002}","{""detection_events"":2720701,""detectors_checked"":2761687040,""obs_mistake_mask=E"":2}"
    681984,         0,         0,   120.0,exact_mw,c34bb01325b9980f7caca1807bd93e7e28846c82b8c0538af034740e6e7d5106,"{""distance"":7,""physical_error_rate"":0.0005}","{""detection_events"":1010884,""detectors_checked"":410554368}"
    107904,         4,         0,   120.5,exact_mw,7acd59d404317421b37957afea3f5c66f33c9ef46579a47fd7c0ca3dd0dfc735,"{""distance"":7,""physical_error_rate"":0.001}","{""detection_events"":316593,""detectors_checked"":64958208,""obs_mistake_mask=E"":4}"
      6120,         7,         0,   120.5,exact_mw,0a198d80e37665dd6f23c481ef1c601566b502223b7ce5d7a38dc87c0be91af9,"{""distance"":7,""physical_error_rate"":0.005}","{""detection_events"":86909,""detectors_checked"":3684240,""obs_mistake_mask=E"":7}"
   6098944,         5,         0,   119.4,exact_mw,f5ed540d8b33fe7a17a96c57e6e367075413a3677864b79373445f6bf89adea1,"{""distance"":7,""physical_error_rate"":0.0002}","{""detection_events"":3619763,""detectors_checked"":3671564288,""obs_mistake_mask=E"":5}"
   2551808,         0,         0,   119.1,exact_mw,d5491e2f66b0c830b41b0168451c8818c583b15508c9bf9282dc8e7a6cb6bd3f,"{""distance"":7,""physical_error_rate"":0.0001}","{""detection_events"":759953,""detectors_checked"":1536188416}"
   8855552,         0,         0,   119.2,exact_mw,d5491e2f66b0c830b41b0168451c8818c583b15508c9bf9282dc8e7a6cb6bd3f,"{""distance"":7,""physical_error_rate"":0.0001}","{""detection_events"":2623373,""detectors_checked"":5331042304}"
   6928384,         1,         0,   118.9,exact_mw,d5491e2f66b0c830b41b0168451c8818c583b15508c9bf9282dc8e7a6cb6bd3f,"{""distance"":7,""physical_error_rate"":0.0001}","{""detection_events"":2056524,""detectors_checked"":4170887168,""obs_mistake_mask=E"":1}"
     23488,         8,         0,   120.0,exact_mw,ca91ffa42463e210e189f165a9a4cbcfd1773a75ca815ff24a9009c31e62d8d0,"{""distance"":7,""physical_error_rate"":0.002}","{""detection_events"":137724,""detectors_checked"":14139776,""obs_mistake_mask=E"":8}"
   6071296,         0,         0,   118.7,exact_mw,f7d5d61828a7d0145c65811496ba49aa9633daaed59c6883f51143c3b878094e,"{""distance"":7,""physical_error_rate"":5e-05}","{""detection_events"":900363,""detectors_checked"":3654920192}"
   4372480,         0,         0,   119.4,exact_mw,f5ed540d8b33fe7a17a96c57e6e367075413a3677864b79373445f6bf89adea1,"{""distance"":7,""physical_error_rate"":0.0002}","{""detection_events"":2591302,""detectors_checked"":2632232960}"
   3061760,         0,         0,   119.2,exact_mw,f5ed540d8b33fe7a17a96c57e6e367075413a3677864b79373445f6bf89adea1,"{""distance"":7,""physical_error_rate"":0.0002}","{""detection_events"":1813124,""detectors_checked"":1843179520}"
    152576,         5,         0,   120.4,exact_mw,7acd59d404317421b37957afea3f5c66f33c9ef46579a47fd7c0ca3dd0dfc735,"{""distance"":7,""physical_error_rate"":0.001}","{""detection_events"":448089,""detectors_checked"":91850752,""obs_mistake_mask=E"":5}"
   4328448,         2,         0,   119.4,exact_mw,f5ed540d8b33fe7a17a96c57e6e367075413a3677864b79373445f6bf89adea1,"{""distance"":7,""physical_error_rate"":0.0002}","{""detection_events"":2568401,""detectors_checked"":2605725696,""obs_mistake_mask=E"":2}"
   7399424,         0,         0,   118.9,exact_mw,f7d5d61828a7d0145c65811496ba49aa9633daaed59c6883f51143c3b878094e,"{""distance"":7,""physical_error_rate"":5e-05}","{""detection_events"":1096530,""detectors_checked"":4454453248}"
   7009280,         0,         0,   118.9,exact_mw,f7d5d61828a7d0145c65811496ba49aa9633daaed59c6883f51143c3b878094e,"{""distance"":7,""physical_error_rate"":5e-05}","{""detection_events"":1039609,""detectors_checked"":4219586560}"
   6404096,         0,         0,   119.0,exact_mw,f7d5d61828a7d0145c65811496ba49aa9633daaed59c6883f51143c3b878094e,"{""distance"":7,""physical_error_rate"":5e-05}","{""detection_events"":952106,""detectors_checked"":3855265792}"
    782336,         2,         0,   120.1,exact_mw,c34bb01325b9980f7caca1807bd93e7e28846c82b8c0538af034740e6e7d5106,"{""distance"":7,""physical_error_rate"":0.0005}","{""detection_events"":1156120,""detectors_checked"":470966272,""obs_mistake_mask=E"":2}"
   9110528,         1,         0,   119.1,exact_mw,f7d5d61828a7d0145c65811496ba49aa9633daaed59c6883f51143c3b878094e,"{""distance"":7,""physical_error_rate"":5e-05}","{""detection_events"":1349420,""detectors_checked"":5484537856,""obs_mistake_mask=E"":1}"
   3452928,         1,         0,   119.3,exact_mw,f5ed540d8b33fe7a17a96c57e6e367075413a3677864b79373445f6bf89adea1,"{""distance"":7,""physical_error_rate"":0.0002}","{""detection_events"":2048021,""detectors_checked"":2078662656,""obs_mistake_mask=E"":1}"
   5474304,         0,         0,   119.1,exact_mw,d5491e2f66b0c830b41b0168451c8818c583b15508c9bf9282dc8e7a6cb6bd3f,"{""distance"":7,""physical_error_rate"":0.0001}","{""detection_events"":1628756,""detectors_checked"":3295531008}"
   6142976,         1,         0,   119.0,exact_mw,d5491e2f66b0c830b41b0168451c8818c583b15508c9bf9282dc8e7a6cb6bd3f,"{""distance"":7,""physical_error_rate"":0.0001}","{""detection_events"":1822645,""detectors_checked"":3698071552,""obs_mistake_mask=E"":1}"
     26496,         7,         0,   120.1,exact_mw,ca91ffa42463e210e189f165a9a4cbcfd1773a75ca815ff24a9009c31e62d8d0,"{""distance"":7,""physical_error_rate"":0.002}","{""detection_events"":155376,""detectors_checked"":15950592,""obs_mistake_mask=E"":7}"
    580608,         2,         0,   120.1,exact_mw,c34bb01325b9980f7caca1807bd93e7e28846c82b8c0538af034740e6e7d5106,"{""distance"":7,""physical_error_rate"":0.0005}","{""detection_events"":861916,""detectors_checked"":349526016,""obs_mistake_mask=E"":2}"
      6176,        13,         0,   120.1,exact_mw,0a198d80e37665dd6f23c481ef1c601566b502223b7ce5d7a38dc87c0be91af9,"{""distance"":7,""physical_error_rate"":0.005}","{""detection_events"":88197,""detectors_checked"":3717952,""obs_mistake_mask=E"":13}"
    698368,         2,         0,   120.0,exact_mw,c34bb01325b9980f7caca1807bd93e7e28846c82b8c0538af034740e6e7d5106,"{""distance"":7,""physical_error_rate"":0.0005}","{""detection_events"":1032117,""detectors_checked"":420417536,""obs_mistake_mask=E"":2}"
    677888,         1,         0,   120.0,exact_mw,c34bb01325b9980f7caca1807bd93e7e28846c82b8c0538af034740e6e7d5106,"{""distance"":7,""physical_error_rate"":0.0005}","{""detection_events"":1004262,""detectors_checked"":408088576,""obs_mistake_mask=E"":1}"
    542720,         3,         0,   120.0,exact_mw,c34bb01325b9980f7caca1807bd93e7e28846c82b8c0538af034740e6e7d5106,"{""distance"":7,""physical_error_rate"":0.0005}","{""detection_events"":803075,""detectors_checked"":326717440,""obs_mistake_mask=E"":3}"
     32640,         3,         0,   120.3,exact_mw,ca91ffa42463e210e189f165a9a4cbcfd1773a75ca815ff24a9009c31e62d8d0,"{""distance"":7,""physical_error_rate"":0.002}","{""detection_events"":191962,""detectors_checked"":19649280,""obs_mistake_mask=E"":3}"
      5456,        10,         0,   120.4,exact_mw,0a198d80e37665dd6f23c481ef1c601566b502223b7ce5d7a38dc87c0be91af9,"{""distance"":7,""physical_error_rate"":0.005}","{""detection_events"":79238,""detectors_checked"":3284512,""obs_mistake_mask=E"":10}"
     21568,         3,         0,   120.3,exact_mw,ca91ffa42463e210e189f165a9a4cbcfd1773a75ca815ff24a9009c31e62d8d0,"{""distance"":7,""physical_error_rate"":0.002}","{""detection_events"":125164,""detectors_checked"":12983936,""obs_mistake_mask=E"":3}"
      5608,         5,         0,   120.3,exact_mw,0a198d80e37665dd6f23c481ef1c601566b502223b7ce5d7a38dc87c0be91af9,"{""distance"":7,""physical_error_rate"":0.005}","{""detection_events"":80290,""detectors_checked"":3376016,""obs_mistake_mask=E"":5}"
     23008,         5,         0,   120.0,exact_mw,ca91ffa42463e210e189f165a9a4cbcfd1773a75ca815ff24a9009c31e62d8d0,"{""distance"":7,""physical_error_rate"":0.002}","{""detection_events"":134651,""detectors_checked"":13850816,""obs_mistake_mask=E"":5}"
      5892,        13,         0,   120.0,exact_mw,0a198d80e37665dd6f23c481ef1c601566b502223b7ce5d7a38dc87c0be91af9,"{""distance"":7,""physical_error_rate"":0.005}","{""detection_events"":85453,""detectors_checked"":3546984,""obs_mistake_mask=E"":13}"
      7648,        11,         0,   120.0,exact_mw,0a198d80e37665dd6f23c481ef1c601566b502223b7ce5d7a38dc87c0be91af9,"{""distance"":7,""physical_error_rate"":0.005}","{""detection_events"":109091,""detectors_checked"":4604096,""obs_mistake_mask=E"":11}"
    119296,         4,         0,   120.6,exact_mw,7acd59d404317421b37957afea3f5c66f33c9ef46579a47fd7c0ca3dd0dfc735,"{""distance"":7,""physical_error_rate"":0.001}","{""detection_events"":351612,""detectors_checked"":71816192,""obs_mistake_mask=E"":4}"
    105728,         0,         0,   120.6,exact_mw,7acd59d404317421b37957afea3f5c66f33c9ef46579a47fd7c0ca3dd0dfc735,"{""distance"":7,""physical_error_rate"":0.001}","{""detection_events"":310550,""detectors_checked"":63648256}"
     82944,         4,         0,   120.4,exact_mw,7acd59d404317421b37957afea3f5c66f33c9ef46579a47fd7c0ca3dd0dfc735,"{""distance"":7,""physical_error_rate"":0.001}","{""detection_events"":243997,""detectors_checked"":49932288,""obs_mistake_mask=E"":4}"
    121344,         2,         0,   120.0,exact_mw,7acd59d404317421b37957afea3f5c66f33c9ef46579a47fd7c0ca3dd0dfc735,"{""distance"":7,""physical_error_rate"":0.001}","{""detection_events"":356933,""detectors_checked"":73049088,""obs_mistake_mask=E"":2}"
     25792,         3,         0,   120.2,exact_mw,ca91ffa42463e210e189f165a9a4cbcfd1773a75ca815ff24a9009c31e62d8d0,"{""distance"":7,""physical_error_rate"":0.002}","{""detection_events"":151097,""detectors_checked"":15526784,""obs_mistake_mask=E"":3}"
   4288512,         1,         0,   119.3,exact_mw,f5ed540d8b33fe7a17a96c57e6e367075413a3677864b79373445f6bf89adea1,"{""distance"":7,""physical_error_rate"":0.0002}","{""detection_events"":2543924,""detectors_checked"":2581684224,""obs_mistake_mask=E"":1}"
   7268352,         0,         0,   119.2,exact_mw,d5491e2f66b0c830b41b0168451c8818c583b15508c9bf9282dc8e7a6cb6bd3f,"{""distance"":7,""physical_error_rate"":0.0001}","{""detection_events"":2151393,""detectors_checked"":4375547904}"
   5191680,         1,         0,   118.9,exact_mw,d5491e2f66b0c830b41b0168451c8818c583b15508c9bf9282dc8e7a6cb6bd3f,"{""distance"":7,""physical_error_rate"":0.0001}","{""detection_events"":1544493,""detectors_checked"":3125391360,""obs_mistake_mask=E"":1}"
   8467456,         0,         0,   118.9,exact_mw,f7d5d61828a7d0145c65811496ba49aa9633daaed59c6883f51143c3b878094e,"{""distance"":7,""physical_error_rate"":5e-05}","{""detection_events"":1254528,""detectors_checked"":5097408512}"
    598016,         0,         0,   120.0,exact_mw,c34bb01325b9980f7caca1807bd93e7e28846c82b8c0538af034740e6e7d5106,"{""distance"":7,""physical_error_rate"":0.0005}","{""detection_events"":886585,""detectors_checked"":360005632}"
   4218880,         1,         0,   119.2,exact_mw,f5ed540d8b33fe7a17a96c57e6e367075413a3677864b79373445f6bf89adea1,"{""distance"":7,""physical_error_rate"":0.0002}","{""detection_events"":2501817,""detectors_checked"":2539765760,""obs_mistake_mask=E"":1}"
    680960,         3,         0,   120.1,exact_mw,c34bb01325b9980f7caca1807bd93e7e28846c82b8c0538af034740e6e7d5106,"{""distance"":7,""physical_error_rate"":0.0005}","{""detection_events"":1008060,""detectors_checked"":409937920,""obs_mistake_mask=E"":3}"
   6581248,         0,         0,   119.1,exact_mw,f7d5d61828a7d0145c65811496ba49aa9633daaed59c6883f51143c3b878094e,"{""distance"":7,""physical_error_rate"":5e-05}","{""detection_events"":978700,""detectors_checked"":3961911296}"
   3812352,         0,         0,   119.3,exact_mw,f5ed540d8b33fe7a17a96c57e6e367075413a3677864b79373445f6bf89adea1,"{""distance"":7,""physical_error_rate"":0.0002}","{""detection_events"":2258904,""detectors_checked"":2295035904}"
   6564864,         0,         0,   118.9,exact_mw,f7d5d61828a7d0145c65811496ba49aa9633daaed59c6883f51143c3b878094e,"{""distance"":7,""physical_error_rate"":5e-05}","{""detection_events"":970105,""detectors_checked"":3952048128}"
     92928,         1,         0,   120.4,exact_mw,7acd59d404317421b37957afea3f5c66f33c9ef46579a47fd7c0ca3dd0dfc735,"{""distance"":7,""physical_error_rate"":0.001}","{""detection_events"":273421,""detectors_checked"":55942656,""obs_mistake_mask=E"":1}"
     17536,         2,         0,   120.3,exact_mw,ca91ffa42463e210e189f165a9a4cbcfd1773a75ca815ff24a9009c31e62d8d0,"{""distance"":7,""physical_error_rate"":0.002}","{""detection_events"":103268,""detectors_checked"":10556672,""obs_mistake_mask=E"":2}"
    116224,         3,         0,   120.2,exact_mw,7acd59d404317421b37957afea3f5c66f33c9ef46579a47fd7c0ca3dd0dfc735,"{""distance"":7,""physical_error_rate"":0.001}","{""detection_events"":341606,""detectors_checked"":69966848,""obs_mistake_mask=E"":3}"
      5408,         8,         0,   120.5,exact_mw,0a198d80e37665dd6f23c481ef1c601566b502223b7ce5d7a38dc87c0be91af9,"{""distance"":7,""physical_error_rate"":0.005}","{""detection_events"":78220,""detectors_checked"":3255616,""obs_mistake_mask=E"":8}"
      6192,         7,         0,   120.5,exact_mw,0a198d80e37665dd6f23c481ef1c601566b502223b7ce5d7a38dc87c0be91af9,"{""distance"":7,""physical_error_rate"":0.005}","{""detection_events"":90102,""detectors_checked"":3727584,""obs_mistake_mask=E"":7}"
     22144,         6,         0,   120.5,exact_mw,ca91ffa42463e210e189f165a9a4cbcfd1773a75ca815ff24a9009c31e62d8d0,"{""distance"":7,""physical_error_rate"":0.002}","{""detection_events"":129214,""detectors_checked"":13330688,""obs_mistake_mask=E"":6}"
      5264,         6,         0,   120.5,exact_mw,0a198d80e37665dd6f23c481ef1c601566b502223b7ce5d7a38dc87c0be91af9,"{""distance"":7,""physical_error_rate"":0.005}","{""detection_events"":74983,""detectors_checked"":3168928,""obs_mistake_mask=E"":6}"
    629760,         0,         0,   119.9,exact_mw,c34bb01325b9980f7caca1807bd93e7e28846c82b8c0538af034740e6e7d5106,"{""distance"":7,""physical_error_rate"":0.0005}","{""detection_events"":930684,""detectors_checked"":379115520}"
   5774336,         0,         0,   119.0,exact_mw,d5491e2f66b0c830b41b0168451c8818c583b15508c9bf9282dc8e7a6cb6bd3f,"{""distance"":7,""physical_error_rate"":0.0001}","{""detection_events"":1712698,""detectors_checked"":3476150272}"
      5664,         6,         0,   120.1,exact_mw,0a198d80e37665dd6f23c481ef1c601566b502223b7ce5d7a38dc87c0be91af9,"{""distance"":7,""physical_error_rate"":0.005}","{""detection_events"":82487,""detectors_checked"":3409728,""obs_mistake_mask=E"":6}"
    113664,         1,         0,   120.6,exact_mw,7acd59d404317421b37957afea3f5c66f33c9ef46579a47fd7c0ca3dd0dfc735,"{""distance"":7,""physical_error_rate"":0.001}","{""detection_events"":335299,""detectors_checked"":68425728,""obs_mistake_mask=E"":1}"
     23296,         6,         0,   120.5,exact_mw,ca91ffa42463e210e189f165a9a4cbcfd1773a75ca815ff24a9009c31e62d8d0,"{""distance"":7,""physical_error_rate"":0.002}","{""detection_events"":137011,""detectors_checked"":14024192,""obs_mistake_mask=E"":6}"
   6344704,         0,         0,   119.0,exact_mw,f7d5d61828a7d0145c65811496ba49aa9633daaed59c6883f51143c3b878094e,"{""distance"":7,""physical_error_rate"":5e-05}","{""detection_events"":944457,""detectors_checked"":3819511808}"
   6636544,         1,         0,   119.2,exact_mw,d5491e2f66b0c830b41b0168451c8818c583b15508c9bf9282dc8e7a6cb6bd3f,"{""distance"":7,""physical_error_rate"":0.0001}","{""detection_events"":1967118,""detectors_checked"":3995199488,""obs_mistake_mask=E"":1}"
   4411392,         2,         0,   119.2,exact_mw,f5ed540d8b33fe7a17a96c57e6e367075413a3677864b79373445f6bf89adea1,"{""distance"":7,""physical_error_rate"":0.0002}","{""detection_events"":2620673,""detectors_checked"":2655657984,""obs_mistake_mask=E"":2}"
    705536,         0,         0,   119.9,exact_mw,c34bb01325b9980f7caca1807bd93e7e28846c82b8c0538af034740e6e7d5106,"{""distance"":7,""physical_error_rate"":0.0005}","{""detection_events"":1043740,""detectors_checked"":424732672}"
    106240,         1,         0,   120.4,exact_mw,7acd59d404317421b37957afea3f5c66f33c9ef46579a47fd7c0ca3dd0dfc735,"{""distance"":7,""physical_error_rate"":0.001}","{""detection_events"":314775,""detectors_checked"":63956480,""obs_mistake_mask=E"":1}"
      6016,        12,         0,   120.0,exact_mw,0a198d80e37665dd6f23c481ef1c601566b502223b7ce5d7a38dc87c0be91af9,"{""distance"":7,""physical_error_rate"":0.005}","{""detection_events"":86066,""detectors_checked"":3621632,""obs_mistake_mask=E"":12}"
   6023168,         0,         0,   119.4,exact_mw,f5ed540d8b33fe7a17a96c57e6e367075413a3677864b79373445f6bf89adea1,"{""distance"":7,""physical_error_rate"":0.0002}","{""detection_events"":3576445,""detectors_checked"":3625947136}"
   3579904,         1,         0,   119.0,exact_mw,d5491e2f66b0c830b41b0168451c8818c583b15508c9bf9282dc8e7a6cb6bd3f,"{""distance"":7,""physical_error_rate"":0.0001}","{""detection_events"":1065746,""detectors_checked"":2155102208,""obs_mistake_mask=E"":1}"
   8504320,         0,         0,   119.2,exact_mw,d5491e2f66b0c830b41b0168451c8818c583b15508c9bf9282dc8e7a6cb6bd3f,"{""distance"":7,""physical_error_rate"":0.0001}","{""detection_events"":2516162,""detectors_checked"":5119600640}"
   6676480,         0,         0,   119.2,exact_mw,d5491e2f66b0c830b41b0168451c8818c583b15508c9bf9282dc8e7a6cb6bd3f,"{""distance"":7,""physical_error_rate"":0.0001}","{""detection_events"":1984932,""detectors_checked"":4019240960}"
     23360,         5,         0,   120.2,exact_mw,ca91ffa42463e210e189f165a9a4cbcfd1773a75ca815ff24a9009c31e62d8d0,"{""distance"":7,""physical_error_rate"":0.002}","{""detection_events"":136716,""detectors_checked"":14062720,""obs_mistake_mask=E"":5}"
   7111680,         0,         0,   119.1,exact_mw,f7d5d61828a7d0145c65811496ba49aa9633daaed59c6883f51143c3b878094e,"{""distance"":7,""physical_error_rate"":5e-05}","{""detection_events"":1056857,""detectors_checked"":4281231360}"
   4411392,         0,         0,   119.4,exact_mw,f5ed540d8b33fe7a17a96c57e6e367075413a3677864b79373445f6bf89adea1,"{""distance"":7,""physical_error_rate"":0.0002}","{""detection_events"":2614116,""detectors_checked"":2655657984}"
   4388864,         1,         0,   119.2,exact_mw,f5ed540d8b33fe7a17a96c57e6e367075413a3677864b79373445f6bf89adea1,"{""distance"":7,""physical_error_rate"":0.0002}","{""detection_events"":2601338,""detectors_checked"":2642096128,""obs_mistake_mask=E"":1}"
   4395008,         0,         0,   119.4,exact_mw,f5ed540d8b33fe7a17a96c57e6e367075413a3677864b79373445f6bf89adea1,"{""distance"":7,""physical_error_rate"":0.0002}","{""detection_events"":2603764,""detectors_checked"":2645794816}"
   6537216,         1,         0,   119.0,exact_mw,f7d5d61828a7d0145c65811496ba49aa9633daaed59c6883f51143c3b878094e,"{""distance"":7,""physical_error_rate"":5e-05}","{""detection_events"":970033,""detectors_checked"":3935404032,""obs_mistake_mask=E"":1}"
    122368,         3,         0,   120.4,exact_mw,7acd59d404317421b37957afea3f5c66f33c9ef46579a47fd7c0ca3dd0dfc735,"{""distance"":7,""physical_error_rate"":0.001}","{""detection_events"":362272,""detectors_checked"":73665536,""obs_mistake_mask=E"":3}"
   7225344,         0,         0,   119.1,exact_mw,f7d5d61828a7d0145c65811496ba49aa9633daaed59c6883f51143c3b878094e,"{""distance"":7,""physical_error_rate"":5e-05}","{""detection_events"":1068835,""detectors_checked"":4349657088}"
   6924288,         0,         0,   119.1,exact_mw,f7d5d61828a7d0145c65811496ba49aa9633daaed59c6883f51143c3b878094e,"{""distance"":7,""physical_error_rate"":5e-05}","{""detection_events"":1022215,""detectors_checked"":4168421376}"
    797696,         5,         0,   119.9,exact_mw,c34bb01325b9980f7caca1807bd93e7e28846c82b8c0538af034740e6e7d5106,"{""distance"":7,""physical_error_rate"":0.0005}","{""detection_events"":1181057,""detectors_checked"":480212992,""obs_mistake_mask=E"":5}"
   7998464,         0,         0,   119.0,exact_mw,f7d5d61828a7d0145c65811496ba49aa9633daaed59c6883f51143c3b878094e,"{""distance"":7,""physical_error_rate"":5e-05}","{""detection_events"":1183887,""detectors_checked"":4815075328}"
   3760128,         0,         0,   119.2,exact_mw,f5ed540d8b33fe7a17a96c57e6e367075413a3677864b79373445f6bf89adea1,"{""distance"":7,""physical_error_rate"":0.0002}","{""detection_events"":2224344,""detectors_checked"":2263597056}"
   4938752,         1,         0,   118.9,exact_mw,d5491e2f66b0c830b41b0168451c8818c583b15508c9bf9282dc8e7a6cb6bd3f,"{""distance"":7,""physical_error_rate"":0.0001}","{""detection_events"":1465969,""detectors_checked"":2973128704,""obs_mistake_mask=E"":1}"
   5359616,         0,         0,   119.0,exact_mw,d5491e2f66b0c830b41b0168451c8818c583b15508c9bf9282dc8e7a6cb6bd3f,"{""distance"":7,""physical_error_rate"":0.0001}","{""detection_events"":1591682,""detectors_checked"":3226488832}"
    596992,         1,         0,   120.0,exact_mw,c34bb01325b9980f7caca1807bd93e7e28846c82b8c0538af034740e6e7d5106,"{""distance"":7,""physical_error_rate"":0.0005}","{""detection_events"":880974,""detectors_checked"":359389184,""obs_mistake_mask=E"":1}"
     28288,         3,         0,   120.4,exact_mw,ca91ffa42463e210e189f165a9a4cbcfd1773a75ca815ff24a9009c31e62d8d0,"{""distance"":7,""physical_error_rate"":0.002}","{""detection_events"":166873,""detectors_checked"":17029376,""obs_mistake_mask=E"":3}"
      6464,         3,         0,   120.5,exact_mw,0a198d80e37665dd6f23c481ef1c601566b502223b7ce5d7a38dc87c0be91af9,"{""distance"":7,""physical_error_rate"":0.005}","{""detection_events"":92665,""detectors_checked"":3891328,""obs_mistake_mask=E"":3}"
    683008,         3,         0,   120.0,exact_mw,c34bb01325b9980f7caca1807bd93e7e28846c82b8c0538af034740e6e7d5106,"{""distance"":7,""physical_error_rate"":0.0005}","{""detection_events"":1011154,""detectors_checked"":411170816,""obs_mistake_mask=E"":3}"
    677888,         1,         0,   119.9,exact_mw,c34bb01325b9980f7caca1807bd93e7e28846c82b8c0538af034740e6e7d5106,"{""distance"":7,""physical_error_rate"":0.0005}","{""detection_events"":1006340,""detectors_checked"":408088576,""obs_mistake_mask=E"":1}"
    636928,         3,         0,   119.8,exact_mw,c34bb01325b9980f7caca1807bd93e7e28846c82b8c0538af034740e6e7d5106,"{""distance"":7,""physical_error_rate"":0.0005}","{""detection_events"":942154,""detectors_checked"":383430656,""obs_mistake_mask=E"":3}"
     32640,         6,         0,   120.4,exact_mw,ca91ffa42463e210e189f165a9a4cbcfd1773a75ca815ff24a9009c31e62d8d0,"{""distance"":7,""physical_error_rate"":0.002}","{""detection_events"":192074,""detectors_checked"":19649280,""obs_mistake_mask=E"":6}"
      6400,         8,         0,   120.3,exact_mw,0a198d80e37665dd6f23c481ef1c601566b502223b7ce5d7a38dc87c0be91af9,"{""distance"":7,""physical_error_rate"":0.005}","{""detection_events"":92170,""detectors_checked"":3852800,""obs_mistake_mask=E"":8}"
     20736,         3,         0,   120.5,exact_mw,ca91ffa42463e210e189f165a9a4cbcfd1773a75ca815ff24a9009c31e62d8d0,"{""distance"":7,""physical_error_rate"":0.002}","{""detection_events"":122952,""detectors_checked"":12483072,""obs_mistake_mask=E"":3}"
      5680,         4,         0,   120.3,exact_mw,0a198d80e37665dd6f23c481ef1c601566b502223b7ce5d7a38dc87c0be91af9,"{""distance"":7,""physical_error_rate"":0.005}","{""detection_events"":81493,""detectors_checked"":3419360,""obs_mistake_mask=E"":4}"
     19776,         3,         0,   120.3,exact_mw,ca91ffa42463e210e189f165a9a4cbcfd1773a75ca815ff24a9009c31e62d8d0,"{""distance"":7,""physical_error_rate"":0.002}","{""detection_events"":116035,""detectors_checked"":11905152,""obs_mistake_mask=E"":3}"
      7872,         8,         0,   120.0,exact_mw,0a198d80e37665dd6f23c481ef1c601566b502223b7ce5d7a38dc87c0be91af9,"{""distance"":7,""physical_error_rate"":0.005}","{""detection_events"":112864,""detectors_checked"":4738944,""obs_mistake_mask=E"":8}"
    124928,         3,         0,   120.0,exact_mw,7acd59d404317421b37957afea3f5c66f33c9ef46579a47fd7c0ca3dd0dfc735,"{""distance"":7,""physical_error_rate"":0.001}","{""detection_events"":368276,""detectors_checked"":75206656,""obs_mistake_mask=E"":3}"
     91008,         1,         0,   120.1,exact_mw,7acd59d404317421b37957afea3f5c66f33c9ef46579a47fd7c0ca3dd0dfc735,"{""distance"":7,""physical_error_rate"":0.001}","{""detection_events"":268868,""detectors_checked"":54786816,""obs_mistake_mask=E"":1}"
      4544,         4,         0,   120.8,exact_mw,0a198d80e37665dd6f23c481ef1c601566b502223b7ce5d7a38dc87c0be91af9,"{""distance"":7,""physical_error_rate"":0.005}","{""detection_events"":65941,""detectors_checked"":2735488,""obs_mistake_mask=E"":4}"
     95616,         0,         0,   120.5,exact_mw,7acd59d404317421b37957afea3f5c66f33c9ef46579a47fd7c0ca3dd0dfc735,"{""distance"":7,""physical_error_rate"":0.001}","{""detection_events"":281255,""detectors_checked"":57560832}"
     85376,         1,         0,   122.1,exact_mw,7acd59d404317421b37957afea3f5c66f33c9ef46579a47fd7c0ca3dd0dfc735,"{""distance"":7,""physical_error_rate"":0.001}","{""detection_events"":251914,""detectors_checked"":51396352,""obs_mistake_mask=E"":1}"
     22912,         5,         0,   120.2,exact_mw,ca91ffa42463e210e189f165a9a4cbcfd1773a75ca815ff24a9009c31e62d8d0,"{""distance"":7,""physical_error_rate"":0.002}","{""detection_events"":134177,""detectors_checked"":13793024,""obs_mistake_mask=E"":5}"
   4144128,         2,         0,   119.3,exact_mw,f5ed540d8b33fe7a17a96c57e6e367075413a3677864b79373445f6bf89adea1,"{""distance"":7,""physical_error_rate"":0.0002}","{""detection_events"":2457820,""detectors_checked"":2494765056,""obs_mistake_mask=E"":2}"
   6949888,         0,         0,   119.0,exact_mw,d5491e2f66b0c830b41b0168451c8818c583b15508c9bf9282dc8e7a6cb6bd3f,"{""distance"":7,""physical_error_rate"":0.0001}","{""detection_events"":2065359,""detectors_checked"":4183832576}"
   5780480,         1,         0,   119.0,exact_mw,d5491e2f66b0c830b41b0168451c8818c583b15508c9bf9282dc8e7a6cb6bd3f,"{""distance"":7,""physical_error_rate"":0.0001}","{""detection_events"":1715259,""detectors_checked"":3479848960,""obs_mistake_mask=E"":1}"
   9274368,         0,         0,   119.0,exact_mw,f7d5d61828a7d0145c65811496ba49aa9633daaed59c6883f51143c3b878094e,"{""distance"":7,""physical_error_rate"":5e-05}","{""detection_events"":1377748,""detectors_checked"":5583169536}"
    657408,         0,         0,   119.9,exact_mw,c34bb01325b9980f7caca1807bd93e7e28846c82b8c0538af034740e6e7d5106,"{""distance"":7,""physical_error_rate"":0.0005}","{""detection_events"":972598,""detectors_checked"":395759616}"
   3520512,         1,         0,   119.5,exact_mw,f5ed540d8b33fe7a17a96c57e6e367075413a3677864b79373445f6bf89adea1,"{""distance"":7,""physical_error_rate"":0.0002}","{""detection_events"":2088000,""detectors_checked"":2119348224,""obs_mistake_mask=E"":1}"
    697344,         1,         0,   120.0,exact_mw,c34bb01325b9980f7caca1807bd93e7e28846c82b8c0538af034740e6e7d5106,"{""distance"":7,""physical_error_rate"":0.0005}","{""detection_events"":1031668,""detectors_checked"":419801088,""obs_mistake_mask=E"":1}"
   6274048,         0,         0,   118.8,exact_mw,f7d5d61828a7d0145c65811496ba49aa9633daaed59c6883f51143c3b878094e,"{""distance"":7,""physical_error_rate"":5e-05}","{""detection_events"":932357,""detectors_checked"":3776976896}"
   4517888,         2,         0,   119.3,exact_mw,f5ed540d8b33fe7a17a96c57e6e367075413a3677864b79373445f6bf89adea1,"{""distance"":7,""physical_error_rate"":0.0002}","{""detection_events"":2676632,""detectors_checked"":2719768576,""obs_mistake_mask=E"":2}"
   7802880,         0,         0,   119.0,exact_mw,f7d5d61828a7d0145c65811496ba49aa9633daaed59c6883f51143c3b878094e,"{""distance"":7,""physical_error_rate"":5e-05}","{""detection_events"":1160895,""detectors_checked"":4697333760}"
    101120,         3,         0,   120.2,exact_mw,7acd59d404317421b37957afea3f5c66f33c9ef46579a47fd7c0ca3dd0dfc735,"{""distance"":7,""physical_error_rate"":0.001}","{""detection_events"":298056,""detectors_checked"":60874240,""obs_mistake_mask=E"":3}"
     21856,         6,         0,   120.1,exact_mw,ca91ffa42463e210e189f165a9a4cbcfd1773a75ca815ff24a9009c31e62d8d0,"{""distance"":7,""physical_error_rate"":0.002}","{""detection_events"":128510,""detectors_checked"":13157312,""obs_mistake_mask=E"":6}"
    128000,         2,         0,   120.1,exact_mw,7acd59d404317421b37957afea3f5c66f33c9ef46579a47fd7c0ca3dd0dfc735,"{""distance"":7,""physical_error_rate"":0.001}","{""detection_events"":377273,""detectors_checked"":77056000,""obs_mistake_mask=E"":2}"
      5748,         5,         0,   120.4,exact_mw,0a198d80e37665dd6f23c481ef1c601566b502223b7ce5d7a38dc87c0be91af9,"{""distance"":7,""physical_error_rate"":0.005}","{""detection_events"":81490,""detectors_checked"":3460296,""obs_mistake_mask=E"":5}"
      5312,        12,         0,   120.3,exact_mw,0a198d80e37665dd6f23c481ef1c601566b502223b7ce5d7a38dc87c0be91af9,"{""distance"":7,""physical_error_rate"":0.005}","{""detection_events"":75263,""detectors_checked"":3197824,""obs_mistake_mask=E"":12}"
     23552,         3,         0,   120.2,exact_mw,ca91ffa42463e210e189f165a9a4cbcfd1773a75ca815ff24a9009c31e62d8d0,"{""distance"":7,""physical_error_rate"":0.002}","{""detection_events"":137938,""detectors_checked"":14178304,""obs_mistake_mask=E"":3}"
      4056,         2,         0,   121.0,exact_mw,0a198d80e37665dd6f23c481ef1c601566b502223b7ce5d7a38dc87c0be91af9,"{""distance"":7,""physical_error_rate"":0.005}","{""detection_events"":58077,""detectors_checked"":2441712,""obs_mistake_mask=E"":2}"
    654336,         2,         0,   120.0,exact_mw,c34bb01325b9980f7caca1807bd93e7e28846c82b8c0538af034740e6e7d5106,"{""distance"":7,""physical_error_rate"":0.0005}","{""detection_events"":968208,""detectors_checked"":393910272,""obs_mistake_mask=E"":2}"
   2908160,         0,         0,   118.9,exact_mw,d5491e2f66b0c830b41b0168451c8818c583b15508c9bf9282dc8e7a6cb6bd3f,"{""distance"":7,""physical_error_rate"":0.0001}","{""detection_events"":862412,""detectors_checked"":1750712320}"
      7040,        10,         0,   120.0,exact_mw,0a198d80e37665dd6f23c481ef1c601566b502223b7ce5d7a38dc87c0be91af9,"{""distance"":7,""physical_error_rate"":0.005}","{""detection_events"":100914,""detectors_checked"":4238080,""obs_mistake_mask=E"":10}"
    118784,         3,         0,   120.0,exact_mw,7acd59d404317421b37957afea3f5c66f33c9ef46579a47fd7c0ca3dd0dfc735,"{""distance"":7,""physical_error_rate"":0.001}","{""detection_events"":349335,""detectors_checked"":71507968,""obs_mistake_mask=E"":3}"
     27648,         1,         0,   120.1,exact_mw,ca91ffa42463e210e189f165a9a4cbcfd1773a75ca815ff24a9009c31e62d8d0,"{""distance"":7,""physical_error_rate"":0.002}","{""detection_events"":160896,""detectors_checked"":16644096,""obs_mistake_mask=E"":1}"
   7845888,         0,         0,   119.1,exact_mw,f7d5d61828a7d0145c65811496ba49aa9633daaed59c6883f51143c3b878094e,"{""distance"":7,""physical_error_rate"":5e-05}","{""detection_events"":1164582,""detectors_checked"":4723224576}"
   7744512,         0,         0,   119.1,exact_mw,d5491e2f66b0c830b41b0168451c8818c583b15508c9bf9282dc8e7a6cb6bd3f,"{""distance"":7,""physical_error_rate"":0.0001}","{""detection_events"":2296541,""detectors_checked"":4662196224}"
   4647936,         2,         0,   119.3,exact_mw,f5ed540d8b33fe7a17a96c57e6e367075413a3677864b79373445f6bf89adea1,"{""distance"":7,""physical_error_rate"":0.0002}","{""detection_events"":2750145,""detectors_checked"":2798057472,""obs_mistake_mask=E"":2}"
    705536,         2,         0,   120.0,exact_mw,c34bb01325b9980f7caca1807bd93e7e28846c82b8c0538af034740e6e7d5106,"{""distance"":7,""physical_error_rate"":0.0005}","{""detection_events"":1040679,""detectors_checked"":424732672,""obs_mistake_mask=E"":2}"
    121856,         1,         0,   120.3,exact_mw,7acd59d404317421b37957afea3f5c66f33c9ef46579a47fd7c0ca3dd0dfc735,"{""distance"":7,""physical_error_rate"":0.001}","{""detection_events"":358319,""detectors_checked"":73357312,""obs_mistake_mask=E"":1}"
      5040,         4,         0,   120.4,exact_mw,0a198d80e37665dd6f23c481ef1c601566b502223b7ce5d7a38dc87c0be91af9,"{""distance"":7,""physical_error_rate"":0.005}","{""detection_events"":72569,""detectors_checked"":3034080,""obs_mistake_mask=E"":4}"
   5557248,         0,         0,   119.2,exact_mw,f5ed540d8b33fe7a17a96c57e6e367075413a3677864b79373445f6bf89adea1,"{""distance"":7,""physical_error_rate"":0.0002}","{""detection_events"":3294842,""detectors_checked"":3345463296}"
   2312192,         0,         0,   119.1,exact_mw,d5491e2f66b0c830b41b0168451c8818c583b15508c9bf9282dc8e7a6cb6bd3f,"{""distance"":7,""physical_error_rate"":0.0001}","{""detection_events"":684595,""detectors_checked"":1391939584}"
   8664064,         0,         0,   119.2,exact_mw,d5491e2f66b0c830b41b0168451c8818c583b15508c9bf9282dc8e7a6cb6bd3f,"{""distance"":7,""physical_error_rate"":0.0001}","{""detection_events"":2568559,""detectors_checked"":5215766528}"
   5079040,         1,         0,   118.9,exact_mw,d5491e2f66b0c830b41b0168451c8818c583b15508c9bf9282dc8e7a6cb6bd3f,"{""distance"":7,""physical_error_rate"":0.0001}","{""detection_events"":1507679,""detectors_checked"":3057582080,""obs_mistake_mask=E"":1}"
   5337088,         0,         0,   118.9,exact_mw,f7d5d61828a7d0145c65811496ba49aa9633daaed59c6883f51143c3b878094e,"{""distance"":7,""physical_error_rate"":5e-05}","{""detection_events"":791114,""detectors_checked"":3212926976}"
     21280,         0,         0,   120.3,exact_mw,ca91ffa42463e210e189f165a9a4cbcfd1773a75ca815ff24a9009c31e62d8d0,"{""distance"":7,""physical_error_rate"":0.002}","{""detection_events"":123789,""detectors_checked"":12810560}"
   4649984,         0,         0,   119.3,exact_mw,f5ed540d8b33fe7a17a96c57e6e367075413a3677864b79373445f6bf89adea1,"{""distance"":7,""physical_error_rate"":0.0002}","{""detection_events"":2755097,""detectors_checked"":2799290368}"
   3965952,         3,         0,   119.4,exact_mw,f5ed540d8b33fe7a17a96c57e6e367075413a3677864b79373445f6bf89adea1,"{""distance"":7,""physical_error_rate"":0.0002}","{""detection_events"":2351180,""detectors_checked"":2387503104,""obs_mistake_mask=E"":3}"
   2243584,         1,         0,   119.3,exact_mw,f5ed540d8b33fe7a17a96c57e6e367075413a3677864b79373445f6bf89adea1,"{""distance"":7,""physical_error_rate"":0.0002}","{""detection_events"":1329958,""detectors_checked"":1350637568,""obs_mistake_mask=E"":1}"
   8233984,         0,         0,   118.8,exact_mw,f7d5d61828a7d0145c65811496ba49aa9633daaed59c6883f51143c3b878094e,"{""distance"":7,""physical_error_rate"":5e-05}","{""detection_events"":1220168,""detectors_checked"":4956858368}"
   7189504,         0,         0,   119.0,exact_mw,f7d5d61828a7d0145c65811496ba49aa9633daaed59c6883f51143c3b878094e,"{""distance"":7,""physical_error_rate"":5e-05}","{""detection_events"":1070881,""detectors_checked"":4328081408}"
   7344128,         0,         0,   119.0,exact_mw,f7d5d61828a7d0145c65811496ba49aa9633daaed59c6883f51143c3b878094e,"{""distance"":7,""physical_error_rate"":5e-05}","{""detection_events"":1090290,""detectors_checked"":4421165056}"
    765952,         2,         0,   120.0,exact_mw,c34bb01325b9980f7caca1807bd93e7e28846c82b8c0538af034740e6e7d5106,"{""distance"":7,""physical_error_rate"":0.0005}","{""detection_events"":1130208,""detectors_checked"":461103104,""obs_mistake_mask=E"":2}"
    138240,         2,         0,   120.7,exact_mw,7acd59d404317421b37957afea3f5c66f33c9ef46579a47fd7c0ca3dd0dfc735,"{""distance"":7,""physical_error_rate"":0.001}","{""detection_events"":406035,""detectors_checked"":83220480,""obs_mistake_mask=E"":2}"
   8634368,         0,         0,   119.0,exact_mw,f7d5d61828a7d0145c65811496ba49aa9633daaed59c6883f51143c3b878094e,"{""distance"":7,""physical_error_rate"":5e-05}","{""detection_events"":1283403,""detectors_checked"":5197889536}"
   4065280,         0,         0,   119.2,exact_mw,f5ed540d8b33fe7a17a96c57e6e367075413a3677864b79373445f6bf89adea1,"{""distance"":7,""physical_error_rate"":0.0002}","{""detection_events"":2404363,""detectors_checked"":2447298560}"
   6424576,         0,         0,   119.2,exact_mw,d5491e2f66b0c830b41b0168451c8818c583b15508c9bf9282dc8e7a6cb6bd3f,"{""distance"":7,""physical_error_rate"":0.0001}","{""detection_events"":1909136,""detectors_checked"":3867594752}"
   6803456,         0,         0,   119.1,exact_mw,d5491e2f66b0c830b41b0168451c8818c583b15508c9bf9282dc8e7a6cb6bd3f,"{""distance"":7,""physical_error_rate"":0.0001}","{""detection_events"":2016350,""detectors_checked"":4095680512}"
    733184,         0,         0,   119.9,exact_mw,c34bb01325b9980f7caca1807bd93e7e28846c82b8c0538af034740e6e7d5106,"{""distance"":7,""physical_error_rate"":0.0005}","{""detection_events"":1083525,""detectors_checked"":441376768}"
     26752,         4,         0,   120.2,exact_mw,ca91ffa42463e210e189f165a9a4cbcfd1773a75ca815ff24a9009c31e62d8d0,"{""distance"":7,""physical_error_rate"":0.002}","{""detection_events"":157893,""detectors_checked"":16104704,""obs_mistake_mask=E"":4}"
    654336,         4,         0,   119.8,exact_mw,c34bb01325b9980f7caca1807bd93e7e28846c82b8c0538af034740e6e7d5106,"{""distance"":7,""physical_error_rate"":0.0005}","{""detection_events"":967601,""detectors_checked"":393910272,""obs_mistake_mask=E"":4}"
    617984,         2,         0,   120.0,exact_mw,c34bb01325b9980f7caca1807bd93e7e28846c82b8c0538af034740e6e7d5106,"{""distance"":7,""physical_error_rate"":0.0005}","{""detection_events"":914765,""detectors_checked"":372026368,""obs_mistake_mask=E"":2}"
      6752,        12,         0,   120.5,exact_mw,0a198d80e37665dd6f23c481ef1c601566b502223b7ce5d7a38dc87c0be91af9,"{""distance"":7,""physical_error_rate"":0.005}","{""detection_events"":96929,""detectors_checked"":4064704,""obs_mistake_mask=E"":12}"
    661504,         1,         0,   120.0,exact_mw,c34bb01325b9980f7caca1807bd93e7e28846c82b8c0538af034740e6e7d5106,"{""distance"":7,""physical_error_rate"":0.0005}","{""detection_events"":978273,""detectors_checked"":398225408,""obs_mistake_mask=E"":1}"
     31232,        10,         0,   120.2,exact_mw,ca91ffa42463e210e189f165a9a4cbcfd1773a75ca815ff24a9009c31e62d8d0,"{""distance"":7,""physical_error_rate"":0.002}","{""detection_events"":183914,""detectors_checked"":18801664,""obs_mistake_mask=E"":10}"
      4408,         4,         0,   120.1,exact_mw,0a198d80e37665dd6f23c481ef1c601566b502223b7ce5d7a38dc87c0be91af9,"{""distance"":7,""physical_error_rate"":0.005}","{""detection_events"":64251,""detectors_checked"":2653616,""obs_mistake_mask=E"":4}"
      5744,         5,         0,   120.0,exact_mw,0a198d80e37665dd6f23c481ef1c601566b502223b7ce5d7a38dc87c0be91af9,"{""distance"":7,""physical_error_rate"":0.005}","{""detection_events"":82796,""detectors_checked"":3457888,""obs_mistake_mask=E"":5}"
     25600,         4,         0,   120.3,exact_mw,ca91ffa42463e210e189f165a9a4cbcfd1773a75ca815ff24a9009c31e62d8d0,"{""distance"":7,""physical_error_rate"":0.002}","{""detection_events"":149227,""detectors_checked"":15411200,""obs_mistake_mask=E"":4}"
     25344,         6,         0,   120.2,exact_mw,ca91ffa42463e210e189f165a9a4cbcfd1773a75ca815ff24a9009c31e62d8d0,"{""distance"":7,""physical_error_rate"":0.002}","{""detection_events"":148282,""detectors_checked"":15257088,""obs_mistake_mask=E"":6}"
      8288,        12,         0,   120.4,exact_mw,0a198d80e37665dd6f23c481ef1c601566b502223b7ce5d7a38dc87c0be91af9,"{""distance"":7,""physical_error_rate"":0.005}","{""detection_events"":119267,""detectors_checked"":4989376,""obs_mistake_mask=E"":12}"
    135168,         4,         0,   120.2,exact_mw,7acd59d404317421b37957afea3f5c66f33c9ef46579a47fd7c0ca3dd0dfc735,"{""distance"":7,""physical_error_rate"":0.001}","{""detection_events"":397810,""detectors_checked"":81371136,""obs_mistake_mask=E"":4}"
      4620,         4,         0,   120.2,exact_mw,0a198d80e37665dd6f23c481ef1c601566b502223b7ce5d7a38dc87c0be91af9,"{""distance"":7,""physical_error_rate"":0.005}","{""detection_events"":66570,""detectors_checked"":2781240,""obs_mistake_mask=E"":4}"
    118784,         0,         0,   120.3,exact_mw,7acd59d404317421b37957afea3f5c66f33c9ef46579a47fd7c0ca3dd0dfc735,"{""distance"":7,""physical_error_rate"":0.001}","{""detection_events"":348570,""detectors_checked"":71507968}"
     99072,         3,         0,   120.4,exact_mw,7acd59d404317421b37957afea3f5c66f33c9ef46579a47fd7c0ca3dd0dfc735,"{""distance"":7,""physical_error_rate"":0.001}","{""detection_events"":293425,""detectors_checked"":59641344,""obs_mistake_mask=E"":3}"
    112128,         1,         0,   120.2,exact_mw,7acd59d404317421b37957afea3f5c66f33c9ef46579a47fd7c0ca3dd0dfc735,"{""distance"":7,""physical_error_rate"":0.001}","{""detection_events"":330820,""detectors_checked"":67501056,""obs_mistake_mask=E"":1}"
     23744,         4,         0,   120.1,exact_mw,ca91ffa42463e210e189f165a9a4cbcfd1773a75ca815ff24a9009c31e62d8d0,"{""distance"":7,""physical_error_rate"":0.002}","{""detection_events"":140080,""detectors_checked"":14293888,""obs_mistake_mask=E"":4}"
   4294656,         0,         0,   119.3,exact_mw,f5ed540d8b33fe7a17a96c57e6e367075413a3677864b79373445f6bf89adea1,"{""distance"":7,""physical_error_rate"":0.0002}","{""detection_events"":2540696,""detectors_checked"":2585382912}"
   7868416,         1,         0,   119.2,exact_mw,d5491e2f66b0c830b41b0168451c8818c583b15508c9bf9282dc8e7a6cb6bd3f,"{""distance"":7,""physical_error_rate"":0.0001}","{""detection_events"":2336173,""detectors_checked"":4736786432,""obs_mistake_mask=E"":1}"
   7215104,         0,         0,   119.0,exact_mw,d5491e2f66b0c830b41b0168451c8818c583b15508c9bf9282dc8e7a6cb6bd3f,"{""distance"":7,""physical_error_rate"":0.0001}","{""detection_events"":2141743,""detectors_checked"":4343492608}"
   9117696,         1,         0,   119.2,exact_mw,f7d5d61828a7d0145c65811496ba49aa9633daaed59c6883f51143c3b878094e,"{""distance"":7,""physical_error_rate"":5e-05}","{""detection_events"":1357311,""detectors_checked"":5488852992,""obs_mistake_mask=E"":1}"
    439296,         1,         0,   120.0,exact_mw,c34bb01325b9980f7caca1807bd93e7e28846c82b8c0538af034740e6e7d5106,"{""distance"":7,""physical_error_rate"":0.0005}","{""detection_events"":650560,""detectors_checked"":264456192,""obs_mistake_mask=E"":1}"
   4730880,         2,         0,   119.3,exact_mw,f5ed540d8b33fe7a17a96c57e6e367075413a3677864b79373445f6bf89adea1,"{""distance"":7,""physical_error_rate"":0.0002}","{""detection_events"":2808469,""detectors_checked"":2847989760,""obs_mistake_mask=E"":2}"
    727040,         0,         0,   120.1,exact_mw,c34bb01325b9980f7caca1807bd93e7e28846c82b8c0538af034740e6e7d5106,"{""distance"":7,""physical_error_rate"":0.0005}","{""detection_events"":1076876,""detectors_checked"":437678080}"
   5951488,         0,         0,   119.1,exact_mw,f7d5d61828a7d0145c65811496ba49aa9633daaed59c6883f51143c3b878094e,"{""distance"":7,""physical_error_rate"":5e-05}","{""detection_events"":885206,""detectors_checked"":3582795776}"
   4007936,         1,         0,   119.1,exact_mw,f5ed540d8b33fe7a17a96c57e6e367075413a3677864b79373445f6bf89adea1,"{""distance"":7,""physical_error_rate"":0.0002}","{""detection_events"":2378251,""detectors_checked"":2412777472,""obs_mistake_mask=E"":1}"
   7117824,         0,         0,   119.1,exact_mw,f7d5d61828a7d0145c65811496ba49aa9633daaed59c6883f51143c3b878094e,"{""distance"":7,""physical_error_rate"":5e-05}","{""detection_events"":1056261,""detectors_checked"":4284930048}"
    103808,         0,         0,   120.2,exact_mw,7acd59d404317421b37957afea3f5c66f33c9ef46579a47fd7c0ca3dd0dfc735,"{""distance"":7,""physical_error_rate"":0.001}","{""detection_events"":305056,""detectors_checked"":62492416}"
     25152,         4,         0,   120.4,exact_mw,ca91ffa42463e210e189f165a9a4cbcfd1773a75ca815ff24a9009c31e62d8d0,"{""distance"":7,""physical_error_rate"":0.002}","{""detection_events"":147570,""detectors_checked"":15141504,""obs_mistake_mask=E"":4}"
    123392,         1,         0,   120.1,exact_mw,7acd59d404317421b37957afea3f5c66f33c9ef46579a47fd7c0ca3dd0dfc735,"{""distance"":7,""physical_error_rate"":0.001}","{""detection_events"":362985,""detectors_checked"":74281984,""obs_mistake_mask=E"":1}"
      5536,         9,         0,   120.0,exact_mw,0a198d80e37665dd6f23c481ef1c601566b502223b7ce5d7a38dc87c0be91af9,"{""distance"":7,""physical_error_rate"":0.005}","{""detection_events"":79320,""detectors_checked"":3332672,""obs_mistake_mask=E"":9}"
      5512,         8,         0,   120.3,exact_mw,0a198d80e37665dd6f23c481ef1c601566b502223b7ce5d7a38dc87c0be91af9,"{""distance"":7,""physical_error_rate"":0.005}","{""detection_events"":79958,""detectors_checked"":3318224,""obs_mistake_mask=E"":8}"
     22368,         3,         0,   120.1,exact_mw,ca91ffa42463e210e189f165a9a4cbcfd1773a75ca815ff24a9009c31e62d8d0,"{""distance"":7,""physical_error_rate"":0.002}","{""detection_events"":129571,""detectors_checked"":13465536,""obs_mistake_mask=E"":3}"
      3664,         5,         0,   120.5,exact_mw,0a198d80e37665dd6f23c481ef1c601566b502223b7ce5d7a38dc87c0be91af9,"{""distance"":7,""physical_error_rate"":0.005}","{""detection_events"":51908,""detectors_checked"":2205728,""obs_mistake_mask=E"":5}"
    748544,         4,         0,   119.8,exact_mw,c34bb01325b9980f7caca1807bd93e7e28846c82b8c0538af034740e6e7d5106,"{""distance"":7,""physical_error_rate"":0.0005}","{""detection_events"":1108912,""detectors_checked"":450623488,""obs_mistake_mask=E"":4}"
   6136832,         0,         0,   119.1,exact_mw,d5491e2f66b0c830b41b0168451c8818c583b15508c9bf9282dc8e7a6cb6bd3f,"{""distance"":7,""physical_error_rate"":0.0001}","{""detection_events"":1823939,""detectors_checked"":3694372864}"
      6496,         9,         0,   120.1,exact_mw,0a198d80e37665dd6f23c481ef1c601566b502223b7ce5d7a38dc87c0be91af9,"{""distance"":7,""physical_error_rate"":0.005}","{""detection_events"":93574,""detectors_checked"":3910592,""obs_mistake_mask=E"":9}"
    127488,         1,         0,   119.9,exact_mw,7acd59d404317421b37957afea3f5c66f33c9ef46579a47fd7c0ca3dd0dfc735,"{""distance"":7,""physical_error_rate"":0.001}","{""detection_events"":375100,""detectors_checked"":76747776,""obs_mistake_mask=E"":1}"
     29312,         4,         0,   120.6,exact_mw,ca91ffa42463e210e189f165a9a4cbcfd1773a75ca815ff24a9009c31e62d8d0,"{""distance"":7,""physical_error_rate"":0.002}","{""detection_events"":171320,""detectors_checked"":17645824,""obs_mistake_mask=E"":4}"
   7457792,         1,         0,   119.0,exact_mw,f7d5d61828a7d0145c65811496ba49aa9633daaed59c6883f51143c3b878094e,"{""distance"":7,""physical_error_rate"":5e-05}","{""detection_events"":1107299,""detectors_checked"":4489590784,""obs_mistake_mask=E"":1}"
   7741440,         0,         0,   119.1,exact_mw,d5491e2f66b0c830b41b0168451c8818c583b15508c9bf9282dc8e7a6cb6bd3f,"{""distance"":7,""physical_error_rate"":0.0001}","{""detection_events"":2294739,""detectors_checked"":4660346880}"
   4742144,         0,         0,   119.4,exact_mw,f5ed540d8b33fe7a17a96c57e6e367075413a3677864b79373445f6bf89adea1,"{""distance"":7,""physical_error_rate"":0.0002}","{""detection_events"":2815277,""detectors_checked"":2854770688}"
    744448,         3,         0,   120.0,exact_mw,c34bb01325b9980f7caca1807bd93e7e28846c82b8c0538af034740e6e7d5106,"{""distance"":7,""physical_error_rate"":0.0005}","{""detection_events"":1101122,""detectors_checked"":448157696,""obs_mistake_mask=E"":3}"
    106368,         2,         0,   120.3,exact_mw,7acd59d404317421b37957afea3f5c66f33c9ef46579a47fd7c0ca3dd0dfc735,"{""distance"":7,""physical_error_rate"":0.001}","{""detection_events"":313175,""detectors_checked"":64033536,""obs_mistake_mask=E"":2}"
      6520,         7,         0,   120.0,exact_mw,0a198d80e37665dd6f23c481ef1c601566b502223b7ce5d7a38dc87c0be91af9,"{""distance"":7,""physical_error_rate"":0.005}","{""detection_events"":93564,""detectors_checked"":3925040,""obs_mistake_mask=E"":7}"
   5325824,         0,         0,   119.3,exact_mw,f5ed540d8b33fe7a17a96c57e6e367075413a3677864b79373445f6bf89adea1,"{""distance"":7,""physical_error_rate"":0.0002}","{""detection_events"":3154416,""detectors_checked"":3206146048}"
   3016704,         0,         0,   119.0,exact_mw,d5491e2f66b0c830b41b0168451c8818c583b15508c9bf9282dc8e7a6cb6bd3f,"{""distance"":7,""physical_error_rate"":0.0001}","{""detection_events"":894164,""detectors_checked"":1816055808}"
   8816640,         0,         0,   119.2,exact_mw,d5491e2f66b0c830b41b0168451c8818c583b15508c9bf9282dc8e7a6cb6bd3f,"{""distance"":7,""physical_error_rate"":0.0001}","{""detection_events"":2614034,""detectors_checked"":5307617280}"
   6600704,         0,         0,   119.0,exact_mw,d5491e2f66b0c830b41b0168451c8818c583b15508c9bf9282dc8e7a6cb6bd3f,"{""distance"":7,""physical_error_rate"":0.0001}","{""detection_events"":1954880,""detectors_checked"":3973623808}"
   6712320,         0,         0,   119.0,exact_mw,f7d5d61828a7d0145c65811496ba49aa9633daaed59c6883f51143c3b878094e,"{""distance"":7,""physical_error_rate"":5e-05}","{""detection_events"":998274,""detectors_checked"":4040816640}"
     24032,         1,         0,   120.2,exact_mw,ca91ffa42463e210e189f165a9a4cbcfd1773a75ca815ff24a9009c31e62d8d0,"{""distance"":7,""physical_error_rate"":0.002}","{""detection_events"":141789,""detectors_checked"":14467264,""obs_mistake_mask=E"":1}"
   4542464,         1,         0,   119.3,exact_mw,f5ed540d8b33fe7a17a96c57e6e367075413a3677864b79373445f6bf89adea1,"{""distance"":7,""physical_error_rate"":0.0002}","{""detection_events"":2695132,""detectors_checked"":2734563328,""obs_mistake_mask=E"":1}"
   2693120,         3,         0,   119.3,exact_mw,f5ed540d8b33fe7a17a96c57e6e367075413a3677864b79373445f6bf89adea1,"{""distance"":7,""physical_error_rate"":0.0002}","{""detection_events"":1600627,""detectors_checked"":1621258240,""obs_mistake_mask=E"":3}"
   4127744,         2,         0,   119.2,exact_mw,f5ed540d8b33fe7a17a96c57e6e367075413a3677864b79373445f6bf89adea1,"{""distance"":7,""physical_error_rate"":0.0002}","{""detection_events"":2450047,""detectors_checked"":2484901888,""obs_mistake_mask=E"":2}"
   6667264,         0,         0,   119.0,exact_mw,f7d5d61828a7d0145c65811496ba49aa9633daaed59c6883f51143c3b878094e,"{""distance"":7,""physical_error_rate"":5e-05}","{""detection_events"":989791,""detectors_checked"":4013692928}"
   6375424,         1,         0,   119.2,exact_mw,f7d5d61828a7d0145c65811496ba49aa9633daaed59c6883f51143c3b878094e,"{""distance"":7,""physical_error_rate"":5e-05}","{""detection_events"":945100,""detectors_checked"":3838005248,""obs_mistake_mask=E"":1}"
   7287808,         0,         0,   118.8,exact_mw,f7d5d61828a7d0145c65811496ba49aa9633daaed59c6883f51143c3b878094e,"{""distance"":7,""physical_error_rate"":5e-05}","{""detection_events"":1079393,""detectors_checked"":4387260416}"
    753664,         2,         0,   119.8,exact_mw,c34bb01325b9980f7caca1807bd93e7e28846c82b8c0538af034740e6e7d5106,"{""distance"":7,""physical_error_rate"":0.0005}","{""detection_events"":1112386,""detectors_checked"":453705728,""obs_mistake_mask=E"":2}"
   8791040,         0,         0,   119.0,exact_mw,f7d5d61828a7d0145c65811496ba49aa9633daaed59c6883f51143c3b878094e,"{""distance"":7,""physical_error_rate"":5e-05}","{""detection_events"":1305304,""detectors_checked"":5292206080}"
    128000,         6,         0,   120.5,exact_mw,7acd59d404317421b37957afea3f5c66f33c9ef46579a47fd7c0ca3dd0dfc735,"{""distance"":7,""physical_error_rate"":0.001}","{""detection_events"":377621,""detectors_checked"":77056000,""obs_mistake_mask=E"":6}"
   2461696,         0,         0,   119.3,exact_mw,f5ed540d8b33fe7a17a96c57e6e367075413a3677864b79373445f6bf89adea1,"{""distance"":7,""physical_error_rate"":0.0002}","{""detection_events"":1459449,""detectors_checked"":1481940992}"
   5678080,         0,         0,   119.0,exact_mw,d5491e2f66b0c830b41b0168451c8818c583b15508c9bf9282dc8e7a6cb6bd3f,"{""distance"":7,""physical_error_rate"":0.0001}","{""detection_events"":1684699,""detectors_checked"":3418204160}"
   7031808,         0,         0,   119.1,exact_mw,d5491e2f66b0c830b41b0168451c8818c583b15508c9bf9282dc8e7a6cb6bd3f,"{""distance"":7,""physical_error_rate"":0.0001}","{""detection_events"":2081883,""detectors_checked"":4233148416}"
    687104,         2,         0,   119.9,exact_mw,c34bb01325b9980f7caca1807bd93e7e28846c82b8c0538af034740e6e7d5106,"{""distance"":7,""physical_error_rate"":0.0005}","{""detection_events"":1014273,""detectors_checked"":413636608,""obs_mistake_mask=E"":2}"
     23936,         4,         0,   120.7,exact_mw,ca91ffa42463e210e189f165a9a4cbcfd1773a75ca815ff24a9009c31e62d8d0,"{""distance"":7,""physical_error_rate"":0.002}","{""detection_events"":140438,""detectors_checked"":14409472,""obs_mistake_mask=E"":4}"
    574464,         1,         0,   119.9,exact_mw,c34bb01325b9980f7caca1807bd93e7e28846c82b8c0538af034740e6e7d5106,"{""distance"":7,""physical_error_rate"":0.0005}","{""detection_events"":848343,""detectors_checked"":345827328,""obs_mistake_mask=E"":1}"
    622592,         1,         0,   119.9,exact_mw,c34bb01325b9980f7caca1807bd93e7e28846c82b8c0538af034740e6e7d5106,"{""distance"":7,""physical_error_rate"":0.0005}","{""detection_events"":918127,""detectors_checked"":374800384,""obs_mistake_mask=E"":1}"
      6528,        14,         0,   120.3,exact_mw,0a198d80e37665dd6f23c481ef1c601566b502223b7ce5d7a38dc87c0be91af9,"{""distance"":7,""physical_error_rate"":0.005}","{""detection_events"":94035,""detectors_checked"":3929856,""obs_mistake_mask=E"":14}"
    563200,         4,         0,   120.2,exact_mw,c34bb01325b9980f7caca1807bd93e7e28846c82b8c0538af034740e6e7d5106,"{""distance"":7,""physical_error_rate"":0.0005}","{""detection_events"":832809,""detectors_checked"":339046400,""obs_mistake_mask=E"":4}"
     27648,         1,         0,   120.9,exact_mw,ca91ffa42463e210e189f165a9a4cbcfd1773a75ca815ff24a9009c31e62d8d0,"{""distance"":7,""physical_error_rate"":0.002}","{""detection_events"":161631,""detectors_checked"":16644096,""obs_mistake_mask=E"":1}"
     19168,         2,         0,   120.2,exact_mw,ca91ffa42463e210e189f165a9a4cbcfd1773a75ca815ff24a9009c31e62d8d0,"{""distance"":7,""physical_error_rate"":0.002}","{""detection_events"":112793,""detectors_checked"":11539136,""obs_mistake_mask=E"":2}"
      6976,        13,         0,   120.7,exact_mw,0a198d80e37665dd6f23c481ef1c601566b502223b7ce5d7a38dc87c0be91af9,"{""distance"":7,""physical_error_rate"":0.005}","{""detection_events"":99459,""detectors_checked"":4199552,""obs_mistake_mask=E"":13}"
      4904,         6,         0,   121.6,exact_mw,0a198d80e37665dd6f23c481ef1c601566b502223b7ce5d7a38dc87c0be91af9,"{""distance"":7,""physical_error_rate"":0.005}","{""detection_events"":69455,""detectors_checked"":2952208,""obs_mistake_mask=E"":6}"
     21024,         3,         0,   120.3,exact_mw,ca91ffa42463e210e189f165a9a4cbcfd1773a75ca815ff24a9009c31e62d8d0,"{""distance"":7,""physical_error_rate"":0.002}","{""detection_events"":123607,""detectors_checked"":12656448,""obs_mistake_mask=E"":3}"
      7616,         4,         0,   120.0,exact_mw,0a198d80e37665dd6f23c481ef1c601566b502223b7ce5d7a38dc87c0be91af9,"{""distance"":7,""physical_error_rate"":0.005}","{""detection_events"":108839,""detectors_checked"":4584832,""obs_mistake_mask=E"":4}"
      6656,         8,         0,   120.0,exact_mw,0a198d80e37665dd6f23c481ef1c601566b502223b7ce5d7a38dc87c0be91af9,"{""distance"":7,""physical_error_rate"":0.005}","{""detection_events"":94319,""detectors_checked"":4006912,""obs_mistake_mask=E"":8}"
    116736,         3,         0,   120.5,exact_mw,7acd59d404317421b37957afea3f5c66f33c9ef46579a47fd7c0ca3dd0dfc735,"{""distance"":7,""physical_error_rate"":0.001}","{""detection_events"":343334,""detectors_checked"":70275072,""obs_mistake_mask=E"":3}"
    118272,         3,         0,   120.6,exact_mw,7acd59d404317421b37957afea3f5c66f33c9ef46579a47fd7c0ca3dd0dfc735,"{""distance"":7,""physical_error_rate"":0.001}","{""detection_events"":347189,""detectors_checked"":71199744,""obs_mistake_mask=E"":3}"
    107264,         2,         0,   121.5,exact_mw,7acd59d404317421b37957afea3f5c66f33c9ef46579a47fd7c0ca3dd0dfc735,"{""distance"":7,""physical_error_rate"":0.001}","{""detection_events"":314571,""detectors_checked"":64572928,""obs_mistake_mask=E"":2}"
    112384,         1,         0,   120.6,exact_mw,7acd59d404317421b37957afea3f5c66f33c9ef46579a47fd7c0ca3dd0dfc735,"{""distance"":7,""physical_error_rate"":0.001}","{""detection_events"":332867,""detectors_checked"":67655168,""obs_mistake_mask=E"":1}"
     17472,         5,         0,   120.5,exact_mw,ca91ffa42463e210e189f165a9a4cbcfd1773a75ca815ff24a9009c31e62d8d0,"{""distance"":7,""physical_error_rate"":0.002}","{""detection_events"":101715,""detectors_checked"":10518144,""obs_mistake_mask=E"":5}"
   3831808,         1,         0,   119.2,exact_mw,f5ed540d8b33fe7a17a96c57e6e367075413a3677864b79373445f6bf89adea1,"{""distance"":7,""physical_error_rate"":0.0002}","{""detection_events"":2272316,""detectors_checked"":2306748416,""obs_mistake_mask=E"":1}"
   7734272,         1,         0,   119.1,exact_mw,d5491e2f66b0c830b41b0168451c8818c583b15508c9bf9282dc8e7a6cb6bd3f,"{""distance"":7,""physical_error_rate"":0.0001}","{""detection_events"":2298726,""detectors_checked"":4656031744,""obs_mistake_mask=E"":1}"
   6883328,         1,         0,   118.9,exact_mw,d5491e2f66b0c830b41b0168451c8818c583b15508c9bf9282dc8e7a6cb6bd3f,"{""distance"":7,""physical_error_rate"":0.0001}","{""detection_events"":2040031,""detectors_checked"":4143763456,""obs_mistake_mask=E"":1}"
   8373248,         0,         0,   119.1,exact_mw,f7d5d61828a7d0145c65811496ba49aa9633daaed59c6883f51143c3b878094e,"{""distance"":7,""physical_error_rate"":5e-05}","{""detection_events"":1244058,""detectors_checked"":5040695296}"
    460800,         1,         0,   119.9,exact_mw,c34bb01325b9980f7caca1807bd93e7e28846c82b8c0538af034740e6e7d5106,"{""distance"":7,""physical_error_rate"":0.0005}","{""detection_events"":682882,""detectors_checked"":277401600,""obs_mistake_mask=E"":1}"
   3928064,         2,         0,   119.4,exact_mw,f5ed540d8b33fe7a17a96c57e6e367075413a3677864b79373445f6bf89adea1,"{""distance"":7,""physical_error_rate"":0.0002}","{""detection_events"":2334068,""detectors_checked"":2364694528,""obs_mistake_mask=E"":2}"
    681984,         2,         0,   119.9,exact_mw,c34bb01325b9980f7caca1807bd93e7e28846c82b8c0538af034740e6e7d5106,"{""distance"":7,""physical_error_rate"":0.0005}","{""detection_events"":1011325,""detectors_checked"":410554368,""obs_mistake_mask=E"":2}"
   4665344,         0,         0,   118.9,exact_mw,f7d5d61828a7d0145c65811496ba49aa9633daaed59c6883f51143c3b878094e,"{""distance"":7,""physical_error_rate"":5e-05}","{""detection_events"":691830,""detectors_checked"":2808537088}"
   4833280,         1,         0,   119.5,exact_mw,f5ed540d8b33fe7a17a96c57e6e367075413a3677864b79373445f6bf89adea1,"{""distance"":7,""physical_error_rate"":0.0002}","{""detection_events"":2862751,""detectors_checked"":2909634560,""obs_mistake_mask=E"":1}"
   4868096,         0,         0,   119.1,exact_mw,f7d5d61828a7d0145c65811496ba49aa9633daaed59c6883f51143c3b878094e,"{""distance"":7,""physical_error_rate"":5e-05}","{""detection_events"":722708,""detectors_checked"":2930593792}"
     94080,         4,         0,   120.0,exact_mw,7acd59d404317421b37957afea3f5c66f33c9ef46579a47fd7c0ca3dd0dfc735,"{""distance"":7,""physical_error_rate"":0.001}","{""detection_events"":276397,""detectors_checked"":56636160,""obs_mistake_mask=E"":4}"
     20032,         0,         0,   120.3,exact_mw,ca91ffa42463e210e189f165a9a4cbcfd1773a75ca815ff24a9009c31e62d8d0,"{""distance"":7,""physical_error_rate"":0.002}","{""detection_events"":117837,""detectors_checked"":12059264}"
    132096,         5,         0,   120.0,exact_mw,7acd59d404317421b37957afea3f5c66f33c9ef46579a47fd7c0ca3dd0dfc735,"{""distance"":7,""physical_error_rate"":0.001}","{""detection_events"":389957,""detectors_checked"":79521792,""obs_mistake_mask=E"":5}"
      6944,         7,         0,   120.8,exact_mw,0a198d80e37665dd6f23c481ef1c601566b502223b7ce5d7a38dc87c0be91af9,"{""distance"":7,""physical_error_rate"":0.005}","{""detection_events"":99732,""detectors_checked"":4180288,""obs_mistake_mask=E"":7}"
      6720,        17,         0,   120.1,exact_mw,0a198d80e37665dd6f23c481ef1c601566b502223b7ce5d7a38dc87c0be91af9,"{""distance"":7,""physical_error_rate"":0.005}","{""detection_events"":96493,""detectors_checked"":4045440,""obs_mistake_mask=E"":17}"
     22688,         3,         0,   120.5,exact_mw,ca91ffa42463e210e189f165a9a4cbcfd1773a75ca815ff24a9009c31e62d8d0,"{""distance"":7,""physical_error_rate"":0.002}","{""detection_events"":132489,""detectors_checked"":13658176,""obs_mistake_mask=E"":3}"
      6320,        10,         0,   120.3,exact_mw,0a198d80e37665dd6f23c481ef1c601566b502223b7ce5d7a38dc87c0be91af9,"{""distance"":7,""physical_error_rate"":0.005}","{""detection_events"":90830,""detectors_checked"":3804640,""obs_mistake_mask=E"":10}"
    708608,         0,         0,   120.0,exact_mw,c34bb01325b9980f7caca1807bd93e7e28846c82b8c0538af034740e6e7d5106,"{""distance"":7,""physical_error_rate"":0.0005}","{""detection_events"":1045824,""detectors_checked"":426582016}"
   6264832,         0,         0,   119.2,exact_mw,d5491e2f66b0c830b41b0168451c8818c583b15508c9bf9282dc8e7a6cb6bd3f,"{""distance"":7,""physical_error_rate"":0.0001}","{""detection_events"":1855280,""detectors_checked"":3771428864}"
      6496,         8,         0,   120.3,exact_mw,0a198d80e37665dd6f23c481ef1c601566b502223b7ce5d7a38dc87c0be91af9,"{""distance"":7,""physical_error_rate"":0.005}","{""detection_events"":93168,""detectors_checked"":3910592,""obs_mistake_mask=E"":8}"
    129024,         2,         0,   120.1,exact_mw,7acd59d404317421b37957afea3f5c66f33c9ef46579a47fd7c0ca3dd0dfc735,"{""distance"":7,""physical_error_rate"":0.001}","{""detection_events"":380447,""detectors_checked"":77672448,""obs_mistake_mask=E"":2}"
     25344,         3,         0,   120.4,exact_mw,ca91ffa42463e210e189f165a9a4cbcfd1773a75ca815ff24a9009c31e62d8d0,"{""distance"":7,""physical_error_rate"":0.002}","{""detection_events"":148630,""detectors_checked"":15257088,""obs_mistake_mask=E"":3}"
   7691264,         1,         0,   119.0,exact_mw,f7d5d61828a7d0145c65811496ba49aa9633daaed59c6883f51143c3b878094e,"{""distance"":7,""physical_error_rate"":5e-05}","{""detection_events"":1143742,""detectors_checked"":4630140928,""obs_mistake_mask=E"":1}"
   7493632,         0,         0,   119.1,exact_mw,d5491e2f66b0c830b41b0168451c8818c583b15508c9bf9282dc8e7a6cb6bd3f,"{""distance"":7,""physical_error_rate"":0.0001}","{""detection_events"":2226834,""detectors_checked"":4511166464}"
   4306944,         1,         0,   119.4,exact_mw,f5ed540d8b33fe7a17a96c57e6e367075413a3677864b79373445f6bf89adea1,"{""distance"":7,""physical_error_rate"":0.0002}","{""detection_events"":2551285,""detectors_checked"":2592780288,""obs_mistake_mask=E"":1}"
    648192,         2,         0,   119.9,exact_mw,c34bb01325b9980f7caca1807bd93e7e28846c82b8c0538af034740e6e7d5106,"{""distance"":7,""physical_error_rate"":0.0005}","{""detection_events"":958992,""detectors_checked"":390211584,""obs_mistake_mask=E"":2}"
    100096,         2,         0,   120.4,exact_mw,7acd59d404317421b37957afea3f5c66f33c9ef46579a47fd7c0ca3dd0dfc735,"{""distance"":7,""physical_error_rate"":0.001}","{""detection_events"":294376,""detectors_checked"":60257792,""obs_mistake_mask=E"":2}"
      5152,         9,         0,   120.4,exact_mw,0a198d80e37665dd6f23c481ef1c601566b502223b7ce5d7a38dc87c0be91af9,"{""distance"":7,""physical_error_rate"":0.005}","{""detection_events"":73693,""detectors_checked"":3101504,""obs_mistake_mask=E"":9}"
   5517312,         1,         0,   119.4,exact_mw,f5ed540d8b33fe7a17a96c57e6e367075413a3677864b79373445f6bf89adea1,"{""distance"":7,""physical_error_rate"":0.0002}","{""detection_events"":3275523,""detectors_checked"":3321421824,""obs_mistake_mask=E"":1}"
   3221504,         0,         0,   119.0,exact_mw,d5491e2f66b0c830b41b0168451c8818c583b15508c9bf9282dc8e7a6cb6bd3f,"{""distance"":7,""physical_error_rate"":0.0001}","{""detection_events"":957144,""detectors_checked"":1939345408}"
   9197568,         0,         0,   119.2,exact_mw,d5491e2f66b0c830b41b0168451c8818c583b15508c9bf9282dc8e7a6cb6bd3f,"{""distance"":7,""physical_error_rate"":0.0001}","{""detection_events"":2727677,""detectors_checked"":5536935936}"
   6699008,         0,         0,   119.1,exact_mw,d5491e2f66b0c830b41b0168451c8818c583b15508c9bf9282dc8e7a6cb6bd3f,"{""distance"":7,""physical_error_rate"":0.0001}","{""detection_events"":1988808,""detectors_checked"":4032802816}"
   7462912,         0,         0,   119.1,exact_mw,f7d5d61828a7d0145c65811496ba49aa9633daaed59c6883f51143c3b878094e,"{""distance"":7,""physical_error_rate"":5e-05}","{""detection_events"":1107930,""detectors_checked"":4492673024}"
   4281344,         1,         0,   119.3,exact_mw,f5ed540d8b33fe7a17a96c57e6e367075413a3677864b79373445f6bf89adea1,"{""distance"":7,""physical_error_rate"":0.0002}","{""detection_events"":2540309,""detectors_checked"":2577369088,""obs_mistake_mask=E"":1}"
     25408,         3,         0,   120.7,exact_mw,ca91ffa42463e210e189f165a9a4cbcfd1773a75ca815ff24a9009c31e62d8d0,"{""distance"":7,""physical_error_rate"":0.002}","{""detection_events"":148400,""detectors_checked"":15295616,""obs_mistake_mask=E"":3}"
   4242432,         3,         0,   119.4,exact_mw,f5ed540d8b33fe7a17a96c57e6e367075413a3677864b79373445f6bf89adea1,"{""distance"":7,""physical_error_rate"":0.0002}","{""detection_events"":2511898,""detectors_checked"":2553944064,""obs_mistake_mask=E"":3}"
   4005888,         4,         0,   119.4,exact_mw,f5ed540d8b33fe7a17a96c57e6e367075413a3677864b79373445f6bf89adea1,"{""distance"":7,""physical_error_rate"":0.0002}","{""detection_events"":2375383,""detectors_checked"":2411544576,""obs_mistake_mask=E"":4}"
   7754752,         0,         0,   119.1,exact_mw,f7d5d61828a7d0145c65811496ba49aa9633daaed59c6883f51143c3b878094e,"{""distance"":7,""physical_error_rate"":5e-05}","{""detection_events"":1152666,""detectors_checked"":4668360704}"
   6049792,         0,         0,   118.9,exact_mw,f7d5d61828a7d0145c65811496ba49aa9633daaed59c6883f51143c3b878094e,"{""distance"":7,""physical_error_rate"":5e-05}","{""detection_events"":898149,""detectors_checked"":3641974784}"
   7962624,         0,         0,   119.0,exact_mw,f7d5d61828a7d0145c65811496ba49aa9633daaed59c6883f51143c3b878094e,"{""distance"":7,""physical_error_rate"":5e-05}","{""detection_events"":1178705,""detectors_checked"":4793499648}"
    750592,         2,         0,   119.9,exact_mw,c34bb01325b9980f7caca1807bd93e7e28846c82b8c0538af034740e6e7d5106,"{""distance"":7,""physical_error_rate"":0.0005}","{""detection_events"":1108721,""detectors_checked"":451856384,""obs_mistake_mask=E"":2}"
   8104960,         0,         0,   119.0,exact_mw,f7d5d61828a7d0145c65811496ba49aa9633daaed59c6883f51143c3b878094e,"{""distance"":7,""physical_error_rate"":5e-05}","{""detection_events"":1200439,""detectors_checked"":4879185920}"
   4103168,         1,         0,   119.1,exact_mw,f5ed540d8b33fe7a17a96c57e6e367075413a3677864b79373445f6bf89adea1,"{""distance"":7,""physical_error_rate"":0.0002}","{""detection_events"":2431970,""detectors_checked"":2470107136,""obs_mistake_mask=E"":1}"
    147968,         0,         0,   120.6,exact_mw,7acd59d404317421b37957afea3f5c66f33c9ef46579a47fd7c0ca3dd0dfc735,"{""distance"":7,""physical_error_rate"":0.001}","{""detection_events"":437164,""detectors_checked"":89076736}"
   7373824,         1,         0,   119.2,exact_mw,d5491e2f66b0c830b41b0168451c8818c583b15508c9bf9282dc8e7a6cb6bd3f,"{""distance"":7,""physical_error_rate"":0.0001}","{""detection_events"":2189306,""detectors_checked"":4439042048,""obs_mistake_mask=E"":1}"
   6609920,         0,         0,   119.0,exact_mw,d5491e2f66b0c830b41b0168451c8818c583b15508c9bf9282dc8e7a6cb6bd3f,"{""distance"":7,""physical_error_rate"":0.0001}","{""detection_events"":1958839,""detectors_checked"":3979171840}"
    587776,         2,         0,   120.2,exact_mw,c34bb01325b9980f7caca1807bd93e7e28846c82b8c0538af034740e6e7d5106,"{""distance"":7,""physical_error_rate"":0.0005}","{""detection_events"":871733,""detectors_checked"":353841152,""obs_mistake_mask=E"":2}"
     25344,         5,         0,   120.6,exact_mw,ca91ffa42463e210e189f165a9a4cbcfd1773a75ca815ff24a9009c31e62d8d0,"{""distance"":7,""physical_error_rate"":0.002}","{""detection_events"":149278,""detectors_checked"":15257088,""obs_mistake_mask=E"":5}"
    633856,         0,         0,   120.0,exact_mw,c34bb01325b9980f7caca1807bd93e7e28846c82b8c0538af034740e6e7d5106,"{""distance"":7,""physical_error_rate"":0.0005}","{""detection_events"":939333,""detectors_checked"":381581312}"
    618496,         3,         0,   120.0,exact_mw,c34bb01325b9980f7caca1807bd93e7e28846c82b8c0538af034740e6e7d5106,"{""distance"":7,""physical_error_rate"":0.0005}","{""detection_events"":915231,""detectors_checked"":372334592,""obs_mistake_mask=E"":3}"
      6656,        13,         0,   120.4,exact_mw,0a198d80e37665dd6f23c481ef1c601566b502223b7ce5d7a38dc87c0be91af9,"{""distance"":7,""physical_error_rate"":0.005}","{""detection_events"":95616,""detectors_checked"":4006912,""obs_mistake_mask=E"":13}"
    602112,         1,         0,   120.0,exact_mw,c34bb01325b9980f7caca1807bd93e7e28846c82b8c0538af034740e6e7d5106,"{""distance"":7,""physical_error_rate"":0.0005}","{""detection_events"":888026,""detectors_checked"":362471424,""obs_mistake_mask=E"":1}"
     30080,         8,         0,   120.5,exact_mw,ca91ffa42463e210e189f165a9a4cbcfd1773a75ca815ff24a9009c31e62d8d0,"{""distance"":7,""physical_error_rate"":0.002}","{""detection_events"":176860,""detectors_checked"":18108160,""obs_mistake_mask=E"":8}"
     20464,         1,         0,   120.4,exact_mw,ca91ffa42463e210e189f165a9a4cbcfd1773a75ca815ff24a9009c31e62d8d0,"{""distance"":7,""physical_error_rate"":0.002}","{""detection_events"":119502,""detectors_checked"":12319328,""obs_mistake_mask=E"":1}"
      6112,         6,         0,   120.1,exact_mw,0a198d80e37665dd6f23c481ef1c601566b502223b7ce5d7a38dc87c0be91af9,"{""distance"":7,""physical_error_rate"":0.005}","{""detection_events"":88991,""detectors_checked"":3679424,""obs_mistake_mask=E"":6}"
      5072,         5,         0,   120.0,exact_mw,0a198d80e37665dd6f23c481ef1c601566b502223b7ce5d7a38dc87c0be91af9,"{""distance"":7,""physical_error_rate"":0.005}","{""detection_events"":72509,""detectors_checked"":3053344,""obs_mistake_mask=E"":5}"
     19584,         2,         0,   120.5,exact_mw,ca91ffa42463e210e189f165a9a4cbcfd1773a75ca815ff24a9009c31e62d8d0,"{""distance"":7,""physical_error_rate"":0.002}","{""detection_events"":114587,""detectors_checked"":11789568,""obs_mistake_mask=E"":2}"
      8064,        13,         0,   120.7,exact_mw,0a198d80e37665dd6f23c481ef1c601566b502223b7ce5d7a38dc87c0be91af9,"{""distance"":7,""physical_error_rate"":0.005}","{""detection_events"":115859,""detectors_checked"":4854528,""obs_mistake_mask=E"":13}"
      5984,        14,         0,   120.6,exact_mw,0a198d80e37665dd6f23c481ef1c601566b502223b7ce5d7a38dc87c0be91af9,"{""distance"":7,""physical_error_rate"":0.005}","{""detection_events"":85870,""detectors_checked"":3602368,""obs_mistake_mask=E"":14}"
    119296,         0,         0,   120.6,exact_mw,7acd59d404317421b37957afea3f5c66f33c9ef46579a47fd7c0ca3dd0dfc735,"{""distance"":7,""physical_error_rate"":0.001}","{""detection_events"":352132,""detectors_checked"":71816192}"
    108672,         2,         0,   120.1,exact_mw,7acd59d404317421b37957afea3f5c66f33c9ef46579a47fd7c0ca3dd0dfc735,"{""distance"":7,""physical_error_rate"":0.001}","{""detection_events"":318882,""detectors_checked"":65420544,""obs_mistake_mask=E"":2}"
     82432,         0,         0,   119.9,exact_mw,7acd59d404317421b37957afea3f5c66f33c9ef46579a47fd7c0ca3dd0dfc735,"{""distance"":7,""physical_error_rate"":0.001}","{""detection_events"":241877,""detectors_checked"":49624064}"
    114688,         2,         0,   120.2,exact_mw,7acd59d404317421b37957afea3f5c66f33c9ef46579a47fd7c0ca3dd0dfc735,"{""distance"":7,""physical_error_rate"":0.001}","{""detection_events"":338642,""detectors_checked"":69042176,""obs_mistake_mask=E"":2}"
     19328,         4,         0,   120.0,exact_mw,ca91ffa42463e210e189f165a9a4cbcfd1773a75ca815ff24a9009c31e62d8d0,"{""distance"":7,""physical_error_rate"":0.002}","{""detection_events"":112614,""detectors_checked"":11635456,""obs_mistake_mask=E"":4}"
   3743744,         2,         0,   119.3,exact_mw,f5ed540d8b33fe7a17a96c57e6e367075413a3677864b79373445f6bf89adea1,"{""distance"":7,""physical_error_rate"":0.0002}","{""detection_events"":2225281,""detectors_checked"":2253733888,""obs_mistake_mask=E"":2}"
   6803456,         1,         0,   119.1,exact_mw,d5491e2f66b0c830b41b0168451c8818c583b15508c9bf9282dc8e7a6cb6bd3f,"{""distance"":7,""physical_error_rate"":0.0001}","{""detection_events"":2021851,""detectors_checked"":4095680512,""obs_mistake_mask=E"":1}"
   6178816,         0,         0,   119.2,exact_mw,d5491e2f66b0c830b41b0168451c8818c583b15508c9bf9282dc8e7a6cb6bd3f,"{""distance"":7,""physical_error_rate"":0.0001}","{""detection_events"":1837182,""detectors_checked"":3719647232}"
   7867392,         0,         0,   119.1,exact_mw,f7d5d61828a7d0145c65811496ba49aa9633daaed59c6883f51143c3b878094e,"{""distance"":7,""physical_error_rate"":5e-05}","{""detection_events"":1167015,""detectors_checked"":4736169984}"
    609280,         5,         0,   120.0,exact_mw,c34bb01325b9980f7caca1807bd93e7e28846c82b8c0538af034740e6e7d5106,"{""distance"":7,""physical_error_rate"":0.0005}","{""detection_events"":903253,""detectors_checked"":366786560,""obs_mistake_mask=E"":5}"
   3334144,         2,         0,   119.4,exact_mw,f5ed540d8b33fe7a17a96c57e6e367075413a3677864b79373445f6bf89adea1,"{""distance"":7,""physical_error_rate"":0.0002}","{""detection_events"":1974660,""detectors_checked"":2007154688,""obs_mistake_mask=E"":2}"
    684032,         1,         0,   119.9,exact_mw,c34bb01325b9980f7caca1807bd93e7e28846c82b8c0538af034740e6e7d5106,"{""distance"":7,""physical_error_rate"":0.0005}","{""detection_events"":1011845,""detectors_checked"":411787264,""obs_mistake_mask=E"":1}"
   6944768,         0,         0,   119.0,exact_mw,f7d5d61828a7d0145c65811496ba49aa9633daaed59c6883f51143c3b878094e,"{""distance"":7,""physical_error_rate"":5e-05}","{""detection_events"":1034687,""detectors_checked"":4180750336}"
   3742720,         0,         0,   119.1,exact_mw,f5ed540d8b33fe7a17a96c57e6e367075413a3677864b79373445f6bf89adea1,"{""distance"":7,""physical_error_rate"":0.0002}","{""detection_events"":2211390,""detectors_checked"":2253117440}"
   6089728,         0,         0,   118.9,exact_mw,f7d5d61828a7d0145c65811496ba49aa9633daaed59c6883f51143c3b878094e,"{""distance"":7,""physical_error_rate"":5e-05}","{""detection_events"":906270,""detectors_checked"":3666016256}"
     98816,         3,         0,   120.2,exact_mw,7acd59d404317421b37957afea3f5c66f33c9ef46579a47fd7c0ca3dd0dfc735,"{""distance"":7,""physical_error_rate"":0.001}","{""detection_events"":292434,""detectors_checked"":59487232,""obs_mistake_mask=E"":3}"
     22016,         3,         0,   120.4,exact_mw,ca91ffa42463e210e189f165a9a4cbcfd1773a75ca815ff24a9009c31e62d8d0,"{""distance"":7,""physical_error_rate"":0.002}","{""detection_events"":128673,""detectors_checked"":13253632,""obs_mistake_mask=E"":3}"
    123904,         2,         0,   120.6,exact_mw,7acd59d404317421b37957afea3f5c66f33c9ef46579a47fd7c0ca3dd0dfc735,"{""distance"":7,""physical_error_rate"":0.001}","{""detection_events"":364324,""detectors_checked"":74590208,""obs_mistake_mask=E"":2}"
      5184,         7,         0,   120.1,exact_mw,0a198d80e37665dd6f23c481ef1c601566b502223b7ce5d7a38dc87c0be91af9,"{""distance"":7,""physical_error_rate"":0.005}","{""detection_events"":73821,""detectors_checked"":3120768,""obs_mistake_mask=E"":7}"
      6224,        11,         0,   120.3,exact_mw,0a198d80e37665dd6f23c481ef1c601566b502223b7ce5d7a38dc87c0be91af9,"{""distance"":7,""physical_error_rate"":0.005}","{""detection_events"":89554,""detectors_checked"":3746848,""obs_mistake_mask=E"":11}"
     20864,         3,         0,   120.3,exact_mw,ca91ffa42463e210e189f165a9a4cbcfd1773a75ca815ff24a9009c31e62d8d0,"{""distance"":7,""physical_error_rate"":0.002}","{""detection_events"":123078,""detectors_checked"":12560128,""obs_mistake_mask=E"":3}"
      5984,         6,         0,   120.3,exact_mw,0a198d80e37665dd6f23c481ef1c601566b502223b7ce5d7a38dc87c0be91af9,"{""distance"":7,""physical_error_rate"":0.005}","{""detection_events"":86732,""detectors_checked"":3602368,""obs_mistake_mask=E"":6}"
    745472,         2,         0,   119.9,exact_mw,c34bb01325b9980f7caca1807bd93e7e28846c82b8c0538af034740e6e7d5106,"{""distance"":7,""physical_error_rate"":0.0005}","{""detection_events"":1099687,""detectors_checked"":448774144,""obs_mistake_mask=E"":2}"
   6669312,         1,         0,   119.2,exact_mw,d5491e2f66b0c830b41b0168451c8818c583b15508c9bf9282dc8e7a6cb6bd3f,"{""distance"":7,""physical_error_rate"":0.0001}","{""detection_events"":1977905,""detectors_checked"":4014925824,""obs_mistake_mask=E"":1}"
      6624,        11,         0,   120.2,exact_mw,0a198d80e37665dd6f23c481ef1c601566b502223b7ce5d7a38dc87c0be91af9,"{""distance"":7,""physical_error_rate"":0.005}","{""detection_events"":95941,""detectors_checked"":3987648,""obs_mistake_mask=E"":11}"
    133120,         1,         0,   120.8,exact_mw,7acd59d404317421b37957afea3f5c66f33c9ef46579a47fd7c0ca3dd0dfc735,"{""distance"":7,""physical_error_rate"":0.001}","{""detection_events"":392570,""detectors_checked"":80138240,""obs_mistake_mask=E"":1}"
     25344,         3,         0,   120.1,exact_mw,ca91ffa42463e210e189f165a9a4cbcfd1773a75ca815ff24a9009c31e62d8d0,"{""distance"":7,""physical_error_rate"":0.002}","{""detection_events"":148996,""detectors_checked"":15257088,""obs_mistake_mask=E"":3}"
   7729152,         0,         0,   119.1,exact_mw,f7d5d61828a7d0145c65811496ba49aa9633daaed59c6883f51143c3b878094e,"{""distance"":7,""physical_error_rate"":5e-05}","{""detection_events"":1146912,""detectors_checked"":4652949504}"
   7571456,         0,         0,   119.0,exact_mw,d5491e2f66b0c830b41b0168451c8818c583b15508c9bf9282dc8e7a6cb6bd3f,"{""distance"":7,""physical_error_rate"":0.0001}","{""detection_events"":2243643,""detectors_checked"":4558016512}"
   3536896,         1,         0,   119.3,exact_mw,f5ed540d8b33fe7a17a96c57e6e367075413a3677864b79373445f6bf89adea1,"{""distance"":7,""physical_error_rate"":0.0002}","{""detection_events"":2098861,""detectors_checked"":2129211392,""obs_mistake_mask=E"":1}"
    648192,         3,         0,   119.9,exact_mw,c34bb01325b9980f7caca1807bd93e7e28846c82b8c0538af034740e6e7d5106,"{""distance"":7,""physical_error_rate"":0.0005}","{""detection_events"":957230,""detectors_checked"":390211584,""obs_mistake_mask=E"":3}"
     80768,         3,         0,   120.2,exact_mw,7acd59d404317421b37957afea3f5c66f33c9ef46579a47fd7c0ca3dd0dfc735,"{""distance"":7,""physical_error_rate"":0.001}","{""detection_events"":237837,""detectors_checked"":48622336,""obs_mistake_mask=E"":3}"
      4440,         8,         0,   120.6,exact_mw,0a198d80e37665dd6f23c481ef1c601566b502223b7ce5d7a38dc87c0be91af9,"{""distance"":7,""physical_error_rate"":0.005}","{""detection_events"":63916,""detectors_checked"":2672880,""obs_mistake_mask=E"":8}"
   5177344,         0,         0,   119.4,exact_mw,f5ed540d8b33fe7a17a96c57e6e367075413a3677864b79373445f6bf89adea1,"{""distance"":7,""physical_error_rate"":0.0002}","{""detection_events"":3070805,""detectors_checked"":3116761088}"
   3245056,         0,         0,   119.0,exact_mw,d5491e2f66b0c830b41b0168451c8818c583b15508c9bf9282dc8e7a6cb6bd3f,"{""distance"":7,""physical_error_rate"":0.0001}","{""detection_events"":961999,""detectors_checked"":1953523712}"
   8967168,         0,         0,   119.2,exact_mw,d5491e2f66b0c830b41b0168451c8818c583b15508c9bf9282dc8e7a6cb6bd3f,"{""distance"":7,""physical_error_rate"":0.0001}","{""detection_events"":2660554,""detectors_checked"":5398235136}"
   5900288,         1,         0,   119.0,exact_mw,d5491e2f66b0c830b41b0168451c8818c583b15508c9bf9282dc8e7a6cb6bd3f,"{""distance"":7,""physical_error_rate"":0.0001}","{""detection_events"":1750148,""detectors_checked"":3551973376,""obs_mistake_mask=E"":1}"
   7354368,         0,         0,   118.9,exact_mw,f7d5d61828a7d0145c65811496ba49aa9633daaed59c6883f51143c3b878094e,"{""distance"":7,""physical_error_rate"":5e-05}","{""detection_events"":1090615,""detectors_checked"":4427329536}"
   4169728,         0,         0,   119.4,exact_mw,f5ed540d8b33fe7a17a96c57e6e367075413a3677864b79373445f6bf89adea1,"{""distance"":7,""physical_error_rate"":0.0002}","{""detection_events"":2467549,""detectors_checked"":2510176256}"
   3539968,         1,         0,   119.5,exact_mw,f5ed540d8b33fe7a17a96c57e6e367075413a3677864b79373445f6bf89adea1,"{""distance"":7,""physical_error_rate"":0.0002}","{""detection_events"":2097685,""detectors_checked"":2131060736,""obs_mistake_mask=E"":1}"
     25216,         2,         0,   120.4,exact_mw,ca91ffa42463e210e189f165a9a4cbcfd1773a75ca815ff24a9009c31e62d8d0,"{""distance"":7,""physical_error_rate"":0.002}","{""detection_events"":148792,""detectors_checked"":15180032,""obs_mistake_mask=E"":2}"
   2374656,         1,         0,   119.5,exact_mw,f5ed540d8b33fe7a17a96c57e6e367075413a3677864b79373445f6bf89adea1,"{""distance"":7,""physical_error_rate"":0.0002}","{""detection_events"":1410207,""detectors_checked"":1429542912,""obs_mistake_mask=E"":1}"
   7158784,         0,         0,   119.1,exact_mw,f7d5d61828a7d0145c65811496ba49aa9633daaed59c6883f51143c3b878094e,"{""distance"":7,""physical_error_rate"":5e-05}","{""detection_events"":1063134,""detectors_checked"":4309587968}"
   7106560,         0,         0,   119.0,exact_mw,f7d5d61828a7d0145c65811496ba49aa9633daaed59c6883f51143c3b878094e,"{""distance"":7,""physical_error_rate"":5e-05}","{""detection_events"":1053045,""detectors_checked"":4278149120}"
   5808128,         0,         0,   118.9,exact_mw,f7d5d61828a7d0145c65811496ba49aa9633daaed59c6883f51143c3b878094e,"{""distance"":7,""physical_error_rate"":5e-05}","{""detection_events"":860676,""detectors_checked"":3496493056}"
    797696,         2,         0,   119.9,exact_mw,c34bb01325b9980f7caca1807bd93e7e28846c82b8c0538af034740e6e7d5106,"{""distance"":7,""physical_error_rate"":0.0005}","{""detection_events"":1180188,""detectors_checked"":480212992,""obs_mistake_mask=E"":2}"
   8688640,         0,         0,   119.1,exact_mw,f7d5d61828a7d0145c65811496ba49aa9633daaed59c6883f51143c3b878094e,"{""distance"":7,""physical_error_rate"":5e-05}","{""detection_events"":1289923,""detectors_checked"":5230561280}"
   3535872,         1,         0,   119.4,exact_mw,f5ed540d8b33fe7a17a96c57e6e367075413a3677864b79373445f6bf89adea1,"{""distance"":7,""physical_error_rate"":0.0002}","{""detection_events"":2097642,""detectors_checked"":2128594944,""obs_mistake_mask=E"":1}"
   7130112,         0,         0,   119.2,exact_mw,d5491e2f66b0c830b41b0168451c8818c583b15508c9bf9282dc8e7a6cb6bd3f,"{""distance"":7,""physical_error_rate"":0.0001}","{""detection_events"":2113182,""detectors_checked"":4292327424}"
    137728,         1,         0,   120.2,exact_mw,7acd59d404317421b37957afea3f5c66f33c9ef46579a47fd7c0ca3dd0dfc735,"{""distance"":7,""physical_error_rate"":0.001}","{""detection_events"":407194,""detectors_checked"":82912256,""obs_mistake_mask=E"":1}"
   6693888,         0,         0,   118.9,exact_mw,d5491e2f66b0c830b41b0168451c8818c583b15508c9bf9282dc8e7a6cb6bd3f,"{""distance"":7,""physical_error_rate"":0.0001}","{""detection_events"":1985457,""detectors_checked"":4029720576}"
    616448,         1,         0,   119.9,exact_mw,c34bb01325b9980f7caca1807bd93e7e28846c82b8c0538af034740e6e7d5106,"{""distance"":7,""physical_error_rate"":0.0005}","{""detection_events"":914507,""detectors_checked"":371101696,""obs_mistake_mask=E"":1}"
     26752,         4,         0,   120.3,exact_mw,ca91ffa42463e210e189f165a9a4cbcfd1773a75ca815ff24a9009c31e62d8d0,"{""distance"":7,""physical_error_rate"":0.002}","{""detection_events"":156844,""detectors_checked"":16104704,""obs_mistake_mask=E"":4}"
    589824,         1,         0,   119.9,exact_mw,c34bb01325b9980f7caca1807bd93e7e28846c82b8c0538af034740e6e7d5106,"{""distance"":7,""physical_error_rate"":0.0005}","{""detection_events"":871701,""detectors_checked"":355074048,""obs_mistake_mask=E"":1}"
    657408,         3,         0,   120.1,exact_mw,c34bb01325b9980f7caca1807bd93e7e28846c82b8c0538af034740e6e7d5106,"{""distance"":7,""physical_error_rate"":0.0005}","{""detection_events"":972491,""detectors_checked"":395759616,""obs_mistake_mask=E"":3}"
    526336,         0,         0,   120.0,exact_mw,c34bb01325b9980f7caca1807bd93e7e28846c82b8c0538af034740e6e7d5106,"{""distance"":7,""physical_error_rate"":0.0005}","{""detection_events"":781532,""detectors_checked"":316854272}"
      6400,        10,         0,   120.5,exact_mw,0a198d80e37665dd6f23c481ef1c601566b502223b7ce5d7a38dc87c0be91af9,"{""distance"":7,""physical_error_rate"":0.005}","{""detection_events"":92049,""detectors_checked"":3852800,""obs_mistake_mask=E"":10}"
     31360,         4,         0,   120.5,exact_mw,ca91ffa42463e210e189f165a9a4cbcfd1773a75ca815ff24a9009c31e62d8d0,"{""distance"":7,""physical_error_rate"":0.002}","{""detection_events"":183360,""detectors_checked"":18878720,""obs_mistake_mask=E"":4}"
     16400,         0,         0,   120.0,exact_mw,ca91ffa42463e210e189f165a9a4cbcfd1773a75ca815ff24a9009c31e62d8d0,"{""distance"":7,""physical_error_rate"":0.002}","{""detection_events"":95871,""detectors_checked"":9872800}"
      5400,         9,         0,   120.3,exact_mw,0a198d80e37665dd6f23c481ef1c601566b502223b7ce5d7a38dc87c0be91af9,"{""distance"":7,""physical_error_rate"":0.005}","{""detection_events"":78024,""detectors_checked"":3250800,""obs_mistake_mask=E"":9}"
      5760,         2,         0,   120.3,exact_mw,0a198d80e37665dd6f23c481ef1c601566b502223b7ce5d7a38dc87c0be91af9,"{""distance"":7,""physical_error_rate"":0.005}","{""detection_events"":83306,""detectors_checked"":3467520,""obs_mistake_mask=E"":2}"
     24832,         4,         0,   120.3,exact_mw,ca91ffa42463e210e189f165a9a4cbcfd1773a75ca815ff24a9009c31e62d8d0,"{""distance"":7,""physical_error_rate"":0.002}","{""detection_events"":146065,""detectors_checked"":14948864,""obs_mistake_mask=E"":4}"
      8064,        14,         0,   120.1,exact_mw,0a198d80e37665dd6f23c481ef1c601566b502223b7ce5d7a38dc87c0be91af9,"{""distance"":7,""physical_error_rate"":0.005}","{""detection_events"":115355,""detectors_checked"":4854528,""obs_mistake_mask=E"":14}"
    118784,         2,         0,   120.2,exact_mw,7acd59d404317421b37957afea3f5c66f33c9ef46579a47fd7c0ca3dd0dfc735,"{""distance"":7,""physical_error_rate"":0.001}","{""detection_events"":351200,""detectors_checked"":71507968,""obs_mistake_mask=E"":2}"
      6208,        11,         0,   120.5,exact_mw,0a198d80e37665dd6f23c481ef1c601566b502223b7ce5d7a38dc87c0be91af9,"{""distance"":7,""physical_error_rate"":0.005}","{""detection_events"":88276,""detectors_checked"":3737216,""obs_mistake_mask=E"":11}"
    119808,         5,         0,   120.1,exact_mw,7acd59d404317421b37957afea3f5c66f33c9ef46579a47fd7c0ca3dd0dfc735,"{""distance"":7,""physical_error_rate"":0.001}","{""detection_events"":353035,""detectors_checked"":72124416,""obs_mistake_mask=E"":5}"
    108544,         0,         0,   120.3,exact_mw,7acd59d404317421b37957afea3f5c66f33c9ef46579a47fd7c0ca3dd0dfc735,"{""distance"":7,""physical_error_rate"":0.001}","{""detection_events"":319330,""detectors_checked"":65343488}"
     94976,         2,         0,   120.6,exact_mw,7acd59d404317421b37957afea3f5c66f33c9ef46579a47fd7c0ca3dd0dfc735,"{""distance"":7,""physical_error_rate"":0.001}","{""detection_events"":282320,""detectors_checked"":57175552,""obs_mistake_mask=E"":2}"
     23168,         2,         0,   120.0,exact_mw,ca91ffa42463e210e189f165a9a4cbcfd1773a75ca815ff24a9009c31e62d8d0,"{""distance"":7,""physical_error_rate"":0.002}","{""detection_events"":135618,""detectors_checked"":13947136,""obs_mistake_mask=E"":2}"
   3834880,         1,         0,   119.5,exact_mw,f5ed540d8b33fe7a17a96c57e6e367075413a3677864b79373445f6bf89adea1,"{""distance"":7,""physical_error_rate"":0.0002}","{""detection_events"":2281974,""detectors_checked"":2308597760,""obs_mistake_mask=E"":1}"
   7754752,         0,         0,   119.0,exact_mw,d5491e2f66b0c830b41b0168451c8818c583b15508c9bf9282dc8e7a6cb6bd3f,"{""distance"":7,""physical_error_rate"":0.0001}","{""detection_events"":2298866,""detectors_checked"":4668360704}"
   7483392,         0,         0,   118.9,exact_mw,d5491e2f66b0c830b41b0168451c8818c583b15508c9bf9282dc8e7a6cb6bd3f,"{""distance"":7,""physical_error_rate"":0.0001}","{""detection_events"":2219635,""detectors_checked"":4505001984}"
   9249792,         0,         0,   119.1,exact_mw,f7d5d61828a7d0145c65811496ba49aa9633daaed59c6883f51143c3b878094e,"{""distance"":7,""physical_error_rate"":5e-05}","{""detection_events"":1372673,""detectors_checked"":5568374784}"
    623616,         2,         0,   119.8,exact_mw,c34bb01325b9980f7caca1807bd93e7e28846c82b8c0538af034740e6e7d5106,"{""distance"":7,""physical_error_rate"":0.0005}","{""detection_events"":920567,""detectors_checked"":375416832,""obs_mistake_mask=E"":2}"
   3707904,         2,         0,   119.1,exact_mw,f5ed540d8b33fe7a17a96c57e6e367075413a3677864b79373445f6bf89adea1,"{""distance"":7,""physical_error_rate"":0.0002}","{""detection_events"":2196375,""detectors_checked"":2232158208,""obs_mistake_mask=E"":2}"
    756736,         3,         0,   119.9,exact_mw,c34bb01325b9980f7caca1807bd93e7e28846c82b8c0538af034740e6e7d5106,"{""distance"":7,""physical_error_rate"":0.0005}","{""detection_events"":1119953,""detectors_checked"":455555072,""obs_mistake_mask=E"":3}"
   6367232,         0,         0,   118.8,exact_mw,f7d5d61828a7d0145c65811496ba49aa9633daaed59c6883f51143c3b878094e,"{""distance"":7,""physical_error_rate"":5e-05}","{""detection_events"":944646,""detectors_checked"":3833073664}"
   4500480,         0,         0,   119.4,exact_mw,f5ed540d8b33fe7a17a96c57e6e367075413a3677864b79373445f6bf89adea1,"{""distance"":7,""physical_error_rate"":0.0002}","{""detection_events"":2666886,""detectors_checked"":2709288960}"
   7933952,         0,         0,   119.0,exact_mw,f7d5d61828a7d0145c65811496ba49aa9633daaed59c6883f51143c3b878094e,"{""distance"":7,""physical_error_rate"":5e-05}","{""detection_events"":1174941,""detectors_checked"":4776239104}"
    117504,         2,         0,   120.0,exact_mw,7acd59d404317421b37957afea3f5c66f33c9ef46579a47fd7c0ca3dd0dfc735,"{""distance"":7,""physical_error_rate"":0.001}","{""detection_events"":347365,""detectors_checked"":70737408,""obs_mistake_mask=E"":2}"
     26496,         8,         0,   120.5,exact_mw,ca91ffa42463e210e189f165a9a4cbcfd1773a75ca815ff24a9009c31e62d8d0,"{""distance"":7,""physical_error_rate"":0.002}","{""detection_events"":156259,""detectors_checked"":15950592,""obs_mistake_mask=E"":8}"
    135680,         4,         0,   120.8,exact_mw,7acd59d404317421b37957afea3f5c66f33c9ef46579a47fd7c0ca3dd0dfc735,"{""distance"":7,""physical_error_rate"":0.001}","{""detection_events"":397155,""detectors_checked"":81679360,""obs_mistake_mask=E"":4}"
      4256,         3,         0,   120.5,exact_mw,0a198d80e37665dd6f23c481ef1c601566b502223b7ce5d7a38dc87c0be91af9,"{""distance"":7,""physical_error_rate"":0.005}","{""detection_events"":61135,""detectors_checked"":2562112,""obs_mistake_mask=E"":3}"
      3992,        11,         0,   119.5,exact_mw,0a198d80e37665dd6f23c481ef1c601566b502223b7ce5d7a38dc87c0be91af9,"{""distance"":7,""physical_error_rate"":0.005}","{""detection_events"":56612,""detectors_checked"":2403184,""obs_mistake_mask=E"":11}"
      5192,         4,         0,   114.0,exact_mw,0a198d80e37665dd6f23c481ef1c601566b502223b7ce5d7a38dc87c0be91af9,"{""distance"":7,""physical_error_rate"":0.005}","{""detection_events"":74975,""detectors_checked"":3125584,""obs_mistake_mask=E"":4}"
      2784,         2,         0,    57.1,exact_mw,0a198d80e37665dd6f23c481ef1c601566b502223b7ce5d7a38dc87c0be91af9,"{""distance"":7,""physical_error_rate"":0.005}","{""detection_events"":39807,""detectors_checked"":1675968,""obs_mistake_mask=E"":2}"
         8,         0,         0,   0.438,exact_mw,0a198d80e37665dd6f23c481ef1c601566b502223b7ce5d7a38dc87c0be91af9,"{""distance"":7,""physical_error_rate"":0.005}","{""detection_events"":151,""detectors_checked"":4816}"
      3200,         7,         0,    61.9,exact_mw,0a198d80e37665dd6f23c481ef1c601566b502223b7ce5d7a38dc87c0be91af9,"{""distance"":7,""physical_error_rate"":0.005}","{""detection_events"":46266,""detectors_checked"":1926400,""obs_mistake_mask=E"":7}"
      3648,         0,         0,    66.1,exact_mw,0a198d80e37665dd6f23c481ef1c601566b502223b7ce5d7a38dc87c0be91af9,"{""distance"":7,""physical_error_rate"":0.005}","{""detection_events"":52945,""detectors_checked"":2196096}"
      4032,         7,         0,    82.1,exact_mw,0a198d80e37665dd6f23c481ef1c601566b502223b7ce5d7a38dc87c0be91af9,"{""distance"":7,""physical_error_rate"":0.005}","{""detection_events"":58190,""detectors_checked"":2427264,""obs_mistake_mask=E"":7}"
      6080,         9,         0,   109.1,exact_mw,0a198d80e37665dd6f23c481ef1c601566b502223b7ce5d7a38dc87c0be91af9,"{""distance"":7,""physical_error_rate"":0.005}","{""detection_events"":86974,""detectors_checked"":3660160,""obs_mistake_mask=E"":9}"
      3648,         9,         0,    58.4,exact_mw,0a198d80e37665dd6f23c481ef1c601566b502223b7ce5d7a38dc87c0be91af9,"{""distance"":7,""physical_error_rate"":0.005}","{""detection_events"":52295,""detectors_checked"":2196096,""obs_mistake_mask=E"":9}"
      3168,         5,         0,    62.6,exact_mw,0a198d80e37665dd6f23c481ef1c601566b502223b7ce5d7a38dc87c0be91af9,"{""distance"":7,""physical_error_rate"":0.005}","{""detection_events"":45652,""detectors_checked"":1907136,""obs_mistake_mask=E"":5}"
     24288,         1,         0,   120.1,exact_mw,ca91ffa42463e210e189f165a9a4cbcfd1773a75ca815ff24a9009c31e62d8d0,"{""distance"":7,""physical_error_rate"":0.002}","{""detection_events"":142395,""detectors_checked"":14621376,""obs_mistake_mask=E"":1}"
    717824,         1,         0,   120.0,exact_mw,c34bb01325b9980f7caca1807bd93e7e28846c82b8c0538af034740e6e7d5106,"{""distance"":7,""physical_error_rate"":0.0005}","{""detection_events"":1061270,""detectors_checked"":432130048,""obs_mistake_mask=E"":1}"
   5593088,         0,         0,   119.1,exact_mw,d5491e2f66b0c830b41b0168451c8818c583b15508c9bf9282dc8e7a6cb6bd3f,"{""distance"":7,""physical_error_rate"":0.0001}","{""detection_events"":1656513,""detectors_checked"":3367038976}"
    133120,         1,         0,   120.0,exact_mw,7acd59d404317421b37957afea3f5c66f33c9ef46579a47fd7c0ca3dd0dfc735,"{""distance"":7,""physical_error_rate"":0.001}","{""detection_events"":390396,""detectors_checked"":80138240,""obs_mistake_mask=E"":1}"
     26112,         5,         0,   120.1,exact_mw,ca91ffa42463e210e189f165a9a4cbcfd1773a75ca815ff24a9009c31e62d8d0,"{""distance"":7,""physical_error_rate"":0.002}","{""detection_events"":154095,""detectors_checked"":15719424,""obs_mistake_mask=E"":5}"
      1297,         0,         0,   0.010,exact_mw,f7d5d61828a7d0145c65811496ba49aa9633daaed59c6883f51143c3b878094e,"{""distance"":7,""physical_error_rate"":5e-05}","{""detection_events"":159,""detectors_checked"":780794}"
      2048,         0,         0,   0.026,exact_mw,f7d5d61828a7d0145c65811496ba49aa9633daaed59c6883f51143c3b878094e,"{""distance"":7,""physical_error_rate"":5e-05}","{""detection_events"":285,""detectors_checked"":1232896}"
      2048,         0,         0,   0.030,exact_mw,f7d5d61828a7d0145c65811496ba49aa9633daaed59c6883f51143c3b878094e,"{""distance"":7,""physical_error_rate"":5e-05}","{""detection_events"":288,""detectors_checked"":1232896}"
      2048,         0,         0,   0.027,exact_mw,f7d5d61828a7d0145c65811496ba49aa9633daaed59c6883f51143c3b878094e,"{""distance"":7,""physical_error_rate"":5e-05}","{""detection_events"":327,""detectors_checked"":1232896}"
      4096,         0,         0,   0.053,exact_mw,f7d5d61828a7d0145c65811496ba49aa9633daaed59c6883f51143c3b878094e,"{""distance"":7,""physical_error_rate"":5e-05}","{""detection_events"":655,""detectors_checked"":2465792}"
      4096,         0,         0,   0.061,exact_mw,f7d5d61828a7d0145c65811496ba49aa9633daaed59c6883f51143c3b878094e,"{""distance"":7,""physical_error_rate"":5e-05}","{""detection_events"":559,""detectors_checked"":2465792}"
      6144,         0,         0,   0.082,exact_mw,f7d5d61828a7d0145c65811496ba49aa9633daaed59c6883f51143c3b878094e,"{""distance"":7,""physical_error_rate"":5e-05}","{""detection_events"":986,""detectors_checked"":3698688}"
      8192,         0,         0,   0.108,exact_mw,f7d5d61828a7d0145c65811496ba49aa9633daaed59c6883f51143c3b878094e,"{""distance"":7,""physical_error_rate"":5e-05}","{""detection_events"":1338,""detectors_checked"":4931584}"
     11264,         0,         0,   0.147,exact_mw,f7d5d61828a7d0145c65811496ba49aa9633daaed59c6883f51143c3b878094e,"{""distance"":7,""physical_error_rate"":5e-05}","{""detection_events"":1726,""detectors_checked"":6780928}"
       273,         0,         0,   0.021,exact_mw,d5491e2f66b0c830b41b0168451c8818c583b15508c9bf9282dc8e7a6cb6bd3f,"{""distance"":7,""physical_error_rate"":0.0001}","{""detection_events"":89,""detectors_checked"":164346}"
      2048,         0,         0,   0.032,exact_mw,d5491e2f66b0c830b41b0168451c8818c583b15508c9bf9282dc8e7a6cb6bd3f,"{""distance"":7,""physical_error_rate"":0.0001}","{""detection_events"":616,""detectors_checked"":1232896}"
         1,         0,         0,   0.001,exact_mw,c34bb01325b9980f7caca1807bd93e7e28846c82b8c0538af034740e6e7d5106,"{""distance"":7,""physical_error_rate"":0.0005}","{""detectors_checked"":602}"
      2048,         0,         0,   0.032,exact_mw,d5491e2f66b0c830b41b0168451c8818c583b15508c9bf9282dc8e7a6cb6bd3f,"{""distance"":7,""physical_error_rate"":0.0001}","{""detection_events"":693,""detectors_checked"":1232896}"
       272,         0,         0,   0.028,exact_mw,c34bb01325b9980f7caca1807bd93e7e28846c82b8c0538af034740e6e7d5106,"{""distance"":7,""physical_error_rate"":0.0005}","{""detection_events"":388,""detectors_checked"":163744}"
     14336,         0,         0,   0.211,exact_mw,f7d5d61828a7d0145c65811496ba49aa9633daaed59c6883f51143c3b878094e,"{""distance"":7,""physical_error_rate"":5e-05}","{""detection_events"":2058,""detectors_checked"":8630272}"
      1024,         0,         0,   0.028,exact_mw,d5491e2f66b0c830b41b0168451c8818c583b15508c9bf9282dc8e7a6cb6bd3f,"{""distance"":7,""physical_error_rate"":0.0001}","{""detection_events"":302,""detectors_checked"":616448}"
      1024,         0,         0,   0.058,exact_mw,c34bb01325b9980f7caca1807bd93e7e28846c82b8c0538af034740e6e7d5106,"{""distance"":7,""physical_error_rate"":0.0005}","{""detection_events"":1403,""detectors_checked"":616448}"
      3072,         0,         0,   0.056,exact_mw,d5491e2f66b0c830b41b0168451c8818c583b15508c9bf9282dc8e7a6cb6bd3f,"{""distance"":7,""physical_error_rate"":0.0001}","{""detection_events"":771,""detectors_checked"":1849344}"
      3072,         0,         0,   0.056,exact_mw,d5491e2f66b0c830b41b0168451c8818c583b15508c9bf9282dc8e7a6cb6bd3f,"{""distance"":7,""physical_error_rate"":0.0001}","{""detection_events"":997,""detectors_checked"":1849344}"
   7570432,         0,         0,   119.1,exact_mw,f7d5d61828a7d0145c65811496ba49aa9633daaed59c6883f51143c3b878094e,"{""distance"":7,""physical_error_rate"":5e-05}","{""detection_events"":1125594,""detectors_checked"":4557400064}"
      4096,         0,         0,   0.081,exact_mw,d5491e2f66b0c830b41b0168451c8818c583b15508c9bf9282dc8e7a6cb6bd3f,"{""distance"":7,""physical_error_rate"":0.0001}","{""detection_events"":1099,""detectors_checked"":2465792}"
      1024,         0,         0,   0.238,exact_mw,c34bb01325b9980f7caca1807bd93e7e28846c82b8c0538af034740e6e7d5106,"{""distance"":7,""physical_error_rate"":0.0005}","{""detection_events"":1606,""detectors_checked"":616448}"
     22528,         0,         0,   0.304,exact_mw,f7d5d61828a7d0145c65811496ba49aa9633daaed59c6883f51143c3b878094e,"{""distance"":7,""physical_error_rate"":5e-05}","{""detection_events"":3355,""detectors_checked"":13561856}"
      5120,         0,         0,   0.110,exact_mw,d5491e2f66b0c830b41b0168451c8818c583b15508c9bf9282dc8e7a6cb6bd3f,"{""distance"":7,""physical_error_rate"":0.0001}","{""detection_events"":1560,""detectors_checked"":3082240}"
      1024,         0,         0,   0.115,exact_mw,c34bb01325b9980f7caca1807bd93e7e28846c82b8c0538af034740e6e7d5106,"{""distance"":7,""physical_error_rate"":0.0005}","{""detection_events"":1573,""detectors_checked"":616448}"
      7168,         0,         0,   0.150,exact_mw,d5491e2f66b0c830b41b0168451c8818c583b15508c9bf9282dc8e7a6cb6bd3f,"{""distance"":7,""physical_error_rate"":0.0001}","{""detection_events"":2250,""detectors_checked"":4315136}"
      1024,         0,         0,   0.107,exact_mw,c34bb01325b9980f7caca1807bd93e7e28846c82b8c0538af034740e6e7d5106,"{""distance"":7,""physical_error_rate"":0.0005}","{""detection_events"":1580,""detectors_checked"":616448}"
     10240,         0,         0,   0.217,exact_mw,d5491e2f66b0c830b41b0168451c8818c583b15508c9bf9282dc8e7a6cb6bd3f,"{""distance"":7,""physical_error_rate"":0.0001}","{""detection_events"":3049,""detectors_checked"":6164480}"
     30720,         0,         0,   0.390,exact_mw,f7d5d61828a7d0145c65811496ba49aa9633daaed59c6883f51143c3b878094e,"{""distance"":7,""physical_error_rate"":5e-05}","{""detection_events"":4552,""detectors_checked"":18493440}"
      1024,         0,         0,   0.213,exact_mw,c34bb01325b9980f7caca1807bd93e7e28846c82b8c0538af034740e6e7d5106,"{""distance"":7,""physical_error_rate"":0.0005}","{""detection_events"":1558,""detectors_checked"":616448}"
      1024,         0,         0,   0.184,exact_mw,c34bb01325b9980f7caca1807bd93e7e28846c82b8c0538af034740e6e7d5106,"{""distance"":7,""physical_error_rate"":0.0005}","{""detection_events"":1502,""detectors_checked"":616448}"
     13312,         0,         0,   0.296,exact_mw,d5491e2f66b0c830b41b0168451c8818c583b15508c9bf9282dc8e7a6cb6bd3f,"{""distance"":7,""physical_error_rate"":0.0001}","{""detection_events"":4076,""detectors_checked"":8013824}"
      2048,         0,         0,   0.265,exact_mw,c34bb01325b9980f7caca1807bd93e7e28846c82b8c0538af034740e6e7d5106,"{""distance"":7,""physical_error_rate"":0.0005}","{""detection_events"":3055,""detectors_checked"":1232896}"
     44032,         0,         0,   0.555,exact_mw,f7d5d61828a7d0145c65811496ba49aa9633daaed59c6883f51143c3b878094e,"{""distance"":7,""physical_error_rate"":5e-05}","{""detection_events"":6568,""detectors_checked"":26507264}"
     18432,         0,         0,   0.409,exact_mw,d5491e2f66b0c830b41b0168451c8818c583b15508c9bf9282dc8e7a6cb6bd3f,"{""distance"":7,""physical_error_rate"":0.0001}","{""detection_events"":5372,""detectors_checked"":11096064}"
      2048,         0,         0,   0.314,exact_mw,c34bb01325b9980f7caca1807bd93e7e28846c82b8c0538af034740e6e7d5106,"{""distance"":7,""physical_error_rate"":0.0005}","{""detection_events"":2999,""detectors_checked"":1232896}"
      2048,         0,         0,   0.340,exact_mw,c34bb01325b9980f7caca1807bd93e7e28846c82b8c0538af034740e6e7d5106,"{""distance"":7,""physical_error_rate"":0.0005}","{""detection_events"":3010,""detectors_checked"":1232896}"
      1297,         0,         0,   0.026,exact_mw,f5ed540d8b33fe7a17a96c57e6e367075413a3677864b79373445f6bf89adea1,"{""distance"":7,""physical_error_rate"":0.0002}","{""detection_events"":718,""detectors_checked"":780794}"
     27648,         0,         0,   0.569,exact_mw,d5491e2f66b0c830b41b0168451c8818c583b15508c9bf9282dc8e7a6cb6bd3f,"{""distance"":7,""physical_error_rate"":0.0001}","{""detection_events"":8029,""detectors_checked"":16644096}"
   7366656,         0,         0,   119.3,exact_mw,d5491e2f66b0c830b41b0168451c8818c583b15508c9bf9282dc8e7a6cb6bd3f,"{""distance"":7,""physical_error_rate"":0.0001}","{""detection_events"":2188338,""detectors_checked"":4434726912}"
      2048,         0,         0,   0.109,exact_mw,f5ed540d8b33fe7a17a96c57e6e367075413a3677864b79373445f6bf89adea1,"{""distance"":7,""physical_error_rate"":0.0002}","{""detection_events"":1205,""detectors_checked"":1232896}"
     58368,         0,         0,   0.788,exact_mw,f7d5d61828a7d0145c65811496ba49aa9633daaed59c6883f51143c3b878094e,"{""distance"":7,""physical_error_rate"":5e-05}","{""detection_events"":8929,""detectors_checked"":35137536}"
      1024,         0,         0,   0.034,exact_mw,f5ed540d8b33fe7a17a96c57e6e367075413a3677864b79373445f6bf89adea1,"{""distance"":7,""physical_error_rate"":0.0002}","{""detection_events"":630,""detectors_checked"":616448}"
      2048,         0,         0,   0.044,exact_mw,f5ed540d8b33fe7a17a96c57e6e367075413a3677864b79373445f6bf89adea1,"{""distance"":7,""physical_error_rate"":0.0002}","{""detection_events"":1243,""detectors_checked"":1232896}"
      1024,         0,         0,   0.049,exact_mw,f5ed540d8b33fe7a17a96c57e6e367075413a3677864b79373445f6bf89adea1,"{""distance"":7,""physical_error_rate"":0.0002}","{""detection_events"":516,""detectors_checked"":616448}"
      3072,         0,         0,   0.075,exact_mw,f5ed540d8b33fe7a17a96c57e6e367075413a3677864b79373445f6bf89adea1,"{""distance"":7,""physical_error_rate"":0.0002}","{""detection_events"":1867,""detectors_checked"":1849344}"
      3072,         0,         0,   0.494,exact_mw,c34bb01325b9980f7caca1807bd93e7e28846c82b8c0538af034740e6e7d5106,"{""distance"":7,""physical_error_rate"":0.0005}","{""detection_events"":4510,""detectors_checked"":1849344}"
      4096,         0,         0,   0.098,exact_mw,f5ed540d8b33fe7a17a96c57e6e367075413a3677864b79373445f6bf89adea1,"{""distance"":7,""physical_error_rate"":0.0002}","{""detection_events"":2434,""detectors_checked"":2465792}"
      6144,         0,         0,   0.121,exact_mw,f5ed540d8b33fe7a17a96c57e6e367075413a3677864b79373445f6bf89adea1,"{""distance"":7,""physical_error_rate"":0.0002}","{""detection_events"":3515,""detectors_checked"":3698688}"
      6144,         0,         0,   0.141,exact_mw,f5ed540d8b33fe7a17a96c57e6e367075413a3677864b79373445f6bf89adea1,"{""distance"":7,""physical_error_rate"":0.0002}","{""detection_events"":3710,""detectors_checked"":3698688}"
     38912,         0,         0,   0.797,exact_mw,d5491e2f66b0c830b41b0168451c8818c583b15508c9bf9282dc8e7a6cb6bd3f,"{""distance"":7,""physical_error_rate"":0.0001}","{""detection_events"":11797,""detectors_checked"":23425024}"
   4782080,         2,         0,   119.2,exact_mw,f5ed540d8b33fe7a17a96c57e6e367075413a3677864b79373445f6bf89adea1,"{""distance"":7,""physical_error_rate"":0.0002}","{""detection_events"":2833777,""detectors_checked"":2878812160,""obs_mistake_mask=E"":2}"
     10240,         0,         0,   0.214,exact_mw,f5ed540d8b33fe7a17a96c57e6e367075413a3677864b79373445f6bf89adea1,"{""distance"":7,""physical_error_rate"":0.0002}","{""detection_events"":5944,""detectors_checked"":6164480}"
      4096,         0,         0,   0.652,exact_mw,c34bb01325b9980f7caca1807bd93e7e28846c82b8c0538af034740e6e7d5106,"{""distance"":7,""physical_error_rate"":0.0005}","{""detection_events"":6008,""detectors_checked"":2465792}"
     12288,         0,         0,   0.295,exact_mw,f5ed540d8b33fe7a17a96c57e6e367075413a3677864b79373445f6bf89adea1,"{""distance"":7,""physical_error_rate"":0.0002}","{""detection_events"":7179,""detectors_checked"":7397376}"
     86016,         0,         0,    1.11,exact_mw,f7d5d61828a7d0145c65811496ba49aa9633daaed59c6883f51143c3b878094e,"{""distance"":7,""physical_error_rate"":5e-05}","{""detection_events"":12790,""detectors_checked"":51781632}"
        17,         0,         0,   0.004,exact_mw,c34bb01325b9980f7caca1807bd93e7e28846c82b8c0538af034740e6e7d5106,"{""distance"":7,""physical_error_rate"":0.0005}","{""detection_events"":46,""detectors_checked"":10234}"
       256,         0,         0,   0.035,exact_mw,c34bb01325b9980f7caca1807bd93e7e28846c82b8c0538af034740e6e7d5106,"{""distance"":7,""physical_error_rate"":0.0005}","{""detection_events"":376,""detectors_checked"":154112}"
     15360,         0,         0,   0.419,exact_mw,f5ed540d8b33fe7a17a96c57e6e367075413a3677864b79373445f6bf89adea1,"{""distance"":7,""physical_error_rate"":0.0002}","{""detection_events"":9088,""detectors_checked"":9246720}"
      1024,         0,         0,   0.241,exact_mw,c34bb01325b9980f7caca1807bd93e7e28846c82b8c0538af034740e6e7d5106,"{""distance"":7,""physical_error_rate"":0.0005}","{""detection_events"":1666,""detectors_checked"":616448}"
      5120,         0,         0,   0.864,exact_mw,c34bb01325b9980f7caca1807bd93e7e28846c82b8c0538af034740e6e7d5106,"{""distance"":7,""physical_error_rate"":0.0005}","{""detection_events"":7344,""detectors_checked"":3082240}"
      1024,         0,         0,   0.205,exact_mw,c34bb01325b9980f7caca1807bd93e7e28846c82b8c0538af034740e6e7d5106,"{""distance"":7,""physical_error_rate"":0.0005}","{""detection_events"":1460,""detectors_checked"":616448}"
     52224,         0,         0,    1.13,exact_mw,d5491e2f66b0c830b41b0168451c8818c583b15508c9bf9282dc8e7a6cb6bd3f,"{""distance"":7,""physical_error_rate"":0.0001}","{""detection_events"":15254,""detectors_checked"":31438848}"
      1024,         0,         0,   0.153,exact_mw,c34bb01325b9980f7caca1807bd93e7e28846c82b8c0538af034740e6e7d5106,"{""distance"":7,""physical_error_rate"":0.0005}","{""detection_events"":1574,""detectors_checked"":616448}"
     24576,         0,         0,   0.568,exact_mw,f5ed540d8b33fe7a17a96c57e6e367075413a3677864b79373445f6bf89adea1,"{""distance"":7,""physical_error_rate"":0.0002}","{""detection_events"":14536,""detectors_checked"":14794752}"
      1024,         0,         0,   0.210,exact_mw,c34bb01325b9980f7caca1807bd93e7e28846c82b8c0538af034740e6e7d5106,"{""distance"":7,""physical_error_rate"":0.0005}","{""detection_events"":1536,""detectors_checked"":616448}"
      1024,         0,         0,   0.138,exact_mw,c34bb01325b9980f7caca1807bd93e7e28846c82b8c0538af034740e6e7d5106,"{""distance"":7,""physical_error_rate"":0.0005}","{""detection_events"":1622,""detectors_checked"":616448}"
      1024,         0,         0,   0.133,exact_mw,c34bb01325b9980f7caca1807bd93e7e28846c82b8c0538af034740e6e7d5106,"{""distance"":7,""physical_error_rate"":0.0005}","{""detection_events"":1536,""detectors_checked"":616448}"
    156672,         0,         0,    1.55,exact_mw,f7d5d61828a7d0145c65811496ba49aa9633daaed59c6883f51143c3b878094e,"{""distance"":7,""physical_error_rate"":5e-05}","{""detection_events"":23193,""detectors_checked"":94316544}"
      1024,         0,         0,   0.237,exact_mw,c34bb01325b9980f7caca1807bd93e7e28846c82b8c0538af034740e6e7d5106,"{""distance"":7,""physical_error_rate"":0.0005}","{""detection_events"":1496,""detectors_checked"":616448}"
     34816,         0,         0,   0.800,exact_mw,f5ed540d8b33fe7a17a96c57e6e367075413a3677864b79373445f6bf89adea1,"{""distance"":7,""physical_error_rate"":0.0002}","{""detection_events"":21021,""detectors_checked"":20959232}"
      8192,         0,         0,    1.26,exact_mw,c34bb01325b9980f7caca1807bd93e7e28846c82b8c0538af034740e6e7d5106,"{""distance"":7,""physical_error_rate"":0.0005}","{""detection_events"":11886,""detectors_checked"":4931584}"
      2048,         0,         0,   0.353,exact_mw,c34bb01325b9980f7caca1807bd93e7e28846c82b8c0538af034740e6e7d5106,"{""distance"":7,""physical_error_rate"":0.0005}","{""detection_events"":2871,""detectors_checked"":1232896}"
     95232,         0,         0,    1.55,exact_mw,d5491e2f66b0c830b41b0168451c8818c583b15508c9bf9282dc8e7a6cb6bd3f,"{""distance"":7,""physical_error_rate"":0.0001}","{""detection_events"":28483,""detectors_checked"":57329664}"
      3072,         0,         0,   0.445,exact_mw,c34bb01325b9980f7caca1807bd93e7e28846c82b8c0538af034740e6e7d5106,"{""distance"":7,""physical_error_rate"":0.0005}","{""detection_events"":4327,""detectors_checked"":1849344}"
        17,         0,         0,   0.160,exact_mw,ca91ffa42463e210e189f165a9a4cbcfd1773a75ca815ff24a9009c31e62d8d0,"{""distance"":7,""physical_error_rate"":0.002}","{""detection_events"":99,""detectors_checked"":10234}"
      1297,         0,         0,   0.026,exact_mw,f5ed540d8b33fe7a17a96c57e6e367075413a3677864b79373445f6bf89adea1,"{""distance"":7,""physical_error_rate"":0.0002}","{""detection_events"":770,""detectors_checked"":780794}"
        32,         0,         0,   0.244,exact_mw,ca91ffa42463e210e189f165a9a4cbcfd1773a75ca815ff24a9009c31e62d8d0,"{""distance"":7,""physical_error_rate"":0.002}","{""detection_events"":145,""detectors_checked"":19264}"
      1024,         0,         0,   0.026,exact_mw,f5ed540d8b33fe7a17a96c57e6e367075413a3677864b79373445f6bf89adea1,"{""distance"":7,""physical_error_rate"":0.0002}","{""detection_events"":663,""detectors_checked"":616448}"
      3072,         0,         0,   0.451,exact_mw,c34bb01325b9980f7caca1807bd93e7e28846c82b8c0538af034740e6e7d5106,"{""distance"":7,""physical_error_rate"":0.0005}","{""detection_events"":4594,""detectors_checked"":1849344}"
      2048,         0,         0,   0.039,exact_mw,f5ed540d8b33fe7a17a96c57e6e367075413a3677864b79373445f6bf89adea1,"{""distance"":7,""physical_error_rate"":0.0002}","{""detection_events"":1258,""detectors_checked"":1232896}"
     51200,         0,         0,    1.11,exact_mw,f5ed540d8b33fe7a17a96c57e6e367075413a3677864b79373445f6bf89adea1,"{""distance"":7,""physical_error_rate"":0.0002}","{""detection_events"":31061,""detectors_checked"":30822400}"
      2048,         0,         0,   0.048,exact_mw,f5ed540d8b33fe7a17a96c57e6e367075413a3677864b79373445f6bf89adea1,"{""distance"":7,""physical_error_rate"":0.0002}","{""detection_events"":1264,""detectors_checked"":1232896}"
      2048,         0,         0,   0.082,exact_mw,f5ed540d8b33fe7a17a96c57e6e367075413a3677864b79373445f6bf89adea1,"{""distance"":7,""physical_error_rate"":0.0002}","{""detection_events"":1357,""detectors_checked"":1232896}"
      2048,         0,         0,   0.057,exact_mw,f5ed540d8b33fe7a17a96c57e6e367075413a3677864b79373445f6bf89adea1,"{""distance"":7,""physical_error_rate"":0.0002}","{""detection_events"":1229,""detectors_checked"":1232896}"
        64,         0,         0,   0.294,exact_mw,ca91ffa42463e210e189f165a9a4cbcfd1773a75ca815ff24a9009c31e62d8d0,"{""distance"":7,""physical_error_rate"":0.002}","{""detection_events"":393,""detectors_checked"":38528}"
      3072,         0,         0,   0.062,exact_mw,f5ed540d8b33fe7a17a96c57e6e367075413a3677864b79373445f6bf89adea1,"{""distance"":7,""physical_error_rate"":0.0002}","{""detection_events"":1896,""detectors_checked"":1849344}"
      5120,         0,         0,   0.130,exact_mw,f5ed540d8b33fe7a17a96c57e6e367075413a3677864b79373445f6bf89adea1,"{""distance"":7,""physical_error_rate"":0.0002}","{""detection_events"":3055,""detectors_checked"":3082240}"
      8192,         0,         0,   0.141,exact_mw,f5ed540d8b33fe7a17a96c57e6e367075413a3677864b79373445f6bf89adea1,"{""distance"":7,""physical_error_rate"":0.0002}","{""detection_events"":4608,""detectors_checked"":4931584}"
      3072,         0,         0,   0.624,exact_mw,c34bb01325b9980f7caca1807bd93e7e28846c82b8c0538af034740e6e7d5106,"{""distance"":7,""physical_error_rate"":0.0005}","{""detection_events"":4505,""detectors_checked"":1849344}"
        17,         0,         0,   0.177,exact_mw,ca91ffa42463e210e189f165a9a4cbcfd1773a75ca815ff24a9009c31e62d8d0,"{""distance"":7,""physical_error_rate"":0.002}","{""detection_events"":101,""detectors_checked"":10234}"
     10240,         0,         0,    1.61,exact_mw,c34bb01325b9980f7caca1807bd93e7e28846c82b8c0538af034740e6e7d5106,"{""distance"":7,""physical_error_rate"":0.0005}","{""detection_events"":14964,""detectors_checked"":6164480}"
     10240,         0,         0,   0.202,exact_mw,f5ed540d8b33fe7a17a96c57e6e367075413a3677864b79373445f6bf89adea1,"{""distance"":7,""physical_error_rate"":0.0002}","{""detection_events"":6006,""detectors_checked"":6164480}"
        32,         0,         0,   0.121,exact_mw,ca91ffa42463e210e189f165a9a4cbcfd1773a75ca815ff24a9009c31e62d8d0,"{""distance"":7,""physical_error_rate"":0.002}","{""detection_events"":186,""detectors_checked"":19264}"
    164864,         0,         0,    2.19,exact_mw,f7d5d61828a7d0145c65811496ba49aa9633daaed59c6883f51143c3b878094e,"{""distance"":7,""physical_error_rate"":5e-05}","{""detection_events"":24035,""detectors_checked"":99248128}"
       128,         0,         0,   0.730,exact_mw,ca91ffa42463e210e189f165a9a4cbcfd1773a75ca815ff24a9009c31e62d8d0,"{""distance"":7,""physical_error_rate"":0.002}","{""detection_events"":775,""detectors_checked"":77056}"
     14336,         0,         0,   0.311,exact_mw,f5ed540d8b33fe7a17a96c57e6e367075413a3677864b79373445f6bf89adea1,"{""distance"":7,""physical_error_rate"":0.0002}","{""detection_events"":8682,""detectors_checked"":8630272}"
       128,         0,         0,   0.431,exact_mw,ca91ffa42463e210e189f165a9a4cbcfd1773a75ca815ff24a9009c31e62d8d0,"{""distance"":7,""physical_error_rate"":0.002}","{""detection_events"":755,""detectors_checked"":77056}"
      5120,         0,         0,   0.824,exact_mw,c34bb01325b9980f7caca1807bd93e7e28846c82b8c0538af034740e6e7d5106,"{""distance"":7,""physical_error_rate"":0.0005}","{""detection_events"":7299,""detectors_checked"":3082240}"
     17408,         0,         0,   0.411,exact_mw,f5ed540d8b33fe7a17a96c57e6e367075413a3677864b79373445f6bf89adea1,"{""distance"":7,""physical_error_rate"":0.0002}","{""detection_events"":10298,""detectors_checked"":10479616}"
     64512,         0,         0,    1.53,exact_mw,f5ed540d8b33fe7a17a96c57e6e367075413a3677864b79373445f6bf89adea1,"{""distance"":7,""physical_error_rate"":0.0002}","{""detection_events"":37845,""detectors_checked"":38836224}"
    148480,         0,         0,    2.19,exact_mw,d5491e2f66b0c830b41b0168451c8818c583b15508c9bf9282dc8e7a6cb6bd3f,"{""distance"":7,""physical_error_rate"":0.0001}","{""detection_events"":43916,""detectors_checked"":89384960}"
       128,         0,         0,   0.425,exact_mw,ca91ffa42463e210e189f165a9a4cbcfd1773a75ca815ff24a9009c31e62d8d0,"{""distance"":7,""physical_error_rate"":0.002}","{""detection_events"":731,""detectors_checked"":77056}"
       128,         0,         0,   0.875,exact_mw,ca91ffa42463e210e189f165a9a4cbcfd1773a75ca815ff24a9009c31e62d8d0,"{""distance"":7,""physical_error_rate"":0.002}","{""detection_events"":748,""detectors_checked"":77056}"
     21504,         0,         0,   0.553,exact_mw,f5ed540d8b33fe7a17a96c57e6e367075413a3677864b79373445f6bf89adea1,"{""distance"":7,""physical_error_rate"":0.0002}","{""detection_events"":12599,""detectors_checked"":12945408}"
       128,         0,         0,   0.497,exact_mw,ca91ffa42463e210e189f165a9a4cbcfd1773a75ca815ff24a9009c31e62d8d0,"{""distance"":7,""physical_error_rate"":0.002}","{""detection_events"":769,""detectors_checked"":77056}"
       128,         0,         0,   0.825,exact_mw,ca91ffa42463e210e189f165a9a4cbcfd1773a75ca815ff24a9009c31e62d8d0,"{""distance"":7,""physical_error_rate"":0.002}","{""detection_events"":686,""detectors_checked"":77056}"
      9216,         0,         0,    1.26,exact_mw,c34bb01325b9980f7caca1807bd93e7e28846c82b8c0538af034740e6e7d5106,"{""distance"":7,""physical_error_rate"":0.0005}","{""detection_events"":13444,""detectors_checked"":5548032}"
       273,         0,         0,   0.244,exact_mw,7acd59d404317421b37957afea3f5c66f33c9ef46579a47fd7c0ca3dd0dfc735,"{""distance"":7,""physical_error_rate"":0.001}","{""detection_events"":768,""detectors_checked"":164346}"
       128,         0,         0,   0.704,exact_mw,ca91ffa42463e210e189f165a9a4cbcfd1773a75ca815ff24a9009c31e62d8d0,"{""distance"":7,""physical_error_rate"":0.002}","{""detection_events"":708,""detectors_checked"":77056}"
     37888,         0,         0,   0.786,exact_mw,f5ed540d8b33fe7a17a96c57e6e367075413a3677864b79373445f6bf89adea1,"{""distance"":7,""physical_error_rate"":0.0002}","{""detection_events"":22145,""detectors_checked"":22808576}"
     15360,         0,         0,    2.33,exact_mw,c34bb01325b9980f7caca1807bd93e7e28846c82b8c0538af034740e6e7d5106,"{""distance"":7,""physical_error_rate"":0.0005}","{""detection_events"":23174,""detectors_checked"":9246720}"
       128,         0,         0,   0.553,exact_mw,ca91ffa42463e210e189f165a9a4cbcfd1773a75ca815ff24a9009c31e62d8d0,"{""distance"":7,""physical_error_rate"":0.002}","{""detection_events"":756,""detectors_checked"":77056}"
       512,         0,         0,   0.678,exact_mw,7acd59d404317421b37957afea3f5c66f33c9ef46579a47fd7c0ca3dd0dfc735,"{""distance"":7,""physical_error_rate"":0.001}","{""detection_events"":1509,""detectors_checked"":308224}"
       128,         0,         0,   0.778,exact_mw,ca91ffa42463e210e189f165a9a4cbcfd1773a75ca815ff24a9009c31e62d8d0,"{""distance"":7,""physical_error_rate"":0.002}","{""detection_events"":716,""detectors_checked"":77056}"
     90112,         0,         0,    2.16,exact_mw,f5ed540d8b33fe7a17a96c57e6e367075413a3677864b79373445f6bf89adea1,"{""distance"":7,""physical_error_rate"":0.0002}","{""detection_events"":53033,""detectors_checked"":54247424}"
       128,         0,         0,   0.567,exact_mw,ca91ffa42463e210e189f165a9a4cbcfd1773a75ca815ff24a9009c31e62d8d0,"{""distance"":7,""physical_error_rate"":0.002}","{""detection_events"":687,""detectors_checked"":77056}"
    244736,         0,         0,    3.03,exact_mw,f7d5d61828a7d0145c65811496ba49aa9633daaed59c6883f51143c3b878094e,"{""distance"":7,""physical_error_rate"":5e-05}","{""detection_events"":36183,""detectors_checked"":147331072}"
     44032,         0,         0,    1.10,exact_mw,f5ed540d8b33fe7a17a96c57e6e367075413a3677864b79373445f6bf89adea1,"{""distance"":7,""physical_error_rate"":0.0002}","{""detection_events"":25895,""detectors_checked"":26507264}"
       512,         0,         0,   0.768,exact_mw,7acd59d404317421b37957afea3f5c66f33c9ef46579a47fd7c0ca3dd0dfc735,"{""distance"":7,""physical_error_rate"":0.001}","{""detection_events"":1630,""detectors_checked"":308224}"
        17,         0,         0,   0.034,exact_mw,7acd59d404317421b37957afea3f5c66f33c9ef46579a47fd7c0ca3dd0dfc735,"{""distance"":7,""physical_error_rate"":0.001}","{""detection_events"":56,""detectors_checked"":10234}"
       128,         0,         0,   0.505,exact_mw,ca91ffa42463e210e189f165a9a4cbcfd1773a75ca815ff24a9009c31e62d8d0,"{""distance"":7,""physical_error_rate"":0.002}","{""detection_events"":663,""detectors_checked"":77056}"
     12288,         0,         0,    1.67,exact_mw,c34bb01325b9980f7caca1807bd93e7e28846c82b8c0538af034740e6e7d5106,"{""distance"":7,""physical_error_rate"":0.0005}","{""detection_events"":18015,""detectors_checked"":7397376}"
    753664,         0,         0,   119.9,exact_mw,c34bb01325b9980f7caca1807bd93e7e28846c82b8c0538af034740e6e7d5106,"{""distance"":7,""physical_error_rate"":0.0005}","{""detection_events"":1117404,""detectors_checked"":453705728}"
       128,         0,         0,   0.857,exact_mw,ca91ffa42463e210e189f165a9a4cbcfd1773a75ca815ff24a9009c31e62d8d0,"{""distance"":7,""physical_error_rate"":0.002}","{""detection_events"":760,""detectors_checked"":77056}"
       512,         0,         0,   0.459,exact_mw,7acd59d404317421b37957afea3f5c66f33c9ef46579a47fd7c0ca3dd0dfc735,"{""distance"":7,""physical_error_rate"":0.001}","{""detection_events"":1555,""detectors_checked"":308224}"
    158720,         0,         0,    3.02,exact_mw,d5491e2f66b0c830b41b0168451c8818c583b15508c9bf9282dc8e7a6cb6bd3f,"{""distance"":7,""physical_error_rate"":0.0001}","{""detection_events"":46446,""detectors_checked"":95549440}"
       256,         0,         0,   0.418,exact_mw,7acd59d404317421b37957afea3f5c66f33c9ef46579a47fd7c0ca3dd0dfc735,"{""distance"":7,""physical_error_rate"":0.001}","{""detection_events"":706,""detectors_checked"":154112}"
       128,         0,         0,   0.376,exact_mw,ca91ffa42463e210e189f165a9a4cbcfd1773a75ca815ff24a9009c31e62d8d0,"{""distance"":7,""physical_error_rate"":0.002}","{""detection_events"":698,""detectors_checked"":77056}"
       256,         0,         0,   0.348,exact_mw,7acd59d404317421b37957afea3f5c66f33c9ef46579a47fd7c0ca3dd0dfc735,"{""distance"":7,""physical_error_rate"":0.001}","{""detection_events"":765,""detectors_checked"":154112}"
       128,         0,         0,   0.482,exact_mw,ca91ffa42463e210e189f165a9a4cbcfd1773a75ca815ff24a9009c31e62d8d0,"{""distance"":7,""physical_error_rate"":0.002}","{""detection_events"":743,""detectors_checked"":77056}"
       512,         0,         0,   0.525,exact_mw,7acd59d404317421b37957afea3f5c66f33c9ef46579a47fd7c0ca3dd0dfc735,"{""distance"":7,""physical_error_rate"":0.001}","{""detection_events"":1637,""detectors_checked"":308224}"
       256,         0,         0,   0.388,exact_mw,7acd59d404317421b37957afea3f5c66f33c9ef46579a47fd7c0ca3dd0dfc735,"{""distance"":7,""physical_error_rate"":0.001}","{""detection_events"":820,""detectors_checked"":154112}"
     62464,         0,         0,    1.54,exact_mw,f5ed540d8b33fe7a17a96c57e6e367075413a3677864b79373445f6bf89adea1,"{""distance"":7,""physical_error_rate"":0.0002}","{""detection_events"":36844,""detectors_checked"":37603328}"
       512,         0,         0,   0.348,exact_mw,7acd59d404317421b37957afea3f5c66f33c9ef46579a47fd7c0ca3dd0dfc735,"{""distance"":7,""physical_error_rate"":0.001}","{""detection_events"":1483,""detectors_checked"":308224}"
       128,         0,         0,    1.10,exact_mw,ca91ffa42463e210e189f165a9a4cbcfd1773a75ca815ff24a9009c31e62d8d0,"{""distance"":7,""physical_error_rate"":0.002}","{""detection_events"":795,""detectors_checked"":77056}"
       256,         0,         0,   0.270,exact_mw,7acd59d404317421b37957afea3f5c66f33c9ef46579a47fd7c0ca3dd0dfc735,"{""distance"":7,""physical_error_rate"":0.001}","{""detection_events"":780,""detectors_checked"":154112}"
       128,         0,         0,   0.613,exact_mw,ca91ffa42463e210e189f165a9a4cbcfd1773a75ca815ff24a9009c31e62d8d0,"{""distance"":7,""physical_error_rate"":0.002}","{""detection_events"":694,""detectors_checked"":77056}"
       128,         0,         0,   0.618,exact_mw,ca91ffa42463e210e189f165a9a4cbcfd1773a75ca815ff24a9009c31e62d8d0,"{""distance"":7,""physical_error_rate"":0.002}","{""detection_events"":766,""detectors_checked"":77056}"
     17408,         0,         0,    3.18,exact_mw,c34bb01325b9980f7caca1807bd93e7e28846c82b8c0538af034740e6e7d5106,"{""distance"":7,""physical_error_rate"":0.0005}","{""detection_events"":25487,""detectors_checked"":10479616}"
       512,         0,         0,   0.748,exact_mw,7acd59d404317421b37957afea3f5c66f33c9ef46579a47fd7c0ca3dd0dfc735,"{""distance"":7,""physical_error_rate"":0.001}","{""detection_events"":1595,""detectors_checked"":308224}"
       512,         0,         0,   0.654,exact_mw,7acd59d404317421b37957afea3f5c66f33c9ef46579a47fd7c0ca3dd0dfc735,"{""distance"":7,""physical_error_rate"":0.001}","{""detection_events"":1439,""detectors_checked"":308224}"
       128,         0,         0,   0.570,exact_mw,ca91ffa42463e210e189f165a9a4cbcfd1773a75ca815ff24a9009c31e62d8d0,"{""distance"":7,""physical_error_rate"":0.002}","{""detection_events"":792,""detectors_checked"":77056}"
     14336,         0,         0,    2.20,exact_mw,c34bb01325b9980f7caca1807bd93e7e28846c82b8c0538af034740e6e7d5106,"{""distance"":7,""physical_error_rate"":0.0005}","{""detection_events"":20929,""detectors_checked"":8630272}"
       512,         0,         0,   0.435,exact_mw,7acd59d404317421b37957afea3f5c66f33c9ef46579a47fd7c0ca3dd0dfc735,"{""distance"":7,""physical_error_rate"":0.001}","{""detection_events"":1403,""detectors_checked"":308224}"
    125952,         0,         0,    3.05,exact_mw,f5ed540d8b33fe7a17a96c57e6e367075413a3677864b79373445f6bf89adea1,"{""distance"":7,""physical_error_rate"":0.0002}","{""detection_events"":73998,""detectors_checked"":75823104}"
       128,         0,         0,   0.694,exact_mw,ca91ffa42463e210e189f165a9a4cbcfd1773a75ca815ff24a9009c31e62d8d0,"{""distance"":7,""physical_error_rate"":0.002}","{""detection_events"":807,""detectors_checked"":77056}"
       512,         0,         0,   0.758,exact_mw,7acd59d404317421b37957afea3f5c66f33c9ef46579a47fd7c0ca3dd0dfc735,"{""distance"":7,""physical_error_rate"":0.001}","{""detection_events"":1483,""detectors_checked"":308224}"
       512,         0,         0,   0.371,exact_mw,7acd59d404317421b37957afea3f5c66f33c9ef46579a47fd7c0ca3dd0dfc735,"{""distance"":7,""physical_error_rate"":0.001}","{""detection_events"":1436,""detectors_checked"":308224}"
       512,         0,         0,   0.381,exact_mw,7acd59d404317421b37957afea3f5c66f33c9ef46579a47fd7c0ca3dd0dfc735,"{""distance"":7,""physical_error_rate"":0.001}","{""detection_events"":1359,""detectors_checked"":308224}"
       128,         0,         0,   0.637,exact_mw,ca91ffa42463e210e189f165a9a4cbcfd1773a75ca815ff24a9009c31e62d8d0,"{""distance"":7,""physical_error_rate"":0.002}","{""detection_events"":698,""detectors_checked"":77056}"
       256,         0,         0,    1.21,exact_mw,ca91ffa42463e210e189f165a9a4cbcfd1773a75ca815ff24a9009c31e62d8d0,"{""distance"":7,""physical_error_rate"":0.002}","{""detection_events"":1517,""detectors_checked"":154112}"
       512,         0,         0,   0.624,exact_mw,7acd59d404317421b37957afea3f5c66f33c9ef46579a47fd7c0ca3dd0dfc735,"{""distance"":7,""physical_error_rate"":0.001}","{""detection_events"":1432,""detectors_checked"":308224}"
     83968,         0,         0,    2.22,exact_mw,f5ed540d8b33fe7a17a96c57e6e367075413a3677864b79373445f6bf89adea1,"{""distance"":7,""physical_error_rate"":0.0002}","{""detection_events"":50170,""detectors_checked"":50548736}"
       512,         0,         0,   0.418,exact_mw,7acd59d404317421b37957afea3f5c66f33c9ef46579a47fd7c0ca3dd0dfc735,"{""distance"":7,""physical_error_rate"":0.001}","{""detection_events"":1461,""detectors_checked"":308224}"
    371712,         0,         0,    4.24,exact_mw,f7d5d61828a7d0145c65811496ba49aa9633daaed59c6883f51143c3b878094e,"{""distance"":7,""physical_error_rate"":5e-05}","{""detection_events"":56117,""detectors_checked"":223770624}"
       512,         0,         0,   0.628,exact_mw,7acd59d404317421b37957afea3f5c66f33c9ef46579a47fd7c0ca3dd0dfc735,"{""distance"":7,""physical_error_rate"":0.001}","{""detection_events"":1453,""detectors_checked"":308224}"
       256,         0,         0,    1.00,exact_mw,ca91ffa42463e210e189f165a9a4cbcfd1773a75ca815ff24a9009c31e62d8d0,"{""distance"":7,""physical_error_rate"":0.002}","{""detection_events"":1463,""detectors_checked"":154112}"
       512,         0,         0,   0.631,exact_mw,7acd59d404317421b37957afea3f5c66f33c9ef46579a47fd7c0ca3dd0dfc735,"{""distance"":7,""physical_error_rate"":0.001}","{""detection_events"":1551,""detectors_checked"":308224}"
    195584,         0,         0,    4.24,exact_mw,d5491e2f66b0c830b41b0168451c8818c583b15508c9bf9282dc8e7a6cb6bd3f,"{""distance"":7,""physical_error_rate"":0.0001}","{""detection_events"":58160,""detectors_checked"":117741568}"
       256,         0,         0,    1.51,exact_mw,ca91ffa42463e210e189f165a9a4cbcfd1773a75ca815ff24a9009c31e62d8d0,"{""distance"":7,""physical_error_rate"":0.002}","{""detection_events"":1684,""detectors_checked"":154112}"
       512,         0,         0,   0.705,exact_mw,7acd59d404317421b37957afea3f5c66f33c9ef46579a47fd7c0ca3dd0dfc735,"{""distance"":7,""physical_error_rate"":0.001}","{""detection_events"":1511,""detectors_checked"":308224}"
     17408,         0,         0,    3.06,exact_mw,c34bb01325b9980f7caca1807bd93e7e28846c82b8c0538af034740e6e7d5106,"{""distance"":7,""physical_error_rate"":0.0005}","{""detection_events"":25404,""detectors_checked"":10479616}"
      1024,         0,         0,    1.24,exact_mw,7acd59d404317421b37957afea3f5c66f33c9ef46579a47fd7c0ca3dd0dfc735,"{""distance"":7,""physical_error_rate"":0.001}","{""detection_events"":3207,""detectors_checked"":616448}"
    105216,         0,         0,   120.5,exact_mw,7acd59d404317421b37957afea3f5c66f33c9ef46579a47fd7c0ca3dd0dfc735,"{""distance"":7,""physical_error_rate"":0.001}","{""detection_events"":311356,""detectors_checked"":63340032}"
       256,         0,         0,    1.43,exact_mw,ca91ffa42463e210e189f165a9a4cbcfd1773a75ca815ff24a9009c31e62d8d0,"{""distance"":7,""physical_error_rate"":0.002}","{""detection_events"":1343,""detectors_checked"":154112}"
       512,         0,         0,   0.907,exact_mw,7acd59d404317421b37957afea3f5c66f33c9ef46579a47fd7c0ca3dd0dfc735,"{""distance"":7,""physical_error_rate"":0.001}","{""detection_events"":1576,""detectors_checked"":308224}"
     20480,         0,         0,    4.29,exact_mw,c34bb01325b9980f7caca1807bd93e7e28846c82b8c0538af034740e6e7d5106,"{""distance"":7,""physical_error_rate"":0.0005}","{""detection_events"":30180,""detectors_checked"":12328960}"
       512,         0,         0,   0.645,exact_mw,7acd59d404317421b37957afea3f5c66f33c9ef46579a47fd7c0ca3dd0dfc735,"{""distance"":7,""physical_error_rate"":0.001}","{""detection_events"":1483,""detectors_checked"":308224}"
   5171200,         0,         0,   119.4,exact_mw,f5ed540d8b33fe7a17a96c57e6e367075413a3677864b79373445f6bf89adea1,"{""distance"":7,""physical_error_rate"":0.0002}","{""detection_events"":3067799,""detectors_checked"":3113062400}"
    119808,         0,         0,    3.05,exact_mw,f5ed540d8b33fe7a17a96c57e6e367075413a3677864b79373445f6bf89adea1,"{""distance"":7,""physical_error_rate"":0.0002}","{""detection_events"":71507,""detectors_checked"":72124416}"
      1024,         0,         0,    1.27,exact_mw,7acd59d404317421b37957afea3f5c66f33c9ef46579a47fd7c0ca3dd0dfc735,"{""distance"":7,""physical_error_rate"":0.001}","{""detection_events"":2934,""detectors_checked"":616448}"
    161792,         0,         0,    4.25,exact_mw,f5ed540d8b33fe7a17a96c57e6e367075413a3677864b79373445f6bf89adea1,"{""distance"":7,""physical_error_rate"":0.0002}","{""detection_events"":96918,""detectors_checked"":97398784}"
       512,         0,         0,    2.20,exact_mw,ca91ffa42463e210e189f165a9a4cbcfd1773a75ca815ff24a9009c31e62d8d0,"{""distance"":7,""physical_error_rate"":0.002}","{""detection_events"":3112,""detectors_checked"":308224}"
       512,         0,         0,   0.649,exact_mw,7acd59d404317421b37957afea3f5c66f33c9ef46579a47fd7c0ca3dd0dfc735,"{""distance"":7,""physical_error_rate"":0.001}","{""detection_events"":1530,""detectors_checked"":308224}"
       256,         0,         0,    1.68,exact_mw,ca91ffa42463e210e189f165a9a4cbcfd1773a75ca815ff24a9009c31e62d8d0,"{""distance"":7,""physical_error_rate"":0.002}","{""detection_events"":1634,""detectors_checked"":154112}"
      1024,         0,         0,    1.27,exact_mw,7acd59d404317421b37957afea3f5c66f33c9ef46579a47fd7c0ca3dd0dfc735,"{""distance"":7,""physical_error_rate"":0.001}","{""detection_events"":2975,""detectors_checked"":616448}"
      1024,         0,         0,    1.22,exact_mw,7acd59d404317421b37957afea3f5c66f33c9ef46579a47fd7c0ca3dd0dfc735,"{""distance"":7,""physical_error_rate"":0.001}","{""detection_events"":3038,""detectors_checked"":616448}"
       384,         0,         0,    1.90,exact_mw,ca91ffa42463e210e189f165a9a4cbcfd1773a75ca815ff24a9009c31e62d8d0,"{""distance"":7,""physical_error_rate"":0.002}","{""detection_events"":2209,""detectors_checked"":231168}"
      1024,         0,         0,    1.40,exact_mw,7acd59d404317421b37957afea3f5c66f33c9ef46579a47fd7c0ca3dd0dfc735,"{""distance"":7,""physical_error_rate"":0.001}","{""detection_events"":3157,""detectors_checked"":616448}"
     18432,         0,         0,    4.28,exact_mw,c34bb01325b9980f7caca1807bd93e7e28846c82b8c0538af034740e6e7d5106,"{""distance"":7,""physical_error_rate"":0.0005}","{""detection_events"":27256,""detectors_checked"":11096064}"
    488448,         0,         0,    5.94,exact_mw,f7d5d61828a7d0145c65811496ba49aa9633daaed59c6883f51143c3b878094e,"{""distance"":7,""physical_error_rate"":5e-05}","{""detection_events"":71986,""detectors_checked"":294045696}"
       512,         0,         0,    3.00,exact_mw,ca91ffa42463e210e189f165a9a4cbcfd1773a75ca815ff24a9009c31e62d8d0,"{""distance"":7,""physical_error_rate"":0.002}","{""detection_events"":3124,""detectors_checked"":308224}"
      1536,         0,         0,    1.96,exact_mw,7acd59d404317421b37957afea3f5c66f33c9ef46579a47fd7c0ca3dd0dfc735,"{""distance"":7,""physical_error_rate"":0.001}","{""detection_events"":4420,""detectors_checked"":924672}"
    327680,         0,         0,    5.94,exact_mw,d5491e2f66b0c830b41b0168451c8818c583b15508c9bf9282dc8e7a6cb6bd3f,"{""distance"":7,""physical_error_rate"":0.0001}","{""detection_events"":97383,""detectors_checked"":197263360}"
   2973696,         0,         0,   118.8,exact_mw,d5491e2f66b0c830b41b0168451c8818c583b15508c9bf9282dc8e7a6cb6bd3f,"{""distance"":7,""physical_error_rate"":0.0001}","{""detection_events"":881140,""detectors_checked"":1790164992}"
    159744,         0,         0,    4.32,exact_mw,f5ed540d8b33fe7a17a96c57e6e367075413a3677864b79373445f6bf89adea1,"{""distance"":7,""physical_error_rate"":0.0002}","{""detection_events"":95013,""detectors_checked"":96165888}"
      2048,         0,         0,    1.70,exact_mw,7acd59d404317421b37957afea3f5c66f33c9ef46579a47fd7c0ca3dd0dfc735,"{""distance"":7,""physical_error_rate"":0.001}","{""detection_events"":5957,""detectors_checked"":1232896}"
       640,         0,         0,    2.73,exact_mw,ca91ffa42463e210e189f165a9a4cbcfd1773a75ca815ff24a9009c31e62d8d0,"{""distance"":7,""physical_error_rate"":0.002}","{""detection_events"":3593,""detectors_checked"":385280}"
   8486912,         0,         0,   118.9,exact_mw,d5491e2f66b0c830b41b0168451c8818c583b15508c9bf9282dc8e7a6cb6bd3f,"{""distance"":7,""physical_error_rate"":0.0001}","{""detection_events"":2519773,""detectors_checked"":5109121024}"
     37888,         0,         0,    6.06,exact_mw,c34bb01325b9980f7caca1807bd93e7e28846c82b8c0538af034740e6e7d5106,"{""distance"":7,""physical_error_rate"":0.0005}","{""detection_events"":56049,""detectors_checked"":22808576}"
   6141952,         0,         0,   119.2,exact_mw,d5491e2f66b0c830b41b0168451c8818c583b15508c9bf9282dc8e7a6cb6bd3f,"{""distance"":7,""physical_error_rate"":0.0001}","{""detection_events"":1819149,""detectors_checked"":3697455104}"
      2048,         0,         0,    2.26,exact_mw,7acd59d404317421b37957afea3f5c66f33c9ef46579a47fd7c0ca3dd0dfc735,"{""distance"":7,""physical_error_rate"":0.001}","{""detection_events"":5989,""detectors_checked"":1232896}"
    222208,         0,         0,    5.90,exact_mw,f5ed540d8b33fe7a17a96c57e6e367075413a3677864b79373445f6bf89adea1,"{""distance"":7,""physical_error_rate"":0.0002}","{""detection_events"":130669,""detectors_checked"":133769216}"
   6472704,         0,         0,   119.0,exact_mw,f7d5d61828a7d0145c65811496ba49aa9633daaed59c6883f51143c3b878094e,"{""distance"":7,""physical_error_rate"":5e-05}","{""detection_events"":959301,""detectors_checked"":3896567808}"
       832,         1,         0,    3.53,exact_mw,ca91ffa42463e210e189f165a9a4cbcfd1773a75ca815ff24a9009c31e62d8d0,"{""distance"":7,""physical_error_rate"":0.002}","{""detection_events"":5014,""detectors_checked"":500864,""obs_mistake_mask=E"":1}"
   4458496,         0,         0,   119.3,exact_mw,f5ed540d8b33fe7a17a96c57e6e367075413a3677864b79373445f6bf89adea1,"{""distance"":7,""physical_error_rate"":0.0002}","{""detection_events"":2635307,""detectors_checked"":2684014592}"
      3072,         0,         0,    2.59,exact_mw,7acd59d404317421b37957afea3f5c66f33c9ef46579a47fd7c0ca3dd0dfc735,"{""distance"":7,""physical_error_rate"":0.001}","{""detection_events"":9281,""detectors_checked"":1849344}"
   3490816,         0,         0,   119.2,exact_mw,f5ed540d8b33fe7a17a96c57e6e367075413a3677864b79373445f6bf89adea1,"{""distance"":7,""physical_error_rate"":0.0002}","{""detection_events"":2070867,""detectors_checked"":2101471232}"
   3769344,         1,         0,   119.3,exact_mw,f5ed540d8b33fe7a17a96c57e6e367075413a3677864b79373445f6bf89adea1,"{""distance"":7,""physical_error_rate"":0.0002}","{""detection_events"":2237056,""detectors_checked"":2269145088,""obs_mistake_mask=E"":1}"
   6904832,         0,         0,   119.1,exact_mw,f7d5d61828a7d0145c65811496ba49aa9633daaed59c6883f51143c3b878094e,"{""distance"":7,""physical_error_rate"":5e-05}","{""detection_events"":1023291,""detectors_checked"":4156708864}"
     23232,         1,         0,   120.4,exact_mw,ca91ffa42463e210e189f165a9a4cbcfd1773a75ca815ff24a9009c31e62d8d0,"{""distance"":7,""physical_error_rate"":0.002}","{""detection_events"":136246,""detectors_checked"":13985664,""obs_mistake_mask=E"":1}"
   7324672,         0,         0,   119.0,exact_mw,f7d5d61828a7d0145c65811496ba49aa9633daaed59c6883f51143c3b878094e,"{""distance"":7,""physical_error_rate"":5e-05}","{""detection_events"":1086413,""detectors_checked"":4409452544}"
   6224896,         0,         0,   118.9,exact_mw,f7d5d61828a7d0145c65811496ba49aa9633daaed59c6883f51143c3b878094e,"{""distance"":7,""physical_error_rate"":5e-05}","{""detection_events"":924922,""detectors_checked"":3747387392}"
       768,         0,         0,    3.26,exact_mw,ca91ffa42463e210e189f165a9a4cbcfd1773a75ca815ff24a9009c31e62d8d0,"{""distance"":7,""physical_error_rate"":0.002}","{""detection_events"":4419,""detectors_checked"":462336}"
    750592,         3,         0,   119.9,exact_mw,c34bb01325b9980f7caca1807bd93e7e28846c82b8c0538af034740e6e7d5106,"{""distance"":7,""physical_error_rate"":0.0005}","{""detection_events"":1108513,""detectors_checked"":451856384,""obs_mistake_mask=E"":3}"
   7703552,         0,         0,   118.9,exact_mw,f7d5d61828a7d0145c65811496ba49aa9633daaed59c6883f51143c3b878094e,"{""distance"":7,""physical_error_rate"":5e-05}","{""detection_events"":1144928,""detectors_checked"":4637538304}"
     33792,         0,         0,    6.01,exact_mw,c34bb01325b9980f7caca1807bd93e7e28846c82b8c0538af034740e6e7d5106,"{""distance"":7,""physical_error_rate"":0.0005}","{""detection_events"":50260,""detectors_checked"":20342784}"
      3584,         0,         0,    3.46,exact_mw,7acd59d404317421b37957afea3f5c66f33c9ef46579a47fd7c0ca3dd0dfc735,"{""distance"":7,""physical_error_rate"":0.001}","{""detection_events"":10637,""detectors_checked"":2157568}"
   3096576,         1,         0,   119.2,exact_mw,f5ed540d8b33fe7a17a96c57e6e367075413a3677864b79373445f6bf89adea1,"{""distance"":7,""physical_error_rate"":0.0002}","{""detection_events"":1835446,""detectors_checked"":1864138752,""obs_mistake_mask=E"":1}"
   6203392,         1,         0,   118.9,exact_mw,d5491e2f66b0c830b41b0168451c8818c583b15508c9bf9282dc8e7a6cb6bd3f,"{""distance"":7,""physical_error_rate"":0.0001}","{""detection_events"":1841416,""detectors_checked"":3734441984,""obs_mistake_mask=E"":1}"
    264192,         0,         0,    5.93,exact_mw,f5ed540d8b33fe7a17a96c57e6e367075413a3677864b79373445f6bf89adea1,"{""distance"":7,""physical_error_rate"":0.0002}","{""detection_events"":155354,""detectors_checked"":159043584}"
    130048,         1,         0,   120.1,exact_mw,7acd59d404317421b37957afea3f5c66f33c9ef46579a47fd7c0ca3dd0dfc735,"{""distance"":7,""physical_error_rate"":0.001}","{""detection_events"":384537,""detectors_checked"":78288896,""obs_mistake_mask=E"":1}"
      3584,         0,         0,    3.26,exact_mw,7acd59d404317421b37957afea3f5c66f33c9ef46579a47fd7c0ca3dd0dfc735,"{""distance"":7,""physical_error_rate"":0.001}","{""detection_events"":10372,""detectors_checked"":2157568}"
   6111232,         0,         0,   118.8,exact_mw,d5491e2f66b0c830b41b0168451c8818c583b15508c9bf9282dc8e7a6cb6bd3f,"{""distance"":7,""physical_error_rate"":0.0001}","{""detection_events"":1807689,""detectors_checked"":3678961664}"
      1152,         0,         0,    4.39,exact_mw,ca91ffa42463e210e189f165a9a4cbcfd1773a75ca815ff24a9009c31e62d8d0,"{""distance"":7,""physical_error_rate"":0.002}","{""detection_events"":6671,""detectors_checked"":693504}"
    615424,         2,         0,   120.0,exact_mw,c34bb01325b9980f7caca1807bd93e7e28846c82b8c0538af034740e6e7d5106,"{""distance"":7,""physical_error_rate"":0.0005}","{""detection_events"":913121,""detectors_checked"":370485248,""obs_mistake_mask=E"":2}"
    754688,         0,         0,    8.33,exact_mw,f7d5d61828a7d0145c65811496ba49aa9633daaed59c6883f51143c3b878094e,"{""distance"":7,""physical_error_rate"":5e-05}","{""detection_events"":111935,""detectors_checked"":454322176}"
    581632,         0,         0,    8.34,exact_mw,d5491e2f66b0c830b41b0168451c8818c583b15508c9bf9282dc8e7a6cb6bd3f,"{""distance"":7,""physical_error_rate"":0.0001}","{""detection_events"":172983,""detectors_checked"":350142464}"
     26112,         3,         0,   120.1,exact_mw,ca91ffa42463e210e189f165a9a4cbcfd1773a75ca815ff24a9009c31e62d8d0,"{""distance"":7,""physical_error_rate"":0.002}","{""detection_events"":154839,""detectors_checked"":15719424,""obs_mistake_mask=E"":3}"
      1152,         0,         0,    4.67,exact_mw,ca91ffa42463e210e189f165a9a4cbcfd1773a75ca815ff24a9009c31e62d8d0,"{""distance"":7,""physical_error_rate"":0.002}","{""detection_events"":6689,""detectors_checked"":693504}"
    671744,         0,         0,   120.0,exact_mw,c34bb01325b9980f7caca1807bd93e7e28846c82b8c0538af034740e6e7d5106,"{""distance"":7,""physical_error_rate"":0.0005}","{""detection_events"":995384,""detectors_checked"":404389888}"
      5120,         0,         0,    4.47,exact_mw,7acd59d404317421b37957afea3f5c66f33c9ef46579a47fd7c0ca3dd0dfc735,"{""distance"":7,""physical_error_rate"":0.001}","{""detection_events"":15083,""detectors_checked"":3082240}"
    521216,         1,         0,   119.9,exact_mw,c34bb01325b9980f7caca1807bd93e7e28846c82b8c0538af034740e6e7d5106,"{""distance"":7,""physical_error_rate"":0.0005}","{""detection_events"":770571,""detectors_checked"":313772032,""obs_mistake_mask=E"":1}"
     55296,         0,         0,    8.46,exact_mw,c34bb01325b9980f7caca1807bd93e7e28846c82b8c0538af034740e6e7d5106,"{""distance"":7,""physical_error_rate"":0.0005}","{""detection_events"":82388,""detectors_checked"":33288192}"
    633856,         3,         0,   119.9,exact_mw,c34bb01325b9980f7caca1807bd93e7e28846c82b8c0538af034740e6e7d5106,"{""distance"":7,""physical_error_rate"":0.0005}","{""detection_events"":937984,""detectors_checked"":381581312,""obs_mistake_mask=E"":3}"
    244736,         0,         0,    8.35,exact_mw,f5ed540d8b33fe7a17a96c57e6e367075413a3677864b79373445f6bf89adea1,"{""distance"":7,""physical_error_rate"":0.0002}","{""detection_events"":144875,""detectors_checked"":147331072}"
      5120,         0,         0,    4.74,exact_mw,7acd59d404317421b37957afea3f5c66f33c9ef46579a47fd7c0ca3dd0dfc735,"{""distance"":7,""physical_error_rate"":0.001}","{""detection_events"":15065,""detectors_checked"":3082240}"
     28672,         2,         0,   120.0,exact_mw,ca91ffa42463e210e189f165a9a4cbcfd1773a75ca815ff24a9009c31e62d8d0,"{""distance"":7,""physical_error_rate"":0.002}","{""detection_events"":167785,""detectors_checked"":17260544,""obs_mistake_mask=E"":2}"
      1536,         0,         0,    6.14,exact_mw,ca91ffa42463e210e189f165a9a4cbcfd1773a75ca815ff24a9009c31e62d8d0,"{""distance"":7,""physical_error_rate"":0.002}","{""detection_events"":9031,""detectors_checked"":924672}"
     55296,         1,         0,    8.46,exact_mw,c34bb01325b9980f7caca1807bd93e7e28846c82b8c0538af034740e6e7d5106,"{""distance"":7,""physical_error_rate"":0.0005}","{""detection_events"":82215,""detectors_checked"":33288192,""obs_mistake_mask=E"":1}"
     23456,         4,         0,   120.1,exact_mw,ca91ffa42463e210e189f165a9a4cbcfd1773a75ca815ff24a9009c31e62d8d0,"{""distance"":7,""physical_error_rate"":0.002}","{""detection_events"":138086,""detectors_checked"":14120512,""obs_mistake_mask=E"":4}"
    324608,         0,         0,    8.34,exact_mw,f5ed540d8b33fe7a17a96c57e6e367075413a3677864b79373445f6bf89adea1,"{""distance"":7,""physical_error_rate"":0.0002}","{""detection_events"":192124,""detectors_checked"":195414016}"
      1536,         0,         0,    6.23,exact_mw,ca91ffa42463e210e189f165a9a4cbcfd1773a75ca815ff24a9009c31e62d8d0,"{""distance"":7,""physical_error_rate"":0.002}","{""detection_events"":9001,""detectors_checked"":924672}"
      5120,         1,         0,    6.26,exact_mw,7acd59d404317421b37957afea3f5c66f33c9ef46579a47fd7c0ca3dd0dfc735,"{""distance"":7,""physical_error_rate"":0.001}","{""detection_events"":15392,""detectors_checked"":3082240,""obs_mistake_mask=E"":1}"
     17872,         2,         0,   120.8,exact_mw,ca91ffa42463e210e189f165a9a4cbcfd1773a75ca815ff24a9009c31e62d8d0,"{""distance"":7,""physical_error_rate"":0.002}","{""detection_events"":105213,""detectors_checked"":10758944,""obs_mistake_mask=E"":2}"
      6656,         0,         0,    6.22,exact_mw,7acd59d404317421b37957afea3f5c66f33c9ef46579a47fd7c0ca3dd0dfc735,"{""distance"":7,""physical_error_rate"":0.001}","{""detection_events"":20308,""detectors_checked"":4006912}"
    880640,         0,         0,    11.7,exact_mw,f7d5d61828a7d0145c65811496ba49aa9633daaed59c6883f51143c3b878094e,"{""distance"":7,""physical_error_rate"":5e-05}","{""detection_events"":129943,""detectors_checked"":530145280}"
    119296,         2,         0,   120.0,exact_mw,7acd59d404317421b37957afea3f5c66f33c9ef46579a47fd7c0ca3dd0dfc735,"{""distance"":7,""physical_error_rate"":0.001}","{""detection_events"":352122,""detectors_checked"":71816192,""obs_mistake_mask=E"":2}"
    788480,         0,         0,    11.7,exact_mw,d5491e2f66b0c830b41b0168451c8818c583b15508c9bf9282dc8e7a6cb6bd3f,"{""distance"":7,""physical_error_rate"":0.0001}","{""detection_events"":232916,""detectors_checked"":474664960}"
    104576,         1,         0,   120.4,exact_mw,7acd59d404317421b37957afea3f5c66f33c9ef46579a47fd7c0ca3dd0dfc735,"{""distance"":7,""physical_error_rate"":0.001}","{""detection_events"":307705,""detectors_checked"":62954752,""obs_mistake_mask=E"":1}"
    100992,         3,         0,   120.7,exact_mw,7acd59d404317421b37957afea3f5c66f33c9ef46579a47fd7c0ca3dd0dfc735,"{""distance"":7,""physical_error_rate"":0.001}","{""detection_events"":297666,""detectors_checked"":60797184,""obs_mistake_mask=E"":3}"
     57344,         0,         0,    11.7,exact_mw,c34bb01325b9980f7caca1807bd93e7e28846c82b8c0538af034740e6e7d5106,"{""distance"":7,""physical_error_rate"":0.0005}","{""detection_events"":84549,""detectors_checked"":34521088}"
    358400,         0,         0,    11.7,exact_mw,f5ed540d8b33fe7a17a96c57e6e367075413a3677864b79373445f6bf89adea1,"{""distance"":7,""physical_error_rate"":0.0002}","{""detection_events"":212884,""detectors_checked"":215756800}"
      1536,         0,         0,    8.87,exact_mw,ca91ffa42463e210e189f165a9a4cbcfd1773a75ca815ff24a9009c31e62d8d0,"{""distance"":7,""physical_error_rate"":0.002}","{""detection_events"":8822,""detectors_checked"":924672}"
     23680,         2,         0,   120.4,exact_mw,ca91ffa42463e210e189f165a9a4cbcfd1773a75ca815ff24a9009c31e62d8d0,"{""distance"":7,""physical_error_rate"":0.002}","{""detection_events"":139847,""detectors_checked"":14255360,""obs_mistake_mask=E"":2}"
      1920,         0,         0,    8.88,exact_mw,ca91ffa42463e210e189f165a9a4cbcfd1773a75ca815ff24a9009c31e62d8d0,"{""distance"":7,""physical_error_rate"":0.002}","{""detection_events"":11210,""detectors_checked"":1155840}"
      9728,         1,         0,    8.74,exact_mw,7acd59d404317421b37957afea3f5c66f33c9ef46579a47fd7c0ca3dd0dfc735,"{""distance"":7,""physical_error_rate"":0.001}","{""detection_events"":28801,""detectors_checked"":5856256,""obs_mistake_mask=E"":1}"
    116480,         0,         0,   121.7,exact_mw,7acd59d404317421b37957afea3f5c66f33c9ef46579a47fd7c0ca3dd0dfc735,"{""distance"":7,""physical_error_rate"":0.001}","{""detection_events"":344426,""detectors_checked"":70120960}"
     77824,         0,         0,    11.7,exact_mw,c34bb01325b9980f7caca1807bd93e7e28846c82b8c0538af034740e6e7d5106,"{""distance"":7,""physical_error_rate"":0.0005}","{""detection_events"":115841,""detectors_checked"":46850048}"
    340992,         0,         0,    11.7,exact_mw,f5ed540d8b33fe7a17a96c57e6e367075413a3677864b79373445f6bf89adea1,"{""distance"":7,""physical_error_rate"":0.0002}","{""detection_events"":203374,""detectors_checked"":205277184}"
      9216,         0,         0,    8.85,exact_mw,7acd59d404317421b37957afea3f5c66f33c9ef46579a47fd7c0ca3dd0dfc735,"{""distance"":7,""physical_error_rate"":0.001}","{""detection_events"":27323,""detectors_checked"":5548032}"
       640,         0,         0,    11.9,exact_mw,ca91ffa42463e210e189f165a9a4cbcfd1773a75ca815ff24a9009c31e62d8d0,"{""distance"":7,""physical_error_rate"":0.002}","{""detection_events"":3685,""detectors_checked"":385280}"
   1270784,         0,         0,    16.3,exact_mw,f7d5d61828a7d0145c65811496ba49aa9633daaed59c6883f51143c3b878094e,"{""distance"":7,""physical_error_rate"":5e-05}","{""detection_events"":189892,""detectors_checked"":765011968}"
   1022976,         0,         0,    16.3,exact_mw,d5491e2f66b0c830b41b0168451c8818c583b15508c9bf9282dc8e7a6cb6bd3f,"{""distance"":7,""physical_error_rate"":0.0001}","{""detection_events"":302711,""detectors_checked"":615831552}"
      1344,         0,         0,    12.1,exact_mw,ca91ffa42463e210e189f165a9a4cbcfd1773a75ca815ff24a9009c31e62d8d0,"{""distance"":7,""physical_error_rate"":0.002}","{""detection_events"":8011,""detectors_checked"":809088}"
     14336,         0,         0,    13.1,exact_mw,7acd59d404317421b37957afea3f5c66f33c9ef46579a47fd7c0ca3dd0dfc735,"{""distance"":7,""physical_error_rate"":0.001}","{""detection_events"":42095,""detectors_checked"":8630272}"
     93184,         0,         0,    16.4,exact_mw,c34bb01325b9980f7caca1807bd93e7e28846c82b8c0538af034740e6e7d5106,"{""distance"":7,""physical_error_rate"":0.0005}","{""detection_events"":138112,""detectors_checked"":56096768}"
    317440,         0,         0,    16.3,exact_mw,f5ed540d8b33fe7a17a96c57e6e367075413a3677864b79373445f6bf89adea1,"{""distance"":7,""physical_error_rate"":0.0002}","{""detection_events"":187216,""detectors_checked"":191098880}"
     13312,         0,         0,    12.9,exact_mw,7acd59d404317421b37957afea3f5c66f33c9ef46579a47fd7c0ca3dd0dfc735,"{""distance"":7,""physical_error_rate"":0.001}","{""detection_events"":38854,""detectors_checked"":8013824}"
    111616,         0,         0,    16.6,exact_mw,c34bb01325b9980f7caca1807bd93e7e28846c82b8c0538af034740e6e7d5106,"{""distance"":7,""physical_error_rate"":0.0005}","{""detection_events"":165849,""detectors_checked"":67192832}"
    643072,         1,         0,    16.3,exact_mw,f5ed540d8b33fe7a17a96c57e6e367075413a3677864b79373445f6bf89adea1,"{""distance"":7,""physical_error_rate"":0.0002}","{""detection_events"":382172,""detectors_checked"":387129344,""obs_mistake_mask=E"":1}"
      2208,         0,         0,    16.4,exact_mw,ca91ffa42463e210e189f165a9a4cbcfd1773a75ca815ff24a9009c31e62d8d0,"{""distance"":7,""physical_error_rate"":0.002}","{""detection_events"":13187,""detectors_checked"":1329216}"
       880,         0,         0,    17.0,exact_mw,ca91ffa42463e210e189f165a9a4cbcfd1773a75ca815ff24a9009c31e62d8d0,"{""distance"":7,""physical_error_rate"":0.002}","{""detection_events"":5070,""detectors_checked"":529760}"
   4115456,         3,         0,   119.5,exact_mw,f5ed540d8b33fe7a17a96c57e6e367075413a3677864b79373445f6bf89adea1,"{""distance"":7,""physical_error_rate"":0.0002}","{""detection_events"":2444134,""detectors_checked"":2477504512,""obs_mistake_mask=E"":3}"
     19968,         0,         0,    17.1,exact_mw,7acd59d404317421b37957afea3f5c66f33c9ef46579a47fd7c0ca3dd0dfc735,"{""distance"":7,""physical_error_rate"":0.001}","{""detection_events"":58781,""detectors_checked"":12020736}"
     11648,         0,         0,    16.8,exact_mw,7acd59d404317421b37957afea3f5c66f33c9ef46579a47fd7c0ca3dd0dfc735,"{""distance"":7,""physical_error_rate"":0.001}","{""detection_events"":34573,""detectors_checked"":7012096}"
   8309760,         0,         0,   119.0,exact_mw,d5491e2f66b0c830b41b0168451c8818c583b15508c9bf9282dc8e7a6cb6bd3f,"{""distance"":7,""physical_error_rate"":0.0001}","{""detection_events"":2462581,""detectors_checked"":5002475520}"
   5197824,         1,         0,   119.0,exact_mw,d5491e2f66b0c830b41b0168451c8818c583b15508c9bf9282dc8e7a6cb6bd3f,"{""distance"":7,""physical_error_rate"":0.0001}","{""detection_events"":1545799,""detectors_checked"":3129090048,""obs_mistake_mask=E"":1}"
   9380864,         0,         0,   119.1,exact_mw,f7d5d61828a7d0145c65811496ba49aa9633daaed59c6883f51143c3b878094e,"{""distance"":7,""physical_error_rate"":5e-05}","{""detection_events"":1391225,""detectors_checked"":5647280128}"
   1669120,         0,         0,    22.7,exact_mw,f7d5d61828a7d0145c65811496ba49aa9633daaed59c6883f51143c3b878094e,"{""distance"":7,""physical_error_rate"":5e-05}","{""detection_events"":247462,""detectors_checked"":1004810240}"
   1579008,         0,         0,    22.8,exact_mw,d5491e2f66b0c830b41b0168451c8818c583b15508c9bf9282dc8e7a6cb6bd3f,"{""distance"":7,""physical_error_rate"":0.0001}","{""detection_events"":469018,""detectors_checked"":950562816}"
    131072,         0,         0,    23.0,exact_mw,c34bb01325b9980f7caca1807bd93e7e28846c82b8c0538af034740e6e7d5106,"{""distance"":7,""physical_error_rate"":0.0005}","{""detection_events"":193750,""detectors_checked"":78905344}"
    297984,         0,         0,    22.8,exact_mw,f5ed540d8b33fe7a17a96c57e6e367075413a3677864b79373445f6bf89adea1,"{""distance"":7,""physical_error_rate"":0.0002}","{""detection_events"":176336,""detectors_checked"":179386368}"
    594944,         0,         0,   120.0,exact_mw,c34bb01325b9980f7caca1807bd93e7e28846c82b8c0538af034740e6e7d5106,"{""distance"":7,""physical_error_rate"":0.0005}","{""detection_events"":879113,""detectors_checked"":358156288}"
   4333568,         1,         0,   119.4,exact_mw,f5ed540d8b33fe7a17a96c57e6e367075413a3677864b79373445f6bf89adea1,"{""distance"":7,""physical_error_rate"":0.0002}","{""detection_events"":2562003,""detectors_checked"":2608807936,""obs_mistake_mask=E"":1}"
    121856,         1,         0,    22.9,exact_mw,c34bb01325b9980f7caca1807bd93e7e28846c82b8c0538af034740e6e7d5106,"{""distance"":7,""physical_error_rate"":0.0005}","{""detection_events"":181703,""detectors_checked"":73357312,""obs_mistake_mask=E"":1}"
    697344,         3,         0,   120.0,exact_mw,c34bb01325b9980f7caca1807bd93e7e28846c82b8c0538af034740e6e7d5106,"{""distance"":7,""physical_error_rate"":0.0005}","{""detection_events"":1035322,""detectors_checked"":419801088,""obs_mistake_mask=E"":3}"
   6861824,         0,         0,   118.9,exact_mw,f7d5d61828a7d0145c65811496ba49aa9633daaed59c6883f51143c3b878094e,"{""distance"":7,""physical_error_rate"":5e-05}","{""detection_events"":1014520,""detectors_checked"":4130818048}"
    875520,         0,         0,    22.8,exact_mw,f5ed540d8b33fe7a17a96c57e6e367075413a3677864b79373445f6bf89adea1,"{""distance"":7,""physical_error_rate"":0.0002}","{""detection_events"":517996,""detectors_checked"":527063040}"
   3007488,         0,         0,   119.4,exact_mw,f5ed540d8b33fe7a17a96c57e6e367075413a3677864b79373445f6bf89adea1,"{""distance"":7,""physical_error_rate"":0.0002}","{""detection_events"":1788039,""detectors_checked"":1810507776}"
   7361536,         0,         0,   118.9,exact_mw,f7d5d61828a7d0145c65811496ba49aa9633daaed59c6883f51143c3b878094e,"{""distance"":7,""physical_error_rate"":5e-05}","{""detection_events"":1090640,""detectors_checked"":4431644672}"
    118272,         4,         0,   120.6,exact_mw,7acd59d404317421b37957afea3f5c66f33c9ef46579a47fd7c0ca3dd0dfc735,"{""distance"":7,""physical_error_rate"":0.001}","{""detection_events"":348320,""detectors_checked"":71199744,""obs_mistake_mask=E"":4}"
      5504,         1,         0,    23.4,exact_mw,ca91ffa42463e210e189f165a9a4cbcfd1773a75ca815ff24a9009c31e62d8d0,"{""distance"":7,""physical_error_rate"":0.002}","{""detection_events"":32557,""detectors_checked"":3313408,""obs_mistake_mask=E"":1}"
     20832,         4,         0,   120.3,exact_mw,ca91ffa42463e210e189f165a9a4cbcfd1773a75ca815ff24a9009c31e62d8d0,"{""distance"":7,""physical_error_rate"":0.002}","{""detection_events"":121861,""detectors_checked"":12540864,""obs_mistake_mask=E"":4}"
      3616,         0,         0,    23.1,exact_mw,ca91ffa42463e210e189f165a9a4cbcfd1773a75ca815ff24a9009c31e62d8d0,"{""distance"":7,""physical_error_rate"":0.002}","{""detection_events"":20971,""detectors_checked"":2176832}"
    133632,         4,         0,   120.6,exact_mw,7acd59d404317421b37957afea3f5c66f33c9ef46579a47fd7c0ca3dd0dfc735,"{""distance"":7,""physical_error_rate"":0.001}","{""detection_events"":395412,""detectors_checked"":80446464,""obs_mistake_mask=E"":4}"
     24320,         2,         0,   120.3,exact_mw,ca91ffa42463e210e189f165a9a4cbcfd1773a75ca815ff24a9009c31e62d8d0,"{""distance"":7,""physical_error_rate"":0.002}","{""detection_events"":141720,""detectors_checked"":14640640,""obs_mistake_mask=E"":2}"
     26624,         0,         0,    24.5,exact_mw,7acd59d404317421b37957afea3f5c66f33c9ef46579a47fd7c0ca3dd0dfc735,"{""distance"":7,""physical_error_rate"":0.001}","{""detection_events"":78104,""detectors_checked"":16027648}"
     24576,         0,         0,    27.0,exact_mw,7acd59d404317421b37957afea3f5c66f33c9ef46579a47fd7c0ca3dd0dfc735,"{""distance"":7,""physical_error_rate"":0.001}","{""detection_events"":72420,""detectors_checked"":14794752}"
    696320,         1,         0,   120.0,exact_mw,c34bb01325b9980f7caca1807bd93e7e28846c82b8c0538af034740e6e7d5106,"{""distance"":7,""physical_error_rate"":0.0005}","{""detection_events"":1030345,""detectors_checked"":419184640,""obs_mistake_mask=E"":1}"
   6505472,         0,         0,   119.1,exact_mw,d5491e2f66b0c830b41b0168451c8818c583b15508c9bf9282dc8e7a6cb6bd3f,"{""distance"":7,""physical_error_rate"":0.0001}","{""detection_events"":1930855,""detectors_checked"":3916294144}"
   2644992,         0,         0,    31.9,exact_mw,f7d5d61828a7d0145c65811496ba49aa9633daaed59c6883f51143c3b878094e,"{""distance"":7,""physical_error_rate"":5e-05}","{""detection_events"":391761,""detectors_checked"":1592285184}"
   2235392,         0,         0,    31.9,exact_mw,d5491e2f66b0c830b41b0168451c8818c583b15508c9bf9282dc8e7a6cb6bd3f,"{""distance"":7,""physical_error_rate"":0.0001}","{""detection_events"":662206,""detectors_checked"":1345705984}"
    123392,         2,         0,   120.4,exact_mw,7acd59d404317421b37957afea3f5c66f33c9ef46579a47fd7c0ca3dd0dfc735,"{""distance"":7,""physical_error_rate"":0.001}","{""detection_events"":363624,""detectors_checked"":74281984,""obs_mistake_mask=E"":2}"
    499712,         1,         0,    31.9,exact_mw,f5ed540d8b33fe7a17a96c57e6e367075413a3677864b79373445f6bf89adea1,"{""distance"":7,""physical_error_rate"":0.0002}","{""detection_events"":296157,""detectors_checked"":300826624,""obs_mistake_mask=E"":1}"
     55296,         0,         0,    32.6,exact_mw,c34bb01325b9980f7caca1807bd93e7e28846c82b8c0538af034740e6e7d5106,"{""distance"":7,""physical_error_rate"":0.0005}","{""detection_events"":81978,""detectors_checked"":33288192}"
     29056,         5,         0,   120.1,exact_mw,ca91ffa42463e210e189f165a9a4cbcfd1773a75ca815ff24a9009c31e62d8d0,"{""distance"":7,""physical_error_rate"":0.002}","{""detection_events"":170599,""detectors_checked"":17491712,""obs_mistake_mask=E"":5}"
    203776,         1,         0,    32.3,exact_mw,c34bb01325b9980f7caca1807bd93e7e28846c82b8c0538af034740e6e7d5106,"{""distance"":7,""physical_error_rate"":0.0005}","{""detection_events"":302395,""detectors_checked"":122673152,""obs_mistake_mask=E"":1}"
   1368064,         0,         0,    32.0,exact_mw,f5ed540d8b33fe7a17a96c57e6e367075413a3677864b79373445f6bf89adea1,"{""distance"":7,""physical_error_rate"":0.0002}","{""detection_events"":811052,""detectors_checked"":823574528}"
   7888896,         0,         0,   119.2,exact_mw,f7d5d61828a7d0145c65811496ba49aa9633daaed59c6883f51143c3b878094e,"{""distance"":7,""physical_error_rate"":5e-05}","{""detection_events"":1169793,""detectors_checked"":4749115392}"
   7492608,         1,         0,   119.0,exact_mw,d5491e2f66b0c830b41b0168451c8818c583b15508c9bf9282dc8e7a6cb6bd3f,"{""distance"":7,""physical_error_rate"":0.0001}","{""detection_events"":2225417,""detectors_checked"":4510550016,""obs_mistake_mask=E"":1}"
   4592640,         2,         0,   119.3,exact_mw,f5ed540d8b33fe7a17a96c57e6e367075413a3677864b79373445f6bf89adea1,"{""distance"":7,""physical_error_rate"":0.0002}","{""detection_events"":2720263,""detectors_checked"":2764769280,""obs_mistake_mask=E"":2}"
      7936,         2,         0,    32.2,exact_mw,ca91ffa42463e210e189f165a9a4cbcfd1773a75ca815ff24a9009c31e62d8d0,"{""distance"":7,""physical_error_rate"":0.002}","{""detection_events"":46901,""detectors_checked"":4777472,""obs_mistake_mask=E"":2}"
      8064,         6,         0,    32.4,exact_mw,ca91ffa42463e210e189f165a9a4cbcfd1773a75ca815ff24a9009c31e62d8d0,"{""distance"":7,""physical_error_rate"":0.002}","{""detection_events"":47215,""detectors_checked"":4854528,""obs_mistake_mask=E"":6}"
    769024,         1,         0,   119.9,exact_mw,c34bb01325b9980f7caca1807bd93e7e28846c82b8c0538af034740e6e7d5106,"{""distance"":7,""physical_error_rate"":0.0005}","{""detection_events"":1138850,""detectors_checked"":462952448,""obs_mistake_mask=E"":1}"
      6144,         0,         0,    32.1,exact_mw,7acd59d404317421b37957afea3f5c66f33c9ef46579a47fd7c0ca3dd0dfc735,"{""distance"":7,""physical_error_rate"":0.001}","{""detection_events"":17815,""detectors_checked"":3698688}"
      8704,         0,         0,    32.1,exact_mw,7acd59d404317421b37957afea3f5c66f33c9ef46579a47fd7c0ca3dd0dfc735,"{""distance"":7,""physical_error_rate"":0.001}","{""detection_events"":25441,""detectors_checked"":5239808}"
    102336,         3,         0,   120.3,exact_mw,7acd59d404317421b37957afea3f5c66f33c9ef46579a47fd7c0ca3dd0dfc735,"{""distance"":7,""physical_error_rate"":0.001}","{""detection_events"":302223,""detectors_checked"":61606272,""obs_mistake_mask=E"":3}"
   5675008,         1,         0,   119.3,exact_mw,f5ed540d8b33fe7a17a96c57e6e367075413a3677864b79373445f6bf89adea1,"{""distance"":7,""physical_error_rate"":0.0002}","{""detection_events"":3358568,""detectors_checked"":3416354816,""obs_mistake_mask=E"":1}"
   1845248,         0,         0,   118.8,exact_mw,d5491e2f66b0c830b41b0168451c8818c583b15508c9bf9282dc8e7a6cb6bd3f,"{""distance"":7,""physical_error_rate"":0.0001}","{""detection_events"":547253,""detectors_checked"":1110839296}"
   9155584,         1,         0,   119.2,exact_mw,d5491e2f66b0c830b41b0168451c8818c583b15508c9bf9282dc8e7a6cb6bd3f,"{""distance"":7,""physical_error_rate"":0.0001}","{""detection_events"":2720335,""detectors_checked"":5511661568,""obs_mistake_mask=E"":1}"
   4643840,         0,         0,   118.8,exact_mw,d5491e2f66b0c830b41b0168451c8818c583b15508c9bf9282dc8e7a6cb6bd3f,"{""distance"":7,""physical_error_rate"":0.0001}","{""detection_events"":1377474,""detectors_checked"":2795591680}"
   7041024,         0,         0,   119.0,exact_mw,f7d5d61828a7d0145c65811496ba49aa9633daaed59c6883f51143c3b878094e,"{""distance"":7,""physical_error_rate"":5e-05}","{""detection_events"":1049413,""detectors_checked"":4238696448}"
   4837376,         0,         0,   119.4,exact_mw,f5ed540d8b33fe7a17a96c57e6e367075413a3677864b79373445f6bf89adea1,"{""distance"":7,""physical_error_rate"":0.0002}","{""detection_events"":2864756,""detectors_checked"":2912100352}"
   4484096,         2,         0,   119.4,exact_mw,f5ed540d8b33fe7a17a96c57e6e367075413a3677864b79373445f6bf89adea1,"{""distance"":7,""physical_error_rate"":0.0002}","{""detection_events"":2662807,""detectors_checked"":2699425792,""obs_mistake_mask=E"":2}"
   4483072,         0,         0,   119.4,exact_mw,f5ed540d8b33fe7a17a96c57e6e367075413a3677864b79373445f6bf89adea1,"{""distance"":7,""physical_error_rate"":0.0002}","{""detection_events"":2661145,""detectors_checked"":2698809344}"
   7188480,         0,         0,   118.8,exact_mw,f7d5d61828a7d0145c65811496ba49aa9633daaed59c6883f51143c3b878094e,"{""distance"":7,""physical_error_rate"":5e-05}","{""detection_events"":1065977,""detectors_checked"":4327464960}"
   7032832,         0,         0,   119.0,exact_mw,f7d5d61828a7d0145c65811496ba49aa9633daaed59c6883f51143c3b878094e,"{""distance"":7,""physical_error_rate"":5e-05}","{""detection_events"":1041393,""detectors_checked"":4233764864}"
   7752704,         0,         0,   119.2,exact_mw,f7d5d61828a7d0145c65811496ba49aa9633daaed59c6883f51143c3b878094e,"{""distance"":7,""physical_error_rate"":5e-05}","{""detection_events"":1152331,""detectors_checked"":4667127808}"
     25952,         6,         0,   120.2,exact_mw,ca91ffa42463e210e189f165a9a4cbcfd1773a75ca815ff24a9009c31e62d8d0,"{""distance"":7,""physical_error_rate"":0.002}","{""detection_events"":152899,""detectors_checked"":15623104,""obs_mistake_mask=E"":6}"
   8607744,         0,         0,   119.0,exact_mw,f7d5d61828a7d0145c65811496ba49aa9633daaed59c6883f51143c3b878094e,"{""distance"":7,""physical_error_rate"":5e-05}","{""detection_events"":1279813,""detectors_checked"":5181861888}"
    803840,         1,         0,   119.9,exact_mw,c34bb01325b9980f7caca1807bd93e7e28846c82b8c0538af034740e6e7d5106,"{""distance"":7,""physical_error_rate"":0.0005}","{""detection_events"":1185058,""detectors_checked"":483911680,""obs_mistake_mask=E"":1}"
   3717120,         1,         0,   119.1,exact_mw,f5ed540d8b33fe7a17a96c57e6e367075413a3677864b79373445f6bf89adea1,"{""distance"":7,""physical_error_rate"":0.0002}","{""detection_events"":2203853,""detectors_checked"":2237706240,""obs_mistake_mask=E"":1}"
   7254016,         0,         0,   119.1,exact_mw,d5491e2f66b0c830b41b0168451c8818c583b15508c9bf9282dc8e7a6cb6bd3f,"{""distance"":7,""physical_error_rate"":0.0001}","{""detection_events"":2151205,""detectors_checked"":4366917632}"
    136192,         4,         0,   120.2,exact_mw,7acd59d404317421b37957afea3f5c66f33c9ef46579a47fd7c0ca3dd0dfc735,"{""distance"":7,""physical_error_rate"":0.001}","{""detection_events"":399570,""detectors_checked"":81987584,""obs_mistake_mask=E"":4}"
   7040000,         0,         0,   119.2,exact_mw,d5491e2f66b0c830b41b0168451c8818c583b15508c9bf9282dc8e7a6cb6bd3f,"{""distance"":7,""physical_error_rate"":0.0001}","{""detection_events"":2090772,""detectors_checked"":4238080000}"
    614400,         1,         0,   120.0,exact_mw,c34bb01325b9980f7caca1807bd93e7e28846c82b8c0538af034740e6e7d5106,"{""distance"":7,""physical_error_rate"":0.0005}","{""detection_events"":908774,""detectors_checked"":369868800,""obs_mistake_mask=E"":1}"
     28160,         1,         0,   120.1,exact_mw,ca91ffa42463e210e189f165a9a4cbcfd1773a75ca815ff24a9009c31e62d8d0,"{""distance"":7,""physical_error_rate"":0.002}","{""detection_events"":165565,""detectors_checked"":16952320,""obs_mistake_mask=E"":1}"
    760832,         2,         0,   120.0,exact_mw,c34bb01325b9980f7caca1807bd93e7e28846c82b8c0538af034740e6e7d5106,"{""distance"":7,""physical_error_rate"":0.0005}","{""detection_events"":1130028,""detectors_checked"":458020864,""obs_mistake_mask=E"":2}"
    452096,         1,         0,   119.8,exact_mw,c34bb01325b9980f7caca1807bd93e7e28846c82b8c0538af034740e6e7d5106,"{""distance"":7,""physical_error_rate"":0.0005}","{""detection_events"":671164,""detectors_checked"":272161792,""obs_mistake_mask=E"":1}"
    497152,         0,         0,   120.1,exact_mw,c34bb01325b9980f7caca1807bd93e7e28846c82b8c0538af034740e6e7d5106,"{""distance"":7,""physical_error_rate"":0.0005}","{""detection_events"":735039,""detectors_checked"":299285504}"
   2241240,         0,         0,    31.3,exact_mw,f7d5d61828a7d0145c65811496ba49aa9633daaed59c6883f51143c3b878094e,"{""distance"":7,""physical_error_rate"":5e-05}","{""detection_events"":333248,""detectors_checked"":1349226480}"
   5995520,         1,         0,    72.9,exact_mw,f7d5d61828a7d0145c65811496ba49aa9633daaed59c6883f51143c3b878094e,"{""distance"":7,""physical_error_rate"":5e-05}","{""detection_events"":889099,""detectors_checked"":3609303040,""obs_mistake_mask=E"":1}"
     32256,         4,         0,   120.4,exact_mw,ca91ffa42463e210e189f165a9a4cbcfd1773a75ca815ff24a9009c31e62d8d0,"{""distance"":7,""physical_error_rate"":0.002}","{""detection_events"":188178,""detectors_checked"":19418112,""obs_mistake_mask=E"":4}"
     19536,         1,         0,   120.0,exact_mw,ca91ffa42463e210e189f165a9a4cbcfd1773a75ca815ff24a9009c31e62d8d0,"{""distance"":7,""physical_error_rate"":0.002}","{""detection_events"":114541,""detectors_checked"":11760672,""obs_mistake_mask=E"":1}"
   3692544,         0,         0,    44.6,exact_mw,f7d5d61828a7d0145c65811496ba49aa9633daaed59c6883f51143c3b878094e,"{""distance"":7,""physical_error_rate"":5e-05}","{""detection_events"":547662,""detectors_checked"":2222911488}"
   3164160,         0,         0,    44.6,exact_mw,d5491e2f66b0c830b41b0168451c8818c583b15508c9bf9282dc8e7a6cb6bd3f,"{""distance"":7,""physical_error_rate"":0.0001}","{""detection_events"":938739,""detectors_checked"":1904824320}"
     22288,         4,         0,   120.2,exact_mw,ca91ffa42463e210e189f165a9a4cbcfd1773a75ca815ff24a9009c31e62d8d0,"{""distance"":7,""physical_error_rate"":0.002}","{""detection_events"":130992,""detectors_checked"":13417376,""obs_mistake_mask=E"":4}"
   1560576,         0,         0,    44.8,exact_mw,f5ed540d8b33fe7a17a96c57e6e367075413a3677864b79373445f6bf89adea1,"{""distance"":7,""physical_error_rate"":0.0002}","{""detection_events"":925882,""detectors_checked"":939466752}"
    110080,         0,         0,    45.1,exact_mw,c34bb01325b9980f7caca1807bd93e7e28846c82b8c0538af034740e6e7d5106,"{""distance"":7,""physical_error_rate"":0.0005}","{""detection_events"":162637,""detectors_checked"":66268160}"
    121856,         2,         0,   120.2,exact_mw,7acd59d404317421b37957afea3f5c66f33c9ef46579a47fd7c0ca3dd0dfc735,"{""distance"":7,""physical_error_rate"":0.001}","{""detection_events"":358268,""detectors_checked"":73357312,""obs_mistake_mask=E"":2}"
    108928,         1,         0,   120.5,exact_mw,7acd59d404317421b37957afea3f5c66f33c9ef46579a47fd7c0ca3dd0dfc735,"{""distance"":7,""physical_error_rate"":0.001}","{""detection_events"":321729,""detectors_checked"":65574656,""obs_mistake_mask=E"":1}"
    118656,         2,         0,   120.9,exact_mw,7acd59d404317421b37957afea3f5c66f33c9ef46579a47fd7c0ca3dd0dfc735,"{""distance"":7,""physical_error_rate"":0.001}","{""detection_events"":349878,""detectors_checked"":71430912,""obs_mistake_mask=E"":2}"
    216576,         0,         0,    45.4,exact_mw,c34bb01325b9980f7caca1807bd93e7e28846c82b8c0538af034740e6e7d5106,"{""distance"":7,""physical_error_rate"":0.0005}","{""detection_events"":318093,""detectors_checked"":130378752}"
   1763328,         1,         0,    44.8,exact_mw,f5ed540d8b33fe7a17a96c57e6e367075413a3677864b79373445f6bf89adea1,"{""distance"":7,""physical_error_rate"":0.0002}","{""detection_events"":1048962,""detectors_checked"":1061523456,""obs_mistake_mask=E"":1}"
    105856,         0,         0,   120.4,exact_mw,7acd59d404317421b37957afea3f5c66f33c9ef46579a47fd7c0ca3dd0dfc735,"{""distance"":7,""physical_error_rate"":0.001}","{""detection_events"":312216,""detectors_checked"":63725312}"
     21600,         0,         0,   123.0,exact_mw,ca91ffa42463e210e189f165a9a4cbcfd1773a75ca815ff24a9009c31e62d8d0,"{""distance"":7,""physical_error_rate"":0.002}","{""detection_events"":127537,""detectors_checked"":13003200}"
   5450355,         1,         0,    78.3,exact_mw,f7d5d61828a7d0145c65811496ba49aa9633daaed59c6883f51143c3b878094e,"{""distance"":7,""physical_error_rate"":5e-05}","{""detection_events"":807255,""detectors_checked"":3281113710,""obs_mistake_mask=E"":1}"
     11392,         0,         0,    45.2,exact_mw,ca91ffa42463e210e189f165a9a4cbcfd1773a75ca815ff24a9009c31e62d8d0,"{""distance"":7,""physical_error_rate"":0.002}","{""detection_events"":66919,""detectors_checked"":6857984}"
      7616,         2,         0,    45.3,exact_mw,ca91ffa42463e210e189f165a9a4cbcfd1773a75ca815ff24a9009c31e62d8d0,"{""distance"":7,""physical_error_rate"":0.002}","{""detection_events"":44984,""detectors_checked"":4584832,""obs_mistake_mask=E"":2}"
     45696,         1,         0,    45.1,exact_mw,7acd59d404317421b37957afea3f5c66f33c9ef46579a47fd7c0ca3dd0dfc735,"{""distance"":7,""physical_error_rate"":0.001}","{""detection_events"":135699,""detectors_checked"":27508992,""obs_mistake_mask=E"":1}"
     50432,         0,         0,    45.7,exact_mw,7acd59d404317421b37957afea3f5c66f33c9ef46579a47fd7c0ca3dd0dfc735,"{""distance"":7,""physical_error_rate"":0.001}","{""detection_events"":148523,""detectors_checked"":30360064}"
   3936514,         0,         0,   107.9,exact_mw,f7d5d61828a7d0145c65811496ba49aa9633daaed59c6883f51143c3b878094e,"{""distance"":7,""physical_error_rate"":5e-05}","{""detection_events"":584024,""detectors_checked"":2369781428}"
   3706880,         0,         0,    48.6,exact_mw,f7d5d61828a7d0145c65811496ba49aa9633daaed59c6883f51143c3b878094e,"{""distance"":7,""physical_error_rate"":5e-05}","{""detection_events"":551100,""detectors_checked"":2231541760}"
   4230144,         0,         0,   119.4,exact_mw,f5ed540d8b33fe7a17a96c57e6e367075413a3677864b79373445f6bf89adea1,"{""distance"":7,""physical_error_rate"":0.0002}","{""detection_events"":2514316,""detectors_checked"":2546546688}"
   3542862,         0,         0,    43.6,exact_mw,f7d5d61828a7d0145c65811496ba49aa9633daaed59c6883f51143c3b878094e,"{""distance"":7,""physical_error_rate"":5e-05}","{""detection_events"":526638,""detectors_checked"":2132802924}"
   3296256,         0,         0,    38.6,exact_mw,f7d5d61828a7d0145c65811496ba49aa9633daaed59c6883f51143c3b878094e,"{""distance"":7,""physical_error_rate"":5e-05}","{""detection_events"":489881,""detectors_checked"":1984346112}"
   2990080,         0,         0,    50.0,exact_mw,f7d5d61828a7d0145c65811496ba49aa9633daaed59c6883f51143c3b878094e,"{""distance"":7,""physical_error_rate"":5e-05}","{""detection_events"":444980,""detectors_checked"":1800028160}"
   3193856,         0,         0,    43.7,exact_mw,f7d5d61828a7d0145c65811496ba49aa9633daaed59c6883f51143c3b878094e,"{""distance"":7,""physical_error_rate"":5e-05}","{""detection_events"":476384,""detectors_checked"":1922701312}"
   8359936,         0,         0,   119.1,exact_mw,d5491e2f66b0c830b41b0168451c8818c583b15508c9bf9282dc8e7a6cb6bd3f,"{""distance"":7,""physical_error_rate"":0.0001}","{""detection_events"":2479764,""detectors_checked"":5032681472}"
   6961152,         0,         0,   118.8,exact_mw,d5491e2f66b0c830b41b0168451c8818c583b15508c9bf9282dc8e7a6cb6bd3f,"{""distance"":7,""physical_error_rate"":0.0001}","{""detection_events"":2064189,""detectors_checked"":4190613504}"
    246606,         0,         0,    2.84,exact_mw,f7d5d61828a7d0145c65811496ba49aa9633daaed59c6883f51143c3b878094e,"{""distance"":7,""physical_error_rate"":5e-05}","{""detection_events"":36577,""detectors_checked"":148456812}"
   2558976,         0,         0,    53.1,exact_mw,f7d5d61828a7d0145c65811496ba49aa9633daaed59c6883f51143c3b878094e,"{""distance"":7,""physical_error_rate"":5e-05}","{""detection_events"":378203,""detectors_checked"":1540503552}"
   2082816,         0,         0,    55.1,exact_mw,f7d5d61828a7d0145c65811496ba49aa9633daaed59c6883f51143c3b878094e,"{""distance"":7,""physical_error_rate"":5e-05}","{""detection_events"":309530,""detectors_checked"":1253855232}"
   1845208,         0,         0,    53.0,exact_mw,f7d5d61828a7d0145c65811496ba49aa9633daaed59c6883f51143c3b878094e,"{""distance"":7,""physical_error_rate"":5e-05}","{""detection_events"":273632,""detectors_checked"":1110815216}"
   1629184,         0,         0,    29.9,exact_mw,f7d5d61828a7d0145c65811496ba49aa9633daaed59c6883f51143c3b878094e,"{""distance"":7,""physical_error_rate"":5e-05}","{""detection_events"":241404,""detectors_checked"":980768768}"
    539136,         2,         0,   119.9,exact_mw,c34bb01325b9980f7caca1807bd93e7e28846c82b8c0538af034740e6e7d5106,"{""distance"":7,""physical_error_rate"":0.0005}","{""detection_events"":796607,""detectors_checked"":324559872,""obs_mistake_mask=E"":2}"
   3043328,         0,         0,   119.6,exact_mw,f5ed540d8b33fe7a17a96c57e6e367075413a3677864b79373445f6bf89adea1,"{""distance"":7,""physical_error_rate"":0.0002}","{""detection_events"":1802662,""detectors_checked"":1832083456}"
    803840,         1,         0,   120.0,exact_mw,c34bb01325b9980f7caca1807bd93e7e28846c82b8c0538af034740e6e7d5106,"{""distance"":7,""physical_error_rate"":0.0005}","{""detection_events"":1185793,""detectors_checked"":483911680,""obs_mistake_mask=E"":1}"
   1693696,         0,         0,   119.5,exact_mw,f5ed540d8b33fe7a17a96c57e6e367075413a3677864b79373445f6bf89adea1,"{""distance"":7,""physical_error_rate"":0.0002}","{""detection_events"":999708,""detectors_checked"":1019604992}"
    819163,         0,         0,    12.0,exact_mw,f7d5d61828a7d0145c65811496ba49aa9633daaed59c6883f51143c3b878094e,"{""distance"":7,""physical_error_rate"":5e-05}","{""detection_events"":122314,""detectors_checked"":493136126}"
   1123328,         0,         0,    15.8,exact_mw,f7d5d61828a7d0145c65811496ba49aa9633daaed59c6883f51143c3b878094e,"{""distance"":7,""physical_error_rate"":5e-05}","{""detection_events"":167165,""detectors_checked"":676243456}"
   1125376,         0,         0,    15.7,exact_mw,f7d5d61828a7d0145c65811496ba49aa9633daaed59c6883f51143c3b878094e,"{""distance"":7,""physical_error_rate"":5e-05}","{""detection_events"":167030,""detectors_checked"":677476352}"
    992256,         0,         0,    14.8,exact_mw,f7d5d61828a7d0145c65811496ba49aa9633daaed59c6883f51143c3b878094e,"{""distance"":7,""physical_error_rate"":5e-05}","{""detection_events"":148686,""detectors_checked"":597338112}"
   1076224,         0,         0,    14.9,exact_mw,f7d5d61828a7d0145c65811496ba49aa9633daaed59c6883f51143c3b878094e,"{""distance"":7,""physical_error_rate"":5e-05}","{""detection_events"":158473,""detectors_checked"":647886848}"
    955392,         0,         0,    14.8,exact_mw,f7d5d61828a7d0145c65811496ba49aa9633daaed59c6883f51143c3b878094e,"{""distance"":7,""physical_error_rate"":5e-05}","{""detection_events"":141336,""detectors_checked"":575145984}"
    726803,         0,         0,    11.9,exact_mw,f7d5d61828a7d0145c65811496ba49aa9633daaed59c6883f51143c3b878094e,"{""distance"":7,""physical_error_rate"":5e-05}","{""detection_events"":107657,""detectors_checked"":437535406}"
    619520,         0,         0,    11.9,exact_mw,f7d5d61828a7d0145c65811496ba49aa9633daaed59c6883f51143c3b878094e,"{""distance"":7,""physical_error_rate"":5e-05}","{""detection_events"":90983,""detectors_checked"":372951040}"
    802816,         0,         0,    12.1,exact_mw,f7d5d61828a7d0145c65811496ba49aa9633daaed59c6883f51143c3b878094e,"{""distance"":7,""physical_error_rate"":5e-05}","{""detection_events"":118862,""detectors_checked"":483295232}"
    392192,         0,         0,    12.0,exact_mw,f7d5d61828a7d0145c65811496ba49aa9633daaed59c6883f51143c3b878094e,"{""distance"":7,""physical_error_rate"":5e-05}","{""detection_events"":57533,""detectors_checked"":236099584}"
    125229,         0,         0,    1.62,exact_mw,f7d5d61828a7d0145c65811496ba49aa9633daaed59c6883f51143c3b878094e,"{""distance"":7,""physical_error_rate"":5e-05}","{""detection_events"":18796,""detectors_checked"":75387858}"
    157760,         0,         0,    2.11,exact_mw,f7d5d61828a7d0145c65811496ba49aa9633daaed59c6883f51143c3b878094e,"{""distance"":7,""physical_error_rate"":5e-05}","{""detection_events"":23658,""detectors_checked"":94971520}"
    151552,         0,         0,    2.13,exact_mw,f7d5d61828a7d0145c65811496ba49aa9633daaed59c6883f51143c3b878094e,"{""distance"":7,""physical_error_rate"":5e-05}","{""detection_events"":22493,""detectors_checked"":91234304}"
    152576,         0,         0,    2.11,exact_mw,f7d5d61828a7d0145c65811496ba49aa9633daaed59c6883f51143c3b878094e,"{""distance"":7,""physical_error_rate"":5e-05}","{""detection_events"":22499,""detectors_checked"":91850752}"
    151552,         0,         0,    2.01,exact_mw,f7d5d61828a7d0145c65811496ba49aa9633daaed59c6883f51143c3b878094e,"{""distance"":7,""physical_error_rate"":5e-05}","{""detection_events"":22543,""detectors_checked"":91234304}"
    155648,         0,         0,    2.13,exact_mw,f7d5d61828a7d0145c65811496ba49aa9633daaed59c6883f51143c3b878094e,"{""distance"":7,""physical_error_rate"":5e-05}","{""detection_events"":22929,""detectors_checked"":93700096}"
    141984,         0,         0,    2.09,exact_mw,f7d5d61828a7d0145c65811496ba49aa9633daaed59c6883f51143c3b878094e,"{""distance"":7,""physical_error_rate"":5e-05}","{""detection_events"":21032,""detectors_checked"":85474368}"
    138240,         0,         0,    2.15,exact_mw,f7d5d61828a7d0145c65811496ba49aa9633daaed59c6883f51143c3b878094e,"{""distance"":7,""physical_error_rate"":5e-05}","{""detection_events"":20475,""detectors_checked"":83220480}"
    116736,         0,         0,    2.29,exact_mw,f7d5d61828a7d0145c65811496ba49aa9633daaed59c6883f51143c3b878094e,"{""distance"":7,""physical_error_rate"":5e-05}","{""detection_events"":17187,""detectors_checked"":70275072}"
    112640,         0,         0,    2.21,exact_mw,f7d5d61828a7d0145c65811496ba49aa9633daaed59c6883f51143c3b878094e,"{""distance"":7,""physical_error_rate"":5e-05}","{""detection_events"":17018,""detectors_checked"":67809280}"
     15776,         0,         0,   0.214,exact_mw,f7d5d61828a7d0145c65811496ba49aa9633daaed59c6883f51143c3b878094e,"{""distance"":7,""physical_error_rate"":5e-05}","{""detection_events"":2298,""detectors_checked"":9497152}"
     15776,         0,         0,   0.204,exact_mw,f7d5d61828a7d0145c65811496ba49aa9633daaed59c6883f51143c3b878094e,"{""distance"":7,""physical_error_rate"":5e-05}","{""detection_events"":2340,""detectors_checked"":9497152}"
     54272,         0,         0,   0.722,exact_mw,f7d5d61828a7d0145c65811496ba49aa9633daaed59c6883f51143c3b878094e,"{""distance"":7,""physical_error_rate"":5e-05}","{""detection_events"":8013,""detectors_checked"":32671744}"
     17882,         0,         0,   0.232,exact_mw,f7d5d61828a7d0145c65811496ba49aa9633daaed59c6883f51143c3b878094e,"{""distance"":7,""physical_error_rate"":5e-05}","{""detection_events"":2808,""detectors_checked"":10764964}"
     21309,         0,         0,   0.269,exact_mw,f7d5d61828a7d0145c65811496ba49aa9633daaed59c6883f51143c3b878094e,"{""distance"":7,""physical_error_rate"":5e-05}","{""detection_events"":3169,""detectors_checked"":12828018}"
      1706,         0,         0,   0.020,exact_mw,f7d5d61828a7d0145c65811496ba49aa9633daaed59c6883f51143c3b878094e,"{""distance"":7,""physical_error_rate"":5e-05}","{""detection_events"":269,""detectors_checked"":1027012}"
     18432,         0,         0,   0.243,exact_mw,f7d5d61828a7d0145c65811496ba49aa9633daaed59c6883f51143c3b878094e,"{""distance"":7,""physical_error_rate"":5e-05}","{""detection_events"":2597,""detectors_checked"":11096064}"
      9417,         0,         0,   0.113,exact_mw,f7d5d61828a7d0145c65811496ba49aa9633daaed59c6883f51143c3b878094e,"{""distance"":7,""physical_error_rate"":5e-05}","{""detection_events"":1382,""detectors_checked"":5669034}"
     16384,         0,         0,   0.214,exact_mw,f7d5d61828a7d0145c65811496ba49aa9633daaed59c6883f51143c3b878094e,"{""distance"":7,""physical_error_rate"":5e-05}","{""detection_events"":2322,""detectors_checked"":9863168}"
     16384,         0,         0,   0.204,exact_mw,f7d5d61828a7d0145c65811496ba49aa9633daaed59c6883f51143c3b878094e,"{""distance"":7,""physical_error_rate"":5e-05}","{""detection_events"":2277,""detectors_checked"":9863168}"
     14434,         0,         0,   0.219,exact_mw,f7d5d61828a7d0145c65811496ba49aa9633daaed59c6883f51143c3b878094e,"{""distance"":7,""physical_error_rate"":5e-05}","{""detection_events"":2218,""detectors_checked"":8689268}"
     17390,         0,         0,   0.230,exact_mw,f7d5d61828a7d0145c65811496ba49aa9633daaed59c6883f51143c3b878094e,"{""distance"":7,""physical_error_rate"":5e-05}","{""detection_events"":2514,""detectors_checked"":10468780}"
     15360,         0,         0,   0.174,exact_mw,f7d5d61828a7d0145c65811496ba49aa9633daaed59c6883f51143c3b878094e,"{""distance"":7,""physical_error_rate"":5e-05}","{""detection_events"":2401,""detectors_checked"":9246720}"
     15360,         0,         0,   0.190,exact_mw,f7d5d61828a7d0145c65811496ba49aa9633daaed59c6883f51143c3b878094e,"{""distance"":7,""physical_error_rate"":5e-05}","{""detection_events"":2315,""detectors_checked"":9246720}"
     12944,         0,         0,   0.157,exact_mw,f7d5d61828a7d0145c65811496ba49aa9633daaed59c6883f51143c3b878094e,"{""distance"":7,""physical_error_rate"":5e-05}","{""detection_events"":1876,""detectors_checked"":7792288}"
     12288,         0,         0,   0.145,exact_mw,f7d5d61828a7d0145c65811496ba49aa9633daaed59c6883f51143c3b878094e,"{""distance"":7,""physical_error_rate"":5e-05}","{""detection_events"":1818,""detectors_checked"":7397376}"
       257,         0,         0,   0.002,exact_mw,f7d5d61828a7d0145c65811496ba49aa9633daaed59c6883f51143c3b878094e,"{""distance"":7,""physical_error_rate"":5e-05}","{""detection_events"":46,""detectors_checked"":154714}"
      1006,         0,         0,   0.007,exact_mw,f7d5d61828a7d0145c65811496ba49aa9633daaed59c6883f51143c3b878094e,"{""distance"":7,""physical_error_rate"":5e-05}","{""detection_events"":92,""detectors_checked"":605612}"
      2030,         0,         0,   0.013,exact_mw,f7d5d61828a7d0145c65811496ba49aa9633daaed59c6883f51143c3b878094e,"{""distance"":7,""physical_error_rate"":5e-05}","{""detection_events"":298,""detectors_checked"":1222060}"
      1006,         0,         0,   0.007,exact_mw,f7d5d61828a7d0145c65811496ba49aa9633daaed59c6883f51143c3b878094e,"{""distance"":7,""physical_error_rate"":5e-05}","{""detection_events"":181,""detectors_checked"":605612}"
       508,         0,         0,   0.003,exact_mw,f7d5d61828a7d0145c65811496ba49aa9633daaed59c6883f51143c3b878094e,"{""distance"":7,""physical_error_rate"":5e-05}","{""detection_events"":67,""detectors_checked"":305816}"
      1374,         0,         0,   0.018,exact_mw,f7d5d61828a7d0145c65811496ba49aa9633daaed59c6883f51143c3b878094e,"{""distance"":7,""physical_error_rate"":5e-05}","{""detection_events"":196,""detectors_checked"":827148}"
     12288,         0,         0,   0.244,exact_mw,f7d5d61828a7d0145c65811496ba49aa9633daaed59c6883f51143c3b878094e,"{""distance"":7,""physical_error_rate"":5e-05}","{""detection_events"":1671,""detectors_checked"":7397376}"
      1859,         0,         0,   0.030,exact_mw,f7d5d61828a7d0145c65811496ba49aa9633daaed59c6883f51143c3b878094e,"{""distance"":7,""physical_error_rate"":5e-05}","{""detection_events"":256,""detectors_checked"":1119118}"
       576,         0,         0,   0.004,exact_mw,f7d5d61828a7d0145c65811496ba49aa9633daaed59c6883f51143c3b878094e,"{""distance"":7,""physical_error_rate"":5e-05}","{""detection_events"":129,""detectors_checked"":346752}"
      2048,         0,         0,   0.017,exact_mw,f7d5d61828a7d0145c65811496ba49aa9633daaed59c6883f51143c3b878094e,"{""distance"":7,""physical_error_rate"":5e-05}","{""detection_events"":346,""detectors_checked"":1232896}"
        80,         0,         0,   0.001,exact_mw,f7d5d61828a7d0145c65811496ba49aa9633daaed59c6883f51143c3b878094e,"{""distance"":7,""physical_error_rate"":5e-05}","{""detection_events"":9,""detectors_checked"":48160}"
       347,         0,         0,   0.003,exact_mw,f7d5d61828a7d0145c65811496ba49aa9633daaed59c6883f51143c3b878094e,"{""distance"":7,""physical_error_rate"":5e-05}","{""detection_events"":59,""detectors_checked"":208894}"
        84,         0,         0,   0.001,exact_mw,f7d5d61828a7d0145c65811496ba49aa9633daaed59c6883f51143c3b878094e,"{""distance"":7,""physical_error_rate"":5e-05}","{""detection_events"":35,""detectors_checked"":50568}"
        76,         0,         0,   0.001,exact_mw,f7d5d61828a7d0145c65811496ba49aa9633daaed59c6883f51143c3b878094e,"{""distance"":7,""physical_error_rate"":5e-05}","{""detection_events"":4,""detectors_checked"":45752}"
        76,         0,         0,   0.001,exact_mw,f7d5d61828a7d0145c65811496ba49aa9633daaed59c6883f51143c3b878094e,"{""distance"":7,""physical_error_rate"":5e-05}","{""detection_events"":7,""detectors_checked"":45752}"
        76,         0,         0,   0.001,exact_mw,f7d5d61828a7d0145c65811496ba49aa9633daaed59c6883f51143c3b878094e,"{""distance"":7,""physical_error_rate"":5e-05}","{""detection_events"":6,""detectors_checked"":45752}"
        76,         0,         0,   0.001,exact_mw,f7d5d61828a7d0145c65811496ba49aa9633daaed59c6883f51143c3b878094e,"{""distance"":7,""physical_error_rate"":5e-05}","{""detection_events"":24,""detectors_checked"":45752}"
         3,         0,         0,   0.001,exact_mw,f7d5d61828a7d0145c65811496ba49aa9633daaed59c6883f51143c3b878094e,"{""distance"":7,""physical_error_rate"":5e-05}","{""detectors_checked"":1806}"
         1,         0,         0,   0.001,exact_mw,f7d5d61828a7d0145c65811496ba49aa9633daaed59c6883f51143c3b878094e,"{""distance"":7,""physical_error_rate"":5e-05}","{""detectors_checked"":602}"
         3,         0,         0,   0.001,exact_mw,f7d5d61828a7d0145c65811496ba49aa9633daaed59c6883f51143c3b878094e,"{""distance"":7,""physical_error_rate"":5e-05}","{""detectors_checked"":1806}"
         3,         0,         0,   0.001,exact_mw,f7d5d61828a7d0145c65811496ba49aa9633daaed59c6883f51143c3b878094e,"{""distance"":7,""physical_error_rate"":5e-05}","{""detectors_checked"":1806}"
         3,         0,         0,   0.001,exact_mw,f7d5d61828a7d0145c65811496ba49aa9633daaed59c6883f51143c3b878094e,"{""distance"":7,""physical_error_rate"":5e-05}","{""detectors_checked"":1806}"
         2,         0,         0,   0.001,exact_mw,f7d5d61828a7d0145c65811496ba49aa9633daaed59c6883f51143c3b878094e,"{""distance"":7,""physical_error_rate"":5e-05}","{""detectors_checked"":1204}"
         2,         0,         0,   0.001,exact_mw,f7d5d61828a7d0145c65811496ba49aa9633daaed59c6883f51143c3b878094e,"{""distance"":7,""physical_error_rate"":5e-05}","{""detectors_checked"":1204}"
         2,         0,         0,   0.001,exact_mw,f7d5d61828a7d0145c65811496ba49aa9633daaed59c6883f51143c3b878094e,"{""distance"":7,""physical_error_rate"":5e-05}","{""detectors_checked"":1204}"
         1,         0,         0,   0.001,exact_mw,f7d5d61828a7d0145c65811496ba49aa9633daaed59c6883f51143c3b878094e,"{""distance"":7,""physical_error_rate"":5e-05}","{""detectors_checked"":602}"
         1,         0,         0,   0.001,exact_mw,f7d5d61828a7d0145c65811496ba49aa9633daaed59c6883f51143c3b878094e,"{""distance"":7,""physical_error_rate"":5e-05}","{""detectors_checked"":602}"
         1,         0,         0,   0.001,exact_mw,f7d5d61828a7d0145c65811496ba49aa9633daaed59c6883f51143c3b878094e,"{""distance"":7,""physical_error_rate"":5e-05}","{""detectors_checked"":602}"
         1,         0,         0,   0.001,exact_mw,f7d5d61828a7d0145c65811496ba49aa9633daaed59c6883f51143c3b878094e,"{""distance"":7,""physical_error_rate"":5e-05}","{""detectors_checked"":602}"
         1,         0,         0,   0.001,exact_mw,f7d5d61828a7d0145c65811496ba49aa9633daaed59c6883f51143c3b878094e,"{""distance"":7,""physical_error_rate"":5e-05}","{""detectors_checked"":602}"
         1,         0,         0,   0.001,exact_mw,f7d5d61828a7d0145c65811496ba49aa9633daaed59c6883f51143c3b878094e,"{""distance"":7,""physical_error_rate"":5e-05}","{""detectors_checked"":602}"
     73088,         2,         0,   120.3,exact_mw,7acd59d404317421b37957afea3f5c66f33c9ef46579a47fd7c0ca3dd0dfc735,"{""distance"":7,""physical_error_rate"":0.001}","{""detection_events"":217191,""detectors_checked"":43998976,""obs_mistake_mask=E"":2}"
     22592,         3,         0,   120.2,exact_mw,ca91ffa42463e210e189f165a9a4cbcfd1773a75ca815ff24a9009c31e62d8d0,"{""distance"":7,""physical_error_rate"":0.002}","{""detection_events"":130195,""detectors_checked"":13600384,""obs_mistake_mask=E"":3}"
    136704,         2,         0,   120.0,exact_mw,7acd59d404317421b37957afea3f5c66f33c9ef46579a47fd7c0ca3dd0dfc735,"{""distance"":7,""physical_error_rate"":0.001}","{""detection_events"":401617,""detectors_checked"":82295808,""obs_mistake_mask=E"":2}"
     22784,         3,         0,   120.6,exact_mw,ca91ffa42463e210e189f165a9a4cbcfd1773a75ca815ff24a9009c31e62d8d0,"{""distance"":7,""physical_error_rate"":0.002}","{""detection_events"":133858,""detectors_checked"":13715968,""obs_mistake_mask=E"":3}"
   3923968,         0,         0,    62.4,exact_mw,d5491e2f66b0c830b41b0168451c8818c583b15508c9bf9282dc8e7a6cb6bd3f,"{""distance"":7,""physical_error_rate"":0.0001}","{""detection_events"":1166465,""detectors_checked"":2362228736}"
   1622016,         0,         0,    62.6,exact_mw,f5ed540d8b33fe7a17a96c57e6e367075413a3677864b79373445f6bf89adea1,"{""distance"":7,""physical_error_rate"":0.0002}","{""detection_events"":961598,""detectors_checked"":976453632}"
    316416,         0,         0,    63.0,exact_mw,c34bb01325b9980f7caca1807bd93e7e28846c82b8c0538af034740e6e7d5106,"{""distance"":7,""physical_error_rate"":0.0005}","{""detection_events"":466721,""detectors_checked"":190482432}"
    751616,         3,         0,   120.1,exact_mw,c34bb01325b9980f7caca1807bd93e7e28846c82b8c0538af034740e6e7d5106,"{""distance"":7,""physical_error_rate"":0.0005}","{""detection_events"":1112155,""detectors_checked"":452472832,""obs_mistake_mask=E"":3}"
   6207488,         0,         0,   118.9,exact_mw,d5491e2f66b0c830b41b0168451c8818c583b15508c9bf9282dc8e7a6cb6bd3f,"{""distance"":7,""physical_error_rate"":0.0001}","{""detection_events"":1841186,""detectors_checked"":3736907776}"
    272896,         2,         0,    63.0,exact_mw,c34bb01325b9980f7caca1807bd93e7e28846c82b8c0538af034740e6e7d5106,"{""distance"":7,""physical_error_rate"":0.0005}","{""detection_events"":402565,""detectors_checked"":164283392,""obs_mistake_mask=E"":2}"
   2220032,         1,         0,    62.6,exact_mw,f5ed540d8b33fe7a17a96c57e6e367075413a3677864b79373445f6bf89adea1,"{""distance"":7,""physical_error_rate"":0.0002}","{""detection_events"":1320897,""detectors_checked"":1336459264,""obs_mistake_mask=E"":1}"
       273,         0,         0,   0.003,exact_mw,d5491e2f66b0c830b41b0168451c8818c583b15508c9bf9282dc8e7a6cb6bd3f,"{""distance"":7,""physical_error_rate"":0.0001}","{""detection_events"":79,""detectors_checked"":164346}"
      1024,         0,         0,   0.007,exact_mw,d5491e2f66b0c830b41b0168451c8818c583b15508c9bf9282dc8e7a6cb6bd3f,"{""distance"":7,""physical_error_rate"":0.0001}","{""detection_events"":270,""detectors_checked"":616448}"
      2048,         0,         0,   0.027,exact_mw,d5491e2f66b0c830b41b0168451c8818c583b15508c9bf9282dc8e7a6cb6bd3f,"{""distance"":7,""physical_error_rate"":0.0001}","{""detection_events"":564,""detectors_checked"":1232896}"
      2048,         0,         0,   0.030,exact_mw,d5491e2f66b0c830b41b0168451c8818c583b15508c9bf9282dc8e7a6cb6bd3f,"{""distance"":7,""physical_error_rate"":0.0001}","{""detection_events"":620,""detectors_checked"":1232896}"
      3072,         0,         0,   0.053,exact_mw,d5491e2f66b0c830b41b0168451c8818c583b15508c9bf9282dc8e7a6cb6bd3f,"{""distance"":7,""physical_error_rate"":0.0001}","{""detection_events"":832,""detectors_checked"":1849344}"
      4096,         0,         0,   0.056,exact_mw,d5491e2f66b0c830b41b0168451c8818c583b15508c9bf9282dc8e7a6cb6bd3f,"{""distance"":7,""physical_error_rate"":0.0001}","{""detection_events"":1366,""detectors_checked"":2465792}"
      5120,         0,         0,   0.077,exact_mw,d5491e2f66b0c830b41b0168451c8818c583b15508c9bf9282dc8e7a6cb6bd3f,"{""distance"":7,""physical_error_rate"":0.0001}","{""detection_events"":1423,""detectors_checked"":3082240}"
    128000,         2,         0,   120.2,exact_mw,7acd59d404317421b37957afea3f5c66f33c9ef46579a47fd7c0ca3dd0dfc735,"{""distance"":7,""physical_error_rate"":0.001}","{""detection_events"":378601,""detectors_checked"":77056000,""obs_mistake_mask=E"":2}"
      6144,         0,         0,   0.143,exact_mw,d5491e2f66b0c830b41b0168451c8818c583b15508c9bf9282dc8e7a6cb6bd3f,"{""distance"":7,""physical_error_rate"":0.0001}","{""detection_events"":1823,""detectors_checked"":3698688}"
     10240,         0,         0,   0.152,exact_mw,d5491e2f66b0c830b41b0168451c8818c583b15508c9bf9282dc8e7a6cb6bd3f,"{""distance"":7,""physical_error_rate"":0.0001}","{""detection_events"":2849,""detectors_checked"":6164480}"
     14336,         0,         0,   0.206,exact_mw,d5491e2f66b0c830b41b0168451c8818c583b15508c9bf9282dc8e7a6cb6bd3f,"{""distance"":7,""physical_error_rate"":0.0001}","{""detection_events"":4175,""detectors_checked"":8630272}"
     18432,         0,         0,   0.289,exact_mw,d5491e2f66b0c830b41b0168451c8818c583b15508c9bf9282dc8e7a6cb6bd3f,"{""distance"":7,""physical_error_rate"":0.0001}","{""detection_events"":5302,""detectors_checked"":11096064}"
     18432,         0,         0,   0.428,exact_mw,d5491e2f66b0c830b41b0168451c8818c583b15508c9bf9282dc8e7a6cb6bd3f,"{""distance"":7,""physical_error_rate"":0.0001}","{""detection_events"":5569,""detectors_checked"":11096064}"
       273,         0,         0,   0.003,exact_mw,d5491e2f66b0c830b41b0168451c8818c583b15508c9bf9282dc8e7a6cb6bd3f,"{""distance"":7,""physical_error_rate"":0.0001}","{""detection_events"":92,""detectors_checked"":164346}"
      2048,         0,         0,   0.031,exact_mw,d5491e2f66b0c830b41b0168451c8818c583b15508c9bf9282dc8e7a6cb6bd3f,"{""distance"":7,""physical_error_rate"":0.0001}","{""detection_events"":484,""detectors_checked"":1232896}"
      1024,         0,         0,   0.023,exact_mw,d5491e2f66b0c830b41b0168451c8818c583b15508c9bf9282dc8e7a6cb6bd3f,"{""distance"":7,""physical_error_rate"":0.0001}","{""detection_events"":329,""detectors_checked"":616448}"
      2048,         0,         0,   0.030,exact_mw,d5491e2f66b0c830b41b0168451c8818c583b15508c9bf9282dc8e7a6cb6bd3f,"{""distance"":7,""physical_error_rate"":0.0001}","{""detection_events"":630,""detectors_checked"":1232896}"
       273,         0,         0,   0.022,exact_mw,f5ed540d8b33fe7a17a96c57e6e367075413a3677864b79373445f6bf89adea1,"{""distance"":7,""physical_error_rate"":0.0002}","{""detection_events"":181,""detectors_checked"":164346}"
      3072,         0,         0,   0.049,exact_mw,d5491e2f66b0c830b41b0168451c8818c583b15508c9bf9282dc8e7a6cb6bd3f,"{""distance"":7,""physical_error_rate"":0.0001}","{""detection_events"":920,""detectors_checked"":1849344}"
      1024,         0,         0,   0.026,exact_mw,f5ed540d8b33fe7a17a96c57e6e367075413a3677864b79373445f6bf89adea1,"{""distance"":7,""physical_error_rate"":0.0002}","{""detection_events"":680,""detectors_checked"":616448}"
      1024,         0,         0,   0.029,exact_mw,f5ed540d8b33fe7a17a96c57e6e367075413a3677864b79373445f6bf89adea1,"{""distance"":7,""physical_error_rate"":0.0002}","{""detection_events"":685,""detectors_checked"":616448}"
      4096,         0,         0,   0.059,exact_mw,d5491e2f66b0c830b41b0168451c8818c583b15508c9bf9282dc8e7a6cb6bd3f,"{""distance"":7,""physical_error_rate"":0.0001}","{""detection_events"":1184,""detectors_checked"":2465792}"
      1024,         0,         0,   0.029,exact_mw,f5ed540d8b33fe7a17a96c57e6e367075413a3677864b79373445f6bf89adea1,"{""distance"":7,""physical_error_rate"":0.0002}","{""detection_events"":591,""detectors_checked"":616448}"
      3072,         0,         0,   0.062,exact_mw,f5ed540d8b33fe7a17a96c57e6e367075413a3677864b79373445f6bf89adea1,"{""distance"":7,""physical_error_rate"":0.0002}","{""detection_events"":1821,""detectors_checked"":1849344}"
      6144,         0,         0,   0.086,exact_mw,d5491e2f66b0c830b41b0168451c8818c583b15508c9bf9282dc8e7a6cb6bd3f,"{""distance"":7,""physical_error_rate"":0.0001}","{""detection_events"":1727,""detectors_checked"":3698688}"
      2048,         0,         0,   0.055,exact_mw,f5ed540d8b33fe7a17a96c57e6e367075413a3677864b79373445f6bf89adea1,"{""distance"":7,""physical_error_rate"":0.0002}","{""detection_events"":1200,""detectors_checked"":1232896}"
      8192,         0,         0,   0.107,exact_mw,d5491e2f66b0c830b41b0168451c8818c583b15508c9bf9282dc8e7a6cb6bd3f,"{""distance"":7,""physical_error_rate"":0.0001}","{""detection_events"":2449,""detectors_checked"":4931584}"
      3072,         0,         0,   0.081,exact_mw,f5ed540d8b33fe7a17a96c57e6e367075413a3677864b79373445f6bf89adea1,"{""distance"":7,""physical_error_rate"":0.0002}","{""detection_events"":1802,""detectors_checked"":1849344}"
      5120,         0,         0,   0.123,exact_mw,f5ed540d8b33fe7a17a96c57e6e367075413a3677864b79373445f6bf89adea1,"{""distance"":7,""physical_error_rate"":0.0002}","{""detection_events"":2920,""detectors_checked"":3082240}"
      8192,         0,         0,   0.136,exact_mw,d5491e2f66b0c830b41b0168451c8818c583b15508c9bf9282dc8e7a6cb6bd3f,"{""distance"":7,""physical_error_rate"":0.0001}","{""detection_events"":2445,""detectors_checked"":4931584}"
     26624,         0,         0,   0.568,exact_mw,d5491e2f66b0c830b41b0168451c8818c583b15508c9bf9282dc8e7a6cb6bd3f,"{""distance"":7,""physical_error_rate"":0.0001}","{""detection_events"":7831,""detectors_checked"":16027648}"
      6144,         0,         0,   0.147,exact_mw,f5ed540d8b33fe7a17a96c57e6e367075413a3677864b79373445f6bf89adea1,"{""distance"":7,""physical_error_rate"":0.0002}","{""detection_events"":3482,""detectors_checked"":3698688}"
     14336,         0,         0,   0.206,exact_mw,d5491e2f66b0c830b41b0168451c8818c583b15508c9bf9282dc8e7a6cb6bd3f,"{""distance"":7,""physical_error_rate"":0.0001}","{""detection_events"":4139,""detectors_checked"":8630272}"
      7168,         0,         0,   0.202,exact_mw,f5ed540d8b33fe7a17a96c57e6e367075413a3677864b79373445f6bf89adea1,"{""distance"":7,""physical_error_rate"":0.0002}","{""detection_events"":4377,""detectors_checked"":4315136}"
     18432,         0,         0,   0.293,exact_mw,d5491e2f66b0c830b41b0168451c8818c583b15508c9bf9282dc8e7a6cb6bd3f,"{""distance"":7,""physical_error_rate"":0.0001}","{""detection_events"":5165,""detectors_checked"":11096064}"
     13696,         1,         0,    63.3,exact_mw,ca91ffa42463e210e189f165a9a4cbcfd1773a75ca815ff24a9009c31e62d8d0,"{""distance"":7,""physical_error_rate"":0.002}","{""detection_events"":80965,""detectors_checked"":8244992,""obs_mistake_mask=E"":1}"
     13312,         0,         0,   0.294,exact_mw,f5ed540d8b33fe7a17a96c57e6e367075413a3677864b79373445f6bf89adea1,"{""distance"":7,""physical_error_rate"":0.0002}","{""detection_events"":7686,""detectors_checked"":8013824}"
     48128,         0,         0,   0.792,exact_mw,d5491e2f66b0c830b41b0168451c8818c583b15508c9bf9282dc8e7a6cb6bd3f,"{""distance"":7,""physical_error_rate"":0.0001}","{""detection_events"":15055,""detectors_checked"":28973056}"
     30720,         0,         0,   0.417,exact_mw,d5491e2f66b0c830b41b0168451c8818c583b15508c9bf9282dc8e7a6cb6bd3f,"{""distance"":7,""physical_error_rate"":0.0001}","{""detection_events"":9316,""detectors_checked"":18493440}"
         1,         0,         0,   0.001,exact_mw,7acd59d404317421b37957afea3f5c66f33c9ef46579a47fd7c0ca3dd0dfc735,"{""distance"":7,""physical_error_rate"":0.001}","{""detectors_checked"":602}"
     19456,         0,         0,   0.419,exact_mw,f5ed540d8b33fe7a17a96c57e6e367075413a3677864b79373445f6bf89adea1,"{""distance"":7,""physical_error_rate"":0.0002}","{""detection_events"":11336,""detectors_checked"":11712512}"
       272,         0,         0,   0.173,exact_mw,7acd59d404317421b37957afea3f5c66f33c9ef46579a47fd7c0ca3dd0dfc735,"{""distance"":7,""physical_error_rate"":0.001}","{""detection_events"":708,""detectors_checked"":163744}"
     40960,         0,         0,   0.570,exact_mw,d5491e2f66b0c830b41b0168451c8818c583b15508c9bf9282dc8e7a6cb6bd3f,"{""distance"":7,""physical_error_rate"":0.0001}","{""detection_events"":11976,""detectors_checked"":24657920}"
     25600,         0,         0,   0.571,exact_mw,f5ed540d8b33fe7a17a96c57e6e367075413a3677864b79373445f6bf89adea1,"{""distance"":7,""physical_error_rate"":0.0002}","{""detection_events"":14933,""detectors_checked"":15411200}"
     78848,         0,         0,    1.11,exact_mw,d5491e2f66b0c830b41b0168451c8818c583b15508c9bf9282dc8e7a6cb6bd3f,"{""distance"":7,""physical_error_rate"":0.0001}","{""detection_events"":23617,""detectors_checked"":47466496}"
       512,         0,         0,   0.689,exact_mw,7acd59d404317421b37957afea3f5c66f33c9ef46579a47fd7c0ca3dd0dfc735,"{""distance"":7,""physical_error_rate"":0.001}","{""detection_events"":1578,""detectors_checked"":308224}"
     54272,         0,         0,   0.783,exact_mw,d5491e2f66b0c830b41b0168451c8818c583b15508c9bf9282dc8e7a6cb6bd3f,"{""distance"":7,""physical_error_rate"":0.0001}","{""detection_events"":16551,""detectors_checked"":32671744}"
       512,         0,         0,   0.476,exact_mw,7acd59d404317421b37957afea3f5c66f33c9ef46579a47fd7c0ca3dd0dfc735,"{""distance"":7,""physical_error_rate"":0.001}","{""detection_events"":1506,""detectors_checked"":308224}"
     27648,         4,         0,   120.3,exact_mw,ca91ffa42463e210e189f165a9a4cbcfd1773a75ca815ff24a9009c31e62d8d0,"{""distance"":7,""physical_error_rate"":0.002}","{""detection_events"":162921,""detectors_checked"":16644096,""obs_mistake_mask=E"":4}"
     35840,         0,         0,   0.803,exact_mw,f5ed540d8b33fe7a17a96c57e6e367075413a3677864b79373445f6bf89adea1,"{""distance"":7,""physical_error_rate"":0.0002}","{""detection_events"":21698,""detectors_checked"":21575680}"
        17,         0,         0,   0.109,exact_mw,ca91ffa42463e210e189f165a9a4cbcfd1773a75ca815ff24a9009c31e62d8d0,"{""distance"":7,""physical_error_rate"":0.002}","{""detection_events"":103,""detectors_checked"":10234}"
       512,         0,         0,   0.458,exact_mw,7acd59d404317421b37957afea3f5c66f33c9ef46579a47fd7c0ca3dd0dfc735,"{""distance"":7,""physical_error_rate"":0.001}","{""detection_events"":1489,""detectors_checked"":308224}"
       512,         0,         0,   0.379,exact_mw,7acd59d404317421b37957afea3f5c66f33c9ef46579a47fd7c0ca3dd0dfc735,"{""distance"":7,""physical_error_rate"":0.001}","{""detection_events"":1593,""detectors_checked"":308224}"
     67584,         0,         0,    1.09,exact_mw,d5491e2f66b0c830b41b0168451c8818c583b15508c9bf9282dc8e7a6cb6bd3f,"{""distance"":7,""physical_error_rate"":0.0001}","{""detection_events"":20313,""detectors_checked"":40685568}"
        64,         0,         0,   0.623,exact_mw,ca91ffa42463e210e189f165a9a4cbcfd1773a75ca815ff24a9009c31e62d8d0,"{""distance"":7,""physical_error_rate"":0.002}","{""detection_events"":414,""detectors_checked"":38528}"
    107520,         0,         0,    1.55,exact_mw,d5491e2f66b0c830b41b0168451c8818c583b15508c9bf9282dc8e7a6cb6bd3f,"{""distance"":7,""physical_error_rate"":0.0001}","{""detection_events"":32060,""detectors_checked"":64727040}"
     49152,         0,         0,    1.13,exact_mw,f5ed540d8b33fe7a17a96c57e6e367075413a3677864b79373445f6bf89adea1,"{""distance"":7,""physical_error_rate"":0.0002}","{""detection_events"":29322,""detectors_checked"":29589504}"
        17,         0,         0,   0.022,exact_mw,c34bb01325b9980f7caca1807bd93e7e28846c82b8c0538af034740e6e7d5106,"{""distance"":7,""physical_error_rate"":0.0005}","{""detection_events"":42,""detectors_checked"":10234}"
       256,         0,         0,   0.032,exact_mw,c34bb01325b9980f7caca1807bd93e7e28846c82b8c0538af034740e6e7d5106,"{""distance"":7,""physical_error_rate"":0.0005}","{""detection_events"":421,""detectors_checked"":154112}"
       512,         0,         0,   0.392,exact_mw,7acd59d404317421b37957afea3f5c66f33c9ef46579a47fd7c0ca3dd0dfc735,"{""distance"":7,""physical_error_rate"":0.001}","{""detection_events"":1515,""detectors_checked"":308224}"
        64,         0,         0,   0.234,exact_mw,ca91ffa42463e210e189f165a9a4cbcfd1773a75ca815ff24a9009c31e62d8d0,"{""distance"":7,""physical_error_rate"":0.002}","{""detection_events"":384,""detectors_checked"":38528}"
      1024,         0,         0,   0.269,exact_mw,c34bb01325b9980f7caca1807bd93e7e28846c82b8c0538af034740e6e7d5106,"{""distance"":7,""physical_error_rate"":0.0005}","{""detection_events"":1559,""detectors_checked"":616448}"
     10816,         3,         0,    63.6,exact_mw,ca91ffa42463e210e189f165a9a4cbcfd1773a75ca815ff24a9009c31e62d8d0,"{""distance"":7,""physical_error_rate"":0.002}","{""detection_events"":63966,""detectors_checked"":6511232,""obs_mistake_mask=E"":3}"
       512,         0,         0,   0.374,exact_mw,7acd59d404317421b37957afea3f5c66f33c9ef46579a47fd7c0ca3dd0dfc735,"{""distance"":7,""physical_error_rate"":0.001}","{""detection_events"":1407,""detectors_checked"":308224}"
      1024,         0,         0,   0.220,exact_mw,c34bb01325b9980f7caca1807bd93e7e28846c82b8c0538af034740e6e7d5106,"{""distance"":7,""physical_error_rate"":0.0005}","{""detection_events"":1512,""detectors_checked"":616448}"
       128,         0,         0,   0.642,exact_mw,ca91ffa42463e210e189f165a9a4cbcfd1773a75ca815ff24a9009c31e62d8d0,"{""distance"":7,""physical_error_rate"":0.002}","{""detection_events"":812,""detectors_checked"":77056}"
      1024,         0,         0,   0.247,exact_mw,c34bb01325b9980f7caca1807bd93e7e28846c82b8c0538af034740e6e7d5106,"{""distance"":7,""physical_error_rate"":0.0005}","{""detection_events"":1628,""detectors_checked"":616448}"
      1024,         0,         0,   0.241,exact_mw,c34bb01325b9980f7caca1807bd93e7e28846c82b8c0538af034740e6e7d5106,"{""distance"":7,""physical_error_rate"":0.0005}","{""detection_events"":1495,""detectors_checked"":616448}"
       512,         0,         0,   0.588,exact_mw,7acd59d404317421b37957afea3f5c66f33c9ef46579a47fd7c0ca3dd0dfc735,"{""distance"":7,""physical_error_rate"":0.001}","{""detection_events"":1584,""detectors_checked"":308224}"
      1024,         0,         0,   0.193,exact_mw,c34bb01325b9980f7caca1807bd93e7e28846c82b8c0538af034740e6e7d5106,"{""distance"":7,""physical_error_rate"":0.0005}","{""detection_events"":1572,""detectors_checked"":616448}"
       128,         0,         0,   0.542,exact_mw,ca91ffa42463e210e189f165a9a4cbcfd1773a75ca815ff24a9009c31e62d8d0,"{""distance"":7,""physical_error_rate"":0.002}","{""detection_events"":719,""detectors_checked"":77056}"
    108544,         0,         0,    1.55,exact_mw,d5491e2f66b0c830b41b0168451c8818c583b15508c9bf9282dc8e7a6cb6bd3f,"{""distance"":7,""physical_error_rate"":0.0001}","{""detection_events"":32370,""detectors_checked"":65343488}"
      1024,         0,         0,   0.249,exact_mw,c34bb01325b9980f7caca1807bd93e7e28846c82b8c0538af034740e6e7d5106,"{""distance"":7,""physical_error_rate"":0.0005}","{""detection_events"":1476,""detectors_checked"":616448}"
       512,         0,         0,   0.484,exact_mw,7acd59d404317421b37957afea3f5c66f33c9ef46579a47fd7c0ca3dd0dfc735,"{""distance"":7,""physical_error_rate"":0.001}","{""detection_events"":1389,""detectors_checked"":308224}"
     69632,         0,         0,    1.56,exact_mw,f5ed540d8b33fe7a17a96c57e6e367075413a3677864b79373445f6bf89adea1,"{""distance"":7,""physical_error_rate"":0.0002}","{""detection_events"":41618,""detectors_checked"":41918464}"
      1024,         0,         0,   0.164,exact_mw,c34bb01325b9980f7caca1807bd93e7e28846c82b8c0538af034740e6e7d5106,"{""distance"":7,""physical_error_rate"":0.0005}","{""detection_events"":1416,""detectors_checked"":616448}"
      1024,         0,         0,   0.237,exact_mw,c34bb01325b9980f7caca1807bd93e7e28846c82b8c0538af034740e6e7d5106,"{""distance"":7,""physical_error_rate"":0.0005}","{""detection_events"":1434,""detectors_checked"":616448}"
       128,         0,         0,   0.588,exact_mw,ca91ffa42463e210e189f165a9a4cbcfd1773a75ca815ff24a9009c31e62d8d0,"{""distance"":7,""physical_error_rate"":0.002}","{""detection_events"":767,""detectors_checked"":77056}"
    150528,         0,         0,    2.17,exact_mw,d5491e2f66b0c830b41b0168451c8818c583b15508c9bf9282dc8e7a6cb6bd3f,"{""distance"":7,""physical_error_rate"":0.0001}","{""detection_events"":44414,""detectors_checked"":90617856}"
       512,         0,         0,   0.576,exact_mw,7acd59d404317421b37957afea3f5c66f33c9ef46579a47fd7c0ca3dd0dfc735,"{""distance"":7,""physical_error_rate"":0.001}","{""detection_events"":1445,""detectors_checked"":308224}"
     54784,         0,         0,    63.3,exact_mw,7acd59d404317421b37957afea3f5c66f33c9ef46579a47fd7c0ca3dd0dfc735,"{""distance"":7,""physical_error_rate"":0.001}","{""detection_events"":162184,""detectors_checked"":32979968}"
      2048,         0,         0,   0.492,exact_mw,c34bb01325b9980f7caca1807bd93e7e28846c82b8c0538af034740e6e7d5106,"{""distance"":7,""physical_error_rate"":0.0005}","{""detection_events"":3039,""detectors_checked"":1232896}"
       128,         0,         0,   0.803,exact_mw,ca91ffa42463e210e189f165a9a4cbcfd1773a75ca815ff24a9009c31e62d8d0,"{""distance"":7,""physical_error_rate"":0.002}","{""detection_events"":769,""detectors_checked"":77056}"
      2048,         0,         0,   0.417,exact_mw,c34bb01325b9980f7caca1807bd93e7e28846c82b8c0538af034740e6e7d5106,"{""distance"":7,""physical_error_rate"":0.0005}","{""detection_events"":2883,""detectors_checked"":1232896}"
       512,         0,         0,   0.696,exact_mw,7acd59d404317421b37957afea3f5c66f33c9ef46579a47fd7c0ca3dd0dfc735,"{""distance"":7,""physical_error_rate"":0.001}","{""detection_events"":1504,""detectors_checked"":308224}"
   7208960,         0,         0,   118.9,exact_mw,d5491e2f66b0c830b41b0168451c8818c583b15508c9bf9282dc8e7a6cb6bd3f,"{""distance"":7,""physical_error_rate"":0.0001}","{""detection_events"":2142340,""detectors_checked"":4339793920}"
      3072,         0,         0,   0.705,exact_mw,c34bb01325b9980f7caca1807bd93e7e28846c82b8c0538af034740e6e7d5106,"{""distance"":7,""physical_error_rate"":0.0005}","{""detection_events"":4809,""detectors_checked"":1849344}"
    109568,         0,         0,    2.16,exact_mw,d5491e2f66b0c830b41b0168451c8818c583b15508c9bf9282dc8e7a6cb6bd3f,"{""distance"":7,""physical_error_rate"":0.0001}","{""detection_events"":32468,""detectors_checked"":65959936}"
       128,         0,         0,   0.865,exact_mw,ca91ffa42463e210e189f165a9a4cbcfd1773a75ca815ff24a9009c31e62d8d0,"{""distance"":7,""physical_error_rate"":0.002}","{""detection_events"":766,""detectors_checked"":77056}"
       512,         0,         0,   0.719,exact_mw,7acd59d404317421b37957afea3f5c66f33c9ef46579a47fd7c0ca3dd0dfc735,"{""distance"":7,""physical_error_rate"":0.001}","{""detection_events"":1483,""detectors_checked"":308224}"
     99328,         0,         0,    2.14,exact_mw,f5ed540d8b33fe7a17a96c57e6e367075413a3677864b79373445f6bf89adea1,"{""distance"":7,""physical_error_rate"":0.0002}","{""detection_events"":59295,""detectors_checked"":59795456}"
   4541440,         1,         0,   119.4,exact_mw,f5ed540d8b33fe7a17a96c57e6e367075413a3677864b79373445f6bf89adea1,"{""distance"":7,""physical_error_rate"":0.0002}","{""detection_events"":2694837,""detectors_checked"":2733946880,""obs_mistake_mask=E"":1}"
       128,         0,         0,   0.612,exact_mw,ca91ffa42463e210e189f165a9a4cbcfd1773a75ca815ff24a9009c31e62d8d0,"{""distance"":7,""physical_error_rate"":0.002}","{""detection_events"":802,""detectors_checked"":77056}"
      4096,         0,         0,   0.902,exact_mw,c34bb01325b9980f7caca1807bd93e7e28846c82b8c0538af034740e6e7d5106,"{""distance"":7,""physical_error_rate"":0.0005}","{""detection_events"":6105,""detectors_checked"":2465792}"
       273,         0,         0,   0.105,exact_mw,c34bb01325b9980f7caca1807bd93e7e28846c82b8c0538af034740e6e7d5106,"{""distance"":7,""physical_error_rate"":0.0005}","{""detection_events"":481,""detectors_checked"":164346}"
      1024,         0,         0,    1.06,exact_mw,7acd59d404317421b37957afea3f5c66f33c9ef46579a47fd7c0ca3dd0dfc735,"{""distance"":7,""physical_error_rate"":0.001}","{""detection_events"":2993,""detectors_checked"":616448}"
         1,         0,         0,   0.006,exact_mw,ca91ffa42463e210e189f165a9a4cbcfd1773a75ca815ff24a9009c31e62d8d0,"{""distance"":7,""physical_error_rate"":0.002}","{""detection_events"":20,""detectors_checked"":602}"
         1,         0,         0,   0.001,exact_mw,7acd59d404317421b37957afea3f5c66f33c9ef46579a47fd7c0ca3dd0dfc735,"{""distance"":7,""physical_error_rate"":0.001}","{""detectors_checked"":602}"
        16,         0,         0,   0.090,exact_mw,ca91ffa42463e210e189f165a9a4cbcfd1773a75ca815ff24a9009c31e62d8d0,"{""distance"":7,""physical_error_rate"":0.002}","{""detection_events"":94,""detectors_checked"":9632}"
      1024,         0,         0,   0.172,exact_mw,c34bb01325b9980f7caca1807bd93e7e28846c82b8c0538af034740e6e7d5106,"{""distance"":7,""physical_error_rate"":0.0005}","{""detection_events"":1525,""detectors_checked"":616448}"
      1024,         0,         0,   0.141,exact_mw,c34bb01325b9980f7caca1807bd93e7e28846c82b8c0538af034740e6e7d5106,"{""distance"":7,""physical_error_rate"":0.0005}","{""detection_events"":1479,""detectors_checked"":616448}"
       128,         0,         0,   0.820,exact_mw,ca91ffa42463e210e189f165a9a4cbcfd1773a75ca815ff24a9009c31e62d8d0,"{""distance"":7,""physical_error_rate"":0.002}","{""detection_events"":772,""detectors_checked"":77056}"
       272,         0,         0,   0.371,exact_mw,7acd59d404317421b37957afea3f5c66f33c9ef46579a47fd7c0ca3dd0dfc735,"{""distance"":7,""physical_error_rate"":0.001}","{""detection_events"":788,""detectors_checked"":163744}"
    206848,         0,         0,    3.02,exact_mw,d5491e2f66b0c830b41b0168451c8818c583b15508c9bf9282dc8e7a6cb6bd3f,"{""distance"":7,""physical_error_rate"":0.0001}","{""detection_events"":61405,""detectors_checked"":124522496}"
      1024,         0,         0,   0.189,exact_mw,c34bb01325b9980f7caca1807bd93e7e28846c82b8c0538af034740e6e7d5106,"{""distance"":7,""physical_error_rate"":0.0005}","{""detection_events"":1436,""detectors_checked"":616448}"
        64,         1,         0,   0.411,exact_mw,ca91ffa42463e210e189f165a9a4cbcfd1773a75ca815ff24a9009c31e62d8d0,"{""distance"":7,""physical_error_rate"":0.002}","{""detection_events"":466,""detectors_checked"":38528,""obs_mistake_mask=E"":1}"
       256,         0,         0,   0.161,exact_mw,7acd59d404317421b37957afea3f5c66f33c9ef46579a47fd7c0ca3dd0dfc735,"{""distance"":7,""physical_error_rate"":0.001}","{""detection_events"":670,""detectors_checked"":154112}"
      1024,         0,         0,   0.332,exact_mw,c34bb01325b9980f7caca1807bd93e7e28846c82b8c0538af034740e6e7d5106,"{""distance"":7,""physical_error_rate"":0.0005}","{""detection_events"":1597,""detectors_checked"":616448}"
       128,         0,         0,   0.514,exact_mw,ca91ffa42463e210e189f165a9a4cbcfd1773a75ca815ff24a9009c31e62d8d0,"{""distance"":7,""physical_error_rate"":0.002}","{""detection_events"":762,""detectors_checked"":77056}"
      5120,         0,         0,    1.27,exact_mw,c34bb01325b9980f7caca1807bd93e7e28846c82b8c0538af034740e6e7d5106,"{""distance"":7,""physical_error_rate"":0.0005}","{""detection_events"":7703,""detectors_checked"":3082240}"
        64,         0,         0,   0.564,exact_mw,ca91ffa42463e210e189f165a9a4cbcfd1773a75ca815ff24a9009c31e62d8d0,"{""distance"":7,""physical_error_rate"":0.002}","{""detection_events"":376,""detectors_checked"":38528}"
      1024,         0,         0,    1.16,exact_mw,7acd59d404317421b37957afea3f5c66f33c9ef46579a47fd7c0ca3dd0dfc735,"{""distance"":7,""physical_error_rate"":0.001}","{""detection_events"":2986,""detectors_checked"":616448}"
      1024,         0,         0,   0.394,exact_mw,c34bb01325b9980f7caca1807bd93e7e28846c82b8c0538af034740e6e7d5106,"{""distance"":7,""physical_error_rate"":0.0005}","{""detection_events"":1544,""detectors_checked"":616448}"
       512,         0,         0,   0.626,exact_mw,7acd59d404317421b37957afea3f5c66f33c9ef46579a47fd7c0ca3dd0dfc735,"{""distance"":7,""physical_error_rate"":0.001}","{""detection_events"":1385,""detectors_checked"":308224}"
        64,         0,         0,   0.484,exact_mw,ca91ffa42463e210e189f165a9a4cbcfd1773a75ca815ff24a9009c31e62d8d0,"{""distance"":7,""physical_error_rate"":0.002}","{""detection_events"":372,""detectors_checked"":38528}"
      1024,         0,         0,   0.429,exact_mw,c34bb01325b9980f7caca1807bd93e7e28846c82b8c0538af034740e6e7d5106,"{""distance"":7,""physical_error_rate"":0.0005}","{""detection_events"":1616,""detectors_checked"":616448}"
       128,         0,         0,   0.836,exact_mw,ca91ffa42463e210e189f165a9a4cbcfd1773a75ca815ff24a9009c31e62d8d0,"{""distance"":7,""physical_error_rate"":0.002}","{""detection_events"":797,""detectors_checked"":77056}"
      1024,         0,         0,   0.170,exact_mw,c34bb01325b9980f7caca1807bd93e7e28846c82b8c0538af034740e6e7d5106,"{""distance"":7,""physical_error_rate"":0.0005}","{""detection_events"":1414,""detectors_checked"":616448}"
    195584,         0,         0,    3.03,exact_mw,d5491e2f66b0c830b41b0168451c8818c583b15508c9bf9282dc8e7a6cb6bd3f,"{""distance"":7,""physical_error_rate"":0.0001}","{""detection_events"":57429,""detectors_checked"":117741568}"
        64,         0,         0,   0.379,exact_mw,ca91ffa42463e210e189f165a9a4cbcfd1773a75ca815ff24a9009c31e62d8d0,"{""distance"":7,""physical_error_rate"":0.002}","{""detection_events"":354,""detectors_checked"":38528}"
       512,         0,         0,   0.810,exact_mw,7acd59d404317421b37957afea3f5c66f33c9ef46579a47fd7c0ca3dd0dfc735,"{""distance"":7,""physical_error_rate"":0.001}","{""detection_events"":1608,""detectors_checked"":308224}"
      1024,         0,         0,   0.264,exact_mw,c34bb01325b9980f7caca1807bd93e7e28846c82b8c0538af034740e6e7d5106,"{""distance"":7,""physical_error_rate"":0.0005}","{""detection_events"":1509,""detectors_checked"":616448}"
     55040,         1,         0,    63.6,exact_mw,7acd59d404317421b37957afea3f5c66f33c9ef46579a47fd7c0ca3dd0dfc735,"{""distance"":7,""physical_error_rate"":0.001}","{""detection_events"":161993,""detectors_checked"":33134080,""obs_mistake_mask=E"":1}"
    135168,         0,         0,    3.03,exact_mw,f5ed540d8b33fe7a17a96c57e6e367075413a3677864b79373445f6bf89adea1,"{""distance"":7,""physical_error_rate"":0.0002}","{""detection_events"":80660,""detectors_checked"":81371136}"
       128,         0,         0,   0.572,exact_mw,ca91ffa42463e210e189f165a9a4cbcfd1773a75ca815ff24a9009c31e62d8d0,"{""distance"":7,""physical_error_rate"":0.002}","{""detection_events"":742,""detectors_checked"":77056}"
      1297,         0,         0,   0.028,exact_mw,f5ed540d8b33fe7a17a96c57e6e367075413a3677864b79373445f6bf89adea1,"{""distance"":7,""physical_error_rate"":0.0002}","{""detection_events"":796,""detectors_checked"":780794}"
        64,         0,         0,   0.466,exact_mw,ca91ffa42463e210e189f165a9a4cbcfd1773a75ca815ff24a9009c31e62d8d0,"{""distance"":7,""physical_error_rate"":0.002}","{""detection_events"":370,""detectors_checked"":38528}"
      1024,         0,         0,   0.049,exact_mw,f5ed540d8b33fe7a17a96c57e6e367075413a3677864b79373445f6bf89adea1,"{""distance"":7,""physical_error_rate"":0.0002}","{""detection_events"":621,""detectors_checked"":616448}"
      1024,         0,         0,   0.031,exact_mw,f5ed540d8b33fe7a17a96c57e6e367075413a3677864b79373445f6bf89adea1,"{""distance"":7,""physical_error_rate"":0.0002}","{""detection_events"":614,""detectors_checked"":616448}"
      2048,         0,         0,   0.465,exact_mw,c34bb01325b9980f7caca1807bd93e7e28846c82b8c0538af034740e6e7d5106,"{""distance"":7,""physical_error_rate"":0.0005}","{""detection_events"":2997,""detectors_checked"":1232896}"
       512,         0,         0,   0.541,exact_mw,7acd59d404317421b37957afea3f5c66f33c9ef46579a47fd7c0ca3dd0dfc735,"{""distance"":7,""physical_error_rate"":0.001}","{""detection_events"":1520,""detectors_checked"":308224}"
      1024,         0,         0,   0.107,exact_mw,f5ed540d8b33fe7a17a96c57e6e367075413a3677864b79373445f6bf89adea1,"{""distance"":7,""physical_error_rate"":0.0002}","{""detection_events"":627,""detectors_checked"":616448}"
      1024,         0,         0,   0.049,exact_mw,f5ed540d8b33fe7a17a96c57e6e367075413a3677864b79373445f6bf89adea1,"{""distance"":7,""physical_error_rate"":0.0002}","{""detection_events"":589,""detectors_checked"":616448}"
      8192,         0,         0,    1.66,exact_mw,c34bb01325b9980f7caca1807bd93e7e28846c82b8c0538af034740e6e7d5106,"{""distance"":7,""physical_error_rate"":0.0005}","{""detection_events"":11874,""detectors_checked"":4931584}"
      2048,         0,         0,   0.058,exact_mw,f5ed540d8b33fe7a17a96c57e6e367075413a3677864b79373445f6bf89adea1,"{""distance"":7,""physical_error_rate"":0.0002}","{""detection_events"":1144,""detectors_checked"":1232896}"
        64,         0,         0,   0.345,exact_mw,ca91ffa42463e210e189f165a9a4cbcfd1773a75ca815ff24a9009c31e62d8d0,"{""distance"":7,""physical_error_rate"":0.002}","{""detection_events"":350,""detectors_checked"":38528}"
      1024,         0,         0,   0.081,exact_mw,f5ed540d8b33fe7a17a96c57e6e367075413a3677864b79373445f6bf89adea1,"{""distance"":7,""physical_error_rate"":0.0002}","{""detection_events"":618,""detectors_checked"":616448}"
      2048,         0,         0,   0.400,exact_mw,c34bb01325b9980f7caca1807bd93e7e28846c82b8c0538af034740e6e7d5106,"{""distance"":7,""physical_error_rate"":0.0005}","{""detection_events"":2888,""detectors_checked"":1232896}"
      4096,         0,         0,   0.133,exact_mw,f5ed540d8b33fe7a17a96c57e6e367075413a3677864b79373445f6bf89adea1,"{""distance"":7,""physical_error_rate"":0.0002}","{""detection_events"":2333,""detectors_checked"":2465792}"
      1536,         0,         0,    1.90,exact_mw,7acd59d404317421b37957afea3f5c66f33c9ef46579a47fd7c0ca3dd0dfc735,"{""distance"":7,""physical_error_rate"":0.001}","{""detection_events"":4576,""detectors_checked"":924672}"
      5120,         0,         0,   0.163,exact_mw,f5ed540d8b33fe7a17a96c57e6e367075413a3677864b79373445f6bf89adea1,"{""distance"":7,""physical_error_rate"":0.0002}","{""detection_events"":3021,""detectors_checked"":3082240}"
        64,         0,         0,   0.401,exact_mw,ca91ffa42463e210e189f165a9a4cbcfd1773a75ca815ff24a9009c31e62d8d0,"{""distance"":7,""physical_error_rate"":0.002}","{""detection_events"":411,""detectors_checked"":38528}"
      5120,         0,         0,   0.208,exact_mw,f5ed540d8b33fe7a17a96c57e6e367075413a3677864b79373445f6bf89adea1,"{""distance"":7,""physical_error_rate"":0.0002}","{""detection_events"":2897,""detectors_checked"":3082240}"
       512,         0,         0,   0.779,exact_mw,7acd59d404317421b37957afea3f5c66f33c9ef46579a47fd7c0ca3dd0dfc735,"{""distance"":7,""physical_error_rate"":0.001}","{""detection_events"":1524,""detectors_checked"":308224}"
      2048,         0,         0,   0.432,exact_mw,c34bb01325b9980f7caca1807bd93e7e28846c82b8c0538af034740e6e7d5106,"{""distance"":7,""physical_error_rate"":0.0005}","{""detection_events"":3044,""detectors_checked"":1232896}"
        64,         0,         0,   0.243,exact_mw,ca91ffa42463e210e189f165a9a4cbcfd1773a75ca815ff24a9009c31e62d8d0,"{""distance"":7,""physical_error_rate"":0.002}","{""detection_events"":334,""detectors_checked"":38528}"
       256,         0,         0,    1.33,exact_mw,ca91ffa42463e210e189f165a9a4cbcfd1773a75ca815ff24a9009c31e62d8d0,"{""distance"":7,""physical_error_rate"":0.002}","{""detection_events"":1396,""detectors_checked"":154112}"
      8192,         0,         0,   0.323,exact_mw,f5ed540d8b33fe7a17a96c57e6e367075413a3677864b79373445f6bf89adea1,"{""distance"":7,""physical_error_rate"":0.0002}","{""detection_events"":5009,""detectors_checked"":4931584}"
       512,         0,         0,   0.593,exact_mw,7acd59d404317421b37957afea3f5c66f33c9ef46579a47fd7c0ca3dd0dfc735,"{""distance"":7,""physical_error_rate"":0.001}","{""detection_events"":1579,""detectors_checked"":308224}"
       128,         0,         0,   0.514,exact_mw,ca91ffa42463e210e189f165a9a4cbcfd1773a75ca815ff24a9009c31e62d8d0,"{""distance"":7,""physical_error_rate"":0.002}","{""detection_events"":728,""detectors_checked"":77056}"
      3072,         0,         0,   0.617,exact_mw,c34bb01325b9980f7caca1807bd93e7e28846c82b8c0538af034740e6e7d5106,"{""distance"":7,""physical_error_rate"":0.0005}","{""detection_events"":4532,""detectors_checked"":1849344}"
     12288,         0,         0,   0.414,exact_mw,f5ed540d8b33fe7a17a96c57e6e367075413a3677864b79373445f6bf89adea1,"{""distance"":7,""physical_error_rate"":0.0002}","{""detection_events"":7207,""detectors_checked"":7397376}"
       512,         0,         0,   0.436,exact_mw,7acd59d404317421b37957afea3f5c66f33c9ef46579a47fd7c0ca3dd0dfc735,"{""distance"":7,""physical_error_rate"":0.001}","{""detection_events"":1338,""detectors_checked"":308224}"
       128,         0,         0,   0.485,exact_mw,ca91ffa42463e210e189f165a9a4cbcfd1773a75ca815ff24a9009c31e62d8d0,"{""distance"":7,""physical_error_rate"":0.002}","{""detection_events"":698,""detectors_checked"":77056}"
     16384,         0,         0,   0.576,exact_mw,f5ed540d8b33fe7a17a96c57e6e367075413a3677864b79373445f6bf89adea1,"{""distance"":7,""physical_error_rate"":0.0002}","{""detection_events"":9899,""detectors_checked"":9863168}"
    294912,         0,         0,    4.23,exact_mw,d5491e2f66b0c830b41b0168451c8818c583b15508c9bf9282dc8e7a6cb6bd3f,"{""distance"":7,""physical_error_rate"":0.0001}","{""detection_events"":88348,""detectors_checked"":177537024}"
      5120,         0,         0,   0.839,exact_mw,c34bb01325b9980f7caca1807bd93e7e28846c82b8c0538af034740e6e7d5106,"{""distance"":7,""physical_error_rate"":0.0005}","{""detection_events"":7129,""detectors_checked"":3082240}"
     12288,         0,         0,    2.21,exact_mw,c34bb01325b9980f7caca1807bd93e7e28846c82b8c0538af034740e6e7d5106,"{""distance"":7,""physical_error_rate"":0.0005}","{""detection_events"":18541,""detectors_checked"":7397376}"
       256,         0,         0,    1.55,exact_mw,ca91ffa42463e210e189f165a9a4cbcfd1773a75ca815ff24a9009c31e62d8d0,"{""distance"":7,""physical_error_rate"":0.002}","{""detection_events"":1648,""detectors_checked"":154112}"
       512,         0,         0,   0.830,exact_mw,7acd59d404317421b37957afea3f5c66f33c9ef46579a47fd7c0ca3dd0dfc735,"{""distance"":7,""physical_error_rate"":0.001}","{""detection_events"":1527,""detectors_checked"":308224}"
       128,         0,         0,   0.739,exact_mw,ca91ffa42463e210e189f165a9a4cbcfd1773a75ca815ff24a9009c31e62d8d0,"{""distance"":7,""physical_error_rate"":0.002}","{""detection_events"":748,""detectors_checked"":77056}"
     23552,         0,         0,   0.818,exact_mw,f5ed540d8b33fe7a17a96c57e6e367075413a3677864b79373445f6bf89adea1,"{""distance"":7,""physical_error_rate"":0.0002}","{""detection_events"":13613,""detectors_checked"":14178304}"
      2048,         0,         0,    2.55,exact_mw,7acd59d404317421b37957afea3f5c66f33c9ef46579a47fd7c0ca3dd0dfc735,"{""distance"":7,""physical_error_rate"":0.001}","{""detection_events"":6256,""detectors_checked"":1232896}"
       512,         0,         0,   0.643,exact_mw,7acd59d404317421b37957afea3f5c66f33c9ef46579a47fd7c0ca3dd0dfc735,"{""distance"":7,""physical_error_rate"":0.001}","{""detection_events"":1606,""detectors_checked"":308224}"
      7168,         0,         0,    1.28,exact_mw,c34bb01325b9980f7caca1807bd93e7e28846c82b8c0538af034740e6e7d5106,"{""distance"":7,""physical_error_rate"":0.0005}","{""detection_events"":10823,""detectors_checked"":4315136}"
    219136,         0,         0,    4.26,exact_mw,d5491e2f66b0c830b41b0168451c8818c583b15508c9bf9282dc8e7a6cb6bd3f,"{""distance"":7,""physical_error_rate"":0.0001}","{""detection_events"":63944,""detectors_checked"":131919872}"
       256,         0,         0,    1.04,exact_mw,ca91ffa42463e210e189f165a9a4cbcfd1773a75ca815ff24a9009c31e62d8d0,"{""distance"":7,""physical_error_rate"":0.002}","{""detection_events"":1463,""detectors_checked"":154112}"
    184320,         0,         0,    4.25,exact_mw,f5ed540d8b33fe7a17a96c57e6e367075413a3677864b79373445f6bf89adea1,"{""distance"":7,""physical_error_rate"":0.0002}","{""detection_events"":109002,""detectors_checked"":110960640}"
       512,         0,         0,   0.682,exact_mw,7acd59d404317421b37957afea3f5c66f33c9ef46579a47fd7c0ca3dd0dfc735,"{""distance"":7,""physical_error_rate"":0.001}","{""detection_events"":1454,""detectors_checked"":308224}"
     39936,         0,         0,    1.12,exact_mw,f5ed540d8b33fe7a17a96c57e6e367075413a3677864b79373445f6bf89adea1,"{""distance"":7,""physical_error_rate"":0.0002}","{""detection_events"":23325,""detectors_checked"":24041472}"
       512,         0,         0,   0.620,exact_mw,7acd59d404317421b37957afea3f5c66f33c9ef46579a47fd7c0ca3dd0dfc735,"{""distance"":7,""physical_error_rate"":0.001}","{""detection_events"":1479,""detectors_checked"":308224}"
    703488,         5,         0,   120.0,exact_mw,c34bb01325b9980f7caca1807bd93e7e28846c82b8c0538af034740e6e7d5106,"{""distance"":7,""physical_error_rate"":0.0005}","{""detection_events"":1041156,""detectors_checked"":423499776,""obs_mistake_mask=E"":5}"
       384,         0,         0,    2.29,exact_mw,ca91ffa42463e210e189f165a9a4cbcfd1773a75ca815ff24a9009c31e62d8d0,"{""distance"":7,""physical_error_rate"":0.002}","{""detection_events"":2273,""detectors_checked"":231168}"
      9216,         0,         0,    1.59,exact_mw,c34bb01325b9980f7caca1807bd93e7e28846c82b8c0538af034740e6e7d5106,"{""distance"":7,""physical_error_rate"":0.0005}","{""detection_events"":13878,""detectors_checked"":5548032}"
       384,         0,         0,    1.50,exact_mw,ca91ffa42463e210e189f165a9a4cbcfd1773a75ca815ff24a9009c31e62d8d0,"{""distance"":7,""physical_error_rate"":0.002}","{""detection_events"":2186,""detectors_checked"":231168}"
     17408,         0,         0,    3.08,exact_mw,c34bb01325b9980f7caca1807bd93e7e28846c82b8c0538af034740e6e7d5106,"{""distance"":7,""physical_error_rate"":0.0005}","{""detection_events"":26373,""detectors_checked"":10479616}"
     57344,         0,         0,    1.56,exact_mw,f5ed540d8b33fe7a17a96c57e6e367075413a3677864b79373445f6bf89adea1,"{""distance"":7,""physical_error_rate"":0.0002}","{""detection_events"":34747,""detectors_checked"":34521088}"
      1024,         0,         0,    1.20,exact_mw,7acd59d404317421b37957afea3f5c66f33c9ef46579a47fd7c0ca3dd0dfc735,"{""distance"":7,""physical_error_rate"":0.001}","{""detection_events"":3016,""detectors_checked"":616448}"
      2560,         0,         0,    3.28,exact_mw,7acd59d404317421b37957afea3f5c66f33c9ef46579a47fd7c0ca3dd0dfc735,"{""distance"":7,""physical_error_rate"":0.001}","{""detection_events"":7393,""detectors_checked"":1541120}"
       256,         0,         0,    1.66,exact_mw,ca91ffa42463e210e189f165a9a4cbcfd1773a75ca815ff24a9009c31e62d8d0,"{""distance"":7,""physical_error_rate"":0.002}","{""detection_events"":1501,""detectors_checked"":154112}"
      1024,         0,         0,    1.19,exact_mw,7acd59d404317421b37957afea3f5c66f33c9ef46579a47fd7c0ca3dd0dfc735,"{""distance"":7,""physical_error_rate"":0.001}","{""detection_events"":3119,""detectors_checked"":616448}"
       384,         0,         0,    2.37,exact_mw,ca91ffa42463e210e189f165a9a4cbcfd1773a75ca815ff24a9009c31e62d8d0,"{""distance"":7,""physical_error_rate"":0.002}","{""detection_events"":2140,""detectors_checked"":231168}"
     16384,         0,         0,    2.21,exact_mw,c34bb01325b9980f7caca1807bd93e7e28846c82b8c0538af034740e6e7d5106,"{""distance"":7,""physical_error_rate"":0.0005}","{""detection_events"":23770,""detectors_checked"":9863168}"
     87040,         0,         0,    2.19,exact_mw,f5ed540d8b33fe7a17a96c57e6e367075413a3677864b79373445f6bf89adea1,"{""distance"":7,""physical_error_rate"":0.0002}","{""detection_events"":51523,""detectors_checked"":52398080}"
    447488,         0,         0,    5.94,exact_mw,d5491e2f66b0c830b41b0168451c8818c583b15508c9bf9282dc8e7a6cb6bd3f,"{""distance"":7,""physical_error_rate"":0.0001}","{""detection_events"":132427,""detectors_checked"":269387776}"
      1536,         0,         0,    1.82,exact_mw,7acd59d404317421b37957afea3f5c66f33c9ef46579a47fd7c0ca3dd0dfc735,"{""distance"":7,""physical_error_rate"":0.001}","{""detection_events"":4568,""detectors_checked"":924672}"
    348160,         0,         0,    5.95,exact_mw,d5491e2f66b0c830b41b0168451c8818c583b15508c9bf9282dc8e7a6cb6bd3f,"{""distance"":7,""physical_error_rate"":0.0001}","{""detection_events"":103249,""detectors_checked"":209592320}"
     25600,         0,         0,    4.29,exact_mw,c34bb01325b9980f7caca1807bd93e7e28846c82b8c0538af034740e6e7d5106,"{""distance"":7,""physical_error_rate"":0.0005}","{""detection_events"":37994,""detectors_checked"":15411200}"
       384,         0,         0,    2.88,exact_mw,ca91ffa42463e210e189f165a9a4cbcfd1773a75ca815ff24a9009c31e62d8d0,"{""distance"":7,""physical_error_rate"":0.002}","{""detection_events"":2235,""detectors_checked"":231168}"
    242688,         0,         0,    5.97,exact_mw,f5ed540d8b33fe7a17a96c57e6e367075413a3677864b79373445f6bf89adea1,"{""distance"":7,""physical_error_rate"":0.0002}","{""detection_events"":143638,""detectors_checked"":146098176}"
     19456,         0,         0,    3.19,exact_mw,c34bb01325b9980f7caca1807bd93e7e28846c82b8c0538af034740e6e7d5106,"{""distance"":7,""physical_error_rate"":0.0005}","{""detection_events"":29169,""detectors_checked"":11712512}"
       512,         0,         0,    3.42,exact_mw,ca91ffa42463e210e189f165a9a4cbcfd1773a75ca815ff24a9009c31e62d8d0,"{""distance"":7,""physical_error_rate"":0.002}","{""detection_events"":3065,""detectors_checked"":308224}"
   5436416,         1,         0,   119.4,exact_mw,f5ed540d8b33fe7a17a96c57e6e367075413a3677864b79373445f6bf89adea1,"{""distance"":7,""physical_error_rate"":0.0002}","{""detection_events"":3220310,""detectors_checked"":3272722432,""obs_mistake_mask=E"":1}"
    132096,         0,         0,    3.04,exact_mw,f5ed540d8b33fe7a17a96c57e6e367075413a3677864b79373445f6bf89adea1,"{""distance"":7,""physical_error_rate"":0.0002}","{""detection_events"":78018,""detectors_checked"":79521792}"
      3584,         0,         0,    4.59,exact_mw,7acd59d404317421b37957afea3f5c66f33c9ef46579a47fd7c0ca3dd0dfc735,"{""distance"":7,""physical_error_rate"":0.001}","{""detection_events"":10458,""detectors_checked"":2157568}"
    115968,         0,         0,   120.7,exact_mw,7acd59d404317421b37957afea3f5c66f33c9ef46579a47fd7c0ca3dd0dfc735,"{""distance"":7,""physical_error_rate"":0.001}","{""detection_events"":341564,""detectors_checked"":69812736}"
      2048,         0,         0,    2.47,exact_mw,7acd59d404317421b37957afea3f5c66f33c9ef46579a47fd7c0ca3dd0dfc735,"{""distance"":7,""physical_error_rate"":0.001}","{""detection_events"":5891,""detectors_checked"":1232896}"
       384,         0,         0,    3.19,exact_mw,ca91ffa42463e210e189f165a9a4cbcfd1773a75ca815ff24a9009c31e62d8d0,"{""distance"":7,""physical_error_rate"":0.002}","{""detection_events"":2413,""detectors_checked"":231168}"
      2560,         0,         0,    3.58,exact_mw,7acd59d404317421b37957afea3f5c66f33c9ef46579a47fd7c0ca3dd0dfc735,"{""distance"":7,""physical_error_rate"":0.001}","{""detection_events"":7795,""detectors_checked"":1541120}"
     24576,         0,         0,    4.34,exact_mw,c34bb01325b9980f7caca1807bd93e7e28846c82b8c0538af034740e6e7d5106,"{""distance"":7,""physical_error_rate"":0.0005}","{""detection_events"":36835,""detectors_checked"":14794752}"
    156672,         0,         0,    4.27,exact_mw,f5ed540d8b33fe7a17a96c57e6e367075413a3677864b79373445f6bf89adea1,"{""distance"":7,""physical_error_rate"":0.0002}","{""detection_events"":92439,""detectors_checked"":94316544}"
   3815424,         1,         0,   118.8,exact_mw,d5491e2f66b0c830b41b0168451c8818c583b15508c9bf9282dc8e7a6cb6bd3f,"{""distance"":7,""physical_error_rate"":0.0001}","{""detection_events"":1133105,""detectors_checked"":2296885248,""obs_mistake_mask=E"":1}"
       896,         0,         0,    4.51,exact_mw,ca91ffa42463e210e189f165a9a4cbcfd1773a75ca815ff24a9009c31e62d8d0,"{""distance"":7,""physical_error_rate"":0.002}","{""detection_events"":5300,""detectors_checked"":539392}"
     30720,         1,         0,    5.98,exact_mw,c34bb01325b9980f7caca1807bd93e7e28846c82b8c0538af034740e6e7d5106,"{""distance"":7,""physical_error_rate"":0.0005}","{""detection_events"":45779,""detectors_checked"":18493440,""obs_mistake_mask=E"":1}"
   8889344,         0,         0,   119.1,exact_mw,d5491e2f66b0c830b41b0168451c8818c583b15508c9bf9282dc8e7a6cb6bd3f,"{""distance"":7,""physical_error_rate"":0.0001}","{""detection_events"":2639190,""detectors_checked"":5351385088}"
    586752,         0,         0,    8.33,exact_mw,d5491e2f66b0c830b41b0168451c8818c583b15508c9bf9282dc8e7a6cb6bd3f,"{""distance"":7,""physical_error_rate"":0.0001}","{""detection_events"":174888,""detectors_checked"":353224704}"
   6926336,         0,         0,   119.0,exact_mw,d5491e2f66b0c830b41b0168451c8818c583b15508c9bf9282dc8e7a6cb6bd3f,"{""distance"":7,""physical_error_rate"":0.0001}","{""detection_events"":2054716,""detectors_checked"":4169654272}"
      5632,         0,         0,    5.99,exact_mw,7acd59d404317421b37957afea3f5c66f33c9ef46579a47fd7c0ca3dd0dfc735,"{""distance"":7,""physical_error_rate"":0.001}","{""detection_events"":16533,""detectors_checked"":3390464}"
       512,         0,         0,    4.43,exact_mw,ca91ffa42463e210e189f165a9a4cbcfd1773a75ca815ff24a9009c31e62d8d0,"{""distance"":7,""physical_error_rate"":0.002}","{""detection_events"":3127,""detectors_checked"":308224}"
    458752,         0,         0,    8.33,exact_mw,d5491e2f66b0c830b41b0168451c8818c583b15508c9bf9282dc8e7a6cb6bd3f,"{""distance"":7,""physical_error_rate"":0.0001}","{""detection_events"":136862,""detectors_checked"":276168704}"
   4764672,         5,         0,   119.4,exact_mw,f5ed540d8b33fe7a17a96c57e6e367075413a3677864b79373445f6bf89adea1,"{""distance"":7,""physical_error_rate"":0.0002}","{""detection_events"":2831848,""detectors_checked"":2868332544,""obs_mistake_mask=E"":5}"
    347136,         0,         0,    8.30,exact_mw,f5ed540d8b33fe7a17a96c57e6e367075413a3677864b79373445f6bf89adea1,"{""distance"":7,""physical_error_rate"":0.0002}","{""detection_events"":204495,""detectors_checked"":208975872}"
   3742720,         1,         0,   119.5,exact_mw,f5ed540d8b33fe7a17a96c57e6e367075413a3677864b79373445f6bf89adea1,"{""distance"":7,""physical_error_rate"":0.0002}","{""detection_events"":2217547,""detectors_checked"":2253117440,""obs_mistake_mask=E"":1}"
   3898368,         3,         0,   119.4,exact_mw,f5ed540d8b33fe7a17a96c57e6e367075413a3677864b79373445f6bf89adea1,"{""distance"":7,""physical_error_rate"":0.0002}","{""detection_events"":2311705,""detectors_checked"":2346817536,""obs_mistake_mask=E"":3}"
      3584,         1,         0,    4.88,exact_mw,7acd59d404317421b37957afea3f5c66f33c9ef46579a47fd7c0ca3dd0dfc735,"{""distance"":7,""physical_error_rate"":0.001}","{""detection_events"":10590,""detectors_checked"":2157568,""obs_mistake_mask=E"":1}"
     25344,         1,         0,   120.0,exact_mw,ca91ffa42463e210e189f165a9a4cbcfd1773a75ca815ff24a9009c31e62d8d0,"{""distance"":7,""physical_error_rate"":0.002}","{""detection_events"":149058,""detectors_checked"":15257088,""obs_mistake_mask=E"":1}"
    809984,         2,         0,   120.0,exact_mw,c34bb01325b9980f7caca1807bd93e7e28846c82b8c0538af034740e6e7d5106,"{""distance"":7,""physical_error_rate"":0.0005}","{""detection_events"":1196602,""detectors_checked"":487610368,""obs_mistake_mask=E"":2}"
   3758080,         0,         0,   119.3,exact_mw,f5ed540d8b33fe7a17a96c57e6e367075413a3677864b79373445f6bf89adea1,"{""distance"":7,""physical_error_rate"":0.0002}","{""detection_events"":2230008,""detectors_checked"":2262364160}"
     39936,         0,         0,    6.07,exact_mw,c34bb01325b9980f7caca1807bd93e7e28846c82b8c0538af034740e6e7d5106,"{""distance"":7,""physical_error_rate"":0.0005}","{""detection_events"":59249,""detectors_checked"":24041472}"
    205824,         0,         0,    5.99,exact_mw,f5ed540d8b33fe7a17a96c57e6e367075413a3677864b79373445f6bf89adea1,"{""distance"":7,""physical_error_rate"":0.0002}","{""detection_events"":121993,""detectors_checked"":123906048}"
   5100544,         0,         0,   118.9,exact_mw,d5491e2f66b0c830b41b0168451c8818c583b15508c9bf9282dc8e7a6cb6bd3f,"{""distance"":7,""physical_error_rate"":0.0001}","{""detection_events"":1511068,""detectors_checked"":3070527488}"
      1280,         0,         0,    6.14,exact_mw,ca91ffa42463e210e189f165a9a4cbcfd1773a75ca815ff24a9009c31e62d8d0,"{""distance"":7,""physical_error_rate"":0.002}","{""detection_events"":7691,""detectors_checked"":770560}"
   6678528,         1,         0,   119.0,exact_mw,d5491e2f66b0c830b41b0168451c8818c583b15508c9bf9282dc8e7a6cb6bd3f,"{""distance"":7,""physical_error_rate"":0.0001}","{""detection_events"":1976295,""detectors_checked"":4020473856,""obs_mistake_mask=E"":1}"
    139776,         3,         0,   120.5,exact_mw,7acd59d404317421b37957afea3f5c66f33c9ef46579a47fd7c0ca3dd0dfc735,"{""distance"":7,""physical_error_rate"":0.001}","{""detection_events"":410968,""detectors_checked"":84145152,""obs_mistake_mask=E"":3}"
    517120,         0,         0,   120.0,exact_mw,c34bb01325b9980f7caca1807bd93e7e28846c82b8c0538af034740e6e7d5106,"{""distance"":7,""physical_error_rate"":0.0005}","{""detection_events"":765398,""detectors_checked"":311306240}"
       640,         0,         0,    6.10,exact_mw,ca91ffa42463e210e189f165a9a4cbcfd1773a75ca815ff24a9009c31e62d8d0,"{""distance"":7,""physical_error_rate"":0.002}","{""detection_events"":3842,""detectors_checked"":385280}"
     38912,         0,         0,    8.47,exact_mw,c34bb01325b9980f7caca1807bd93e7e28846c82b8c0538af034740e6e7d5106,"{""distance"":7,""physical_error_rate"":0.0005}","{""detection_events"":57937,""detectors_checked"":23425024}"
     25472,         4,         0,   120.2,exact_mw,ca91ffa42463e210e189f165a9a4cbcfd1773a75ca815ff24a9009c31e62d8d0,"{""distance"":7,""physical_error_rate"":0.002}","{""detection_events"":149357,""detectors_checked"":15334144,""obs_mistake_mask=E"":4}"
    683008,         2,         0,   120.0,exact_mw,c34bb01325b9980f7caca1807bd93e7e28846c82b8c0538af034740e6e7d5106,"{""distance"":7,""physical_error_rate"":0.0005}","{""detection_events"":1011171,""detectors_checked"":411170816,""obs_mistake_mask=E"":2}"
    680960,         2,         0,   120.0,exact_mw,c34bb01325b9980f7caca1807bd93e7e28846c82b8c0538af034740e6e7d5106,"{""distance"":7,""physical_error_rate"":0.0005}","{""detection_events"":1006899,""detectors_checked"":409937920,""obs_mistake_mask=E"":2}"
      9216,         0,         0,    8.72,exact_mw,7acd59d404317421b37957afea3f5c66f33c9ef46579a47fd7c0ca3dd0dfc735,"{""distance"":7,""physical_error_rate"":0.001}","{""detection_events"":27120,""detectors_checked"":5548032}"
      4608,         0,         0,    6.07,exact_mw,7acd59d404317421b37957afea3f5c66f33c9ef46579a47fd7c0ca3dd0dfc735,"{""distance"":7,""physical_error_rate"":0.001}","{""detection_events"":13122,""detectors_checked"":2774016}"
    660480,         1,         0,   120.0,exact_mw,c34bb01325b9980f7caca1807bd93e7e28846c82b8c0538af034740e6e7d5106,"{""distance"":7,""physical_error_rate"":0.0005}","{""detection_events"":975909,""detectors_checked"":397608960,""obs_mistake_mask=E"":1}"
    719872,         0,         0,    11.6,exact_mw,d5491e2f66b0c830b41b0168451c8818c583b15508c9bf9282dc8e7a6cb6bd3f,"{""distance"":7,""physical_error_rate"":0.0001}","{""detection_events"":212432,""detectors_checked"":433362944}"
     30464,         0,         0,   120.5,exact_mw,ca91ffa42463e210e189f165a9a4cbcfd1773a75ca815ff24a9009c31e62d8d0,"{""distance"":7,""physical_error_rate"":0.002}","{""detection_events"":178232,""detectors_checked"":18339328}"
     53248,         0,         0,    8.41,exact_mw,c34bb01325b9980f7caca1807bd93e7e28846c82b8c0538af034740e6e7d5106,"{""distance"":7,""physical_error_rate"":0.0005}","{""detection_events"":78067,""detectors_checked"":32055296}"
    325632,         0,         0,    8.35,exact_mw,f5ed540d8b33fe7a17a96c57e6e367075413a3677864b79373445f6bf89adea1,"{""distance"":7,""physical_error_rate"":0.0002}","{""detection_events"":191728,""detectors_checked"":196030464}"
     24576,         4,         0,   120.2,exact_mw,ca91ffa42463e210e189f165a9a4cbcfd1773a75ca815ff24a9009c31e62d8d0,"{""distance"":7,""physical_error_rate"":0.002}","{""detection_events"":143198,""detectors_checked"":14794752,""obs_mistake_mask=E"":4}"
    829440,         0,         0,    11.6,exact_mw,d5491e2f66b0c830b41b0168451c8818c583b15508c9bf9282dc8e7a6cb6bd3f,"{""distance"":7,""physical_error_rate"":0.0001}","{""detection_events"":246677,""detectors_checked"":499322880}"
    410624,         0,         0,    11.7,exact_mw,f5ed540d8b33fe7a17a96c57e6e367075413a3677864b79373445f6bf89adea1,"{""distance"":7,""physical_error_rate"":0.0002}","{""detection_events"":243305,""detectors_checked"":247195648}"
      1664,         0,         0,    8.80,exact_mw,ca91ffa42463e210e189f165a9a4cbcfd1773a75ca815ff24a9009c31e62d8d0,"{""distance"":7,""physical_error_rate"":0.002}","{""detection_events"":9622,""detectors_checked"":1001728}"
      1600,         1,         0,    8.45,exact_mw,ca91ffa42463e210e189f165a9a4cbcfd1773a75ca815ff24a9009c31e62d8d0,"{""distance"":7,""physical_error_rate"":0.002}","{""detection_events"":9116,""detectors_checked"":963200,""obs_mistake_mask=E"":1}"
     22544,         5,         0,   120.3,exact_mw,ca91ffa42463e210e189f165a9a4cbcfd1773a75ca815ff24a9009c31e62d8d0,"{""distance"":7,""physical_error_rate"":0.002}","{""detection_events"":131440,""detectors_checked"":13571488,""obs_mistake_mask=E"":5}"
      6656,         0,         0,    8.73,exact_mw,7acd59d404317421b37957afea3f5c66f33c9ef46579a47fd7c0ca3dd0dfc735,"{""distance"":7,""physical_error_rate"":0.001}","{""detection_events"":19720,""detectors_checked"":4006912}"
    114176,         0,         0,   120.0,exact_mw,7acd59d404317421b37957afea3f5c66f33c9ef46579a47fd7c0ca3dd0dfc735,"{""distance"":7,""physical_error_rate"":0.001}","{""detection_events"":335334,""detectors_checked"":68733952}"
     53248,         0,         0,    11.7,exact_mw,c34bb01325b9980f7caca1807bd93e7e28846c82b8c0538af034740e6e7d5106,"{""distance"":7,""physical_error_rate"":0.0005}","{""detection_events"":78684,""detectors_checked"":32055296}"
    109696,         2,         0,   120.4,exact_mw,7acd59d404317421b37957afea3f5c66f33c9ef46579a47fd7c0ca3dd0dfc735,"{""distance"":7,""physical_error_rate"":0.001}","{""detection_events"":324913,""detectors_checked"":66036992,""obs_mistake_mask=E"":2}"
    114688,         1,         0,   120.3,exact_mw,7acd59d404317421b37957afea3f5c66f33c9ef46579a47fd7c0ca3dd0dfc735,"{""distance"":7,""physical_error_rate"":0.001}","{""detection_events"":337785,""detectors_checked"":69042176,""obs_mistake_mask=E"":1}"
      9728,         0,         0,    12.0,exact_mw,7acd59d404317421b37957afea3f5c66f33c9ef46579a47fd7c0ca3dd0dfc735,"{""distance"":7,""physical_error_rate"":0.001}","{""detection_events"":28275,""detectors_checked"":5856256}"
     74752,         0,         0,    11.8,exact_mw,c34bb01325b9980f7caca1807bd93e7e28846c82b8c0538af034740e6e7d5106,"{""distance"":7,""physical_error_rate"":0.0005}","{""detection_events"":111491,""detectors_checked"":45000704}"
    457728,         0,         0,    11.7,exact_mw,f5ed540d8b33fe7a17a96c57e6e367075413a3677864b79373445f6bf89adea1,"{""distance"":7,""physical_error_rate"":0.0002}","{""detection_events"":272423,""detectors_checked"":275552256}"
    102144,         1,         0,   120.8,exact_mw,7acd59d404317421b37957afea3f5c66f33c9ef46579a47fd7c0ca3dd0dfc735,"{""distance"":7,""physical_error_rate"":0.001}","{""detection_events"":300319,""detectors_checked"":61490688,""obs_mistake_mask=E"":1}"
      1920,         0,         0,    12.1,exact_mw,ca91ffa42463e210e189f165a9a4cbcfd1773a75ca815ff24a9009c31e62d8d0,"{""distance"":7,""physical_error_rate"":0.002}","{""detection_events"":11087,""detectors_checked"":1155840}"
     23488,         1,         0,   120.3,exact_mw,ca91ffa42463e210e189f165a9a4cbcfd1773a75ca815ff24a9009c31e62d8d0,"{""distance"":7,""physical_error_rate"":0.002}","{""detection_events"":136897,""detectors_checked"":14139776,""obs_mistake_mask=E"":1}"
      2176,         0,         0,    11.7,exact_mw,ca91ffa42463e210e189f165a9a4cbcfd1773a75ca815ff24a9009c31e62d8d0,"{""distance"":7,""physical_error_rate"":0.002}","{""detection_events"":12493,""detectors_checked"":1309952}"
   1047552,         0,         0,    16.3,exact_mw,d5491e2f66b0c830b41b0168451c8818c583b15508c9bf9282dc8e7a6cb6bd3f,"{""distance"":7,""physical_error_rate"":0.0001}","{""detection_events"":310531,""detectors_checked"":630626304}"
   1177600,         0,         0,    16.3,exact_mw,d5491e2f66b0c830b41b0168451c8818c583b15508c9bf9282dc8e7a6cb6bd3f,"{""distance"":7,""physical_error_rate"":0.0001}","{""detection_events"":349398,""detectors_checked"":708915200}"
    547840,         0,         0,    16.3,exact_mw,f5ed540d8b33fe7a17a96c57e6e367075413a3677864b79373445f6bf89adea1,"{""distance"":7,""physical_error_rate"":0.0002}","{""detection_events"":325225,""detectors_checked"":329799680}"
     10752,         0,         0,    11.8,exact_mw,7acd59d404317421b37957afea3f5c66f33c9ef46579a47fd7c0ca3dd0dfc735,"{""distance"":7,""physical_error_rate"":0.001}","{""detection_events"":31124,""detectors_checked"":6472704}"
     74752,         1,         0,    16.6,exact_mw,c34bb01325b9980f7caca1807bd93e7e28846c82b8c0538af034740e6e7d5106,"{""distance"":7,""physical_error_rate"":0.0005}","{""detection_events"":110262,""detectors_checked"":45000704,""obs_mistake_mask=E"":1}"
     12800,         0,         0,    16.9,exact_mw,7acd59d404317421b37957afea3f5c66f33c9ef46579a47fd7c0ca3dd0dfc735,"{""distance"":7,""physical_error_rate"":0.001}","{""detection_events"":37355,""detectors_checked"":7705600}"
   2656413,         0,         0,    38.0,exact_mw,d5491e2f66b0c830b41b0168451c8818c583b15508c9bf9282dc8e7a6cb6bd3f,"{""distance"":7,""physical_error_rate"":0.0001}","{""detection_events"":790249,""detectors_checked"":1599160626}"
    104448,         0,         0,    16.4,exact_mw,c34bb01325b9980f7caca1807bd93e7e28846c82b8c0538af034740e6e7d5106,"{""distance"":7,""physical_error_rate"":0.0005}","{""detection_events"":154949,""detectors_checked"":62877696}"
    593920,         2,         0,    16.3,exact_mw,f5ed540d8b33fe7a17a96c57e6e367075413a3677864b79373445f6bf89adea1,"{""distance"":7,""physical_error_rate"":0.0002}","{""detection_events"":349933,""detectors_checked"":357539840,""obs_mistake_mask=E"":2}"
      2688,         0,         0,    16.8,exact_mw,ca91ffa42463e210e189f165a9a4cbcfd1773a75ca815ff24a9009c31e62d8d0,"{""distance"":7,""physical_error_rate"":0.002}","{""detection_events"":15851,""detectors_checked"":1618176}"
      3584,         0,         0,    16.7,exact_mw,ca91ffa42463e210e189f165a9a4cbcfd1773a75ca815ff24a9009c31e62d8d0,"{""distance"":7,""physical_error_rate"":0.002}","{""detection_events"":20808,""detectors_checked"":2157568}"
   4748288,         0,         0,    87.5,exact_mw,d5491e2f66b0c830b41b0168451c8818c583b15508c9bf9282dc8e7a6cb6bd3f,"{""distance"":7,""physical_error_rate"":0.0001}","{""detection_events"":1410249,""detectors_checked"":2858469376}"
     17408,         0,         0,    16.6,exact_mw,7acd59d404317421b37957afea3f5c66f33c9ef46579a47fd7c0ca3dd0dfc735,"{""distance"":7,""physical_error_rate"":0.001}","{""detection_events"":51238,""detectors_checked"":10479616}"
   6636130,         0,         0,   112.7,exact_mw,d5491e2f66b0c830b41b0168451c8818c583b15508c9bf9282dc8e7a6cb6bd3f,"{""distance"":7,""physical_error_rate"":0.0001}","{""detection_events"":1966809,""detectors_checked"":3994950260}"
   6168576,         0,         0,   112.4,exact_mw,d5491e2f66b0c830b41b0168451c8818c583b15508c9bf9282dc8e7a6cb6bd3f,"{""distance"":7,""physical_error_rate"":0.0001}","{""detection_events"":1828092,""detectors_checked"":3713482752}"
   2870272,         1,         0,    87.8,exact_mw,f5ed540d8b33fe7a17a96c57e6e367075413a3677864b79373445f6bf89adea1,"{""distance"":7,""physical_error_rate"":0.0002}","{""detection_events"":1702342,""detectors_checked"":1727903744,""obs_mistake_mask=E"":1}"
    393216,         0,         0,    88.3,exact_mw,c34bb01325b9980f7caca1807bd93e7e28846c82b8c0538af034740e6e7d5106,"{""distance"":7,""physical_error_rate"":0.0005}","{""detection_events"":581804,""detectors_checked"":236716032}"
   1439744,         1,         0,    22.8,exact_mw,d5491e2f66b0c830b41b0168451c8818c583b15508c9bf9282dc8e7a6cb6bd3f,"{""distance"":7,""physical_error_rate"":0.0001}","{""detection_events"":426689,""detectors_checked"":866725888,""obs_mistake_mask=E"":1}"
    417792,         0,         0,    88.1,exact_mw,c34bb01325b9980f7caca1807bd93e7e28846c82b8c0538af034740e6e7d5106,"{""distance"":7,""physical_error_rate"":0.0005}","{""detection_events"":613707,""detectors_checked"":251510784}"
   1449984,         0,         0,    22.8,exact_mw,d5491e2f66b0c830b41b0168451c8818c583b15508c9bf9282dc8e7a6cb6bd3f,"{""distance"":7,""physical_error_rate"":0.0001}","{""detection_events"":431453,""detectors_checked"":872890368}"
   2636800,         1,         0,    87.7,exact_mw,f5ed540d8b33fe7a17a96c57e6e367075413a3677864b79373445f6bf89adea1,"{""distance"":7,""physical_error_rate"":0.0002}","{""detection_events"":1565569,""detectors_checked"":1587353600,""obs_mistake_mask=E"":1}"
    758784,         0,         0,    22.8,exact_mw,f5ed540d8b33fe7a17a96c57e6e367075413a3677864b79373445f6bf89adea1,"{""distance"":7,""physical_error_rate"":0.0002}","{""detection_events"":448578,""detectors_checked"":456787968}"
   3853312,         1,         0,   119.2,exact_mw,f5ed540d8b33fe7a17a96c57e6e367075413a3677864b79373445f6bf89adea1,"{""distance"":7,""physical_error_rate"":0.0002}","{""detection_events"":2284214,""detectors_checked"":2319693824,""obs_mistake_mask=E"":1}"
    105472,         0,         0,    23.1,exact_mw,c34bb01325b9980f7caca1807bd93e7e28846c82b8c0538af034740e6e7d5106,"{""distance"":7,""physical_error_rate"":0.0005}","{""detection_events"":156055,""detectors_checked"":63494144}"
     17408,         0,         0,    23.0,exact_mw,7acd59d404317421b37957afea3f5c66f33c9ef46579a47fd7c0ca3dd0dfc735,"{""distance"":7,""physical_error_rate"":0.001}","{""detection_events"":51731,""detectors_checked"":10479616}"
    577536,         1,         0,   119.9,exact_mw,c34bb01325b9980f7caca1807bd93e7e28846c82b8c0538af034740e6e7d5106,"{""distance"":7,""physical_error_rate"":0.0005}","{""detection_events"":852181,""detectors_checked"":347676672,""obs_mistake_mask=E"":1}"
     20096,         2,         0,    88.8,exact_mw,ca91ffa42463e210e189f165a9a4cbcfd1773a75ca815ff24a9009c31e62d8d0,"{""distance"":7,""physical_error_rate"":0.002}","{""detection_events"":116657,""detectors_checked"":12097792,""obs_mistake_mask=E"":2}"
   3211264,         2,         0,   119.4,exact_mw,f5ed540d8b33fe7a17a96c57e6e367075413a3677864b79373445f6bf89adea1,"{""distance"":7,""physical_error_rate"":0.0002}","{""detection_events"":1904277,""detectors_checked"":1933180928,""obs_mistake_mask=E"":2}"
    647168,         2,         0,   120.1,exact_mw,c34bb01325b9980f7caca1807bd93e7e28846c82b8c0538af034740e6e7d5106,"{""distance"":7,""physical_error_rate"":0.0005}","{""detection_events"":958845,""detectors_checked"":389595136,""obs_mistake_mask=E"":2}"
    766976,         0,         0,    22.8,exact_mw,f5ed540d8b33fe7a17a96c57e6e367075413a3677864b79373445f6bf89adea1,"{""distance"":7,""physical_error_rate"":0.0002}","{""detection_events"":456231,""detectors_checked"":461719552}"
    111616,         0,         0,    23.1,exact_mw,c34bb01325b9980f7caca1807bd93e7e28846c82b8c0538af034740e6e7d5106,"{""distance"":7,""physical_error_rate"":0.0005}","{""detection_events"":164446,""detectors_checked"":67192832}"
     15360,         3,         0,    88.6,exact_mw,ca91ffa42463e210e189f165a9a4cbcfd1773a75ca815ff24a9009c31e62d8d0,"{""distance"":7,""physical_error_rate"":0.002}","{""detection_events"":89384,""detectors_checked"":9246720,""obs_mistake_mask=E"":3}"
   4046848,         0,         0,   119.4,exact_mw,f5ed540d8b33fe7a17a96c57e6e367075413a3677864b79373445f6bf89adea1,"{""distance"":7,""physical_error_rate"":0.0002}","{""detection_events"":2400684,""detectors_checked"":2436202496}"
      3712,         0,         0,    23.5,exact_mw,ca91ffa42463e210e189f165a9a4cbcfd1773a75ca815ff24a9009c31e62d8d0,"{""distance"":7,""physical_error_rate"":0.002}","{""detection_events"":21816,""detectors_checked"":2234624}"
     73216,         0,         0,    88.8,exact_mw,7acd59d404317421b37957afea3f5c66f33c9ef46579a47fd7c0ca3dd0dfc735,"{""distance"":7,""physical_error_rate"":0.001}","{""detection_events"":215860,""detectors_checked"":44076032}"
      4864,         1,         0,    23.7,exact_mw,ca91ffa42463e210e189f165a9a4cbcfd1773a75ca815ff24a9009c31e62d8d0,"{""distance"":7,""physical_error_rate"":0.002}","{""detection_events"":29071,""detectors_checked"":2928128,""obs_mistake_mask=E"":1}"
     20992,         1,         0,    23.2,exact_mw,7acd59d404317421b37957afea3f5c66f33c9ef46579a47fd7c0ca3dd0dfc735,"{""distance"":7,""physical_error_rate"":0.001}","{""detection_events"":61372,""detectors_checked"":12637184,""obs_mistake_mask=E"":1}"
     89600,         0,         0,    89.6,exact_mw,7acd59d404317421b37957afea3f5c66f33c9ef46579a47fd7c0ca3dd0dfc735,"{""distance"":7,""physical_error_rate"":0.001}","{""detection_events"":265000,""detectors_checked"":53939200}"
    105984,         1,         0,   120.5,exact_mw,7acd59d404317421b37957afea3f5c66f33c9ef46579a47fd7c0ca3dd0dfc735,"{""distance"":7,""physical_error_rate"":0.001}","{""detection_events"":312496,""detectors_checked"":63802368,""obs_mistake_mask=E"":1}"
     22784,         2,         0,   120.1,exact_mw,ca91ffa42463e210e189f165a9a4cbcfd1773a75ca815ff24a9009c31e62d8d0,"{""distance"":7,""physical_error_rate"":0.002}","{""detection_events"":132757,""detectors_checked"":13715968,""obs_mistake_mask=E"":2}"
    100864,         3,         0,   120.1,exact_mw,7acd59d404317421b37957afea3f5c66f33c9ef46579a47fd7c0ca3dd0dfc735,"{""distance"":7,""physical_error_rate"":0.001}","{""detection_events"":297615,""detectors_checked"":60720128,""obs_mistake_mask=E"":3}"
     21632,         2,         0,   120.2,exact_mw,ca91ffa42463e210e189f165a9a4cbcfd1773a75ca815ff24a9009c31e62d8d0,"{""distance"":7,""physical_error_rate"":0.002}","{""detection_events"":125927,""detectors_checked"":13022464,""obs_mistake_mask=E"":2}"
    656384,         1,         0,   120.0,exact_mw,c34bb01325b9980f7caca1807bd93e7e28846c82b8c0538af034740e6e7d5106,"{""distance"":7,""physical_error_rate"":0.0005}","{""detection_events"":973099,""detectors_checked"":395143168,""obs_mistake_mask=E"":1}"
   5678080,         0,         0,   118.9,exact_mw,d5491e2f66b0c830b41b0168451c8818c583b15508c9bf9282dc8e7a6cb6bd3f,"{""distance"":7,""physical_error_rate"":0.0001}","{""detection_events"":1684487,""detectors_checked"":3418204160}"
   2097152,         0,         0,    32.0,exact_mw,d5491e2f66b0c830b41b0168451c8818c583b15508c9bf9282dc8e7a6cb6bd3f,"{""distance"":7,""physical_error_rate"":0.0001}","{""detection_events"":619714,""detectors_checked"":1262485504}"
      9349,         0,         0,   0.168,exact_mw,d5491e2f66b0c830b41b0168451c8818c583b15508c9bf9282dc8e7a6cb6bd3f,"{""distance"":7,""physical_error_rate"":0.0001}","{""detection_events"":2985,""detectors_checked"":5628098}"
   4377600,         1,         0,    84.1,exact_mw,d5491e2f66b0c830b41b0168451c8818c583b15508c9bf9282dc8e7a6cb6bd3f,"{""distance"":7,""physical_error_rate"":0.0001}","{""detection_events"":1296359,""detectors_checked"":2635315200,""obs_mistake_mask=E"":1}"
   4421632,         0,         0,    78.0,exact_mw,d5491e2f66b0c830b41b0168451c8818c583b15508c9bf9282dc8e7a6cb6bd3f,"{""distance"":7,""physical_error_rate"":0.0001}","{""detection_events"":1309101,""detectors_checked"":2661822464}"
   5547008,         0,         0,   102.8,exact_mw,d5491e2f66b0c830b41b0168451c8818c583b15508c9bf9282dc8e7a6cb6bd3f,"{""distance"":7,""physical_error_rate"":0.0001}","{""detection_events"":1648222,""detectors_checked"":3339298816}"
   1967104,         0,         0,    32.0,exact_mw,d5491e2f66b0c830b41b0168451c8818c583b15508c9bf9282dc8e7a6cb6bd3f,"{""distance"":7,""physical_error_rate"":0.0001}","{""detection_events"":582030,""detectors_checked"":1184196608}"
   4283855,         1,         0,    79.0,exact_mw,d5491e2f66b0c830b41b0168451c8818c583b15508c9bf9282dc8e7a6cb6bd3f,"{""distance"":7,""physical_error_rate"":0.0001}","{""detection_events"":1268668,""detectors_checked"":2578880710,""obs_mistake_mask=E"":1}"
   3361792,         0,         0,    46.4,exact_mw,d5491e2f66b0c830b41b0168451c8818c583b15508c9bf9282dc8e7a6cb6bd3f,"{""distance"":7,""physical_error_rate"":0.0001}","{""detection_events"":997518,""detectors_checked"":2023798784}"
   4028416,         0,         0,    84.1,exact_mw,d5491e2f66b0c830b41b0168451c8818c583b15508c9bf9282dc8e7a6cb6bd3f,"{""distance"":7,""physical_error_rate"":0.0001}","{""detection_events"":1193730,""detectors_checked"":2425106432}"
   1230848,         0,         0,    32.0,exact_mw,f5ed540d8b33fe7a17a96c57e6e367075413a3677864b79373445f6bf89adea1,"{""distance"":7,""physical_error_rate"":0.0002}","{""detection_events"":730728,""detectors_checked"":740970496}"
   2567422,         1,         0,    42.5,exact_mw,d5491e2f66b0c830b41b0168451c8818c583b15508c9bf9282dc8e7a6cb6bd3f,"{""distance"":7,""physical_error_rate"":0.0001}","{""detection_events"":760479,""detectors_checked"":1545588044,""obs_mistake_mask=E"":1}"
   2202624,         0,         0,    40.4,exact_mw,d5491e2f66b0c830b41b0168451c8818c583b15508c9bf9282dc8e7a6cb6bd3f,"{""distance"":7,""physical_error_rate"":0.0001}","{""detection_events"":655411,""detectors_checked"":1325979648}"
   1956864,         0,         0,    40.3,exact_mw,d5491e2f66b0c830b41b0168451c8818c583b15508c9bf9282dc8e7a6cb6bd3f,"{""distance"":7,""physical_error_rate"":0.0001}","{""detection_events"":582702,""detectors_checked"":1178032128}"
    128000,         2,         0,   120.6,exact_mw,7acd59d404317421b37957afea3f5c66f33c9ef46579a47fd7c0ca3dd0dfc735,"{""distance"":7,""physical_error_rate"":0.001}","{""detection_events"":377449,""detectors_checked"":77056000,""obs_mistake_mask=E"":2}"
    138240,         0,         0,    32.5,exact_mw,c34bb01325b9980f7caca1807bd93e7e28846c82b8c0538af034740e6e7d5106,"{""distance"":7,""physical_error_rate"":0.0005}","{""detection_events"":205045,""detectors_checked"":83220480}"
     26624,         0,         0,    32.8,exact_mw,7acd59d404317421b37957afea3f5c66f33c9ef46579a47fd7c0ca3dd0dfc735,"{""distance"":7,""physical_error_rate"":0.001}","{""detection_events"":78475,""detectors_checked"":16027648}"
     22784,         3,         0,   120.1,exact_mw,ca91ffa42463e210e189f165a9a4cbcfd1773a75ca815ff24a9009c31e62d8d0,"{""distance"":7,""physical_error_rate"":0.002}","{""detection_events"":132732,""detectors_checked"":13715968,""obs_mistake_mask=E"":3}"
    727040,         0,         0,    32.0,exact_mw,f5ed540d8b33fe7a17a96c57e6e367075413a3677864b79373445f6bf89adea1,"{""distance"":7,""physical_error_rate"":0.0002}","{""detection_events"":429086,""detectors_checked"":437678080}"
    196608,         0,         0,    32.2,exact_mw,c34bb01325b9980f7caca1807bd93e7e28846c82b8c0538af034740e6e7d5106,"{""distance"":7,""physical_error_rate"":0.0005}","{""detection_events"":292280,""detectors_checked"":118358016}"
      6144,         1,         0,    32.2,exact_mw,ca91ffa42463e210e189f165a9a4cbcfd1773a75ca815ff24a9009c31e62d8d0,"{""distance"":7,""physical_error_rate"":0.002}","{""detection_events"":36586,""detectors_checked"":3698688,""obs_mistake_mask=E"":1}"
   3851264,         3,         0,   119.4,exact_mw,f5ed540d8b33fe7a17a96c57e6e367075413a3677864b79373445f6bf89adea1,"{""distance"":7,""physical_error_rate"":0.0002}","{""detection_events"":2283251,""detectors_checked"":2318460928,""obs_mistake_mask=E"":3}"
      4480,         1,         0,    32.8,exact_mw,ca91ffa42463e210e189f165a9a4cbcfd1773a75ca815ff24a9009c31e62d8d0,"{""distance"":7,""physical_error_rate"":0.002}","{""detection_events"":26654,""detectors_checked"":2696960,""obs_mistake_mask=E"":1}"
     29440,         0,         0,    32.8,exact_mw,7acd59d404317421b37957afea3f5c66f33c9ef46579a47fd7c0ca3dd0dfc735,"{""distance"":7,""physical_error_rate"":0.001}","{""detection_events"":85900,""detectors_checked"":17722880}"
   1737619,         0,         0,    23.1,exact_mw,d5491e2f66b0c830b41b0168451c8818c583b15508c9bf9282dc8e7a6cb6bd3f,"{""distance"":7,""physical_error_rate"":0.0001}","{""detection_events"":516017,""detectors_checked"":1046046638}"
   1540096,         0,         0,    21.6,exact_mw,d5491e2f66b0c830b41b0168451c8818c583b15508c9bf9282dc8e7a6cb6bd3f,"{""distance"":7,""physical_error_rate"":0.0001}","{""detection_events"":455685,""detectors_checked"":927137792}"
   1410048,         0,         0,    21.7,exact_mw,d5491e2f66b0c830b41b0168451c8818c583b15508c9bf9282dc8e7a6cb6bd3f,"{""distance"":7,""physical_error_rate"":0.0001}","{""detection_events"":419963,""detectors_checked"":848848896}"
   1274880,         0,         0,    23.0,exact_mw,d5491e2f66b0c830b41b0168451c8818c583b15508c9bf9282dc8e7a6cb6bd3f,"{""distance"":7,""physical_error_rate"":0.0001}","{""detection_events"":377637,""detectors_checked"":767477760}"
   1238016,         0,         0,    21.5,exact_mw,d5491e2f66b0c830b41b0168451c8818c583b15508c9bf9282dc8e7a6cb6bd3f,"{""distance"":7,""physical_error_rate"":0.0001}","{""detection_events"":364923,""detectors_checked"":745285632}"
   1117852,         0,         0,    17.3,exact_mw,d5491e2f66b0c830b41b0168451c8818c583b15508c9bf9282dc8e7a6cb6bd3f,"{""distance"":7,""physical_error_rate"":0.0001}","{""detection_events"":330389,""detectors_checked"":672946904}"
   1096704,         0,         0,    23.2,exact_mw,d5491e2f66b0c830b41b0168451c8818c583b15508c9bf9282dc8e7a6cb6bd3f,"{""distance"":7,""physical_error_rate"":0.0001}","{""detection_events"":326075,""detectors_checked"":660215808}"
   1138688,         0,         0,    17.4,exact_mw,d5491e2f66b0c830b41b0168451c8818c583b15508c9bf9282dc8e7a6cb6bd3f,"{""distance"":7,""physical_error_rate"":0.0001}","{""detection_events"":335401,""detectors_checked"":685490176}"
   1111040,         0,         0,    23.3,exact_mw,d5491e2f66b0c830b41b0168451c8818c583b15508c9bf9282dc8e7a6cb6bd3f,"{""distance"":7,""physical_error_rate"":0.0001}","{""detection_events"":327069,""detectors_checked"":668846080}"
    785408,         0,         0,    21.8,exact_mw,d5491e2f66b0c830b41b0168451c8818c583b15508c9bf9282dc8e7a6cb6bd3f,"{""distance"":7,""physical_error_rate"":0.0001}","{""detection_events"":233339,""detectors_checked"":472815616}"
    697786,         0,         0,    24.7,exact_mw,d5491e2f66b0c830b41b0168451c8818c583b15508c9bf9282dc8e7a6cb6bd3f,"{""distance"":7,""physical_error_rate"":0.0001}","{""detection_events"":206472,""detectors_checked"":420067172}"
    574464,         0,         0,    18.8,exact_mw,d5491e2f66b0c830b41b0168451c8818c583b15508c9bf9282dc8e7a6cb6bd3f,"{""distance"":7,""physical_error_rate"":0.0001}","{""detection_events"":170848,""detectors_checked"":345827328}"
    658432,         0,         0,   119.9,exact_mw,c34bb01325b9980f7caca1807bd93e7e28846c82b8c0538af034740e6e7d5106,"{""distance"":7,""physical_error_rate"":0.0005}","{""detection_events"":975764,""detectors_checked"":396376064}"
    193303,         0,         0,    3.09,exact_mw,d5491e2f66b0c830b41b0168451c8818c583b15508c9bf9282dc8e7a6cb6bd3f,"{""distance"":7,""physical_error_rate"":0.0001}","{""detection_events"":57199,""detectors_checked"":116368406}"
    244736,         0,         0,    3.33,exact_mw,d5491e2f66b0c830b41b0168451c8818c583b15508c9bf9282dc8e7a6cb6bd3f,"{""distance"":7,""physical_error_rate"":0.0001}","{""detection_events"":73338,""detectors_checked"":147331072}"
    237568,         0,         0,    3.32,exact_mw,d5491e2f66b0c830b41b0168451c8818c583b15508c9bf9282dc8e7a6cb6bd3f,"{""distance"":7,""physical_error_rate"":0.0001}","{""detection_events"":70378,""detectors_checked"":143015936}"
    235520,         0,         0,    3.30,exact_mw,d5491e2f66b0c830b41b0168451c8818c583b15508c9bf9282dc8e7a6cb6bd3f,"{""distance"":7,""physical_error_rate"":0.0001}","{""detection_events"":70018,""detectors_checked"":141783040}"
    175063,         0,         0,    3.63,exact_mw,d5491e2f66b0c830b41b0168451c8818c583b15508c9bf9282dc8e7a6cb6bd3f,"{""distance"":7,""physical_error_rate"":0.0001}","{""detection_events"":51005,""detectors_checked"":105387926}"
    217088,         0,         0,    3.44,exact_mw,d5491e2f66b0c830b41b0168451c8818c583b15508c9bf9282dc8e7a6cb6bd3f,"{""distance"":7,""physical_error_rate"":0.0001}","{""detection_events"":63871,""detectors_checked"":130686976}"
    166912,         0,         0,    3.40,exact_mw,d5491e2f66b0c830b41b0168451c8818c583b15508c9bf9282dc8e7a6cb6bd3f,"{""distance"":7,""physical_error_rate"":0.0001}","{""detection_events"":48830,""detectors_checked"":100481024}"
    166912,         0,         0,    3.42,exact_mw,d5491e2f66b0c830b41b0168451c8818c583b15508c9bf9282dc8e7a6cb6bd3f,"{""distance"":7,""physical_error_rate"":0.0001}","{""detection_events"":49863,""detectors_checked"":100481024}"
    178176,         0,         0,    3.68,exact_mw,d5491e2f66b0c830b41b0168451c8818c583b15508c9bf9282dc8e7a6cb6bd3f,"{""distance"":7,""physical_error_rate"":0.0001}","{""detection_events"":52328,""detectors_checked"":107261952}"
    164864,         0,         0,    3.46,exact_mw,d5491e2f66b0c830b41b0168451c8818c583b15508c9bf9282dc8e7a6cb6bd3f,"{""distance"":7,""physical_error_rate"":0.0001}","{""detection_events"":48430,""detectors_checked"":99248128}"
     14249,         0,         0,   0.270,exact_mw,d5491e2f66b0c830b41b0168451c8818c583b15508c9bf9282dc8e7a6cb6bd3f,"{""distance"":7,""physical_error_rate"":0.0001}","{""detection_events"":4293,""detectors_checked"":8577898}"
    111616,         0,         0,    2.32,exact_mw,d5491e2f66b0c830b41b0168451c8818c583b15508c9bf9282dc8e7a6cb6bd3f,"{""distance"":7,""physical_error_rate"":0.0001}","{""detection_events"":33693,""detectors_checked"":67192832}"
     81246,         0,         0,    2.59,exact_mw,d5491e2f66b0c830b41b0168451c8818c583b15508c9bf9282dc8e7a6cb6bd3f,"{""distance"":7,""physical_error_rate"":0.0001}","{""detection_events"":23382,""detectors_checked"":48910092}"
     67584,         0,         0,   0.904,exact_mw,d5491e2f66b0c830b41b0168451c8818c583b15508c9bf9282dc8e7a6cb6bd3f,"{""distance"":7,""physical_error_rate"":0.0001}","{""detection_events"":19845,""detectors_checked"":40685568}"
     65174,         0,         0,   0.922,exact_mw,d5491e2f66b0c830b41b0168451c8818c583b15508c9bf9282dc8e7a6cb6bd3f,"{""distance"":7,""physical_error_rate"":0.0001}","{""detection_events"":19596,""detectors_checked"":39234748}"
     66560,         0,         0,   0.922,exact_mw,d5491e2f66b0c830b41b0168451c8818c583b15508c9bf9282dc8e7a6cb6bd3f,"{""distance"":7,""physical_error_rate"":0.0001}","{""detection_events"":19764,""detectors_checked"":40069120}"
     65174,         0,         0,   0.999,exact_mw,d5491e2f66b0c830b41b0168451c8818c583b15508c9bf9282dc8e7a6cb6bd3f,"{""distance"":7,""physical_error_rate"":0.0001}","{""detection_events"":19049,""detectors_checked"":39234748}"
     45056,         0,         0,   0.639,exact_mw,d5491e2f66b0c830b41b0168451c8818c583b15508c9bf9282dc8e7a6cb6bd3f,"{""distance"":7,""physical_error_rate"":0.0001}","{""detection_events"":13345,""detectors_checked"":27123712}"
     43133,         0,         0,   0.846,exact_mw,d5491e2f66b0c830b41b0168451c8818c583b15508c9bf9282dc8e7a6cb6bd3f,"{""distance"":7,""physical_error_rate"":0.0001}","{""detection_events"":12805,""detectors_checked"":25966066}"
     43133,         0,         0,   0.843,exact_mw,d5491e2f66b0c830b41b0168451c8818c583b15508c9bf9282dc8e7a6cb6bd3f,"{""distance"":7,""physical_error_rate"":0.0001}","{""detection_events"":13037,""detectors_checked"":25966066}"
     43008,         0,         0,   0.835,exact_mw,d5491e2f66b0c830b41b0168451c8818c583b15508c9bf9282dc8e7a6cb6bd3f,"{""distance"":7,""physical_error_rate"":0.0001}","{""detection_events"":12885,""detectors_checked"":25890816}"
     43008,         0,         0,   0.878,exact_mw,d5491e2f66b0c830b41b0168451c8818c583b15508c9bf9282dc8e7a6cb6bd3f,"{""distance"":7,""physical_error_rate"":0.0001}","{""detection_events"":12850,""detectors_checked"":25890816}"
       125,         0,         0,   0.001,exact_mw,d5491e2f66b0c830b41b0168451c8818c583b15508c9bf9282dc8e7a6cb6bd3f,"{""distance"":7,""physical_error_rate"":0.0001}","{""detection_events"":20,""detectors_checked"":75250}"
     25011,         0,         0,   0.353,exact_mw,d5491e2f66b0c830b41b0168451c8818c583b15508c9bf9282dc8e7a6cb6bd3f,"{""distance"":7,""physical_error_rate"":0.0001}","{""detection_events"":7401,""detectors_checked"":15056622}"
     26624,         0,         0,   0.325,exact_mw,d5491e2f66b0c830b41b0168451c8818c583b15508c9bf9282dc8e7a6cb6bd3f,"{""distance"":7,""physical_error_rate"":0.0001}","{""detection_events"":7692,""detectors_checked"":16027648}"
     32768,         0,         0,   0.613,exact_mw,d5491e2f66b0c830b41b0168451c8818c583b15508c9bf9282dc8e7a6cb6bd3f,"{""distance"":7,""physical_error_rate"":0.0001}","{""detection_events"":9709,""detectors_checked"":19726336}"
     26624,         0,         0,   0.361,exact_mw,d5491e2f66b0c830b41b0168451c8818c583b15508c9bf9282dc8e7a6cb6bd3f,"{""distance"":7,""physical_error_rate"":0.0001}","{""detection_events"":7644,""detectors_checked"":16027648}"
     33792,         0,         0,   0.666,exact_mw,d5491e2f66b0c830b41b0168451c8818c583b15508c9bf9282dc8e7a6cb6bd3f,"{""distance"":7,""physical_error_rate"":0.0001}","{""detection_events"":9860,""detectors_checked"":20342784}"
     22927,         0,         0,   0.344,exact_mw,d5491e2f66b0c830b41b0168451c8818c583b15508c9bf9282dc8e7a6cb6bd3f,"{""distance"":7,""physical_error_rate"":0.0001}","{""detection_events"":6917,""detectors_checked"":13802054}"
      1992,         0,         0,   0.022,exact_mw,d5491e2f66b0c830b41b0168451c8818c583b15508c9bf9282dc8e7a6cb6bd3f,"{""distance"":7,""physical_error_rate"":0.0001}","{""detection_events"":636,""detectors_checked"":1199184}"
     21504,         0,         0,   0.362,exact_mw,d5491e2f66b0c830b41b0168451c8818c583b15508c9bf9282dc8e7a6cb6bd3f,"{""distance"":7,""physical_error_rate"":0.0001}","{""detection_events"":6614,""detectors_checked"":12945408}"
     18432,         0,         0,   0.438,exact_mw,d5491e2f66b0c830b41b0168451c8818c583b15508c9bf9282dc8e7a6cb6bd3f,"{""distance"":7,""physical_error_rate"":0.0001}","{""detection_events"":5461,""detectors_checked"":11096064}"
      9074,         0,         0,   0.160,exact_mw,d5491e2f66b0c830b41b0168451c8818c583b15508c9bf9282dc8e7a6cb6bd3f,"{""distance"":7,""physical_error_rate"":0.0001}","{""detection_events"":2858,""detectors_checked"":5462548}"
      1825,         0,         0,   0.030,exact_mw,d5491e2f66b0c830b41b0168451c8818c583b15508c9bf9282dc8e7a6cb6bd3f,"{""distance"":7,""physical_error_rate"":0.0001}","{""detection_events"":556,""detectors_checked"":1098650}"
      9216,         0,         0,   0.088,exact_mw,d5491e2f66b0c830b41b0168451c8818c583b15508c9bf9282dc8e7a6cb6bd3f,"{""distance"":7,""physical_error_rate"":0.0001}","{""detection_events"":2786,""detectors_checked"":5548032}"
      8192,         0,         0,   0.106,exact_mw,d5491e2f66b0c830b41b0168451c8818c583b15508c9bf9282dc8e7a6cb6bd3f,"{""distance"":7,""physical_error_rate"":0.0001}","{""detection_events"":2477,""detectors_checked"":4931584}"
      8192,         0,         0,   0.161,exact_mw,d5491e2f66b0c830b41b0168451c8818c583b15508c9bf9282dc8e7a6cb6bd3f,"{""distance"":7,""physical_error_rate"":0.0001}","{""detection_events"":2364,""detectors_checked"":4931584}"
      2078,         0,         0,   0.026,exact_mw,d5491e2f66b0c830b41b0168451c8818c583b15508c9bf9282dc8e7a6cb6bd3f,"{""distance"":7,""physical_error_rate"":0.0001}","{""detection_events"":720,""detectors_checked"":1250956}"
      9216,         0,         0,   0.144,exact_mw,d5491e2f66b0c830b41b0168451c8818c583b15508c9bf9282dc8e7a6cb6bd3f,"{""distance"":7,""physical_error_rate"":0.0001}","{""detection_events"":2634,""detectors_checked"":5548032}"
      9216,         0,         0,   0.106,exact_mw,d5491e2f66b0c830b41b0168451c8818c583b15508c9bf9282dc8e7a6cb6bd3f,"{""distance"":7,""physical_error_rate"":0.0001}","{""detection_events"":2742,""detectors_checked"":5548032}"
      8192,         0,         0,   0.157,exact_mw,d5491e2f66b0c830b41b0168451c8818c583b15508c9bf9282dc8e7a6cb6bd3f,"{""distance"":7,""physical_error_rate"":0.0001}","{""detection_events"":2576,""detectors_checked"":4931584}"
      9074,         0,         0,   0.117,exact_mw,d5491e2f66b0c830b41b0168451c8818c583b15508c9bf9282dc8e7a6cb6bd3f,"{""distance"":7,""physical_error_rate"":0.0001}","{""detection_events"":2709,""detectors_checked"":5462548}"
      1931,         0,         0,   0.016,exact_mw,d5491e2f66b0c830b41b0168451c8818c583b15508c9bf9282dc8e7a6cb6bd3f,"{""distance"":7,""physical_error_rate"":0.0001}","{""detection_events"":570,""detectors_checked"":1162462}"
       503,         0,         0,   0.003,exact_mw,d5491e2f66b0c830b41b0168451c8818c583b15508c9bf9282dc8e7a6cb6bd3f,"{""distance"":7,""physical_error_rate"":0.0001}","{""detection_events"":170,""detectors_checked"":302806}"
       171,         0,         0,   0.001,exact_mw,d5491e2f66b0c830b41b0168451c8818c583b15508c9bf9282dc8e7a6cb6bd3f,"{""distance"":7,""physical_error_rate"":0.0001}","{""detection_events"":33,""detectors_checked"":102942}"
       301,         0,         0,   0.002,exact_mw,d5491e2f66b0c830b41b0168451c8818c583b15508c9bf9282dc8e7a6cb6bd3f,"{""distance"":7,""physical_error_rate"":0.0001}","{""detection_events"":62,""detectors_checked"":181202}"
      1349,         0,         0,   0.009,exact_mw,d5491e2f66b0c830b41b0168451c8818c583b15508c9bf9282dc8e7a6cb6bd3f,"{""distance"":7,""physical_error_rate"":0.0001}","{""detection_events"":423,""detectors_checked"":812098}"
      1146,         0,         0,   0.007,exact_mw,d5491e2f66b0c830b41b0168451c8818c583b15508c9bf9282dc8e7a6cb6bd3f,"{""distance"":7,""physical_error_rate"":0.0001}","{""detection_events"":342,""detectors_checked"":689892}"
       467,         0,         0,   0.003,exact_mw,d5491e2f66b0c830b41b0168451c8818c583b15508c9bf9282dc8e7a6cb6bd3f,"{""distance"":7,""physical_error_rate"":0.0001}","{""detection_events"":127,""detectors_checked"":281134}"
      2787,         0,         0,   0.049,exact_mw,d5491e2f66b0c830b41b0168451c8818c583b15508c9bf9282dc8e7a6cb6bd3f,"{""distance"":7,""physical_error_rate"":0.0001}","{""detection_events"":799,""detectors_checked"":1677774}"
       882,         0,         0,   0.014,exact_mw,d5491e2f66b0c830b41b0168451c8818c583b15508c9bf9282dc8e7a6cb6bd3f,"{""distance"":7,""physical_error_rate"":0.0001}","{""detection_events"":217,""detectors_checked"":530964}"
       301,         0,         0,   0.002,exact_mw,d5491e2f66b0c830b41b0168451c8818c583b15508c9bf9282dc8e7a6cb6bd3f,"{""distance"":7,""physical_error_rate"":0.0001}","{""detection_events"":66,""detectors_checked"":181202}"
       203,         0,         0,   0.002,exact_mw,d5491e2f66b0c830b41b0168451c8818c583b15508c9bf9282dc8e7a6cb6bd3f,"{""distance"":7,""physical_error_rate"":0.0001}","{""detection_events"":76,""detectors_checked"":122206}"
      1349,         0,         0,   0.011,exact_mw,d5491e2f66b0c830b41b0168451c8818c583b15508c9bf9282dc8e7a6cb6bd3f,"{""distance"":7,""physical_error_rate"":0.0001}","{""detection_events"":433,""detectors_checked"":812098}"
      3072,         0,         0,   0.054,exact_mw,d5491e2f66b0c830b41b0168451c8818c583b15508c9bf9282dc8e7a6cb6bd3f,"{""distance"":7,""physical_error_rate"":0.0001}","{""detection_events"":936,""detectors_checked"":1849344}"
       144,         0,         0,   0.001,exact_mw,d5491e2f66b0c830b41b0168451c8818c583b15508c9bf9282dc8e7a6cb6bd3f,"{""distance"":7,""physical_error_rate"":0.0001}","{""detection_events"":23,""detectors_checked"":86688}"
       400,         0,         0,   0.003,exact_mw,d5491e2f66b0c830b41b0168451c8818c583b15508c9bf9282dc8e7a6cb6bd3f,"{""distance"":7,""physical_error_rate"":0.0001}","{""detection_events"":112,""detectors_checked"":240800}"
       144,         0,         0,   0.001,exact_mw,d5491e2f66b0c830b41b0168451c8818c583b15508c9bf9282dc8e7a6cb6bd3f,"{""distance"":7,""physical_error_rate"":0.0001}","{""detection_events"":51,""detectors_checked"":86688}"
       132,         0,         0,   0.001,exact_mw,d5491e2f66b0c830b41b0168451c8818c583b15508c9bf9282dc8e7a6cb6bd3f,"{""distance"":7,""physical_error_rate"":0.0001}","{""detection_events"":38,""detectors_checked"":79464}"
        98,         0,         0,   0.001,exact_mw,d5491e2f66b0c830b41b0168451c8818c583b15508c9bf9282dc8e7a6cb6bd3f,"{""distance"":7,""physical_error_rate"":0.0001}","{""detection_events"":20,""detectors_checked"":58996}"
       132,         0,         0,   0.001,exact_mw,d5491e2f66b0c830b41b0168451c8818c583b15508c9bf9282dc8e7a6cb6bd3f,"{""distance"":7,""physical_error_rate"":0.0001}","{""detection_events"":32,""detectors_checked"":79464}"
       132,         0,         0,   0.001,exact_mw,d5491e2f66b0c830b41b0168451c8818c583b15508c9bf9282dc8e7a6cb6bd3f,"{""distance"":7,""physical_error_rate"":0.0001}","{""detection_events"":26,""detectors_checked"":79464}"
       132,         0,         0,   0.001,exact_mw,d5491e2f66b0c830b41b0168451c8818c583b15508c9bf9282dc8e7a6cb6bd3f,"{""distance"":7,""physical_error_rate"":0.0001}","{""detection_events"":38,""detectors_checked"":79464}"
        67,         0,         0,   0.001,exact_mw,d5491e2f66b0c830b41b0168451c8818c583b15508c9bf9282dc8e7a6cb6bd3f,"{""distance"":7,""physical_error_rate"":0.0001}","{""detection_events"":30,""detectors_checked"":40334}"
       132,         0,         0,   0.001,exact_mw,d5491e2f66b0c830b41b0168451c8818c583b15508c9bf9282dc8e7a6cb6bd3f,"{""distance"":7,""physical_error_rate"":0.0001}","{""detection_events"":32,""detectors_checked"":79464}"
        12,         0,         0,   0.001,exact_mw,d5491e2f66b0c830b41b0168451c8818c583b15508c9bf9282dc8e7a6cb6bd3f,"{""distance"":7,""physical_error_rate"":0.0001}","{""detection_events"":1,""detectors_checked"":7224}"
       132,         0,         0,   0.001,exact_mw,d5491e2f66b0c830b41b0168451c8818c583b15508c9bf9282dc8e7a6cb6bd3f,"{""distance"":7,""physical_error_rate"":0.0001}","{""detection_events"":44,""detectors_checked"":79464}"
        12,         0,         0,   0.001,exact_mw,d5491e2f66b0c830b41b0168451c8818c583b15508c9bf9282dc8e7a6cb6bd3f,"{""distance"":7,""physical_error_rate"":0.0001}","{""detection_events"":2,""detectors_checked"":7224}"
         2,         0,         0,   0.001,exact_mw,d5491e2f66b0c830b41b0168451c8818c583b15508c9bf9282dc8e7a6cb6bd3f,"{""distance"":7,""physical_error_rate"":0.0001}","{""detectors_checked"":1204}"
         6,         0,         0,   0.001,exact_mw,d5491e2f66b0c830b41b0168451c8818c583b15508c9bf9282dc8e7a6cb6bd3f,"{""distance"":7,""physical_error_rate"":0.0001}","{""detectors_checked"":3612}"
         6,         0,         0,   0.001,exact_mw,d5491e2f66b0c830b41b0168451c8818c583b15508c9bf9282dc8e7a6cb6bd3f,"{""distance"":7,""physical_error_rate"":0.0001}","{""detection_events"":5,""detectors_checked"":3612}"
         6,         0,         0,   0.001,exact_mw,d5491e2f66b0c830b41b0168451c8818c583b15508c9bf9282dc8e7a6cb6bd3f,"{""distance"":7,""physical_error_rate"":0.0001}","{""detectors_checked"":3612}"
         6,         0,         0,   0.001,exact_mw,d5491e2f66b0c830b41b0168451c8818c583b15508c9bf9282dc8e7a6cb6bd3f,"{""distance"":7,""physical_error_rate"":0.0001}","{""detectors_checked"":3612}"
         2,         0,         0,   0.001,exact_mw,d5491e2f66b0c830b41b0168451c8818c583b15508c9bf9282dc8e7a6cb6bd3f,"{""distance"":7,""physical_error_rate"":0.0001}","{""detectors_checked"":1204}"
         3,         0,         0,   0.001,exact_mw,d5491e2f66b0c830b41b0168451c8818c583b15508c9bf9282dc8e7a6cb6bd3f,"{""distance"":7,""physical_error_rate"":0.0001}","{""detectors_checked"":1806}"
         1,         0,         0,   0.000,exact_mw,d5491e2f66b0c830b41b0168451c8818c583b15508c9bf9282dc8e7a6cb6bd3f,"{""distance"":7,""physical_error_rate"":0.0001}","{""detectors_checked"":602}"
         4,         0,         0,   0.001,exact_mw,d5491e2f66b0c830b41b0168451c8818c583b15508c9bf9282dc8e7a6cb6bd3f,"{""distance"":7,""physical_error_rate"":0.0001}","{""detectors_checked"":2408}"
         2,         0,         0,   0.001,exact_mw,d5491e2f66b0c830b41b0168451c8818c583b15508c9bf9282dc8e7a6cb6bd3f,"{""distance"":7,""physical_error_rate"":0.0001}","{""detection_events"":6,""detectors_checked"":1204}"
         2,         0,         0,   0.001,exact_mw,d5491e2f66b0c830b41b0168451c8818c583b15508c9bf9282dc8e7a6cb6bd3f,"{""distance"":7,""physical_error_rate"":0.0001}","{""detectors_checked"":1204}"
         2,         0,         0,   0.001,exact_mw,d5491e2f66b0c830b41b0168451c8818c583b15508c9bf9282dc8e7a6cb6bd3f,"{""distance"":7,""physical_error_rate"":0.0001}","{""detectors_checked"":1204}"
         2,         0,         0,   0.001,exact_mw,d5491e2f66b0c830b41b0168451c8818c583b15508c9bf9282dc8e7a6cb6bd3f,"{""distance"":7,""physical_error_rate"":0.0001}","{""detectors_checked"":1204}"
         1,         0,         0,   0.001,exact_mw,d5491e2f66b0c830b41b0168451c8818c583b15508c9bf9282dc8e7a6cb6bd3f,"{""distance"":7,""physical_error_rate"":0.0001}","{""detection_events"":1,""detectors_checked"":602}"
         1,         0,         0,   0.001,exact_mw,d5491e2f66b0c830b41b0168451c8818c583b15508c9bf9282dc8e7a6cb6bd3f,"{""distance"":7,""physical_error_rate"":0.0001}","{""detectors_checked"":602}"
         1,         0,         0,   0.000,exact_mw,d5491e2f66b0c830b41b0168451c8818c583b15508c9bf9282dc8e7a6cb6bd3f,"{""distance"":7,""physical_error_rate"":0.0001}","{""detectors_checked"":602}"
         1,         0,         0,   0.000,exact_mw,d5491e2f66b0c830b41b0168451c8818c583b15508c9bf9282dc8e7a6cb6bd3f,"{""distance"":7,""physical_error_rate"":0.0001}","{""detection_events"":4,""detectors_checked"":602}"
         1,         0,         0,   0.000,exact_mw,d5491e2f66b0c830b41b0168451c8818c583b15508c9bf9282dc8e7a6cb6bd3f,"{""distance"":7,""physical_error_rate"":0.0001}","{""detection_events"":2,""detectors_checked"":602}"
         1,         0,         0,   0.001,exact_mw,d5491e2f66b0c830b41b0168451c8818c583b15508c9bf9282dc8e7a6cb6bd3f,"{""distance"":7,""physical_error_rate"":0.0001}","{""detectors_checked"":602}"
   5508096,         1,         0,   119.3,exact_mw,f5ed540d8b33fe7a17a96c57e6e367075413a3677864b79373445f6bf89adea1,"{""distance"":7,""physical_error_rate"":0.0002}","{""detection_events"":3267129,""detectors_checked"":3315873792,""obs_mistake_mask=E"":1}"
     90880,         2,         0,   120.1,exact_mw,7acd59d404317421b37957afea3f5c66f33c9ef46579a47fd7c0ca3dd0dfc735,"{""distance"":7,""physical_error_rate"":0.001}","{""detection_events"":269902,""detectors_checked"":54709760,""obs_mistake_mask=E"":2}"
   3590144,         0,         0,   119.3,exact_mw,f5ed540d8b33fe7a17a96c57e6e367075413a3677864b79373445f6bf89adea1,"{""distance"":7,""physical_error_rate"":0.0002}","{""detection_events"":2132076,""detectors_checked"":2161266688}"
   3973120,         4,         0,   119.2,exact_mw,f5ed540d8b33fe7a17a96c57e6e367075413a3677864b79373445f6bf89adea1,"{""distance"":7,""physical_error_rate"":0.0002}","{""detection_events"":2352192,""detectors_checked"":2391818240,""obs_mistake_mask=E"":4}"
   4048896,         1,         0,   119.4,exact_mw,f5ed540d8b33fe7a17a96c57e6e367075413a3677864b79373445f6bf89adea1,"{""distance"":7,""physical_error_rate"":0.0002}","{""detection_events"":2397005,""detectors_checked"":2437435392,""obs_mistake_mask=E"":1}"
     24704,         5,         0,   120.1,exact_mw,ca91ffa42463e210e189f165a9a4cbcfd1773a75ca815ff24a9009c31e62d8d0,"{""distance"":7,""physical_error_rate"":0.002}","{""detection_events"":145305,""detectors_checked"":14871808,""obs_mistake_mask=E"":5}"
    785408,         1,         0,   119.9,exact_mw,c34bb01325b9980f7caca1807bd93e7e28846c82b8c0538af034740e6e7d5106,"{""distance"":7,""physical_error_rate"":0.0005}","{""detection_events"":1157592,""detectors_checked"":472815616,""obs_mistake_mask=E"":1}"
   3895296,         3,         0,   119.3,exact_mw,f5ed540d8b33fe7a17a96c57e6e367075413a3677864b79373445f6bf89adea1,"{""distance"":7,""physical_error_rate"":0.0002}","{""detection_events"":2310564,""detectors_checked"":2344968192,""obs_mistake_mask=E"":3}"
    137728,         1,         0,   120.2,exact_mw,7acd59d404317421b37957afea3f5c66f33c9ef46579a47fd7c0ca3dd0dfc735,"{""distance"":7,""physical_error_rate"":0.001}","{""detection_events"":404683,""detectors_checked"":82912256,""obs_mistake_mask=E"":1}"
    603136,         3,         0,   119.9,exact_mw,c34bb01325b9980f7caca1807bd93e7e28846c82b8c0538af034740e6e7d5106,"{""distance"":7,""physical_error_rate"":0.0005}","{""detection_events"":889924,""detectors_checked"":363087872,""obs_mistake_mask=E"":3}"
       273,         0,         0,   0.015,exact_mw,c34bb01325b9980f7caca1807bd93e7e28846c82b8c0538af034740e6e7d5106,"{""distance"":7,""physical_error_rate"":0.0005}","{""detection_events"":434,""detectors_checked"":164346}"
      1024,         0,         0,   0.059,exact_mw,c34bb01325b9980f7caca1807bd93e7e28846c82b8c0538af034740e6e7d5106,"{""distance"":7,""physical_error_rate"":0.0005}","{""detection_events"":1567,""detectors_checked"":616448}"
      1024,         0,         0,   0.092,exact_mw,c34bb01325b9980f7caca1807bd93e7e28846c82b8c0538af034740e6e7d5106,"{""distance"":7,""physical_error_rate"":0.0005}","{""detection_events"":1534,""detectors_checked"":616448}"
      1024,         0,         0,   0.061,exact_mw,c34bb01325b9980f7caca1807bd93e7e28846c82b8c0538af034740e6e7d5106,"{""distance"":7,""physical_error_rate"":0.0005}","{""detection_events"":1544,""detectors_checked"":616448}"
      1024,         0,         0,   0.053,exact_mw,c34bb01325b9980f7caca1807bd93e7e28846c82b8c0538af034740e6e7d5106,"{""distance"":7,""physical_error_rate"":0.0005}","{""detection_events"":1557,""detectors_checked"":616448}"
      1024,         0,         0,   0.069,exact_mw,c34bb01325b9980f7caca1807bd93e7e28846c82b8c0538af034740e6e7d5106,"{""distance"":7,""physical_error_rate"":0.0005}","{""detection_events"":1290,""detectors_checked"":616448}"
      2048,         0,         0,   0.144,exact_mw,c34bb01325b9980f7caca1807bd93e7e28846c82b8c0538af034740e6e7d5106,"{""distance"":7,""physical_error_rate"":0.0005}","{""detection_events"":2884,""detectors_checked"":1232896}"
      2048,         0,         0,   0.208,exact_mw,c34bb01325b9980f7caca1807bd93e7e28846c82b8c0538af034740e6e7d5106,"{""distance"":7,""physical_error_rate"":0.0005}","{""detection_events"":3138,""detectors_checked"":1232896}"
    573440,         3,         0,   119.9,exact_mw,c34bb01325b9980f7caca1807bd93e7e28846c82b8c0538af034740e6e7d5106,"{""distance"":7,""physical_error_rate"":0.0005}","{""detection_events"":849283,""detectors_checked"":345210880,""obs_mistake_mask=E"":3}"
      2048,         0,         0,   0.150,exact_mw,c34bb01325b9980f7caca1807bd93e7e28846c82b8c0538af034740e6e7d5106,"{""distance"":7,""physical_error_rate"":0.0005}","{""detection_events"":2985,""detectors_checked"":1232896}"
     21504,         0,         0,   120.2,exact_mw,ca91ffa42463e210e189f165a9a4cbcfd1773a75ca815ff24a9009c31e62d8d0,"{""distance"":7,""physical_error_rate"":0.002}","{""detection_events"":125407,""detectors_checked"":12945408}"
    711680,         0,         0,   119.9,exact_mw,c34bb01325b9980f7caca1807bd93e7e28846c82b8c0538af034740e6e7d5106,"{""distance"":7,""physical_error_rate"":0.0005}","{""detection_events"":1050138,""detectors_checked"":428431360}"
      4096,         0,         0,   0.247,exact_mw,c34bb01325b9980f7caca1807bd93e7e28846c82b8c0538af034740e6e7d5106,"{""distance"":7,""physical_error_rate"":0.0005}","{""detection_events"":5812,""detectors_checked"":2465792}"
      4096,         0,         0,   0.326,exact_mw,c34bb01325b9980f7caca1807bd93e7e28846c82b8c0538af034740e6e7d5106,"{""distance"":7,""physical_error_rate"":0.0005}","{""detection_events"":6160,""detectors_checked"":2465792}"
    592896,         2,         0,   119.9,exact_mw,c34bb01325b9980f7caca1807bd93e7e28846c82b8c0538af034740e6e7d5106,"{""distance"":7,""physical_error_rate"":0.0005}","{""detection_events"":872829,""detectors_checked"":356923392,""obs_mistake_mask=E"":2}"
      6144,         0,         0,   0.440,exact_mw,c34bb01325b9980f7caca1807bd93e7e28846c82b8c0538af034740e6e7d5106,"{""distance"":7,""physical_error_rate"":0.0005}","{""detection_events"":9154,""detectors_checked"":3698688}"
   1804288,         0,         0,    44.7,exact_mw,f5ed540d8b33fe7a17a96c57e6e367075413a3677864b79373445f6bf89adea1,"{""distance"":7,""physical_error_rate"":0.0002}","{""detection_events"":1070852,""detectors_checked"":1086181376}"
      5120,         0,         0,   0.711,exact_mw,c34bb01325b9980f7caca1807bd93e7e28846c82b8c0538af034740e6e7d5106,"{""distance"":7,""physical_error_rate"":0.0005}","{""detection_events"":7587,""detectors_checked"":3082240}"
         1,         0,         0,   0.001,exact_mw,f5ed540d8b33fe7a17a96c57e6e367075413a3677864b79373445f6bf89adea1,"{""distance"":7,""physical_error_rate"":0.0002}","{""detectors_checked"":602}"
      2320,         0,         0,   0.114,exact_mw,f5ed540d8b33fe7a17a96c57e6e367075413a3677864b79373445f6bf89adea1,"{""distance"":7,""physical_error_rate"":0.0002}","{""detection_events"":1521,""detectors_checked"":1396640}"
      2048,         0,         0,   0.029,exact_mw,f5ed540d8b33fe7a17a96c57e6e367075413a3677864b79373445f6bf89adea1,"{""distance"":7,""physical_error_rate"":0.0002}","{""detection_events"":1176,""detectors_checked"":1232896}"
      2048,         0,         0,   0.038,exact_mw,f5ed540d8b33fe7a17a96c57e6e367075413a3677864b79373445f6bf89adea1,"{""distance"":7,""physical_error_rate"":0.0002}","{""detection_events"":1207,""detectors_checked"":1232896}"
      2048,         0,         0,   0.032,exact_mw,f5ed540d8b33fe7a17a96c57e6e367075413a3677864b79373445f6bf89adea1,"{""distance"":7,""physical_error_rate"":0.0002}","{""detection_events"":1242,""detectors_checked"":1232896}"
      4096,         0,         0,   0.061,exact_mw,f5ed540d8b33fe7a17a96c57e6e367075413a3677864b79373445f6bf89adea1,"{""distance"":7,""physical_error_rate"":0.0002}","{""detection_events"":2372,""detectors_checked"":2465792}"
      4096,         0,         0,   0.080,exact_mw,f5ed540d8b33fe7a17a96c57e6e367075413a3677864b79373445f6bf89adea1,"{""distance"":7,""physical_error_rate"":0.0002}","{""detection_events"":2508,""detectors_checked"":2465792}"
      6144,         0,         0,   0.112,exact_mw,f5ed540d8b33fe7a17a96c57e6e367075413a3677864b79373445f6bf89adea1,"{""distance"":7,""physical_error_rate"":0.0002}","{""detection_events"":3841,""detectors_checked"":3698688}"
      5120,         0,         0,   0.139,exact_mw,f5ed540d8b33fe7a17a96c57e6e367075413a3677864b79373445f6bf89adea1,"{""distance"":7,""physical_error_rate"":0.0002}","{""detection_events"":2898,""detectors_checked"":3082240}"
      9216,         0,         0,   0.845,exact_mw,c34bb01325b9980f7caca1807bd93e7e28846c82b8c0538af034740e6e7d5106,"{""distance"":7,""physical_error_rate"":0.0005}","{""detection_events"":13523,""detectors_checked"":5548032}"
      8192,         0,         0,   0.215,exact_mw,f5ed540d8b33fe7a17a96c57e6e367075413a3677864b79373445f6bf89adea1,"{""distance"":7,""physical_error_rate"":0.0002}","{""detection_events"":4963,""detectors_checked"":4931584}"
     13312,         0,         0,   0.296,exact_mw,f5ed540d8b33fe7a17a96c57e6e367075413a3677864b79373445f6bf89adea1,"{""distance"":7,""physical_error_rate"":0.0002}","{""detection_events"":8016,""detectors_checked"":8013824}"
       273,         0,         0,   0.090,exact_mw,7acd59d404317421b37957afea3f5c66f33c9ef46579a47fd7c0ca3dd0dfc735,"{""distance"":7,""physical_error_rate"":0.001}","{""detection_events"":738,""detectors_checked"":164346}"
     18432,         0,         0,   0.396,exact_mw,f5ed540d8b33fe7a17a96c57e6e367075413a3677864b79373445f6bf89adea1,"{""distance"":7,""physical_error_rate"":0.0002}","{""detection_events"":11085,""detectors_checked"":11096064}"
      7168,         0,         0,    1.11,exact_mw,c34bb01325b9980f7caca1807bd93e7e28846c82b8c0538af034740e6e7d5106,"{""distance"":7,""physical_error_rate"":0.0005}","{""detection_events"":10176,""detectors_checked"":4315136}"
      1024,         0,         0,   0.471,exact_mw,7acd59d404317421b37957afea3f5c66f33c9ef46579a47fd7c0ca3dd0dfc735,"{""distance"":7,""physical_error_rate"":0.001}","{""detection_events"":3032,""detectors_checked"":616448}"
     21504,         0,         0,   0.569,exact_mw,f5ed540d8b33fe7a17a96c57e6e367075413a3677864b79373445f6bf89adea1,"{""distance"":7,""physical_error_rate"":0.0002}","{""detection_events"":12533,""detectors_checked"":12945408}"
         1,         0,         0,   0.001,exact_mw,ca91ffa42463e210e189f165a9a4cbcfd1773a75ca815ff24a9009c31e62d8d0,"{""distance"":7,""physical_error_rate"":0.002}","{""detection_events"":3,""detectors_checked"":602}"
      1024,         0,         0,   0.518,exact_mw,7acd59d404317421b37957afea3f5c66f33c9ef46579a47fd7c0ca3dd0dfc735,"{""distance"":7,""physical_error_rate"":0.001}","{""detection_events"":2972,""detectors_checked"":616448}"
        16,         0,         0,   0.029,exact_mw,ca91ffa42463e210e189f165a9a4cbcfd1773a75ca815ff24a9009c31e62d8d0,"{""distance"":7,""physical_error_rate"":0.002}","{""detection_events"":84,""detectors_checked"":9632}"
     31744,         0,         0,   0.784,exact_mw,f5ed540d8b33fe7a17a96c57e6e367075413a3677864b79373445f6bf89adea1,"{""distance"":7,""physical_error_rate"":0.0002}","{""detection_events"":18961,""detectors_checked"":19109888}"
     22656,         5,         0,   120.2,exact_mw,ca91ffa42463e210e189f165a9a4cbcfd1773a75ca815ff24a9009c31e62d8d0,"{""distance"":7,""physical_error_rate"":0.002}","{""detection_events"":132875,""detectors_checked"":13638912,""obs_mistake_mask=E"":5}"
      1024,         0,         0,   0.750,exact_mw,7acd59d404317421b37957afea3f5c66f33c9ef46579a47fd7c0ca3dd0dfc735,"{""distance"":7,""physical_error_rate"":0.001}","{""detection_events"":2936,""detectors_checked"":616448}"
     32896,         6,         0,   120.7,exact_mw,ca91ffa42463e210e189f165a9a4cbcfd1773a75ca815ff24a9009c31e62d8d0,"{""distance"":7,""physical_error_rate"":0.002}","{""detection_events"":192403,""detectors_checked"":19803392,""obs_mistake_mask=E"":6}"
     13312,         0,         0,    1.59,exact_mw,c34bb01325b9980f7caca1807bd93e7e28846c82b8c0538af034740e6e7d5106,"{""distance"":7,""physical_error_rate"":0.0005}","{""detection_events"":19864,""detectors_checked"":8013824}"
       256,         0,         0,   0.995,exact_mw,ca91ffa42463e210e189f165a9a4cbcfd1773a75ca815ff24a9009c31e62d8d0,"{""distance"":7,""physical_error_rate"":0.002}","{""detection_events"":1467,""detectors_checked"":154112}"
        17,         0,         0,   0.106,exact_mw,ca91ffa42463e210e189f165a9a4cbcfd1773a75ca815ff24a9009c31e62d8d0,"{""distance"":7,""physical_error_rate"":0.002}","{""detection_events"":142,""detectors_checked"":10234}"
      1024,         0,         0,   0.775,exact_mw,7acd59d404317421b37957afea3f5c66f33c9ef46579a47fd7c0ca3dd0dfc735,"{""distance"":7,""physical_error_rate"":0.001}","{""detection_events"":3212,""detectors_checked"":616448}"
     47104,         0,         0,    1.12,exact_mw,f5ed540d8b33fe7a17a96c57e6e367075413a3677864b79373445f6bf89adea1,"{""distance"":7,""physical_error_rate"":0.0002}","{""detection_events"":28085,""detectors_checked"":28356608}"
        64,         0,         0,   0.249,exact_mw,ca91ffa42463e210e189f165a9a4cbcfd1773a75ca815ff24a9009c31e62d8d0,"{""distance"":7,""physical_error_rate"":0.002}","{""detection_events"":349,""detectors_checked"":38528}"
       128,         0,         0,   0.496,exact_mw,ca91ffa42463e210e189f165a9a4cbcfd1773a75ca815ff24a9009c31e62d8d0,"{""distance"":7,""physical_error_rate"":0.002}","{""detection_events"":759,""detectors_checked"":77056}"
       256,         0,         0,    1.24,exact_mw,ca91ffa42463e210e189f165a9a4cbcfd1773a75ca815ff24a9009c31e62d8d0,"{""distance"":7,""physical_error_rate"":0.002}","{""detection_events"":1554,""detectors_checked"":154112}"
       273,         0,         0,   0.231,exact_mw,7acd59d404317421b37957afea3f5c66f33c9ef46579a47fd7c0ca3dd0dfc735,"{""distance"":7,""physical_error_rate"":0.001}","{""detection_events"":791,""detectors_checked"":164346}"
      1024,         0,         0,    1.05,exact_mw,7acd59d404317421b37957afea3f5c66f33c9ef46579a47fd7c0ca3dd0dfc735,"{""distance"":7,""physical_error_rate"":0.001}","{""detection_events"":3219,""detectors_checked"":616448}"
       128,         0,         0,   0.559,exact_mw,ca91ffa42463e210e189f165a9a4cbcfd1773a75ca815ff24a9009c31e62d8d0,"{""distance"":7,""physical_error_rate"":0.002}","{""detection_events"":752,""detectors_checked"":77056}"
       512,         0,         0,   0.379,exact_mw,7acd59d404317421b37957afea3f5c66f33c9ef46579a47fd7c0ca3dd0dfc735,"{""distance"":7,""physical_error_rate"":0.001}","{""detection_events"":1450,""detectors_checked"":308224}"
     17408,         1,         0,    2.19,exact_mw,c34bb01325b9980f7caca1807bd93e7e28846c82b8c0538af034740e6e7d5106,"{""distance"":7,""physical_error_rate"":0.0005}","{""detection_events"":25889,""detectors_checked"":10479616,""obs_mistake_mask=E"":1}"
     70656,         0,         0,    1.56,exact_mw,f5ed540d8b33fe7a17a96c57e6e367075413a3677864b79373445f6bf89adea1,"{""distance"":7,""physical_error_rate"":0.0002}","{""detection_events"":41978,""detectors_checked"":42534912}"
       256,         0,         0,    1.07,exact_mw,ca91ffa42463e210e189f165a9a4cbcfd1773a75ca815ff24a9009c31e62d8d0,"{""distance"":7,""physical_error_rate"":0.002}","{""detection_events"":1400,""detectors_checked"":154112}"
       128,         0,         0,   0.583,exact_mw,ca91ffa42463e210e189f165a9a4cbcfd1773a75ca815ff24a9009c31e62d8d0,"{""distance"":7,""physical_error_rate"":0.002}","{""detection_events"":733,""detectors_checked"":77056}"
      1024,         0,         0,   0.801,exact_mw,7acd59d404317421b37957afea3f5c66f33c9ef46579a47fd7c0ca3dd0dfc735,"{""distance"":7,""physical_error_rate"":0.001}","{""detection_events"":2896,""detectors_checked"":616448}"
       512,         0,         0,   0.560,exact_mw,7acd59d404317421b37957afea3f5c66f33c9ef46579a47fd7c0ca3dd0dfc735,"{""distance"":7,""physical_error_rate"":0.001}","{""detection_events"":1673,""detectors_checked"":308224}"
       128,         0,         0,   0.508,exact_mw,ca91ffa42463e210e189f165a9a4cbcfd1773a75ca815ff24a9009c31e62d8d0,"{""distance"":7,""physical_error_rate"":0.002}","{""detection_events"":762,""detectors_checked"":77056}"
       512,         0,         0,   0.384,exact_mw,7acd59d404317421b37957afea3f5c66f33c9ef46579a47fd7c0ca3dd0dfc735,"{""distance"":7,""physical_error_rate"":0.001}","{""detection_events"":1418,""detectors_checked"":308224}"
     20320,         2,         0,   120.0,exact_mw,ca91ffa42463e210e189f165a9a4cbcfd1773a75ca815ff24a9009c31e62d8d0,"{""distance"":7,""physical_error_rate"":0.002}","{""detection_events"":118880,""detectors_checked"":12232640,""obs_mistake_mask=E"":2}"
       128,         0,         0,   0.512,exact_mw,ca91ffa42463e210e189f165a9a4cbcfd1773a75ca815ff24a9009c31e62d8d0,"{""distance"":7,""physical_error_rate"":0.002}","{""detection_events"":781,""detectors_checked"":77056}"
       512,         0,         0,   0.500,exact_mw,7acd59d404317421b37957afea3f5c66f33c9ef46579a47fd7c0ca3dd0dfc735,"{""distance"":7,""physical_error_rate"":0.001}","{""detection_events"":1653,""detectors_checked"":308224}"
      1024,         0,         0,   0.994,exact_mw,7acd59d404317421b37957afea3f5c66f33c9ef46579a47fd7c0ca3dd0dfc735,"{""distance"":7,""physical_error_rate"":0.001}","{""detection_events"":3095,""detectors_checked"":616448}"
       256,         0,         0,    1.08,exact_mw,ca91ffa42463e210e189f165a9a4cbcfd1773a75ca815ff24a9009c31e62d8d0,"{""distance"":7,""physical_error_rate"":0.002}","{""detection_events"":1527,""detectors_checked"":154112}"
       512,         0,         0,   0.347,exact_mw,7acd59d404317421b37957afea3f5c66f33c9ef46579a47fd7c0ca3dd0dfc735,"{""distance"":7,""physical_error_rate"":0.001}","{""detection_events"":1393,""detectors_checked"":308224}"
    207872,         1,         0,    45.8,exact_mw,c34bb01325b9980f7caca1807bd93e7e28846c82b8c0538af034740e6e7d5106,"{""distance"":7,""physical_error_rate"":0.0005}","{""detection_events"":309225,""detectors_checked"":125138944,""obs_mistake_mask=E"":1}"
       128,         0,         0,   0.555,exact_mw,ca91ffa42463e210e189f165a9a4cbcfd1773a75ca815ff24a9009c31e62d8d0,"{""distance"":7,""physical_error_rate"":0.002}","{""detection_events"":839,""detectors_checked"":77056}"
       512,         0,         0,   0.408,exact_mw,7acd59d404317421b37957afea3f5c66f33c9ef46579a47fd7c0ca3dd0dfc735,"{""distance"":7,""physical_error_rate"":0.001}","{""detection_events"":1516,""detectors_checked"":308224}"
      1024,         0,         0,   0.977,exact_mw,7acd59d404317421b37957afea3f5c66f33c9ef46579a47fd7c0ca3dd0dfc735,"{""distance"":7,""physical_error_rate"":0.001}","{""detection_events"":2942,""detectors_checked"":616448}"
     76800,         0,         0,    2.18,exact_mw,f5ed540d8b33fe7a17a96c57e6e367075413a3677864b79373445f6bf89adea1,"{""distance"":7,""physical_error_rate"":0.0002}","{""detection_events"":45475,""detectors_checked"":46233600}"
       128,         0,         0,   0.546,exact_mw,ca91ffa42463e210e189f165a9a4cbcfd1773a75ca815ff24a9009c31e62d8d0,"{""distance"":7,""physical_error_rate"":0.002}","{""detection_events"":775,""detectors_checked"":77056}"
       256,         0,         0,    1.21,exact_mw,ca91ffa42463e210e189f165a9a4cbcfd1773a75ca815ff24a9009c31e62d8d0,"{""distance"":7,""physical_error_rate"":0.002}","{""detection_events"":1495,""detectors_checked"":154112}"
       512,         0,         0,   0.494,exact_mw,7acd59d404317421b37957afea3f5c66f33c9ef46579a47fd7c0ca3dd0dfc735,"{""distance"":7,""physical_error_rate"":0.001}","{""detection_events"":1582,""detectors_checked"":308224}"
     97280,         2,         0,   120.0,exact_mw,7acd59d404317421b37957afea3f5c66f33c9ef46579a47fd7c0ca3dd0dfc735,"{""distance"":7,""physical_error_rate"":0.001}","{""detection_events"":285788,""detectors_checked"":58562560,""obs_mistake_mask=E"":2}"
       128,         0,         0,   0.494,exact_mw,ca91ffa42463e210e189f165a9a4cbcfd1773a75ca815ff24a9009c31e62d8d0,"{""distance"":7,""physical_error_rate"":0.002}","{""detection_events"":721,""detectors_checked"":77056}"
       512,         0,         0,   0.423,exact_mw,7acd59d404317421b37957afea3f5c66f33c9ef46579a47fd7c0ca3dd0dfc735,"{""distance"":7,""physical_error_rate"":0.001}","{""detection_events"":1434,""detectors_checked"":308224}"
      1024,         0,         0,   0.846,exact_mw,7acd59d404317421b37957afea3f5c66f33c9ef46579a47fd7c0ca3dd0dfc735,"{""distance"":7,""physical_error_rate"":0.001}","{""detection_events"":2994,""detectors_checked"":616448}"
     21504,         0,         0,    3.05,exact_mw,c34bb01325b9980f7caca1807bd93e7e28846c82b8c0538af034740e6e7d5106,"{""distance"":7,""physical_error_rate"":0.0005}","{""detection_events"":31884,""detectors_checked"":12945408}"
       128,         0,         0,   0.434,exact_mw,ca91ffa42463e210e189f165a9a4cbcfd1773a75ca815ff24a9009c31e62d8d0,"{""distance"":7,""physical_error_rate"":0.002}","{""detection_events"":735,""detectors_checked"":77056}"
     38400,         0,         0,    45.3,exact_mw,7acd59d404317421b37957afea3f5c66f33c9ef46579a47fd7c0ca3dd0dfc735,"{""distance"":7,""physical_error_rate"":0.001}","{""detection_events"":114591,""detectors_checked"":23116800}"
       512,         0,         0,   0.523,exact_mw,7acd59d404317421b37957afea3f5c66f33c9ef46579a47fd7c0ca3dd0dfc735,"{""distance"":7,""physical_error_rate"":0.001}","{""detection_events"":1404,""detectors_checked"":308224}"
       256,         0,         0,    1.23,exact_mw,ca91ffa42463e210e189f165a9a4cbcfd1773a75ca815ff24a9009c31e62d8d0,"{""distance"":7,""physical_error_rate"":0.002}","{""detection_events"":1589,""detectors_checked"":154112}"
       128,         0,         0,   0.521,exact_mw,ca91ffa42463e210e189f165a9a4cbcfd1773a75ca815ff24a9009c31e62d8d0,"{""distance"":7,""physical_error_rate"":0.002}","{""detection_events"":738,""detectors_checked"":77056}"
      1024,         0,         0,   0.769,exact_mw,7acd59d404317421b37957afea3f5c66f33c9ef46579a47fd7c0ca3dd0dfc735,"{""distance"":7,""physical_error_rate"":0.001}","{""detection_events"":3056,""detectors_checked"":616448}"
       512,         0,         0,   0.491,exact_mw,7acd59d404317421b37957afea3f5c66f33c9ef46579a47fd7c0ca3dd0dfc735,"{""distance"":7,""physical_error_rate"":0.001}","{""detection_events"":1688,""detectors_checked"":308224}"
       512,         0,         0,   0.564,exact_mw,7acd59d404317421b37957afea3f5c66f33c9ef46579a47fd7c0ca3dd0dfc735,"{""distance"":7,""physical_error_rate"":0.001}","{""detection_events"":1561,""detectors_checked"":308224}"
       256,         0,         0,   0.987,exact_mw,ca91ffa42463e210e189f165a9a4cbcfd1773a75ca815ff24a9009c31e62d8d0,"{""distance"":7,""physical_error_rate"":0.002}","{""detection_events"":1452,""detectors_checked"":154112}"
       256,         0,         0,   0.927,exact_mw,ca91ffa42463e210e189f165a9a4cbcfd1773a75ca815ff24a9009c31e62d8d0,"{""distance"":7,""physical_error_rate"":0.002}","{""detection_events"":1544,""detectors_checked"":154112}"
      1024,         0,         0,   0.876,exact_mw,7acd59d404317421b37957afea3f5c66f33c9ef46579a47fd7c0ca3dd0dfc735,"{""distance"":7,""physical_error_rate"":0.001}","{""detection_events"":2959,""detectors_checked"":616448}"
    106240,         3,         0,   120.1,exact_mw,7acd59d404317421b37957afea3f5c66f33c9ef46579a47fd7c0ca3dd0dfc735,"{""distance"":7,""physical_error_rate"":0.001}","{""detection_events"":313968,""detectors_checked"":63956480,""obs_mistake_mask=E"":3}"
    136192,         0,         0,    3.03,exact_mw,f5ed540d8b33fe7a17a96c57e6e367075413a3677864b79373445f6bf89adea1,"{""distance"":7,""physical_error_rate"":0.0002}","{""detection_events"":79994,""detectors_checked"":81987584}"
   1225728,         0,         0,    44.6,exact_mw,f5ed540d8b33fe7a17a96c57e6e367075413a3677864b79373445f6bf89adea1,"{""distance"":7,""physical_error_rate"":0.0002}","{""detection_events"":725719,""detectors_checked"":737888256}"
      1024,         0,         0,    1.03,exact_mw,7acd59d404317421b37957afea3f5c66f33c9ef46579a47fd7c0ca3dd0dfc735,"{""distance"":7,""physical_error_rate"":0.001}","{""detection_events"":3115,""detectors_checked"":616448}"
     88960,         2,         0,   121.0,exact_mw,7acd59d404317421b37957afea3f5c66f33c9ef46579a47fd7c0ca3dd0dfc735,"{""distance"":7,""physical_error_rate"":0.001}","{""detection_events"":262612,""detectors_checked"":53553920,""obs_mistake_mask=E"":2}"
    268288,         0,         0,    45.0,exact_mw,c34bb01325b9980f7caca1807bd93e7e28846c82b8c0538af034740e6e7d5106,"{""distance"":7,""physical_error_rate"":0.0005}","{""detection_events"":393895,""detectors_checked"":161509376}"
      1024,         0,         0,   0.890,exact_mw,7acd59d404317421b37957afea3f5c66f33c9ef46579a47fd7c0ca3dd0dfc735,"{""distance"":7,""physical_error_rate"":0.001}","{""detection_events"":3062,""detectors_checked"":616448}"
       256,         0,         0,    1.22,exact_mw,ca91ffa42463e210e189f165a9a4cbcfd1773a75ca815ff24a9009c31e62d8d0,"{""distance"":7,""physical_error_rate"":0.002}","{""detection_events"":1646,""detectors_checked"":154112}"
       256,         0,         0,    1.28,exact_mw,ca91ffa42463e210e189f165a9a4cbcfd1773a75ca815ff24a9009c31e62d8d0,"{""distance"":7,""physical_error_rate"":0.002}","{""detection_events"":1506,""detectors_checked"":154112}"
      1024,         0,         0,   0.950,exact_mw,7acd59d404317421b37957afea3f5c66f33c9ef46579a47fd7c0ca3dd0dfc735,"{""distance"":7,""physical_error_rate"":0.001}","{""detection_events"":2988,""detectors_checked"":616448}"
       256,         0,         0,   0.811,exact_mw,ca91ffa42463e210e189f165a9a4cbcfd1773a75ca815ff24a9009c31e62d8d0,"{""distance"":7,""physical_error_rate"":0.002}","{""detection_events"":1445,""detectors_checked"":154112}"
      1297,         0,         0,   0.031,exact_mw,f5ed540d8b33fe7a17a96c57e6e367075413a3677864b79373445f6bf89adea1,"{""distance"":7,""physical_error_rate"":0.0002}","{""detection_events"":890,""detectors_checked"":780794}"
      1024,         0,         0,   0.010,exact_mw,f5ed540d8b33fe7a17a96c57e6e367075413a3677864b79373445f6bf89adea1,"{""distance"":7,""physical_error_rate"":0.0002}","{""detection_events"":571,""detectors_checked"":616448}"
      1024,         0,         0,   0.015,exact_mw,f5ed540d8b33fe7a17a96c57e6e367075413a3677864b79373445f6bf89adea1,"{""distance"":7,""physical_error_rate"":0.0002}","{""detection_events"":648,""detectors_checked"":616448}"
      1024,         0,         0,   0.028,exact_mw,f5ed540d8b33fe7a17a96c57e6e367075413a3677864b79373445f6bf89adea1,"{""distance"":7,""physical_error_rate"":0.0002}","{""detection_events"":620,""detectors_checked"":616448}"
      2048,         0,         0,   0.054,exact_mw,f5ed540d8b33fe7a17a96c57e6e367075413a3677864b79373445f6bf89adea1,"{""distance"":7,""physical_error_rate"":0.0002}","{""detection_events"":1292,""detectors_checked"":1232896}"
      3072,         0,         0,   0.062,exact_mw,f5ed540d8b33fe7a17a96c57e6e367075413a3677864b79373445f6bf89adea1,"{""distance"":7,""physical_error_rate"":0.0002}","{""detection_events"":1796,""detectors_checked"":1849344}"
      4096,         0,         0,   0.099,exact_mw,f5ed540d8b33fe7a17a96c57e6e367075413a3677864b79373445f6bf89adea1,"{""distance"":7,""physical_error_rate"":0.0002}","{""detection_events"":2476,""detectors_checked"":2465792}"
       384,         0,         0,    1.39,exact_mw,ca91ffa42463e210e189f165a9a4cbcfd1773a75ca815ff24a9009c31e62d8d0,"{""distance"":7,""physical_error_rate"":0.002}","{""detection_events"":2214,""detectors_checked"":231168}"
      6144,         0,         0,   0.107,exact_mw,f5ed540d8b33fe7a17a96c57e6e367075413a3677864b79373445f6bf89adea1,"{""distance"":7,""physical_error_rate"":0.0002}","{""detection_events"":3695,""detectors_checked"":3698688}"
     30720,         0,         0,    4.27,exact_mw,c34bb01325b9980f7caca1807bd93e7e28846c82b8c0538af034740e6e7d5106,"{""distance"":7,""physical_error_rate"":0.0005}","{""detection_events"":45846,""detectors_checked"":18493440}"
      2048,         0,         0,    1.75,exact_mw,7acd59d404317421b37957afea3f5c66f33c9ef46579a47fd7c0ca3dd0dfc735,"{""distance"":7,""physical_error_rate"":0.001}","{""detection_events"":6227,""detectors_checked"":1232896}"
         1,         0,         0,   0.021,exact_mw,ca91ffa42463e210e189f165a9a4cbcfd1773a75ca815ff24a9009c31e62d8d0,"{""distance"":7,""physical_error_rate"":0.002}","{""detection_events"":7,""detectors_checked"":602}"
      6144,         0,         0,   0.201,exact_mw,f5ed540d8b33fe7a17a96c57e6e367075413a3677864b79373445f6bf89adea1,"{""distance"":7,""physical_error_rate"":0.0002}","{""detection_events"":3565,""detectors_checked"":3698688}"
        16,         0,         0,   0.060,exact_mw,ca91ffa42463e210e189f165a9a4cbcfd1773a75ca815ff24a9009c31e62d8d0,"{""distance"":7,""physical_error_rate"":0.002}","{""detection_events"":83,""detectors_checked"":9632}"
      1536,         0,         0,    1.18,exact_mw,7acd59d404317421b37957afea3f5c66f33c9ef46579a47fd7c0ca3dd0dfc735,"{""distance"":7,""physical_error_rate"":0.001}","{""detection_events"":4305,""detectors_checked"":924672}"
      7168,         0,         0,   0.210,exact_mw,f5ed540d8b33fe7a17a96c57e6e367075413a3677864b79373445f6bf89adea1,"{""distance"":7,""physical_error_rate"":0.0002}","{""detection_events"":4437,""detectors_checked"":4315136}"
       256,         0,         0,    1.06,exact_mw,ca91ffa42463e210e189f165a9a4cbcfd1773a75ca815ff24a9009c31e62d8d0,"{""distance"":7,""physical_error_rate"":0.002}","{""detection_events"":1624,""detectors_checked"":154112}"
     14336,         0,         0,   0.306,exact_mw,f5ed540d8b33fe7a17a96c57e6e367075413a3677864b79373445f6bf89adea1,"{""distance"":7,""physical_error_rate"":0.0002}","{""detection_events"":8650,""detectors_checked"":8630272}"
     16384,         0,         0,   0.421,exact_mw,f5ed540d8b33fe7a17a96c57e6e367075413a3677864b79373445f6bf89adea1,"{""distance"":7,""physical_error_rate"":0.0002}","{""detection_events"":9520,""detectors_checked"":9863168}"
      8960,         1,         0,    46.0,exact_mw,ca91ffa42463e210e189f165a9a4cbcfd1773a75ca815ff24a9009c31e62d8d0,"{""distance"":7,""physical_error_rate"":0.002}","{""detection_events"":52137,""detectors_checked"":5393920,""obs_mistake_mask=E"":1}"
      2048,         0,         0,    1.28,exact_mw,7acd59d404317421b37957afea3f5c66f33c9ef46579a47fd7c0ca3dd0dfc735,"{""distance"":7,""physical_error_rate"":0.001}","{""detection_events"":5977,""detectors_checked"":1232896}"
       256,         0,         0,   0.992,exact_mw,ca91ffa42463e210e189f165a9a4cbcfd1773a75ca815ff24a9009c31e62d8d0,"{""distance"":7,""physical_error_rate"":0.002}","{""detection_events"":1572,""detectors_checked"":154112}"
     22528,         0,         0,   0.559,exact_mw,f5ed540d8b33fe7a17a96c57e6e367075413a3677864b79373445f6bf89adea1,"{""distance"":7,""physical_error_rate"":0.0002}","{""detection_events"":13470,""detectors_checked"":13561856}"
       512,         0,         0,    1.97,exact_mw,ca91ffa42463e210e189f165a9a4cbcfd1773a75ca815ff24a9009c31e62d8d0,"{""distance"":7,""physical_error_rate"":0.002}","{""detection_events"":2846,""detectors_checked"":308224}"
     96000,         3,         0,   120.1,exact_mw,7acd59d404317421b37957afea3f5c66f33c9ef46579a47fd7c0ca3dd0dfc735,"{""distance"":7,""physical_error_rate"":0.001}","{""detection_events"":283189,""detectors_checked"":57792000,""obs_mistake_mask=E"":3}"
      2048,         0,         0,    1.90,exact_mw,7acd59d404317421b37957afea3f5c66f33c9ef46579a47fd7c0ca3dd0dfc735,"{""distance"":7,""physical_error_rate"":0.001}","{""detection_events"":6227,""detectors_checked"":1232896}"
    173056,         0,         0,    4.24,exact_mw,f5ed540d8b33fe7a17a96c57e6e367075413a3677864b79373445f6bf89adea1,"{""distance"":7,""physical_error_rate"":0.0002}","{""detection_events"":103272,""detectors_checked"":104179712}"
      7520,         2,         0,    45.2,exact_mw,ca91ffa42463e210e189f165a9a4cbcfd1773a75ca815ff24a9009c31e62d8d0,"{""distance"":7,""physical_error_rate"":0.002}","{""detection_events"":44409,""detectors_checked"":4527040,""obs_mistake_mask=E"":2}"
       128,         0,         0,    2.24,exact_mw,ca91ffa42463e210e189f165a9a4cbcfd1773a75ca815ff24a9009c31e62d8d0,"{""distance"":7,""physical_error_rate"":0.002}","{""detection_events"":773,""detectors_checked"":77056}"
     36864,         0,         0,   0.813,exact_mw,f5ed540d8b33fe7a17a96c57e6e367075413a3677864b79373445f6bf89adea1,"{""distance"":7,""physical_error_rate"":0.0002}","{""detection_events"":21272,""detectors_checked"":22192128}"
         1,         0,         0,   0.001,exact_mw,7acd59d404317421b37957afea3f5c66f33c9ef46579a47fd7c0ca3dd0dfc735,"{""distance"":7,""physical_error_rate"":0.001}","{""detection_events"":2,""detectors_checked"":602}"
       256,         0,         0,    1.06,exact_mw,ca91ffa42463e210e189f165a9a4cbcfd1773a75ca815ff24a9009c31e62d8d0,"{""distance"":7,""physical_error_rate"":0.002}","{""detection_events"":1532,""detectors_checked"":154112}"
       272,         0,         0,   0.164,exact_mw,7acd59d404317421b37957afea3f5c66f33c9ef46579a47fd7c0ca3dd0dfc735,"{""distance"":7,""physical_error_rate"":0.001}","{""detection_events"":701,""detectors_checked"":163744}"
     21472,         3,         0,   119.9,exact_mw,ca91ffa42463e210e189f165a9a4cbcfd1773a75ca815ff24a9009c31e62d8d0,"{""distance"":7,""physical_error_rate"":0.002}","{""detection_events"":125342,""detectors_checked"":12926144,""obs_mistake_mask=E"":3}"
       512,         0,         0,   0.370,exact_mw,7acd59d404317421b37957afea3f5c66f33c9ef46579a47fd7c0ca3dd0dfc735,"{""distance"":7,""physical_error_rate"":0.001}","{""detection_events"":1504,""detectors_checked"":308224}"
        64,         0,         0,   0.683,exact_mw,ca91ffa42463e210e189f165a9a4cbcfd1773a75ca815ff24a9009c31e62d8d0,"{""distance"":7,""physical_error_rate"":0.002}","{""detection_events"":302,""detectors_checked"":38528}"
       512,         0,         0,   0.326,exact_mw,7acd59d404317421b37957afea3f5c66f33c9ef46579a47fd7c0ca3dd0dfc735,"{""distance"":7,""physical_error_rate"":0.001}","{""detection_events"":1417,""detectors_checked"":308224}"
      3072,         0,         0,    2.31,exact_mw,7acd59d404317421b37957afea3f5c66f33c9ef46579a47fd7c0ca3dd0dfc735,"{""distance"":7,""physical_error_rate"":0.001}","{""detection_events"":9305,""detectors_checked"":1849344}"
     45056,         0,         0,    1.12,exact_mw,f5ed540d8b33fe7a17a96c57e6e367075413a3677864b79373445f6bf89adea1,"{""distance"":7,""physical_error_rate"":0.0002}","{""detection_events"":26483,""detectors_checked"":27123712}"
       512,         0,         0,   0.462,exact_mw,7acd59d404317421b37957afea3f5c66f33c9ef46579a47fd7c0ca3dd0dfc735,"{""distance"":7,""physical_error_rate"":0.001}","{""detection_events"":1611,""detectors_checked"":308224}"
         1,         0,         0,   0.037,exact_mw,c34bb01325b9980f7caca1807bd93e7e28846c82b8c0538af034740e6e7d5106,"{""distance"":7,""physical_error_rate"":0.0005}","{""detectors_checked"":602}"
       272,         0,         0,   0.262,exact_mw,c34bb01325b9980f7caca1807bd93e7e28846c82b8c0538af034740e6e7d5106,"{""distance"":7,""physical_error_rate"":0.0005}","{""detection_events"":403,""detectors_checked"":163744}"
       512,         0,         0,   0.523,exact_mw,7acd59d404317421b37957afea3f5c66f33c9ef46579a47fd7c0ca3dd0dfc735,"{""distance"":7,""physical_error_rate"":0.001}","{""detection_events"":1572,""detectors_checked"":308224}"
       640,         0,         0,    2.49,exact_mw,ca91ffa42463e210e189f165a9a4cbcfd1773a75ca815ff24a9009c31e62d8d0,"{""distance"":7,""physical_error_rate"":0.002}","{""detection_events"":3937,""detectors_checked"":385280}"
      2560,         0,         0,    2.34,exact_mw,7acd59d404317421b37957afea3f5c66f33c9ef46579a47fd7c0ca3dd0dfc735,"{""distance"":7,""physical_error_rate"":0.001}","{""detection_events"":7396,""detectors_checked"":1541120}"
     31488,         1,         0,    45.2,exact_mw,7acd59d404317421b37957afea3f5c66f33c9ef46579a47fd7c0ca3dd0dfc735,"{""distance"":7,""physical_error_rate"":0.001}","{""detection_events"":92507,""detectors_checked"":18955776,""obs_mistake_mask=E"":1}"
        64,         0,         0,    1.50,exact_mw,ca91ffa42463e210e189f165a9a4cbcfd1773a75ca815ff24a9009c31e62d8d0,"{""distance"":7,""physical_error_rate"":0.002}","{""detection_events"":380,""detectors_checked"":38528}"
       512,         0,         0,    2.14,exact_mw,ca91ffa42463e210e189f165a9a4cbcfd1773a75ca815ff24a9009c31e62d8d0,"{""distance"":7,""physical_error_rate"":0.002}","{""detection_events"":2963,""detectors_checked"":308224}"
       512,         0,         0,   0.478,exact_mw,7acd59d404317421b37957afea3f5c66f33c9ef46579a47fd7c0ca3dd0dfc735,"{""distance"":7,""physical_error_rate"":0.001}","{""detection_events"":1523,""detectors_checked"":308224}"
       512,         0,         0,   0.658,exact_mw,c34bb01325b9980f7caca1807bd93e7e28846c82b8c0538af034740e6e7d5106,"{""distance"":7,""physical_error_rate"":0.0005}","{""detection_events"":901,""detectors_checked"":308224}"
     57344,         0,         0,    1.54,exact_mw,f5ed540d8b33fe7a17a96c57e6e367075413a3677864b79373445f6bf89adea1,"{""distance"":7,""physical_error_rate"":0.0002}","{""detection_events"":34062,""detectors_checked"":34521088}"
       512,         0,         0,   0.388,exact_mw,c34bb01325b9980f7caca1807bd93e7e28846c82b8c0538af034740e6e7d5106,"{""distance"":7,""physical_error_rate"":0.0005}","{""detection_events"":706,""detectors_checked"":308224}"
       512,         0,         0,   0.652,exact_mw,7acd59d404317421b37957afea3f5c66f33c9ef46579a47fd7c0ca3dd0dfc735,"{""distance"":7,""physical_error_rate"":0.001}","{""detection_events"":1598,""detectors_checked"":308224}"
        32,         0,         0,   0.910,exact_mw,ca91ffa42463e210e189f165a9a4cbcfd1773a75ca815ff24a9009c31e62d8d0,"{""distance"":7,""physical_error_rate"":0.002}","{""detection_events"":168,""detectors_checked"":19264}"
      3072,         0,         0,    2.18,exact_mw,7acd59d404317421b37957afea3f5c66f33c9ef46579a47fd7c0ca3dd0dfc735,"{""distance"":7,""physical_error_rate"":0.001}","{""detection_events"":8977,""detectors_checked"":1849344}"
       512,         0,         0,   0.430,exact_mw,c34bb01325b9980f7caca1807bd93e7e28846c82b8c0538af034740e6e7d5106,"{""distance"":7,""physical_error_rate"":0.0005}","{""detection_events"":757,""detectors_checked"":308224}"
       512,         0,         0,   0.446,exact_mw,7acd59d404317421b37957afea3f5c66f33c9ef46579a47fd7c0ca3dd0dfc735,"{""distance"":7,""physical_error_rate"":0.001}","{""detection_events"":1477,""detectors_checked"":308224}"
     38912,         0,         0,    6.05,exact_mw,c34bb01325b9980f7caca1807bd93e7e28846c82b8c0538af034740e6e7d5106,"{""distance"":7,""physical_error_rate"":0.0005}","{""detection_events"":57676,""detectors_checked"":23425024}"
       512,         0,         0,   0.382,exact_mw,c34bb01325b9980f7caca1807bd93e7e28846c82b8c0538af034740e6e7d5106,"{""distance"":7,""physical_error_rate"":0.0005}","{""detection_events"":792,""detectors_checked"":308224}"
       512,         0,         0,   0.436,exact_mw,7acd59d404317421b37957afea3f5c66f33c9ef46579a47fd7c0ca3dd0dfc735,"{""distance"":7,""physical_error_rate"":0.001}","{""detection_events"":1414,""detectors_checked"":308224}"
        32,         0,         0,   0.958,exact_mw,ca91ffa42463e210e189f165a9a4cbcfd1773a75ca815ff24a9009c31e62d8d0,"{""distance"":7,""physical_error_rate"":0.002}","{""detection_events"":213,""detectors_checked"":19264}"
       512,         0,         0,   0.570,exact_mw,c34bb01325b9980f7caca1807bd93e7e28846c82b8c0538af034740e6e7d5106,"{""distance"":7,""physical_error_rate"":0.0005}","{""detection_events"":769,""detectors_checked"":308224}"
       512,         0,         0,    2.12,exact_mw,ca91ffa42463e210e189f165a9a4cbcfd1773a75ca815ff24a9009c31e62d8d0,"{""distance"":7,""physical_error_rate"":0.002}","{""detection_events"":2984,""detectors_checked"":308224}"
       512,         0,         0,   0.428,exact_mw,7acd59d404317421b37957afea3f5c66f33c9ef46579a47fd7c0ca3dd0dfc735,"{""distance"":7,""physical_error_rate"":0.001}","{""detection_events"":1377,""detectors_checked"":308224}"
        32,         0,         0,   0.486,exact_mw,ca91ffa42463e210e189f165a9a4cbcfd1773a75ca815ff24a9009c31e62d8d0,"{""distance"":7,""physical_error_rate"":0.002}","{""detection_events"":195,""detectors_checked"":19264}"
       512,         0,         0,   0.356,exact_mw,c34bb01325b9980f7caca1807bd93e7e28846c82b8c0538af034740e6e7d5106,"{""distance"":7,""physical_error_rate"":0.0005}","{""detection_events"":712,""detectors_checked"":308224}"
        32,         0,         0,   0.167,exact_mw,ca91ffa42463e210e189f165a9a4cbcfd1773a75ca815ff24a9009c31e62d8d0,"{""distance"":7,""physical_error_rate"":0.002}","{""detection_events"":147,""detectors_checked"":19264}"
       512,         0,         0,   0.406,exact_mw,7acd59d404317421b37957afea3f5c66f33c9ef46579a47fd7c0ca3dd0dfc735,"{""distance"":7,""physical_error_rate"":0.001}","{""detection_events"":1509,""detectors_checked"":308224}"
     87040,         0,         0,    2.18,exact_mw,f5ed540d8b33fe7a17a96c57e6e367075413a3677864b79373445f6bf89adea1,"{""distance"":7,""physical_error_rate"":0.0002}","{""detection_events"":51427,""detectors_checked"":52398080}"
      1297,         0,         0,   0.057,exact_mw,f5ed540d8b33fe7a17a96c57e6e367075413a3677864b79373445f6bf89adea1,"{""distance"":7,""physical_error_rate"":0.0002}","{""detection_events"":810,""detectors_checked"":780794}"
       512,         0,         0,   0.360,exact_mw,c34bb01325b9980f7caca1807bd93e7e28846c82b8c0538af034740e6e7d5106,"{""distance"":7,""physical_error_rate"":0.0005}","{""detection_events"":765,""detectors_checked"":308224}"
      1024,         0,         0,   0.033,exact_mw,f5ed540d8b33fe7a17a96c57e6e367075413a3677864b79373445f6bf89adea1,"{""distance"":7,""physical_error_rate"":0.0002}","{""detection_events"":641,""detectors_checked"":616448}"
      1024,         0,         0,   0.031,exact_mw,f5ed540d8b33fe7a17a96c57e6e367075413a3677864b79373445f6bf89adea1,"{""distance"":7,""physical_error_rate"":0.0002}","{""detection_events"":661,""detectors_checked"":616448}"
      1024,         0,         0,   0.034,exact_mw,f5ed540d8b33fe7a17a96c57e6e367075413a3677864b79373445f6bf89adea1,"{""distance"":7,""physical_error_rate"":0.0002}","{""detection_events"":589,""detectors_checked"":616448}"
      2048,         0,         0,   0.062,exact_mw,f5ed540d8b33fe7a17a96c57e6e367075413a3677864b79373445f6bf89adea1,"{""distance"":7,""physical_error_rate"":0.0002}","{""detection_events"":1209,""detectors_checked"":1232896}"
        64,         0,         0,   0.474,exact_mw,ca91ffa42463e210e189f165a9a4cbcfd1773a75ca815ff24a9009c31e62d8d0,"{""distance"":7,""physical_error_rate"":0.002}","{""detection_events"":375,""detectors_checked"":38528}"
      3072,         0,         0,   0.062,exact_mw,f5ed540d8b33fe7a17a96c57e6e367075413a3677864b79373445f6bf89adea1,"{""distance"":7,""physical_error_rate"":0.0002}","{""detection_events"":1798,""detectors_checked"":1849344}"
       512,         0,         0,   0.289,exact_mw,c34bb01325b9980f7caca1807bd93e7e28846c82b8c0538af034740e6e7d5106,"{""distance"":7,""physical_error_rate"":0.0005}","{""detection_events"":736,""detectors_checked"":308224}"
      4096,         0,         0,    3.24,exact_mw,7acd59d404317421b37957afea3f5c66f33c9ef46579a47fd7c0ca3dd0dfc735,"{""distance"":7,""physical_error_rate"":0.001}","{""detection_events"":12131,""detectors_checked"":2465792}"
      3072,         0,         0,   0.104,exact_mw,f5ed540d8b33fe7a17a96c57e6e367075413a3677864b79373445f6bf89adea1,"{""distance"":7,""physical_error_rate"":0.0002}","{""detection_events"":2027,""detectors_checked"":1849344}"
      3072,         0,         0,   0.119,exact_mw,f5ed540d8b33fe7a17a96c57e6e367075413a3677864b79373445f6bf89adea1,"{""distance"":7,""physical_error_rate"":0.0002}","{""detection_events"":1855,""detectors_checked"":1849344}"
        64,         0,         0,   0.344,exact_mw,ca91ffa42463e210e189f165a9a4cbcfd1773a75ca815ff24a9009c31e62d8d0,"{""distance"":7,""physical_error_rate"":0.002}","{""detection_events"":443,""detectors_checked"":38528}"
       896,         0,         0,    3.56,exact_mw,ca91ffa42463e210e189f165a9a4cbcfd1773a75ca815ff24a9009c31e62d8d0,"{""distance"":7,""physical_error_rate"":0.002}","{""detection_events"":5219,""detectors_checked"":539392}"
      3072,         0,         0,   0.162,exact_mw,f5ed540d8b33fe7a17a96c57e6e367075413a3677864b79373445f6bf89adea1,"{""distance"":7,""physical_error_rate"":0.0002}","{""detection_events"":1787,""detectors_checked"":1849344}"
    258048,         0,         0,    5.96,exact_mw,f5ed540d8b33fe7a17a96c57e6e367075413a3677864b79373445f6bf89adea1,"{""distance"":7,""physical_error_rate"":0.0002}","{""detection_events"":152417,""detectors_checked"":155344896}"
      6144,         0,         0,   0.220,exact_mw,f5ed540d8b33fe7a17a96c57e6e367075413a3677864b79373445f6bf89adea1,"{""distance"":7,""physical_error_rate"":0.0002}","{""detection_events"":3580,""detectors_checked"":3698688}"
      1024,         0,         0,    1.09,exact_mw,7acd59d404317421b37957afea3f5c66f33c9ef46579a47fd7c0ca3dd0dfc735,"{""distance"":7,""physical_error_rate"":0.001}","{""detection_events"":3102,""detectors_checked"":616448}"
      1024,         0,         0,   0.746,exact_mw,c34bb01325b9980f7caca1807bd93e7e28846c82b8c0538af034740e6e7d5106,"{""distance"":7,""physical_error_rate"":0.0005}","{""detection_events"":1629,""detectors_checked"":616448}"
       128,         0,         0,   0.568,exact_mw,ca91ffa42463e210e189f165a9a4cbcfd1773a75ca815ff24a9009c31e62d8d0,"{""distance"":7,""physical_error_rate"":0.002}","{""detection_events"":845,""detectors_checked"":77056}"
      9216,         0,         0,   0.292,exact_mw,f5ed540d8b33fe7a17a96c57e6e367075413a3677864b79373445f6bf89adea1,"{""distance"":7,""physical_error_rate"":0.0002}","{""detection_events"":5331,""detectors_checked"":5548032}"
     13312,         0,         0,   0.406,exact_mw,f5ed540d8b33fe7a17a96c57e6e367075413a3677864b79373445f6bf89adea1,"{""distance"":7,""physical_error_rate"":0.0002}","{""detection_events"":7739,""detectors_checked"":8013824}"
       512,         0,         0,    2.29,exact_mw,ca91ffa42463e210e189f165a9a4cbcfd1773a75ca815ff24a9009c31e62d8d0,"{""distance"":7,""physical_error_rate"":0.002}","{""detection_events"":3084,""detectors_checked"":308224}"
       128,         0,         0,   0.585,exact_mw,ca91ffa42463e210e189f165a9a4cbcfd1773a75ca815ff24a9009c31e62d8d0,"{""distance"":7,""physical_error_rate"":0.002}","{""detection_events"":751,""detectors_checked"":77056}"
      1024,         0,         0,   0.833,exact_mw,7acd59d404317421b37957afea3f5c66f33c9ef46579a47fd7c0ca3dd0dfc735,"{""distance"":7,""physical_error_rate"":0.001}","{""detection_events"":3039,""detectors_checked"":616448}"
      1024,         0,         0,   0.859,exact_mw,c34bb01325b9980f7caca1807bd93e7e28846c82b8c0538af034740e6e7d5106,"{""distance"":7,""physical_error_rate"":0.0005}","{""detection_events"":1641,""detectors_checked"":616448}"
     17408,         0,         0,   0.593,exact_mw,f5ed540d8b33fe7a17a96c57e6e367075413a3677864b79373445f6bf89adea1,"{""distance"":7,""physical_error_rate"":0.0002}","{""detection_events"":10346,""detectors_checked"":10479616}"
      6144,         0,         0,    3.94,exact_mw,7acd59d404317421b37957afea3f5c66f33c9ef46579a47fd7c0ca3dd0dfc735,"{""distance"":7,""physical_error_rate"":0.001}","{""detection_events"":18238,""detectors_checked"":3698688}"
      3072,         0,         0,   0.588,exact_mw,c34bb01325b9980f7caca1807bd93e7e28846c82b8c0538af034740e6e7d5106,"{""distance"":7,""physical_error_rate"":0.0005}","{""detection_events"":4641,""detectors_checked"":1849344}"
       256,         0,         0,    1.06,exact_mw,ca91ffa42463e210e189f165a9a4cbcfd1773a75ca815ff24a9009c31e62d8d0,"{""distance"":7,""physical_error_rate"":0.002}","{""detection_events"":1556,""detectors_checked"":154112}"
    114688,         0,         0,    3.03,exact_mw,f5ed540d8b33fe7a17a96c57e6e367075413a3677864b79373445f6bf89adea1,"{""distance"":7,""physical_error_rate"":0.0002}","{""detection_events"":67920,""detectors_checked"":69042176}"
     21504,         0,         0,   0.795,exact_mw,f5ed540d8b33fe7a17a96c57e6e367075413a3677864b79373445f6bf89adea1,"{""distance"":7,""physical_error_rate"":0.0002}","{""detection_events"":13093,""detectors_checked"":12945408}"
      1536,         0,         0,    1.51,exact_mw,7acd59d404317421b37957afea3f5c66f33c9ef46579a47fd7c0ca3dd0dfc735,"{""distance"":7,""physical_error_rate"":0.001}","{""detection_events"":4640,""detectors_checked"":924672}"
      3072,         0,         0,   0.808,exact_mw,c34bb01325b9980f7caca1807bd93e7e28846c82b8c0538af034740e6e7d5106,"{""distance"":7,""physical_error_rate"":0.0005}","{""detection_events"":4667,""detectors_checked"":1849344}"
     28672,         0,         0,    1.12,exact_mw,f5ed540d8b33fe7a17a96c57e6e367075413a3677864b79373445f6bf89adea1,"{""distance"":7,""physical_error_rate"":0.0002}","{""detection_events"":17247,""detectors_checked"":17260544}"
       256,         0,         0,    1.38,exact_mw,ca91ffa42463e210e189f165a9a4cbcfd1773a75ca815ff24a9009c31e62d8d0,"{""distance"":7,""physical_error_rate"":0.002}","{""detection_events"":1618,""detectors_checked"":154112}"
      6144,         0,         0,    1.37,exact_mw,c34bb01325b9980f7caca1807bd93e7e28846c82b8c0538af034740e6e7d5106,"{""distance"":7,""physical_error_rate"":0.0005}","{""detection_events"":9239,""detectors_checked"":3698688}"
      5120,         0,         0,    4.36,exact_mw,7acd59d404317421b37957afea3f5c66f33c9ef46579a47fd7c0ca3dd0dfc735,"{""distance"":7,""physical_error_rate"":0.001}","{""detection_events"":15070,""detectors_checked"":3082240}"
      2048,         0,         0,    1.81,exact_mw,7acd59d404317421b37957afea3f5c66f33c9ef46579a47fd7c0ca3dd0dfc735,"{""distance"":7,""physical_error_rate"":0.001}","{""detection_events"":6010,""detectors_checked"":1232896}"
       896,         0,         0,    4.62,exact_mw,ca91ffa42463e210e189f165a9a4cbcfd1773a75ca815ff24a9009c31e62d8d0,"{""distance"":7,""physical_error_rate"":0.002}","{""detection_events"":5123,""detectors_checked"":539392}"
       640,         0,         0,    3.53,exact_mw,ca91ffa42463e210e189f165a9a4cbcfd1773a75ca815ff24a9009c31e62d8d0,"{""distance"":7,""physical_error_rate"":0.002}","{""detection_events"":3784,""detectors_checked"":385280}"
     46080,         0,         0,    1.57,exact_mw,f5ed540d8b33fe7a17a96c57e6e367075413a3677864b79373445f6bf89adea1,"{""distance"":7,""physical_error_rate"":0.0002}","{""detection_events"":26875,""detectors_checked"":27740160}"
      7168,         0,         0,    1.58,exact_mw,c34bb01325b9980f7caca1807bd93e7e28846c82b8c0538af034740e6e7d5106,"{""distance"":7,""physical_error_rate"":0.0005}","{""detection_events"":10674,""detectors_checked"":4315136}"
      5120,         2,         0,    4.57,exact_mw,7acd59d404317421b37957afea3f5c66f33c9ef46579a47fd7c0ca3dd0dfc735,"{""distance"":7,""physical_error_rate"":0.001}","{""detection_events"":15275,""detectors_checked"":3082240,""obs_mistake_mask=E"":2}"
     56320,         0,         0,    8.39,exact_mw,c34bb01325b9980f7caca1807bd93e7e28846c82b8c0538af034740e6e7d5106,"{""distance"":7,""physical_error_rate"":0.0005}","{""detection_events"":82802,""detectors_checked"":33904640}"
    174080,         0,         0,    4.25,exact_mw,f5ed540d8b33fe7a17a96c57e6e367075413a3677864b79373445f6bf89adea1,"{""distance"":7,""physical_error_rate"":0.0002}","{""detection_events"":103048,""detectors_checked"":104796160}"
       512,         0,         0,    3.32,exact_mw,ca91ffa42463e210e189f165a9a4cbcfd1773a75ca815ff24a9009c31e62d8d0,"{""distance"":7,""physical_error_rate"":0.002}","{""detection_events"":3120,""detectors_checked"":308224}"
      3072,         0,         0,    2.51,exact_mw,7acd59d404317421b37957afea3f5c66f33c9ef46579a47fd7c0ca3dd0dfc735,"{""distance"":7,""physical_error_rate"":0.001}","{""detection_events"":8752,""detectors_checked"":1849344}"
     89088,         0,         0,    2.18,exact_mw,f5ed540d8b33fe7a17a96c57e6e367075413a3677864b79373445f6bf89adea1,"{""distance"":7,""physical_error_rate"":0.0002}","{""detection_events"":52469,""detectors_checked"":53630976}"
     12288,         0,         0,    2.36,exact_mw,c34bb01325b9980f7caca1807bd93e7e28846c82b8c0538af034740e6e7d5106,"{""distance"":7,""physical_error_rate"":0.0005}","{""detection_events"":18298,""detectors_checked"":7397376}"
    293888,         0,         0,    8.36,exact_mw,f5ed540d8b33fe7a17a96c57e6e367075413a3677864b79373445f6bf89adea1,"{""distance"":7,""physical_error_rate"":0.0002}","{""detection_events"":175668,""detectors_checked"":176920576}"
       896,         0,         0,    4.65,exact_mw,ca91ffa42463e210e189f165a9a4cbcfd1773a75ca815ff24a9009c31e62d8d0,"{""distance"":7,""physical_error_rate"":0.002}","{""detection_events"":5058,""detectors_checked"":539392}"
       192,         0,         0,    2.70,exact_mw,ca91ffa42463e210e189f165a9a4cbcfd1773a75ca815ff24a9009c31e62d8d0,"{""distance"":7,""physical_error_rate"":0.002}","{""detection_events"":1144,""detectors_checked"":115584}"
      3584,         1,         0,    3.08,exact_mw,7acd59d404317421b37957afea3f5c66f33c9ef46579a47fd7c0ca3dd0dfc735,"{""distance"":7,""physical_error_rate"":0.001}","{""detection_events"":10601,""detectors_checked"":2157568,""obs_mistake_mask=E"":1}"
    137216,         0,         0,    3.04,exact_mw,f5ed540d8b33fe7a17a96c57e6e367075413a3677864b79373445f6bf89adea1,"{""distance"":7,""physical_error_rate"":0.0002}","{""detection_events"":81088,""detectors_checked"":82604032}"
      7168,         1,         0,    6.37,exact_mw,7acd59d404317421b37957afea3f5c66f33c9ef46579a47fd7c0ca3dd0dfc735,"{""distance"":7,""physical_error_rate"":0.001}","{""detection_events"":21178,""detectors_checked"":4315136,""obs_mistake_mask=E"":1}"
      1280,         0,         0,    6.30,exact_mw,ca91ffa42463e210e189f165a9a4cbcfd1773a75ca815ff24a9009c31e62d8d0,"{""distance"":7,""physical_error_rate"":0.002}","{""detection_events"":7382,""detectors_checked"":770560}"
     17408,         0,         0,    3.15,exact_mw,c34bb01325b9980f7caca1807bd93e7e28846c82b8c0538af034740e6e7d5106,"{""distance"":7,""physical_error_rate"":0.0005}","{""detection_events"":25750,""detectors_checked"":10479616}"
      8192,         0,         0,    6.28,exact_mw,7acd59d404317421b37957afea3f5c66f33c9ef46579a47fd7c0ca3dd0dfc735,"{""distance"":7,""physical_error_rate"":0.001}","{""detection_events"":24007,""detectors_checked"":4931584}"
    222208,         0,         0,    5.94,exact_mw,f5ed540d8b33fe7a17a96c57e6e367075413a3677864b79373445f6bf89adea1,"{""distance"":7,""physical_error_rate"":0.0002}","{""detection_events"":131781,""detectors_checked"":133769216}"
       608,         0,         0,    3.52,exact_mw,ca91ffa42463e210e189f165a9a4cbcfd1773a75ca815ff24a9009c31e62d8d0,"{""distance"":7,""physical_error_rate"":0.002}","{""detection_events"":3580,""detectors_checked"":366016}"
    150528,         0,         0,    4.25,exact_mw,f5ed540d8b33fe7a17a96c57e6e367075413a3677864b79373445f6bf89adea1,"{""distance"":7,""physical_error_rate"":0.0002}","{""detection_events"":89682,""detectors_checked"":90617856}"
      4608,         0,         0,    4.72,exact_mw,7acd59d404317421b37957afea3f5c66f33c9ef46579a47fd7c0ca3dd0dfc735,"{""distance"":7,""physical_error_rate"":0.001}","{""detection_events"":13531,""detectors_checked"":2774016}"
      1024,         1,         0,    6.34,exact_mw,ca91ffa42463e210e189f165a9a4cbcfd1773a75ca815ff24a9009c31e62d8d0,"{""distance"":7,""physical_error_rate"":0.002}","{""detection_events"":5940,""detectors_checked"":616448,""obs_mistake_mask=E"":1}"
     26624,         0,         0,    4.45,exact_mw,c34bb01325b9980f7caca1807bd93e7e28846c82b8c0538af034740e6e7d5106,"{""distance"":7,""physical_error_rate"":0.0005}","{""detection_events"":39211,""detectors_checked"":16027648}"
   3939328,         0,         0,   119.4,exact_mw,f5ed540d8b33fe7a17a96c57e6e367075413a3677864b79373445f6bf89adea1,"{""distance"":7,""physical_error_rate"":0.0002}","{""detection_events"":2336576,""detectors_checked"":2371475456}"
       896,         0,         0,    4.79,exact_mw,ca91ffa42463e210e189f165a9a4cbcfd1773a75ca815ff24a9009c31e62d8d0,"{""distance"":7,""physical_error_rate"":0.002}","{""detection_events"":5059,""detectors_checked"":539392}"
    526336,         2,         0,   119.9,exact_mw,c34bb01325b9980f7caca1807bd93e7e28846c82b8c0538af034740e6e7d5106,"{""distance"":7,""physical_error_rate"":0.0005}","{""detection_events"":780869,""detectors_checked"":316854272,""obs_mistake_mask=E"":2}"
     89088,         0,         0,    11.9,exact_mw,c34bb01325b9980f7caca1807bd93e7e28846c82b8c0538af034740e6e7d5106,"{""distance"":7,""physical_error_rate"":0.0005}","{""detection_events"":132057,""detectors_checked"":53630976}"
      9216,         0,         0,    8.60,exact_mw,7acd59d404317421b37957afea3f5c66f33c9ef46579a47fd7c0ca3dd0dfc735,"{""distance"":7,""physical_error_rate"":0.001}","{""detection_events"":27311,""detectors_checked"":5548032}"
      1792,         1,         0,    8.69,exact_mw,ca91ffa42463e210e189f165a9a4cbcfd1773a75ca815ff24a9009c31e62d8d0,"{""distance"":7,""physical_error_rate"":0.002}","{""detection_events"":10583,""detectors_checked"":1078784,""obs_mistake_mask=E"":1}"
    475136,         0,         0,    11.7,exact_mw,f5ed540d8b33fe7a17a96c57e6e367075413a3677864b79373445f6bf89adea1,"{""distance"":7,""physical_error_rate"":0.0002}","{""detection_events"":282125,""detectors_checked"":286031872}"
    235520,         1,         0,    5.93,exact_mw,f5ed540d8b33fe7a17a96c57e6e367075413a3677864b79373445f6bf89adea1,"{""distance"":7,""physical_error_rate"":0.0002}","{""detection_events"":140057,""detectors_checked"":141783040,""obs_mistake_mask=E"":1}"
      4608,         0,         0,    6.07,exact_mw,7acd59d404317421b37957afea3f5c66f33c9ef46579a47fd7c0ca3dd0dfc735,"{""distance"":7,""physical_error_rate"":0.001}","{""detection_events"":13490,""detectors_checked"":2774016}"
      8704,         0,         0,    8.48,exact_mw,7acd59d404317421b37957afea3f5c66f33c9ef46579a47fd7c0ca3dd0dfc735,"{""distance"":7,""physical_error_rate"":0.001}","{""detection_events"":25186,""detectors_checked"":5239808}"
    272384,         0,         0,    8.33,exact_mw,f5ed540d8b33fe7a17a96c57e6e367075413a3677864b79373445f6bf89adea1,"{""distance"":7,""physical_error_rate"":0.0002}","{""detection_events"":160784,""detectors_checked"":163975168}"
    664576,         2,         0,   119.9,exact_mw,c34bb01325b9980f7caca1807bd93e7e28846c82b8c0538af034740e6e7d5106,"{""distance"":7,""physical_error_rate"":0.0005}","{""detection_events"":983102,""detectors_checked"":400074752,""obs_mistake_mask=E"":2}"
   4217856,         1,         0,   119.3,exact_mw,f5ed540d8b33fe7a17a96c57e6e367075413a3677864b79373445f6bf89adea1,"{""distance"":7,""physical_error_rate"":0.0002}","{""detection_events"":2507137,""detectors_checked"":2539149312,""obs_mistake_mask=E"":1}"
     27648,         0,         0,    6.16,exact_mw,c34bb01325b9980f7caca1807bd93e7e28846c82b8c0538af034740e6e7d5106,"{""distance"":7,""physical_error_rate"":0.0005}","{""detection_events"":41117,""detectors_checked"":16644096}"
   3894272,         2,         0,   119.2,exact_mw,f5ed540d8b33fe7a17a96c57e6e367075413a3677864b79373445f6bf89adea1,"{""distance"":7,""physical_error_rate"":0.0002}","{""detection_events"":2310655,""detectors_checked"":2344351744,""obs_mistake_mask=E"":2}"
      1408,         0,         0,    6.03,exact_mw,ca91ffa42463e210e189f165a9a4cbcfd1773a75ca815ff24a9009c31e62d8d0,"{""distance"":7,""physical_error_rate"":0.002}","{""detection_events"":8651,""detectors_checked"":847616}"
      1792,         0,         0,    8.93,exact_mw,ca91ffa42463e210e189f165a9a4cbcfd1773a75ca815ff24a9009c31e62d8d0,"{""distance"":7,""physical_error_rate"":0.002}","{""detection_events"":10420,""detectors_checked"":1078784}"
       273,         0,         0,   0.056,exact_mw,c34bb01325b9980f7caca1807bd93e7e28846c82b8c0538af034740e6e7d5106,"{""distance"":7,""physical_error_rate"":0.0005}","{""detection_events"":405,""detectors_checked"":164346}"
      1024,         0,         0,   0.298,exact_mw,c34bb01325b9980f7caca1807bd93e7e28846c82b8c0538af034740e6e7d5106,"{""distance"":7,""physical_error_rate"":0.0005}","{""detection_events"":1507,""detectors_checked"":616448}"
      1024,         0,         0,   0.453,exact_mw,c34bb01325b9980f7caca1807bd93e7e28846c82b8c0538af034740e6e7d5106,"{""distance"":7,""physical_error_rate"":0.0005}","{""detection_events"":1539,""detectors_checked"":616448}"
      1024,         0,         0,   0.307,exact_mw,c34bb01325b9980f7caca1807bd93e7e28846c82b8c0538af034740e6e7d5106,"{""distance"":7,""physical_error_rate"":0.0005}","{""detection_events"":1625,""detectors_checked"":616448}"
      1024,         0,         0,   0.396,exact_mw,c34bb01325b9980f7caca1807bd93e7e28846c82b8c0538af034740e6e7d5106,"{""distance"":7,""physical_error_rate"":0.0005}","{""detection_events"":1526,""detectors_checked"":616448}"
      1024,         0,         0,   0.420,exact_mw,c34bb01325b9980f7caca1807bd93e7e28846c82b8c0538af034740e6e7d5106,"{""distance"":7,""physical_error_rate"":0.0005}","{""detection_events"":1592,""detectors_checked"":616448}"
      1024,         0,         0,   0.570,exact_mw,c34bb01325b9980f7caca1807bd93e7e28846c82b8c0538af034740e6e7d5106,"{""distance"":7,""physical_error_rate"":0.0005}","{""detection_events"":1494,""detectors_checked"":616448}"
      1024,         0,         0,   0.473,exact_mw,c34bb01325b9980f7caca1807bd93e7e28846c82b8c0538af034740e6e7d5106,"{""distance"":7,""physical_error_rate"":0.0005}","{""detection_events"":1404,""detectors_checked"":616448}"
      1024,         0,         0,   0.557,exact_mw,c34bb01325b9980f7caca1807bd93e7e28846c82b8c0538af034740e6e7d5106,"{""distance"":7,""physical_error_rate"":0.0005}","{""detection_events"":1507,""detectors_checked"":616448}"
      1024,         0,         0,   0.559,exact_mw,c34bb01325b9980f7caca1807bd93e7e28846c82b8c0538af034740e6e7d5106,"{""distance"":7,""physical_error_rate"":0.0005}","{""detection_events"":1515,""detectors_checked"":616448}"
    265216,         0,         0,    8.33,exact_mw,f5ed540d8b33fe7a17a96c57e6e367075413a3677864b79373445f6bf89adea1,"{""distance"":7,""physical_error_rate"":0.0002}","{""detection_events"":156938,""detectors_checked"":159660032}"
      7168,         1,         0,    8.78,exact_mw,7acd59d404317421b37957afea3f5c66f33c9ef46579a47fd7c0ca3dd0dfc735,"{""distance"":7,""physical_error_rate"":0.001}","{""detection_events"":20967,""detectors_checked"":4315136,""obs_mistake_mask=E"":1}"
      1024,         0,         0,   0.785,exact_mw,c34bb01325b9980f7caca1807bd93e7e28846c82b8c0538af034740e6e7d5106,"{""distance"":7,""physical_error_rate"":0.0005}","{""detection_events"":1596,""detectors_checked"":616448}"
     38912,         0,         0,    8.44,exact_mw,c34bb01325b9980f7caca1807bd93e7e28846c82b8c0538af034740e6e7d5106,"{""distance"":7,""physical_error_rate"":0.0005}","{""detection_events"":57313,""detectors_checked"":23425024}"
      2048,         0,         0,   0.731,exact_mw,c34bb01325b9980f7caca1807bd93e7e28846c82b8c0538af034740e6e7d5106,"{""distance"":7,""physical_error_rate"":0.0005}","{""detection_events"":3114,""detectors_checked"":1232896}"
    618496,         0,         0,   120.2,exact_mw,c34bb01325b9980f7caca1807bd93e7e28846c82b8c0538af034740e6e7d5106,"{""distance"":7,""physical_error_rate"":0.0005}","{""detection_events"":916603,""detectors_checked"":372334592}"
     23744,         5,         0,   120.4,exact_mw,ca91ffa42463e210e189f165a9a4cbcfd1773a75ca815ff24a9009c31e62d8d0,"{""distance"":7,""physical_error_rate"":0.002}","{""detection_events"":138736,""detectors_checked"":14293888,""obs_mistake_mask=E"":5}"
      2688,         1,         0,    11.8,exact_mw,ca91ffa42463e210e189f165a9a4cbcfd1773a75ca815ff24a9009c31e62d8d0,"{""distance"":7,""physical_error_rate"":0.002}","{""detection_events"":15738,""detectors_checked"":1618176,""obs_mistake_mask=E"":1}"
     12288,         0,         0,    12.3,exact_mw,7acd59d404317421b37957afea3f5c66f33c9ef46579a47fd7c0ca3dd0dfc735,"{""distance"":7,""physical_error_rate"":0.001}","{""detection_events"":36434,""detectors_checked"":7397376}"
      2048,         0,         0,    1.05,exact_mw,c34bb01325b9980f7caca1807bd93e7e28846c82b8c0538af034740e6e7d5106,"{""distance"":7,""physical_error_rate"":0.0005}","{""detection_events"":3125,""detectors_checked"":1232896}"
   3095552,         0,         0,   119.1,exact_mw,f5ed540d8b33fe7a17a96c57e6e367075413a3677864b79373445f6bf89adea1,"{""distance"":7,""physical_error_rate"":0.0002}","{""detection_events"":1832967,""detectors_checked"":1863522304}"
    672768,         2,         0,   120.0,exact_mw,c34bb01325b9980f7caca1807bd93e7e28846c82b8c0538af034740e6e7d5106,"{""distance"":7,""physical_error_rate"":0.0005}","{""detection_events"":994185,""detectors_checked"":405006336,""obs_mistake_mask=E"":2}"
      2176,         0,         0,    8.65,exact_mw,ca91ffa42463e210e189f165a9a4cbcfd1773a75ca815ff24a9009c31e62d8d0,"{""distance"":7,""physical_error_rate"":0.002}","{""detection_events"":12583,""detectors_checked"":1309952}"
    401408,         0,         0,    11.7,exact_mw,f5ed540d8b33fe7a17a96c57e6e367075413a3677864b79373445f6bf89adea1,"{""distance"":7,""physical_error_rate"":0.0002}","{""detection_events"":237120,""detectors_checked"":241647616}"
     13312,         0,         0,    11.8,exact_mw,7acd59d404317421b37957afea3f5c66f33c9ef46579a47fd7c0ca3dd0dfc735,"{""distance"":7,""physical_error_rate"":0.001}","{""detection_events"":39450,""detectors_checked"":8013824}"
      2048,         0,         0,    1.73,exact_mw,c34bb01325b9980f7caca1807bd93e7e28846c82b8c0538af034740e6e7d5106,"{""distance"":7,""physical_error_rate"":0.0005}","{""detection_events"":3051,""detectors_checked"":1232896}"
     19408,         3,         0,   120.1,exact_mw,ca91ffa42463e210e189f165a9a4cbcfd1773a75ca815ff24a9009c31e62d8d0,"{""distance"":7,""physical_error_rate"":0.002}","{""detection_events"":113723,""detectors_checked"":11683616,""obs_mistake_mask=E"":3}"
   3993600,         1,         0,   119.1,exact_mw,f5ed540d8b33fe7a17a96c57e6e367075413a3677864b79373445f6bf89adea1,"{""distance"":7,""physical_error_rate"":0.0002}","{""detection_events"":2368921,""detectors_checked"":2404147200,""obs_mistake_mask=E"":1}"
    123904,         1,         0,    16.4,exact_mw,c34bb01325b9980f7caca1807bd93e7e28846c82b8c0538af034740e6e7d5106,"{""distance"":7,""physical_error_rate"":0.0005}","{""detection_events"":183391,""detectors_checked"":74590208,""obs_mistake_mask=E"":1}"
      2048,         0,         0,    1.68,exact_mw,c34bb01325b9980f7caca1807bd93e7e28846c82b8c0538af034740e6e7d5106,"{""distance"":7,""physical_error_rate"":0.0005}","{""detection_events"":3139,""detectors_checked"":1232896}"
      2816,         0,         0,    11.9,exact_mw,ca91ffa42463e210e189f165a9a4cbcfd1773a75ca815ff24a9009c31e62d8d0,"{""distance"":7,""physical_error_rate"":0.002}","{""detection_events"":16565,""detectors_checked"":1695232}"
      2048,         0,         0,    1.80,exact_mw,c34bb01325b9980f7caca1807bd93e7e28846c82b8c0538af034740e6e7d5106,"{""distance"":7,""physical_error_rate"":0.0005}","{""detection_events"":2907,""detectors_checked"":1232896}"
    650240,         0,         0,    16.3,exact_mw,f5ed540d8b33fe7a17a96c57e6e367075413a3677864b79373445f6bf89adea1,"{""distance"":7,""physical_error_rate"":0.0002}","{""detection_events"":385789,""detectors_checked"":391444480}"
     95616,         2,         0,   120.8,exact_mw,7acd59d404317421b37957afea3f5c66f33c9ef46579a47fd7c0ca3dd0dfc735,"{""distance"":7,""physical_error_rate"":0.001}","{""detection_events"":281917,""detectors_checked"":57560832,""obs_mistake_mask=E"":2}"
      4096,         0,         0,    2.68,exact_mw,c34bb01325b9980f7caca1807bd93e7e28846c82b8c0538af034740e6e7d5106,"{""distance"":7,""physical_error_rate"":0.0005}","{""detection_events"":6235,""detectors_checked"":2465792}"
    459776,         0,         0,    11.7,exact_mw,f5ed540d8b33fe7a17a96c57e6e367075413a3677864b79373445f6bf89adea1,"{""distance"":7,""physical_error_rate"":0.0002}","{""detection_events"":272990,""detectors_checked"":276785152}"
     10240,         0,         0,    11.7,exact_mw,7acd59d404317421b37957afea3f5c66f33c9ef46579a47fd7c0ca3dd0dfc735,"{""distance"":7,""physical_error_rate"":0.001}","{""detection_events"":30575,""detectors_checked"":6164480}"
    100736,         2,         0,   120.2,exact_mw,7acd59d404317421b37957afea3f5c66f33c9ef46579a47fd7c0ca3dd0dfc735,"{""distance"":7,""physical_error_rate"":0.001}","{""detection_events"":300196,""detectors_checked"":60643072,""obs_mistake_mask=E"":2}"
   2777088,         0,         0,    62.6,exact_mw,f5ed540d8b33fe7a17a96c57e6e367075413a3677864b79373445f6bf89adea1,"{""distance"":7,""physical_error_rate"":0.0002}","{""detection_events"":1645871,""detectors_checked"":1671806976}"
     70656,         1,         0,    11.8,exact_mw,c34bb01325b9980f7caca1807bd93e7e28846c82b8c0538af034740e6e7d5106,"{""distance"":7,""physical_error_rate"":0.0005}","{""detection_events"":105831,""detectors_checked"":42534912,""obs_mistake_mask=E"":1}"
      4096,         0,         0,    3.11,exact_mw,c34bb01325b9980f7caca1807bd93e7e28846c82b8c0538af034740e6e7d5106,"{""distance"":7,""physical_error_rate"":0.0005}","{""detection_events"":6094,""detectors_checked"":2465792}"
    127488,         2,         0,   121.4,exact_mw,7acd59d404317421b37957afea3f5c66f33c9ef46579a47fd7c0ca3dd0dfc735,"{""distance"":7,""physical_error_rate"":0.001}","{""detection_events"":377772,""detectors_checked"":76747776,""obs_mistake_mask=E"":2}"
     21728,         1,         0,   120.3,exact_mw,ca91ffa42463e210e189f165a9a4cbcfd1773a75ca815ff24a9009c31e62d8d0,"{""distance"":7,""physical_error_rate"":0.002}","{""detection_events"":127906,""detectors_checked"":13080256,""obs_mistake_mask=E"":1}"
    122368,         0,         0,   120.0,exact_mw,7acd59d404317421b37957afea3f5c66f33c9ef46579a47fd7c0ca3dd0dfc735,"{""distance"":7,""physical_error_rate"":0.001}","{""detection_events"":361382,""detectors_checked"":73665536}"
      2688,         1,         0,    12.0,exact_mw,ca91ffa42463e210e189f165a9a4cbcfd1773a75ca815ff24a9009c31e62d8d0,"{""distance"":7,""physical_error_rate"":0.002}","{""detection_events"":15504,""detectors_checked"":1618176,""obs_mistake_mask=E"":1}"
      4096,         0,         0,    4.41,exact_mw,c34bb01325b9980f7caca1807bd93e7e28846c82b8c0538af034740e6e7d5106,"{""distance"":7,""physical_error_rate"":0.0005}","{""detection_events"":6265,""detectors_checked"":2465792}"
     22112,         4,         0,   120.3,exact_mw,ca91ffa42463e210e189f165a9a4cbcfd1773a75ca815ff24a9009c31e62d8d0,"{""distance"":7,""physical_error_rate"":0.002}","{""detection_events"":129117,""detectors_checked"":13311424,""obs_mistake_mask=E"":4}"
      4352,         1,         0,    17.0,exact_mw,ca91ffa42463e210e189f165a9a4cbcfd1773a75ca815ff24a9009c31e62d8d0,"{""distance"":7,""physical_error_rate"":0.002}","{""detection_events"":25765,""detectors_checked"":2619904,""obs_mistake_mask=E"":1}"
     18432,         1,         0,    16.9,exact_mw,7acd59d404317421b37957afea3f5c66f33c9ef46579a47fd7c0ca3dd0dfc735,"{""distance"":7,""physical_error_rate"":0.001}","{""detection_events"":54264,""detectors_checked"":11096064,""obs_mistake_mask=E"":1}"
    331776,         0,         0,    16.5,exact_mw,f5ed540d8b33fe7a17a96c57e6e367075413a3677864b79373445f6bf89adea1,"{""distance"":7,""physical_error_rate"":0.0002}","{""detection_events"":195357,""detectors_checked"":199729152}"
     18944,         0,         0,    16.7,exact_mw,7acd59d404317421b37957afea3f5c66f33c9ef46579a47fd7c0ca3dd0dfc735,"{""distance"":7,""physical_error_rate"":0.001}","{""detection_events"":56509,""detectors_checked"":11404288}"
    241152,         1,         0,    63.9,exact_mw,c34bb01325b9980f7caca1807bd93e7e28846c82b8c0538af034740e6e7d5106,"{""distance"":7,""physical_error_rate"":0.0005}","{""detection_events"":356419,""detectors_checked"":145173504,""obs_mistake_mask=E"":1}"
    724992,         1,         0,   119.9,exact_mw,c34bb01325b9980f7caca1807bd93e7e28846c82b8c0538af034740e6e7d5106,"{""distance"":7,""physical_error_rate"":0.0005}","{""detection_events"":1073013,""detectors_checked"":436445184,""obs_mistake_mask=E"":1}"
     58368,         2,         0,    63.7,exact_mw,7acd59d404317421b37957afea3f5c66f33c9ef46579a47fd7c0ca3dd0dfc735,"{""distance"":7,""physical_error_rate"":0.001}","{""detection_events"":172303,""detectors_checked"":35137536,""obs_mistake_mask=E"":2}"
      3968,         0,         0,    16.6,exact_mw,ca91ffa42463e210e189f165a9a4cbcfd1773a75ca815ff24a9009c31e62d8d0,"{""distance"":7,""physical_error_rate"":0.002}","{""detection_events"":23347,""detectors_checked"":2388736}"
   1294336,         1,         0,    62.6,exact_mw,f5ed540d8b33fe7a17a96c57e6e367075413a3677864b79373445f6bf89adea1,"{""distance"":7,""physical_error_rate"":0.0002}","{""detection_events"":764146,""detectors_checked"":779190272,""obs_mistake_mask=E"":1}"
    370688,         0,         0,    63.0,exact_mw,c34bb01325b9980f7caca1807bd93e7e28846c82b8c0538af034740e6e7d5106,"{""distance"":7,""physical_error_rate"":0.0005}","{""detection_events"":550854,""detectors_checked"":223154176}"
      9216,         0,         0,    6.47,exact_mw,c34bb01325b9980f7caca1807bd93e7e28846c82b8c0538af034740e6e7d5106,"{""distance"":7,""physical_error_rate"":0.0005}","{""detection_events"":13568,""detectors_checked"":5548032}"
     13440,         2,         0,    63.2,exact_mw,ca91ffa42463e210e189f165a9a4cbcfd1773a75ca815ff24a9009c31e62d8d0,"{""distance"":7,""physical_error_rate"":0.002}","{""detection_events"":78575,""detectors_checked"":8090880,""obs_mistake_mask=E"":2}"
    697344,         0,         0,    16.3,exact_mw,f5ed540d8b33fe7a17a96c57e6e367075413a3677864b79373445f6bf89adea1,"{""distance"":7,""physical_error_rate"":0.0002}","{""detection_events"":411729,""detectors_checked"":419801088}"
     11648,         2,         0,    63.3,exact_mw,ca91ffa42463e210e189f165a9a4cbcfd1773a75ca815ff24a9009c31e62d8d0,"{""distance"":7,""physical_error_rate"":0.002}","{""detection_events"":69260,""detectors_checked"":7012096,""obs_mistake_mask=E"":2}"
    136192,         0,         0,    23.0,exact_mw,c34bb01325b9980f7caca1807bd93e7e28846c82b8c0538af034740e6e7d5106,"{""distance"":7,""physical_error_rate"":0.0005}","{""detection_events"":202311,""detectors_checked"":81987584}"
     14336,         0,         0,    16.5,exact_mw,7acd59d404317421b37957afea3f5c66f33c9ef46579a47fd7c0ca3dd0dfc735,"{""distance"":7,""physical_error_rate"":0.001}","{""detection_events"":42000,""detectors_checked"":8630272}"
    110592,         0,         0,    16.4,exact_mw,c34bb01325b9980f7caca1807bd93e7e28846c82b8c0538af034740e6e7d5106,"{""distance"":7,""physical_error_rate"":0.0005}","{""detection_events"":163519,""detectors_checked"":66576384}"
    849920,         0,         0,    22.9,exact_mw,f5ed540d8b33fe7a17a96c57e6e367075413a3677864b79373445f6bf89adea1,"{""distance"":7,""physical_error_rate"":0.0002}","{""detection_events"":503115,""detectors_checked"":511651840}"
     60928,         0,         0,    63.3,exact_mw,7acd59d404317421b37957afea3f5c66f33c9ef46579a47fd7c0ca3dd0dfc735,"{""distance"":7,""physical_error_rate"":0.001}","{""detection_events"":179525,""detectors_checked"":36678656}"
      3840,         0,         0,    16.7,exact_mw,ca91ffa42463e210e189f165a9a4cbcfd1773a75ca815ff24a9009c31e62d8d0,"{""distance"":7,""physical_error_rate"":0.002}","{""detection_events"":22190,""detectors_checked"":2311680}"
    128512,         1,         0,   120.9,exact_mw,7acd59d404317421b37957afea3f5c66f33c9ef46579a47fd7c0ca3dd0dfc735,"{""distance"":7,""physical_error_rate"":0.001}","{""detection_events"":378701,""detectors_checked"":77364224,""obs_mistake_mask=E"":1}"
     26624,         0,         0,    8.37,exact_mw,c34bb01325b9980f7caca1807bd93e7e28846c82b8c0538af034740e6e7d5106,"{""distance"":7,""physical_error_rate"":0.0005}","{""detection_events"":39190,""detectors_checked"":16027648}"
     24192,         3,         0,   120.2,exact_mw,ca91ffa42463e210e189f165a9a4cbcfd1773a75ca815ff24a9009c31e62d8d0,"{""distance"":7,""physical_error_rate"":0.002}","{""detection_events"":142265,""detectors_checked"":14563584,""obs_mistake_mask=E"":3}"
   4711424,         1,         0,   119.3,exact_mw,f5ed540d8b33fe7a17a96c57e6e367075413a3677864b79373445f6bf89adea1,"{""distance"":7,""physical_error_rate"":0.0002}","{""detection_events"":2791771,""detectors_checked"":2836277248,""obs_mistake_mask=E"":1}"
     24064,         0,         0,    23.3,exact_mw,7acd59d404317421b37957afea3f5c66f33c9ef46579a47fd7c0ca3dd0dfc735,"{""distance"":7,""physical_error_rate"":0.001}","{""detection_events"":70539,""detectors_checked"":14486528}"
      4992,         1,         0,    23.3,exact_mw,ca91ffa42463e210e189f165a9a4cbcfd1773a75ca815ff24a9009c31e62d8d0,"{""distance"":7,""physical_error_rate"":0.002}","{""detection_events"":29048,""detectors_checked"":3005184,""obs_mistake_mask=E"":1}"
    676864,         0,         0,    22.8,exact_mw,f5ed540d8b33fe7a17a96c57e6e367075413a3677864b79373445f6bf89adea1,"{""distance"":7,""physical_error_rate"":0.0002}","{""detection_events"":399671,""detectors_checked"":407472128}"
     20992,         0,         0,    23.0,exact_mw,7acd59d404317421b37957afea3f5c66f33c9ef46579a47fd7c0ca3dd0dfc735,"{""distance"":7,""physical_error_rate"":0.001}","{""detection_events"":62128,""detectors_checked"":12637184}"
     65536,         0,         0,    11.7,exact_mw,c34bb01325b9980f7caca1807bd93e7e28846c82b8c0538af034740e6e7d5106,"{""distance"":7,""physical_error_rate"":0.0005}","{""detection_events"":96547,""detectors_checked"":39452672}"
      4992,         0,         0,    23.4,exact_mw,ca91ffa42463e210e189f165a9a4cbcfd1773a75ca815ff24a9009c31e62d8d0,"{""distance"":7,""physical_error_rate"":0.002}","{""detection_events"":29702,""detectors_checked"":3005184}"
    683008,         0,         0,   120.0,exact_mw,c34bb01325b9980f7caca1807bd93e7e28846c82b8c0538af034740e6e7d5106,"{""distance"":7,""physical_error_rate"":0.0005}","{""detection_events"":1008626,""detectors_checked"":411170816}"
    789504,         1,         0,    22.9,exact_mw,f5ed540d8b33fe7a17a96c57e6e367075413a3677864b79373445f6bf89adea1,"{""distance"":7,""physical_error_rate"":0.0002}","{""detection_events"":468503,""detectors_checked"":475281408,""obs_mistake_mask=E"":1}"
     24576,         0,         0,    23.2,exact_mw,7acd59d404317421b37957afea3f5c66f33c9ef46579a47fd7c0ca3dd0dfc735,"{""distance"":7,""physical_error_rate"":0.001}","{""detection_events"":71867,""detectors_checked"":14794752}"
    130048,         0,         0,    23.1,exact_mw,c34bb01325b9980f7caca1807bd93e7e28846c82b8c0538af034740e6e7d5106,"{""distance"":7,""physical_error_rate"":0.0005}","{""detection_events"":191548,""detectors_checked"":78288896}"
   5784576,         0,         0,   119.3,exact_mw,f5ed540d8b33fe7a17a96c57e6e367075413a3677864b79373445f6bf89adea1,"{""distance"":7,""physical_error_rate"":0.0002}","{""detection_events"":3433126,""detectors_checked"":3482314752}"
    114432,         0,         0,   120.6,exact_mw,7acd59d404317421b37957afea3f5c66f33c9ef46579a47fd7c0ca3dd0dfc735,"{""distance"":7,""physical_error_rate"":0.001}","{""detection_events"":337269,""detectors_checked"":68888064}"
      4864,         2,         0,    23.4,exact_mw,ca91ffa42463e210e189f165a9a4cbcfd1773a75ca815ff24a9009c31e62d8d0,"{""distance"":7,""physical_error_rate"":0.002}","{""detection_events"":28391,""detectors_checked"":2928128,""obs_mistake_mask=E"":2}"
    202752,         0,         0,    32.1,exact_mw,c34bb01325b9980f7caca1807bd93e7e28846c82b8c0538af034740e6e7d5106,"{""distance"":7,""physical_error_rate"":0.0005}","{""detection_events"":298909,""detectors_checked"":122056704}"
   4794368,         0,         0,   119.2,exact_mw,f5ed540d8b33fe7a17a96c57e6e367075413a3677864b79373445f6bf89adea1,"{""distance"":7,""physical_error_rate"":0.0002}","{""detection_events"":2842841,""detectors_checked"":2886209536}"
     49152,         0,         0,    17.1,exact_mw,c34bb01325b9980f7caca1807bd93e7e28846c82b8c0538af034740e6e7d5106,"{""distance"":7,""physical_error_rate"":0.0005}","{""detection_events"":72350,""detectors_checked"":29589504}"
   3814400,         0,         0,   119.3,exact_mw,f5ed540d8b33fe7a17a96c57e6e367075413a3677864b79373445f6bf89adea1,"{""distance"":7,""physical_error_rate"":0.0002}","{""detection_events"":2266617,""detectors_checked"":2296268800}"
   4417536,         1,         0,   119.4,exact_mw,f5ed540d8b33fe7a17a96c57e6e367075413a3677864b79373445f6bf89adea1,"{""distance"":7,""physical_error_rate"":0.0002}","{""detection_events"":2619020,""detectors_checked"":2659356672,""obs_mistake_mask=E"":1}"
   1229824,         0,         0,    32.0,exact_mw,f5ed540d8b33fe7a17a96c57e6e367075413a3677864b79373445f6bf89adea1,"{""distance"":7,""physical_error_rate"":0.0002}","{""detection_events"":729417,""detectors_checked"":740354048}"
     22224,         3,         0,   119.8,exact_mw,ca91ffa42463e210e189f165a9a4cbcfd1773a75ca815ff24a9009c31e62d8d0,"{""distance"":7,""physical_error_rate"":0.002}","{""detection_events"":129737,""detectors_checked"":13378848,""obs_mistake_mask=E"":3}"
    814080,         0,         0,   120.1,exact_mw,c34bb01325b9980f7caca1807bd93e7e28846c82b8c0538af034740e6e7d5106,"{""distance"":7,""physical_error_rate"":0.0005}","{""detection_events"":1202293,""detectors_checked"":490076160}"
   3262464,         0,         0,   119.2,exact_mw,f5ed540d8b33fe7a17a96c57e6e367075413a3677864b79373445f6bf89adea1,"{""distance"":7,""physical_error_rate"":0.0002}","{""detection_events"":1933144,""detectors_checked"":1964003328}"
    691200,         2,         0,   120.0,exact_mw,c34bb01325b9980f7caca1807bd93e7e28846c82b8c0538af034740e6e7d5106,"{""distance"":7,""physical_error_rate"":0.0005}","{""detection_events"":1020649,""detectors_checked"":416102400,""obs_mistake_mask=E"":2}"
    150528,         2,         0,   120.7,exact_mw,7acd59d404317421b37957afea3f5c66f33c9ef46579a47fd7c0ca3dd0dfc735,"{""distance"":7,""physical_error_rate"":0.001}","{""detection_events"":444019,""detectors_checked"":90617856,""obs_mistake_mask=E"":2}"
    684032,         2,         0,   120.0,exact_mw,c34bb01325b9980f7caca1807bd93e7e28846c82b8c0538af034740e6e7d5106,"{""distance"":7,""physical_error_rate"":0.0005}","{""detection_events"":1009331,""detectors_checked"":411787264,""obs_mistake_mask=E"":2}"
     27008,         6,         0,   120.1,exact_mw,ca91ffa42463e210e189f165a9a4cbcfd1773a75ca815ff24a9009c31e62d8d0,"{""distance"":7,""physical_error_rate"":0.002}","{""detection_events"":159151,""detectors_checked"":16258816,""obs_mistake_mask=E"":6}"
    593408,         2,         0,   120.4,exact_mw,c34bb01325b9980f7caca1807bd93e7e28846c82b8c0538af034740e6e7d5106,"{""distance"":7,""physical_error_rate"":0.0005}","{""detection_events"":878447,""detectors_checked"":357231616,""obs_mistake_mask=E"":2}"
    575488,         3,         0,   120.1,exact_mw,c34bb01325b9980f7caca1807bd93e7e28846c82b8c0538af034740e6e7d5106,"{""distance"":7,""physical_error_rate"":0.0005}","{""detection_events"":844806,""detectors_checked"":346443776,""obs_mistake_mask=E"":3}"
     23296,         2,         0,   120.4,exact_mw,ca91ffa42463e210e189f165a9a4cbcfd1773a75ca815ff24a9009c31e62d8d0,"{""distance"":7,""physical_error_rate"":0.002}","{""detection_events"":137282,""detectors_checked"":14024192,""obs_mistake_mask=E"":2}"
     29568,         2,         0,   120.5,exact_mw,ca91ffa42463e210e189f165a9a4cbcfd1773a75ca815ff24a9009c31e62d8d0,"{""distance"":7,""physical_error_rate"":0.002}","{""detection_events"":173846,""detectors_checked"":17799936,""obs_mistake_mask=E"":2}"
     33792,         0,         0,    32.3,exact_mw,7acd59d404317421b37957afea3f5c66f33c9ef46579a47fd7c0ca3dd0dfc735,"{""distance"":7,""physical_error_rate"":0.001}","{""detection_events"":100000,""detectors_checked"":20342784}"
      6400,         0,         0,    32.5,exact_mw,ca91ffa42463e210e189f165a9a4cbcfd1773a75ca815ff24a9009c31e62d8d0,"{""distance"":7,""physical_error_rate"":0.002}","{""detection_events"":37108,""detectors_checked"":3852800}"
    932864,         0,         0,    32.0,exact_mw,f5ed540d8b33fe7a17a96c57e6e367075413a3677864b79373445f6bf89adea1,"{""distance"":7,""physical_error_rate"":0.0002}","{""detection_events"":552894,""detectors_checked"":561584128}"
     37376,         1,         0,    32.4,exact_mw,7acd59d404317421b37957afea3f5c66f33c9ef46579a47fd7c0ca3dd0dfc735,"{""distance"":7,""physical_error_rate"":0.001}","{""detection_events"":110487,""detectors_checked"":22500352,""obs_mistake_mask=E"":1}"
     19232,         6,         0,   120.5,exact_mw,ca91ffa42463e210e189f165a9a4cbcfd1773a75ca815ff24a9009c31e62d8d0,"{""distance"":7,""physical_error_rate"":0.002}","{""detection_events"":113453,""detectors_checked"":11577664,""obs_mistake_mask=E"":6}"
    118784,         1,         0,   120.2,exact_mw,7acd59d404317421b37957afea3f5c66f33c9ef46579a47fd7c0ca3dd0dfc735,"{""distance"":7,""physical_error_rate"":0.001}","{""detection_events"":352351,""detectors_checked"":71507968,""obs_mistake_mask=E"":1}"
      7424,         2,         0,    32.1,exact_mw,ca91ffa42463e210e189f165a9a4cbcfd1773a75ca815ff24a9009c31e62d8d0,"{""distance"":7,""physical_error_rate"":0.002}","{""detection_events"":43243,""detectors_checked"":4469248,""obs_mistake_mask=E"":2}"
    105728,         3,         0,   120.0,exact_mw,7acd59d404317421b37957afea3f5c66f33c9ef46579a47fd7c0ca3dd0dfc735,"{""distance"":7,""physical_error_rate"":0.001}","{""detection_events"":311832,""detectors_checked"":63648256,""obs_mistake_mask=E"":3}"
    109824,         1,         0,   120.6,exact_mw,7acd59d404317421b37957afea3f5c66f33c9ef46579a47fd7c0ca3dd0dfc735,"{""distance"":7,""physical_error_rate"":0.001}","{""detection_events"":324076,""detectors_checked"":66114048,""obs_mistake_mask=E"":1}"
   1203200,         0,         0,    32.0,exact_mw,f5ed540d8b33fe7a17a96c57e6e367075413a3677864b79373445f6bf89adea1,"{""distance"":7,""physical_error_rate"":0.0002}","{""detection_events"":712662,""detectors_checked"":724326400}"
    199680,         1,         0,    32.1,exact_mw,c34bb01325b9980f7caca1807bd93e7e28846c82b8c0538af034740e6e7d5106,"{""distance"":7,""physical_error_rate"":0.0005}","{""detection_events"":294200,""detectors_checked"":120207360,""obs_mistake_mask=E"":1}"
    111744,         1,         0,   120.0,exact_mw,7acd59d404317421b37957afea3f5c66f33c9ef46579a47fd7c0ca3dd0dfc735,"{""distance"":7,""physical_error_rate"":0.001}","{""detection_events"":330281,""detectors_checked"":67269888,""obs_mistake_mask=E"":1}"
     31232,         0,         0,    33.1,exact_mw,7acd59d404317421b37957afea3f5c66f33c9ef46579a47fd7c0ca3dd0dfc735,"{""distance"":7,""physical_error_rate"":0.001}","{""detection_events"":91845,""detectors_checked"":18801664}"
     45056,         0,         0,    24.0,exact_mw,c34bb01325b9980f7caca1807bd93e7e28846c82b8c0538af034740e6e7d5106,"{""distance"":7,""physical_error_rate"":0.0005}","{""detection_events"":66656,""detectors_checked"":27123712}"
     25984,         1,         0,   120.6,exact_mw,ca91ffa42463e210e189f165a9a4cbcfd1773a75ca815ff24a9009c31e62d8d0,"{""distance"":7,""physical_error_rate"":0.002}","{""detection_events"":153800,""detectors_checked"":15642368,""obs_mistake_mask=E"":1}"
      8320,         2,         0,    33.1,exact_mw,ca91ffa42463e210e189f165a9a4cbcfd1773a75ca815ff24a9009c31e62d8d0,"{""distance"":7,""physical_error_rate"":0.002}","{""detection_events"":48076,""detectors_checked"":5008640,""obs_mistake_mask=E"":2}"
   3329024,         1,         0,    87.8,exact_mw,f5ed540d8b33fe7a17a96c57e6e367075413a3677864b79373445f6bf89adea1,"{""distance"":7,""physical_error_rate"":0.0002}","{""detection_events"":1971854,""detectors_checked"":2004072448,""obs_mistake_mask=E"":1}"
    337920,         0,         0,    45.0,exact_mw,c34bb01325b9980f7caca1807bd93e7e28846c82b8c0538af034740e6e7d5106,"{""distance"":7,""physical_error_rate"":0.0005}","{""detection_events"":500158,""detectors_checked"":203427840}"
   1710080,         0,         0,    44.8,exact_mw,f5ed540d8b33fe7a17a96c57e6e367075413a3677864b79373445f6bf89adea1,"{""distance"":7,""physical_error_rate"":0.0002}","{""detection_events"":1015329,""detectors_checked"":1029468160}"
   3634176,         1,         0,   119.4,exact_mw,f5ed540d8b33fe7a17a96c57e6e367075413a3677864b79373445f6bf89adea1,"{""distance"":7,""physical_error_rate"":0.0002}","{""detection_events"":2152984,""detectors_checked"":2187773952,""obs_mistake_mask=E"":1}"
    679936,         1,         0,   119.9,exact_mw,c34bb01325b9980f7caca1807bd93e7e28846c82b8c0538af034740e6e7d5106,"{""distance"":7,""physical_error_rate"":0.0005}","{""detection_events"":1001311,""detectors_checked"":409321472,""obs_mistake_mask=E"":1}"
    352256,         0,         0,    88.2,exact_mw,c34bb01325b9980f7caca1807bd93e7e28846c82b8c0538af034740e6e7d5106,"{""distance"":7,""physical_error_rate"":0.0005}","{""detection_events"":520992,""detectors_checked"":212058112}"
     62848,         1,         0,    88.5,exact_mw,7acd59d404317421b37957afea3f5c66f33c9ef46579a47fd7c0ca3dd0dfc735,"{""distance"":7,""physical_error_rate"":0.001}","{""detection_events"":185600,""detectors_checked"":37834496,""obs_mistake_mask=E"":1}"
   2956288,         0,         0,    87.8,exact_mw,f5ed540d8b33fe7a17a96c57e6e367075413a3677864b79373445f6bf89adea1,"{""distance"":7,""physical_error_rate"":0.0002}","{""detection_events"":1750196,""detectors_checked"":1779685376}"
   4979712,         2,         0,   119.3,exact_mw,f5ed540d8b33fe7a17a96c57e6e367075413a3677864b79373445f6bf89adea1,"{""distance"":7,""physical_error_rate"":0.0002}","{""detection_events"":2957900,""detectors_checked"":2997786624,""obs_mistake_mask=E"":2}"
    496640,         1,         0,    88.2,exact_mw,c34bb01325b9980f7caca1807bd93e7e28846c82b8c0538af034740e6e7d5106,"{""distance"":7,""physical_error_rate"":0.0005}","{""detection_events"":735594,""detectors_checked"":298977280,""obs_mistake_mask=E"":1}"
    566272,         0,         0,   120.4,exact_mw,c34bb01325b9980f7caca1807bd93e7e28846c82b8c0538af034740e6e7d5106,"{""distance"":7,""physical_error_rate"":0.0005}","{""detection_events"":837298,""detectors_checked"":340895744}"
   3517440,         1,         0,   119.1,exact_mw,f5ed540d8b33fe7a17a96c57e6e367075413a3677864b79373445f6bf89adea1,"{""distance"":7,""physical_error_rate"":0.0002}","{""detection_events"":2088985,""detectors_checked"":2117498880,""obs_mistake_mask=E"":1}"
     18304,         1,         0,    88.3,exact_mw,ca91ffa42463e210e189f165a9a4cbcfd1773a75ca815ff24a9009c31e62d8d0,"{""distance"":7,""physical_error_rate"":0.002}","{""detection_events"":108154,""detectors_checked"":11019008,""obs_mistake_mask=E"":1}"
     17792,         1,         0,    88.3,exact_mw,ca91ffa42463e210e189f165a9a4cbcfd1773a75ca815ff24a9009c31e62d8d0,"{""distance"":7,""physical_error_rate"":0.002}","{""detection_events"":104008,""detectors_checked"":10710784,""obs_mistake_mask=E"":1}"
     61440,         1,         0,    32.8,exact_mw,c34bb01325b9980f7caca1807bd93e7e28846c82b8c0538af034740e6e7d5106,"{""distance"":7,""physical_error_rate"":0.0005}","{""detection_events"":90803,""detectors_checked"":36986880,""obs_mistake_mask=E"":1}"
     82432,         3,         0,    88.4,exact_mw,7acd59d404317421b37957afea3f5c66f33c9ef46579a47fd7c0ca3dd0dfc735,"{""distance"":7,""physical_error_rate"":0.001}","{""detection_events"":242849,""detectors_checked"":49624064,""obs_mistake_mask=E"":3}"
     52224,         0,         0,    45.2,exact_mw,7acd59d404317421b37957afea3f5c66f33c9ef46579a47fd7c0ca3dd0dfc735,"{""distance"":7,""physical_error_rate"":0.001}","{""detection_events"":153906,""detectors_checked"":31438848}"
     10496,         0,         0,    45.1,exact_mw,ca91ffa42463e210e189f165a9a4cbcfd1773a75ca815ff24a9009c31e62d8d0,"{""distance"":7,""physical_error_rate"":0.002}","{""detection_events"":61847,""detectors_checked"":6318592}"
   1443840,         1,         0,    44.5,exact_mw,f5ed540d8b33fe7a17a96c57e6e367075413a3677864b79373445f6bf89adea1,"{""distance"":7,""physical_error_rate"":0.0002}","{""detection_events"":857955,""detectors_checked"":869191680,""obs_mistake_mask=E"":1}"
     53248,         1,         0,    45.5,exact_mw,7acd59d404317421b37957afea3f5c66f33c9ef46579a47fd7c0ca3dd0dfc735,"{""distance"":7,""physical_error_rate"":0.001}","{""detection_events"":156869,""detectors_checked"":32055296,""obs_mistake_mask=E"":1}"
    561152,         2,         0,   119.8,exact_mw,c34bb01325b9980f7caca1807bd93e7e28846c82b8c0538af034740e6e7d5106,"{""distance"":7,""physical_error_rate"":0.0005}","{""detection_events"":829286,""detectors_checked"":337813504,""obs_mistake_mask=E"":2}"
   3648512,         0,         0,   119.2,exact_mw,f5ed540d8b33fe7a17a96c57e6e367075413a3677864b79373445f6bf89adea1,"{""distance"":7,""physical_error_rate"":0.0002}","{""detection_events"":2160086,""detectors_checked"":2196404224}"
     24320,         3,         0,   120.6,exact_mw,ca91ffa42463e210e189f165a9a4cbcfd1773a75ca815ff24a9009c31e62d8d0,"{""distance"":7,""physical_error_rate"":0.002}","{""detection_events"":141000,""detectors_checked"":14640640,""obs_mistake_mask=E"":3}"
    698368,         1,         0,   119.9,exact_mw,c34bb01325b9980f7caca1807bd93e7e28846c82b8c0538af034740e6e7d5106,"{""distance"":7,""physical_error_rate"":0.0005}","{""detection_events"":1032123,""detectors_checked"":420417536,""obs_mistake_mask=E"":1}"
     10880,         4,         0,    45.1,exact_mw,ca91ffa42463e210e189f165a9a4cbcfd1773a75ca815ff24a9009c31e62d8d0,"{""distance"":7,""physical_error_rate"":0.002}","{""detection_events"":62867,""detectors_checked"":6549760,""obs_mistake_mask=E"":4}"
   3342336,         1,         0,   119.1,exact_mw,f5ed540d8b33fe7a17a96c57e6e367075413a3677864b79373445f6bf89adea1,"{""distance"":7,""physical_error_rate"":0.0002}","{""detection_events"":1979239,""detectors_checked"":2012086272,""obs_mistake_mask=E"":1}"
     25792,         4,         0,   120.2,exact_mw,ca91ffa42463e210e189f165a9a4cbcfd1773a75ca815ff24a9009c31e62d8d0,"{""distance"":7,""physical_error_rate"":0.002}","{""detection_events"":151570,""detectors_checked"":15526784,""obs_mistake_mask=E"":4}"
   1725440,         1,         0,    44.7,exact_mw,f5ed540d8b33fe7a17a96c57e6e367075413a3677864b79373445f6bf89adea1,"{""distance"":7,""physical_error_rate"":0.0002}","{""detection_events"":1019169,""detectors_checked"":1038714880,""obs_mistake_mask=E"":1}"
    107776,         0,         0,   120.7,exact_mw,7acd59d404317421b37957afea3f5c66f33c9ef46579a47fd7c0ca3dd0dfc735,"{""distance"":7,""physical_error_rate"":0.001}","{""detection_events"":316701,""detectors_checked"":64881152}"
    151552,         0,         0,    45.1,exact_mw,c34bb01325b9980f7caca1807bd93e7e28846c82b8c0538af034740e6e7d5106,"{""distance"":7,""physical_error_rate"":0.0005}","{""detection_events"":223080,""detectors_checked"":91234304}"
     36608,         0,         0,    45.8,exact_mw,7acd59d404317421b37957afea3f5c66f33c9ef46579a47fd7c0ca3dd0dfc735,"{""distance"":7,""physical_error_rate"":0.001}","{""detection_events"":108355,""detectors_checked"":22038016}"
     99328,         4,         0,   120.4,exact_mw,7acd59d404317421b37957afea3f5c66f33c9ef46579a47fd7c0ca3dd0dfc735,"{""distance"":7,""physical_error_rate"":0.001}","{""detection_events"":292764,""detectors_checked"":59795456,""obs_mistake_mask=E"":4}"
     10112,         2,         0,    45.4,exact_mw,ca91ffa42463e210e189f165a9a4cbcfd1773a75ca815ff24a9009c31e62d8d0,"{""distance"":7,""physical_error_rate"":0.002}","{""detection_events"":57725,""detectors_checked"":6087424,""obs_mistake_mask=E"":2}"
     23328,         3,         0,   120.1,exact_mw,ca91ffa42463e210e189f165a9a4cbcfd1773a75ca815ff24a9009c31e62d8d0,"{""distance"":7,""physical_error_rate"":0.002}","{""detection_events"":136846,""detectors_checked"":14043456,""obs_mistake_mask=E"":3}"
    100352,         3,         0,   120.3,exact_mw,7acd59d404317421b37957afea3f5c66f33c9ef46579a47fd7c0ca3dd0dfc735,"{""distance"":7,""physical_error_rate"":0.001}","{""detection_events"":296900,""detectors_checked"":60411904,""obs_mistake_mask=E"":3}"
    125952,         3,         0,   120.3,exact_mw,7acd59d404317421b37957afea3f5c66f33c9ef46579a47fd7c0ca3dd0dfc735,"{""distance"":7,""physical_error_rate"":0.001}","{""detection_events"":374047,""detectors_checked"":75823104,""obs_mistake_mask=E"":3}"
     24576,         5,         0,   120.3,exact_mw,ca91ffa42463e210e189f165a9a4cbcfd1773a75ca815ff24a9009c31e62d8d0,"{""distance"":7,""physical_error_rate"":0.002}","{""detection_events"":143686,""detectors_checked"":14794752,""obs_mistake_mask=E"":5}"
    629760,         3,         0,   120.0,exact_mw,c34bb01325b9980f7caca1807bd93e7e28846c82b8c0538af034740e6e7d5106,"{""distance"":7,""physical_error_rate"":0.0005}","{""detection_events"":930710,""detectors_checked"":379115520,""obs_mistake_mask=E"":3}"
    130560,         5,         0,   120.1,exact_mw,7acd59d404317421b37957afea3f5c66f33c9ef46579a47fd7c0ca3dd0dfc735,"{""distance"":7,""physical_error_rate"":0.001}","{""detection_events"":384168,""detectors_checked"":78597120,""obs_mistake_mask=E"":5}"
     25984,         2,         0,   120.4,exact_mw,ca91ffa42463e210e189f165a9a4cbcfd1773a75ca815ff24a9009c31e62d8d0,"{""distance"":7,""physical_error_rate"":0.002}","{""detection_events"":153692,""detectors_checked"":15642368,""obs_mistake_mask=E"":2}"
   4363264,         2,         0,   119.3,exact_mw,f5ed540d8b33fe7a17a96c57e6e367075413a3677864b79373445f6bf89adea1,"{""distance"":7,""physical_error_rate"":0.0002}","{""detection_events"":2590275,""detectors_checked"":2626684928,""obs_mistake_mask=E"":2}"
     80384,         0,         0,    45.1,exact_mw,c34bb01325b9980f7caca1807bd93e7e28846c82b8c0538af034740e6e7d5106,"{""distance"":7,""physical_error_rate"":0.0005}","{""detection_events"":119433,""detectors_checked"":48391168}"
    665600,         2,         0,   119.9,exact_mw,c34bb01325b9980f7caca1807bd93e7e28846c82b8c0538af034740e6e7d5106,"{""distance"":7,""physical_error_rate"":0.0005}","{""detection_events"":984666,""detectors_checked"":400691200,""obs_mistake_mask=E"":2}"
    427008,         0,         0,    63.1,exact_mw,c34bb01325b9980f7caca1807bd93e7e28846c82b8c0538af034740e6e7d5106,"{""distance"":7,""physical_error_rate"":0.0005}","{""detection_events"":632783,""detectors_checked"":257058816}"
   2822144,         0,         0,    62.7,exact_mw,f5ed540d8b33fe7a17a96c57e6e367075413a3677864b79373445f6bf89adea1,"{""distance"":7,""physical_error_rate"":0.0002}","{""detection_events"":1670235,""detectors_checked"":1698930688}"
   5588992,         2,         0,   119.4,exact_mw,f5ed540d8b33fe7a17a96c57e6e367075413a3677864b79373445f6bf89adea1,"{""distance"":7,""physical_error_rate"":0.0002}","{""detection_events"":3313986,""detectors_checked"":3364573184,""obs_mistake_mask=E"":2}"
     56576,         2,         0,   120.4,exact_mw,7acd59d404317421b37957afea3f5c66f33c9ef46579a47fd7c0ca3dd0dfc735,"{""distance"":7,""physical_error_rate"":0.001}","{""detection_events"":167646,""detectors_checked"":34058752,""obs_mistake_mask=E"":2}"
   4460544,         1,         0,   119.4,exact_mw,f5ed540d8b33fe7a17a96c57e6e367075413a3677864b79373445f6bf89adea1,"{""distance"":7,""physical_error_rate"":0.0002}","{""detection_events"":2640553,""detectors_checked"":2685247488,""obs_mistake_mask=E"":1}"
   3471360,         2,         0,   119.4,exact_mw,f5ed540d8b33fe7a17a96c57e6e367075413a3677864b79373445f6bf89adea1,"{""distance"":7,""physical_error_rate"":0.0002}","{""detection_events"":2061856,""detectors_checked"":2089758720,""obs_mistake_mask=E"":2}"
   3490816,         1,         0,   119.4,exact_mw,f5ed540d8b33fe7a17a96c57e6e367075413a3677864b79373445f6bf89adea1,"{""distance"":7,""physical_error_rate"":0.0002}","{""detection_events"":2072540,""detectors_checked"":2101471232,""obs_mistake_mask=E"":1}"
     16928,         2,         0,   119.9,exact_mw,ca91ffa42463e210e189f165a9a4cbcfd1773a75ca815ff24a9009c31e62d8d0,"{""distance"":7,""physical_error_rate"":0.002}","{""detection_events"":99655,""detectors_checked"":10190656,""obs_mistake_mask=E"":2}"
     70144,         0,         0,    63.2,exact_mw,7acd59d404317421b37957afea3f5c66f33c9ef46579a47fd7c0ca3dd0dfc735,"{""distance"":7,""physical_error_rate"":0.001}","{""detection_events"":208253,""detectors_checked"":42226688}"
   2423808,         0,         0,    62.7,exact_mw,f5ed540d8b33fe7a17a96c57e6e367075413a3677864b79373445f6bf89adea1,"{""distance"":7,""physical_error_rate"":0.0002}","{""detection_events"":1437318,""detectors_checked"":1459132416}"
    800768,         1,         0,   119.9,exact_mw,c34bb01325b9980f7caca1807bd93e7e28846c82b8c0538af034740e6e7d5106,"{""distance"":7,""physical_error_rate"":0.0005}","{""detection_events"":1184178,""detectors_checked"":482062336,""obs_mistake_mask=E"":1}"
     14848,         0,         0,    63.4,exact_mw,ca91ffa42463e210e189f165a9a4cbcfd1773a75ca815ff24a9009c31e62d8d0,"{""distance"":7,""physical_error_rate"":0.002}","{""detection_events"":86132,""detectors_checked"":8938496}"
   3880960,         0,         0,   119.4,exact_mw,f5ed540d8b33fe7a17a96c57e6e367075413a3677864b79373445f6bf89adea1,"{""distance"":7,""physical_error_rate"":0.0002}","{""detection_events"":2303314,""detectors_checked"":2336337920}"
     74240,         1,         0,    63.3,exact_mw,7acd59d404317421b37957afea3f5c66f33c9ef46579a47fd7c0ca3dd0dfc735,"{""distance"":7,""physical_error_rate"":0.001}","{""detection_events"":218194,""detectors_checked"":44692480,""obs_mistake_mask=E"":1}"
    461824,         1,         0,   120.1,exact_mw,c34bb01325b9980f7caca1807bd93e7e28846c82b8c0538af034740e6e7d5106,"{""distance"":7,""physical_error_rate"":0.0005}","{""detection_events"":685659,""detectors_checked"":278018048,""obs_mistake_mask=E"":1}"
    131072,         1,         0,   120.3,exact_mw,7acd59d404317421b37957afea3f5c66f33c9ef46579a47fd7c0ca3dd0dfc735,"{""distance"":7,""physical_error_rate"":0.001}","{""detection_events"":387551,""detectors_checked"":78905344,""obs_mistake_mask=E"":1}"
     14464,         2,         0,    63.1,exact_mw,ca91ffa42463e210e189f165a9a4cbcfd1773a75ca815ff24a9009c31e62d8d0,"{""distance"":7,""physical_error_rate"":0.002}","{""detection_events"":84694,""detectors_checked"":8707328,""obs_mistake_mask=E"":2}"
    668672,         2,         0,   120.0,exact_mw,c34bb01325b9980f7caca1807bd93e7e28846c82b8c0538af034740e6e7d5106,"{""distance"":7,""physical_error_rate"":0.0005}","{""detection_events"":991523,""detectors_checked"":402540544,""obs_mistake_mask=E"":2}"
     28416,         5,         0,   120.1,exact_mw,ca91ffa42463e210e189f165a9a4cbcfd1773a75ca815ff24a9009c31e62d8d0,"{""distance"":7,""physical_error_rate"":0.002}","{""detection_events"":167393,""detectors_checked"":17106432,""obs_mistake_mask=E"":5}"
    635904,         0,         0,   120.0,exact_mw,c34bb01325b9980f7caca1807bd93e7e28846c82b8c0538af034740e6e7d5106,"{""distance"":7,""physical_error_rate"":0.0005}","{""detection_events"":939072,""detectors_checked"":382814208}"
    575488,         2,         0,   119.9,exact_mw,c34bb01325b9980f7caca1807bd93e7e28846c82b8c0538af034740e6e7d5106,"{""distance"":7,""physical_error_rate"":0.0005}","{""detection_events"":853526,""detectors_checked"":346443776,""obs_mistake_mask=E"":2}"
   2340864,         0,         0,    62.6,exact_mw,f5ed540d8b33fe7a17a96c57e6e367075413a3677864b79373445f6bf89adea1,"{""distance"":7,""physical_error_rate"":0.0002}","{""detection_events"":1390327,""detectors_checked"":1409200128}"
    353280,         0,         0,    63.0,exact_mw,c34bb01325b9980f7caca1807bd93e7e28846c82b8c0538af034740e6e7d5106,"{""distance"":7,""physical_error_rate"":0.0005}","{""detection_events"":520200,""detectors_checked"":212674560}"
     24448,         3,         0,   120.1,exact_mw,ca91ffa42463e210e189f165a9a4cbcfd1773a75ca815ff24a9009c31e62d8d0,"{""distance"":7,""physical_error_rate"":0.002}","{""detection_events"":141867,""detectors_checked"":14717696,""obs_mistake_mask=E"":3}"
     33024,         2,         0,   120.1,exact_mw,ca91ffa42463e210e189f165a9a4cbcfd1773a75ca815ff24a9009c31e62d8d0,"{""distance"":7,""physical_error_rate"":0.002}","{""detection_events"":192681,""detectors_checked"":19880448,""obs_mistake_mask=E"":2}"
     65024,         0,         0,    63.3,exact_mw,7acd59d404317421b37957afea3f5c66f33c9ef46579a47fd7c0ca3dd0dfc735,"{""distance"":7,""physical_error_rate"":0.001}","{""detection_events"":191166,""detectors_checked"":39144448}"
     21792,         3,         0,   120.7,exact_mw,ca91ffa42463e210e189f165a9a4cbcfd1773a75ca815ff24a9009c31e62d8d0,"{""distance"":7,""physical_error_rate"":0.002}","{""detection_events"":128086,""detectors_checked"":13118784,""obs_mistake_mask=E"":3}"
     14720,         0,         0,    63.4,exact_mw,ca91ffa42463e210e189f165a9a4cbcfd1773a75ca815ff24a9009c31e62d8d0,"{""distance"":7,""physical_error_rate"":0.002}","{""detection_events"":85164,""detectors_checked"":8861440}"
    132096,         2,         0,   120.2,exact_mw,7acd59d404317421b37957afea3f5c66f33c9ef46579a47fd7c0ca3dd0dfc735,"{""distance"":7,""physical_error_rate"":0.001}","{""detection_events"":388199,""detectors_checked"":79521792,""obs_mistake_mask=E"":2}"
    103168,         0,         0,   120.2,exact_mw,7acd59d404317421b37957afea3f5c66f33c9ef46579a47fd7c0ca3dd0dfc735,"{""distance"":7,""physical_error_rate"":0.001}","{""detection_events"":303944,""detectors_checked"":62107136}"
    109056,         3,         0,   120.3,exact_mw,7acd59d404317421b37957afea3f5c66f33c9ef46579a47fd7c0ca3dd0dfc735,"{""distance"":7,""physical_error_rate"":0.001}","{""detection_events"":322112,""detectors_checked"":65651712,""obs_mistake_mask=E"":3}"
    124416,         3,         0,   120.3,exact_mw,7acd59d404317421b37957afea3f5c66f33c9ef46579a47fd7c0ca3dd0dfc735,"{""distance"":7,""physical_error_rate"":0.001}","{""detection_events"":367579,""detectors_checked"":74898432,""obs_mistake_mask=E"":3}"
     22240,         4,         0,   120.2,exact_mw,ca91ffa42463e210e189f165a9a4cbcfd1773a75ca815ff24a9009c31e62d8d0,"{""distance"":7,""physical_error_rate"":0.002}","{""detection_events"":129577,""detectors_checked"":13388480,""obs_mistake_mask=E"":4}"
   5099520,         1,         0,   119.3,exact_mw,f5ed540d8b33fe7a17a96c57e6e367075413a3677864b79373445f6bf89adea1,"{""distance"":7,""physical_error_rate"":0.0002}","{""detection_events"":3026028,""detectors_checked"":3069911040,""obs_mistake_mask=E"":1}"
    180736,         0,         0,    63.1,exact_mw,c34bb01325b9980f7caca1807bd93e7e28846c82b8c0538af034740e6e7d5106,"{""distance"":7,""physical_error_rate"":0.0005}","{""detection_events"":267847,""detectors_checked"":108803072}"
   4541440,         2,         0,   119.3,exact_mw,f5ed540d8b33fe7a17a96c57e6e367075413a3677864b79373445f6bf89adea1,"{""distance"":7,""physical_error_rate"":0.0002}","{""detection_events"":2690600,""detectors_checked"":2733946880,""obs_mistake_mask=E"":2}"
    433664,         0,         0,   119.9,exact_mw,c34bb01325b9980f7caca1807bd93e7e28846c82b8c0538af034740e6e7d5106,"{""distance"":7,""physical_error_rate"":0.0005}","{""detection_events"":639641,""detectors_checked"":261065728}"
    732160,         2,         0,   120.0,exact_mw,c34bb01325b9980f7caca1807bd93e7e28846c82b8c0538af034740e6e7d5106,"{""distance"":7,""physical_error_rate"":0.0005}","{""detection_events"":1079938,""detectors_checked"":440760320,""obs_mistake_mask=E"":2}"
     99072,         2,         0,   120.5,exact_mw,7acd59d404317421b37957afea3f5c66f33c9ef46579a47fd7c0ca3dd0dfc735,"{""distance"":7,""physical_error_rate"":0.001}","{""detection_events"":292507,""detectors_checked"":59641344,""obs_mistake_mask=E"":2}"
   4078592,         0,         0,   119.3,exact_mw,f5ed540d8b33fe7a17a96c57e6e367075413a3677864b79373445f6bf89adea1,"{""distance"":7,""physical_error_rate"":0.0002}","{""detection_events"":2419856,""detectors_checked"":2455312384}"
   4521984,         4,         0,   119.3,exact_mw,f5ed540d8b33fe7a17a96c57e6e367075413a3677864b79373445f6bf89adea1,"{""distance"":7,""physical_error_rate"":0.0002}","{""detection_events"":2674424,""detectors_checked"":2722234368,""obs_mistake_mask=E"":4}"
    664576,         4,         0,   120.1,exact_mw,c34bb01325b9980f7caca1807bd93e7e28846c82b8c0538af034740e6e7d5106,"{""distance"":7,""physical_error_rate"":0.0005}","{""detection_events"":983710,""detectors_checked"":400074752,""obs_mistake_mask=E"":4}"
    656384,         1,         0,   120.2,exact_mw,c34bb01325b9980f7caca1807bd93e7e28846c82b8c0538af034740e6e7d5106,"{""distance"":7,""physical_error_rate"":0.0005}","{""detection_events"":972740,""detectors_checked"":395143168,""obs_mistake_mask=E"":1}"
   4143104,         1,         0,   119.4,exact_mw,f5ed540d8b33fe7a17a96c57e6e367075413a3677864b79373445f6bf89adea1,"{""distance"":7,""physical_error_rate"":0.0002}","{""detection_events"":2455708,""detectors_checked"":2494148608,""obs_mistake_mask=E"":1}"
     22048,         6,         0,   120.2,exact_mw,ca91ffa42463e210e189f165a9a4cbcfd1773a75ca815ff24a9009c31e62d8d0,"{""distance"":7,""physical_error_rate"":0.002}","{""detection_events"":130016,""detectors_checked"":13272896,""obs_mistake_mask=E"":6}"
     23904,         3,         0,   120.6,exact_mw,ca91ffa42463e210e189f165a9a4cbcfd1773a75ca815ff24a9009c31e62d8d0,"{""distance"":7,""physical_error_rate"":0.002}","{""detection_events"":140605,""detectors_checked"":14390208,""obs_mistake_mask=E"":3}"
     77632,         1,         0,   120.1,exact_mw,7acd59d404317421b37957afea3f5c66f33c9ef46579a47fd7c0ca3dd0dfc735,"{""distance"":7,""physical_error_rate"":0.001}","{""detection_events"":226829,""detectors_checked"":46734464,""obs_mistake_mask=E"":1}"
    393216,         0,         0,   119.9,exact_mw,c34bb01325b9980f7caca1807bd93e7e28846c82b8c0538af034740e6e7d5106,"{""distance"":7,""physical_error_rate"":0.0005}","{""detection_events"":579183,""detectors_checked"":236716032}"
   3187712,         1,         0,   119.1,exact_mw,f5ed540d8b33fe7a17a96c57e6e367075413a3677864b79373445f6bf89adea1,"{""distance"":7,""physical_error_rate"":0.0002}","{""detection_events"":1893663,""detectors_checked"":1919002624,""obs_mistake_mask=E"":1}"
     24576,         2,         0,   120.0,exact_mw,ca91ffa42463e210e189f165a9a4cbcfd1773a75ca815ff24a9009c31e62d8d0,"{""distance"":7,""physical_error_rate"":0.002}","{""detection_events"":145137,""detectors_checked"":14794752,""obs_mistake_mask=E"":2}"
    719872,         2,         0,   119.9,exact_mw,c34bb01325b9980f7caca1807bd93e7e28846c82b8c0538af034740e6e7d5106,"{""distance"":7,""physical_error_rate"":0.0005}","{""detection_events"":1062363,""detectors_checked"":433362944,""obs_mistake_mask=E"":2}"
   4006912,         1,         0,   119.3,exact_mw,f5ed540d8b33fe7a17a96c57e6e367075413a3677864b79373445f6bf89adea1,"{""distance"":7,""physical_error_rate"":0.0002}","{""detection_events"":2376121,""detectors_checked"":2412161024,""obs_mistake_mask=E"":1}"
     22752,         6,         0,   120.1,exact_mw,ca91ffa42463e210e189f165a9a4cbcfd1773a75ca815ff24a9009c31e62d8d0,"{""distance"":7,""physical_error_rate"":0.002}","{""detection_events"":132047,""detectors_checked"":13696704,""obs_mistake_mask=E"":6}"
    103808,         1,         0,   121.1,exact_mw,7acd59d404317421b37957afea3f5c66f33c9ef46579a47fd7c0ca3dd0dfc735,"{""distance"":7,""physical_error_rate"":0.001}","{""detection_events"":307426,""detectors_checked"":62492416,""obs_mistake_mask=E"":1}"
     92160,         0,         0,   120.1,exact_mw,7acd59d404317421b37957afea3f5c66f33c9ef46579a47fd7c0ca3dd0dfc735,"{""distance"":7,""physical_error_rate"":0.001}","{""detection_events"":273276,""detectors_checked"":55480320}"
     89984,         1,         0,   120.3,exact_mw,7acd59d404317421b37957afea3f5c66f33c9ef46579a47fd7c0ca3dd0dfc735,"{""distance"":7,""physical_error_rate"":0.001}","{""detection_events"":262732,""detectors_checked"":54170368,""obs_mistake_mask=E"":1}"
     23616,         2,         0,   120.6,exact_mw,ca91ffa42463e210e189f165a9a4cbcfd1773a75ca815ff24a9009c31e62d8d0,"{""distance"":7,""physical_error_rate"":0.002}","{""detection_events"":138807,""detectors_checked"":14216832,""obs_mistake_mask=E"":2}"
    121856,         1,         0,   120.7,exact_mw,7acd59d404317421b37957afea3f5c66f33c9ef46579a47fd7c0ca3dd0dfc735,"{""distance"":7,""physical_error_rate"":0.001}","{""detection_events"":358379,""detectors_checked"":73357312,""obs_mistake_mask=E"":1}"
    690176,         1,         0,    88.2,exact_mw,c34bb01325b9980f7caca1807bd93e7e28846c82b8c0538af034740e6e7d5106,"{""distance"":7,""physical_error_rate"":0.0005}","{""detection_events"":1024124,""detectors_checked"":415485952,""obs_mistake_mask=E"":1}"
   3868672,         1,         0,    87.8,exact_mw,f5ed540d8b33fe7a17a96c57e6e367075413a3677864b79373445f6bf89adea1,"{""distance"":7,""physical_error_rate"":0.0002}","{""detection_events"":2288663,""detectors_checked"":2328940544,""obs_mistake_mask=E"":1}"
     16592,         2,         0,   120.8,exact_mw,ca91ffa42463e210e189f165a9a4cbcfd1773a75ca815ff24a9009c31e62d8d0,"{""distance"":7,""physical_error_rate"":0.002}","{""detection_events"":98056,""detectors_checked"":9988384,""obs_mistake_mask=E"":2}"
    654336,         4,         0,   119.9,exact_mw,c34bb01325b9980f7caca1807bd93e7e28846c82b8c0538af034740e6e7d5106,"{""distance"":7,""physical_error_rate"":0.0005}","{""detection_events"":967544,""detectors_checked"":393910272,""obs_mistake_mask=E"":4}"
   2845696,         0,         0,    87.7,exact_mw,f5ed540d8b33fe7a17a96c57e6e367075413a3677864b79373445f6bf89adea1,"{""distance"":7,""physical_error_rate"":0.0002}","{""detection_events"":1686253,""detectors_checked"":1713108992}"
     89600,         4,         0,    88.3,exact_mw,7acd59d404317421b37957afea3f5c66f33c9ef46579a47fd7c0ca3dd0dfc735,"{""distance"":7,""physical_error_rate"":0.001}","{""detection_events"":261385,""detectors_checked"":53939200,""obs_mistake_mask=E"":4}"
     16000,         4,         0,    88.5,exact_mw,ca91ffa42463e210e189f165a9a4cbcfd1773a75ca815ff24a9009c31e62d8d0,"{""distance"":7,""physical_error_rate"":0.002}","{""detection_events"":92281,""detectors_checked"":9632000,""obs_mistake_mask=E"":4}"
    122368,         3,         0,   120.1,exact_mw,7acd59d404317421b37957afea3f5c66f33c9ef46579a47fd7c0ca3dd0dfc735,"{""distance"":7,""physical_error_rate"":0.001}","{""detection_events"":360997,""detectors_checked"":73665536,""obs_mistake_mask=E"":3}"
    112640,         0,         0,    88.4,exact_mw,7acd59d404317421b37957afea3f5c66f33c9ef46579a47fd7c0ca3dd0dfc735,"{""distance"":7,""physical_error_rate"":0.001}","{""detection_events"":331974,""detectors_checked"":67809280}"
     25216,         6,         0,   120.2,exact_mw,ca91ffa42463e210e189f165a9a4cbcfd1773a75ca815ff24a9009c31e62d8d0,"{""distance"":7,""physical_error_rate"":0.002}","{""detection_events"":148625,""detectors_checked"":15180032,""obs_mistake_mask=E"":6}"
     18176,         4,         0,    88.7,exact_mw,ca91ffa42463e210e189f165a9a4cbcfd1773a75ca815ff24a9009c31e62d8d0,"{""distance"":7,""physical_error_rate"":0.002}","{""detection_events"":106342,""detectors_checked"":10941952,""obs_mistake_mask=E"":4}"
   2590720,         1,         0,    87.7,exact_mw,f5ed540d8b33fe7a17a96c57e6e367075413a3677864b79373445f6bf89adea1,"{""distance"":7,""physical_error_rate"":0.0002}","{""detection_events"":1535068,""detectors_checked"":1559613440,""obs_mistake_mask=E"":1}"
   3894272,         2,         0,   119.2,exact_mw,f5ed540d8b33fe7a17a96c57e6e367075413a3677864b79373445f6bf89adea1,"{""distance"":7,""physical_error_rate"":0.0002}","{""detection_events"":2313614,""detectors_checked"":2344351744,""obs_mistake_mask=E"":2}"
    428032,         1,         0,    88.1,exact_mw,c34bb01325b9980f7caca1807bd93e7e28846c82b8c0538af034740e6e7d5106,"{""distance"":7,""physical_error_rate"":0.0005}","{""detection_events"":633406,""detectors_checked"":257675264,""obs_mistake_mask=E"":1}"
     65280,         3,         0,    88.4,exact_mw,7acd59d404317421b37957afea3f5c66f33c9ef46579a47fd7c0ca3dd0dfc735,"{""distance"":7,""physical_error_rate"":0.001}","{""detection_events"":191390,""detectors_checked"":39298560,""obs_mistake_mask=E"":3}"
     19328,         1,         0,    88.7,exact_mw,ca91ffa42463e210e189f165a9a4cbcfd1773a75ca815ff24a9009c31e62d8d0,"{""distance"":7,""physical_error_rate"":0.002}","{""detection_events"":112878,""detectors_checked"":11635456,""obs_mistake_mask=E"":1}"
    614400,         1,         0,   120.0,exact_mw,c34bb01325b9980f7caca1807bd93e7e28846c82b8c0538af034740e6e7d5106,"{""distance"":7,""physical_error_rate"":0.0005}","{""detection_events"":909293,""detectors_checked"":369868800,""obs_mistake_mask=E"":1}"
   5866496,         1,         0,   119.4,exact_mw,f5ed540d8b33fe7a17a96c57e6e367075413a3677864b79373445f6bf89adea1,"{""distance"":7,""physical_error_rate"":0.0002}","{""detection_events"":3477792,""detectors_checked"":3531630592,""obs_mistake_mask=E"":1}"
    113536,         3,         0,   120.6,exact_mw,7acd59d404317421b37957afea3f5c66f33c9ef46579a47fd7c0ca3dd0dfc735,"{""distance"":7,""physical_error_rate"":0.001}","{""detection_events"":334466,""detectors_checked"":68348672,""obs_mistake_mask=E"":3}"
   3792896,         1,         0,   119.4,exact_mw,f5ed540d8b33fe7a17a96c57e6e367075413a3677864b79373445f6bf89adea1,"{""distance"":7,""physical_error_rate"":0.0002}","{""detection_events"":2250262,""detectors_checked"":2283323392,""obs_mistake_mask=E"":1}"
   3606528,         3,         0,   119.2,exact_mw,f5ed540d8b33fe7a17a96c57e6e367075413a3677864b79373445f6bf89adea1,"{""distance"":7,""physical_error_rate"":0.0002}","{""detection_events"":2134722,""detectors_checked"":2171129856,""obs_mistake_mask=E"":3}"
   4028416,         4,         0,   119.3,exact_mw,f5ed540d8b33fe7a17a96c57e6e367075413a3677864b79373445f6bf89adea1,"{""distance"":7,""physical_error_rate"":0.0002}","{""detection_events"":2392497,""detectors_checked"":2425106432,""obs_mistake_mask=E"":4}"
     22464,         4,         0,   120.5,exact_mw,ca91ffa42463e210e189f165a9a4cbcfd1773a75ca815ff24a9009c31e62d8d0,"{""distance"":7,""physical_error_rate"":0.002}","{""detection_events"":130291,""detectors_checked"":13523328,""obs_mistake_mask=E"":4}"
    821248,         1,         0,   120.0,exact_mw,c34bb01325b9980f7caca1807bd93e7e28846c82b8c0538af034740e6e7d5106,"{""distance"":7,""physical_error_rate"":0.0005}","{""detection_events"":1211327,""detectors_checked"":494391296,""obs_mistake_mask=E"":1}"
   3509248,         3,         0,   119.1,exact_mw,f5ed540d8b33fe7a17a96c57e6e367075413a3677864b79373445f6bf89adea1,"{""distance"":7,""physical_error_rate"":0.0002}","{""detection_events"":2087754,""detectors_checked"":2112567296,""obs_mistake_mask=E"":3}"
    613376,         2,         0,   119.9,exact_mw,c34bb01325b9980f7caca1807bd93e7e28846c82b8c0538af034740e6e7d5106,"{""distance"":7,""physical_error_rate"":0.0005}","{""detection_events"":908831,""detectors_checked"":369252352,""obs_mistake_mask=E"":2}"
    142848,         4,         0,   121.3,exact_mw,7acd59d404317421b37957afea3f5c66f33c9ef46579a47fd7c0ca3dd0dfc735,"{""distance"":7,""physical_error_rate"":0.001}","{""detection_events"":419016,""detectors_checked"":85994496,""obs_mistake_mask=E"":4}"
    541696,         0,         0,   119.9,exact_mw,c34bb01325b9980f7caca1807bd93e7e28846c82b8c0538af034740e6e7d5106,"{""distance"":7,""physical_error_rate"":0.0005}","{""detection_events"":802485,""detectors_checked"":326100992}"
     23168,         2,         0,   120.5,exact_mw,ca91ffa42463e210e189f165a9a4cbcfd1773a75ca815ff24a9009c31e62d8d0,"{""distance"":7,""physical_error_rate"":0.002}","{""detection_events"":136632,""detectors_checked"":13947136,""obs_mistake_mask=E"":2}"
    575488,         1,         0,   119.9,exact_mw,c34bb01325b9980f7caca1807bd93e7e28846c82b8c0538af034740e6e7d5106,"{""distance"":7,""physical_error_rate"":0.0005}","{""detection_events"":853143,""detectors_checked"":346443776,""obs_mistake_mask=E"":1}"
    650240,         1,         0,   119.9,exact_mw,c34bb01325b9980f7caca1807bd93e7e28846c82b8c0538af034740e6e7d5106,"{""distance"":7,""physical_error_rate"":0.0005}","{""detection_events"":961282,""detectors_checked"":391444480,""obs_mistake_mask=E"":1}"
     30592,         0,         0,   120.0,exact_mw,ca91ffa42463e210e189f165a9a4cbcfd1773a75ca815ff24a9009c31e62d8d0,"{""distance"":7,""physical_error_rate"":0.002}","{""detection_events"":178462,""detectors_checked"":18416384}"
     21376,         4,         0,   120.4,exact_mw,ca91ffa42463e210e189f165a9a4cbcfd1773a75ca815ff24a9009c31e62d8d0,"{""distance"":7,""physical_error_rate"":0.002}","{""detection_events"":124541,""detectors_checked"":12868352,""obs_mistake_mask=E"":4}"
    404480,         0,         0,    88.4,exact_mw,c34bb01325b9980f7caca1807bd93e7e28846c82b8c0538af034740e6e7d5106,"{""distance"":7,""physical_error_rate"":0.0005}","{""detection_events"":593750,""detectors_checked"":243496960}"
   1045699,         0,         0,    21.3,exact_mw,f5ed540d8b33fe7a17a96c57e6e367075413a3677864b79373445f6bf89adea1,"{""distance"":7,""physical_error_rate"":0.0002}","{""detection_events"":619295,""detectors_checked"":629510798}"
     19648,         3,         0,   120.2,exact_mw,ca91ffa42463e210e189f165a9a4cbcfd1773a75ca815ff24a9009c31e62d8d0,"{""distance"":7,""physical_error_rate"":0.002}","{""detection_events"":114903,""detectors_checked"":11828096,""obs_mistake_mask=E"":3}"
    103936,         0,         0,   120.1,exact_mw,7acd59d404317421b37957afea3f5c66f33c9ef46579a47fd7c0ca3dd0dfc735,"{""distance"":7,""physical_error_rate"":0.001}","{""detection_events"":307265,""detectors_checked"":62569472}"
    102144,         2,         0,   120.2,exact_mw,7acd59d404317421b37957afea3f5c66f33c9ef46579a47fd7c0ca3dd0dfc735,"{""distance"":7,""physical_error_rate"":0.001}","{""detection_events"":300420,""detectors_checked"":61490688,""obs_mistake_mask=E"":2}"
    104448,         5,         0,   120.5,exact_mw,7acd59d404317421b37957afea3f5c66f33c9ef46579a47fd7c0ca3dd0dfc735,"{""distance"":7,""physical_error_rate"":0.001}","{""detection_events"":305323,""detectors_checked"":62877696,""obs_mistake_mask=E"":5}"
    105984,         0,         0,   120.4,exact_mw,7acd59d404317421b37957afea3f5c66f33c9ef46579a47fd7c0ca3dd0dfc735,"{""distance"":7,""physical_error_rate"":0.001}","{""detection_events"":311534,""detectors_checked"":63802368}"
     21312,         0,         0,   120.8,exact_mw,ca91ffa42463e210e189f165a9a4cbcfd1773a75ca815ff24a9009c31e62d8d0,"{""distance"":7,""physical_error_rate"":0.002}","{""detection_events"":124442,""detectors_checked"":12829824}"
   5065728,         2,         0,   119.3,exact_mw,f5ed540d8b33fe7a17a96c57e6e367075413a3677864b79373445f6bf89adea1,"{""distance"":7,""physical_error_rate"":0.0002}","{""detection_events"":3005187,""detectors_checked"":3049568256,""obs_mistake_mask=E"":2}"
   4015104,         2,         0,   119.3,exact_mw,f5ed540d8b33fe7a17a96c57e6e367075413a3677864b79373445f6bf89adea1,"{""distance"":7,""physical_error_rate"":0.0002}","{""detection_events"":2384231,""detectors_checked"":2417092608,""obs_mistake_mask=E"":2}"
    472064,         4,         0,   120.2,exact_mw,c34bb01325b9980f7caca1807bd93e7e28846c82b8c0538af034740e6e7d5106,"{""distance"":7,""physical_error_rate"":0.0005}","{""detection_events"":699629,""detectors_checked"":284182528,""obs_mistake_mask=E"":4}"
    594944,         0,         0,   120.0,exact_mw,c34bb01325b9980f7caca1807bd93e7e28846c82b8c0538af034740e6e7d5106,"{""distance"":7,""physical_error_rate"":0.0005}","{""detection_events"":878093,""detectors_checked"":358156288}"
     98304,         0,         0,   120.3,exact_mw,7acd59d404317421b37957afea3f5c66f33c9ef46579a47fd7c0ca3dd0dfc735,"{""distance"":7,""physical_error_rate"":0.001}","{""detection_events"":288491,""detectors_checked"":59179008}"
   3895296,         0,         0,   119.3,exact_mw,f5ed540d8b33fe7a17a96c57e6e367075413a3677864b79373445f6bf89adea1,"{""distance"":7,""physical_error_rate"":0.0002}","{""detection_events"":2312782,""detectors_checked"":2344968192}"
   4478976,         3,         0,   119.3,exact_mw,f5ed540d8b33fe7a17a96c57e6e367075413a3677864b79373445f6bf89adea1,"{""distance"":7,""physical_error_rate"":0.0002}","{""detection_events"":2649162,""detectors_checked"":2696343552,""obs_mistake_mask=E"":3}"
    650240,         4,         0,   119.9,exact_mw,c34bb01325b9980f7caca1807bd93e7e28846c82b8c0538af034740e6e7d5106,"{""distance"":7,""physical_error_rate"":0.0005}","{""detection_events"":962933,""detectors_checked"":391444480,""obs_mistake_mask=E"":4}"
   4504576,         2,         0,   119.4,exact_mw,f5ed540d8b33fe7a17a96c57e6e367075413a3677864b79373445f6bf89adea1,"{""distance"":7,""physical_error_rate"":0.0002}","{""detection_events"":2673947,""detectors_checked"":2711754752,""obs_mistake_mask=E"":2}"
    569344,         2,         0,   120.0,exact_mw,c34bb01325b9980f7caca1807bd93e7e28846c82b8c0538af034740e6e7d5106,"{""distance"":7,""physical_error_rate"":0.0005}","{""detection_events"":842201,""detectors_checked"":342745088,""obs_mistake_mask=E"":2}"
     20864,         7,         0,   119.9,exact_mw,ca91ffa42463e210e189f165a9a4cbcfd1773a75ca815ff24a9009c31e62d8d0,"{""distance"":7,""physical_error_rate"":0.002}","{""detection_events"":121651,""detectors_checked"":12560128,""obs_mistake_mask=E"":7}"
     20192,         2,         0,   120.3,exact_mw,ca91ffa42463e210e189f165a9a4cbcfd1773a75ca815ff24a9009c31e62d8d0,"{""distance"":7,""physical_error_rate"":0.002}","{""detection_events"":118109,""detectors_checked"":12155584,""obs_mistake_mask=E"":2}"
    105472,         2,         0,   120.4,exact_mw,7acd59d404317421b37957afea3f5c66f33c9ef46579a47fd7c0ca3dd0dfc735,"{""distance"":7,""physical_error_rate"":0.001}","{""detection_events"":311685,""detectors_checked"":63494144,""obs_mistake_mask=E"":2}"
    644096,         1,         0,   119.9,exact_mw,c34bb01325b9980f7caca1807bd93e7e28846c82b8c0538af034740e6e7d5106,"{""distance"":7,""physical_error_rate"":0.0005}","{""detection_events"":952054,""detectors_checked"":387745792,""obs_mistake_mask=E"":1}"
   3468288,         0,         0,   119.3,exact_mw,f5ed540d8b33fe7a17a96c57e6e367075413a3677864b79373445f6bf89adea1,"{""distance"":7,""physical_error_rate"":0.0002}","{""detection_events"":2055404,""detectors_checked"":2087909376}"
     23488,         1,         0,   120.5,exact_mw,ca91ffa42463e210e189f165a9a4cbcfd1773a75ca815ff24a9009c31e62d8d0,"{""distance"":7,""physical_error_rate"":0.002}","{""detection_events"":137741,""detectors_checked"":14139776,""obs_mistake_mask=E"":1}"
    596992,         0,         0,   120.1,exact_mw,c34bb01325b9980f7caca1807bd93e7e28846c82b8c0538af034740e6e7d5106,"{""distance"":7,""physical_error_rate"":0.0005}","{""detection_events"":884218,""detectors_checked"":359389184}"
   3861504,         1,         0,   119.3,exact_mw,f5ed540d8b33fe7a17a96c57e6e367075413a3677864b79373445f6bf89adea1,"{""distance"":7,""physical_error_rate"":0.0002}","{""detection_events"":2297671,""detectors_checked"":2324625408,""obs_mistake_mask=E"":1}"
     23552,         3,         0,   121.0,exact_mw,ca91ffa42463e210e189f165a9a4cbcfd1773a75ca815ff24a9009c31e62d8d0,"{""distance"":7,""physical_error_rate"":0.002}","{""detection_events"":137967,""detectors_checked"":14178304,""obs_mistake_mask=E"":3}"
    109952,         2,         0,   120.6,exact_mw,7acd59d404317421b37957afea3f5c66f33c9ef46579a47fd7c0ca3dd0dfc735,"{""distance"":7,""physical_error_rate"":0.001}","{""detection_events"":323164,""detectors_checked"":66191104,""obs_mistake_mask=E"":2}"
    101888,         3,         0,   120.2,exact_mw,7acd59d404317421b37957afea3f5c66f33c9ef46579a47fd7c0ca3dd0dfc735,"{""distance"":7,""physical_error_rate"":0.001}","{""detection_events"":300250,""detectors_checked"":61336576,""obs_mistake_mask=E"":3}"
     24192,         4,         0,   120.0,exact_mw,ca91ffa42463e210e189f165a9a4cbcfd1773a75ca815ff24a9009c31e62d8d0,"{""distance"":7,""physical_error_rate"":0.002}","{""detection_events"":141449,""detectors_checked"":14563584,""obs_mistake_mask=E"":4}"
    108544,         1,         0,   120.3,exact_mw,7acd59d404317421b37957afea3f5c66f33c9ef46579a47fd7c0ca3dd0dfc735,"{""distance"":7,""physical_error_rate"":0.001}","{""detection_events"":318322,""detectors_checked"":65343488,""obs_mistake_mask=E"":1}"
    113664,         1,         0,   120.0,exact_mw,7acd59d404317421b37957afea3f5c66f33c9ef46579a47fd7c0ca3dd0dfc735,"{""distance"":7,""physical_error_rate"":0.001}","{""detection_events"":337427,""detectors_checked"":68425728,""obs_mistake_mask=E"":1}"
    847872,         0,         0,   119.9,exact_mw,c34bb01325b9980f7caca1807bd93e7e28846c82b8c0538af034740e6e7d5106,"{""distance"":7,""physical_error_rate"":0.0005}","{""detection_events"":1255757,""detectors_checked"":510418944}"
   4872192,         0,         0,   119.3,exact_mw,f5ed540d8b33fe7a17a96c57e6e367075413a3677864b79373445f6bf89adea1,"{""distance"":7,""physical_error_rate"":0.0002}","{""detection_events"":2891934,""detectors_checked"":2933059584}"
     17344,         1,         0,   120.3,exact_mw,ca91ffa42463e210e189f165a9a4cbcfd1773a75ca815ff24a9009c31e62d8d0,"{""distance"":7,""physical_error_rate"":0.002}","{""detection_events"":102262,""detectors_checked"":10441088,""obs_mistake_mask=E"":1}"
    724992,         2,         0,   120.1,exact_mw,c34bb01325b9980f7caca1807bd93e7e28846c82b8c0538af034740e6e7d5106,"{""distance"":7,""physical_error_rate"":0.0005}","{""detection_events"":1073006,""detectors_checked"":436445184,""obs_mistake_mask=E"":2}"
   4229120,         1,         0,   119.4,exact_mw,f5ed540d8b33fe7a17a96c57e6e367075413a3677864b79373445f6bf89adea1,"{""distance"":7,""physical_error_rate"":0.0002}","{""detection_events"":2508188,""detectors_checked"":2545930240,""obs_mistake_mask=E"":1}"
     27648,         5,         0,   120.1,exact_mw,ca91ffa42463e210e189f165a9a4cbcfd1773a75ca815ff24a9009c31e62d8d0,"{""distance"":7,""physical_error_rate"":0.002}","{""detection_events"":161106,""detectors_checked"":16644096,""obs_mistake_mask=E"":5}"
    132608,         3,         0,   120.6,exact_mw,7acd59d404317421b37957afea3f5c66f33c9ef46579a47fd7c0ca3dd0dfc735,"{""distance"":7,""physical_error_rate"":0.001}","{""detection_events"":391999,""detectors_checked"":79830016,""obs_mistake_mask=E"":3}"
    114176,         2,         0,   120.3,exact_mw,7acd59d404317421b37957afea3f5c66f33c9ef46579a47fd7c0ca3dd0dfc735,"{""distance"":7,""physical_error_rate"":0.001}","{""detection_events"":337001,""detectors_checked"":68733952,""obs_mistake_mask=E"":2}"
    144384,         2,         0,   120.2,exact_mw,7acd59d404317421b37957afea3f5c66f33c9ef46579a47fd7c0ca3dd0dfc735,"{""distance"":7,""physical_error_rate"":0.001}","{""detection_events"":424447,""detectors_checked"":86919168,""obs_mistake_mask=E"":2}"
     23808,         0,         0,   120.1,exact_mw,ca91ffa42463e210e189f165a9a4cbcfd1773a75ca815ff24a9009c31e62d8d0,"{""distance"":7,""physical_error_rate"":0.002}","{""detection_events"":140156,""detectors_checked"":14332416}"
     24960,         6,         0,   120.3,exact_mw,ca91ffa42463e210e189f165a9a4cbcfd1773a75ca815ff24a9009c31e62d8d0,"{""distance"":7,""physical_error_rate"":0.002}","{""detection_events"":147140,""detectors_checked"":15025920,""obs_mistake_mask=E"":6}"
   3938304,         0,         0,   119.3,exact_mw,f5ed540d8b33fe7a17a96c57e6e367075413a3677864b79373445f6bf89adea1,"{""distance"":7,""physical_error_rate"":0.0002}","{""detection_events"":2332648,""detectors_checked"":2370859008}"
   3977216,         0,         0,   119.4,exact_mw,f5ed540d8b33fe7a17a96c57e6e367075413a3677864b79373445f6bf89adea1,"{""distance"":7,""physical_error_rate"":0.0002}","{""detection_events"":2353855,""detectors_checked"":2394284032}"
    514048,         2,         0,   120.0,exact_mw,c34bb01325b9980f7caca1807bd93e7e28846c82b8c0538af034740e6e7d5106,"{""distance"":7,""physical_error_rate"":0.0005}","{""detection_events"":760910,""detectors_checked"":309456896,""obs_mistake_mask=E"":2}"
    108544,         5,         0,   120.4,exact_mw,7acd59d404317421b37957afea3f5c66f33c9ef46579a47fd7c0ca3dd0dfc735,"{""distance"":7,""physical_error_rate"":0.001}","{""detection_events"":320355,""detectors_checked"":65343488,""obs_mistake_mask=E"":5}"
     22592,         5,         0,   120.4,exact_mw,ca91ffa42463e210e189f165a9a4cbcfd1773a75ca815ff24a9009c31e62d8d0,"{""distance"":7,""physical_error_rate"":0.002}","{""detection_events"":132072,""detectors_checked"":13600384,""obs_mistake_mask=E"":5}"
    604160,         1,         0,   120.0,exact_mw,c34bb01325b9980f7caca1807bd93e7e28846c82b8c0538af034740e6e7d5106,"{""distance"":7,""physical_error_rate"":0.0005}","{""detection_events"":891342,""detectors_checked"":363704320,""obs_mistake_mask=E"":1}"
    117760,         1,         0,   120.0,exact_mw,7acd59d404317421b37957afea3f5c66f33c9ef46579a47fd7c0ca3dd0dfc735,"{""distance"":7,""physical_error_rate"":0.001}","{""detection_events"":348228,""detectors_checked"":70891520,""obs_mistake_mask=E"":1}"
   4616192,         1,         0,   119.3,exact_mw,f5ed540d8b33fe7a17a96c57e6e367075413a3677864b79373445f6bf89adea1,"{""distance"":7,""physical_error_rate"":0.0002}","{""detection_events"":2736932,""detectors_checked"":2778947584,""obs_mistake_mask=E"":1}"
   3634176,         1,         0,   119.2,exact_mw,f5ed540d8b33fe7a17a96c57e6e367075413a3677864b79373445f6bf89adea1,"{""distance"":7,""physical_error_rate"":0.0002}","{""detection_events"":2156265,""detectors_checked"":2187773952,""obs_mistake_mask=E"":1}"
   3652608,         0,         0,   119.2,exact_mw,f5ed540d8b33fe7a17a96c57e6e367075413a3677864b79373445f6bf89adea1,"{""distance"":7,""physical_error_rate"":0.0002}","{""detection_events"":2163564,""detectors_checked"":2198870016}"
    737280,         3,         0,   119.9,exact_mw,c34bb01325b9980f7caca1807bd93e7e28846c82b8c0538af034740e6e7d5106,"{""distance"":7,""physical_error_rate"":0.0005}","{""detection_events"":1090941,""detectors_checked"":443842560,""obs_mistake_mask=E"":3}"
     22208,         5,         0,   120.3,exact_mw,ca91ffa42463e210e189f165a9a4cbcfd1773a75ca815ff24a9009c31e62d8d0,"{""distance"":7,""physical_error_rate"":0.002}","{""detection_events"":130347,""detectors_checked"":13369216,""obs_mistake_mask=E"":5}"
   4115456,         1,         0,   119.4,exact_mw,f5ed540d8b33fe7a17a96c57e6e367075413a3677864b79373445f6bf89adea1,"{""distance"":7,""physical_error_rate"":0.0002}","{""detection_events"":2438103,""detectors_checked"":2477504512,""obs_mistake_mask=E"":1}"
    626688,         3,         0,   119.9,exact_mw,c34bb01325b9980f7caca1807bd93e7e28846c82b8c0538af034740e6e7d5106,"{""distance"":7,""physical_error_rate"":0.0005}","{""detection_events"":928402,""detectors_checked"":377266176,""obs_mistake_mask=E"":3}"
    680960,         2,         0,   119.9,exact_mw,c34bb01325b9980f7caca1807bd93e7e28846c82b8c0538af034740e6e7d5106,"{""distance"":7,""physical_error_rate"":0.0005}","{""detection_events"":1008428,""detectors_checked"":409937920,""obs_mistake_mask=E"":2}"
    139264,         4,         0,   120.3,exact_mw,7acd59d404317421b37957afea3f5c66f33c9ef46579a47fd7c0ca3dd0dfc735,"{""distance"":7,""physical_error_rate"":0.001}","{""detection_events"":409583,""detectors_checked"":83836928,""obs_mistake_mask=E"":4}"
    642048,         1,         0,   119.9,exact_mw,c34bb01325b9980f7caca1807bd93e7e28846c82b8c0538af034740e6e7d5106,"{""distance"":7,""physical_error_rate"":0.0005}","{""detection_events"":952558,""detectors_checked"":386512896,""obs_mistake_mask=E"":1}"
     24576,         7,         0,   120.2,exact_mw,ca91ffa42463e210e189f165a9a4cbcfd1773a75ca815ff24a9009c31e62d8d0,"{""distance"":7,""physical_error_rate"":0.002}","{""detection_events"":143989,""detectors_checked"":14794752,""obs_mistake_mask=E"":7}"
    492544,         1,         0,   120.0,exact_mw,c34bb01325b9980f7caca1807bd93e7e28846c82b8c0538af034740e6e7d5106,"{""distance"":7,""physical_error_rate"":0.0005}","{""detection_events"":729227,""detectors_checked"":296511488,""obs_mistake_mask=E"":1}"
     22112,         4,         0,   119.9,exact_mw,ca91ffa42463e210e189f165a9a4cbcfd1773a75ca815ff24a9009c31e62d8d0,"{""distance"":7,""physical_error_rate"":0.002}","{""detection_events"":129088,""detectors_checked"":13311424,""obs_mistake_mask=E"":4}"
     29312,         4,         0,   120.4,exact_mw,ca91ffa42463e210e189f165a9a4cbcfd1773a75ca815ff24a9009c31e62d8d0,"{""distance"":7,""physical_error_rate"":0.002}","{""detection_events"":170956,""detectors_checked"":17645824,""obs_mistake_mask=E"":4}"
   5233664,         1,         0,   119.2,exact_mw,f5ed540d8b33fe7a17a96c57e6e367075413a3677864b79373445f6bf89adea1,"{""distance"":7,""physical_error_rate"":0.0002}","{""detection_events"":3107241,""detectors_checked"":3150665728,""obs_mistake_mask=E"":1}"
    302080,         1,         0,   120.0,exact_mw,c34bb01325b9980f7caca1807bd93e7e28846c82b8c0538af034740e6e7d5106,"{""distance"":7,""physical_error_rate"":0.0005}","{""detection_events"":447125,""detectors_checked"":181852160,""obs_mistake_mask=E"":1}"
     18816,         2,         0,   119.9,exact_mw,ca91ffa42463e210e189f165a9a4cbcfd1773a75ca815ff24a9009c31e62d8d0,"{""distance"":7,""physical_error_rate"":0.002}","{""detection_events"":109931,""detectors_checked"":11327232,""obs_mistake_mask=E"":2}"
    126464,         2,         0,   120.1,exact_mw,7acd59d404317421b37957afea3f5c66f33c9ef46579a47fd7c0ca3dd0dfc735,"{""distance"":7,""physical_error_rate"":0.001}","{""detection_events"":372617,""detectors_checked"":76131328,""obs_mistake_mask=E"":2}"
    111616,         4,         0,   120.0,exact_mw,7acd59d404317421b37957afea3f5c66f33c9ef46579a47fd7c0ca3dd0dfc735,"{""distance"":7,""physical_error_rate"":0.001}","{""detection_events"":329606,""detectors_checked"":67192832,""obs_mistake_mask=E"":4}"
    114176,         2,         0,   120.2,exact_mw,7acd59d404317421b37957afea3f5c66f33c9ef46579a47fd7c0ca3dd0dfc735,"{""distance"":7,""physical_error_rate"":0.001}","{""detection_events"":335997,""detectors_checked"":68733952,""obs_mistake_mask=E"":2}"
    116736,         2,         0,   120.1,exact_mw,7acd59d404317421b37957afea3f5c66f33c9ef46579a47fd7c0ca3dd0dfc735,"{""distance"":7,""physical_error_rate"":0.001}","{""detection_events"":346214,""detectors_checked"":70275072,""obs_mistake_mask=E"":2}"
     23552,         1,         0,   120.2,exact_mw,ca91ffa42463e210e189f165a9a4cbcfd1773a75ca815ff24a9009c31e62d8d0,"{""distance"":7,""physical_error_rate"":0.002}","{""detection_events"":138327,""detectors_checked"":14178304,""obs_mistake_mask=E"":1}"
   5365059,         2,         0,   116.9,exact_mw,f5ed540d8b33fe7a17a96c57e6e367075413a3677864b79373445f6bf89adea1,"{""distance"":7,""physical_error_rate"":0.0002}","{""detection_events"":3187731,""detectors_checked"":3229765518,""obs_mistake_mask=E"":2}"
   3926016,         0,         0,   119.3,exact_mw,f5ed540d8b33fe7a17a96c57e6e367075413a3677864b79373445f6bf89adea1,"{""distance"":7,""physical_error_rate"":0.0002}","{""detection_events"":2328355,""detectors_checked"":2363461632}"
    440320,         2,         0,   120.0,exact_mw,c34bb01325b9980f7caca1807bd93e7e28846c82b8c0538af034740e6e7d5106,"{""distance"":7,""physical_error_rate"":0.0005}","{""detection_events"":652597,""detectors_checked"":265072640,""obs_mistake_mask=E"":2}"
    520192,         4,         0,   120.2,exact_mw,c34bb01325b9980f7caca1807bd93e7e28846c82b8c0538af034740e6e7d5106,"{""distance"":7,""physical_error_rate"":0.0005}","{""detection_events"":768197,""detectors_checked"":313155584,""obs_mistake_mask=E"":4}"
    110080,         2,         0,   120.1,exact_mw,7acd59d404317421b37957afea3f5c66f33c9ef46579a47fd7c0ca3dd0dfc735,"{""distance"":7,""physical_error_rate"":0.001}","{""detection_events"":323333,""detectors_checked"":66268160,""obs_mistake_mask=E"":2}"
   3973120,         1,         0,   119.4,exact_mw,f5ed540d8b33fe7a17a96c57e6e367075413a3677864b79373445f6bf89adea1,"{""distance"":7,""physical_error_rate"":0.0002}","{""detection_events"":2353919,""detectors_checked"":2391818240,""obs_mistake_mask=E"":1}"
   4173824,         1,         0,   119.4,exact_mw,f5ed540d8b33fe7a17a96c57e6e367075413a3677864b79373445f6bf89adea1,"{""distance"":7,""physical_error_rate"":0.0002}","{""detection_events"":2472524,""detectors_checked"":2512642048,""obs_mistake_mask=E"":1}"
    664576,         0,         0,   120.0,exact_mw,c34bb01325b9980f7caca1807bd93e7e28846c82b8c0538af034740e6e7d5106,"{""distance"":7,""physical_error_rate"":0.0005}","{""detection_events"":981600,""detectors_checked"":400074752}"
   3464192,         1,         0,   119.5,exact_mw,f5ed540d8b33fe7a17a96c57e6e367075413a3677864b79373445f6bf89adea1,"{""distance"":7,""physical_error_rate"":0.0002}","{""detection_events"":2055626,""detectors_checked"":2085443584,""obs_mistake_mask=E"":1}"
    649216,         0,         0,   119.9,exact_mw,c34bb01325b9980f7caca1807bd93e7e28846c82b8c0538af034740e6e7d5106,"{""distance"":7,""physical_error_rate"":0.0005}","{""detection_events"":958833,""detectors_checked"":390828032}"
     23616,         3,         0,   120.5,exact_mw,ca91ffa42463e210e189f165a9a4cbcfd1773a75ca815ff24a9009c31e62d8d0,"{""distance"":7,""physical_error_rate"":0.002}","{""detection_events"":138080,""detectors_checked"":14216832,""obs_mistake_mask=E"":3}"
     18720,         3,         0,   120.1,exact_mw,ca91ffa42463e210e189f165a9a4cbcfd1773a75ca815ff24a9009c31e62d8d0,"{""distance"":7,""physical_error_rate"":0.002}","{""detection_events"":109875,""detectors_checked"":11269440,""obs_mistake_mask=E"":3}"
    124672,         4,         0,   120.4,exact_mw,7acd59d404317421b37957afea3f5c66f33c9ef46579a47fd7c0ca3dd0dfc735,"{""distance"":7,""physical_error_rate"":0.001}","{""detection_events"":366155,""detectors_checked"":75052544,""obs_mistake_mask=E"":4}"
    562176,         3,         0,   119.9,exact_mw,c34bb01325b9980f7caca1807bd93e7e28846c82b8c0538af034740e6e7d5106,"{""distance"":7,""physical_error_rate"":0.0005}","{""detection_events"":831708,""detectors_checked"":338429952,""obs_mistake_mask=E"":3}"
   3002368,         1,         0,   119.1,exact_mw,f5ed540d8b33fe7a17a96c57e6e367075413a3677864b79373445f6bf89adea1,"{""distance"":7,""physical_error_rate"":0.0002}","{""detection_events"":1778641,""detectors_checked"":1807425536,""obs_mistake_mask=E"":1}"
    655360,         0,         0,   119.9,exact_mw,c34bb01325b9980f7caca1807bd93e7e28846c82b8c0538af034740e6e7d5106,"{""distance"":7,""physical_error_rate"":0.0005}","{""detection_events"":969912,""detectors_checked"":394526720}"
     23072,         1,         0,   120.4,exact_mw,ca91ffa42463e210e189f165a9a4cbcfd1773a75ca815ff24a9009c31e62d8d0,"{""distance"":7,""physical_error_rate"":0.002}","{""detection_events"":135269,""detectors_checked"":13889344,""obs_mistake_mask=E"":1}"
   4213760,         1,         0,   119.4,exact_mw,f5ed540d8b33fe7a17a96c57e6e367075413a3677864b79373445f6bf89adea1,"{""distance"":7,""physical_error_rate"":0.0002}","{""detection_events"":2500524,""detectors_checked"":2536683520,""obs_mistake_mask=E"":1}"
     18688,         0,         0,   120.2,exact_mw,ca91ffa42463e210e189f165a9a4cbcfd1773a75ca815ff24a9009c31e62d8d0,"{""distance"":7,""physical_error_rate"":0.002}","{""detection_events"":110332,""detectors_checked"":11250176}"
     98176,         4,         0,   120.8,exact_mw,7acd59d404317421b37957afea3f5c66f33c9ef46579a47fd7c0ca3dd0dfc735,"{""distance"":7,""physical_error_rate"":0.001}","{""detection_events"":290540,""detectors_checked"":59101952,""obs_mistake_mask=E"":4}"
    100608,         2,         0,   120.2,exact_mw,7acd59d404317421b37957afea3f5c66f33c9ef46579a47fd7c0ca3dd0dfc735,"{""distance"":7,""physical_error_rate"":0.001}","{""detection_events"":295571,""detectors_checked"":60566016,""obs_mistake_mask=E"":2}"
    114176,         2,         0,   120.1,exact_mw,7acd59d404317421b37957afea3f5c66f33c9ef46579a47fd7c0ca3dd0dfc735,"{""distance"":7,""physical_error_rate"":0.001}","{""detection_events"":336985,""detectors_checked"":68733952,""obs_mistake_mask=E"":2}"
     19520,         2,         0,   120.4,exact_mw,ca91ffa42463e210e189f165a9a4cbcfd1773a75ca815ff24a9009c31e62d8d0,"{""distance"":7,""physical_error_rate"":0.002}","{""detection_events"":112931,""detectors_checked"":11751040,""obs_mistake_mask=E"":2}"
    110592,         2,         0,   120.1,exact_mw,7acd59d404317421b37957afea3f5c66f33c9ef46579a47fd7c0ca3dd0dfc735,"{""distance"":7,""physical_error_rate"":0.001}","{""detection_events"":326617,""detectors_checked"":66576384,""obs_mistake_mask=E"":2}"
    864256,         1,         0,   120.0,exact_mw,c34bb01325b9980f7caca1807bd93e7e28846c82b8c0538af034740e6e7d5106,"{""distance"":7,""physical_error_rate"":0.0005}","{""detection_events"":1276389,""detectors_checked"":520282112,""obs_mistake_mask=E"":1}"
   5092352,         1,         0,   119.3,exact_mw,f5ed540d8b33fe7a17a96c57e6e367075413a3677864b79373445f6bf89adea1,"{""distance"":7,""physical_error_rate"":0.0002}","{""detection_events"":3017779,""detectors_checked"":3065595904,""obs_mistake_mask=E"":1}"
     22688,         2,         0,   120.3,exact_mw,ca91ffa42463e210e189f165a9a4cbcfd1773a75ca815ff24a9009c31e62d8d0,"{""distance"":7,""physical_error_rate"":0.002}","{""detection_events"":131360,""detectors_checked"":13658176,""obs_mistake_mask=E"":2}"
    710656,         2,         0,   119.9,exact_mw,c34bb01325b9980f7caca1807bd93e7e28846c82b8c0538af034740e6e7d5106,"{""distance"":7,""physical_error_rate"":0.0005}","{""detection_events"":1052023,""detectors_checked"":427814912,""obs_mistake_mask=E"":2}"
   4115456,         1,         0,   119.2,exact_mw,f5ed540d8b33fe7a17a96c57e6e367075413a3677864b79373445f6bf89adea1,"{""distance"":7,""physical_error_rate"":0.0002}","{""detection_events"":2437336,""detectors_checked"":2477504512,""obs_mistake_mask=E"":1}"
     27776,         3,         0,   120.0,exact_mw,ca91ffa42463e210e189f165a9a4cbcfd1773a75ca815ff24a9009c31e62d8d0,"{""distance"":7,""physical_error_rate"":0.002}","{""detection_events"":161789,""detectors_checked"":16721152,""obs_mistake_mask=E"":3}"
    130560,         2,         0,   120.3,exact_mw,7acd59d404317421b37957afea3f5c66f33c9ef46579a47fd7c0ca3dd0dfc735,"{""distance"":7,""physical_error_rate"":0.001}","{""detection_events"":385769,""detectors_checked"":78597120,""obs_mistake_mask=E"":2}"
    143872,         5,         0,   120.2,exact_mw,7acd59d404317421b37957afea3f5c66f33c9ef46579a47fd7c0ca3dd0dfc735,"{""distance"":7,""physical_error_rate"":0.001}","{""detection_events"":424313,""detectors_checked"":86610944,""obs_mistake_mask=E"":5}"
    123392,         2,         0,   120.8,exact_mw,7acd59d404317421b37957afea3f5c66f33c9ef46579a47fd7c0ca3dd0dfc735,"{""distance"":7,""physical_error_rate"":0.001}","{""detection_events"":362987,""detectors_checked"":74281984,""obs_mistake_mask=E"":2}"
     26240,         1,         0,   120.2,exact_mw,ca91ffa42463e210e189f165a9a4cbcfd1773a75ca815ff24a9009c31e62d8d0,"{""distance"":7,""physical_error_rate"":0.002}","{""detection_events"":152654,""detectors_checked"":15796480,""obs_mistake_mask=E"":1}"
     26112,         4,         0,   120.0,exact_mw,ca91ffa42463e210e189f165a9a4cbcfd1773a75ca815ff24a9009c31e62d8d0,"{""distance"":7,""physical_error_rate"":0.002}","{""detection_events"":153273,""detectors_checked"":15719424,""obs_mistake_mask=E"":4}"
   1699247,         1,         0,    46.3,exact_mw,f5ed540d8b33fe7a17a96c57e6e367075413a3677864b79373445f6bf89adea1,"{""distance"":7,""physical_error_rate"":0.0002}","{""detection_events"":1008228,""detectors_checked"":1022946694,""obs_mistake_mask=E"":1}"
   4548608,         0,         0,   118.7,exact_mw,f5ed540d8b33fe7a17a96c57e6e367075413a3677864b79373445f6bf89adea1,"{""distance"":7,""physical_error_rate"":0.0002}","{""detection_events"":2709023,""detectors_checked"":2738262016}"
   4267008,         3,         0,   118.1,exact_mw,f5ed540d8b33fe7a17a96c57e6e367075413a3677864b79373445f6bf89adea1,"{""distance"":7,""physical_error_rate"":0.0002}","{""detection_events"":2531120,""detectors_checked"":2568738816,""obs_mistake_mask=E"":3}"
   3769300,         0,         0,    85.0,exact_mw,f5ed540d8b33fe7a17a96c57e6e367075413a3677864b79373445f6bf89adea1,"{""distance"":7,""physical_error_rate"":0.0002}","{""detection_events"":2232534,""detectors_checked"":2269118600}"
   3559424,         1,         0,    98.8,exact_mw,f5ed540d8b33fe7a17a96c57e6e367075413a3677864b79373445f6bf89adea1,"{""distance"":7,""physical_error_rate"":0.0002}","{""detection_events"":2105681,""detectors_checked"":2142773248,""obs_mistake_mask=E"":1}"
   3382272,         0,         0,    97.8,exact_mw,f5ed540d8b33fe7a17a96c57e6e367075413a3677864b79373445f6bf89adea1,"{""distance"":7,""physical_error_rate"":0.0002}","{""detection_events"":2010044,""detectors_checked"":2036127744}"
   3430400,         1,         0,    98.1,exact_mw,f5ed540d8b33fe7a17a96c57e6e367075413a3677864b79373445f6bf89adea1,"{""distance"":7,""physical_error_rate"":0.0002}","{""detection_events"":2031050,""detectors_checked"":2065100800,""obs_mistake_mask=E"":1}"
    670720,         3,         0,   120.0,exact_mw,c34bb01325b9980f7caca1807bd93e7e28846c82b8c0538af034740e6e7d5106,"{""distance"":7,""physical_error_rate"":0.0005}","{""detection_events"":993239,""detectors_checked"":403773440,""obs_mistake_mask=E"":3}"
    113664,         5,         0,   120.3,exact_mw,7acd59d404317421b37957afea3f5c66f33c9ef46579a47fd7c0ca3dd0dfc735,"{""distance"":7,""physical_error_rate"":0.001}","{""detection_events"":333642,""detectors_checked"":68425728,""obs_mistake_mask=E"":5}"
     18720,         3,         0,   120.2,exact_mw,ca91ffa42463e210e189f165a9a4cbcfd1773a75ca815ff24a9009c31e62d8d0,"{""distance"":7,""physical_error_rate"":0.002}","{""detection_events"":110070,""detectors_checked"":11269440,""obs_mistake_mask=E"":3}"
    695296,         1,         0,   120.1,exact_mw,c34bb01325b9980f7caca1807bd93e7e28846c82b8c0538af034740e6e7d5106,"{""distance"":7,""physical_error_rate"":0.0005}","{""detection_events"":1030859,""detectors_checked"":418568192,""obs_mistake_mask=E"":1}"
   2982743,         0,         0,    70.8,exact_mw,f5ed540d8b33fe7a17a96c57e6e367075413a3677864b79373445f6bf89adea1,"{""distance"":7,""physical_error_rate"":0.0002}","{""detection_events"":1769459,""detectors_checked"":1795611286}"
   2756608,         0,         0,   105.0,exact_mw,f5ed540d8b33fe7a17a96c57e6e367075413a3677864b79373445f6bf89adea1,"{""distance"":7,""physical_error_rate"":0.0002}","{""detection_events"":1632414,""detectors_checked"":1659478016}"
   2199552,         0,         0,    61.1,exact_mw,f5ed540d8b33fe7a17a96c57e6e367075413a3677864b79373445f6bf89adea1,"{""distance"":7,""physical_error_rate"":0.0002}","{""detection_events"":1305462,""detectors_checked"":1324130304}"
   2148065,         0,         0,    57.4,exact_mw,f5ed540d8b33fe7a17a96c57e6e367075413a3677864b79373445f6bf89adea1,"{""distance"":7,""physical_error_rate"":0.0002}","{""detection_events"":1273322,""detectors_checked"":1293135130}"
   1714176,         1,         0,    44.4,exact_mw,f5ed540d8b33fe7a17a96c57e6e367075413a3677864b79373445f6bf89adea1,"{""distance"":7,""physical_error_rate"":0.0002}","{""detection_events"":1016162,""detectors_checked"":1031933952,""obs_mistake_mask=E"":1}"
   1925120,         0,         0,    56.6,exact_mw,f5ed540d8b33fe7a17a96c57e6e367075413a3677864b79373445f6bf89adea1,"{""distance"":7,""physical_error_rate"":0.0002}","{""detection_events"":1141099,""detectors_checked"":1158922240}"
   1737728,         1,         0,    47.1,exact_mw,f5ed540d8b33fe7a17a96c57e6e367075413a3677864b79373445f6bf89adea1,"{""distance"":7,""physical_error_rate"":0.0002}","{""detection_events"":1032803,""detectors_checked"":1046112256,""obs_mistake_mask=E"":1}"
    118784,         1,         0,   120.2,exact_mw,7acd59d404317421b37957afea3f5c66f33c9ef46579a47fd7c0ca3dd0dfc735,"{""distance"":7,""physical_error_rate"":0.001}","{""detection_events"":350754,""detectors_checked"":71507968,""obs_mistake_mask=E"":1}"
   1704051,         0,         0,    42.2,exact_mw,f5ed540d8b33fe7a17a96c57e6e367075413a3677864b79373445f6bf89adea1,"{""distance"":7,""physical_error_rate"":0.0002}","{""detection_events"":1008317,""detectors_checked"":1025838702}"
    751616,         2,         0,   120.0,exact_mw,c34bb01325b9980f7caca1807bd93e7e28846c82b8c0538af034740e6e7d5106,"{""distance"":7,""physical_error_rate"":0.0005}","{""detection_events"":1110456,""detectors_checked"":452472832,""obs_mistake_mask=E"":2}"
   1261484,         0,         0,    22.9,exact_mw,f5ed540d8b33fe7a17a96c57e6e367075413a3677864b79373445f6bf89adea1,"{""distance"":7,""physical_error_rate"":0.0002}","{""detection_events"":746778,""detectors_checked"":759413368}"
   1182641,         0,         0,    32.5,exact_mw,f5ed540d8b33fe7a17a96c57e6e367075413a3677864b79373445f6bf89adea1,"{""distance"":7,""physical_error_rate"":0.0002}","{""detection_events"":701387,""detectors_checked"":711949882}"
     23424,         4,         0,   121.0,exact_mw,ca91ffa42463e210e189f165a9a4cbcfd1773a75ca815ff24a9009c31e62d8d0,"{""distance"":7,""physical_error_rate"":0.002}","{""detection_events"":137477,""detectors_checked"":14101248,""obs_mistake_mask=E"":4}"
    505856,         1,         0,   120.1,exact_mw,c34bb01325b9980f7caca1807bd93e7e28846c82b8c0538af034740e6e7d5106,"{""distance"":7,""physical_error_rate"":0.0005}","{""detection_events"":747622,""detectors_checked"":304525312,""obs_mistake_mask=E"":1}"
   1108726,         0,         0,    27.9,exact_mw,f5ed540d8b33fe7a17a96c57e6e367075413a3677864b79373445f6bf89adea1,"{""distance"":7,""physical_error_rate"":0.0002}","{""detection_events"":659070,""detectors_checked"":667453052}"
   1084416,         0,         0,    27.9,exact_mw,f5ed540d8b33fe7a17a96c57e6e367075413a3677864b79373445f6bf89adea1,"{""distance"":7,""physical_error_rate"":0.0002}","{""detection_events"":643515,""detectors_checked"":652818432}"
   1042432,         1,         0,    26.0,exact_mw,f5ed540d8b33fe7a17a96c57e6e367075413a3677864b79373445f6bf89adea1,"{""distance"":7,""physical_error_rate"":0.0002}","{""detection_events"":618477,""detectors_checked"":627544064,""obs_mistake_mask=E"":1}"
    650240,         2,         0,   119.9,exact_mw,c34bb01325b9980f7caca1807bd93e7e28846c82b8c0538af034740e6e7d5106,"{""distance"":7,""physical_error_rate"":0.0005}","{""detection_events"":961485,""detectors_checked"":391444480,""obs_mistake_mask=E"":2}"
    130560,         3,         0,   120.2,exact_mw,7acd59d404317421b37957afea3f5c66f33c9ef46579a47fd7c0ca3dd0dfc735,"{""distance"":7,""physical_error_rate"":0.001}","{""detection_events"":383581,""detectors_checked"":78597120,""obs_mistake_mask=E"":3}"
    612352,         3,         0,   120.0,exact_mw,c34bb01325b9980f7caca1807bd93e7e28846c82b8c0538af034740e6e7d5106,"{""distance"":7,""physical_error_rate"":0.0005}","{""detection_events"":906308,""detectors_checked"":368635904,""obs_mistake_mask=E"":3}"
     26496,         3,         0,   120.1,exact_mw,ca91ffa42463e210e189f165a9a4cbcfd1773a75ca815ff24a9009c31e62d8d0,"{""distance"":7,""physical_error_rate"":0.002}","{""detection_events"":154589,""detectors_checked"":15950592,""obs_mistake_mask=E"":3}"
    610304,         4,         0,   119.9,exact_mw,c34bb01325b9980f7caca1807bd93e7e28846c82b8c0538af034740e6e7d5106,"{""distance"":7,""physical_error_rate"":0.0005}","{""detection_events"":902226,""detectors_checked"":367403008,""obs_mistake_mask=E"":4}"
   1039431,         0,         0,    24.1,exact_mw,f5ed540d8b33fe7a17a96c57e6e367075413a3677864b79373445f6bf89adea1,"{""distance"":7,""physical_error_rate"":0.0002}","{""detection_events"":614612,""detectors_checked"":625737462}"
    885760,         0,         0,    24.0,exact_mw,f5ed540d8b33fe7a17a96c57e6e367075413a3677864b79373445f6bf89adea1,"{""distance"":7,""physical_error_rate"":0.0002}","{""detection_events"":525120,""detectors_checked"":533227520}"
    898048,         0,         0,    24.0,exact_mw,f5ed540d8b33fe7a17a96c57e6e367075413a3677864b79373445f6bf89adea1,"{""distance"":7,""physical_error_rate"":0.0002}","{""detection_events"":531840,""detectors_checked"":540624896}"
    987136,         0,         0,    24.1,exact_mw,f5ed540d8b33fe7a17a96c57e6e367075413a3677864b79373445f6bf89adea1,"{""distance"":7,""physical_error_rate"":0.0002}","{""detection_events"":584231,""detectors_checked"":594255872}"
   1014784,         1,         0,    33.2,exact_mw,f5ed540d8b33fe7a17a96c57e6e367075413a3677864b79373445f6bf89adea1,"{""distance"":7,""physical_error_rate"":0.0002}","{""detection_events"":600803,""detectors_checked"":610899968,""obs_mistake_mask=E"":1}"
    878592,         0,         0,    35.1,exact_mw,f5ed540d8b33fe7a17a96c57e6e367075413a3677864b79373445f6bf89adea1,"{""distance"":7,""physical_error_rate"":0.0002}","{""detection_events"":523165,""detectors_checked"":528912384}"
     21696,         3,         0,   120.3,exact_mw,ca91ffa42463e210e189f165a9a4cbcfd1773a75ca815ff24a9009c31e62d8d0,"{""distance"":7,""physical_error_rate"":0.002}","{""detection_events"":127421,""detectors_checked"":13060992,""obs_mistake_mask=E"":3}"
     32000,         1,         0,   120.1,exact_mw,ca91ffa42463e210e189f165a9a4cbcfd1773a75ca815ff24a9009c31e62d8d0,"{""distance"":7,""physical_error_rate"":0.002}","{""detection_events"":186034,""detectors_checked"":19264000,""obs_mistake_mask=E"":1}"
    973824,         0,         0,    33.3,exact_mw,f5ed540d8b33fe7a17a96c57e6e367075413a3677864b79373445f6bf89adea1,"{""distance"":7,""physical_error_rate"":0.0002}","{""detection_events"":576878,""detectors_checked"":586242048}"
    343474,         1,         0,    7.50,exact_mw,f5ed540d8b33fe7a17a96c57e6e367075413a3677864b79373445f6bf89adea1,"{""distance"":7,""physical_error_rate"":0.0002}","{""detection_events"":202261,""detectors_checked"":206771348,""obs_mistake_mask=E"":1}"
    710656,         0,         0,    24.3,exact_mw,f5ed540d8b33fe7a17a96c57e6e367075413a3677864b79373445f6bf89adea1,"{""distance"":7,""physical_error_rate"":0.0002}","{""detection_events"":420305,""detectors_checked"":427814912}"
    832512,         0,         0,    24.3,exact_mw,f5ed540d8b33fe7a17a96c57e6e367075413a3677864b79373445f6bf89adea1,"{""distance"":7,""physical_error_rate"":0.0002}","{""detection_events"":492592,""detectors_checked"":501172224}"
    681984,         1,         0,    24.5,exact_mw,f5ed540d8b33fe7a17a96c57e6e367075413a3677864b79373445f6bf89adea1,"{""distance"":7,""physical_error_rate"":0.0002}","{""detection_events"":405680,""detectors_checked"":410554368,""obs_mistake_mask=E"":1}"
    467687,         0,         0,    10.8,exact_mw,f5ed540d8b33fe7a17a96c57e6e367075413a3677864b79373445f6bf89adea1,"{""distance"":7,""physical_error_rate"":0.0002}","{""detection_events"":277291,""detectors_checked"":281547574}"
    344064,         0,         0,    7.85,exact_mw,f5ed540d8b33fe7a17a96c57e6e367075413a3677864b79373445f6bf89adea1,"{""distance"":7,""physical_error_rate"":0.0002}","{""detection_events"":205404,""detectors_checked"":207126528}"
    418816,         0,         0,    10.3,exact_mw,f5ed540d8b33fe7a17a96c57e6e367075413a3677864b79373445f6bf89adea1,"{""distance"":7,""physical_error_rate"":0.0002}","{""detection_events"":249462,""detectors_checked"":252127232}"
    433152,         0,         0,    13.3,exact_mw,f5ed540d8b33fe7a17a96c57e6e367075413a3677864b79373445f6bf89adea1,"{""distance"":7,""physical_error_rate"":0.0002}","{""detection_events"":257530,""detectors_checked"":260757504}"
    311296,         0,         0,   120.1,exact_mw,c34bb01325b9980f7caca1807bd93e7e28846c82b8c0538af034740e6e7d5106,"{""distance"":7,""physical_error_rate"":0.0005}","{""detection_events"":459372,""detectors_checked"":187400192}"
    299385,         0,         0,    8.73,exact_mw,f5ed540d8b33fe7a17a96c57e6e367075413a3677864b79373445f6bf89adea1,"{""distance"":7,""physical_error_rate"":0.0002}","{""detection_events"":176833,""detectors_checked"":180229770}"
    205921,         0,         0,    3.61,exact_mw,f5ed540d8b33fe7a17a96c57e6e367075413a3677864b79373445f6bf89adea1,"{""distance"":7,""physical_error_rate"":0.0002}","{""detection_events"":121748,""detectors_checked"":123964442}"
     20672,         4,         0,   120.2,exact_mw,ca91ffa42463e210e189f165a9a4cbcfd1773a75ca815ff24a9009c31e62d8d0,"{""distance"":7,""physical_error_rate"":0.002}","{""detection_events"":120526,""detectors_checked"":12444544,""obs_mistake_mask=E"":4}"
    193051,         0,         0,    4.64,exact_mw,f5ed540d8b33fe7a17a96c57e6e367075413a3677864b79373445f6bf89adea1,"{""distance"":7,""physical_error_rate"":0.0002}","{""detection_events"":115021,""detectors_checked"":116216702}"
    188416,         0,         0,    4.60,exact_mw,f5ed540d8b33fe7a17a96c57e6e367075413a3677864b79373445f6bf89adea1,"{""distance"":7,""physical_error_rate"":0.0002}","{""detection_events"":111103,""detectors_checked"":113426432}"
    182272,         0,         0,    4.29,exact_mw,f5ed540d8b33fe7a17a96c57e6e367075413a3677864b79373445f6bf89adea1,"{""distance"":7,""physical_error_rate"":0.0002}","{""detection_events"":107782,""detectors_checked"":109727744}"
    189440,         0,         0,    4.31,exact_mw,f5ed540d8b33fe7a17a96c57e6e367075413a3677864b79373445f6bf89adea1,"{""distance"":7,""physical_error_rate"":0.0002}","{""detection_events"":113267,""detectors_checked"":114042880}"
      3611,         0,         0,   0.060,exact_mw,f5ed540d8b33fe7a17a96c57e6e367075413a3677864b79373445f6bf89adea1,"{""distance"":7,""physical_error_rate"":0.0002}","{""detection_events"":2132,""detectors_checked"":2173822}"
    180986,         0,         0,    4.41,exact_mw,f5ed540d8b33fe7a17a96c57e6e367075413a3677864b79373445f6bf89adea1,"{""distance"":7,""physical_error_rate"":0.0002}","{""detection_events"":107522,""detectors_checked"":108953572}"
    143360,         0,         0,    3.26,exact_mw,f5ed540d8b33fe7a17a96c57e6e367075413a3677864b79373445f6bf89adea1,"{""distance"":7,""physical_error_rate"":0.0002}","{""detection_events"":84304,""detectors_checked"":86302720}"
    146432,         0,         0,    4.67,exact_mw,f5ed540d8b33fe7a17a96c57e6e367075413a3677864b79373445f6bf89adea1,"{""distance"":7,""physical_error_rate"":0.0002}","{""detection_events"":86827,""detectors_checked"":88152064}"
    148480,         0,         0,    4.49,exact_mw,f5ed540d8b33fe7a17a96c57e6e367075413a3677864b79373445f6bf89adea1,"{""distance"":7,""physical_error_rate"":0.0002}","{""detection_events"":88259,""detectors_checked"":89384960}"
    178176,         0,         0,    4.24,exact_mw,f5ed540d8b33fe7a17a96c57e6e367075413a3677864b79373445f6bf89adea1,"{""distance"":7,""physical_error_rate"":0.0002}","{""detection_events"":105767,""detectors_checked"":107261952}"
    158720,         0,         0,    4.83,exact_mw,f5ed540d8b33fe7a17a96c57e6e367075413a3677864b79373445f6bf89adea1,"{""distance"":7,""physical_error_rate"":0.0002}","{""detection_events"":94256,""detectors_checked"":95549440}"
    171008,         0,         0,    4.80,exact_mw,f5ed540d8b33fe7a17a96c57e6e367075413a3677864b79373445f6bf89adea1,"{""distance"":7,""physical_error_rate"":0.0002}","{""detection_events"":101146,""detectors_checked"":102946816}"
    166912,         0,         0,    4.85,exact_mw,f5ed540d8b33fe7a17a96c57e6e367075413a3677864b79373445f6bf89adea1,"{""distance"":7,""physical_error_rate"":0.0002}","{""detection_events"":98875,""detectors_checked"":100481024}"
    146432,         0,         0,    4.18,exact_mw,f5ed540d8b33fe7a17a96c57e6e367075413a3677864b79373445f6bf89adea1,"{""distance"":7,""physical_error_rate"":0.0002}","{""detection_events"":87288,""detectors_checked"":88152064}"
    135168,         0,         0,    4.21,exact_mw,f5ed540d8b33fe7a17a96c57e6e367075413a3677864b79373445f6bf89adea1,"{""distance"":7,""physical_error_rate"":0.0002}","{""detection_events"":80877,""detectors_checked"":81371136}"
    125440,         2,         0,   120.3,exact_mw,7acd59d404317421b37957afea3f5c66f33c9ef46579a47fd7c0ca3dd0dfc735,"{""distance"":7,""physical_error_rate"":0.001}","{""detection_events"":369052,""detectors_checked"":75514880,""obs_mistake_mask=E"":2}"
      2810,         0,         0,   0.065,exact_mw,f5ed540d8b33fe7a17a96c57e6e367075413a3677864b79373445f6bf89adea1,"{""distance"":7,""physical_error_rate"":0.0002}","{""detection_events"":1794,""detectors_checked"":1691620}"
    134440,         0,         0,    4.26,exact_mw,f5ed540d8b33fe7a17a96c57e6e367075413a3677864b79373445f6bf89adea1,"{""distance"":7,""physical_error_rate"":0.0002}","{""detection_events"":79940,""detectors_checked"":80932880}"
     54272,         0,         0,    1.33,exact_mw,f5ed540d8b33fe7a17a96c57e6e367075413a3677864b79373445f6bf89adea1,"{""distance"":7,""physical_error_rate"":0.0002}","{""detection_events"":32717,""detectors_checked"":32671744}"
     12065,         0,         0,   0.214,exact_mw,f5ed540d8b33fe7a17a96c57e6e367075413a3677864b79373445f6bf89adea1,"{""distance"":7,""physical_error_rate"":0.0002}","{""detection_events"":7295,""detectors_checked"":7263130}"
     23237,         0,         0,   0.524,exact_mw,f5ed540d8b33fe7a17a96c57e6e367075413a3677864b79373445f6bf89adea1,"{""distance"":7,""physical_error_rate"":0.0002}","{""detection_events"":13836,""detectors_checked"":13988674}"
     33792,         0,         0,   0.677,exact_mw,f5ed540d8b33fe7a17a96c57e6e367075413a3677864b79373445f6bf89adea1,"{""distance"":7,""physical_error_rate"":0.0002}","{""detection_events"":19856,""detectors_checked"":20342784}"
     29335,         0,         0,   0.658,exact_mw,f5ed540d8b33fe7a17a96c57e6e367075413a3677864b79373445f6bf89adea1,"{""distance"":7,""physical_error_rate"":0.0002}","{""detection_events"":17633,""detectors_checked"":17659670}"
     33096,         0,         0,   0.872,exact_mw,f5ed540d8b33fe7a17a96c57e6e367075413a3677864b79373445f6bf89adea1,"{""distance"":7,""physical_error_rate"":0.0002}","{""detection_events"":19566,""detectors_checked"":19923792}"
     33096,         0,         0,   0.709,exact_mw,f5ed540d8b33fe7a17a96c57e6e367075413a3677864b79373445f6bf89adea1,"{""distance"":7,""physical_error_rate"":0.0002}","{""detection_events"":19428,""detectors_checked"":19923792}"
       764,         0,         0,   0.005,exact_mw,f5ed540d8b33fe7a17a96c57e6e367075413a3677864b79373445f6bf89adea1,"{""distance"":7,""physical_error_rate"":0.0002}","{""detection_events"":413,""detectors_checked"":459928}"
     26624,         0,         0,   0.586,exact_mw,f5ed540d8b33fe7a17a96c57e6e367075413a3677864b79373445f6bf89adea1,"{""distance"":7,""physical_error_rate"":0.0002}","{""detection_events"":15541,""detectors_checked"":16027648}"
     28672,         0,         0,   0.881,exact_mw,f5ed540d8b33fe7a17a96c57e6e367075413a3677864b79373445f6bf89adea1,"{""distance"":7,""physical_error_rate"":0.0002}","{""detection_events"":16515,""detectors_checked"":17260544}"
     27082,         0,         0,   0.701,exact_mw,f5ed540d8b33fe7a17a96c57e6e367075413a3677864b79373445f6bf89adea1,"{""distance"":7,""physical_error_rate"":0.0002}","{""detection_events"":15855,""detectors_checked"":16303364}"
     23552,         0,         0,   0.765,exact_mw,f5ed540d8b33fe7a17a96c57e6e367075413a3677864b79373445f6bf89adea1,"{""distance"":7,""physical_error_rate"":0.0002}","{""detection_events"":14176,""detectors_checked"":14178304}"
     26624,         0,         0,   0.868,exact_mw,f5ed540d8b33fe7a17a96c57e6e367075413a3677864b79373445f6bf89adea1,"{""distance"":7,""physical_error_rate"":0.0002}","{""detection_events"":15949,""detectors_checked"":16027648}"
     23552,         0,         0,   0.626,exact_mw,f5ed540d8b33fe7a17a96c57e6e367075413a3677864b79373445f6bf89adea1,"{""distance"":7,""physical_error_rate"":0.0002}","{""detection_events"":13902,""detectors_checked"":14178304}"
     20480,         0,         0,   0.687,exact_mw,f5ed540d8b33fe7a17a96c57e6e367075413a3677864b79373445f6bf89adea1,"{""distance"":7,""physical_error_rate"":0.0002}","{""detection_events"":12467,""detectors_checked"":12328960}"
     22528,         0,         0,   0.746,exact_mw,f5ed540d8b33fe7a17a96c57e6e367075413a3677864b79373445f6bf89adea1,"{""distance"":7,""physical_error_rate"":0.0002}","{""detection_events"":13215,""detectors_checked"":13561856}"
     27082,         0,         0,   0.709,exact_mw,f5ed540d8b33fe7a17a96c57e6e367075413a3677864b79373445f6bf89adea1,"{""distance"":7,""physical_error_rate"":0.0002}","{""detection_events"":16265,""detectors_checked"":16303364}"
      1296,         0,         0,   0.026,exact_mw,f5ed540d8b33fe7a17a96c57e6e367075413a3677864b79373445f6bf89adea1,"{""distance"":7,""physical_error_rate"":0.0002}","{""detection_events"":684,""detectors_checked"":780192}"
     21504,         0,         0,   0.747,exact_mw,f5ed540d8b33fe7a17a96c57e6e367075413a3677864b79373445f6bf89adea1,"{""distance"":7,""physical_error_rate"":0.0002}","{""detection_events"":13346,""detectors_checked"":12945408}"
     22528,         0,         0,   0.671,exact_mw,f5ed540d8b33fe7a17a96c57e6e367075413a3677864b79373445f6bf89adea1,"{""distance"":7,""physical_error_rate"":0.0002}","{""detection_events"":13263,""detectors_checked"":13561856}"
      3530,         0,         0,   0.063,exact_mw,f5ed540d8b33fe7a17a96c57e6e367075413a3677864b79373445f6bf89adea1,"{""distance"":7,""physical_error_rate"":0.0002}","{""detection_events"":2079,""detectors_checked"":2125060}"
      4554,         0,         0,   0.100,exact_mw,f5ed540d8b33fe7a17a96c57e6e367075413a3677864b79373445f6bf89adea1,"{""distance"":7,""physical_error_rate"":0.0002}","{""detection_events"":2798,""detectors_checked"":2741508}"
      9216,         0,         0,   0.201,exact_mw,f5ed540d8b33fe7a17a96c57e6e367075413a3677864b79373445f6bf89adea1,"{""distance"":7,""physical_error_rate"":0.0002}","{""detection_events"":5387,""detectors_checked"":5548032}"
     10240,         0,         0,   0.194,exact_mw,f5ed540d8b33fe7a17a96c57e6e367075413a3677864b79373445f6bf89adea1,"{""distance"":7,""physical_error_rate"":0.0002}","{""detection_events"":6174,""detectors_checked"":6164480}"
      8192,         0,         0,   0.210,exact_mw,f5ed540d8b33fe7a17a96c57e6e367075413a3677864b79373445f6bf89adea1,"{""distance"":7,""physical_error_rate"":0.0002}","{""detection_events"":4871,""detectors_checked"":4931584}"
      2615,         0,         0,   0.062,exact_mw,f5ed540d8b33fe7a17a96c57e6e367075413a3677864b79373445f6bf89adea1,"{""distance"":7,""physical_error_rate"":0.0002}","{""detection_events"":1700,""detectors_checked"":1574230}"
      9216,         0,         0,   0.198,exact_mw,f5ed540d8b33fe7a17a96c57e6e367075413a3677864b79373445f6bf89adea1,"{""distance"":7,""physical_error_rate"":0.0002}","{""detection_events"":5601,""detectors_checked"":5548032}"
      5084,         0,         0,   0.123,exact_mw,f5ed540d8b33fe7a17a96c57e6e367075413a3677864b79373445f6bf89adea1,"{""distance"":7,""physical_error_rate"":0.0002}","{""detection_events"":3368,""detectors_checked"":3060568}"
      5599,         0,         0,   0.158,exact_mw,f5ed540d8b33fe7a17a96c57e6e367075413a3677864b79373445f6bf89adea1,"{""distance"":7,""physical_error_rate"":0.0002}","{""detection_events"":3217,""detectors_checked"":3370598}"
      1093,         0,         0,   0.010,exact_mw,f5ed540d8b33fe7a17a96c57e6e367075413a3677864b79373445f6bf89adea1,"{""distance"":7,""physical_error_rate"":0.0002}","{""detection_events"":618,""detectors_checked"":657986}"
       415,         0,         0,   0.003,exact_mw,f5ed540d8b33fe7a17a96c57e6e367075413a3677864b79373445f6bf89adea1,"{""distance"":7,""physical_error_rate"":0.0002}","{""detection_events"":203,""detectors_checked"":249830}"
      7168,         0,         0,   0.186,exact_mw,f5ed540d8b33fe7a17a96c57e6e367075413a3677864b79373445f6bf89adea1,"{""distance"":7,""physical_error_rate"":0.0002}","{""detection_events"":4153,""detectors_checked"":4315136}"
       614,         0,         0,   0.007,exact_mw,f5ed540d8b33fe7a17a96c57e6e367075413a3677864b79373445f6bf89adea1,"{""distance"":7,""physical_error_rate"":0.0002}","{""detection_events"":344,""detectors_checked"":369628}"
      6144,         0,         0,   0.158,exact_mw,f5ed540d8b33fe7a17a96c57e6e367075413a3677864b79373445f6bf89adea1,"{""distance"":7,""physical_error_rate"":0.0002}","{""detection_events"":3489,""detectors_checked"":3698688}"
      1612,         0,         0,   0.025,exact_mw,f5ed540d8b33fe7a17a96c57e6e367075413a3677864b79373445f6bf89adea1,"{""distance"":7,""physical_error_rate"":0.0002}","{""detection_events"":927,""detectors_checked"":970424}"
      6144,         0,         0,   0.161,exact_mw,f5ed540d8b33fe7a17a96c57e6e367075413a3677864b79373445f6bf89adea1,"{""distance"":7,""physical_error_rate"":0.0002}","{""detection_events"":3649,""detectors_checked"":3698688}"
       322,         0,         0,   0.005,exact_mw,f5ed540d8b33fe7a17a96c57e6e367075413a3677864b79373445f6bf89adea1,"{""distance"":7,""physical_error_rate"":0.0002}","{""detection_events"":147,""detectors_checked"":193844}"
        61,         0,         0,   0.001,exact_mw,f5ed540d8b33fe7a17a96c57e6e367075413a3677864b79373445f6bf89adea1,"{""distance"":7,""physical_error_rate"":0.0002}","{""detection_events"":31,""detectors_checked"":36722}"
      2636,         0,         0,   0.037,exact_mw,f5ed540d8b33fe7a17a96c57e6e367075413a3677864b79373445f6bf89adea1,"{""distance"":7,""physical_error_rate"":0.0002}","{""detection_events"":1639,""detectors_checked"":1586872}"
      4355,         0,         0,   0.113,exact_mw,f5ed540d8b33fe7a17a96c57e6e367075413a3677864b79373445f6bf89adea1,"{""distance"":7,""physical_error_rate"":0.0002}","{""detection_events"":2718,""detectors_checked"":2621710}"
      1612,         0,         0,   0.028,exact_mw,f5ed540d8b33fe7a17a96c57e6e367075413a3677864b79373445f6bf89adea1,"{""distance"":7,""physical_error_rate"":0.0002}","{""detection_events"":860,""detectors_checked"":970424}"
      7168,         0,         0,   0.251,exact_mw,f5ed540d8b33fe7a17a96c57e6e367075413a3677864b79373445f6bf89adea1,"{""distance"":7,""physical_error_rate"":0.0002}","{""detection_events"":4238,""detectors_checked"":4315136}"
      5120,         0,         0,   0.182,exact_mw,f5ed540d8b33fe7a17a96c57e6e367075413a3677864b79373445f6bf89adea1,"{""distance"":7,""physical_error_rate"":0.0002}","{""detection_events"":3151,""detectors_checked"":3082240}"
       458,         0,         0,   0.012,exact_mw,f5ed540d8b33fe7a17a96c57e6e367075413a3677864b79373445f6bf89adea1,"{""distance"":7,""physical_error_rate"":0.0002}","{""detection_events"":256,""detectors_checked"":275716}"
      1891,         0,         0,   0.043,exact_mw,f5ed540d8b33fe7a17a96c57e6e367075413a3677864b79373445f6bf89adea1,"{""distance"":7,""physical_error_rate"":0.0002}","{""detection_events"":1064,""detectors_checked"":1138382}"
      5120,         0,         0,   0.182,exact_mw,f5ed540d8b33fe7a17a96c57e6e367075413a3677864b79373445f6bf89adea1,"{""distance"":7,""physical_error_rate"":0.0002}","{""detection_events"":3119,""detectors_checked"":3082240}"
      5599,         0,         0,   0.180,exact_mw,f5ed540d8b33fe7a17a96c57e6e367075413a3677864b79373445f6bf89adea1,"{""distance"":7,""physical_error_rate"":0.0002}","{""detection_events"":3313,""detectors_checked"":3370598}"
      1346,         0,         0,   0.032,exact_mw,f5ed540d8b33fe7a17a96c57e6e367075413a3677864b79373445f6bf89adea1,"{""distance"":7,""physical_error_rate"":0.0002}","{""detection_events"":766,""detectors_checked"":810292}"
       479,         0,         0,   0.003,exact_mw,f5ed540d8b33fe7a17a96c57e6e367075413a3677864b79373445f6bf89adea1,"{""distance"":7,""physical_error_rate"":0.0002}","{""detection_events"":248,""detectors_checked"":288358}"
      3774,         0,         0,   0.065,exact_mw,f5ed540d8b33fe7a17a96c57e6e367075413a3677864b79373445f6bf89adea1,"{""distance"":7,""physical_error_rate"":0.0002}","{""detection_events"":2321,""detectors_checked"":2271948}"
       322,         0,         0,   0.002,exact_mw,f5ed540d8b33fe7a17a96c57e6e367075413a3677864b79373445f6bf89adea1,"{""distance"":7,""physical_error_rate"":0.0002}","{""detection_events"":189,""detectors_checked"":193844}"
      1024,         0,         0,   0.015,exact_mw,f5ed540d8b33fe7a17a96c57e6e367075413a3677864b79373445f6bf89adea1,"{""distance"":7,""physical_error_rate"":0.0002}","{""detection_events"":567,""detectors_checked"":616448}"
        48,         0,         0,   0.001,exact_mw,f5ed540d8b33fe7a17a96c57e6e367075413a3677864b79373445f6bf89adea1,"{""distance"":7,""physical_error_rate"":0.0002}","{""detection_events"":46,""detectors_checked"":28896}"
       227,         0,         0,   0.002,exact_mw,f5ed540d8b33fe7a17a96c57e6e367075413a3677864b79373445f6bf89adea1,"{""distance"":7,""physical_error_rate"":0.0002}","{""detection_events"":161,""detectors_checked"":136654}"
       409,         0,         0,   0.006,exact_mw,f5ed540d8b33fe7a17a96c57e6e367075413a3677864b79373445f6bf89adea1,"{""distance"":7,""physical_error_rate"":0.0002}","{""detection_events"":232,""detectors_checked"":246218}"
       513,         0,         0,   0.009,exact_mw,f5ed540d8b33fe7a17a96c57e6e367075413a3677864b79373445f6bf89adea1,"{""distance"":7,""physical_error_rate"":0.0002}","{""detection_events"":308,""detectors_checked"":308826}"
       315,         0,         0,   0.008,exact_mw,f5ed540d8b33fe7a17a96c57e6e367075413a3677864b79373445f6bf89adea1,"{""distance"":7,""physical_error_rate"":0.0002}","{""detection_events"":171,""detectors_checked"":189630}"
      2048,         0,         0,   0.077,exact_mw,f5ed540d8b33fe7a17a96c57e6e367075413a3677864b79373445f6bf89adea1,"{""distance"":7,""physical_error_rate"":0.0002}","{""detection_events"":1180,""detectors_checked"":1232896}"
        70,         0,         0,   0.001,exact_mw,f5ed540d8b33fe7a17a96c57e6e367075413a3677864b79373445f6bf89adea1,"{""distance"":7,""physical_error_rate"":0.0002}","{""detection_events"":45,""detectors_checked"":42140}"
         3,         0,         0,   0.001,exact_mw,f5ed540d8b33fe7a17a96c57e6e367075413a3677864b79373445f6bf89adea1,"{""distance"":7,""physical_error_rate"":0.0002}","{""detection_events"":2,""detectors_checked"":1806}"
        98,         0,         0,   0.001,exact_mw,f5ed540d8b33fe7a17a96c57e6e367075413a3677864b79373445f6bf89adea1,"{""distance"":7,""physical_error_rate"":0.0002}","{""detection_events"":72,""detectors_checked"":58996}"
        98,         0,         0,   0.001,exact_mw,f5ed540d8b33fe7a17a96c57e6e367075413a3677864b79373445f6bf89adea1,"{""distance"":7,""physical_error_rate"":0.0002}","{""detection_events"":76,""detectors_checked"":58996}"
       322,         0,         0,   0.005,exact_mw,f5ed540d8b33fe7a17a96c57e6e367075413a3677864b79373445f6bf89adea1,"{""distance"":7,""physical_error_rate"":0.0002}","{""detection_events"":179,""detectors_checked"":193844}"
        98,         0,         0,   0.001,exact_mw,f5ed540d8b33fe7a17a96c57e6e367075413a3677864b79373445f6bf89adea1,"{""distance"":7,""physical_error_rate"":0.0002}","{""detection_events"":52,""detectors_checked"":58996}"
        98,         0,         0,   0.001,exact_mw,f5ed540d8b33fe7a17a96c57e6e367075413a3677864b79373445f6bf89adea1,"{""distance"":7,""physical_error_rate"":0.0002}","{""detection_events"":58,""detectors_checked"":58996}"
        98,         0,         0,   0.004,exact_mw,f5ed540d8b33fe7a17a96c57e6e367075413a3677864b79373445f6bf89adea1,"{""distance"":7,""physical_error_rate"":0.0002}","{""detection_events"":71,""detectors_checked"":58996}"
        98,         0,         0,   0.001,exact_mw,f5ed540d8b33fe7a17a96c57e6e367075413a3677864b79373445f6bf89adea1,"{""distance"":7,""physical_error_rate"":0.0002}","{""detection_events"":58,""detectors_checked"":58996}"
        98,         0,         0,   0.004,exact_mw,f5ed540d8b33fe7a17a96c57e6e367075413a3677864b79373445f6bf89adea1,"{""distance"":7,""physical_error_rate"":0.0002}","{""detection_events"":46,""detectors_checked"":58996}"
        98,         0,         0,   0.004,exact_mw,f5ed540d8b33fe7a17a96c57e6e367075413a3677864b79373445f6bf89adea1,"{""distance"":7,""physical_error_rate"":0.0002}","{""detection_events"":61,""detectors_checked"":58996}"
        98,         0,         0,   0.004,exact_mw,f5ed540d8b33fe7a17a96c57e6e367075413a3677864b79373445f6bf89adea1,"{""distance"":7,""physical_error_rate"":0.0002}","{""detection_events"":60,""detectors_checked"":58996}"
        98,         0,         0,   0.001,exact_mw,f5ed540d8b33fe7a17a96c57e6e367075413a3677864b79373445f6bf89adea1,"{""distance"":7,""physical_error_rate"":0.0002}","{""detection_events"":54,""detectors_checked"":58996}"
         6,         0,         0,   0.001,exact_mw,f5ed540d8b33fe7a17a96c57e6e367075413a3677864b79373445f6bf89adea1,"{""distance"":7,""physical_error_rate"":0.0002}","{""detection_events"":7,""detectors_checked"":3612}"
        98,         0,         0,   0.001,exact_mw,f5ed540d8b33fe7a17a96c57e6e367075413a3677864b79373445f6bf89adea1,"{""distance"":7,""physical_error_rate"":0.0002}","{""detection_events"":60,""detectors_checked"":58996}"
        10,         0,         0,   0.001,exact_mw,f5ed540d8b33fe7a17a96c57e6e367075413a3677864b79373445f6bf89adea1,"{""distance"":7,""physical_error_rate"":0.0002}","{""detection_events"":8,""detectors_checked"":6020}"
        98,         0,         0,   0.006,exact_mw,f5ed540d8b33fe7a17a96c57e6e367075413a3677864b79373445f6bf89adea1,"{""distance"":7,""physical_error_rate"":0.0002}","{""detection_events"":47,""detectors_checked"":58996}"
         5,         0,         0,   0.001,exact_mw,f5ed540d8b33fe7a17a96c57e6e367075413a3677864b79373445f6bf89adea1,"{""distance"":7,""physical_error_rate"":0.0002}","{""detectors_checked"":3010}"
         4,         0,         0,   0.001,exact_mw,f5ed540d8b33fe7a17a96c57e6e367075413a3677864b79373445f6bf89adea1,"{""distance"":7,""physical_error_rate"":0.0002}","{""detection_events"":8,""detectors_checked"":2408}"
         5,         0,         0,   0.001,exact_mw,f5ed540d8b33fe7a17a96c57e6e367075413a3677864b79373445f6bf89adea1,"{""distance"":7,""physical_error_rate"":0.0002}","{""detection_events"":6,""detectors_checked"":3010}"
         4,         0,         0,   0.001,exact_mw,f5ed540d8b33fe7a17a96c57e6e367075413a3677864b79373445f6bf89adea1,"{""distance"":7,""physical_error_rate"":0.0002}","{""detection_events"":2,""detectors_checked"":2408}"
         3,         0,         0,   0.001,exact_mw,f5ed540d8b33fe7a17a96c57e6e367075413a3677864b79373445f6bf89adea1,"{""distance"":7,""physical_error_rate"":0.0002}","{""detectors_checked"":1806}"
         5,         0,         0,   0.001,exact_mw,f5ed540d8b33fe7a17a96c57e6e367075413a3677864b79373445f6bf89adea1,"{""distance"":7,""physical_error_rate"":0.0002}","{""detection_events"":14,""detectors_checked"":3010}"
         4,         0,         0,   0.001,exact_mw,f5ed540d8b33fe7a17a96c57e6e367075413a3677864b79373445f6bf89adea1,"{""distance"":7,""physical_error_rate"":0.0002}","{""detection_events"":3,""detectors_checked"":2408}"
         4,         0,         0,   0.001,exact_mw,f5ed540d8b33fe7a17a96c57e6e367075413a3677864b79373445f6bf89adea1,"{""distance"":7,""physical_error_rate"":0.0002}","{""detection_events"":5,""detectors_checked"":2408}"
         4,         0,         0,   0.001,exact_mw,f5ed540d8b33fe7a17a96c57e6e367075413a3677864b79373445f6bf89adea1,"{""distance"":7,""physical_error_rate"":0.0002}","{""detectors_checked"":2408}"
         1,         0,         0,   0.001,exact_mw,f5ed540d8b33fe7a17a96c57e6e367075413a3677864b79373445f6bf89adea1,"{""distance"":7,""physical_error_rate"":0.0002}","{""detectors_checked"":602}"
         1,         0,         0,   0.000,exact_mw,f5ed540d8b33fe7a17a96c57e6e367075413a3677864b79373445f6bf89adea1,"{""distance"":7,""physical_error_rate"":0.0002}","{""detectors_checked"":602}"
         2,         0,         0,   0.001,exact_mw,f5ed540d8b33fe7a17a96c57e6e367075413a3677864b79373445f6bf89adea1,"{""distance"":7,""physical_error_rate"":0.0002}","{""detection_events"":4,""detectors_checked"":1204}"
         2,         0,         0,   0.001,exact_mw,f5ed540d8b33fe7a17a96c57e6e367075413a3677864b79373445f6bf89adea1,"{""distance"":7,""physical_error_rate"":0.0002}","{""detection_events"":4,""detectors_checked"":1204}"
         1,         0,         0,   0.001,exact_mw,f5ed540d8b33fe7a17a96c57e6e367075413a3677864b79373445f6bf89adea1,"{""distance"":7,""physical_error_rate"":0.0002}","{""detectors_checked"":602}"
         1,         0,         0,   0.000,exact_mw,f5ed540d8b33fe7a17a96c57e6e367075413a3677864b79373445f6bf89adea1,"{""distance"":7,""physical_error_rate"":0.0002}","{""detectors_checked"":602}"
         1,         0,         0,   0.000,exact_mw,f5ed540d8b33fe7a17a96c57e6e367075413a3677864b79373445f6bf89adea1,"{""distance"":7,""physical_error_rate"":0.0002}","{""detectors_checked"":602}"
         1,         0,         0,   0.000,exact_mw,f5ed540d8b33fe7a17a96c57e6e367075413a3677864b79373445f6bf89adea1,"{""distance"":7,""physical_error_rate"":0.0002}","{""detection_events"":1,""detectors_checked"":602}"
         1,         0,         0,   0.000,exact_mw,f5ed540d8b33fe7a17a96c57e6e367075413a3677864b79373445f6bf89adea1,"{""distance"":7,""physical_error_rate"":0.0002}","{""detectors_checked"":602}"
         1,         0,         0,   0.001,exact_mw,f5ed540d8b33fe7a17a96c57e6e367075413a3677864b79373445f6bf89adea1,"{""distance"":7,""physical_error_rate"":0.0002}","{""detectors_checked"":602}"
    100864,         3,         0,   120.1,exact_mw,7acd59d404317421b37957afea3f5c66f33c9ef46579a47fd7c0ca3dd0dfc735,"{""distance"":7,""physical_error_rate"":0.001}","{""detection_events"":296510,""detectors_checked"":60720128,""obs_mistake_mask=E"":3}"
    111360,         4,         0,   120.2,exact_mw,7acd59d404317421b37957afea3f5c66f33c9ef46579a47fd7c0ca3dd0dfc735,"{""distance"":7,""physical_error_rate"":0.001}","{""detection_events"":327685,""detectors_checked"":67038720,""obs_mistake_mask=E"":4}"
    110848,         1,         0,   120.3,exact_mw,7acd59d404317421b37957afea3f5c66f33c9ef46579a47fd7c0ca3dd0dfc735,"{""distance"":7,""physical_error_rate"":0.001}","{""detection_events"":328594,""detectors_checked"":66730496,""obs_mistake_mask=E"":1}"
     25792,         6,         0,   120.7,exact_mw,ca91ffa42463e210e189f165a9a4cbcfd1773a75ca815ff24a9009c31e62d8d0,"{""distance"":7,""physical_error_rate"":0.002}","{""detection_events"":149799,""detectors_checked"":15526784,""obs_mistake_mask=E"":6}"
        17,         0,         0,   0.055,exact_mw,ca91ffa42463e210e189f165a9a4cbcfd1773a75ca815ff24a9009c31e62d8d0,"{""distance"":7,""physical_error_rate"":0.002}","{""detection_events"":69,""detectors_checked"":10234}"
         1,         0,         0,   0.004,exact_mw,7acd59d404317421b37957afea3f5c66f33c9ef46579a47fd7c0ca3dd0dfc735,"{""distance"":7,""physical_error_rate"":0.001}","{""detection_events"":10,""detectors_checked"":602}"
       128,         0,         0,   0.651,exact_mw,ca91ffa42463e210e189f165a9a4cbcfd1773a75ca815ff24a9009c31e62d8d0,"{""distance"":7,""physical_error_rate"":0.002}","{""detection_events"":636,""detectors_checked"":77056}"
       272,         0,         0,   0.197,exact_mw,7acd59d404317421b37957afea3f5c66f33c9ef46579a47fd7c0ca3dd0dfc735,"{""distance"":7,""physical_error_rate"":0.001}","{""detection_events"":894,""detectors_checked"":163744}"
         1,         0,         0,   0.001,exact_mw,7acd59d404317421b37957afea3f5c66f33c9ef46579a47fd7c0ca3dd0dfc735,"{""distance"":7,""physical_error_rate"":0.001}","{""detection_events"":2,""detectors_checked"":602}"
        16,         0,         0,   0.059,exact_mw,7acd59d404317421b37957afea3f5c66f33c9ef46579a47fd7c0ca3dd0dfc735,"{""distance"":7,""physical_error_rate"":0.001}","{""detection_events"":66,""detectors_checked"":9632}"
       128,         0,         0,   0.056,exact_mw,7acd59d404317421b37957afea3f5c66f33c9ef46579a47fd7c0ca3dd0dfc735,"{""distance"":7,""physical_error_rate"":0.001}","{""detection_events"":355,""detectors_checked"":77056}"
       512,         0,         0,   0.482,exact_mw,7acd59d404317421b37957afea3f5c66f33c9ef46579a47fd7c0ca3dd0dfc735,"{""distance"":7,""physical_error_rate"":0.001}","{""detection_events"":1380,""detectors_checked"":308224}"
       128,         0,         0,   0.665,exact_mw,ca91ffa42463e210e189f165a9a4cbcfd1773a75ca815ff24a9009c31e62d8d0,"{""distance"":7,""physical_error_rate"":0.002}","{""detection_events"":750,""detectors_checked"":77056}"
       128,         0,         0,   0.315,exact_mw,ca91ffa42463e210e189f165a9a4cbcfd1773a75ca815ff24a9009c31e62d8d0,"{""distance"":7,""physical_error_rate"":0.002}","{""detection_events"":739,""detectors_checked"":77056}"
       512,         0,         0,   0.591,exact_mw,7acd59d404317421b37957afea3f5c66f33c9ef46579a47fd7c0ca3dd0dfc735,"{""distance"":7,""physical_error_rate"":0.001}","{""detection_events"":1591,""detectors_checked"":308224}"
       512,         0,         0,   0.371,exact_mw,7acd59d404317421b37957afea3f5c66f33c9ef46579a47fd7c0ca3dd0dfc735,"{""distance"":7,""physical_error_rate"":0.001}","{""detection_events"":1512,""detectors_checked"":308224}"
      1024,         0,         0,    1.28,exact_mw,7acd59d404317421b37957afea3f5c66f33c9ef46579a47fd7c0ca3dd0dfc735,"{""distance"":7,""physical_error_rate"":0.001}","{""detection_events"":3104,""detectors_checked"":616448}"
       128,         0,         0,   0.611,exact_mw,ca91ffa42463e210e189f165a9a4cbcfd1773a75ca815ff24a9009c31e62d8d0,"{""distance"":7,""physical_error_rate"":0.002}","{""detection_events"":808,""detectors_checked"":77056}"
         1,         0,         0,   0.001,exact_mw,c34bb01325b9980f7caca1807bd93e7e28846c82b8c0538af034740e6e7d5106,"{""distance"":7,""physical_error_rate"":0.0005}","{""detection_events"":2,""detectors_checked"":602}"
       272,         0,         0,   0.033,exact_mw,c34bb01325b9980f7caca1807bd93e7e28846c82b8c0538af034740e6e7d5106,"{""distance"":7,""physical_error_rate"":0.0005}","{""detection_events"":368,""detectors_checked"":163744}"
       512,         0,         0,   0.395,exact_mw,7acd59d404317421b37957afea3f5c66f33c9ef46579a47fd7c0ca3dd0dfc735,"{""distance"":7,""physical_error_rate"":0.001}","{""detection_events"":1540,""detectors_checked"":308224}"
      1024,         0,         0,   0.206,exact_mw,c34bb01325b9980f7caca1807bd93e7e28846c82b8c0538af034740e6e7d5106,"{""distance"":7,""physical_error_rate"":0.0005}","{""detection_events"":1599,""detectors_checked"":616448}"
       273,         0,         0,   0.030,exact_mw,c34bb01325b9980f7caca1807bd93e7e28846c82b8c0538af034740e6e7d5106,"{""distance"":7,""physical_error_rate"":0.0005}","{""detection_events"":390,""detectors_checked"":164346}"
       128,         0,         0,   0.530,exact_mw,ca91ffa42463e210e189f165a9a4cbcfd1773a75ca815ff24a9009c31e62d8d0,"{""distance"":7,""physical_error_rate"":0.002}","{""detection_events"":778,""detectors_checked"":77056}"
      1024,         0,         0,   0.160,exact_mw,c34bb01325b9980f7caca1807bd93e7e28846c82b8c0538af034740e6e7d5106,"{""distance"":7,""physical_error_rate"":0.0005}","{""detection_events"":1518,""detectors_checked"":616448}"
      1024,         0,         0,   0.134,exact_mw,c34bb01325b9980f7caca1807bd93e7e28846c82b8c0538af034740e6e7d5106,"{""distance"":7,""physical_error_rate"":0.0005}","{""detection_events"":1583,""detectors_checked"":616448}"
      1024,         0,         0,   0.139,exact_mw,c34bb01325b9980f7caca1807bd93e7e28846c82b8c0538af034740e6e7d5106,"{""distance"":7,""physical_error_rate"":0.0005}","{""detection_events"":1604,""detectors_checked"":616448}"
      1024,         0,         0,   0.122,exact_mw,c34bb01325b9980f7caca1807bd93e7e28846c82b8c0538af034740e6e7d5106,"{""distance"":7,""physical_error_rate"":0.0005}","{""detection_events"":1549,""detectors_checked"":616448}"
       512,         0,         0,   0.472,exact_mw,7acd59d404317421b37957afea3f5c66f33c9ef46579a47fd7c0ca3dd0dfc735,"{""distance"":7,""physical_error_rate"":0.001}","{""detection_events"":1483,""detectors_checked"":308224}"
      1024,         0,         0,   0.116,exact_mw,c34bb01325b9980f7caca1807bd93e7e28846c82b8c0538af034740e6e7d5106,"{""distance"":7,""physical_error_rate"":0.0005}","{""detection_events"":1526,""detectors_checked"":616448}"
      1024,         0,         0,   0.160,exact_mw,c34bb01325b9980f7caca1807bd93e7e28846c82b8c0538af034740e6e7d5106,"{""distance"":7,""physical_error_rate"":0.0005}","{""detection_events"":1449,""detectors_checked"":616448}"
      1024,         0,         0,   0.144,exact_mw,c34bb01325b9980f7caca1807bd93e7e28846c82b8c0538af034740e6e7d5106,"{""distance"":7,""physical_error_rate"":0.0005}","{""detection_events"":1550,""detectors_checked"":616448}"
      1024,         0,         0,   0.173,exact_mw,c34bb01325b9980f7caca1807bd93e7e28846c82b8c0538af034740e6e7d5106,"{""distance"":7,""physical_error_rate"":0.0005}","{""detection_events"":1557,""detectors_checked"":616448}"
       128,         0,         0,   0.543,exact_mw,ca91ffa42463e210e189f165a9a4cbcfd1773a75ca815ff24a9009c31e62d8d0,"{""distance"":7,""physical_error_rate"":0.002}","{""detection_events"":780,""detectors_checked"":77056}"
      1024,         0,         0,    1.19,exact_mw,7acd59d404317421b37957afea3f5c66f33c9ef46579a47fd7c0ca3dd0dfc735,"{""distance"":7,""physical_error_rate"":0.001}","{""detection_events"":3141,""detectors_checked"":616448}"
      1024,         0,         0,   0.156,exact_mw,c34bb01325b9980f7caca1807bd93e7e28846c82b8c0538af034740e6e7d5106,"{""distance"":7,""physical_error_rate"":0.0005}","{""detection_events"":1529,""detectors_checked"":616448}"
       512,         0,         0,   0.364,exact_mw,7acd59d404317421b37957afea3f5c66f33c9ef46579a47fd7c0ca3dd0dfc735,"{""distance"":7,""physical_error_rate"":0.001}","{""detection_events"":1424,""detectors_checked"":308224}"
      1024,         0,         0,   0.196,exact_mw,c34bb01325b9980f7caca1807bd93e7e28846c82b8c0538af034740e6e7d5106,"{""distance"":7,""physical_error_rate"":0.0005}","{""detection_events"":1650,""detectors_checked"":616448}"
      1024,         0,         0,   0.233,exact_mw,c34bb01325b9980f7caca1807bd93e7e28846c82b8c0538af034740e6e7d5106,"{""distance"":7,""physical_error_rate"":0.0005}","{""detection_events"":1410,""detectors_checked"":616448}"
      2048,         0,         0,   0.294,exact_mw,c34bb01325b9980f7caca1807bd93e7e28846c82b8c0538af034740e6e7d5106,"{""distance"":7,""physical_error_rate"":0.0005}","{""detection_events"":2923,""detectors_checked"":1232896}"
       512,         0,         0,   0.338,exact_mw,7acd59d404317421b37957afea3f5c66f33c9ef46579a47fd7c0ca3dd0dfc735,"{""distance"":7,""physical_error_rate"":0.001}","{""detection_events"":1519,""detectors_checked"":308224}"
         1,         0,         0,   0.018,exact_mw,ca91ffa42463e210e189f165a9a4cbcfd1773a75ca815ff24a9009c31e62d8d0,"{""distance"":7,""physical_error_rate"":0.002}","{""detection_events"":6,""detectors_checked"":602}"
        16,         0,         0,   0.051,exact_mw,ca91ffa42463e210e189f165a9a4cbcfd1773a75ca815ff24a9009c31e62d8d0,"{""distance"":7,""physical_error_rate"":0.002}","{""detection_events"":119,""detectors_checked"":9632}"
      1024,         0,         0,   0.241,exact_mw,c34bb01325b9980f7caca1807bd93e7e28846c82b8c0538af034740e6e7d5106,"{""distance"":7,""physical_error_rate"":0.0005}","{""detection_events"":1526,""detectors_checked"":616448}"
       128,         0,         0,   0.673,exact_mw,ca91ffa42463e210e189f165a9a4cbcfd1773a75ca815ff24a9009c31e62d8d0,"{""distance"":7,""physical_error_rate"":0.002}","{""detection_events"":796,""detectors_checked"":77056}"
      1024,         0,         0,   0.323,exact_mw,c34bb01325b9980f7caca1807bd93e7e28846c82b8c0538af034740e6e7d5106,"{""distance"":7,""physical_error_rate"":0.0005}","{""detection_events"":1721,""detectors_checked"":616448}"
       512,         0,         0,   0.308,exact_mw,7acd59d404317421b37957afea3f5c66f33c9ef46579a47fd7c0ca3dd0dfc735,"{""distance"":7,""physical_error_rate"":0.001}","{""detection_events"":1575,""detectors_checked"":308224}"
      1024,         0,         0,   0.221,exact_mw,c34bb01325b9980f7caca1807bd93e7e28846c82b8c0538af034740e6e7d5106,"{""distance"":7,""physical_error_rate"":0.0005}","{""detection_events"":1457,""detectors_checked"":616448}"
        17,         0,         0,   0.059,exact_mw,ca91ffa42463e210e189f165a9a4cbcfd1773a75ca815ff24a9009c31e62d8d0,"{""distance"":7,""physical_error_rate"":0.002}","{""detection_events"":104,""detectors_checked"":10234}"
      1024,         0,         0,   0.821,exact_mw,7acd59d404317421b37957afea3f5c66f33c9ef46579a47fd7c0ca3dd0dfc735,"{""distance"":7,""physical_error_rate"":0.001}","{""detection_events"":3015,""detectors_checked"":616448}"
         1,         0,         0,   0.001,exact_mw,c34bb01325b9980f7caca1807bd93e7e28846c82b8c0538af034740e6e7d5106,"{""distance"":7,""physical_error_rate"":0.0005}","{""detection_events"":4,""detectors_checked"":602}"
       272,         0,         0,   0.035,exact_mw,c34bb01325b9980f7caca1807bd93e7e28846c82b8c0538af034740e6e7d5106,"{""distance"":7,""physical_error_rate"":0.0005}","{""detection_events"":419,""detectors_checked"":163744}"
      1024,         0,         0,   0.214,exact_mw,c34bb01325b9980f7caca1807bd93e7e28846c82b8c0538af034740e6e7d5106,"{""distance"":7,""physical_error_rate"":0.0005}","{""detection_events"":1487,""detectors_checked"":616448}"
       512,         0,         0,   0.290,exact_mw,7acd59d404317421b37957afea3f5c66f33c9ef46579a47fd7c0ca3dd0dfc735,"{""distance"":7,""physical_error_rate"":0.001}","{""detection_events"":1308,""detectors_checked"":308224}"
      2048,         0,         0,   0.302,exact_mw,c34bb01325b9980f7caca1807bd93e7e28846c82b8c0538af034740e6e7d5106,"{""distance"":7,""physical_error_rate"":0.0005}","{""detection_events"":2742,""detectors_checked"":1232896}"
      1024,         0,         0,   0.133,exact_mw,c34bb01325b9980f7caca1807bd93e7e28846c82b8c0538af034740e6e7d5106,"{""distance"":7,""physical_error_rate"":0.0005}","{""detection_events"":1423,""detectors_checked"":616448}"
       128,         0,         0,   0.558,exact_mw,ca91ffa42463e210e189f165a9a4cbcfd1773a75ca815ff24a9009c31e62d8d0,"{""distance"":7,""physical_error_rate"":0.002}","{""detection_events"":775,""detectors_checked"":77056}"
         1,         0,         0,   0.001,exact_mw,7acd59d404317421b37957afea3f5c66f33c9ef46579a47fd7c0ca3dd0dfc735,"{""distance"":7,""physical_error_rate"":0.001}","{""detection_events"":2,""detectors_checked"":602}"
         1,         0,         0,   0.001,exact_mw,c34bb01325b9980f7caca1807bd93e7e28846c82b8c0538af034740e6e7d5106,"{""distance"":7,""physical_error_rate"":0.0005}","{""detection_events"":5,""detectors_checked"":602}"
       128,         0,         0,   0.523,exact_mw,ca91ffa42463e210e189f165a9a4cbcfd1773a75ca815ff24a9009c31e62d8d0,"{""distance"":7,""physical_error_rate"":0.002}","{""detection_events"":822,""detectors_checked"":77056}"
       272,         0,         0,   0.027,exact_mw,c34bb01325b9980f7caca1807bd93e7e28846c82b8c0538af034740e6e7d5106,"{""distance"":7,""physical_error_rate"":0.0005}","{""detection_events"":414,""detectors_checked"":163744}"
      1024,         0,         0,   0.109,exact_mw,c34bb01325b9980f7caca1807bd93e7e28846c82b8c0538af034740e6e7d5106,"{""distance"":7,""physical_error_rate"":0.0005}","{""detection_events"":1576,""detectors_checked"":616448}"
      1024,         0,         0,   0.164,exact_mw,c34bb01325b9980f7caca1807bd93e7e28846c82b8c0538af034740e6e7d5106,"{""distance"":7,""physical_error_rate"":0.0005}","{""detection_events"":1662,""detectors_checked"":616448}"
      1024,         0,         0,   0.114,exact_mw,c34bb01325b9980f7caca1807bd93e7e28846c82b8c0538af034740e6e7d5106,"{""distance"":7,""physical_error_rate"":0.0005}","{""detection_events"":1468,""detectors_checked"":616448}"
       272,         0,         0,   0.275,exact_mw,7acd59d404317421b37957afea3f5c66f33c9ef46579a47fd7c0ca3dd0dfc735,"{""distance"":7,""physical_error_rate"":0.001}","{""detection_events"":826,""detectors_checked"":163744}"
      1024,         0,         0,   0.080,exact_mw,c34bb01325b9980f7caca1807bd93e7e28846c82b8c0538af034740e6e7d5106,"{""distance"":7,""physical_error_rate"":0.0005}","{""detection_events"":1529,""detectors_checked"":616448}"
      1024,         0,         0,   0.142,exact_mw,c34bb01325b9980f7caca1807bd93e7e28846c82b8c0538af034740e6e7d5106,"{""distance"":7,""physical_error_rate"":0.0005}","{""detection_events"":1561,""detectors_checked"":616448}"
       128,         0,         0,   0.682,exact_mw,ca91ffa42463e210e189f165a9a4cbcfd1773a75ca815ff24a9009c31e62d8d0,"{""distance"":7,""physical_error_rate"":0.002}","{""detection_events"":737,""detectors_checked"":77056}"
      2048,         0,         0,   0.501,exact_mw,c34bb01325b9980f7caca1807bd93e7e28846c82b8c0538af034740e6e7d5106,"{""distance"":7,""physical_error_rate"":0.0005}","{""detection_events"":3152,""detectors_checked"":1232896}"
      1024,         0,         0,   0.112,exact_mw,c34bb01325b9980f7caca1807bd93e7e28846c82b8c0538af034740e6e7d5106,"{""distance"":7,""physical_error_rate"":0.0005}","{""detection_events"":1495,""detectors_checked"":616448}"
      3072,         0,         0,   0.536,exact_mw,c34bb01325b9980f7caca1807bd93e7e28846c82b8c0538af034740e6e7d5106,"{""distance"":7,""physical_error_rate"":0.0005}","{""detection_events"":4496,""detectors_checked"":1849344}"
      1024,         0,         0,   0.154,exact_mw,c34bb01325b9980f7caca1807bd93e7e28846c82b8c0538af034740e6e7d5106,"{""distance"":7,""physical_error_rate"":0.0005}","{""detection_events"":1471,""detectors_checked"":616448}"
       128,         0,         0,   0.559,exact_mw,ca91ffa42463e210e189f165a9a4cbcfd1773a75ca815ff24a9009c31e62d8d0,"{""distance"":7,""physical_error_rate"":0.002}","{""detection_events"":777,""detectors_checked"":77056}"
      1024,         0,         0,   0.251,exact_mw,c34bb01325b9980f7caca1807bd93e7e28846c82b8c0538af034740e6e7d5106,"{""distance"":7,""physical_error_rate"":0.0005}","{""detection_events"":1679,""detectors_checked"":616448}"
       128,         0,         0,   0.630,exact_mw,ca91ffa42463e210e189f165a9a4cbcfd1773a75ca815ff24a9009c31e62d8d0,"{""distance"":7,""physical_error_rate"":0.002}","{""detection_events"":716,""detectors_checked"":77056}"
      1024,         0,         0,   0.940,exact_mw,7acd59d404317421b37957afea3f5c66f33c9ef46579a47fd7c0ca3dd0dfc735,"{""distance"":7,""physical_error_rate"":0.001}","{""detection_events"":2935,""detectors_checked"":616448}"
      1024,         0,         0,   0.179,exact_mw,c34bb01325b9980f7caca1807bd93e7e28846c82b8c0538af034740e6e7d5106,"{""distance"":7,""physical_error_rate"":0.0005}","{""detection_events"":1722,""detectors_checked"":616448}"
      1024,         0,         0,   0.163,exact_mw,c34bb01325b9980f7caca1807bd93e7e28846c82b8c0538af034740e6e7d5106,"{""distance"":7,""physical_error_rate"":0.0005}","{""detection_events"":1632,""detectors_checked"":616448}"
      2048,         0,         0,   0.405,exact_mw,c34bb01325b9980f7caca1807bd93e7e28846c82b8c0538af034740e6e7d5106,"{""distance"":7,""physical_error_rate"":0.0005}","{""detection_events"":3061,""detectors_checked"":1232896}"
       512,         0,         0,   0.546,exact_mw,7acd59d404317421b37957afea3f5c66f33c9ef46579a47fd7c0ca3dd0dfc735,"{""distance"":7,""physical_error_rate"":0.001}","{""detection_events"":1600,""detectors_checked"":308224}"
      1024,         0,         0,   0.956,exact_mw,7acd59d404317421b37957afea3f5c66f33c9ef46579a47fd7c0ca3dd0dfc735,"{""distance"":7,""physical_error_rate"":0.001}","{""detection_events"":3029,""detectors_checked"":616448}"
      1024,         0,         0,   0.115,exact_mw,c34bb01325b9980f7caca1807bd93e7e28846c82b8c0538af034740e6e7d5106,"{""distance"":7,""physical_error_rate"":0.0005}","{""detection_events"":1414,""detectors_checked"":616448}"
       128,         0,         0,   0.430,exact_mw,ca91ffa42463e210e189f165a9a4cbcfd1773a75ca815ff24a9009c31e62d8d0,"{""distance"":7,""physical_error_rate"":0.002}","{""detection_events"":706,""detectors_checked"":77056}"
       128,         0,         0,   0.633,exact_mw,ca91ffa42463e210e189f165a9a4cbcfd1773a75ca815ff24a9009c31e62d8d0,"{""distance"":7,""physical_error_rate"":0.002}","{""detection_events"":751,""detectors_checked"":77056}"
      1024,         0,         0,   0.248,exact_mw,c34bb01325b9980f7caca1807bd93e7e28846c82b8c0538af034740e6e7d5106,"{""distance"":7,""physical_error_rate"":0.0005}","{""detection_events"":1539,""detectors_checked"":616448}"
      2048,         0,         0,   0.277,exact_mw,c34bb01325b9980f7caca1807bd93e7e28846c82b8c0538af034740e6e7d5106,"{""distance"":7,""physical_error_rate"":0.0005}","{""detection_events"":3182,""detectors_checked"":1232896}"
      3072,         0,         0,   0.678,exact_mw,c34bb01325b9980f7caca1807bd93e7e28846c82b8c0538af034740e6e7d5106,"{""distance"":7,""physical_error_rate"":0.0005}","{""detection_events"":4584,""detectors_checked"":1849344}"
       128,         0,         0,   0.550,exact_mw,ca91ffa42463e210e189f165a9a4cbcfd1773a75ca815ff24a9009c31e62d8d0,"{""distance"":7,""physical_error_rate"":0.002}","{""detection_events"":705,""detectors_checked"":77056}"
       512,         0,         0,   0.392,exact_mw,7acd59d404317421b37957afea3f5c66f33c9ef46579a47fd7c0ca3dd0dfc735,"{""distance"":7,""physical_error_rate"":0.001}","{""detection_events"":1536,""detectors_checked"":308224}"
      2048,         0,         0,   0.244,exact_mw,c34bb01325b9980f7caca1807bd93e7e28846c82b8c0538af034740e6e7d5106,"{""distance"":7,""physical_error_rate"":0.0005}","{""detection_events"":3052,""detectors_checked"":1232896}"
      1024,         0,         0,   0.218,exact_mw,c34bb01325b9980f7caca1807bd93e7e28846c82b8c0538af034740e6e7d5106,"{""distance"":7,""physical_error_rate"":0.0005}","{""detection_events"":1473,""detectors_checked"":616448}"
      1024,         0,         0,   0.733,exact_mw,7acd59d404317421b37957afea3f5c66f33c9ef46579a47fd7c0ca3dd0dfc735,"{""distance"":7,""physical_error_rate"":0.001}","{""detection_events"":2971,""detectors_checked"":616448}"
      3072,         1,         0,   0.696,exact_mw,c34bb01325b9980f7caca1807bd93e7e28846c82b8c0538af034740e6e7d5106,"{""distance"":7,""physical_error_rate"":0.0005}","{""detection_events"":4697,""detectors_checked"":1849344,""obs_mistake_mask=E"":1}"
       512,         0,         0,   0.360,exact_mw,7acd59d404317421b37957afea3f5c66f33c9ef46579a47fd7c0ca3dd0dfc735,"{""distance"":7,""physical_error_rate"":0.001}","{""detection_events"":1521,""detectors_checked"":308224}"
      2048,         0,         0,   0.356,exact_mw,c34bb01325b9980f7caca1807bd93e7e28846c82b8c0538af034740e6e7d5106,"{""distance"":7,""physical_error_rate"":0.0005}","{""detection_events"":2939,""detectors_checked"":1232896}"
       128,         0,         0,   0.526,exact_mw,ca91ffa42463e210e189f165a9a4cbcfd1773a75ca815ff24a9009c31e62d8d0,"{""distance"":7,""physical_error_rate"":0.002}","{""detection_events"":704,""detectors_checked"":77056}"
      1024,         0,         0,   0.854,exact_mw,7acd59d404317421b37957afea3f5c66f33c9ef46579a47fd7c0ca3dd0dfc735,"{""distance"":7,""physical_error_rate"":0.001}","{""detection_events"":2893,""detectors_checked"":616448}"
       128,         0,         0,   0.725,exact_mw,ca91ffa42463e210e189f165a9a4cbcfd1773a75ca815ff24a9009c31e62d8d0,"{""distance"":7,""physical_error_rate"":0.002}","{""detection_events"":752,""detectors_checked"":77056}"
      2048,         0,         0,   0.377,exact_mw,c34bb01325b9980f7caca1807bd93e7e28846c82b8c0538af034740e6e7d5106,"{""distance"":7,""physical_error_rate"":0.0005}","{""detection_events"":3149,""detectors_checked"":1232896}"
       128,         0,         0,   0.889,exact_mw,ca91ffa42463e210e189f165a9a4cbcfd1773a75ca815ff24a9009c31e62d8d0,"{""distance"":7,""physical_error_rate"":0.002}","{""detection_events"":859,""detectors_checked"":77056}"
       512,         0,         0,   0.417,exact_mw,7acd59d404317421b37957afea3f5c66f33c9ef46579a47fd7c0ca3dd0dfc735,"{""distance"":7,""physical_error_rate"":0.001}","{""detection_events"":1556,""detectors_checked"":308224}"
      6144,         0,         0,   0.910,exact_mw,c34bb01325b9980f7caca1807bd93e7e28846c82b8c0538af034740e6e7d5106,"{""distance"":7,""physical_error_rate"":0.0005}","{""detection_events"":9182,""detectors_checked"":3698688}"
      3072,         0,         0,   0.441,exact_mw,c34bb01325b9980f7caca1807bd93e7e28846c82b8c0538af034740e6e7d5106,"{""distance"":7,""physical_error_rate"":0.0005}","{""detection_events"":4343,""detectors_checked"":1849344}"
      3072,         0,         0,   0.611,exact_mw,c34bb01325b9980f7caca1807bd93e7e28846c82b8c0538af034740e6e7d5106,"{""distance"":7,""physical_error_rate"":0.0005}","{""detection_events"":4593,""detectors_checked"":1849344}"
       128,         0,         0,   0.584,exact_mw,ca91ffa42463e210e189f165a9a4cbcfd1773a75ca815ff24a9009c31e62d8d0,"{""distance"":7,""physical_error_rate"":0.002}","{""detection_events"":818,""detectors_checked"":77056}"
      4096,         0,         0,   0.936,exact_mw,c34bb01325b9980f7caca1807bd93e7e28846c82b8c0538af034740e6e7d5106,"{""distance"":7,""physical_error_rate"":0.0005}","{""detection_events"":6122,""detectors_checked"":2465792}"
       512,         0,         0,   0.410,exact_mw,7acd59d404317421b37957afea3f5c66f33c9ef46579a47fd7c0ca3dd0dfc735,"{""distance"":7,""physical_error_rate"":0.001}","{""detection_events"":1532,""detectors_checked"":308224}"
      1024,         0,         0,    1.10,exact_mw,7acd59d404317421b37957afea3f5c66f33c9ef46579a47fd7c0ca3dd0dfc735,"{""distance"":7,""physical_error_rate"":0.001}","{""detection_events"":3075,""detectors_checked"":616448}"
       128,         0,         0,   0.674,exact_mw,ca91ffa42463e210e189f165a9a4cbcfd1773a75ca815ff24a9009c31e62d8d0,"{""distance"":7,""physical_error_rate"":0.002}","{""detection_events"":721,""detectors_checked"":77056}"
       128,         0,         0,   0.405,exact_mw,ca91ffa42463e210e189f165a9a4cbcfd1773a75ca815ff24a9009c31e62d8d0,"{""distance"":7,""physical_error_rate"":0.002}","{""detection_events"":700,""detectors_checked"":77056}"
      3072,         0,         0,   0.656,exact_mw,c34bb01325b9980f7caca1807bd93e7e28846c82b8c0538af034740e6e7d5106,"{""distance"":7,""physical_error_rate"":0.0005}","{""detection_events"":4712,""detectors_checked"":1849344}"
       512,         0,         0,   0.427,exact_mw,7acd59d404317421b37957afea3f5c66f33c9ef46579a47fd7c0ca3dd0dfc735,"{""distance"":7,""physical_error_rate"":0.001}","{""detection_events"":1476,""detectors_checked"":308224}"
      3072,         0,         0,   0.656,exact_mw,c34bb01325b9980f7caca1807bd93e7e28846c82b8c0538af034740e6e7d5106,"{""distance"":7,""physical_error_rate"":0.0005}","{""detection_events"":4833,""detectors_checked"":1849344}"
       384,         0,         0,    1.36,exact_mw,ca91ffa42463e210e189f165a9a4cbcfd1773a75ca815ff24a9009c31e62d8d0,"{""distance"":7,""physical_error_rate"":0.002}","{""detection_events"":2212,""detectors_checked"":231168}"
       128,         0,         0,   0.500,exact_mw,ca91ffa42463e210e189f165a9a4cbcfd1773a75ca815ff24a9009c31e62d8d0,"{""distance"":7,""physical_error_rate"":0.002}","{""detection_events"":718,""detectors_checked"":77056}"
       512,         0,         0,   0.335,exact_mw,7acd59d404317421b37957afea3f5c66f33c9ef46579a47fd7c0ca3dd0dfc735,"{""distance"":7,""physical_error_rate"":0.001}","{""detection_events"":1466,""detectors_checked"":308224}"
      8192,         0,         0,    1.19,exact_mw,c34bb01325b9980f7caca1807bd93e7e28846c82b8c0538af034740e6e7d5106,"{""distance"":7,""physical_error_rate"":0.0005}","{""detection_events"":12163,""detectors_checked"":4931584}"
        17,         0,         0,   0.013,exact_mw,ca91ffa42463e210e189f165a9a4cbcfd1773a75ca815ff24a9009c31e62d8d0,"{""distance"":7,""physical_error_rate"":0.002}","{""detection_events"":85,""detectors_checked"":10234}"
      1024,         0,         0,   0.904,exact_mw,7acd59d404317421b37957afea3f5c66f33c9ef46579a47fd7c0ca3dd0dfc735,"{""distance"":7,""physical_error_rate"":0.001}","{""detection_events"":3051,""detectors_checked"":616448}"
       128,         0,         0,   0.952,exact_mw,ca91ffa42463e210e189f165a9a4cbcfd1773a75ca815ff24a9009c31e62d8d0,"{""distance"":7,""physical_error_rate"":0.002}","{""detection_events"":790,""detectors_checked"":77056}"
      6144,         0,         0,    1.14,exact_mw,c34bb01325b9980f7caca1807bd93e7e28846c82b8c0538af034740e6e7d5106,"{""distance"":7,""physical_error_rate"":0.0005}","{""detection_events"":8879,""detectors_checked"":3698688}"
      2048,         0,         0,    1.89,exact_mw,7acd59d404317421b37957afea3f5c66f33c9ef46579a47fd7c0ca3dd0dfc735,"{""distance"":7,""physical_error_rate"":0.001}","{""detection_events"":6152,""detectors_checked"":1232896}"
       128,         0,         0,   0.440,exact_mw,ca91ffa42463e210e189f165a9a4cbcfd1773a75ca815ff24a9009c31e62d8d0,"{""distance"":7,""physical_error_rate"":0.002}","{""detection_events"":736,""detectors_checked"":77056}"
      4096,         0,         0,   0.798,exact_mw,c34bb01325b9980f7caca1807bd93e7e28846c82b8c0538af034740e6e7d5106,"{""distance"":7,""physical_error_rate"":0.0005}","{""detection_events"":5955,""detectors_checked"":2465792}"
      6144,         0,         0,   0.877,exact_mw,c34bb01325b9980f7caca1807bd93e7e28846c82b8c0538af034740e6e7d5106,"{""distance"":7,""physical_error_rate"":0.0005}","{""detection_events"":8985,""detectors_checked"":3698688}"
       512,         0,         0,   0.547,exact_mw,7acd59d404317421b37957afea3f5c66f33c9ef46579a47fd7c0ca3dd0dfc735,"{""distance"":7,""physical_error_rate"":0.001}","{""detection_events"":1575,""detectors_checked"":308224}"
       256,         0,         0,   0.938,exact_mw,ca91ffa42463e210e189f165a9a4cbcfd1773a75ca815ff24a9009c31e62d8d0,"{""distance"":7,""physical_error_rate"":0.002}","{""detection_events"":1543,""detectors_checked"":154112}"
       128,         0,         0,   0.705,exact_mw,ca91ffa42463e210e189f165a9a4cbcfd1773a75ca815ff24a9009c31e62d8d0,"{""distance"":7,""physical_error_rate"":0.002}","{""detection_events"":620,""detectors_checked"":77056}"
       512,         0,         0,   0.544,exact_mw,7acd59d404317421b37957afea3f5c66f33c9ef46579a47fd7c0ca3dd0dfc735,"{""distance"":7,""physical_error_rate"":0.001}","{""detection_events"":1614,""detectors_checked"":308224}"
      1024,         0,         0,   0.930,exact_mw,7acd59d404317421b37957afea3f5c66f33c9ef46579a47fd7c0ca3dd0dfc735,"{""distance"":7,""physical_error_rate"":0.001}","{""detection_events"":2986,""detectors_checked"":616448}"
       256,         0,         0,    1.14,exact_mw,ca91ffa42463e210e189f165a9a4cbcfd1773a75ca815ff24a9009c31e62d8d0,"{""distance"":7,""physical_error_rate"":0.002}","{""detection_events"":1427,""detectors_checked"":154112}"
       128,         0,         0,   0.826,exact_mw,ca91ffa42463e210e189f165a9a4cbcfd1773a75ca815ff24a9009c31e62d8d0,"{""distance"":7,""physical_error_rate"":0.002}","{""detection_events"":843,""detectors_checked"":77056}"
      1024,         0,         0,    1.22,exact_mw,7acd59d404317421b37957afea3f5c66f33c9ef46579a47fd7c0ca3dd0dfc735,"{""distance"":7,""physical_error_rate"":0.001}","{""detection_events"":3262,""detectors_checked"":616448}"
      7168,         0,         0,    1.11,exact_mw,c34bb01325b9980f7caca1807bd93e7e28846c82b8c0538af034740e6e7d5106,"{""distance"":7,""physical_error_rate"":0.0005}","{""detection_events"":10885,""detectors_checked"":4315136}"
       512,         0,         0,   0.529,exact_mw,7acd59d404317421b37957afea3f5c66f33c9ef46579a47fd7c0ca3dd0dfc735,"{""distance"":7,""physical_error_rate"":0.001}","{""detection_events"":1651,""detectors_checked"":308224}"
      7168,         0,         0,    1.09,exact_mw,c34bb01325b9980f7caca1807bd93e7e28846c82b8c0538af034740e6e7d5106,"{""distance"":7,""physical_error_rate"":0.0005}","{""detection_events"":10498,""detectors_checked"":4315136}"
      9216,         0,         0,    1.61,exact_mw,c34bb01325b9980f7caca1807bd93e7e28846c82b8c0538af034740e6e7d5106,"{""distance"":7,""physical_error_rate"":0.0005}","{""detection_events"":13472,""detectors_checked"":5548032}"
       273,         0,         0,   0.012,exact_mw,c34bb01325b9980f7caca1807bd93e7e28846c82b8c0538af034740e6e7d5106,"{""distance"":7,""physical_error_rate"":0.0005}","{""detection_events"":376,""detectors_checked"":164346}"
    610304,         4,         0,   119.8,exact_mw,c34bb01325b9980f7caca1807bd93e7e28846c82b8c0538af034740e6e7d5106,"{""distance"":7,""physical_error_rate"":0.0005}","{""detection_events"":901113,""detectors_checked"":367403008,""obs_mistake_mask=E"":4}"
       128,         0,         0,   0.509,exact_mw,ca91ffa42463e210e189f165a9a4cbcfd1773a75ca815ff24a9009c31e62d8d0,"{""distance"":7,""physical_error_rate"":0.002}","{""detection_events"":760,""detectors_checked"":77056}"
      1024,         0,         0,   0.138,exact_mw,c34bb01325b9980f7caca1807bd93e7e28846c82b8c0538af034740e6e7d5106,"{""distance"":7,""physical_error_rate"":0.0005}","{""detection_events"":1546,""detectors_checked"":616448}"
       128,         0,         0,   0.845,exact_mw,ca91ffa42463e210e189f165a9a4cbcfd1773a75ca815ff24a9009c31e62d8d0,"{""distance"":7,""physical_error_rate"":0.002}","{""detection_events"":778,""detectors_checked"":77056}"
     12288,         0,         0,    1.59,exact_mw,c34bb01325b9980f7caca1807bd93e7e28846c82b8c0538af034740e6e7d5106,"{""distance"":7,""physical_error_rate"":0.0005}","{""detection_events"":18130,""detectors_checked"":7397376}"
      1024,         0,         0,   0.120,exact_mw,c34bb01325b9980f7caca1807bd93e7e28846c82b8c0538af034740e6e7d5106,"{""distance"":7,""physical_error_rate"":0.0005}","{""detection_events"":1460,""detectors_checked"":616448}"
      1024,         0,         0,   0.931,exact_mw,7acd59d404317421b37957afea3f5c66f33c9ef46579a47fd7c0ca3dd0dfc735,"{""distance"":7,""physical_error_rate"":0.001}","{""detection_events"":2988,""detectors_checked"":616448}"
      1024,         0,         0,   0.111,exact_mw,c34bb01325b9980f7caca1807bd93e7e28846c82b8c0538af034740e6e7d5106,"{""distance"":7,""physical_error_rate"":0.0005}","{""detection_events"":1558,""detectors_checked"":616448}"
      1024,         0,         0,   0.180,exact_mw,c34bb01325b9980f7caca1807bd93e7e28846c82b8c0538af034740e6e7d5106,"{""distance"":7,""physical_error_rate"":0.0005}","{""detection_events"":1531,""detectors_checked"":616448}"
    658432,         1,         0,   120.1,exact_mw,c34bb01325b9980f7caca1807bd93e7e28846c82b8c0538af034740e6e7d5106,"{""distance"":7,""physical_error_rate"":0.0005}","{""detection_events"":973789,""detectors_checked"":396376064,""obs_mistake_mask=E"":1}"
       128,         0,         0,   0.523,exact_mw,ca91ffa42463e210e189f165a9a4cbcfd1773a75ca815ff24a9009c31e62d8d0,"{""distance"":7,""physical_error_rate"":0.002}","{""detection_events"":671,""detectors_checked"":77056}"
      1024,         0,         0,   0.872,exact_mw,7acd59d404317421b37957afea3f5c66f33c9ef46579a47fd7c0ca3dd0dfc735,"{""distance"":7,""physical_error_rate"":0.001}","{""detection_events"":3083,""detectors_checked"":616448}"
      1024,         0,         0,   0.270,exact_mw,c34bb01325b9980f7caca1807bd93e7e28846c82b8c0538af034740e6e7d5106,"{""distance"":7,""physical_error_rate"":0.0005}","{""detection_events"":1567,""detectors_checked"":616448}"
       256,         0,         0,    1.43,exact_mw,ca91ffa42463e210e189f165a9a4cbcfd1773a75ca815ff24a9009c31e62d8d0,"{""distance"":7,""physical_error_rate"":0.002}","{""detection_events"":1518,""detectors_checked"":154112}"
       256,         0,         0,   0.921,exact_mw,ca91ffa42463e210e189f165a9a4cbcfd1773a75ca815ff24a9009c31e62d8d0,"{""distance"":7,""physical_error_rate"":0.002}","{""detection_events"":1407,""detectors_checked"":154112}"
      1024,         0,         0,   0.219,exact_mw,c34bb01325b9980f7caca1807bd93e7e28846c82b8c0538af034740e6e7d5106,"{""distance"":7,""physical_error_rate"":0.0005}","{""detection_events"":1541,""detectors_checked"":616448}"
      1024,         0,         0,   0.918,exact_mw,7acd59d404317421b37957afea3f5c66f33c9ef46579a47fd7c0ca3dd0dfc735,"{""distance"":7,""physical_error_rate"":0.001}","{""detection_events"":2911,""detectors_checked"":616448}"
       128,         0,         0,   0.603,exact_mw,ca91ffa42463e210e189f165a9a4cbcfd1773a75ca815ff24a9009c31e62d8d0,"{""distance"":7,""physical_error_rate"":0.002}","{""detection_events"":780,""detectors_checked"":77056}"
       512,         1,         0,    2.19,exact_mw,ca91ffa42463e210e189f165a9a4cbcfd1773a75ca815ff24a9009c31e62d8d0,"{""distance"":7,""physical_error_rate"":0.002}","{""detection_events"":2916,""detectors_checked"":308224,""obs_mistake_mask=E"":1}"
      1024,         0,         0,   0.325,exact_mw,c34bb01325b9980f7caca1807bd93e7e28846c82b8c0538af034740e6e7d5106,"{""distance"":7,""physical_error_rate"":0.0005}","{""detection_events"":1412,""detectors_checked"":616448}"
       273,         0,         0,   0.187,exact_mw,7acd59d404317421b37957afea3f5c66f33c9ef46579a47fd7c0ca3dd0dfc735,"{""distance"":7,""physical_error_rate"":0.001}","{""detection_events"":716,""detectors_checked"":164346}"
      1024,         0,         0,   0.218,exact_mw,c34bb01325b9980f7caca1807bd93e7e28846c82b8c0538af034740e6e7d5106,"{""distance"":7,""physical_error_rate"":0.0005}","{""detection_events"":1529,""detectors_checked"":616448}"
      9216,         0,         0,    1.72,exact_mw,c34bb01325b9980f7caca1807bd93e7e28846c82b8c0538af034740e6e7d5106,"{""distance"":7,""physical_error_rate"":0.0005}","{""detection_events"":13852,""detectors_checked"":5548032}"
       128,         0,         0,   0.709,exact_mw,ca91ffa42463e210e189f165a9a4cbcfd1773a75ca815ff24a9009c31e62d8d0,"{""distance"":7,""physical_error_rate"":0.002}","{""detection_events"":694,""detectors_checked"":77056}"
      9216,         0,         0,    1.73,exact_mw,c34bb01325b9980f7caca1807bd93e7e28846c82b8c0538af034740e6e7d5106,"{""distance"":7,""physical_error_rate"":0.0005}","{""detection_events"":13642,""detectors_checked"":5548032}"
      1024,         0,         0,   0.221,exact_mw,c34bb01325b9980f7caca1807bd93e7e28846c82b8c0538af034740e6e7d5106,"{""distance"":7,""physical_error_rate"":0.0005}","{""detection_events"":1503,""detectors_checked"":616448}"
       128,         0,         0,   0.866,exact_mw,ca91ffa42463e210e189f165a9a4cbcfd1773a75ca815ff24a9009c31e62d8d0,"{""distance"":7,""physical_error_rate"":0.002}","{""detection_events"":745,""detectors_checked"":77056}"
      2048,         0,         0,    1.97,exact_mw,7acd59d404317421b37957afea3f5c66f33c9ef46579a47fd7c0ca3dd0dfc735,"{""distance"":7,""physical_error_rate"":0.001}","{""detection_events"":6005,""detectors_checked"":1232896}"
       512,         0,         0,   0.426,exact_mw,7acd59d404317421b37957afea3f5c66f33c9ef46579a47fd7c0ca3dd0dfc735,"{""distance"":7,""physical_error_rate"":0.001}","{""detection_events"":1497,""detectors_checked"":308224}"
       128,         0,         0,   0.598,exact_mw,ca91ffa42463e210e189f165a9a4cbcfd1773a75ca815ff24a9009c31e62d8d0,"{""distance"":7,""physical_error_rate"":0.002}","{""detection_events"":751,""detectors_checked"":77056}"
      1024,         0,         0,    1.35,exact_mw,7acd59d404317421b37957afea3f5c66f33c9ef46579a47fd7c0ca3dd0dfc735,"{""distance"":7,""physical_error_rate"":0.001}","{""detection_events"":3152,""detectors_checked"":616448}"
     11264,         0,         0,    2.26,exact_mw,c34bb01325b9980f7caca1807bd93e7e28846c82b8c0538af034740e6e7d5106,"{""distance"":7,""physical_error_rate"":0.0005}","{""detection_events"":16801,""detectors_checked"":6780928}"
      1024,         0,         0,   0.950,exact_mw,7acd59d404317421b37957afea3f5c66f33c9ef46579a47fd7c0ca3dd0dfc735,"{""distance"":7,""physical_error_rate"":0.001}","{""detection_events"":3079,""detectors_checked"":616448}"
      2048,         0,         0,   0.438,exact_mw,c34bb01325b9980f7caca1807bd93e7e28846c82b8c0538af034740e6e7d5106,"{""distance"":7,""physical_error_rate"":0.0005}","{""detection_events"":2962,""detectors_checked"":1232896}"
       128,         0,         0,   0.648,exact_mw,ca91ffa42463e210e189f165a9a4cbcfd1773a75ca815ff24a9009c31e62d8d0,"{""distance"":7,""physical_error_rate"":0.002}","{""detection_events"":718,""detectors_checked"":77056}"
         1,         0,         0,   0.001,exact_mw,7acd59d404317421b37957afea3f5c66f33c9ef46579a47fd7c0ca3dd0dfc735,"{""distance"":7,""physical_error_rate"":0.001}","{""detectors_checked"":602}"
     16384,         0,         0,    2.32,exact_mw,c34bb01325b9980f7caca1807bd93e7e28846c82b8c0538af034740e6e7d5106,"{""distance"":7,""physical_error_rate"":0.0005}","{""detection_events"":24071,""detectors_checked"":9863168}"
       128,         0,         0,   0.707,exact_mw,ca91ffa42463e210e189f165a9a4cbcfd1773a75ca815ff24a9009c31e62d8d0,"{""distance"":7,""physical_error_rate"":0.002}","{""detection_events"":681,""detectors_checked"":77056}"
       272,         0,         0,   0.315,exact_mw,7acd59d404317421b37957afea3f5c66f33c9ef46579a47fd7c0ca3dd0dfc735,"{""distance"":7,""physical_error_rate"":0.001}","{""detection_events"":772,""detectors_checked"":163744}"
       512,         0,         0,   0.781,exact_mw,7acd59d404317421b37957afea3f5c66f33c9ef46579a47fd7c0ca3dd0dfc735,"{""distance"":7,""physical_error_rate"":0.001}","{""detection_events"":1520,""detectors_checked"":308224}"
      3072,         0,         0,   0.600,exact_mw,c34bb01325b9980f7caca1807bd93e7e28846c82b8c0538af034740e6e7d5106,"{""distance"":7,""physical_error_rate"":0.0005}","{""detection_events"":4324,""detectors_checked"":1849344}"
       256,         0,         0,   0.235,exact_mw,7acd59d404317421b37957afea3f5c66f33c9ef46579a47fd7c0ca3dd0dfc735,"{""distance"":7,""physical_error_rate"":0.001}","{""detection_events"":786,""detectors_checked"":154112}"
       128,         0,         0,   0.700,exact_mw,ca91ffa42463e210e189f165a9a4cbcfd1773a75ca815ff24a9009c31e62d8d0,"{""distance"":7,""physical_error_rate"":0.002}","{""detection_events"":708,""detectors_checked"":77056}"
       256,         0,         0,    1.26,exact_mw,ca91ffa42463e210e189f165a9a4cbcfd1773a75ca815ff24a9009c31e62d8d0,"{""distance"":7,""physical_error_rate"":0.002}","{""detection_events"":1524,""detectors_checked"":154112}"
       128,         0,         0,   0.652,exact_mw,ca91ffa42463e210e189f165a9a4cbcfd1773a75ca815ff24a9009c31e62d8d0,"{""distance"":7,""physical_error_rate"":0.002}","{""detection_events"":709,""detectors_checked"":77056}"
       512,         0,         0,   0.361,exact_mw,7acd59d404317421b37957afea3f5c66f33c9ef46579a47fd7c0ca3dd0dfc735,"{""distance"":7,""physical_error_rate"":0.001}","{""detection_events"":1590,""detectors_checked"":308224}"
    704512,         2,         0,   119.8,exact_mw,c34bb01325b9980f7caca1807bd93e7e28846c82b8c0538af034740e6e7d5106,"{""distance"":7,""physical_error_rate"":0.0005}","{""detection_events"":1040289,""detectors_checked"":424116224,""obs_mistake_mask=E"":2}"
     81536,         3,         0,   120.5,exact_mw,7acd59d404317421b37957afea3f5c66f33c9ef46579a47fd7c0ca3dd0dfc735,"{""distance"":7,""physical_error_rate"":0.001}","{""detection_events"":240866,""detectors_checked"":49084672,""obs_mistake_mask=E"":3}"
       512,         0,         0,   0.847,exact_mw,7acd59d404317421b37957afea3f5c66f33c9ef46579a47fd7c0ca3dd0dfc735,"{""distance"":7,""physical_error_rate"":0.001}","{""detection_events"":1612,""detectors_checked"":308224}"
      4096,         0,         0,   0.652,exact_mw,c34bb01325b9980f7caca1807bd93e7e28846c82b8c0538af034740e6e7d5106,"{""distance"":7,""physical_error_rate"":0.0005}","{""detection_events"":5996,""detectors_checked"":2465792}"
       512,         0,         0,    2.36,exact_mw,ca91ffa42463e210e189f165a9a4cbcfd1773a75ca815ff24a9009c31e62d8d0,"{""distance"":7,""physical_error_rate"":0.002}","{""detection_events"":2936,""detectors_checked"":308224}"
      1536,         0,         0,    1.53,exact_mw,7acd59d404317421b37957afea3f5c66f33c9ef46579a47fd7c0ca3dd0dfc735,"{""distance"":7,""physical_error_rate"":0.001}","{""detection_events"":4401,""detectors_checked"":924672}"
       512,         0,         0,   0.502,exact_mw,7acd59d404317421b37957afea3f5c66f33c9ef46579a47fd7c0ca3dd0dfc735,"{""distance"":7,""physical_error_rate"":0.001}","{""detection_events"":1395,""detectors_checked"":308224}"
     12288,         0,         0,    2.21,exact_mw,c34bb01325b9980f7caca1807bd93e7e28846c82b8c0538af034740e6e7d5106,"{""distance"":7,""physical_error_rate"":0.0005}","{""detection_events"":18335,""detectors_checked"":7397376}"
    680960,         4,         0,   120.0,exact_mw,c34bb01325b9980f7caca1807bd93e7e28846c82b8c0538af034740e6e7d5106,"{""distance"":7,""physical_error_rate"":0.0005}","{""detection_events"":1006163,""detectors_checked"":409937920,""obs_mistake_mask=E"":4}"
       128,         0,         0,   0.925,exact_mw,ca91ffa42463e210e189f165a9a4cbcfd1773a75ca815ff24a9009c31e62d8d0,"{""distance"":7,""physical_error_rate"":0.002}","{""detection_events"":747,""detectors_checked"":77056}"
     14336,         0,         0,    2.28,exact_mw,c34bb01325b9980f7caca1807bd93e7e28846c82b8c0538af034740e6e7d5106,"{""distance"":7,""physical_error_rate"":0.0005}","{""detection_events"":21122,""detectors_checked"":8630272}"
       512,         0,         0,   0.554,exact_mw,7acd59d404317421b37957afea3f5c66f33c9ef46579a47fd7c0ca3dd0dfc735,"{""distance"":7,""physical_error_rate"":0.001}","{""detection_events"":1534,""detectors_checked"":308224}"
       512,         0,         0,   0.527,exact_mw,7acd59d404317421b37957afea3f5c66f33c9ef46579a47fd7c0ca3dd0dfc735,"{""distance"":7,""physical_error_rate"":0.001}","{""detection_events"":1528,""detectors_checked"":308224}"
      2048,         0,         0,    2.09,exact_mw,7acd59d404317421b37957afea3f5c66f33c9ef46579a47fd7c0ca3dd0dfc735,"{""distance"":7,""physical_error_rate"":0.001}","{""detection_events"":6236,""detectors_checked"":1232896}"
      3072,         0,         0,   0.809,exact_mw,c34bb01325b9980f7caca1807bd93e7e28846c82b8c0538af034740e6e7d5106,"{""distance"":7,""physical_error_rate"":0.0005}","{""detection_events"":4580,""detectors_checked"":1849344}"
       512,         0,         0,   0.490,exact_mw,7acd59d404317421b37957afea3f5c66f33c9ef46579a47fd7c0ca3dd0dfc735,"{""distance"":7,""physical_error_rate"":0.001}","{""detection_events"":1676,""detectors_checked"":308224}"
       128,         0,         0,   0.756,exact_mw,ca91ffa42463e210e189f165a9a4cbcfd1773a75ca815ff24a9009c31e62d8d0,"{""distance"":7,""physical_error_rate"":0.002}","{""detection_events"":686,""detectors_checked"":77056}"
       512,         0,         0,   0.445,exact_mw,7acd59d404317421b37957afea3f5c66f33c9ef46579a47fd7c0ca3dd0dfc735,"{""distance"":7,""physical_error_rate"":0.001}","{""detection_events"":1421,""detectors_checked"":308224}"
       512,         0,         0,   0.287,exact_mw,7acd59d404317421b37957afea3f5c66f33c9ef46579a47fd7c0ca3dd0dfc735,"{""distance"":7,""physical_error_rate"":0.001}","{""detection_events"":1445,""detectors_checked"":308224}"
       256,         0,         0,    1.62,exact_mw,ca91ffa42463e210e189f165a9a4cbcfd1773a75ca815ff24a9009c31e62d8d0,"{""distance"":7,""physical_error_rate"":0.002}","{""detection_events"":1490,""detectors_checked"":154112}"
      3072,         0,         0,    3.15,exact_mw,7acd59d404317421b37957afea3f5c66f33c9ef46579a47fd7c0ca3dd0dfc735,"{""distance"":7,""physical_error_rate"":0.001}","{""detection_events"":9082,""detectors_checked"":1849344}"
        17,         0,         0,   0.129,exact_mw,ca91ffa42463e210e189f165a9a4cbcfd1773a75ca815ff24a9009c31e62d8d0,"{""distance"":7,""physical_error_rate"":0.002}","{""detection_events"":114,""detectors_checked"":10234}"
       384,         0,         0,    2.01,exact_mw,ca91ffa42463e210e189f165a9a4cbcfd1773a75ca815ff24a9009c31e62d8d0,"{""distance"":7,""physical_error_rate"":0.002}","{""detection_events"":2253,""detectors_checked"":231168}"
       128,         0,         0,   0.489,exact_mw,ca91ffa42463e210e189f165a9a4cbcfd1773a75ca815ff24a9009c31e62d8d0,"{""distance"":7,""physical_error_rate"":0.002}","{""detection_events"":715,""detectors_checked"":77056}"
     17408,         0,         0,    3.03,exact_mw,c34bb01325b9980f7caca1807bd93e7e28846c82b8c0538af034740e6e7d5106,"{""distance"":7,""physical_error_rate"":0.0005}","{""detection_events"":25964,""detectors_checked"":10479616}"
       512,         0,         0,   0.600,exact_mw,7acd59d404317421b37957afea3f5c66f33c9ef46579a47fd7c0ca3dd0dfc735,"{""distance"":7,""physical_error_rate"":0.001}","{""detection_events"":1542,""detectors_checked"":308224}"
        64,         0,         0,   0.273,exact_mw,ca91ffa42463e210e189f165a9a4cbcfd1773a75ca815ff24a9009c31e62d8d0,"{""distance"":7,""physical_error_rate"":0.002}","{""detection_events"":375,""detectors_checked"":38528}"
      2048,         0,         0,    1.91,exact_mw,7acd59d404317421b37957afea3f5c66f33c9ef46579a47fd7c0ca3dd0dfc735,"{""distance"":7,""physical_error_rate"":0.001}","{""detection_events"":6149,""detectors_checked"":1232896}"
        17,         0,         0,   0.055,exact_mw,ca91ffa42463e210e189f165a9a4cbcfd1773a75ca815ff24a9009c31e62d8d0,"{""distance"":7,""physical_error_rate"":0.002}","{""detection_events"":81,""detectors_checked"":10234}"
      6144,         0,         0,    1.31,exact_mw,c34bb01325b9980f7caca1807bd93e7e28846c82b8c0538af034740e6e7d5106,"{""distance"":7,""physical_error_rate"":0.0005}","{""detection_events"":9028,""detectors_checked"":3698688}"
     22528,         0,         0,    3.15,exact_mw,c34bb01325b9980f7caca1807bd93e7e28846c82b8c0538af034740e6e7d5106,"{""distance"":7,""physical_error_rate"":0.0005}","{""detection_events"":32903,""detectors_checked"":13561856}"
       512,         0,         0,   0.395,exact_mw,7acd59d404317421b37957afea3f5c66f33c9ef46579a47fd7c0ca3dd0dfc735,"{""distance"":7,""physical_error_rate"":0.001}","{""detection_events"":1515,""detectors_checked"":308224}"
      1024,         0,         0,   0.919,exact_mw,7acd59d404317421b37957afea3f5c66f33c9ef46579a47fd7c0ca3dd0dfc735,"{""distance"":7,""physical_error_rate"":0.001}","{""detection_events"":3160,""detectors_checked"":616448}"
       128,         0,         0,   0.552,exact_mw,ca91ffa42463e210e189f165a9a4cbcfd1773a75ca815ff24a9009c31e62d8d0,"{""distance"":7,""physical_error_rate"":0.002}","{""detection_events"":716,""detectors_checked"":77056}"
       256,         0,         0,    1.17,exact_mw,ca91ffa42463e210e189f165a9a4cbcfd1773a75ca815ff24a9009c31e62d8d0,"{""distance"":7,""physical_error_rate"":0.002}","{""detection_events"":1495,""detectors_checked"":154112}"
       512,         0,         0,    2.41,exact_mw,ca91ffa42463e210e189f165a9a4cbcfd1773a75ca815ff24a9009c31e62d8d0,"{""distance"":7,""physical_error_rate"":0.002}","{""detection_events"":2940,""detectors_checked"":308224}"
       512,         0,         0,   0.382,exact_mw,7acd59d404317421b37957afea3f5c66f33c9ef46579a47fd7c0ca3dd0dfc735,"{""distance"":7,""physical_error_rate"":0.001}","{""detection_events"":1490,""detectors_checked"":308224}"
       128,         0,         0,   0.496,exact_mw,ca91ffa42463e210e189f165a9a4cbcfd1773a75ca815ff24a9009c31e62d8d0,"{""distance"":7,""physical_error_rate"":0.002}","{""detection_events"":812,""detectors_checked"":77056}"
       128,         0,         0,    1.11,exact_mw,ca91ffa42463e210e189f165a9a4cbcfd1773a75ca815ff24a9009c31e62d8d0,"{""distance"":7,""physical_error_rate"":0.002}","{""detection_events"":945,""detectors_checked"":77056}"
      2048,         0,         0,    2.13,exact_mw,7acd59d404317421b37957afea3f5c66f33c9ef46579a47fd7c0ca3dd0dfc735,"{""distance"":7,""physical_error_rate"":0.001}","{""detection_events"":6027,""detectors_checked"":1232896}"
       128,         0,         0,   0.525,exact_mw,ca91ffa42463e210e189f165a9a4cbcfd1773a75ca815ff24a9009c31e62d8d0,"{""distance"":7,""physical_error_rate"":0.002}","{""detection_events"":745,""detectors_checked"":77056}"
       128,         0,         0,   0.426,exact_mw,ca91ffa42463e210e189f165a9a4cbcfd1773a75ca815ff24a9009c31e62d8d0,"{""distance"":7,""physical_error_rate"":0.002}","{""detection_events"":656,""detectors_checked"":77056}"
       512,         1,         0,   0.441,exact_mw,7acd59d404317421b37957afea3f5c66f33c9ef46579a47fd7c0ca3dd0dfc735,"{""distance"":7,""physical_error_rate"":0.001}","{""detection_events"":1402,""detectors_checked"":308224,""obs_mistake_mask=E"":1}"
      1024,         0,         0,    1.15,exact_mw,7acd59d404317421b37957afea3f5c66f33c9ef46579a47fd7c0ca3dd0dfc735,"{""distance"":7,""physical_error_rate"":0.001}","{""detection_events"":2991,""detectors_checked"":616448}"
       512,         0,         0,   0.408,exact_mw,7acd59d404317421b37957afea3f5c66f33c9ef46579a47fd7c0ca3dd0dfc735,"{""distance"":7,""physical_error_rate"":0.001}","{""detection_events"":1506,""detectors_checked"":308224}"
       128,         0,         0,   0.415,exact_mw,ca91ffa42463e210e189f165a9a4cbcfd1773a75ca815ff24a9009c31e62d8d0,"{""distance"":7,""physical_error_rate"":0.002}","{""detection_events"":694,""detectors_checked"":77056}"
       128,         1,         0,   0.762,exact_mw,ca91ffa42463e210e189f165a9a4cbcfd1773a75ca815ff24a9009c31e62d8d0,"{""distance"":7,""physical_error_rate"":0.002}","{""detection_events"":799,""detectors_checked"":77056,""obs_mistake_mask=E"":1}"
     21504,         0,         0,    3.15,exact_mw,c34bb01325b9980f7caca1807bd93e7e28846c82b8c0538af034740e6e7d5106,"{""distance"":7,""physical_error_rate"":0.0005}","{""detection_events"":32143,""detectors_checked"":12945408}"
     26368,         4,         0,   120.1,exact_mw,ca91ffa42463e210e189f165a9a4cbcfd1773a75ca815ff24a9009c31e62d8d0,"{""distance"":7,""physical_error_rate"":0.002}","{""detection_events"":154802,""detectors_checked"":15873536,""obs_mistake_mask=E"":4}"
       128,         0,         0,   0.654,exact_mw,ca91ffa42463e210e189f165a9a4cbcfd1773a75ca815ff24a9009c31e62d8d0,"{""distance"":7,""physical_error_rate"":0.002}","{""detection_events"":667,""detectors_checked"":77056}"
       640,         0,         0,    2.19,exact_mw,ca91ffa42463e210e189f165a9a4cbcfd1773a75ca815ff24a9009c31e62d8d0,"{""distance"":7,""physical_error_rate"":0.002}","{""detection_events"":3525,""detectors_checked"":385280}"
     19456,         0,         0,    3.52,exact_mw,c34bb01325b9980f7caca1807bd93e7e28846c82b8c0538af034740e6e7d5106,"{""distance"":7,""physical_error_rate"":0.0005}","{""detection_events"":28267,""detectors_checked"":11712512}"
      8192,         0,         0,    1.77,exact_mw,c34bb01325b9980f7caca1807bd93e7e28846c82b8c0538af034740e6e7d5106,"{""distance"":7,""physical_error_rate"":0.0005}","{""detection_events"":11893,""detectors_checked"":4931584}"
       128,         0,         0,   0.499,exact_mw,ca91ffa42463e210e189f165a9a4cbcfd1773a75ca815ff24a9009c31e62d8d0,"{""distance"":7,""physical_error_rate"":0.002}","{""detection_events"":826,""detectors_checked"":77056}"
       512,         0,         0,   0.593,exact_mw,7acd59d404317421b37957afea3f5c66f33c9ef46579a47fd7c0ca3dd0dfc735,"{""distance"":7,""physical_error_rate"":0.001}","{""detection_events"":1375,""detectors_checked"":308224}"
       128,         0,         0,   0.647,exact_mw,ca91ffa42463e210e189f165a9a4cbcfd1773a75ca815ff24a9009c31e62d8d0,"{""distance"":7,""physical_error_rate"":0.002}","{""detection_events"":709,""detectors_checked"":77056}"
       512,         0,         0,    1.78,exact_mw,ca91ffa42463e210e189f165a9a4cbcfd1773a75ca815ff24a9009c31e62d8d0,"{""distance"":7,""physical_error_rate"":0.002}","{""detection_events"":2673,""detectors_checked"":308224}"
       128,         0,         0,   0.791,exact_mw,ca91ffa42463e210e189f165a9a4cbcfd1773a75ca815ff24a9009c31e62d8d0,"{""distance"":7,""physical_error_rate"":0.002}","{""detection_events"":804,""detectors_checked"":77056}"
       128,         0,         0,   0.355,exact_mw,ca91ffa42463e210e189f165a9a4cbcfd1773a75ca815ff24a9009c31e62d8d0,"{""distance"":7,""physical_error_rate"":0.002}","{""detection_events"":669,""detectors_checked"":77056}"
      2560,         0,         0,    2.39,exact_mw,7acd59d404317421b37957afea3f5c66f33c9ef46579a47fd7c0ca3dd0dfc735,"{""distance"":7,""physical_error_rate"":0.001}","{""detection_events"":7466,""detectors_checked"":1541120}"
      1024,         0,         0,    1.19,exact_mw,7acd59d404317421b37957afea3f5c66f33c9ef46579a47fd7c0ca3dd0dfc735,"{""distance"":7,""physical_error_rate"":0.001}","{""detection_events"":3077,""detectors_checked"":616448}"
       128,         0,         0,   0.422,exact_mw,ca91ffa42463e210e189f165a9a4cbcfd1773a75ca815ff24a9009c31e62d8d0,"{""distance"":7,""physical_error_rate"":0.002}","{""detection_events"":804,""detectors_checked"":77056}"
      4096,         0,         0,    3.28,exact_mw,7acd59d404317421b37957afea3f5c66f33c9ef46579a47fd7c0ca3dd0dfc735,"{""distance"":7,""physical_error_rate"":0.001}","{""detection_events"":12276,""detectors_checked"":2465792}"
       128,         0,         0,   0.569,exact_mw,ca91ffa42463e210e189f165a9a4cbcfd1773a75ca815ff24a9009c31e62d8d0,"{""distance"":7,""physical_error_rate"":0.002}","{""detection_events"":778,""detectors_checked"":77056}"
      1024,         0,         0,    1.19,exact_mw,7acd59d404317421b37957afea3f5c66f33c9ef46579a47fd7c0ca3dd0dfc735,"{""distance"":7,""physical_error_rate"":0.001}","{""detection_events"":2863,""detectors_checked"":616448}"
       128,         0,         0,   0.520,exact_mw,ca91ffa42463e210e189f165a9a4cbcfd1773a75ca815ff24a9009c31e62d8d0,"{""distance"":7,""physical_error_rate"":0.002}","{""detection_events"":715,""detectors_checked"":77056}"
     26496,         3,         0,   120.1,exact_mw,ca91ffa42463e210e189f165a9a4cbcfd1773a75ca815ff24a9009c31e62d8d0,"{""distance"":7,""physical_error_rate"":0.002}","{""detection_events"":155074,""detectors_checked"":15950592,""obs_mistake_mask=E"":3}"
      3072,         0,         0,    2.56,exact_mw,7acd59d404317421b37957afea3f5c66f33c9ef46579a47fd7c0ca3dd0dfc735,"{""distance"":7,""physical_error_rate"":0.001}","{""detection_events"":9255,""detectors_checked"":1849344}"
      1024,         0,         0,   0.997,exact_mw,7acd59d404317421b37957afea3f5c66f33c9ef46579a47fd7c0ca3dd0dfc735,"{""distance"":7,""physical_error_rate"":0.001}","{""detection_events"":3075,""detectors_checked"":616448}"
       256,         0,         0,   0.895,exact_mw,ca91ffa42463e210e189f165a9a4cbcfd1773a75ca815ff24a9009c31e62d8d0,"{""distance"":7,""physical_error_rate"":0.002}","{""detection_events"":1435,""detectors_checked"":154112}"
       128,         0,         0,   0.581,exact_mw,ca91ffa42463e210e189f165a9a4cbcfd1773a75ca815ff24a9009c31e62d8d0,"{""distance"":7,""physical_error_rate"":0.002}","{""detection_events"":817,""detectors_checked"":77056}"
       896,         0,         0,    3.56,exact_mw,ca91ffa42463e210e189f165a9a4cbcfd1773a75ca815ff24a9009c31e62d8d0,"{""distance"":7,""physical_error_rate"":0.002}","{""detection_events"":5255,""detectors_checked"":539392}"
     23552,         0,         0,    4.39,exact_mw,c34bb01325b9980f7caca1807bd93e7e28846c82b8c0538af034740e6e7d5106,"{""distance"":7,""physical_error_rate"":0.0005}","{""detection_events"":35617,""detectors_checked"":14178304}"
       128,         1,         0,    1.89,exact_mw,ca91ffa42463e210e189f165a9a4cbcfd1773a75ca815ff24a9009c31e62d8d0,"{""distance"":7,""physical_error_rate"":0.002}","{""detection_events"":827,""detectors_checked"":77056,""obs_mistake_mask=E"":1}"
     14336,         0,         0,    2.30,exact_mw,c34bb01325b9980f7caca1807bd93e7e28846c82b8c0538af034740e6e7d5106,"{""distance"":7,""physical_error_rate"":0.0005}","{""detection_events"":21431,""detectors_checked"":8630272}"
       128,         0,         0,   0.448,exact_mw,ca91ffa42463e210e189f165a9a4cbcfd1773a75ca815ff24a9009c31e62d8d0,"{""distance"":7,""physical_error_rate"":0.002}","{""detection_events"":810,""detectors_checked"":77056}"
     22528,         1,         0,    4.29,exact_mw,c34bb01325b9980f7caca1807bd93e7e28846c82b8c0538af034740e6e7d5106,"{""distance"":7,""physical_error_rate"":0.0005}","{""detection_events"":33493,""detectors_checked"":13561856,""obs_mistake_mask=E"":1}"
      1536,         0,         0,    1.43,exact_mw,7acd59d404317421b37957afea3f5c66f33c9ef46579a47fd7c0ca3dd0dfc735,"{""distance"":7,""physical_error_rate"":0.001}","{""detection_events"":4284,""detectors_checked"":924672}"
       128,         0,         0,   0.421,exact_mw,ca91ffa42463e210e189f165a9a4cbcfd1773a75ca815ff24a9009c31e62d8d0,"{""distance"":7,""physical_error_rate"":0.002}","{""detection_events"":668,""detectors_checked"":77056}"
       640,         0,         0,    2.52,exact_mw,ca91ffa42463e210e189f165a9a4cbcfd1773a75ca815ff24a9009c31e62d8d0,"{""distance"":7,""physical_error_rate"":0.002}","{""detection_events"":3599,""detectors_checked"":385280}"
      1024,         0,         0,    1.41,exact_mw,7acd59d404317421b37957afea3f5c66f33c9ef46579a47fd7c0ca3dd0dfc735,"{""distance"":7,""physical_error_rate"":0.001}","{""detection_events"":3078,""detectors_checked"":616448}"
       256,         0,         0,    1.27,exact_mw,ca91ffa42463e210e189f165a9a4cbcfd1773a75ca815ff24a9009c31e62d8d0,"{""distance"":7,""physical_error_rate"":0.002}","{""detection_events"":1637,""detectors_checked"":154112}"
       128,         0,         0,   0.482,exact_mw,ca91ffa42463e210e189f165a9a4cbcfd1773a75ca815ff24a9009c31e62d8d0,"{""distance"":7,""physical_error_rate"":0.002}","{""detection_events"":723,""detectors_checked"":77056}"
       768,         0,         0,    3.46,exact_mw,ca91ffa42463e210e189f165a9a4cbcfd1773a75ca815ff24a9009c31e62d8d0,"{""distance"":7,""physical_error_rate"":0.002}","{""detection_events"":4513,""detectors_checked"":462336}"
        64,         0,         0,    1.30,exact_mw,ca91ffa42463e210e189f165a9a4cbcfd1773a75ca815ff24a9009c31e62d8d0,"{""distance"":7,""physical_error_rate"":0.002}","{""detection_events"":368,""detectors_checked"":38528}"
        32,         0,         0,   0.184,exact_mw,ca91ffa42463e210e189f165a9a4cbcfd1773a75ca815ff24a9009c31e62d8d0,"{""distance"":7,""physical_error_rate"":0.002}","{""detection_events"":176,""detectors_checked"":19264}"
      1024,         0,         0,   0.795,exact_mw,7acd59d404317421b37957afea3f5c66f33c9ef46579a47fd7c0ca3dd0dfc735,"{""distance"":7,""physical_error_rate"":0.001}","{""detection_events"":3116,""detectors_checked"":616448}"
      3072,         0,         0,    3.43,exact_mw,7acd59d404317421b37957afea3f5c66f33c9ef46579a47fd7c0ca3dd0dfc735,"{""distance"":7,""physical_error_rate"":0.001}","{""detection_events"":9172,""detectors_checked"":1849344}"
     26624,         0,         0,    4.32,exact_mw,c34bb01325b9980f7caca1807bd93e7e28846c82b8c0538af034740e6e7d5106,"{""distance"":7,""physical_error_rate"":0.0005}","{""detection_events"":39444,""detectors_checked"":16027648}"
    113920,         1,         0,   120.7,exact_mw,7acd59d404317421b37957afea3f5c66f33c9ef46579a47fd7c0ca3dd0dfc735,"{""distance"":7,""physical_error_rate"":0.001}","{""detection_events"":339320,""detectors_checked"":68579840,""obs_mistake_mask=E"":1}"
       256,         0,         0,   0.916,exact_mw,ca91ffa42463e210e189f165a9a4cbcfd1773a75ca815ff24a9009c31e62d8d0,"{""distance"":7,""physical_error_rate"":0.002}","{""detection_events"":1505,""detectors_checked"":154112}"
      9216,         0,         0,    4.45,exact_mw,c34bb01325b9980f7caca1807bd93e7e28846c82b8c0538af034740e6e7d5106,"{""distance"":7,""physical_error_rate"":0.0005}","{""detection_events"":13770,""detectors_checked"":5548032}"
        64,         0,         0,   0.722,exact_mw,ca91ffa42463e210e189f165a9a4cbcfd1773a75ca815ff24a9009c31e62d8d0,"{""distance"":7,""physical_error_rate"":0.002}","{""detection_events"":444,""detectors_checked"":38528}"
       384,         0,         0,    1.59,exact_mw,ca91ffa42463e210e189f165a9a4cbcfd1773a75ca815ff24a9009c31e62d8d0,"{""distance"":7,""physical_error_rate"":0.002}","{""detection_events"":2174,""detectors_checked"":231168}"
      1024,         0,         0,   0.842,exact_mw,7acd59d404317421b37957afea3f5c66f33c9ef46579a47fd7c0ca3dd0dfc735,"{""distance"":7,""physical_error_rate"":0.001}","{""detection_events"":2849,""detectors_checked"":616448}"
      1536,         0,         0,    2.17,exact_mw,7acd59d404317421b37957afea3f5c66f33c9ef46579a47fd7c0ca3dd0dfc735,"{""distance"":7,""physical_error_rate"":0.001}","{""detection_events"":4600,""detectors_checked"":924672}"
        64,         0,         0,   0.600,exact_mw,ca91ffa42463e210e189f165a9a4cbcfd1773a75ca815ff24a9009c31e62d8d0,"{""distance"":7,""physical_error_rate"":0.002}","{""detection_events"":396,""detectors_checked"":38528}"
    565248,         2,         0,   119.9,exact_mw,c34bb01325b9980f7caca1807bd93e7e28846c82b8c0538af034740e6e7d5106,"{""distance"":7,""physical_error_rate"":0.0005}","{""detection_events"":836603,""detectors_checked"":340279296,""obs_mistake_mask=E"":2}"
       256,         0,         0,   0.978,exact_mw,ca91ffa42463e210e189f165a9a4cbcfd1773a75ca815ff24a9009c31e62d8d0,"{""distance"":7,""physical_error_rate"":0.002}","{""detection_events"":1368,""detectors_checked"":154112}"
     19456,         0,         0,    3.17,exact_mw,c34bb01325b9980f7caca1807bd93e7e28846c82b8c0538af034740e6e7d5106,"{""distance"":7,""physical_error_rate"":0.0005}","{""detection_events"":28503,""detectors_checked"":11712512}"
      4096,         0,         0,    3.98,exact_mw,7acd59d404317421b37957afea3f5c66f33c9ef46579a47fd7c0ca3dd0dfc735,"{""distance"":7,""physical_error_rate"":0.001}","{""detection_events"":12395,""detectors_checked"":2465792}"
        64,         0,         0,   0.698,exact_mw,ca91ffa42463e210e189f165a9a4cbcfd1773a75ca815ff24a9009c31e62d8d0,"{""distance"":7,""physical_error_rate"":0.002}","{""detection_events"":421,""detectors_checked"":38528}"
      6144,         0,         0,    5.02,exact_mw,7acd59d404317421b37957afea3f5c66f33c9ef46579a47fd7c0ca3dd0dfc735,"{""distance"":7,""physical_error_rate"":0.001}","{""detection_events"":18801,""detectors_checked"":3698688}"
      1536,         0,         0,    1.33,exact_mw,7acd59d404317421b37957afea3f5c66f33c9ef46579a47fd7c0ca3dd0dfc735,"{""distance"":7,""physical_error_rate"":0.001}","{""detection_events"":4494,""detectors_checked"":924672}"
       256,         0,         0,    1.14,exact_mw,ca91ffa42463e210e189f165a9a4cbcfd1773a75ca815ff24a9009c31e62d8d0,"{""distance"":7,""physical_error_rate"":0.002}","{""detection_events"":1563,""detectors_checked"":154112}"
       896,         1,         0,    3.54,exact_mw,ca91ffa42463e210e189f165a9a4cbcfd1773a75ca815ff24a9009c31e62d8d0,"{""distance"":7,""physical_error_rate"":0.002}","{""detection_events"":4958,""detectors_checked"":539392,""obs_mistake_mask=E"":1}"
        64,         0,         0,   0.842,exact_mw,ca91ffa42463e210e189f165a9a4cbcfd1773a75ca815ff24a9009c31e62d8d0,"{""distance"":7,""physical_error_rate"":0.002}","{""detection_events"":307,""detectors_checked"":38528}"
      1280,         0,         0,    4.63,exact_mw,ca91ffa42463e210e189f165a9a4cbcfd1773a75ca815ff24a9009c31e62d8d0,"{""distance"":7,""physical_error_rate"":0.002}","{""detection_events"":7193,""detectors_checked"":770560}"
    762880,         2,         0,   120.1,exact_mw,c34bb01325b9980f7caca1807bd93e7e28846c82b8c0538af034740e6e7d5106,"{""distance"":7,""physical_error_rate"":0.0005}","{""detection_events"":1127637,""detectors_checked"":459253760,""obs_mistake_mask=E"":2}"
      2048,         0,         0,    2.33,exact_mw,7acd59d404317421b37957afea3f5c66f33c9ef46579a47fd7c0ca3dd0dfc735,"{""distance"":7,""physical_error_rate"":0.001}","{""detection_events"":5966,""detectors_checked"":1232896}"
     18080,         3,         0,   120.5,exact_mw,ca91ffa42463e210e189f165a9a4cbcfd1773a75ca815ff24a9009c31e62d8d0,"{""distance"":7,""physical_error_rate"":0.002}","{""detection_events"":105452,""detectors_checked"":10884160,""obs_mistake_mask=E"":3}"
       640,         1,         0,    2.71,exact_mw,ca91ffa42463e210e189f165a9a4cbcfd1773a75ca815ff24a9009c31e62d8d0,"{""distance"":7,""physical_error_rate"":0.002}","{""detection_events"":3665,""detectors_checked"":385280,""obs_mistake_mask=E"":1}"
        64,         0,         0,   0.842,exact_mw,ca91ffa42463e210e189f165a9a4cbcfd1773a75ca815ff24a9009c31e62d8d0,"{""distance"":7,""physical_error_rate"":0.002}","{""detection_events"":358,""detectors_checked"":38528}"
      1024,         0,         0,    4.33,exact_mw,ca91ffa42463e210e189f165a9a4cbcfd1773a75ca815ff24a9009c31e62d8d0,"{""distance"":7,""physical_error_rate"":0.002}","{""detection_events"":6136,""detectors_checked"":616448}"
      2048,         0,         0,    1.86,exact_mw,7acd59d404317421b37957afea3f5c66f33c9ef46579a47fd7c0ca3dd0dfc735,"{""distance"":7,""physical_error_rate"":0.001}","{""detection_events"":6027,""detectors_checked"":1232896}"
     33792,         0,         0,    6.07,exact_mw,c34bb01325b9980f7caca1807bd93e7e28846c82b8c0538af034740e6e7d5106,"{""distance"":7,""physical_error_rate"":0.0005}","{""detection_events"":50079,""detectors_checked"":20342784}"
       384,         0,         0,    2.02,exact_mw,ca91ffa42463e210e189f165a9a4cbcfd1773a75ca815ff24a9009c31e62d8d0,"{""distance"":7,""physical_error_rate"":0.002}","{""detection_events"":2498,""detectors_checked"":231168}"
     39936,         0,         0,    5.98,exact_mw,c34bb01325b9980f7caca1807bd93e7e28846c82b8c0538af034740e6e7d5106,"{""distance"":7,""physical_error_rate"":0.0005}","{""detection_events"":59097,""detectors_checked"":24041472}"
      5120,         0,         0,    4.75,exact_mw,7acd59d404317421b37957afea3f5c66f33c9ef46579a47fd7c0ca3dd0dfc735,"{""distance"":7,""physical_error_rate"":0.001}","{""detection_events"":15133,""detectors_checked"":3082240}"
       128,         0,         0,    1.37,exact_mw,ca91ffa42463e210e189f165a9a4cbcfd1773a75ca815ff24a9009c31e62d8d0,"{""distance"":7,""physical_error_rate"":0.002}","{""detection_events"":734,""detectors_checked"":77056}"
     25600,         0,         0,    4.50,exact_mw,c34bb01325b9980f7caca1807bd93e7e28846c82b8c0538af034740e6e7d5106,"{""distance"":7,""physical_error_rate"":0.0005}","{""detection_events"":37328,""detectors_checked"":15411200}"
     38912,         0,         0,    6.08,exact_mw,c34bb01325b9980f7caca1807bd93e7e28846c82b8c0538af034740e6e7d5106,"{""distance"":7,""physical_error_rate"":0.0005}","{""detection_events"":57268,""detectors_checked"":23425024}"
      6144,         0,         0,    4.95,exact_mw,7acd59d404317421b37957afea3f5c66f33c9ef46579a47fd7c0ca3dd0dfc735,"{""distance"":7,""physical_error_rate"":0.001}","{""detection_events"":17809,""detectors_checked"":3698688}"
      2560,         0,         0,    2.55,exact_mw,7acd59d404317421b37957afea3f5c66f33c9ef46579a47fd7c0ca3dd0dfc735,"{""distance"":7,""physical_error_rate"":0.001}","{""detection_events"":8133,""detectors_checked"":1541120}"
     13312,         0,         0,    6.26,exact_mw,c34bb01325b9980f7caca1807bd93e7e28846c82b8c0538af034740e6e7d5106,"{""distance"":7,""physical_error_rate"":0.0005}","{""detection_events"":19405,""detectors_checked"":8013824}"
      3072,         0,         0,    3.36,exact_mw,7acd59d404317421b37957afea3f5c66f33c9ef46579a47fd7c0ca3dd0dfc735,"{""distance"":7,""physical_error_rate"":0.001}","{""detection_events"":8861,""detectors_checked"":1849344}"
       512,         0,         0,    2.31,exact_mw,ca91ffa42463e210e189f165a9a4cbcfd1773a75ca815ff24a9009c31e62d8d0,"{""distance"":7,""physical_error_rate"":0.002}","{""detection_events"":3070,""detectors_checked"":308224}"
     21376,         0,         0,   120.6,exact_mw,ca91ffa42463e210e189f165a9a4cbcfd1773a75ca815ff24a9009c31e62d8d0,"{""distance"":7,""physical_error_rate"":0.002}","{""detection_events"":125349,""detectors_checked"":12868352}"
       768,         0,         0,    3.31,exact_mw,ca91ffa42463e210e189f165a9a4cbcfd1773a75ca815ff24a9009c31e62d8d0,"{""distance"":7,""physical_error_rate"":0.002}","{""detection_events"":4720,""detectors_checked"":462336}"
       128,         0,         0,    2.15,exact_mw,ca91ffa42463e210e189f165a9a4cbcfd1773a75ca815ff24a9009c31e62d8d0,"{""distance"":7,""physical_error_rate"":0.002}","{""detection_events"":715,""detectors_checked"":77056}"
      1024,         0,         0,    4.89,exact_mw,ca91ffa42463e210e189f165a9a4cbcfd1773a75ca815ff24a9009c31e62d8d0,"{""distance"":7,""physical_error_rate"":0.002}","{""detection_events"":6044,""detectors_checked"":616448}"
      8192,         1,         0,    6.76,exact_mw,7acd59d404317421b37957afea3f5c66f33c9ef46579a47fd7c0ca3dd0dfc735,"{""distance"":7,""physical_error_rate"":0.001}","{""detection_events"":24111,""detectors_checked"":4931584,""obs_mistake_mask=E"":1}"
      1664,         0,         0,    6.14,exact_mw,ca91ffa42463e210e189f165a9a4cbcfd1773a75ca815ff24a9009c31e62d8d0,"{""distance"":7,""physical_error_rate"":0.002}","{""detection_events"":9499,""detectors_checked"":1001728}"
      1280,         0,         0,    6.02,exact_mw,ca91ffa42463e210e189f165a9a4cbcfd1773a75ca815ff24a9009c31e62d8d0,"{""distance"":7,""physical_error_rate"":0.002}","{""detection_events"":7397,""detectors_checked"":770560}"
       768,         0,         0,    3.08,exact_mw,ca91ffa42463e210e189f165a9a4cbcfd1773a75ca815ff24a9009c31e62d8d0,"{""distance"":7,""physical_error_rate"":0.002}","{""detection_events"":4368,""detectors_checked"":462336}"
       192,         0,         0,    2.88,exact_mw,ca91ffa42463e210e189f165a9a4cbcfd1773a75ca815ff24a9009c31e62d8d0,"{""distance"":7,""physical_error_rate"":0.002}","{""detection_events"":1069,""detectors_checked"":115584}"
      3584,         0,         0,    3.50,exact_mw,7acd59d404317421b37957afea3f5c66f33c9ef46579a47fd7c0ca3dd0dfc735,"{""distance"":7,""physical_error_rate"":0.001}","{""detection_events"":10695,""detectors_checked"":2157568}"
     79872,         1,         0,   120.3,exact_mw,7acd59d404317421b37957afea3f5c66f33c9ef46579a47fd7c0ca3dd0dfc735,"{""distance"":7,""physical_error_rate"":0.001}","{""detection_events"":235186,""detectors_checked"":48082944,""obs_mistake_mask=E"":1}"
      5632,         0,         0,    6.29,exact_mw,7acd59d404317421b37957afea3f5c66f33c9ef46579a47fd7c0ca3dd0dfc735,"{""distance"":7,""physical_error_rate"":0.001}","{""detection_events"":16616,""detectors_checked"":3390464}"
      4608,         0,         0,    4.39,exact_mw,7acd59d404317421b37957afea3f5c66f33c9ef46579a47fd7c0ca3dd0dfc735,"{""distance"":7,""physical_error_rate"":0.001}","{""detection_events"":13256,""detectors_checked"":2774016}"
      1024,         1,         0,    4.55,exact_mw,ca91ffa42463e210e189f165a9a4cbcfd1773a75ca815ff24a9009c31e62d8d0,"{""distance"":7,""physical_error_rate"":0.002}","{""detection_events"":5781,""detectors_checked"":616448,""obs_mistake_mask=E"":1}"
     28672,         0,         0,    6.10,exact_mw,c34bb01325b9980f7caca1807bd93e7e28846c82b8c0538af034740e6e7d5106,"{""distance"":7,""physical_error_rate"":0.0005}","{""detection_events"":41843,""detectors_checked"":17260544}"
      7168,         0,         0,    6.31,exact_mw,7acd59d404317421b37957afea3f5c66f33c9ef46579a47fd7c0ca3dd0dfc735,"{""distance"":7,""physical_error_rate"":0.001}","{""detection_events"":21185,""detectors_checked"":4315136}"
     40960,         0,         0,    8.64,exact_mw,c34bb01325b9980f7caca1807bd93e7e28846c82b8c0538af034740e6e7d5106,"{""distance"":7,""physical_error_rate"":0.0005}","{""detection_events"":61504,""detectors_checked"":24657920}"
     54272,         0,         0,    8.45,exact_mw,c34bb01325b9980f7caca1807bd93e7e28846c82b8c0538af034740e6e7d5106,"{""distance"":7,""physical_error_rate"":0.0005}","{""detection_events"":80425,""detectors_checked"":32671744}"
      1280,         0,         0,    6.01,exact_mw,ca91ffa42463e210e189f165a9a4cbcfd1773a75ca815ff24a9009c31e62d8d0,"{""distance"":7,""physical_error_rate"":0.002}","{""detection_events"":7519,""detectors_checked"":770560}"
     82944,         2,         0,   120.7,exact_mw,7acd59d404317421b37957afea3f5c66f33c9ef46579a47fd7c0ca3dd0dfc735,"{""distance"":7,""physical_error_rate"":0.001}","{""detection_events"":245616,""detectors_checked"":49932288,""obs_mistake_mask=E"":2}"
       256,         0,         0,    3.55,exact_mw,ca91ffa42463e210e189f165a9a4cbcfd1773a75ca815ff24a9009c31e62d8d0,"{""distance"":7,""physical_error_rate"":0.002}","{""detection_events"":1355,""detectors_checked"":154112}"
      1024,         0,         0,    4.27,exact_mw,ca91ffa42463e210e189f165a9a4cbcfd1773a75ca815ff24a9009c31e62d8d0,"{""distance"":7,""physical_error_rate"":0.002}","{""detection_events"":5972,""detectors_checked"":616448}"
     50176,         0,         0,    8.49,exact_mw,c34bb01325b9980f7caca1807bd93e7e28846c82b8c0538af034740e6e7d5106,"{""distance"":7,""physical_error_rate"":0.0005}","{""detection_events"":74267,""detectors_checked"":30205952}"
      5120,         0,         0,    4.56,exact_mw,7acd59d404317421b37957afea3f5c66f33c9ef46579a47fd7c0ca3dd0dfc735,"{""distance"":7,""physical_error_rate"":0.001}","{""detection_events"":15338,""detectors_checked"":3082240}"
     26112,         5,         0,   120.1,exact_mw,ca91ffa42463e210e189f165a9a4cbcfd1773a75ca815ff24a9009c31e62d8d0,"{""distance"":7,""physical_error_rate"":0.002}","{""detection_events"":152714,""detectors_checked"":15719424,""obs_mistake_mask=E"":5}"
    115072,         2,         0,   120.3,exact_mw,7acd59d404317421b37957afea3f5c66f33c9ef46579a47fd7c0ca3dd0dfc735,"{""distance"":7,""physical_error_rate"":0.001}","{""detection_events"":339340,""detectors_checked"":69273344,""obs_mistake_mask=E"":2}"
     20480,         0,         0,    8.39,exact_mw,c34bb01325b9980f7caca1807bd93e7e28846c82b8c0538af034740e6e7d5106,"{""distance"":7,""physical_error_rate"":0.0005}","{""detection_events"":30001,""detectors_checked"":12328960}"
    775168,         2,         0,   119.9,exact_mw,c34bb01325b9980f7caca1807bd93e7e28846c82b8c0538af034740e6e7d5106,"{""distance"":7,""physical_error_rate"":0.0005}","{""detection_events"":1146408,""detectors_checked"":466651136,""obs_mistake_mask=E"":2}"
    126976,         4,         0,   120.8,exact_mw,7acd59d404317421b37957afea3f5c66f33c9ef46579a47fd7c0ca3dd0dfc735,"{""distance"":7,""physical_error_rate"":0.001}","{""detection_events"":373853,""detectors_checked"":76439552,""obs_mistake_mask=E"":4}"
      2304,         0,         0,    8.37,exact_mw,ca91ffa42463e210e189f165a9a4cbcfd1773a75ca815ff24a9009c31e62d8d0,"{""distance"":7,""physical_error_rate"":0.002}","{""detection_events"":13214,""detectors_checked"":1387008}"
     10240,         1,         0,    8.74,exact_mw,7acd59d404317421b37957afea3f5c66f33c9ef46579a47fd7c0ca3dd0dfc735,"{""distance"":7,""physical_error_rate"":0.001}","{""detection_events"":29917,""detectors_checked"":6164480,""obs_mistake_mask=E"":1}"
      7168,         0,         0,    6.37,exact_mw,7acd59d404317421b37957afea3f5c66f33c9ef46579a47fd7c0ca3dd0dfc735,"{""distance"":7,""physical_error_rate"":0.001}","{""detection_events"":21100,""detectors_checked"":4315136}"
      1536,         0,         0,    6.30,exact_mw,ca91ffa42463e210e189f165a9a4cbcfd1773a75ca815ff24a9009c31e62d8d0,"{""distance"":7,""physical_error_rate"":0.002}","{""detection_events"":9313,""detectors_checked"":924672}"
      1024,         0,         0,    4.42,exact_mw,ca91ffa42463e210e189f165a9a4cbcfd1773a75ca815ff24a9009c31e62d8d0,"{""distance"":7,""physical_error_rate"":0.002}","{""detection_events"":5998,""detectors_checked"":616448}"
      1920,         0,         0,    8.82,exact_mw,ca91ffa42463e210e189f165a9a4cbcfd1773a75ca815ff24a9009c31e62d8d0,"{""distance"":7,""physical_error_rate"":0.002}","{""detection_events"":11580,""detectors_checked"":1155840}"
     17056,         5,         0,   120.5,exact_mw,ca91ffa42463e210e189f165a9a4cbcfd1773a75ca815ff24a9009c31e62d8d0,"{""distance"":7,""physical_error_rate"":0.002}","{""detection_events"":99027,""detectors_checked"":10267712,""obs_mistake_mask=E"":5}"
      9216,         1,         0,    8.72,exact_mw,7acd59d404317421b37957afea3f5c66f33c9ef46579a47fd7c0ca3dd0dfc735,"{""distance"":7,""physical_error_rate"":0.001}","{""detection_events"":27486,""detectors_checked"":5548032,""obs_mistake_mask=E"":1}"
      1280,         0,         0,    6.08,exact_mw,ca91ffa42463e210e189f165a9a4cbcfd1773a75ca815ff24a9009c31e62d8d0,"{""distance"":7,""physical_error_rate"":0.002}","{""detection_events"":7554,""detectors_checked"":770560}"
     39936,         0,         0,    8.38,exact_mw,c34bb01325b9980f7caca1807bd93e7e28846c82b8c0538af034740e6e7d5106,"{""distance"":7,""physical_error_rate"":0.0005}","{""detection_events"":59563,""detectors_checked"":24041472}"
      6656,         0,         0,    6.22,exact_mw,7acd59d404317421b37957afea3f5c66f33c9ef46579a47fd7c0ca3dd0dfc735,"{""distance"":7,""physical_error_rate"":0.001}","{""detection_events"":19769,""detectors_checked"":4006912}"
     10240,         0,         0,    8.75,exact_mw,7acd59d404317421b37957afea3f5c66f33c9ef46579a47fd7c0ca3dd0dfc735,"{""distance"":7,""physical_error_rate"":0.001}","{""detection_events"":29985,""detectors_checked"":6164480}"
    685056,         2,         0,   120.0,exact_mw,c34bb01325b9980f7caca1807bd93e7e28846c82b8c0538af034740e6e7d5106,"{""distance"":7,""physical_error_rate"":0.0005}","{""detection_events"":1013875,""detectors_checked"":412403712,""obs_mistake_mask=E"":2}"
      1536,         0,         0,    8.75,exact_mw,ca91ffa42463e210e189f165a9a4cbcfd1773a75ca815ff24a9009c31e62d8d0,"{""distance"":7,""physical_error_rate"":0.002}","{""detection_events"":8661,""detectors_checked"":924672}"
      1536,         0,         0,    6.59,exact_mw,ca91ffa42463e210e189f165a9a4cbcfd1773a75ca815ff24a9009c31e62d8d0,"{""distance"":7,""physical_error_rate"":0.002}","{""detection_events"":8916,""detectors_checked"":924672}"
     68608,         0,         0,    11.8,exact_mw,c34bb01325b9980f7caca1807bd93e7e28846c82b8c0538af034740e6e7d5106,"{""distance"":7,""physical_error_rate"":0.0005}","{""detection_events"":101430,""detectors_checked"":41302016}"
     74752,         0,         0,    11.8,exact_mw,c34bb01325b9980f7caca1807bd93e7e28846c82b8c0538af034740e6e7d5106,"{""distance"":7,""physical_error_rate"":0.0005}","{""detection_events"":109543,""detectors_checked"":45000704}"
      9216,         0,         0,    8.63,exact_mw,7acd59d404317421b37957afea3f5c66f33c9ef46579a47fd7c0ca3dd0dfc735,"{""distance"":7,""physical_error_rate"":0.001}","{""detection_events"":27088,""detectors_checked"":5548032}"
      1920,         1,         0,    8.55,exact_mw,ca91ffa42463e210e189f165a9a4cbcfd1773a75ca815ff24a9009c31e62d8d0,"{""distance"":7,""physical_error_rate"":0.002}","{""detection_events"":11283,""detectors_checked"":1155840,""obs_mistake_mask=E"":1}"
     58368,         1,         0,    11.8,exact_mw,c34bb01325b9980f7caca1807bd93e7e28846c82b8c0538af034740e6e7d5106,"{""distance"":7,""physical_error_rate"":0.0005}","{""detection_events"":86168,""detectors_checked"":35137536,""obs_mistake_mask=E"":1}"
     66560,         0,         0,    11.8,exact_mw,c34bb01325b9980f7caca1807bd93e7e28846c82b8c0538af034740e6e7d5106,"{""distance"":7,""physical_error_rate"":0.0005}","{""detection_events"":98441,""detectors_checked"":40069120}"
      1664,         0,         0,    8.37,exact_mw,ca91ffa42463e210e189f165a9a4cbcfd1773a75ca815ff24a9009c31e62d8d0,"{""distance"":7,""physical_error_rate"":0.002}","{""detection_events"":9873,""detectors_checked"":1001728}"
      2432,         0,         0,    11.9,exact_mw,ca91ffa42463e210e189f165a9a4cbcfd1773a75ca815ff24a9009c31e62d8d0,"{""distance"":7,""physical_error_rate"":0.002}","{""detection_events"":14166,""detectors_checked"":1464064}"
     15360,         0,         0,    12.0,exact_mw,7acd59d404317421b37957afea3f5c66f33c9ef46579a47fd7c0ca3dd0dfc735,"{""distance"":7,""physical_error_rate"":0.001}","{""detection_events"":44868,""detectors_checked"":9246720}"
     10240,         1,         0,    8.93,exact_mw,7acd59d404317421b37957afea3f5c66f33c9ef46579a47fd7c0ca3dd0dfc735,"{""distance"":7,""physical_error_rate"":0.001}","{""detection_events"":30125,""detectors_checked"":6164480,""obs_mistake_mask=E"":1}"
      2432,         0,         0,    12.0,exact_mw,ca91ffa42463e210e189f165a9a4cbcfd1773a75ca815ff24a9009c31e62d8d0,"{""distance"":7,""physical_error_rate"":0.002}","{""detection_events"":14234,""detectors_checked"":1464064}"
     25728,         3,         0,   120.0,exact_mw,ca91ffa42463e210e189f165a9a4cbcfd1773a75ca815ff24a9009c31e62d8d0,"{""distance"":7,""physical_error_rate"":0.002}","{""detection_events"":151005,""detectors_checked"":15488256,""obs_mistake_mask=E"":3}"
    137728,         3,         0,   120.0,exact_mw,7acd59d404317421b37957afea3f5c66f33c9ef46579a47fd7c0ca3dd0dfc735,"{""distance"":7,""physical_error_rate"":0.001}","{""detection_events"":405797,""detectors_checked"":82912256,""obs_mistake_mask=E"":3}"
     10752,         0,         0,    12.3,exact_mw,7acd59d404317421b37957afea3f5c66f33c9ef46579a47fd7c0ca3dd0dfc735,"{""distance"":7,""physical_error_rate"":0.001}","{""detection_events"":31269,""detectors_checked"":6472704}"
     55296,         0,         0,    11.7,exact_mw,c34bb01325b9980f7caca1807bd93e7e28846c82b8c0538af034740e6e7d5106,"{""distance"":7,""physical_error_rate"":0.0005}","{""detection_events"":81467,""detectors_checked"":33288192}"
    128512,         1,         0,   120.1,exact_mw,7acd59d404317421b37957afea3f5c66f33c9ef46579a47fd7c0ca3dd0dfc735,"{""distance"":7,""physical_error_rate"":0.001}","{""detection_events"":379997,""detectors_checked"":77364224,""obs_mistake_mask=E"":1}"
      1920,         0,         0,    8.63,exact_mw,ca91ffa42463e210e189f165a9a4cbcfd1773a75ca815ff24a9009c31e62d8d0,"{""distance"":7,""physical_error_rate"":0.002}","{""detection_events"":11335,""detectors_checked"":1155840}"
      9728,         0,         0,    11.7,exact_mw,7acd59d404317421b37957afea3f5c66f33c9ef46579a47fd7c0ca3dd0dfc735,"{""distance"":7,""physical_error_rate"":0.001}","{""detection_events"":28688,""detectors_checked"":5856256}"
    124416,         3,         0,   120.6,exact_mw,7acd59d404317421b37957afea3f5c66f33c9ef46579a47fd7c0ca3dd0dfc735,"{""distance"":7,""physical_error_rate"":0.001}","{""detection_events"":369074,""detectors_checked"":74898432,""obs_mistake_mask=E"":3}"
      2432,         2,         0,    11.8,exact_mw,ca91ffa42463e210e189f165a9a4cbcfd1773a75ca815ff24a9009c31e62d8d0,"{""distance"":7,""physical_error_rate"":0.002}","{""detection_events"":14768,""detectors_checked"":1464064,""obs_mistake_mask=E"":2}"
     25984,         4,         0,   120.1,exact_mw,ca91ffa42463e210e189f165a9a4cbcfd1773a75ca815ff24a9009c31e62d8d0,"{""distance"":7,""physical_error_rate"":0.002}","{""detection_events"":151376,""detectors_checked"":15642368,""obs_mistake_mask=E"":4}"
     27008,         2,         0,   120.6,exact_mw,ca91ffa42463e210e189f165a9a4cbcfd1773a75ca815ff24a9009c31e62d8d0,"{""distance"":7,""physical_error_rate"":0.002}","{""detection_events"":158297,""detectors_checked"":16258816,""obs_mistake_mask=E"":2}"
     10240,         0,         0,    11.9,exact_mw,7acd59d404317421b37957afea3f5c66f33c9ef46579a47fd7c0ca3dd0dfc735,"{""distance"":7,""physical_error_rate"":0.001}","{""detection_events"":29397,""detectors_checked"":6164480}"
      2944,         0,         0,    12.1,exact_mw,ca91ffa42463e210e189f165a9a4cbcfd1773a75ca815ff24a9009c31e62d8d0,"{""distance"":7,""physical_error_rate"":0.002}","{""detection_events"":17282,""detectors_checked"":1772288}"
      2048,         1,         0,    12.1,exact_mw,ca91ffa42463e210e189f165a9a4cbcfd1773a75ca815ff24a9009c31e62d8d0,"{""distance"":7,""physical_error_rate"":0.002}","{""detection_events"":12315,""detectors_checked"":1232896,""obs_mistake_mask=E"":1}"
    584704,         5,         0,   120.0,exact_mw,c34bb01325b9980f7caca1807bd93e7e28846c82b8c0538af034740e6e7d5106,"{""distance"":7,""physical_error_rate"":0.0005}","{""detection_events"":865189,""detectors_checked"":351991808,""obs_mistake_mask=E"":5}"
     93184,         0,         0,    16.5,exact_mw,c34bb01325b9980f7caca1807bd93e7e28846c82b8c0538af034740e6e7d5106,"{""distance"":7,""physical_error_rate"":0.0005}","{""detection_events"":138897,""detectors_checked"":56096768}"
     46080,         0,         0,    16.9,exact_mw,c34bb01325b9980f7caca1807bd93e7e28846c82b8c0538af034740e6e7d5106,"{""distance"":7,""physical_error_rate"":0.0005}","{""detection_events"":68309,""detectors_checked"":27740160}"
     13312,         0,         0,    12.3,exact_mw,7acd59d404317421b37957afea3f5c66f33c9ef46579a47fd7c0ca3dd0dfc735,"{""distance"":7,""physical_error_rate"":0.001}","{""detection_events"":39993,""detectors_checked"":8013824}"
    117248,         1,         0,   120.0,exact_mw,7acd59d404317421b37957afea3f5c66f33c9ef46579a47fd7c0ca3dd0dfc735,"{""distance"":7,""physical_error_rate"":0.001}","{""detection_events"":346354,""detectors_checked"":70583296,""obs_mistake_mask=E"":1}"
    109568,         0,         0,    16.5,exact_mw,c34bb01325b9980f7caca1807bd93e7e28846c82b8c0538af034740e6e7d5106,"{""distance"":7,""physical_error_rate"":0.0005}","{""detection_events"":160735,""detectors_checked"":65959936}"
     88064,         0,         0,    16.7,exact_mw,c34bb01325b9980f7caca1807bd93e7e28846c82b8c0538af034740e6e7d5106,"{""distance"":7,""physical_error_rate"":0.0005}","{""detection_events"":129692,""detectors_checked"":53014528}"
      1536,         0,         0,    11.8,exact_mw,ca91ffa42463e210e189f165a9a4cbcfd1773a75ca815ff24a9009c31e62d8d0,"{""distance"":7,""physical_error_rate"":0.002}","{""detection_events"":9017,""detectors_checked"":924672}"
     17920,         0,         0,    16.4,exact_mw,7acd59d404317421b37957afea3f5c66f33c9ef46579a47fd7c0ca3dd0dfc735,"{""distance"":7,""physical_error_rate"":0.001}","{""detection_events"":53583,""detectors_checked"":10787840}"
      3072,         1,         0,    16.6,exact_mw,ca91ffa42463e210e189f165a9a4cbcfd1773a75ca815ff24a9009c31e62d8d0,"{""distance"":7,""physical_error_rate"":0.002}","{""detection_events"":17907,""detectors_checked"":1849344,""obs_mistake_mask=E"":1}"
     23104,         2,         0,   120.6,exact_mw,ca91ffa42463e210e189f165a9a4cbcfd1773a75ca815ff24a9009c31e62d8d0,"{""distance"":7,""physical_error_rate"":0.002}","{""detection_events"":136812,""detectors_checked"":13908608,""obs_mistake_mask=E"":2}"
      3456,         0,         0,    16.4,exact_mw,ca91ffa42463e210e189f165a9a4cbcfd1773a75ca815ff24a9009c31e62d8d0,"{""distance"":7,""physical_error_rate"":0.002}","{""detection_events"":20043,""detectors_checked"":2080512}"
    718848,         3,         0,   119.8,exact_mw,c34bb01325b9980f7caca1807bd93e7e28846c82b8c0538af034740e6e7d5106,"{""distance"":7,""physical_error_rate"":0.0005}","{""detection_events"":1061811,""detectors_checked"":432746496,""obs_mistake_mask=E"":3}"
     83968,         0,         0,    16.4,exact_mw,c34bb01325b9980f7caca1807bd93e7e28846c82b8c0538af034740e6e7d5106,"{""distance"":7,""physical_error_rate"":0.0005}","{""detection_events"":124896,""detectors_checked"":50548736}"
     13824,         0,         0,    17.1,exact_mw,7acd59d404317421b37957afea3f5c66f33c9ef46579a47fd7c0ca3dd0dfc735,"{""distance"":7,""physical_error_rate"":0.001}","{""detection_events"":40610,""detectors_checked"":8322048}"
     17920,         0,         0,    16.7,exact_mw,7acd59d404317421b37957afea3f5c66f33c9ef46579a47fd7c0ca3dd0dfc735,"{""distance"":7,""physical_error_rate"":0.001}","{""detection_events"":52491,""detectors_checked"":10787840}"
      2944,         2,         0,    16.7,exact_mw,ca91ffa42463e210e189f165a9a4cbcfd1773a75ca815ff24a9009c31e62d8d0,"{""distance"":7,""physical_error_rate"":0.002}","{""detection_events"":17420,""detectors_checked"":1772288,""obs_mistake_mask=E"":2}"
     13312,         1,         0,    16.4,exact_mw,7acd59d404317421b37957afea3f5c66f33c9ef46579a47fd7c0ca3dd0dfc735,"{""distance"":7,""physical_error_rate"":0.001}","{""detection_events"":38608,""detectors_checked"":8013824,""obs_mistake_mask=E"":1}"
      3584,         0,         0,    16.6,exact_mw,ca91ffa42463e210e189f165a9a4cbcfd1773a75ca815ff24a9009c31e62d8d0,"{""distance"":7,""physical_error_rate"":0.002}","{""detection_events"":20839,""detectors_checked"":2157568}"
     85504,         3,         0,   120.1,exact_mw,7acd59d404317421b37957afea3f5c66f33c9ef46579a47fd7c0ca3dd0dfc735,"{""distance"":7,""physical_error_rate"":0.001}","{""detection_events"":254560,""detectors_checked"":51473408,""obs_mistake_mask=E"":3}"
      2816,         1,         0,    16.9,exact_mw,ca91ffa42463e210e189f165a9a4cbcfd1773a75ca815ff24a9009c31e62d8d0,"{""distance"":7,""physical_error_rate"":0.002}","{""detection_events"":16607,""detectors_checked"":1695232,""obs_mistake_mask=E"":1}"
     16896,         0,         0,    17.1,exact_mw,7acd59d404317421b37957afea3f5c66f33c9ef46579a47fd7c0ca3dd0dfc735,"{""distance"":7,""physical_error_rate"":0.001}","{""detection_events"":49374,""detectors_checked"":10171392}"
      3072,         0,         0,    16.6,exact_mw,ca91ffa42463e210e189f165a9a4cbcfd1773a75ca815ff24a9009c31e62d8d0,"{""distance"":7,""physical_error_rate"":0.002}","{""detection_events"":18046,""detectors_checked"":1849344}"
    793600,         1,         0,   119.9,exact_mw,c34bb01325b9980f7caca1807bd93e7e28846c82b8c0538af034740e6e7d5106,"{""distance"":7,""physical_error_rate"":0.0005}","{""detection_events"":1172115,""detectors_checked"":477747200,""obs_mistake_mask=E"":1}"
     20128,         1,         0,   120.1,exact_mw,ca91ffa42463e210e189f165a9a4cbcfd1773a75ca815ff24a9009c31e62d8d0,"{""distance"":7,""physical_error_rate"":0.002}","{""detection_events"":118002,""detectors_checked"":12117056,""obs_mistake_mask=E"":1}"
    117760,         1,         0,    23.1,exact_mw,c34bb01325b9980f7caca1807bd93e7e28846c82b8c0538af034740e6e7d5106,"{""distance"":7,""physical_error_rate"":0.0005}","{""detection_events"":173417,""detectors_checked"":70891520,""obs_mistake_mask=E"":1}"
     71680,         0,         0,    23.3,exact_mw,c34bb01325b9980f7caca1807bd93e7e28846c82b8c0538af034740e6e7d5106,"{""distance"":7,""physical_error_rate"":0.0005}","{""detection_events"":104884,""detectors_checked"":43151360}"
    611328,         2,         0,   120.0,exact_mw,c34bb01325b9980f7caca1807bd93e7e28846c82b8c0538af034740e6e7d5106,"{""distance"":7,""physical_error_rate"":0.0005}","{""detection_events"":903404,""detectors_checked"":368019456,""obs_mistake_mask=E"":2}"
    125952,         0,         0,    23.2,exact_mw,c34bb01325b9980f7caca1807bd93e7e28846c82b8c0538af034740e6e7d5106,"{""distance"":7,""physical_error_rate"":0.0005}","{""detection_events"":187543,""detectors_checked"":75823104}"
     86016,         0,         0,    23.3,exact_mw,c34bb01325b9980f7caca1807bd93e7e28846c82b8c0538af034740e6e7d5106,"{""distance"":7,""physical_error_rate"":0.0005}","{""detection_events"":127227,""detectors_checked"":51781632}"
    718848,         0,         0,   120.0,exact_mw,c34bb01325b9980f7caca1807bd93e7e28846c82b8c0538af034740e6e7d5106,"{""distance"":7,""physical_error_rate"":0.0005}","{""detection_events"":1067145,""detectors_checked"":432746496}"
    126976,         4,         0,   120.1,exact_mw,7acd59d404317421b37957afea3f5c66f33c9ef46579a47fd7c0ca3dd0dfc735,"{""distance"":7,""physical_error_rate"":0.001}","{""detection_events"":375552,""detectors_checked"":76439552,""obs_mistake_mask=E"":4}"
    659456,         1,         0,   119.9,exact_mw,c34bb01325b9980f7caca1807bd93e7e28846c82b8c0538af034740e6e7d5106,"{""distance"":7,""physical_error_rate"":0.0005}","{""detection_events"":979668,""detectors_checked"":396992512,""obs_mistake_mask=E"":1}"
    556032,         1,         0,   119.9,exact_mw,c34bb01325b9980f7caca1807bd93e7e28846c82b8c0538af034740e6e7d5106,"{""distance"":7,""physical_error_rate"":0.0005}","{""detection_events"":823034,""detectors_checked"":334731264,""obs_mistake_mask=E"":1}"
     24576,         6,         0,   120.3,exact_mw,ca91ffa42463e210e189f165a9a4cbcfd1773a75ca815ff24a9009c31e62d8d0,"{""distance"":7,""physical_error_rate"":0.002}","{""detection_events"":145154,""detectors_checked"":14794752,""obs_mistake_mask=E"":6}"
     25088,         0,         0,    23.0,exact_mw,7acd59d404317421b37957afea3f5c66f33c9ef46579a47fd7c0ca3dd0dfc735,"{""distance"":7,""physical_error_rate"":0.001}","{""detection_events"":74389,""detectors_checked"":15102976}"
      4608,         2,         0,    23.2,exact_mw,ca91ffa42463e210e189f165a9a4cbcfd1773a75ca815ff24a9009c31e62d8d0,"{""distance"":7,""physical_error_rate"":0.002}","{""detection_events"":26507,""detectors_checked"":2774016,""obs_mistake_mask=E"":2}"
      4608,         1,         0,    23.5,exact_mw,ca91ffa42463e210e189f165a9a4cbcfd1773a75ca815ff24a9009c31e62d8d0,"{""distance"":7,""physical_error_rate"":0.002}","{""detection_events"":27556,""detectors_checked"":2774016,""obs_mistake_mask=E"":1}"
    111616,         0,         0,    22.9,exact_mw,c34bb01325b9980f7caca1807bd93e7e28846c82b8c0538af034740e6e7d5106,"{""distance"":7,""physical_error_rate"":0.0005}","{""detection_events"":164865,""detectors_checked"":67192832}"
     24064,         0,         0,    23.0,exact_mw,7acd59d404317421b37957afea3f5c66f33c9ef46579a47fd7c0ca3dd0dfc735,"{""distance"":7,""physical_error_rate"":0.001}","{""detection_events"":71189,""detectors_checked"":14486528}"
     25600,         0,         0,    23.2,exact_mw,7acd59d404317421b37957afea3f5c66f33c9ef46579a47fd7c0ca3dd0dfc735,"{""distance"":7,""physical_error_rate"":0.001}","{""detection_events"":74629,""detectors_checked"":15411200}"
      3648,         0,         0,    23.2,exact_mw,ca91ffa42463e210e189f165a9a4cbcfd1773a75ca815ff24a9009c31e62d8d0,"{""distance"":7,""physical_error_rate"":0.002}","{""detection_events"":21263,""detectors_checked"":2196096}"
     22048,         1,         0,   120.5,exact_mw,ca91ffa42463e210e189f165a9a4cbcfd1773a75ca815ff24a9009c31e62d8d0,"{""distance"":7,""physical_error_rate"":0.002}","{""detection_events"":128986,""detectors_checked"":13272896,""obs_mistake_mask=E"":1}"
     27904,         5,         0,   121.1,exact_mw,ca91ffa42463e210e189f165a9a4cbcfd1773a75ca815ff24a9009c31e62d8d0,"{""distance"":7,""physical_error_rate"":0.002}","{""detection_events"":164236,""detectors_checked"":16798208,""obs_mistake_mask=E"":5}"
    304128,         0,         0,   119.8,exact_mw,c34bb01325b9980f7caca1807bd93e7e28846c82b8c0538af034740e6e7d5106,"{""distance"":7,""physical_error_rate"":0.0005}","{""detection_events"":449299,""detectors_checked"":183085056}"
     22976,         3,         0,   120.3,exact_mw,ca91ffa42463e210e189f165a9a4cbcfd1773a75ca815ff24a9009c31e62d8d0,"{""distance"":7,""physical_error_rate"":0.002}","{""detection_events"":134434,""detectors_checked"":13831552,""obs_mistake_mask=E"":3}"
     22528,         1,         0,    23.5,exact_mw,7acd59d404317421b37957afea3f5c66f33c9ef46579a47fd7c0ca3dd0dfc735,"{""distance"":7,""physical_error_rate"":0.001}","{""detection_events"":66671,""detectors_checked"":13561856,""obs_mistake_mask=E"":1}"
      3968,         1,         0,    23.0,exact_mw,ca91ffa42463e210e189f165a9a4cbcfd1773a75ca815ff24a9009c31e62d8d0,"{""distance"":7,""physical_error_rate"":0.002}","{""detection_events"":23326,""detectors_checked"":2388736,""obs_mistake_mask=E"":1}"
    125440,         7,         0,   119.9,exact_mw,7acd59d404317421b37957afea3f5c66f33c9ef46579a47fd7c0ca3dd0dfc735,"{""distance"":7,""physical_error_rate"":0.001}","{""detection_events"":373083,""detectors_checked"":75514880,""obs_mistake_mask=E"":7}"
    107008,         1,         0,   120.2,exact_mw,7acd59d404317421b37957afea3f5c66f33c9ef46579a47fd7c0ca3dd0dfc735,"{""distance"":7,""physical_error_rate"":0.001}","{""detection_events"":316463,""detectors_checked"":64418816,""obs_mistake_mask=E"":1}"
      3456,         0,         0,    23.7,exact_mw,ca91ffa42463e210e189f165a9a4cbcfd1773a75ca815ff24a9009c31e62d8d0,"{""distance"":7,""physical_error_rate"":0.002}","{""detection_events"":20385,""detectors_checked"":2080512}"
    113664,         3,         0,   120.2,exact_mw,7acd59d404317421b37957afea3f5c66f33c9ef46579a47fd7c0ca3dd0dfc735,"{""distance"":7,""physical_error_rate"":0.001}","{""detection_events"":337061,""detectors_checked"":68425728,""obs_mistake_mask=E"":3}"
     17920,         0,         0,    23.8,exact_mw,7acd59d404317421b37957afea3f5c66f33c9ef46579a47fd7c0ca3dd0dfc735,"{""distance"":7,""physical_error_rate"":0.001}","{""detection_events"":53053,""detectors_checked"":10787840}"
      4864,         0,         0,    23.2,exact_mw,ca91ffa42463e210e189f165a9a4cbcfd1773a75ca815ff24a9009c31e62d8d0,"{""distance"":7,""physical_error_rate"":0.002}","{""detection_events"":28009,""detectors_checked"":2928128}"
    119296,         1,         0,   120.2,exact_mw,7acd59d404317421b37957afea3f5c66f33c9ef46579a47fd7c0ca3dd0dfc735,"{""distance"":7,""physical_error_rate"":0.001}","{""detection_events"":351628,""detectors_checked"":71816192,""obs_mistake_mask=E"":1}"
     19904,         3,         0,   120.7,exact_mw,ca91ffa42463e210e189f165a9a4cbcfd1773a75ca815ff24a9009c31e62d8d0,"{""distance"":7,""physical_error_rate"":0.002}","{""detection_events"":117431,""detectors_checked"":11982208,""obs_mistake_mask=E"":3}"
    203776,         0,         0,    32.2,exact_mw,c34bb01325b9980f7caca1807bd93e7e28846c82b8c0538af034740e6e7d5106,"{""distance"":7,""physical_error_rate"":0.0005}","{""detection_events"":301526,""detectors_checked"":122673152}"
    131072,         0,         0,    32.2,exact_mw,c34bb01325b9980f7caca1807bd93e7e28846c82b8c0538af034740e6e7d5106,"{""distance"":7,""physical_error_rate"":0.0005}","{""detection_events"":193338,""detectors_checked"":78905344}"
    173056,         0,         0,    32.1,exact_mw,c34bb01325b9980f7caca1807bd93e7e28846c82b8c0538af034740e6e7d5106,"{""distance"":7,""physical_error_rate"":0.0005}","{""detection_events"":254960,""detectors_checked"":104179712}"
    128000,         0,         0,    32.1,exact_mw,c34bb01325b9980f7caca1807bd93e7e28846c82b8c0538af034740e6e7d5106,"{""distance"":7,""physical_error_rate"":0.0005}","{""detection_events"":189414,""detectors_checked"":77056000}"
     38912,         0,         0,    32.3,exact_mw,7acd59d404317421b37957afea3f5c66f33c9ef46579a47fd7c0ca3dd0dfc735,"{""distance"":7,""physical_error_rate"":0.001}","{""detection_events"":114856,""detectors_checked"":23425024}"
      7936,         2,         0,    32.6,exact_mw,ca91ffa42463e210e189f165a9a4cbcfd1773a75ca815ff24a9009c31e62d8d0,"{""distance"":7,""physical_error_rate"":0.002}","{""detection_events"":46642,""detectors_checked"":4777472,""obs_mistake_mask=E"":2}"
      5184,         1,         0,    32.8,exact_mw,ca91ffa42463e210e189f165a9a4cbcfd1773a75ca815ff24a9009c31e62d8d0,"{""distance"":7,""physical_error_rate"":0.002}","{""detection_events"":30411,""detectors_checked"":3120768,""obs_mistake_mask=E"":1}"
    207872,         1,         0,    32.1,exact_mw,c34bb01325b9980f7caca1807bd93e7e28846c82b8c0538af034740e6e7d5106,"{""distance"":7,""physical_error_rate"":0.0005}","{""detection_events"":307428,""detectors_checked"":125138944,""obs_mistake_mask=E"":1}"
     25600,         0,         0,    32.2,exact_mw,7acd59d404317421b37957afea3f5c66f33c9ef46579a47fd7c0ca3dd0dfc735,"{""distance"":7,""physical_error_rate"":0.001}","{""detection_events"":76163,""detectors_checked"":15411200}"
     30208,         1,         0,    32.2,exact_mw,7acd59d404317421b37957afea3f5c66f33c9ef46579a47fd7c0ca3dd0dfc735,"{""distance"":7,""physical_error_rate"":0.001}","{""detection_events"":89546,""detectors_checked"":18185216,""obs_mistake_mask=E"":1}"
      6272,         3,         0,    32.7,exact_mw,ca91ffa42463e210e189f165a9a4cbcfd1773a75ca815ff24a9009c31e62d8d0,"{""distance"":7,""physical_error_rate"":0.002}","{""detection_events"":37040,""detectors_checked"":3775744,""obs_mistake_mask=E"":3}"
    707584,         1,         0,   120.0,exact_mw,c34bb01325b9980f7caca1807bd93e7e28846c82b8c0538af034740e6e7d5106,"{""distance"":7,""physical_error_rate"":0.0005}","{""detection_events"":1047941,""detectors_checked"":425965568,""obs_mistake_mask=E"":1}"
    536576,         2,         0,   119.8,exact_mw,c34bb01325b9980f7caca1807bd93e7e28846c82b8c0538af034740e6e7d5106,"{""distance"":7,""physical_error_rate"":0.0005}","{""detection_events"":794203,""detectors_checked"":323018752,""obs_mistake_mask=E"":2}"
     25088,         0,         0,    32.2,exact_mw,7acd59d404317421b37957afea3f5c66f33c9ef46579a47fd7c0ca3dd0dfc735,"{""distance"":7,""physical_error_rate"":0.001}","{""detection_events"":73949,""detectors_checked"":15102976}"
      6144,         1,         0,    33.0,exact_mw,ca91ffa42463e210e189f165a9a4cbcfd1773a75ca815ff24a9009c31e62d8d0,"{""distance"":7,""physical_error_rate"":0.002}","{""detection_events"":35835,""detectors_checked"":3698688,""obs_mistake_mask=E"":1}"
    644096,         2,         0,   120.0,exact_mw,c34bb01325b9980f7caca1807bd93e7e28846c82b8c0538af034740e6e7d5106,"{""distance"":7,""physical_error_rate"":0.0005}","{""detection_events"":953093,""detectors_checked"":387745792,""obs_mistake_mask=E"":2}"
    101888,         0,         0,   120.4,exact_mw,7acd59d404317421b37957afea3f5c66f33c9ef46579a47fd7c0ca3dd0dfc735,"{""distance"":7,""physical_error_rate"":0.001}","{""detection_events"":302159,""detectors_checked"":61336576}"
    515072,         1,         0,   120.0,exact_mw,c34bb01325b9980f7caca1807bd93e7e28846c82b8c0538af034740e6e7d5106,"{""distance"":7,""physical_error_rate"":0.0005}","{""detection_events"":762239,""detectors_checked"":310073344,""obs_mistake_mask=E"":1}"
      5376,         1,         0,    32.4,exact_mw,ca91ffa42463e210e189f165a9a4cbcfd1773a75ca815ff24a9009c31e62d8d0,"{""distance"":7,""physical_error_rate"":0.002}","{""detection_events"":31133,""detectors_checked"":3236352,""obs_mistake_mask=E"":1}"
     30720,         0,         0,    32.7,exact_mw,7acd59d404317421b37957afea3f5c66f33c9ef46579a47fd7c0ca3dd0dfc735,"{""distance"":7,""physical_error_rate"":0.001}","{""detection_events"":90269,""detectors_checked"":18493440}"
     24448,         3,         0,   120.2,exact_mw,ca91ffa42463e210e189f165a9a4cbcfd1773a75ca815ff24a9009c31e62d8d0,"{""distance"":7,""physical_error_rate"":0.002}","{""detection_events"":143527,""detectors_checked"":14717696,""obs_mistake_mask=E"":3}"
      5888,         0,         0,    32.7,exact_mw,ca91ffa42463e210e189f165a9a4cbcfd1773a75ca815ff24a9009c31e62d8d0,"{""distance"":7,""physical_error_rate"":0.002}","{""detection_events"":34435,""detectors_checked"":3544576}"
     22656,         3,         0,   120.8,exact_mw,ca91ffa42463e210e189f165a9a4cbcfd1773a75ca815ff24a9009c31e62d8d0,"{""distance"":7,""physical_error_rate"":0.002}","{""detection_events"":134121,""detectors_checked"":13638912,""obs_mistake_mask=E"":3}"
     84992,         1,         0,   120.3,exact_mw,7acd59d404317421b37957afea3f5c66f33c9ef46579a47fd7c0ca3dd0dfc735,"{""distance"":7,""physical_error_rate"":0.001}","{""detection_events"":250131,""detectors_checked"":51165184,""obs_mistake_mask=E"":1}"
    665600,         0,         0,   119.9,exact_mw,c34bb01325b9980f7caca1807bd93e7e28846c82b8c0538af034740e6e7d5106,"{""distance"":7,""physical_error_rate"":0.0005}","{""detection_events"":982119,""detectors_checked"":400691200}"
    616448,         1,         0,   119.9,exact_mw,c34bb01325b9980f7caca1807bd93e7e28846c82b8c0538af034740e6e7d5106,"{""distance"":7,""physical_error_rate"":0.0005}","{""detection_events"":914673,""detectors_checked"":371101696,""obs_mistake_mask=E"":1}"
     22272,         3,         0,   120.2,exact_mw,ca91ffa42463e210e189f165a9a4cbcfd1773a75ca815ff24a9009c31e62d8d0,"{""distance"":7,""physical_error_rate"":0.002}","{""detection_events"":130370,""detectors_checked"":13407744,""obs_mistake_mask=E"":3}"
     20032,         4,         0,   121.1,exact_mw,ca91ffa42463e210e189f165a9a4cbcfd1773a75ca815ff24a9009c31e62d8d0,"{""distance"":7,""physical_error_rate"":0.002}","{""detection_events"":117505,""detectors_checked"":12059264,""obs_mistake_mask=E"":4}"
    105984,         0,         0,   120.2,exact_mw,7acd59d404317421b37957afea3f5c66f33c9ef46579a47fd7c0ca3dd0dfc735,"{""distance"":7,""physical_error_rate"":0.001}","{""detection_events"":312884,""detectors_checked"":63802368}"
    101632,         1,         0,   120.4,exact_mw,7acd59d404317421b37957afea3f5c66f33c9ef46579a47fd7c0ca3dd0dfc735,"{""distance"":7,""physical_error_rate"":0.001}","{""detection_events"":300255,""detectors_checked"":61182464,""obs_mistake_mask=E"":1}"
     23552,         2,         0,   120.2,exact_mw,ca91ffa42463e210e189f165a9a4cbcfd1773a75ca815ff24a9009c31e62d8d0,"{""distance"":7,""physical_error_rate"":0.002}","{""detection_events"":137553,""detectors_checked"":14178304,""obs_mistake_mask=E"":2}"
     89344,         2,         0,   120.8,exact_mw,7acd59d404317421b37957afea3f5c66f33c9ef46579a47fd7c0ca3dd0dfc735,"{""distance"":7,""physical_error_rate"":0.001}","{""detection_events"":262538,""detectors_checked"":53785088,""obs_mistake_mask=E"":2}"
    879616,         4,         0,   119.9,exact_mw,c34bb01325b9980f7caca1807bd93e7e28846c82b8c0538af034740e6e7d5106,"{""distance"":7,""physical_error_rate"":0.0005}","{""detection_events"":1299804,""detectors_checked"":529528832,""obs_mistake_mask=E"":4}"
    112640,         0,         0,   120.0,exact_mw,7acd59d404317421b37957afea3f5c66f33c9ef46579a47fd7c0ca3dd0dfc735,"{""distance"":7,""physical_error_rate"":0.001}","{""detection_events"":331374,""detectors_checked"":67809280}"
     21120,         4,         0,   120.2,exact_mw,ca91ffa42463e210e189f165a9a4cbcfd1773a75ca815ff24a9009c31e62d8d0,"{""distance"":7,""physical_error_rate"":0.002}","{""detection_events"":124695,""detectors_checked"":12714240,""obs_mistake_mask=E"":4}"
    295936,         1,         0,    45.2,exact_mw,c34bb01325b9980f7caca1807bd93e7e28846c82b8c0538af034740e6e7d5106,"{""distance"":7,""physical_error_rate"":0.0005}","{""detection_events"":439206,""detectors_checked"":178153472,""obs_mistake_mask=E"":1}"
    613376,         2,         0,   120.0,exact_mw,c34bb01325b9980f7caca1807bd93e7e28846c82b8c0538af034740e6e7d5106,"{""distance"":7,""physical_error_rate"":0.0005}","{""detection_events"":908927,""detectors_checked"":369252352,""obs_mistake_mask=E"":2}"
    219136,         0,         0,    45.1,exact_mw,c34bb01325b9980f7caca1807bd93e7e28846c82b8c0538af034740e6e7d5106,"{""distance"":7,""physical_error_rate"":0.0005}","{""detection_events"":323092,""detectors_checked"":131919872}"
    222208,         0,         0,    45.0,exact_mw,c34bb01325b9980f7caca1807bd93e7e28846c82b8c0538af034740e6e7d5106,"{""distance"":7,""physical_error_rate"":0.0005}","{""detection_events"":327562,""detectors_checked"":133769216}"
    198656,         2,         0,    45.0,exact_mw,c34bb01325b9980f7caca1807bd93e7e28846c82b8c0538af034740e6e7d5106,"{""distance"":7,""physical_error_rate"":0.0005}","{""detection_events"":294449,""detectors_checked"":119590912,""obs_mistake_mask=E"":2}"
     51712,         0,         0,    46.0,exact_mw,7acd59d404317421b37957afea3f5c66f33c9ef46579a47fd7c0ca3dd0dfc735,"{""distance"":7,""physical_error_rate"":0.001}","{""detection_events"":152418,""detectors_checked"":31130624}"
     10880,         2,         0,    45.9,exact_mw,ca91ffa42463e210e189f165a9a4cbcfd1773a75ca815ff24a9009c31e62d8d0,"{""distance"":7,""physical_error_rate"":0.002}","{""detection_events"":62630,""detectors_checked"":6549760,""obs_mistake_mask=E"":2}"
      7424,         4,         0,    45.3,exact_mw,ca91ffa42463e210e189f165a9a4cbcfd1773a75ca815ff24a9009c31e62d8d0,"{""distance"":7,""physical_error_rate"":0.002}","{""detection_events"":43424,""detectors_checked"":4469248,""obs_mistake_mask=E"":4}"
    225280,         0,         0,    45.0,exact_mw,c34bb01325b9980f7caca1807bd93e7e28846c82b8c0538af034740e6e7d5106,"{""distance"":7,""physical_error_rate"":0.0005}","{""detection_events"":332998,""detectors_checked"":135618560}"
     35328,         0,         0,    45.2,exact_mw,7acd59d404317421b37957afea3f5c66f33c9ef46579a47fd7c0ca3dd0dfc735,"{""distance"":7,""physical_error_rate"":0.001}","{""detection_events"":103918,""detectors_checked"":21267456}"
     49664,         0,         0,    46.1,exact_mw,7acd59d404317421b37957afea3f5c66f33c9ef46579a47fd7c0ca3dd0dfc735,"{""distance"":7,""physical_error_rate"":0.001}","{""detection_events"":147028,""detectors_checked"":29897728}"
     22656,         4,         0,   120.6,exact_mw,ca91ffa42463e210e189f165a9a4cbcfd1773a75ca815ff24a9009c31e62d8d0,"{""distance"":7,""physical_error_rate"":0.002}","{""detection_events"":132229,""detectors_checked"":13638912,""obs_mistake_mask=E"":4}"
      9472,         2,         0,    45.7,exact_mw,ca91ffa42463e210e189f165a9a4cbcfd1773a75ca815ff24a9009c31e62d8d0,"{""distance"":7,""physical_error_rate"":0.002}","{""detection_events"":54756,""detectors_checked"":5702144,""obs_mistake_mask=E"":2}"
    139264,         1,         0,   120.7,exact_mw,7acd59d404317421b37957afea3f5c66f33c9ef46579a47fd7c0ca3dd0dfc735,"{""distance"":7,""physical_error_rate"":0.001}","{""detection_events"":409510,""detectors_checked"":83836928,""obs_mistake_mask=E"":1}"
    134656,         4,         0,   120.3,exact_mw,7acd59d404317421b37957afea3f5c66f33c9ef46579a47fd7c0ca3dd0dfc735,"{""distance"":7,""physical_error_rate"":0.001}","{""detection_events"":397062,""detectors_checked"":81062912,""obs_mistake_mask=E"":4}"
     99328,         0,         0,   120.2,exact_mw,7acd59d404317421b37957afea3f5c66f33c9ef46579a47fd7c0ca3dd0dfc735,"{""distance"":7,""physical_error_rate"":0.001}","{""detection_events"":293317,""detectors_checked"":59795456}"
     35328,         1,         0,    45.4,exact_mw,7acd59d404317421b37957afea3f5c66f33c9ef46579a47fd7c0ca3dd0dfc735,"{""distance"":7,""physical_error_rate"":0.001}","{""detection_events"":103802,""detectors_checked"":21267456,""obs_mistake_mask=E"":1}"
     20416,         6,         0,   120.7,exact_mw,ca91ffa42463e210e189f165a9a4cbcfd1773a75ca815ff24a9009c31e62d8d0,"{""distance"":7,""physical_error_rate"":0.002}","{""detection_events"":120088,""detectors_checked"":12290432,""obs_mistake_mask=E"":6}"
      7424,         0,         0,    45.3,exact_mw,ca91ffa42463e210e189f165a9a4cbcfd1773a75ca815ff24a9009c31e62d8d0,"{""distance"":7,""physical_error_rate"":0.002}","{""detection_events"":43699,""detectors_checked"":4469248}"
     22144,         2,         0,   120.0,exact_mw,ca91ffa42463e210e189f165a9a4cbcfd1773a75ca815ff24a9009c31e62d8d0,"{""distance"":7,""physical_error_rate"":0.002}","{""detection_events"":130411,""detectors_checked"":13330688,""obs_mistake_mask=E"":2}"
      7424,         1,         0,    45.0,exact_mw,ca91ffa42463e210e189f165a9a4cbcfd1773a75ca815ff24a9009c31e62d8d0,"{""distance"":7,""physical_error_rate"":0.002}","{""detection_events"":43891,""detectors_checked"":4469248,""obs_mistake_mask=E"":1}"
    657408,         1,         0,   120.0,exact_mw,c34bb01325b9980f7caca1807bd93e7e28846c82b8c0538af034740e6e7d5106,"{""distance"":7,""physical_error_rate"":0.0005}","{""detection_events"":973532,""detectors_checked"":395759616,""obs_mistake_mask=E"":1}"
     41472,         1,         0,    45.7,exact_mw,7acd59d404317421b37957afea3f5c66f33c9ef46579a47fd7c0ca3dd0dfc735,"{""distance"":7,""physical_error_rate"":0.001}","{""detection_events"":122987,""detectors_checked"":24966144,""obs_mistake_mask=E"":1}"
      8320,         0,         0,    45.4,exact_mw,ca91ffa42463e210e189f165a9a4cbcfd1773a75ca815ff24a9009c31e62d8d0,"{""distance"":7,""physical_error_rate"":0.002}","{""detection_events"":48739,""detectors_checked"":5008640}"
    101120,         4,         0,   120.4,exact_mw,7acd59d404317421b37957afea3f5c66f33c9ef46579a47fd7c0ca3dd0dfc735,"{""distance"":7,""physical_error_rate"":0.001}","{""detection_events"":298387,""detectors_checked"":60874240,""obs_mistake_mask=E"":4}"
     22720,         6,         0,   120.1,exact_mw,ca91ffa42463e210e189f165a9a4cbcfd1773a75ca815ff24a9009c31e62d8d0,"{""distance"":7,""physical_error_rate"":0.002}","{""detection_events"":131893,""detectors_checked"":13677440,""obs_mistake_mask=E"":6}"
    677888,         2,         0,   120.0,exact_mw,c34bb01325b9980f7caca1807bd93e7e28846c82b8c0538af034740e6e7d5106,"{""distance"":7,""physical_error_rate"":0.0005}","{""detection_events"":1003616,""detectors_checked"":408088576,""obs_mistake_mask=E"":2}"
    109824,         4,         0,   120.4,exact_mw,7acd59d404317421b37957afea3f5c66f33c9ef46579a47fd7c0ca3dd0dfc735,"{""distance"":7,""physical_error_rate"":0.001}","{""detection_events"":322404,""detectors_checked"":66114048,""obs_mistake_mask=E"":4}"
    782336,         2,         0,   119.9,exact_mw,c34bb01325b9980f7caca1807bd93e7e28846c82b8c0538af034740e6e7d5106,"{""distance"":7,""physical_error_rate"":0.0005}","{""detection_events"":1156631,""detectors_checked"":470966272,""obs_mistake_mask=E"":2}"
     25920,         4,         0,   120.1,exact_mw,ca91ffa42463e210e189f165a9a4cbcfd1773a75ca815ff24a9009c31e62d8d0,"{""distance"":7,""physical_error_rate"":0.002}","{""detection_events"":151374,""detectors_checked"":15603840,""obs_mistake_mask=E"":4}"
    614400,         1,         0,   119.9,exact_mw,c34bb01325b9980f7caca1807bd93e7e28846c82b8c0538af034740e6e7d5106,"{""distance"":7,""physical_error_rate"":0.0005}","{""detection_events"":909799,""detectors_checked"":369868800,""obs_mistake_mask=E"":1}"
    666624,         1,         0,   120.0,exact_mw,c34bb01325b9980f7caca1807bd93e7e28846c82b8c0538af034740e6e7d5106,"{""distance"":7,""physical_error_rate"":0.0005}","{""detection_events"":988529,""detectors_checked"":401307648,""obs_mistake_mask=E"":1}"
    732160,         0,         0,   119.9,exact_mw,c34bb01325b9980f7caca1807bd93e7e28846c82b8c0538af034740e6e7d5106,"{""distance"":7,""physical_error_rate"":0.0005}","{""detection_events"":1083693,""detectors_checked"":440760320}"
    139776,         2,         0,   120.6,exact_mw,7acd59d404317421b37957afea3f5c66f33c9ef46579a47fd7c0ca3dd0dfc735,"{""distance"":7,""physical_error_rate"":0.001}","{""detection_events"":413202,""detectors_checked"":84145152,""obs_mistake_mask=E"":2}"
    619520,         3,         0,   119.9,exact_mw,c34bb01325b9980f7caca1807bd93e7e28846c82b8c0538af034740e6e7d5106,"{""distance"":7,""physical_error_rate"":0.0005}","{""detection_events"":916642,""detectors_checked"":372951040,""obs_mistake_mask=E"":3}"
     23808,         4,         0,   120.4,exact_mw,ca91ffa42463e210e189f165a9a4cbcfd1773a75ca815ff24a9009c31e62d8d0,"{""distance"":7,""physical_error_rate"":0.002}","{""detection_events"":139154,""detectors_checked"":14332416,""obs_mistake_mask=E"":4}"
     18368,         5,         0,   120.5,exact_mw,ca91ffa42463e210e189f165a9a4cbcfd1773a75ca815ff24a9009c31e62d8d0,"{""distance"":7,""physical_error_rate"":0.002}","{""detection_events"":107686,""detectors_checked"":11057536,""obs_mistake_mask=E"":5}"
     32128,         6,         0,   120.1,exact_mw,ca91ffa42463e210e189f165a9a4cbcfd1773a75ca815ff24a9009c31e62d8d0,"{""distance"":7,""physical_error_rate"":0.002}","{""detection_events"":188041,""detectors_checked"":19341056,""obs_mistake_mask=E"":6}"
    508928,         1,         0,   119.9,exact_mw,c34bb01325b9980f7caca1807bd93e7e28846c82b8c0538af034740e6e7d5106,"{""distance"":7,""physical_error_rate"":0.0005}","{""detection_events"":753516,""detectors_checked"":306374656,""obs_mistake_mask=E"":1}"
     19968,         2,         0,   120.9,exact_mw,ca91ffa42463e210e189f165a9a4cbcfd1773a75ca815ff24a9009c31e62d8d0,"{""distance"":7,""physical_error_rate"":0.002}","{""detection_events"":117943,""detectors_checked"":12020736,""obs_mistake_mask=E"":2}"
    129024,         1,         0,   120.2,exact_mw,7acd59d404317421b37957afea3f5c66f33c9ef46579a47fd7c0ca3dd0dfc735,"{""distance"":7,""physical_error_rate"":0.001}","{""detection_events"":380563,""detectors_checked"":77672448,""obs_mistake_mask=E"":1}"
    107008,         2,         0,   120.0,exact_mw,7acd59d404317421b37957afea3f5c66f33c9ef46579a47fd7c0ca3dd0dfc735,"{""distance"":7,""physical_error_rate"":0.001}","{""detection_events"":315308,""detectors_checked"":64418816,""obs_mistake_mask=E"":2}"
    114688,         3,         0,   120.2,exact_mw,7acd59d404317421b37957afea3f5c66f33c9ef46579a47fd7c0ca3dd0dfc735,"{""distance"":7,""physical_error_rate"":0.001}","{""detection_events"":339163,""detectors_checked"":69042176,""obs_mistake_mask=E"":3}"
    455680,         0,         0,    63.1,exact_mw,c34bb01325b9980f7caca1807bd93e7e28846c82b8c0538af034740e6e7d5106,"{""distance"":7,""physical_error_rate"":0.0005}","{""detection_events"":670749,""detectors_checked"":274319360}"
    235520,         1,         0,    63.1,exact_mw,c34bb01325b9980f7caca1807bd93e7e28846c82b8c0538af034740e6e7d5106,"{""distance"":7,""physical_error_rate"":0.0005}","{""detection_events"":348776,""detectors_checked"":141783040,""obs_mistake_mask=E"":1}"
     94848,         2,         0,   120.2,exact_mw,7acd59d404317421b37957afea3f5c66f33c9ef46579a47fd7c0ca3dd0dfc735,"{""distance"":7,""physical_error_rate"":0.001}","{""detection_events"":279269,""detectors_checked"":57098496,""obs_mistake_mask=E"":2}"
    342016,         2,         0,    63.1,exact_mw,c34bb01325b9980f7caca1807bd93e7e28846c82b8c0538af034740e6e7d5106,"{""distance"":7,""physical_error_rate"":0.0005}","{""detection_events"":507132,""detectors_checked"":205893632,""obs_mistake_mask=E"":2}"
    250880,         0,         0,    63.7,exact_mw,c34bb01325b9980f7caca1807bd93e7e28846c82b8c0538af034740e6e7d5106,"{""distance"":7,""physical_error_rate"":0.0005}","{""detection_events"":372708,""detectors_checked"":151029760}"
     19584,         2,         0,   120.5,exact_mw,ca91ffa42463e210e189f165a9a4cbcfd1773a75ca815ff24a9009c31e62d8d0,"{""distance"":7,""physical_error_rate"":0.002}","{""detection_events"":114543,""detectors_checked"":11789568,""obs_mistake_mask=E"":2}"
    115200,         1,         0,    63.2,exact_mw,7acd59d404317421b37957afea3f5c66f33c9ef46579a47fd7c0ca3dd0dfc735,"{""distance"":7,""physical_error_rate"":0.001}","{""detection_events"":339061,""detectors_checked"":69350400,""obs_mistake_mask=E"":1}"
     18688,         1,         0,    63.4,exact_mw,ca91ffa42463e210e189f165a9a4cbcfd1773a75ca815ff24a9009c31e62d8d0,"{""distance"":7,""physical_error_rate"":0.002}","{""detection_events"":107718,""detectors_checked"":11250176,""obs_mistake_mask=E"":1}"
     10368,         2,         0,    63.1,exact_mw,ca91ffa42463e210e189f165a9a4cbcfd1773a75ca815ff24a9009c31e62d8d0,"{""distance"":7,""physical_error_rate"":0.002}","{""detection_events"":61095,""detectors_checked"":6241536,""obs_mistake_mask=E"":2}"
    333824,         1,         0,    63.0,exact_mw,c34bb01325b9980f7caca1807bd93e7e28846c82b8c0538af034740e6e7d5106,"{""distance"":7,""physical_error_rate"":0.0005}","{""detection_events"":495060,""detectors_checked"":200962048,""obs_mistake_mask=E"":1}"
     47360,         3,         0,    64.0,exact_mw,7acd59d404317421b37957afea3f5c66f33c9ef46579a47fd7c0ca3dd0dfc735,"{""distance"":7,""physical_error_rate"":0.001}","{""detection_events"":138384,""detectors_checked"":28510720,""obs_mistake_mask=E"":3}"
     55808,         3,         0,    63.2,exact_mw,7acd59d404317421b37957afea3f5c66f33c9ef46579a47fd7c0ca3dd0dfc735,"{""distance"":7,""physical_error_rate"":0.001}","{""detection_events"":165856,""detectors_checked"":33596416,""obs_mistake_mask=E"":3}"
     12800,         1,         0,    64.3,exact_mw,ca91ffa42463e210e189f165a9a4cbcfd1773a75ca815ff24a9009c31e62d8d0,"{""distance"":7,""physical_error_rate"":0.002}","{""detection_events"":74187,""detectors_checked"":7705600,""obs_mistake_mask=E"":1}"
     52736,         0,         0,    63.0,exact_mw,7acd59d404317421b37957afea3f5c66f33c9ef46579a47fd7c0ca3dd0dfc735,"{""distance"":7,""physical_error_rate"":0.001}","{""detection_events"":153309,""detectors_checked"":31747072}"
     10880,         1,         0,    63.4,exact_mw,ca91ffa42463e210e189f165a9a4cbcfd1773a75ca815ff24a9009c31e62d8d0,"{""distance"":7,""physical_error_rate"":0.002}","{""detection_events"":64073,""detectors_checked"":6549760,""obs_mistake_mask=E"":1}"
     10688,         1,         0,    63.1,exact_mw,ca91ffa42463e210e189f165a9a4cbcfd1773a75ca815ff24a9009c31e62d8d0,"{""distance"":7,""physical_error_rate"":0.002}","{""detection_events"":62534,""detectors_checked"":6434176,""obs_mistake_mask=E"":1}"
     55296,         2,         0,    63.3,exact_mw,7acd59d404317421b37957afea3f5c66f33c9ef46579a47fd7c0ca3dd0dfc735,"{""distance"":7,""physical_error_rate"":0.001}","{""detection_events"":163108,""detectors_checked"":33288192,""obs_mistake_mask=E"":2}"
     12032,         1,         0,    63.5,exact_mw,ca91ffa42463e210e189f165a9a4cbcfd1773a75ca815ff24a9009c31e62d8d0,"{""distance"":7,""physical_error_rate"":0.002}","{""detection_events"":70369,""detectors_checked"":7243264,""obs_mistake_mask=E"":1}"
    597504,         3,         0,   120.3,exact_mw,c34bb01325b9980f7caca1807bd93e7e28846c82b8c0538af034740e6e7d5106,"{""distance"":7,""physical_error_rate"":0.0005}","{""detection_events"":881559,""detectors_checked"":359697408,""obs_mistake_mask=E"":3}"
    646144,         3,         0,   120.2,exact_mw,c34bb01325b9980f7caca1807bd93e7e28846c82b8c0538af034740e6e7d5106,"{""distance"":7,""physical_error_rate"":0.0005}","{""detection_events"":954194,""detectors_checked"":388978688,""obs_mistake_mask=E"":3}"
    580608,         1,         0,   120.0,exact_mw,c34bb01325b9980f7caca1807bd93e7e28846c82b8c0538af034740e6e7d5106,"{""distance"":7,""physical_error_rate"":0.0005}","{""detection_events"":857947,""detectors_checked"":349526016,""obs_mistake_mask=E"":1}"
    613376,         1,         0,   119.9,exact_mw,c34bb01325b9980f7caca1807bd93e7e28846c82b8c0538af034740e6e7d5106,"{""distance"":7,""physical_error_rate"":0.0005}","{""detection_events"":907068,""detectors_checked"":369252352,""obs_mistake_mask=E"":1}"
     98304,         2,         0,   120.8,exact_mw,7acd59d404317421b37957afea3f5c66f33c9ef46579a47fd7c0ca3dd0dfc735,"{""distance"":7,""physical_error_rate"":0.001}","{""detection_events"":289880,""detectors_checked"":59179008,""obs_mistake_mask=E"":2}"
     22016,         2,         0,   120.7,exact_mw,ca91ffa42463e210e189f165a9a4cbcfd1773a75ca815ff24a9009c31e62d8d0,"{""distance"":7,""physical_error_rate"":0.002}","{""detection_events"":129330,""detectors_checked"":13253632,""obs_mistake_mask=E"":2}"
     21632,         5,         0,   120.3,exact_mw,ca91ffa42463e210e189f165a9a4cbcfd1773a75ca815ff24a9009c31e62d8d0,"{""distance"":7,""physical_error_rate"":0.002}","{""detection_events"":127314,""detectors_checked"":13022464,""obs_mistake_mask=E"":5}"
    110592,         3,         0,   120.4,exact_mw,7acd59d404317421b37957afea3f5c66f33c9ef46579a47fd7c0ca3dd0dfc735,"{""distance"":7,""physical_error_rate"":0.001}","{""detection_events"":325744,""detectors_checked"":66576384,""obs_mistake_mask=E"":3}"
    661504,         2,         0,   119.9,exact_mw,c34bb01325b9980f7caca1807bd93e7e28846c82b8c0538af034740e6e7d5106,"{""distance"":7,""physical_error_rate"":0.0005}","{""detection_events"":974587,""detectors_checked"":398225408,""obs_mistake_mask=E"":2}"
    589824,         1,         0,   120.0,exact_mw,c34bb01325b9980f7caca1807bd93e7e28846c82b8c0538af034740e6e7d5106,"{""distance"":7,""physical_error_rate"":0.0005}","{""detection_events"":875078,""detectors_checked"":355074048,""obs_mistake_mask=E"":1}"
     21632,         0,         0,   120.3,exact_mw,ca91ffa42463e210e189f165a9a4cbcfd1773a75ca815ff24a9009c31e62d8d0,"{""distance"":7,""physical_error_rate"":0.002}","{""detection_events"":126999,""detectors_checked"":13022464}"
     16160,         2,         0,   120.4,exact_mw,ca91ffa42463e210e189f165a9a4cbcfd1773a75ca815ff24a9009c31e62d8d0,"{""distance"":7,""physical_error_rate"":0.002}","{""detection_events"":94804,""detectors_checked"":9728320,""obs_mistake_mask=E"":2}"
     97024,         0,         0,   120.9,exact_mw,7acd59d404317421b37957afea3f5c66f33c9ef46579a47fd7c0ca3dd0dfc735,"{""distance"":7,""physical_error_rate"":0.001}","{""detection_events"":286618,""detectors_checked"":58408448}"
    110080,         0,         0,   120.1,exact_mw,7acd59d404317421b37957afea3f5c66f33c9ef46579a47fd7c0ca3dd0dfc735,"{""distance"":7,""physical_error_rate"":0.001}","{""detection_events"":326774,""detectors_checked"":66268160}"
     21120,         0,         0,   120.5,exact_mw,ca91ffa42463e210e189f165a9a4cbcfd1773a75ca815ff24a9009c31e62d8d0,"{""distance"":7,""physical_error_rate"":0.002}","{""detection_events"":124025,""detectors_checked"":12714240}"
     98688,         0,         0,   120.0,exact_mw,7acd59d404317421b37957afea3f5c66f33c9ef46579a47fd7c0ca3dd0dfc735,"{""distance"":7,""physical_error_rate"":0.001}","{""detection_events"":291079,""detectors_checked"":59410176}"
   1188864,         3,         0,   120.0,exact_mw,c34bb01325b9980f7caca1807bd93e7e28846c82b8c0538af034740e6e7d5106,"{""distance"":7,""physical_error_rate"":0.0005}","{""detection_events"":1756283,""detectors_checked"":715696128,""obs_mistake_mask=E"":3}"
    104448,         2,         0,   120.7,exact_mw,7acd59d404317421b37957afea3f5c66f33c9ef46579a47fd7c0ca3dd0dfc735,"{""distance"":7,""physical_error_rate"":0.001}","{""detection_events"":308217,""detectors_checked"":62877696,""obs_mistake_mask=E"":2}"
     18368,         1,         0,   119.9,exact_mw,ca91ffa42463e210e189f165a9a4cbcfd1773a75ca815ff24a9009c31e62d8d0,"{""distance"":7,""physical_error_rate"":0.002}","{""detection_events"":107443,""detectors_checked"":11057536,""obs_mistake_mask=E"":1}"
    646144,         2,         0,   120.0,exact_mw,c34bb01325b9980f7caca1807bd93e7e28846c82b8c0538af034740e6e7d5106,"{""distance"":7,""physical_error_rate"":0.0005}","{""detection_events"":957250,""detectors_checked"":388978688,""obs_mistake_mask=E"":2}"
    132608,         1,         0,   120.1,exact_mw,7acd59d404317421b37957afea3f5c66f33c9ef46579a47fd7c0ca3dd0dfc735,"{""distance"":7,""physical_error_rate"":0.001}","{""detection_events"":391664,""detectors_checked"":79830016,""obs_mistake_mask=E"":1}"
     23296,         8,         0,   120.7,exact_mw,ca91ffa42463e210e189f165a9a4cbcfd1773a75ca815ff24a9009c31e62d8d0,"{""distance"":7,""physical_error_rate"":0.002}","{""detection_events"":135970,""detectors_checked"":14024192,""obs_mistake_mask=E"":8}"
    171008,         2,         0,   120.4,exact_mw,7acd59d404317421b37957afea3f5c66f33c9ef46579a47fd7c0ca3dd0dfc735,"{""distance"":7,""physical_error_rate"":0.001}","{""detection_events"":504336,""detectors_checked"":102946816,""obs_mistake_mask=E"":2}"
    111104,         2,         0,   120.2,exact_mw,7acd59d404317421b37957afea3f5c66f33c9ef46579a47fd7c0ca3dd0dfc735,"{""distance"":7,""physical_error_rate"":0.001}","{""detection_events"":328059,""detectors_checked"":66884608,""obs_mistake_mask=E"":2}"
     25088,         1,         0,   120.0,exact_mw,ca91ffa42463e210e189f165a9a4cbcfd1773a75ca815ff24a9009c31e62d8d0,"{""distance"":7,""physical_error_rate"":0.002}","{""detection_events"":146535,""detectors_checked"":15102976,""obs_mistake_mask=E"":1}"
     26752,         2,         0,   120.2,exact_mw,ca91ffa42463e210e189f165a9a4cbcfd1773a75ca815ff24a9009c31e62d8d0,"{""distance"":7,""physical_error_rate"":0.002}","{""detection_events"":155530,""detectors_checked"":16104704,""obs_mistake_mask=E"":2}"
    609280,         2,         0,   120.0,exact_mw,c34bb01325b9980f7caca1807bd93e7e28846c82b8c0538af034740e6e7d5106,"{""distance"":7,""physical_error_rate"":0.0005}","{""detection_events"":901187,""detectors_checked"":366786560,""obs_mistake_mask=E"":2}"
     86784,         0,         0,   120.1,exact_mw,7acd59d404317421b37957afea3f5c66f33c9ef46579a47fd7c0ca3dd0dfc735,"{""distance"":7,""physical_error_rate"":0.001}","{""detection_events"":256882,""detectors_checked"":52243968}"
    652288,         1,         0,   120.0,exact_mw,c34bb01325b9980f7caca1807bd93e7e28846c82b8c0538af034740e6e7d5106,"{""distance"":7,""physical_error_rate"":0.0005}","{""detection_events"":964554,""detectors_checked"":392677376,""obs_mistake_mask=E"":1}"
     24352,         2,         0,   121.5,exact_mw,ca91ffa42463e210e189f165a9a4cbcfd1773a75ca815ff24a9009c31e62d8d0,"{""distance"":7,""physical_error_rate"":0.002}","{""detection_events"":141791,""detectors_checked"":14659904,""obs_mistake_mask=E"":2}"
    646144,         2,         0,    88.2,exact_mw,c34bb01325b9980f7caca1807bd93e7e28846c82b8c0538af034740e6e7d5106,"{""distance"":7,""physical_error_rate"":0.0005}","{""detection_events"":961095,""detectors_checked"":388978688,""obs_mistake_mask=E"":2}"
    320000,         2,         0,    88.2,exact_mw,c34bb01325b9980f7caca1807bd93e7e28846c82b8c0538af034740e6e7d5106,"{""distance"":7,""physical_error_rate"":0.0005}","{""detection_events"":477206,""detectors_checked"":192640000,""obs_mistake_mask=E"":2}"
    525312,         1,         0,    88.2,exact_mw,c34bb01325b9980f7caca1807bd93e7e28846c82b8c0538af034740e6e7d5106,"{""distance"":7,""physical_error_rate"":0.0005}","{""detection_events"":774737,""detectors_checked"":316237824,""obs_mistake_mask=E"":1}"
    362496,         0,         0,    88.1,exact_mw,c34bb01325b9980f7caca1807bd93e7e28846c82b8c0538af034740e6e7d5106,"{""distance"":7,""physical_error_rate"":0.0005}","{""detection_events"":534384,""detectors_checked"":218222592}"
    100864,         2,         0,   120.0,exact_mw,7acd59d404317421b37957afea3f5c66f33c9ef46579a47fd7c0ca3dd0dfc735,"{""distance"":7,""physical_error_rate"":0.001}","{""detection_events"":299356,""detectors_checked"":60720128,""obs_mistake_mask=E"":2}"
    182272,         3,         0,    88.4,exact_mw,7acd59d404317421b37957afea3f5c66f33c9ef46579a47fd7c0ca3dd0dfc735,"{""distance"":7,""physical_error_rate"":0.001}","{""detection_events"":536392,""detectors_checked"":109727744,""obs_mistake_mask=E"":3}"
     23808,         3,         0,    88.3,exact_mw,ca91ffa42463e210e189f165a9a4cbcfd1773a75ca815ff24a9009c31e62d8d0,"{""distance"":7,""physical_error_rate"":0.002}","{""detection_events"":139114,""detectors_checked"":14332416,""obs_mistake_mask=E"":3}"
    388608,         1,         0,    88.2,exact_mw,c34bb01325b9980f7caca1807bd93e7e28846c82b8c0538af034740e6e7d5106,"{""distance"":7,""physical_error_rate"":0.0005}","{""detection_events"":574887,""detectors_checked"":233942016,""obs_mistake_mask=E"":1}"
     18048,         4,         0,    88.6,exact_mw,ca91ffa42463e210e189f165a9a4cbcfd1773a75ca815ff24a9009c31e62d8d0,"{""distance"":7,""physical_error_rate"":0.002}","{""detection_events"":106148,""detectors_checked"":10864896,""obs_mistake_mask=E"":4}"
     64640,         1,         0,    89.3,exact_mw,7acd59d404317421b37957afea3f5c66f33c9ef46579a47fd7c0ca3dd0dfc735,"{""distance"":7,""physical_error_rate"":0.001}","{""detection_events"":190779,""detectors_checked"":38913280,""obs_mistake_mask=E"":1}"
     81920,         2,         0,    88.3,exact_mw,7acd59d404317421b37957afea3f5c66f33c9ef46579a47fd7c0ca3dd0dfc735,"{""distance"":7,""physical_error_rate"":0.001}","{""detection_events"":239993,""detectors_checked"":49315840,""obs_mistake_mask=E"":2}"
    863232,         0,         0,   119.9,exact_mw,c34bb01325b9980f7caca1807bd93e7e28846c82b8c0538af034740e6e7d5106,"{""distance"":7,""physical_error_rate"":0.0005}","{""detection_events"":1275287,""detectors_checked"":519665664}"
     21856,         4,         0,   120.0,exact_mw,ca91ffa42463e210e189f165a9a4cbcfd1773a75ca815ff24a9009c31e62d8d0,"{""distance"":7,""physical_error_rate"":0.002}","{""detection_events"":127216,""detectors_checked"":13157312,""obs_mistake_mask=E"":4}"
     16512,         2,         0,    88.8,exact_mw,ca91ffa42463e210e189f165a9a4cbcfd1773a75ca815ff24a9009c31e62d8d0,"{""distance"":7,""physical_error_rate"":0.002}","{""detection_events"":97016,""detectors_checked"":9940224,""obs_mistake_mask=E"":2}"
    414208,         1,         0,   119.9,exact_mw,c34bb01325b9980f7caca1807bd93e7e28846c82b8c0538af034740e6e7d5106,"{""distance"":7,""physical_error_rate"":0.0005}","{""detection_events"":611796,""detectors_checked"":249353216,""obs_mistake_mask=E"":1}"
     80512,         3,         0,    88.6,exact_mw,7acd59d404317421b37957afea3f5c66f33c9ef46579a47fd7c0ca3dd0dfc735,"{""distance"":7,""physical_error_rate"":0.001}","{""detection_events"":239315,""detectors_checked"":48468224,""obs_mistake_mask=E"":3}"
    637952,         2,         0,   120.0,exact_mw,c34bb01325b9980f7caca1807bd93e7e28846c82b8c0538af034740e6e7d5106,"{""distance"":7,""physical_error_rate"":0.0005}","{""detection_events"":944778,""detectors_checked"":384047104,""obs_mistake_mask=E"":2}"
     16768,         5,         0,    88.8,exact_mw,ca91ffa42463e210e189f165a9a4cbcfd1773a75ca815ff24a9009c31e62d8d0,"{""distance"":7,""physical_error_rate"":0.002}","{""detection_events"":98746,""detectors_checked"":10094336,""obs_mistake_mask=E"":5}"
    491520,         2,         0,   120.2,exact_mw,c34bb01325b9980f7caca1807bd93e7e28846c82b8c0538af034740e6e7d5106,"{""distance"":7,""physical_error_rate"":0.0005}","{""detection_events"":727616,""detectors_checked"":295895040,""obs_mistake_mask=E"":2}"
    626688,         2,         0,   119.9,exact_mw,c34bb01325b9980f7caca1807bd93e7e28846c82b8c0538af034740e6e7d5106,"{""distance"":7,""physical_error_rate"":0.0005}","{""detection_events"":924587,""detectors_checked"":377266176,""obs_mistake_mask=E"":2}"
    155136,         4,         0,   120.3,exact_mw,7acd59d404317421b37957afea3f5c66f33c9ef46579a47fd7c0ca3dd0dfc735,"{""distance"":7,""physical_error_rate"":0.001}","{""detection_events"":456485,""detectors_checked"":93391872,""obs_mistake_mask=E"":4}"
     24576,         2,         0,   120.2,exact_mw,ca91ffa42463e210e189f165a9a4cbcfd1773a75ca815ff24a9009c31e62d8d0,"{""distance"":7,""physical_error_rate"":0.002}","{""detection_events"":144126,""detectors_checked"":14794752,""obs_mistake_mask=E"":2}"
     17024,         1,         0,    88.5,exact_mw,ca91ffa42463e210e189f165a9a4cbcfd1773a75ca815ff24a9009c31e62d8d0,"{""distance"":7,""physical_error_rate"":0.002}","{""detection_events"":99951,""detectors_checked"":10248448,""obs_mistake_mask=E"":1}"
     60160,         0,         0,    88.5,exact_mw,7acd59d404317421b37957afea3f5c66f33c9ef46579a47fd7c0ca3dd0dfc735,"{""distance"":7,""physical_error_rate"":0.001}","{""detection_events"":177274,""detectors_checked"":36216320}"
     21392,         3,         0,   120.1,exact_mw,ca91ffa42463e210e189f165a9a4cbcfd1773a75ca815ff24a9009c31e62d8d0,"{""distance"":7,""physical_error_rate"":0.002}","{""detection_events"":126168,""detectors_checked"":12877984,""obs_mistake_mask=E"":3}"
     37120,         4,         0,   120.1,exact_mw,ca91ffa42463e210e189f165a9a4cbcfd1773a75ca815ff24a9009c31e62d8d0,"{""distance"":7,""physical_error_rate"":0.002}","{""detection_events"":216068,""detectors_checked"":22346240,""obs_mistake_mask=E"":4}"
     16704,         2,         0,    88.6,exact_mw,ca91ffa42463e210e189f165a9a4cbcfd1773a75ca815ff24a9009c31e62d8d0,"{""distance"":7,""physical_error_rate"":0.002}","{""detection_events"":97358,""detectors_checked"":10055808,""obs_mistake_mask=E"":2}"
    229888,         0,         0,   120.8,exact_mw,c34bb01325b9980f7caca1807bd93e7e28846c82b8c0538af034740e6e7d5106,"{""distance"":7,""physical_error_rate"":0.0005}","{""detection_events"":337228,""detectors_checked"":138392576}"
     23456,         0,         0,   120.3,exact_mw,ca91ffa42463e210e189f165a9a4cbcfd1773a75ca815ff24a9009c31e62d8d0,"{""distance"":7,""physical_error_rate"":0.002}","{""detection_events"":137012,""detectors_checked"":14120512}"
    121344,         2,         0,   120.6,exact_mw,7acd59d404317421b37957afea3f5c66f33c9ef46579a47fd7c0ca3dd0dfc735,"{""distance"":7,""physical_error_rate"":0.001}","{""detection_events"":357553,""detectors_checked"":73049088,""obs_mistake_mask=E"":2}"
    111616,         2,         0,   120.5,exact_mw,7acd59d404317421b37957afea3f5c66f33c9ef46579a47fd7c0ca3dd0dfc735,"{""distance"":7,""physical_error_rate"":0.001}","{""detection_events"":329375,""detectors_checked"":67192832,""obs_mistake_mask=E"":2}"
     96256,         1,         0,   120.5,exact_mw,7acd59d404317421b37957afea3f5c66f33c9ef46579a47fd7c0ca3dd0dfc735,"{""distance"":7,""physical_error_rate"":0.001}","{""detection_events"":284752,""detectors_checked"":57946112,""obs_mistake_mask=E"":1}"
    113664,         0,         0,   120.3,exact_mw,7acd59d404317421b37957afea3f5c66f33c9ef46579a47fd7c0ca3dd0dfc735,"{""distance"":7,""physical_error_rate"":0.001}","{""detection_events"":336251,""detectors_checked"":68425728}"
     20192,         3,         0,   120.5,exact_mw,ca91ffa42463e210e189f165a9a4cbcfd1773a75ca815ff24a9009c31e62d8d0,"{""distance"":7,""physical_error_rate"":0.002}","{""detection_events"":119419,""detectors_checked"":12155584,""obs_mistake_mask=E"":3}"
    581632,         1,         0,   119.8,exact_mw,c34bb01325b9980f7caca1807bd93e7e28846c82b8c0538af034740e6e7d5106,"{""distance"":7,""physical_error_rate"":0.0005}","{""detection_events"":861689,""detectors_checked"":350142464,""obs_mistake_mask=E"":1}"
    540672,         1,         0,   120.1,exact_mw,c34bb01325b9980f7caca1807bd93e7e28846c82b8c0538af034740e6e7d5106,"{""distance"":7,""physical_error_rate"":0.0005}","{""detection_events"":799744,""detectors_checked"":325484544,""obs_mistake_mask=E"":1}"
    698368,         1,         0,   119.9,exact_mw,c34bb01325b9980f7caca1807bd93e7e28846c82b8c0538af034740e6e7d5106,"{""distance"":7,""physical_error_rate"":0.0005}","{""detection_events"":1034522,""detectors_checked"":420417536,""obs_mistake_mask=E"":1}"
    593920,         2,         0,   119.9,exact_mw,c34bb01325b9980f7caca1807bd93e7e28846c82b8c0538af034740e6e7d5106,"{""distance"":7,""physical_error_rate"":0.0005}","{""detection_events"":882328,""detectors_checked"":357539840,""obs_mistake_mask=E"":2}"
     89472,         2,         0,   120.2,exact_mw,7acd59d404317421b37957afea3f5c66f33c9ef46579a47fd7c0ca3dd0dfc735,"{""distance"":7,""physical_error_rate"":0.001}","{""detection_events"":263072,""detectors_checked"":53862144,""obs_mistake_mask=E"":2}"
     22208,         2,         0,   120.1,exact_mw,ca91ffa42463e210e189f165a9a4cbcfd1773a75ca815ff24a9009c31e62d8d0,"{""distance"":7,""physical_error_rate"":0.002}","{""detection_events"":130771,""detectors_checked"":13369216,""obs_mistake_mask=E"":2}"
     21824,         2,         0,   120.5,exact_mw,ca91ffa42463e210e189f165a9a4cbcfd1773a75ca815ff24a9009c31e62d8d0,"{""distance"":7,""physical_error_rate"":0.002}","{""detection_events"":127110,""detectors_checked"":13138048,""obs_mistake_mask=E"":2}"
     87424,         1,         0,   120.2,exact_mw,7acd59d404317421b37957afea3f5c66f33c9ef46579a47fd7c0ca3dd0dfc735,"{""distance"":7,""physical_error_rate"":0.001}","{""detection_events"":257085,""detectors_checked"":52629248,""obs_mistake_mask=E"":1}"
    579072,         2,         0,   120.1,exact_mw,c34bb01325b9980f7caca1807bd93e7e28846c82b8c0538af034740e6e7d5106,"{""distance"":7,""physical_error_rate"":0.0005}","{""detection_events"":859989,""detectors_checked"":348601344,""obs_mistake_mask=E"":2}"
    669696,         2,         0,   120.0,exact_mw,c34bb01325b9980f7caca1807bd93e7e28846c82b8c0538af034740e6e7d5106,"{""distance"":7,""physical_error_rate"":0.0005}","{""detection_events"":997391,""detectors_checked"":403156992,""obs_mistake_mask=E"":2}"
     23008,         4,         0,   120.6,exact_mw,ca91ffa42463e210e189f165a9a4cbcfd1773a75ca815ff24a9009c31e62d8d0,"{""distance"":7,""physical_error_rate"":0.002}","{""detection_events"":134224,""detectors_checked"":13850816,""obs_mistake_mask=E"":4}"
     23136,         4,         0,   120.2,exact_mw,ca91ffa42463e210e189f165a9a4cbcfd1773a75ca815ff24a9009c31e62d8d0,"{""distance"":7,""physical_error_rate"":0.002}","{""detection_events"":135335,""detectors_checked"":13927872,""obs_mistake_mask=E"":4}"
     71168,         1,         0,   120.9,exact_mw,7acd59d404317421b37957afea3f5c66f33c9ef46579a47fd7c0ca3dd0dfc735,"{""distance"":7,""physical_error_rate"":0.001}","{""detection_events"":209151,""detectors_checked"":42843136,""obs_mistake_mask=E"":1}"
     77248,         2,         0,   120.6,exact_mw,7acd59d404317421b37957afea3f5c66f33c9ef46579a47fd7c0ca3dd0dfc735,"{""distance"":7,""physical_error_rate"":0.001}","{""detection_events"":229372,""detectors_checked"":46503296,""obs_mistake_mask=E"":2}"
     19072,         2,         0,   120.4,exact_mw,ca91ffa42463e210e189f165a9a4cbcfd1773a75ca815ff24a9009c31e62d8d0,"{""distance"":7,""physical_error_rate"":0.002}","{""detection_events"":111336,""detectors_checked"":11481344,""obs_mistake_mask=E"":2}"
     93824,         1,         0,   120.5,exact_mw,7acd59d404317421b37957afea3f5c66f33c9ef46579a47fd7c0ca3dd0dfc735,"{""distance"":7,""physical_error_rate"":0.001}","{""detection_events"":277006,""detectors_checked"":56482048,""obs_mistake_mask=E"":1}"
   1293312,         8,         0,   119.9,exact_mw,c34bb01325b9980f7caca1807bd93e7e28846c82b8c0538af034740e6e7d5106,"{""distance"":7,""physical_error_rate"":0.0005}","{""detection_events"":1915010,""detectors_checked"":778573824,""obs_mistake_mask=E"":8}"
    128512,         0,         0,   120.2,exact_mw,7acd59d404317421b37957afea3f5c66f33c9ef46579a47fd7c0ca3dd0dfc735,"{""distance"":7,""physical_error_rate"":0.001}","{""detection_events"":378291,""detectors_checked"":77364224}"
     22400,         2,         0,   120.3,exact_mw,ca91ffa42463e210e189f165a9a4cbcfd1773a75ca815ff24a9009c31e62d8d0,"{""distance"":7,""physical_error_rate"":0.002}","{""detection_events"":131524,""detectors_checked"":13484800,""obs_mistake_mask=E"":2}"
    647168,         1,         0,   119.9,exact_mw,c34bb01325b9980f7caca1807bd93e7e28846c82b8c0538af034740e6e7d5106,"{""distance"":7,""physical_error_rate"":0.0005}","{""detection_events"":959164,""detectors_checked"":389595136,""obs_mistake_mask=E"":1}"
    124928,         4,         0,   120.5,exact_mw,7acd59d404317421b37957afea3f5c66f33c9ef46579a47fd7c0ca3dd0dfc735,"{""distance"":7,""physical_error_rate"":0.001}","{""detection_events"":368893,""detectors_checked"":75206656,""obs_mistake_mask=E"":4}"
     26880,         4,         0,   120.4,exact_mw,ca91ffa42463e210e189f165a9a4cbcfd1773a75ca815ff24a9009c31e62d8d0,"{""distance"":7,""physical_error_rate"":0.002}","{""detection_events"":157176,""detectors_checked"":16181760,""obs_mistake_mask=E"":4}"
    128000,         3,         0,   120.3,exact_mw,7acd59d404317421b37957afea3f5c66f33c9ef46579a47fd7c0ca3dd0dfc735,"{""distance"":7,""physical_error_rate"":0.001}","{""detection_events"":378339,""detectors_checked"":77056000,""obs_mistake_mask=E"":3}"
    178176,         5,         0,   120.6,exact_mw,7acd59d404317421b37957afea3f5c66f33c9ef46579a47fd7c0ca3dd0dfc735,"{""distance"":7,""physical_error_rate"":0.001}","{""detection_events"":525842,""detectors_checked"":107261952,""obs_mistake_mask=E"":5}"
     26880,         5,         0,   120.2,exact_mw,ca91ffa42463e210e189f165a9a4cbcfd1773a75ca815ff24a9009c31e62d8d0,"{""distance"":7,""physical_error_rate"":0.002}","{""detection_events"":157803,""detectors_checked"":16181760,""obs_mistake_mask=E"":5}"
     26624,         3,         0,   120.5,exact_mw,ca91ffa42463e210e189f165a9a4cbcfd1773a75ca815ff24a9009c31e62d8d0,"{""distance"":7,""physical_error_rate"":0.002}","{""detection_events"":156115,""detectors_checked"":16027648,""obs_mistake_mask=E"":3}"
    657408,         3,         0,   120.0,exact_mw,c34bb01325b9980f7caca1807bd93e7e28846c82b8c0538af034740e6e7d5106,"{""distance"":7,""physical_error_rate"":0.0005}","{""detection_events"":972335,""detectors_checked"":395759616,""obs_mistake_mask=E"":3}"
     72448,         2,         0,   119.9,exact_mw,7acd59d404317421b37957afea3f5c66f33c9ef46579a47fd7c0ca3dd0dfc735,"{""distance"":7,""physical_error_rate"":0.001}","{""detection_events"":214617,""detectors_checked"":43613696,""obs_mistake_mask=E"":2}"
    605184,         2,         0,   120.2,exact_mw,c34bb01325b9980f7caca1807bd93e7e28846c82b8c0538af034740e6e7d5106,"{""distance"":7,""physical_error_rate"":0.0005}","{""detection_events"":895668,""detectors_checked"":364320768,""obs_mistake_mask=E"":2}"
     20320,         2,         0,   120.4,exact_mw,ca91ffa42463e210e189f165a9a4cbcfd1773a75ca815ff24a9009c31e62d8d0,"{""distance"":7,""physical_error_rate"":0.002}","{""detection_events"":117947,""detectors_checked"":12232640,""obs_mistake_mask=E"":2}"
    980992,         2,         0,   120.0,exact_mw,c34bb01325b9980f7caca1807bd93e7e28846c82b8c0538af034740e6e7d5106,"{""distance"":7,""physical_error_rate"":0.0005}","{""detection_events"":1454388,""detectors_checked"":590557184,""obs_mistake_mask=E"":2}"
    652288,         2,         0,   119.9,exact_mw,c34bb01325b9980f7caca1807bd93e7e28846c82b8c0538af034740e6e7d5106,"{""distance"":7,""physical_error_rate"":0.0005}","{""detection_events"":965969,""detectors_checked"":392677376,""obs_mistake_mask=E"":2}"
    679936,         4,         0,   119.8,exact_mw,c34bb01325b9980f7caca1807bd93e7e28846c82b8c0538af034740e6e7d5106,"{""distance"":7,""physical_error_rate"":0.0005}","{""detection_events"":1007056,""detectors_checked"":409321472,""obs_mistake_mask=E"":4}"
    109056,         4,         0,   120.1,exact_mw,7acd59d404317421b37957afea3f5c66f33c9ef46579a47fd7c0ca3dd0dfc735,"{""distance"":7,""physical_error_rate"":0.001}","{""detection_events"":322532,""detectors_checked"":65651712,""obs_mistake_mask=E"":4}"
    645120,         1,         0,   120.2,exact_mw,c34bb01325b9980f7caca1807bd93e7e28846c82b8c0538af034740e6e7d5106,"{""distance"":7,""physical_error_rate"":0.0005}","{""detection_events"":955033,""detectors_checked"":388362240,""obs_mistake_mask=E"":1}"
    276480,         3,         0,   120.2,exact_mw,7acd59d404317421b37957afea3f5c66f33c9ef46579a47fd7c0ca3dd0dfc735,"{""distance"":7,""physical_error_rate"":0.001}","{""detection_events"":814907,""detectors_checked"":166440960,""obs_mistake_mask=E"":3}"
     40064,         6,         0,   120.2,exact_mw,ca91ffa42463e210e189f165a9a4cbcfd1773a75ca815ff24a9009c31e62d8d0,"{""distance"":7,""physical_error_rate"":0.002}","{""detection_events"":234486,""detectors_checked"":24118528,""obs_mistake_mask=E"":6}"
      5632,         1,         0,    26.1,exact_mw,ca91ffa42463e210e189f165a9a4cbcfd1773a75ca815ff24a9009c31e62d8d0,"{""distance"":7,""physical_error_rate"":0.002}","{""detection_events"":33312,""detectors_checked"":3390464,""obs_mistake_mask=E"":1}"
     19648,         0,         0,   109.1,exact_mw,ca91ffa42463e210e189f165a9a4cbcfd1773a75ca815ff24a9009c31e62d8d0,"{""distance"":7,""physical_error_rate"":0.002}","{""detection_events"":116105,""detectors_checked"":11828096}"
     10816,         1,         0,    60.4,exact_mw,ca91ffa42463e210e189f165a9a4cbcfd1773a75ca815ff24a9009c31e62d8d0,"{""distance"":7,""physical_error_rate"":0.002}","{""detection_events"":62743,""detectors_checked"":6511232,""obs_mistake_mask=E"":1}"
     21856,         6,         0,   115.2,exact_mw,ca91ffa42463e210e189f165a9a4cbcfd1773a75ca815ff24a9009c31e62d8d0,"{""distance"":7,""physical_error_rate"":0.002}","{""detection_events"":128805,""detectors_checked"":13157312,""obs_mistake_mask=E"":6}"
     20352,         0,         0,   100.8,exact_mw,ca91ffa42463e210e189f165a9a4cbcfd1773a75ca815ff24a9009c31e62d8d0,"{""distance"":7,""physical_error_rate"":0.002}","{""detection_events"":118976,""detectors_checked"":12251904}"
      2688,         0,         0,    10.9,exact_mw,ca91ffa42463e210e189f165a9a4cbcfd1773a75ca815ff24a9009c31e62d8d0,"{""distance"":7,""physical_error_rate"":0.002}","{""detection_events"":15970,""detectors_checked"":1618176}"
      9728,         1,         0,    51.2,exact_mw,ca91ffa42463e210e189f165a9a4cbcfd1773a75ca815ff24a9009c31e62d8d0,"{""distance"":7,""physical_error_rate"":0.002}","{""detection_events"":56785,""detectors_checked"":5856256,""obs_mistake_mask=E"":1}"
      5952,         1,         0,    55.1,exact_mw,ca91ffa42463e210e189f165a9a4cbcfd1773a75ca815ff24a9009c31e62d8d0,"{""distance"":7,""physical_error_rate"":0.002}","{""detection_events"":34587,""detectors_checked"":3583104,""obs_mistake_mask=E"":1}"
     22656,         3,         0,   111.3,exact_mw,ca91ffa42463e210e189f165a9a4cbcfd1773a75ca815ff24a9009c31e62d8d0,"{""distance"":7,""physical_error_rate"":0.002}","{""detection_events"":132275,""detectors_checked"":13638912,""obs_mistake_mask=E"":3}"
     19968,         2,         0,   104.5,exact_mw,ca91ffa42463e210e189f165a9a4cbcfd1773a75ca815ff24a9009c31e62d8d0,"{""distance"":7,""physical_error_rate"":0.002}","{""detection_events"":116369,""detectors_checked"":12020736,""obs_mistake_mask=E"":2}"
     15536,         1,         0,   105.3,exact_mw,ca91ffa42463e210e189f165a9a4cbcfd1773a75ca815ff24a9009c31e62d8d0,"{""distance"":7,""physical_error_rate"":0.002}","{""detection_events"":89766,""detectors_checked"":9352672,""obs_mistake_mask=E"":1}"
      3968,         1,         0,    22.2,exact_mw,ca91ffa42463e210e189f165a9a4cbcfd1773a75ca815ff24a9009c31e62d8d0,"{""distance"":7,""physical_error_rate"":0.002}","{""detection_events"":22674,""detectors_checked"":2388736,""obs_mistake_mask=E"":1}"
      5408,         2,         0,    39.9,exact_mw,ca91ffa42463e210e189f165a9a4cbcfd1773a75ca815ff24a9009c31e62d8d0,"{""distance"":7,""physical_error_rate"":0.002}","{""detection_events"":31515,""detectors_checked"":3255616,""obs_mistake_mask=E"":2}"
      6080,         0,         0,    43.6,exact_mw,ca91ffa42463e210e189f165a9a4cbcfd1773a75ca815ff24a9009c31e62d8d0,"{""distance"":7,""physical_error_rate"":0.002}","{""detection_events"":35507,""detectors_checked"":3660160}"
      6656,         0,         0,    63.1,exact_mw,ca91ffa42463e210e189f165a9a4cbcfd1773a75ca815ff24a9009c31e62d8d0,"{""distance"":7,""physical_error_rate"":0.002}","{""detection_events"":38938,""detectors_checked"":4006912}"
     20608,         3,         0,   114.6,exact_mw,ca91ffa42463e210e189f165a9a4cbcfd1773a75ca815ff24a9009c31e62d8d0,"{""distance"":7,""physical_error_rate"":0.002}","{""detection_events"":121000,""detectors_checked"":12406016,""obs_mistake_mask=E"":3}"
     21056,         2,         0,   119.4,exact_mw,ca91ffa42463e210e189f165a9a4cbcfd1773a75ca815ff24a9009c31e62d8d0,"{""distance"":7,""physical_error_rate"":0.002}","{""detection_events"":124094,""detectors_checked"":12675712,""obs_mistake_mask=E"":2}"
     16640,         4,         0,    90.5,exact_mw,ca91ffa42463e210e189f165a9a4cbcfd1773a75ca815ff24a9009c31e62d8d0,"{""distance"":7,""physical_error_rate"":0.002}","{""detection_events"":97454,""detectors_checked"":10017280,""obs_mistake_mask=E"":4}"
      5120,         2,         0,    23.5,exact_mw,ca91ffa42463e210e189f165a9a4cbcfd1773a75ca815ff24a9009c31e62d8d0,"{""distance"":7,""physical_error_rate"":0.002}","{""detection_events"":29630,""detectors_checked"":3082240,""obs_mistake_mask=E"":2}"
     22272,         2,         0,   110.6,exact_mw,ca91ffa42463e210e189f165a9a4cbcfd1773a75ca815ff24a9009c31e62d8d0,"{""distance"":7,""physical_error_rate"":0.002}","{""detection_events"":130702,""detectors_checked"":13407744,""obs_mistake_mask=E"":2}"
    669696,         1,         0,   119.9,exact_mw,c34bb01325b9980f7caca1807bd93e7e28846c82b8c0538af034740e6e7d5106,"{""distance"":7,""physical_error_rate"":0.0005}","{""detection_events"":991789,""detectors_checked"":403156992,""obs_mistake_mask=E"":1}"
     34176,         1,         0,   105.7,exact_mw,ca91ffa42463e210e189f165a9a4cbcfd1773a75ca815ff24a9009c31e62d8d0,"{""distance"":7,""physical_error_rate"":0.002}","{""detection_events"":200232,""detectors_checked"":20573952,""obs_mistake_mask=E"":1}"
       256,         0,         0,    1.09,exact_mw,ca91ffa42463e210e189f165a9a4cbcfd1773a75ca815ff24a9009c31e62d8d0,"{""distance"":7,""physical_error_rate"":0.002}","{""detection_events"":1517,""detectors_checked"":154112}"
    118272,         4,         0,   120.0,exact_mw,7acd59d404317421b37957afea3f5c66f33c9ef46579a47fd7c0ca3dd0dfc735,"{""distance"":7,""physical_error_rate"":0.001}","{""detection_events"":348257,""detectors_checked"":71199744,""obs_mistake_mask=E"":4}"
   1056768,         5,         0,   119.9,exact_mw,c34bb01325b9980f7caca1807bd93e7e28846c82b8c0538af034740e6e7d5106,"{""distance"":7,""physical_error_rate"":0.0005}","{""detection_events"":1568364,""detectors_checked"":636174336,""obs_mistake_mask=E"":5}"
     83328,         3,         0,   120.4,exact_mw,7acd59d404317421b37957afea3f5c66f33c9ef46579a47fd7c0ca3dd0dfc735,"{""distance"":7,""physical_error_rate"":0.001}","{""detection_events"":246458,""detectors_checked"":50163456,""obs_mistake_mask=E"":3}"
    409088,         2,         0,   120.0,exact_mw,c34bb01325b9980f7caca1807bd93e7e28846c82b8c0538af034740e6e7d5106,"{""distance"":7,""physical_error_rate"":0.0005}","{""detection_events"":603577,""detectors_checked"":246270976,""obs_mistake_mask=E"":2}"
     97408,         2,         0,   120.0,exact_mw,7acd59d404317421b37957afea3f5c66f33c9ef46579a47fd7c0ca3dd0dfc735,"{""distance"":7,""physical_error_rate"":0.001}","{""detection_events"":287035,""detectors_checked"":58639616,""obs_mistake_mask=E"":2}"
    644096,         0,         0,   120.0,exact_mw,c34bb01325b9980f7caca1807bd93e7e28846c82b8c0538af034740e6e7d5106,"{""distance"":7,""physical_error_rate"":0.0005}","{""detection_events"":956592,""detectors_checked"":387745792}"
    532480,         0,         0,   120.0,exact_mw,c34bb01325b9980f7caca1807bd93e7e28846c82b8c0538af034740e6e7d5106,"{""distance"":7,""physical_error_rate"":0.0005}","{""detection_events"":790648,""detectors_checked"":320552960}"
    622592,         3,         0,   120.0,exact_mw,c34bb01325b9980f7caca1807bd93e7e28846c82b8c0538af034740e6e7d5106,"{""distance"":7,""physical_error_rate"":0.0005}","{""detection_events"":921395,""detectors_checked"":374800384,""obs_mistake_mask=E"":3}"
    189952,         1,         0,   120.3,exact_mw,7acd59d404317421b37957afea3f5c66f33c9ef46579a47fd7c0ca3dd0dfc735,"{""distance"":7,""physical_error_rate"":0.001}","{""detection_events"":559907,""detectors_checked"":114351104,""obs_mistake_mask=E"":1}"
    111104,         1,         0,   120.3,exact_mw,7acd59d404317421b37957afea3f5c66f33c9ef46579a47fd7c0ca3dd0dfc735,"{""distance"":7,""physical_error_rate"":0.001}","{""detection_events"":328807,""detectors_checked"":66884608,""obs_mistake_mask=E"":1}"
    204288,         0,         0,   120.0,exact_mw,c34bb01325b9980f7caca1807bd93e7e28846c82b8c0538af034740e6e7d5106,"{""distance"":7,""physical_error_rate"":0.0005}","{""detection_events"":301524,""detectors_checked"":122981376}"
       273,         0,         0,   0.371,exact_mw,7acd59d404317421b37957afea3f5c66f33c9ef46579a47fd7c0ca3dd0dfc735,"{""distance"":7,""physical_error_rate"":0.001}","{""detection_events"":786,""detectors_checked"":164346}"
       256,         0,         0,   0.241,exact_mw,7acd59d404317421b37957afea3f5c66f33c9ef46579a47fd7c0ca3dd0dfc735,"{""distance"":7,""physical_error_rate"":0.001}","{""detection_events"":819,""detectors_checked"":154112}"
       512,         0,         0,   0.556,exact_mw,7acd59d404317421b37957afea3f5c66f33c9ef46579a47fd7c0ca3dd0dfc735,"{""distance"":7,""physical_error_rate"":0.001}","{""detection_events"":1562,""detectors_checked"":308224}"
       512,         0,         0,   0.375,exact_mw,7acd59d404317421b37957afea3f5c66f33c9ef46579a47fd7c0ca3dd0dfc735,"{""distance"":7,""physical_error_rate"":0.001}","{""detection_events"":1594,""detectors_checked"":308224}"
    114688,         0,         0,   120.2,exact_mw,7acd59d404317421b37957afea3f5c66f33c9ef46579a47fd7c0ca3dd0dfc735,"{""distance"":7,""physical_error_rate"":0.001}","{""detection_events"":336698,""detectors_checked"":69042176}"
       512,         0,         0,   0.607,exact_mw,7acd59d404317421b37957afea3f5c66f33c9ef46579a47fd7c0ca3dd0dfc735,"{""distance"":7,""physical_error_rate"":0.001}","{""detection_events"":1554,""detectors_checked"":308224}"
       512,         0,         0,   0.601,exact_mw,7acd59d404317421b37957afea3f5c66f33c9ef46579a47fd7c0ca3dd0dfc735,"{""distance"":7,""physical_error_rate"":0.001}","{""detection_events"":1540,""detectors_checked"":308224}"
       512,         0,         0,   0.394,exact_mw,7acd59d404317421b37957afea3f5c66f33c9ef46579a47fd7c0ca3dd0dfc735,"{""distance"":7,""physical_error_rate"":0.001}","{""detection_events"":1444,""detectors_checked"":308224}"
       512,         0,         0,   0.475,exact_mw,7acd59d404317421b37957afea3f5c66f33c9ef46579a47fd7c0ca3dd0dfc735,"{""distance"":7,""physical_error_rate"":0.001}","{""detection_events"":1504,""detectors_checked"":308224}"
    105472,         0,         0,   120.0,exact_mw,7acd59d404317421b37957afea3f5c66f33c9ef46579a47fd7c0ca3dd0dfc735,"{""distance"":7,""physical_error_rate"":0.001}","{""detection_events"":309804,""detectors_checked"":63494144}"
       512,         0,         0,   0.427,exact_mw,7acd59d404317421b37957afea3f5c66f33c9ef46579a47fd7c0ca3dd0dfc735,"{""distance"":7,""physical_error_rate"":0.001}","{""detection_events"":1564,""detectors_checked"":308224}"
        17,         0,         0,   0.059,exact_mw,7acd59d404317421b37957afea3f5c66f33c9ef46579a47fd7c0ca3dd0dfc735,"{""distance"":7,""physical_error_rate"":0.001}","{""detection_events"":68,""detectors_checked"":10234}"
       512,         0,         0,   0.346,exact_mw,7acd59d404317421b37957afea3f5c66f33c9ef46579a47fd7c0ca3dd0dfc735,"{""distance"":7,""physical_error_rate"":0.001}","{""detection_events"":1553,""detectors_checked"":308224}"
       128,         0,         0,   0.135,exact_mw,7acd59d404317421b37957afea3f5c66f33c9ef46579a47fd7c0ca3dd0dfc735,"{""distance"":7,""physical_error_rate"":0.001}","{""detection_events"":410,""detectors_checked"":77056}"
       273,         0,         0,   0.059,exact_mw,c34bb01325b9980f7caca1807bd93e7e28846c82b8c0538af034740e6e7d5106,"{""distance"":7,""physical_error_rate"":0.0005}","{""detection_events"":381,""detectors_checked"":164346}"
       512,         0,         0,   0.525,exact_mw,7acd59d404317421b37957afea3f5c66f33c9ef46579a47fd7c0ca3dd0dfc735,"{""distance"":7,""physical_error_rate"":0.001}","{""detection_events"":1573,""detectors_checked"":308224}"
       512,         0,         0,   0.473,exact_mw,7acd59d404317421b37957afea3f5c66f33c9ef46579a47fd7c0ca3dd0dfc735,"{""distance"":7,""physical_error_rate"":0.001}","{""detection_events"":1523,""detectors_checked"":308224}"
       273,         1,         0,   0.311,exact_mw,7acd59d404317421b37957afea3f5c66f33c9ef46579a47fd7c0ca3dd0dfc735,"{""distance"":7,""physical_error_rate"":0.001}","{""detection_events"":811,""detectors_checked"":164346,""obs_mistake_mask=E"":1}"
      1024,         0,         0,   0.155,exact_mw,c34bb01325b9980f7caca1807bd93e7e28846c82b8c0538af034740e6e7d5106,"{""distance"":7,""physical_error_rate"":0.0005}","{""detection_events"":1532,""detectors_checked"":616448}"
       273,         0,         0,   0.059,exact_mw,c34bb01325b9980f7caca1807bd93e7e28846c82b8c0538af034740e6e7d5106,"{""distance"":7,""physical_error_rate"":0.0005}","{""detection_events"":351,""detectors_checked"":164346}"
      1024,         0,         0,   0.125,exact_mw,c34bb01325b9980f7caca1807bd93e7e28846c82b8c0538af034740e6e7d5106,"{""distance"":7,""physical_error_rate"":0.0005}","{""detection_events"":1392,""detectors_checked"":616448}"
      1024,         0,         0,   0.113,exact_mw,c34bb01325b9980f7caca1807bd93e7e28846c82b8c0538af034740e6e7d5106,"{""distance"":7,""physical_error_rate"":0.0005}","{""detection_events"":1503,""detectors_checked"":616448}"
       256,         0,         0,   0.293,exact_mw,7acd59d404317421b37957afea3f5c66f33c9ef46579a47fd7c0ca3dd0dfc735,"{""distance"":7,""physical_error_rate"":0.001}","{""detection_events"":678,""detectors_checked"":154112}"
     91904,         2,         0,   120.2,exact_mw,7acd59d404317421b37957afea3f5c66f33c9ef46579a47fd7c0ca3dd0dfc735,"{""distance"":7,""physical_error_rate"":0.001}","{""detection_events"":270679,""detectors_checked"":55326208,""obs_mistake_mask=E"":2}"
      1024,         0,         0,   0.165,exact_mw,c34bb01325b9980f7caca1807bd93e7e28846c82b8c0538af034740e6e7d5106,"{""distance"":7,""physical_error_rate"":0.0005}","{""detection_events"":1566,""detectors_checked"":616448}"
      1024,         0,         0,   0.181,exact_mw,c34bb01325b9980f7caca1807bd93e7e28846c82b8c0538af034740e6e7d5106,"{""distance"":7,""physical_error_rate"":0.0005}","{""detection_events"":1652,""detectors_checked"":616448}"
       512,         0,         0,   0.525,exact_mw,7acd59d404317421b37957afea3f5c66f33c9ef46579a47fd7c0ca3dd0dfc735,"{""distance"":7,""physical_error_rate"":0.001}","{""detection_events"":1544,""detectors_checked"":308224}"
      1024,         0,         0,   0.158,exact_mw,c34bb01325b9980f7caca1807bd93e7e28846c82b8c0538af034740e6e7d5106,"{""distance"":7,""physical_error_rate"":0.0005}","{""detection_events"":1413,""detectors_checked"":616448}"
      1024,         0,         0,   0.142,exact_mw,c34bb01325b9980f7caca1807bd93e7e28846c82b8c0538af034740e6e7d5106,"{""distance"":7,""physical_error_rate"":0.0005}","{""detection_events"":1610,""detectors_checked"":616448}"
      1024,         0,         0,   0.123,exact_mw,c34bb01325b9980f7caca1807bd93e7e28846c82b8c0538af034740e6e7d5106,"{""distance"":7,""physical_error_rate"":0.0005}","{""detection_events"":1580,""detectors_checked"":616448}"
      1024,         0,         0,   0.104,exact_mw,c34bb01325b9980f7caca1807bd93e7e28846c82b8c0538af034740e6e7d5106,"{""distance"":7,""physical_error_rate"":0.0005}","{""detection_events"":1476,""detectors_checked"":616448}"
      1024,         0,         0,   0.819,exact_mw,7acd59d404317421b37957afea3f5c66f33c9ef46579a47fd7c0ca3dd0dfc735,"{""distance"":7,""physical_error_rate"":0.001}","{""detection_events"":2902,""detectors_checked"":616448}"
       273,         0,         0,   0.038,exact_mw,c34bb01325b9980f7caca1807bd93e7e28846c82b8c0538af034740e6e7d5106,"{""distance"":7,""physical_error_rate"":0.0005}","{""detection_events"":395,""detectors_checked"":164346}"
      1024,         0,         0,   0.099,exact_mw,c34bb01325b9980f7caca1807bd93e7e28846c82b8c0538af034740e6e7d5106,"{""distance"":7,""physical_error_rate"":0.0005}","{""detection_events"":1448,""detectors_checked"":616448}"
      1024,         0,         0,   0.163,exact_mw,c34bb01325b9980f7caca1807bd93e7e28846c82b8c0538af034740e6e7d5106,"{""distance"":7,""physical_error_rate"":0.0005}","{""detection_events"":1452,""detectors_checked"":616448}"
       512,         0,         0,   0.598,exact_mw,7acd59d404317421b37957afea3f5c66f33c9ef46579a47fd7c0ca3dd0dfc735,"{""distance"":7,""physical_error_rate"":0.001}","{""detection_events"":1713,""detectors_checked"":308224}"
      1024,         0,         0,   0.108,exact_mw,c34bb01325b9980f7caca1807bd93e7e28846c82b8c0538af034740e6e7d5106,"{""distance"":7,""physical_error_rate"":0.0005}","{""detection_events"":1361,""detectors_checked"":616448}"
       512,         0,         0,   0.463,exact_mw,7acd59d404317421b37957afea3f5c66f33c9ef46579a47fd7c0ca3dd0dfc735,"{""distance"":7,""physical_error_rate"":0.001}","{""detection_events"":1614,""detectors_checked"":308224}"
      1024,         0,         0,   0.160,exact_mw,c34bb01325b9980f7caca1807bd93e7e28846c82b8c0538af034740e6e7d5106,"{""distance"":7,""physical_error_rate"":0.0005}","{""detection_events"":1528,""detectors_checked"":616448}"
      1024,         0,         0,   0.111,exact_mw,c34bb01325b9980f7caca1807bd93e7e28846c82b8c0538af034740e6e7d5106,"{""distance"":7,""physical_error_rate"":0.0005}","{""detection_events"":1611,""detectors_checked"":616448}"
      2048,         0,         0,   0.194,exact_mw,c34bb01325b9980f7caca1807bd93e7e28846c82b8c0538af034740e6e7d5106,"{""distance"":7,""physical_error_rate"":0.0005}","{""detection_events"":2990,""detectors_checked"":1232896}"
      1024,         0,         0,   0.119,exact_mw,c34bb01325b9980f7caca1807bd93e7e28846c82b8c0538af034740e6e7d5106,"{""distance"":7,""physical_error_rate"":0.0005}","{""detection_events"":1489,""detectors_checked"":616448}"
      1024,         0,         0,   0.193,exact_mw,c34bb01325b9980f7caca1807bd93e7e28846c82b8c0538af034740e6e7d5106,"{""distance"":7,""physical_error_rate"":0.0005}","{""detection_events"":1511,""detectors_checked"":616448}"
       273,         0,         0,   0.033,exact_mw,c34bb01325b9980f7caca1807bd93e7e28846c82b8c0538af034740e6e7d5106,"{""distance"":7,""physical_error_rate"":0.0005}","{""detection_events"":386,""detectors_checked"":164346}"
      1024,         0,         0,   0.216,exact_mw,c34bb01325b9980f7caca1807bd93e7e28846c82b8c0538af034740e6e7d5106,"{""distance"":7,""physical_error_rate"":0.0005}","{""detection_events"":1635,""detectors_checked"":616448}"
      2048,         0,         0,   0.272,exact_mw,c34bb01325b9980f7caca1807bd93e7e28846c82b8c0538af034740e6e7d5106,"{""distance"":7,""physical_error_rate"":0.0005}","{""detection_events"":2899,""detectors_checked"":1232896}"
      1024,         0,         0,   0.133,exact_mw,c34bb01325b9980f7caca1807bd93e7e28846c82b8c0538af034740e6e7d5106,"{""distance"":7,""physical_error_rate"":0.0005}","{""detection_events"":1555,""detectors_checked"":616448}"
      1024,         0,         0,   0.119,exact_mw,c34bb01325b9980f7caca1807bd93e7e28846c82b8c0538af034740e6e7d5106,"{""distance"":7,""physical_error_rate"":0.0005}","{""detection_events"":1453,""detectors_checked"":616448}"
       512,         0,         0,   0.511,exact_mw,7acd59d404317421b37957afea3f5c66f33c9ef46579a47fd7c0ca3dd0dfc735,"{""distance"":7,""physical_error_rate"":0.001}","{""detection_events"":1536,""detectors_checked"":308224}"
        17,         0,         0,   0.017,exact_mw,c34bb01325b9980f7caca1807bd93e7e28846c82b8c0538af034740e6e7d5106,"{""distance"":7,""physical_error_rate"":0.0005}","{""detection_events"":22,""detectors_checked"":10234}"
      1024,         0,         0,   0.105,exact_mw,c34bb01325b9980f7caca1807bd93e7e28846c82b8c0538af034740e6e7d5106,"{""distance"":7,""physical_error_rate"":0.0005}","{""detection_events"":1550,""detectors_checked"":616448}"
       256,         0,         0,   0.033,exact_mw,c34bb01325b9980f7caca1807bd93e7e28846c82b8c0538af034740e6e7d5106,"{""distance"":7,""physical_error_rate"":0.0005}","{""detection_events"":385,""detectors_checked"":154112}"
      1024,         0,         0,   0.151,exact_mw,c34bb01325b9980f7caca1807bd93e7e28846c82b8c0538af034740e6e7d5106,"{""distance"":7,""physical_error_rate"":0.0005}","{""detection_events"":1604,""detectors_checked"":616448}"
       512,         0,         0,   0.595,exact_mw,7acd59d404317421b37957afea3f5c66f33c9ef46579a47fd7c0ca3dd0dfc735,"{""distance"":7,""physical_error_rate"":0.001}","{""detection_events"":1562,""detectors_checked"":308224}"
      2048,         0,         0,   0.276,exact_mw,c34bb01325b9980f7caca1807bd93e7e28846c82b8c0538af034740e6e7d5106,"{""distance"":7,""physical_error_rate"":0.0005}","{""detection_events"":3018,""detectors_checked"":1232896}"
      1024,         0,         0,   0.130,exact_mw,c34bb01325b9980f7caca1807bd93e7e28846c82b8c0538af034740e6e7d5106,"{""distance"":7,""physical_error_rate"":0.0005}","{""detection_events"":1669,""detectors_checked"":616448}"
      2048,         0,         0,   0.341,exact_mw,c34bb01325b9980f7caca1807bd93e7e28846c82b8c0538af034740e6e7d5106,"{""distance"":7,""physical_error_rate"":0.0005}","{""detection_events"":3063,""detectors_checked"":1232896}"
      1024,         0,         0,   0.146,exact_mw,c34bb01325b9980f7caca1807bd93e7e28846c82b8c0538af034740e6e7d5106,"{""distance"":7,""physical_error_rate"":0.0005}","{""detection_events"":1365,""detectors_checked"":616448}"
      1024,         0,         0,   0.921,exact_mw,7acd59d404317421b37957afea3f5c66f33c9ef46579a47fd7c0ca3dd0dfc735,"{""distance"":7,""physical_error_rate"":0.001}","{""detection_events"":3155,""detectors_checked"":616448}"
      1024,         0,         0,   0.190,exact_mw,c34bb01325b9980f7caca1807bd93e7e28846c82b8c0538af034740e6e7d5106,"{""distance"":7,""physical_error_rate"":0.0005}","{""detection_events"":1540,""detectors_checked"":616448}"
      1024,         0,         0,   0.140,exact_mw,c34bb01325b9980f7caca1807bd93e7e28846c82b8c0538af034740e6e7d5106,"{""distance"":7,""physical_error_rate"":0.0005}","{""detection_events"":1428,""detectors_checked"":616448}"
      1024,         0,         0,   0.124,exact_mw,c34bb01325b9980f7caca1807bd93e7e28846c82b8c0538af034740e6e7d5106,"{""distance"":7,""physical_error_rate"":0.0005}","{""detection_events"":1467,""detectors_checked"":616448}"
       512,         0,         0,   0.421,exact_mw,7acd59d404317421b37957afea3f5c66f33c9ef46579a47fd7c0ca3dd0dfc735,"{""distance"":7,""physical_error_rate"":0.001}","{""detection_events"":1421,""detectors_checked"":308224}"
       273,         0,         0,   0.192,exact_mw,7acd59d404317421b37957afea3f5c66f33c9ef46579a47fd7c0ca3dd0dfc735,"{""distance"":7,""physical_error_rate"":0.001}","{""detection_events"":768,""detectors_checked"":164346}"
       512,         0,         0,   0.349,exact_mw,7acd59d404317421b37957afea3f5c66f33c9ef46579a47fd7c0ca3dd0dfc735,"{""distance"":7,""physical_error_rate"":0.001}","{""detection_events"":1443,""detectors_checked"":308224}"
      1024,         0,         0,   0.220,exact_mw,c34bb01325b9980f7caca1807bd93e7e28846c82b8c0538af034740e6e7d5106,"{""distance"":7,""physical_error_rate"":0.0005}","{""detection_events"":1567,""detectors_checked"":616448}"
      2048,         0,         0,   0.364,exact_mw,c34bb01325b9980f7caca1807bd93e7e28846c82b8c0538af034740e6e7d5106,"{""distance"":7,""physical_error_rate"":0.0005}","{""detection_events"":3054,""detectors_checked"":1232896}"
      3072,         0,         0,   0.408,exact_mw,c34bb01325b9980f7caca1807bd93e7e28846c82b8c0538af034740e6e7d5106,"{""distance"":7,""physical_error_rate"":0.0005}","{""detection_events"":4626,""detectors_checked"":1849344}"
      2048,         0,         0,   0.271,exact_mw,c34bb01325b9980f7caca1807bd93e7e28846c82b8c0538af034740e6e7d5106,"{""distance"":7,""physical_error_rate"":0.0005}","{""detection_events"":2912,""detectors_checked"":1232896}"
      1024,         0,         0,   0.298,exact_mw,c34bb01325b9980f7caca1807bd93e7e28846c82b8c0538af034740e6e7d5106,"{""distance"":7,""physical_error_rate"":0.0005}","{""detection_events"":1528,""detectors_checked"":616448}"
      1024,         0,         0,   0.220,exact_mw,c34bb01325b9980f7caca1807bd93e7e28846c82b8c0538af034740e6e7d5106,"{""distance"":7,""physical_error_rate"":0.0005}","{""detection_events"":1462,""detectors_checked"":616448}"
       273,         0,         0,   0.254,exact_mw,7acd59d404317421b37957afea3f5c66f33c9ef46579a47fd7c0ca3dd0dfc735,"{""distance"":7,""physical_error_rate"":0.001}","{""detection_events"":742,""detectors_checked"":164346}"
       512,         0,         0,   0.296,exact_mw,7acd59d404317421b37957afea3f5c66f33c9ef46579a47fd7c0ca3dd0dfc735,"{""distance"":7,""physical_error_rate"":0.001}","{""detection_events"":1397,""detectors_checked"":308224}"
      1024,         0,         0,   0.212,exact_mw,c34bb01325b9980f7caca1807bd93e7e28846c82b8c0538af034740e6e7d5106,"{""distance"":7,""physical_error_rate"":0.0005}","{""detection_events"":1406,""detectors_checked"":616448}"
       512,         0,         0,   0.474,exact_mw,7acd59d404317421b37957afea3f5c66f33c9ef46579a47fd7c0ca3dd0dfc735,"{""distance"":7,""physical_error_rate"":0.001}","{""detection_events"":1605,""detectors_checked"":308224}"
      2048,         0,         0,   0.276,exact_mw,c34bb01325b9980f7caca1807bd93e7e28846c82b8c0538af034740e6e7d5106,"{""distance"":7,""physical_error_rate"":0.0005}","{""detection_events"":2947,""detectors_checked"":1232896}"
      1024,         0,         0,   0.203,exact_mw,c34bb01325b9980f7caca1807bd93e7e28846c82b8c0538af034740e6e7d5106,"{""distance"":7,""physical_error_rate"":0.0005}","{""detection_events"":1525,""detectors_checked"":616448}"
       512,         0,         0,   0.599,exact_mw,7acd59d404317421b37957afea3f5c66f33c9ef46579a47fd7c0ca3dd0dfc735,"{""distance"":7,""physical_error_rate"":0.001}","{""detection_events"":1520,""detectors_checked"":308224}"
      1024,         0,         0,   0.188,exact_mw,c34bb01325b9980f7caca1807bd93e7e28846c82b8c0538af034740e6e7d5106,"{""distance"":7,""physical_error_rate"":0.0005}","{""detection_events"":1530,""detectors_checked"":616448}"
      1024,         0,         0,   0.816,exact_mw,7acd59d404317421b37957afea3f5c66f33c9ef46579a47fd7c0ca3dd0dfc735,"{""distance"":7,""physical_error_rate"":0.001}","{""detection_events"":2910,""detectors_checked"":616448}"
      1024,         0,         0,   0.169,exact_mw,c34bb01325b9980f7caca1807bd93e7e28846c82b8c0538af034740e6e7d5106,"{""distance"":7,""physical_error_rate"":0.0005}","{""detection_events"":1632,""detectors_checked"":616448}"
      3072,         0,         0,   0.569,exact_mw,c34bb01325b9980f7caca1807bd93e7e28846c82b8c0538af034740e6e7d5106,"{""distance"":7,""physical_error_rate"":0.0005}","{""detection_events"":4618,""detectors_checked"":1849344}"
      3072,         0,         0,   0.536,exact_mw,c34bb01325b9980f7caca1807bd93e7e28846c82b8c0538af034740e6e7d5106,"{""distance"":7,""physical_error_rate"":0.0005}","{""detection_events"":4520,""detectors_checked"":1849344}"
       512,         0,         0,   0.397,exact_mw,7acd59d404317421b37957afea3f5c66f33c9ef46579a47fd7c0ca3dd0dfc735,"{""distance"":7,""physical_error_rate"":0.001}","{""detection_events"":1559,""detectors_checked"":308224}"
      2048,         0,         0,   0.404,exact_mw,c34bb01325b9980f7caca1807bd93e7e28846c82b8c0538af034740e6e7d5106,"{""distance"":7,""physical_error_rate"":0.0005}","{""detection_events"":3021,""detectors_checked"":1232896}"
       512,         0,         0,   0.606,exact_mw,7acd59d404317421b37957afea3f5c66f33c9ef46579a47fd7c0ca3dd0dfc735,"{""distance"":7,""physical_error_rate"":0.001}","{""detection_events"":1363,""detectors_checked"":308224}"
      1024,         0,         0,   0.277,exact_mw,c34bb01325b9980f7caca1807bd93e7e28846c82b8c0538af034740e6e7d5106,"{""distance"":7,""physical_error_rate"":0.0005}","{""detection_events"":1521,""detectors_checked"":616448}"
      2048,         0,         0,   0.301,exact_mw,c34bb01325b9980f7caca1807bd93e7e28846c82b8c0538af034740e6e7d5106,"{""distance"":7,""physical_error_rate"":0.0005}","{""detection_events"":3063,""detectors_checked"":1232896}"
         1,         0,         0,   0.021,exact_mw,7acd59d404317421b37957afea3f5c66f33c9ef46579a47fd7c0ca3dd0dfc735,"{""distance"":7,""physical_error_rate"":0.001}","{""detection_events"":6,""detectors_checked"":602}"
        16,         0,         0,   0.025,exact_mw,7acd59d404317421b37957afea3f5c66f33c9ef46579a47fd7c0ca3dd0dfc735,"{""distance"":7,""physical_error_rate"":0.001}","{""detection_events"":48,""detectors_checked"":9632}"
      1024,         0,         0,   0.743,exact_mw,7acd59d404317421b37957afea3f5c66f33c9ef46579a47fd7c0ca3dd0dfc735,"{""distance"":7,""physical_error_rate"":0.001}","{""detection_events"":2897,""detectors_checked"":616448}"
         1,         0,         0,   0.001,exact_mw,c34bb01325b9980f7caca1807bd93e7e28846c82b8c0538af034740e6e7d5106,"{""distance"":7,""physical_error_rate"":0.0005}","{""detectors_checked"":602}"
       272,         0,         0,   0.030,exact_mw,c34bb01325b9980f7caca1807bd93e7e28846c82b8c0538af034740e6e7d5106,"{""distance"":7,""physical_error_rate"":0.0005}","{""detection_events"":357,""detectors_checked"":163744}"
      1024,         0,         0,   0.270,exact_mw,c34bb01325b9980f7caca1807bd93e7e28846c82b8c0538af034740e6e7d5106,"{""distance"":7,""physical_error_rate"":0.0005}","{""detection_events"":1589,""detectors_checked"":616448}"
      1024,         0,         0,   0.097,exact_mw,c34bb01325b9980f7caca1807bd93e7e28846c82b8c0538af034740e6e7d5106,"{""distance"":7,""physical_error_rate"":0.0005}","{""detection_events"":1360,""detectors_checked"":616448}"
       256,         0,         0,   0.273,exact_mw,7acd59d404317421b37957afea3f5c66f33c9ef46579a47fd7c0ca3dd0dfc735,"{""distance"":7,""physical_error_rate"":0.001}","{""detection_events"":757,""detectors_checked"":154112}"
       512,         0,         0,   0.732,exact_mw,7acd59d404317421b37957afea3f5c66f33c9ef46579a47fd7c0ca3dd0dfc735,"{""distance"":7,""physical_error_rate"":0.001}","{""detection_events"":1597,""detectors_checked"":308224}"
       512,         0,         0,   0.438,exact_mw,7acd59d404317421b37957afea3f5c66f33c9ef46579a47fd7c0ca3dd0dfc735,"{""distance"":7,""physical_error_rate"":0.001}","{""detection_events"":1615,""detectors_checked"":308224}"
      2048,         0,         0,   0.382,exact_mw,c34bb01325b9980f7caca1807bd93e7e28846c82b8c0538af034740e6e7d5106,"{""distance"":7,""physical_error_rate"":0.0005}","{""detection_events"":2978,""detectors_checked"":1232896}"
      3072,         0,         0,   0.669,exact_mw,c34bb01325b9980f7caca1807bd93e7e28846c82b8c0538af034740e6e7d5106,"{""distance"":7,""physical_error_rate"":0.0005}","{""detection_events"":4396,""detectors_checked"":1849344}"
      4096,         0,         0,   0.677,exact_mw,c34bb01325b9980f7caca1807bd93e7e28846c82b8c0538af034740e6e7d5106,"{""distance"":7,""physical_error_rate"":0.0005}","{""detection_events"":5955,""detectors_checked"":2465792}"
       512,         0,         0,   0.494,exact_mw,7acd59d404317421b37957afea3f5c66f33c9ef46579a47fd7c0ca3dd0dfc735,"{""distance"":7,""physical_error_rate"":0.001}","{""detection_events"":1542,""detectors_checked"":308224}"
      1024,         0,         0,   0.180,exact_mw,c34bb01325b9980f7caca1807bd93e7e28846c82b8c0538af034740e6e7d5106,"{""distance"":7,""physical_error_rate"":0.0005}","{""detection_events"":1725,""detectors_checked"":616448}"
      2048,         0,         0,   0.331,exact_mw,c34bb01325b9980f7caca1807bd93e7e28846c82b8c0538af034740e6e7d5106,"{""distance"":7,""physical_error_rate"":0.0005}","{""detection_events"":2938,""detectors_checked"":1232896}"
      3072,         0,         0,   0.652,exact_mw,c34bb01325b9980f7caca1807bd93e7e28846c82b8c0538af034740e6e7d5106,"{""distance"":7,""physical_error_rate"":0.0005}","{""detection_events"":4594,""detectors_checked"":1849344}"
      1024,         0,         0,   0.209,exact_mw,c34bb01325b9980f7caca1807bd93e7e28846c82b8c0538af034740e6e7d5106,"{""distance"":7,""physical_error_rate"":0.0005}","{""detection_events"":1442,""detectors_checked"":616448}"
       273,         0,         0,   0.054,exact_mw,c34bb01325b9980f7caca1807bd93e7e28846c82b8c0538af034740e6e7d5106,"{""distance"":7,""physical_error_rate"":0.0005}","{""detection_events"":379,""detectors_checked"":164346}"
       512,         0,         0,   0.484,exact_mw,7acd59d404317421b37957afea3f5c66f33c9ef46579a47fd7c0ca3dd0dfc735,"{""distance"":7,""physical_error_rate"":0.001}","{""detection_events"":1541,""detectors_checked"":308224}"
       512,         0,         0,   0.494,exact_mw,7acd59d404317421b37957afea3f5c66f33c9ef46579a47fd7c0ca3dd0dfc735,"{""distance"":7,""physical_error_rate"":0.001}","{""detection_events"":1528,""detectors_checked"":308224}"
      2048,         0,         0,   0.462,exact_mw,c34bb01325b9980f7caca1807bd93e7e28846c82b8c0538af034740e6e7d5106,"{""distance"":7,""physical_error_rate"":0.0005}","{""detection_events"":3106,""detectors_checked"":1232896}"
    120064,         1,         0,   120.4,exact_mw,7acd59d404317421b37957afea3f5c66f33c9ef46579a47fd7c0ca3dd0dfc735,"{""distance"":7,""physical_error_rate"":0.001}","{""detection_events"":354113,""detectors_checked"":72278528,""obs_mistake_mask=E"":1}"
      1024,         0,         0,   0.193,exact_mw,c34bb01325b9980f7caca1807bd93e7e28846c82b8c0538af034740e6e7d5106,"{""distance"":7,""physical_error_rate"":0.0005}","{""detection_events"":1627,""detectors_checked"":616448}"
       512,         0,         0,   0.418,exact_mw,7acd59d404317421b37957afea3f5c66f33c9ef46579a47fd7c0ca3dd0dfc735,"{""distance"":7,""physical_error_rate"":0.001}","{""detection_events"":1457,""detectors_checked"":308224}"
      1024,         0,         0,   0.206,exact_mw,c34bb01325b9980f7caca1807bd93e7e28846c82b8c0538af034740e6e7d5106,"{""distance"":7,""physical_error_rate"":0.0005}","{""detection_events"":1527,""detectors_checked"":616448}"
       512,         0,         0,   0.681,exact_mw,7acd59d404317421b37957afea3f5c66f33c9ef46579a47fd7c0ca3dd0dfc735,"{""distance"":7,""physical_error_rate"":0.001}","{""detection_events"":1512,""detectors_checked"":308224}"
      1024,         0,         0,   0.133,exact_mw,c34bb01325b9980f7caca1807bd93e7e28846c82b8c0538af034740e6e7d5106,"{""distance"":7,""physical_error_rate"":0.0005}","{""detection_events"":1454,""detectors_checked"":616448}"
      1024,         0,         0,    1.38,exact_mw,7acd59d404317421b37957afea3f5c66f33c9ef46579a47fd7c0ca3dd0dfc735,"{""distance"":7,""physical_error_rate"":0.001}","{""detection_events"":2910,""detectors_checked"":616448}"
       273,         0,         0,   0.302,exact_mw,7acd59d404317421b37957afea3f5c66f33c9ef46579a47fd7c0ca3dd0dfc735,"{""distance"":7,""physical_error_rate"":0.001}","{""detection_events"":834,""detectors_checked"":164346}"
      1024,         0,         0,   0.164,exact_mw,c34bb01325b9980f7caca1807bd93e7e28846c82b8c0538af034740e6e7d5106,"{""distance"":7,""physical_error_rate"":0.0005}","{""detection_events"":1416,""detectors_checked"":616448}"
      2048,         0,         0,   0.527,exact_mw,c34bb01325b9980f7caca1807bd93e7e28846c82b8c0538af034740e6e7d5106,"{""distance"":7,""physical_error_rate"":0.0005}","{""detection_events"":3073,""detectors_checked"":1232896}"
      1024,         0,         0,   0.945,exact_mw,7acd59d404317421b37957afea3f5c66f33c9ef46579a47fd7c0ca3dd0dfc735,"{""distance"":7,""physical_error_rate"":0.001}","{""detection_events"":3014,""detectors_checked"":616448}"
      1024,         0,         0,   0.182,exact_mw,c34bb01325b9980f7caca1807bd93e7e28846c82b8c0538af034740e6e7d5106,"{""distance"":7,""physical_error_rate"":0.0005}","{""detection_events"":1518,""detectors_checked"":616448}"
      5120,         0,         0,   0.813,exact_mw,c34bb01325b9980f7caca1807bd93e7e28846c82b8c0538af034740e6e7d5106,"{""distance"":7,""physical_error_rate"":0.0005}","{""detection_events"":7638,""detectors_checked"":3082240}"
      3072,         0,         0,   0.692,exact_mw,c34bb01325b9980f7caca1807bd93e7e28846c82b8c0538af034740e6e7d5106,"{""distance"":7,""physical_error_rate"":0.0005}","{""detection_events"":4618,""detectors_checked"":1849344}"
      1024,         0,         0,   0.205,exact_mw,c34bb01325b9980f7caca1807bd93e7e28846c82b8c0538af034740e6e7d5106,"{""distance"":7,""physical_error_rate"":0.0005}","{""detection_events"":1592,""detectors_checked"":616448}"
       512,         0,         0,   0.494,exact_mw,7acd59d404317421b37957afea3f5c66f33c9ef46579a47fd7c0ca3dd0dfc735,"{""distance"":7,""physical_error_rate"":0.001}","{""detection_events"":1514,""detectors_checked"":308224}"
      2048,         0,         0,   0.497,exact_mw,c34bb01325b9980f7caca1807bd93e7e28846c82b8c0538af034740e6e7d5106,"{""distance"":7,""physical_error_rate"":0.0005}","{""detection_events"":3062,""detectors_checked"":1232896}"
      6144,         0,         0,   0.941,exact_mw,c34bb01325b9980f7caca1807bd93e7e28846c82b8c0538af034740e6e7d5106,"{""distance"":7,""physical_error_rate"":0.0005}","{""detection_events"":8798,""detectors_checked"":3698688}"
       512,         0,         0,   0.510,exact_mw,7acd59d404317421b37957afea3f5c66f33c9ef46579a47fd7c0ca3dd0dfc735,"{""distance"":7,""physical_error_rate"":0.001}","{""detection_events"":1511,""detectors_checked"":308224}"
       512,         0,         0,   0.626,exact_mw,7acd59d404317421b37957afea3f5c66f33c9ef46579a47fd7c0ca3dd0dfc735,"{""distance"":7,""physical_error_rate"":0.001}","{""detection_events"":1571,""detectors_checked"":308224}"
      2048,         0,         0,   0.333,exact_mw,c34bb01325b9980f7caca1807bd93e7e28846c82b8c0538af034740e6e7d5106,"{""distance"":7,""physical_error_rate"":0.0005}","{""detection_events"":2856,""detectors_checked"":1232896}"
      1024,         0,         0,   0.304,exact_mw,c34bb01325b9980f7caca1807bd93e7e28846c82b8c0538af034740e6e7d5106,"{""distance"":7,""physical_error_rate"":0.0005}","{""detection_events"":1496,""detectors_checked"":616448}"
       512,         0,         0,   0.638,exact_mw,7acd59d404317421b37957afea3f5c66f33c9ef46579a47fd7c0ca3dd0dfc735,"{""distance"":7,""physical_error_rate"":0.001}","{""detection_events"":1493,""detectors_checked"":308224}"
      3072,         0,         0,   0.553,exact_mw,c34bb01325b9980f7caca1807bd93e7e28846c82b8c0538af034740e6e7d5106,"{""distance"":7,""physical_error_rate"":0.0005}","{""detection_events"":4560,""detectors_checked"":1849344}"
       512,         0,         0,   0.311,exact_mw,7acd59d404317421b37957afea3f5c66f33c9ef46579a47fd7c0ca3dd0dfc735,"{""distance"":7,""physical_error_rate"":0.001}","{""detection_events"":1477,""detectors_checked"":308224}"
       512,         0,         0,   0.671,exact_mw,7acd59d404317421b37957afea3f5c66f33c9ef46579a47fd7c0ca3dd0dfc735,"{""distance"":7,""physical_error_rate"":0.001}","{""detection_events"":1609,""detectors_checked"":308224}"
       273,         1,         0,   0.242,exact_mw,7acd59d404317421b37957afea3f5c66f33c9ef46579a47fd7c0ca3dd0dfc735,"{""distance"":7,""physical_error_rate"":0.001}","{""detection_events"":862,""detectors_checked"":164346,""obs_mistake_mask=E"":1}"
      1024,         0,         0,   0.188,exact_mw,c34bb01325b9980f7caca1807bd93e7e28846c82b8c0538af034740e6e7d5106,"{""distance"":7,""physical_error_rate"":0.0005}","{""detection_events"":1536,""detectors_checked"":616448}"
      2048,         0,         0,   0.293,exact_mw,c34bb01325b9980f7caca1807bd93e7e28846c82b8c0538af034740e6e7d5106,"{""distance"":7,""physical_error_rate"":0.0005}","{""detection_events"":2824,""detectors_checked"":1232896}"
       512,         0,         0,   0.452,exact_mw,7acd59d404317421b37957afea3f5c66f33c9ef46579a47fd7c0ca3dd0dfc735,"{""distance"":7,""physical_error_rate"":0.001}","{""detection_events"":1492,""detectors_checked"":308224}"
       512,         0,         0,   0.618,exact_mw,7acd59d404317421b37957afea3f5c66f33c9ef46579a47fd7c0ca3dd0dfc735,"{""distance"":7,""physical_error_rate"":0.001}","{""detection_events"":1486,""detectors_checked"":308224}"
      3072,         0,         0,   0.689,exact_mw,c34bb01325b9980f7caca1807bd93e7e28846c82b8c0538af034740e6e7d5106,"{""distance"":7,""physical_error_rate"":0.0005}","{""detection_events"":4529,""detectors_checked"":1849344}"
       512,         0,         0,   0.348,exact_mw,7acd59d404317421b37957afea3f5c66f33c9ef46579a47fd7c0ca3dd0dfc735,"{""distance"":7,""physical_error_rate"":0.001}","{""detection_events"":1430,""detectors_checked"":308224}"
      1024,         0,         0,   0.270,exact_mw,c34bb01325b9980f7caca1807bd93e7e28846c82b8c0538af034740e6e7d5106,"{""distance"":7,""physical_error_rate"":0.0005}","{""detection_events"":1425,""detectors_checked"":616448}"
       273,         0,         0,   0.050,exact_mw,c34bb01325b9980f7caca1807bd93e7e28846c82b8c0538af034740e6e7d5106,"{""distance"":7,""physical_error_rate"":0.0005}","{""detection_events"":485,""detectors_checked"":164346}"
         1,         0,         0,   0.001,exact_mw,c34bb01325b9980f7caca1807bd93e7e28846c82b8c0538af034740e6e7d5106,"{""distance"":7,""physical_error_rate"":0.0005}","{""detectors_checked"":602}"
       512,         0,         0,   0.398,exact_mw,7acd59d404317421b37957afea3f5c66f33c9ef46579a47fd7c0ca3dd0dfc735,"{""distance"":7,""physical_error_rate"":0.001}","{""detection_events"":1512,""detectors_checked"":308224}"
      3072,         0,         0,   0.343,exact_mw,c34bb01325b9980f7caca1807bd93e7e28846c82b8c0538af034740e6e7d5106,"{""distance"":7,""physical_error_rate"":0.0005}","{""detection_events"":4501,""detectors_checked"":1849344}"
       273,         0,         0,   0.210,exact_mw,7acd59d404317421b37957afea3f5c66f33c9ef46579a47fd7c0ca3dd0dfc735,"{""distance"":7,""physical_error_rate"":0.001}","{""detection_events"":836,""detectors_checked"":164346}"
      5120,         0,         0,   0.988,exact_mw,c34bb01325b9980f7caca1807bd93e7e28846c82b8c0538af034740e6e7d5106,"{""distance"":7,""physical_error_rate"":0.0005}","{""detection_events"":7269,""detectors_checked"":3082240}"
      1024,         0,         0,   0.136,exact_mw,c34bb01325b9980f7caca1807bd93e7e28846c82b8c0538af034740e6e7d5106,"{""distance"":7,""physical_error_rate"":0.0005}","{""detection_events"":1459,""detectors_checked"":616448}"
      1024,         0,         0,   0.189,exact_mw,c34bb01325b9980f7caca1807bd93e7e28846c82b8c0538af034740e6e7d5106,"{""distance"":7,""physical_error_rate"":0.0005}","{""detection_events"":1538,""detectors_checked"":616448}"
       512,         0,         0,   0.707,exact_mw,7acd59d404317421b37957afea3f5c66f33c9ef46579a47fd7c0ca3dd0dfc735,"{""distance"":7,""physical_error_rate"":0.001}","{""detection_events"":1683,""detectors_checked"":308224}"
      8192,         0,         0,    1.12,exact_mw,c34bb01325b9980f7caca1807bd93e7e28846c82b8c0538af034740e6e7d5106,"{""distance"":7,""physical_error_rate"":0.0005}","{""detection_events"":12188,""detectors_checked"":4931584}"
      1296,         0,         0,   0.196,exact_mw,c34bb01325b9980f7caca1807bd93e7e28846c82b8c0538af034740e6e7d5106,"{""distance"":7,""physical_error_rate"":0.0005}","{""detection_events"":1758,""detectors_checked"":780192}"
       512,         0,         0,   0.675,exact_mw,7acd59d404317421b37957afea3f5c66f33c9ef46579a47fd7c0ca3dd0dfc735,"{""distance"":7,""physical_error_rate"":0.001}","{""detection_events"":1434,""detectors_checked"":308224}"
       512,         0,         0,   0.368,exact_mw,7acd59d404317421b37957afea3f5c66f33c9ef46579a47fd7c0ca3dd0dfc735,"{""distance"":7,""physical_error_rate"":0.001}","{""detection_events"":1434,""detectors_checked"":308224}"
       512,         0,         0,   0.529,exact_mw,7acd59d404317421b37957afea3f5c66f33c9ef46579a47fd7c0ca3dd0dfc735,"{""distance"":7,""physical_error_rate"":0.001}","{""detection_events"":1362,""detectors_checked"":308224}"
      4096,         0,         0,   0.755,exact_mw,c34bb01325b9980f7caca1807bd93e7e28846c82b8c0538af034740e6e7d5106,"{""distance"":7,""physical_error_rate"":0.0005}","{""detection_events"":6286,""detectors_checked"":2465792}"
      1024,         0,         0,    1.35,exact_mw,7acd59d404317421b37957afea3f5c66f33c9ef46579a47fd7c0ca3dd0dfc735,"{""distance"":7,""physical_error_rate"":0.001}","{""detection_events"":2947,""detectors_checked"":616448}"
      1024,         0,         0,   0.190,exact_mw,c34bb01325b9980f7caca1807bd93e7e28846c82b8c0538af034740e6e7d5106,"{""distance"":7,""physical_error_rate"":0.0005}","{""detection_events"":1553,""detectors_checked"":616448}"
      1024,         0,         0,   0.188,exact_mw,c34bb01325b9980f7caca1807bd93e7e28846c82b8c0538af034740e6e7d5106,"{""distance"":7,""physical_error_rate"":0.0005}","{""detection_events"":1482,""detectors_checked"":616448}"
      1024,         0,         0,   0.175,exact_mw,c34bb01325b9980f7caca1807bd93e7e28846c82b8c0538af034740e6e7d5106,"{""distance"":7,""physical_error_rate"":0.0005}","{""detection_events"":1631,""detectors_checked"":616448}"
      8192,         0,         0,    1.21,exact_mw,c34bb01325b9980f7caca1807bd93e7e28846c82b8c0538af034740e6e7d5106,"{""distance"":7,""physical_error_rate"":0.0005}","{""detection_events"":12306,""detectors_checked"":4931584}"
       512,         0,         0,   0.398,exact_mw,7acd59d404317421b37957afea3f5c66f33c9ef46579a47fd7c0ca3dd0dfc735,"{""distance"":7,""physical_error_rate"":0.001}","{""detection_events"":1510,""detectors_checked"":308224}"
      1024,         0,         0,   0.163,exact_mw,c34bb01325b9980f7caca1807bd93e7e28846c82b8c0538af034740e6e7d5106,"{""distance"":7,""physical_error_rate"":0.0005}","{""detection_events"":1495,""detectors_checked"":616448}"
      1024,         0,         0,   0.111,exact_mw,c34bb01325b9980f7caca1807bd93e7e28846c82b8c0538af034740e6e7d5106,"{""distance"":7,""physical_error_rate"":0.0005}","{""detection_events"":1554,""detectors_checked"":616448}"
      1024,         0,         0,   0.249,exact_mw,c34bb01325b9980f7caca1807bd93e7e28846c82b8c0538af034740e6e7d5106,"{""distance"":7,""physical_error_rate"":0.0005}","{""detection_events"":1638,""detectors_checked"":616448}"
      3072,         0,         0,   0.538,exact_mw,c34bb01325b9980f7caca1807bd93e7e28846c82b8c0538af034740e6e7d5106,"{""distance"":7,""physical_error_rate"":0.0005}","{""detection_events"":4782,""detectors_checked"":1849344}"
       512,         0,         0,   0.833,exact_mw,7acd59d404317421b37957afea3f5c66f33c9ef46579a47fd7c0ca3dd0dfc735,"{""distance"":7,""physical_error_rate"":0.001}","{""detection_events"":1507,""detectors_checked"":308224}"
       512,         0,         0,   0.537,exact_mw,7acd59d404317421b37957afea3f5c66f33c9ef46579a47fd7c0ca3dd0dfc735,"{""distance"":7,""physical_error_rate"":0.001}","{""detection_events"":1560,""detectors_checked"":308224}"
       512,         0,         0,   0.424,exact_mw,7acd59d404317421b37957afea3f5c66f33c9ef46579a47fd7c0ca3dd0dfc735,"{""distance"":7,""physical_error_rate"":0.001}","{""detection_events"":1443,""detectors_checked"":308224}"
       512,         0,         0,   0.361,exact_mw,7acd59d404317421b37957afea3f5c66f33c9ef46579a47fd7c0ca3dd0dfc735,"{""distance"":7,""physical_error_rate"":0.001}","{""detection_events"":1452,""detectors_checked"":308224}"
      1024,         0,         0,   0.166,exact_mw,c34bb01325b9980f7caca1807bd93e7e28846c82b8c0538af034740e6e7d5106,"{""distance"":7,""physical_error_rate"":0.0005}","{""detection_events"":1551,""detectors_checked"":616448}"
      1024,         0,         0,   0.273,exact_mw,c34bb01325b9980f7caca1807bd93e7e28846c82b8c0538af034740e6e7d5106,"{""distance"":7,""physical_error_rate"":0.0005}","{""detection_events"":1546,""detectors_checked"":616448}"
       512,         0,         0,   0.519,exact_mw,7acd59d404317421b37957afea3f5c66f33c9ef46579a47fd7c0ca3dd0dfc735,"{""distance"":7,""physical_error_rate"":0.001}","{""detection_events"":1508,""detectors_checked"":308224}"
      5120,         0,         0,   0.894,exact_mw,c34bb01325b9980f7caca1807bd93e7e28846c82b8c0538af034740e6e7d5106,"{""distance"":7,""physical_error_rate"":0.0005}","{""detection_events"":7580,""detectors_checked"":3082240}"
      1536,         0,         0,    1.90,exact_mw,7acd59d404317421b37957afea3f5c66f33c9ef46579a47fd7c0ca3dd0dfc735,"{""distance"":7,""physical_error_rate"":0.001}","{""detection_events"":4641,""detectors_checked"":924672}"
       512,         0,         0,   0.467,exact_mw,7acd59d404317421b37957afea3f5c66f33c9ef46579a47fd7c0ca3dd0dfc735,"{""distance"":7,""physical_error_rate"":0.001}","{""detection_events"":1532,""detectors_checked"":308224}"
      1024,         0,         0,   0.160,exact_mw,c34bb01325b9980f7caca1807bd93e7e28846c82b8c0538af034740e6e7d5106,"{""distance"":7,""physical_error_rate"":0.0005}","{""detection_events"":1619,""detectors_checked"":616448}"
      1024,         0,         0,   0.283,exact_mw,c34bb01325b9980f7caca1807bd93e7e28846c82b8c0538af034740e6e7d5106,"{""distance"":7,""physical_error_rate"":0.0005}","{""detection_events"":1489,""detectors_checked"":616448}"
      2048,         0,         0,   0.420,exact_mw,c34bb01325b9980f7caca1807bd93e7e28846c82b8c0538af034740e6e7d5106,"{""distance"":7,""physical_error_rate"":0.0005}","{""detection_events"":2918,""detectors_checked"":1232896}"
       512,         0,         0,   0.809,exact_mw,7acd59d404317421b37957afea3f5c66f33c9ef46579a47fd7c0ca3dd0dfc735,"{""distance"":7,""physical_error_rate"":0.001}","{""detection_events"":1562,""detectors_checked"":308224}"
       512,         0,         0,   0.481,exact_mw,7acd59d404317421b37957afea3f5c66f33c9ef46579a47fd7c0ca3dd0dfc735,"{""distance"":7,""physical_error_rate"":0.001}","{""detection_events"":1497,""detectors_checked"":308224}"
       512,         0,         0,   0.464,exact_mw,7acd59d404317421b37957afea3f5c66f33c9ef46579a47fd7c0ca3dd0dfc735,"{""distance"":7,""physical_error_rate"":0.001}","{""detection_events"":1620,""detectors_checked"":308224}"
      1024,         0,         0,   0.108,exact_mw,c34bb01325b9980f7caca1807bd93e7e28846c82b8c0538af034740e6e7d5106,"{""distance"":7,""physical_error_rate"":0.0005}","{""detection_events"":1495,""detectors_checked"":616448}"
      1024,         0,         0,   0.790,exact_mw,7acd59d404317421b37957afea3f5c66f33c9ef46579a47fd7c0ca3dd0dfc735,"{""distance"":7,""physical_error_rate"":0.001}","{""detection_events"":2985,""detectors_checked"":616448}"
      5120,         0,         0,   0.841,exact_mw,c34bb01325b9980f7caca1807bd93e7e28846c82b8c0538af034740e6e7d5106,"{""distance"":7,""physical_error_rate"":0.0005}","{""detection_events"":7782,""detectors_checked"":3082240}"
      1024,         0,         0,   0.217,exact_mw,c34bb01325b9980f7caca1807bd93e7e28846c82b8c0538af034740e6e7d5106,"{""distance"":7,""physical_error_rate"":0.0005}","{""detection_events"":1400,""detectors_checked"":616448}"
      4096,         0,         0,   0.593,exact_mw,c34bb01325b9980f7caca1807bd93e7e28846c82b8c0538af034740e6e7d5106,"{""distance"":7,""physical_error_rate"":0.0005}","{""detection_events"":6090,""detectors_checked"":2465792}"
       512,         0,         0,   0.561,exact_mw,7acd59d404317421b37957afea3f5c66f33c9ef46579a47fd7c0ca3dd0dfc735,"{""distance"":7,""physical_error_rate"":0.001}","{""detection_events"":1455,""detectors_checked"":308224}"
      1024,         0,         0,   0.131,exact_mw,c34bb01325b9980f7caca1807bd93e7e28846c82b8c0538af034740e6e7d5106,"{""distance"":7,""physical_error_rate"":0.0005}","{""detection_events"":1542,""detectors_checked"":616448}"
      6144,         0,         0,    1.28,exact_mw,c34bb01325b9980f7caca1807bd93e7e28846c82b8c0538af034740e6e7d5106,"{""distance"":7,""physical_error_rate"":0.0005}","{""detection_events"":8998,""detectors_checked"":3698688}"
      1024,         0,         0,   0.224,exact_mw,c34bb01325b9980f7caca1807bd93e7e28846c82b8c0538af034740e6e7d5106,"{""distance"":7,""physical_error_rate"":0.0005}","{""detection_events"":1651,""detectors_checked"":616448}"
       512,         0,         0,   0.781,exact_mw,7acd59d404317421b37957afea3f5c66f33c9ef46579a47fd7c0ca3dd0dfc735,"{""distance"":7,""physical_error_rate"":0.001}","{""detection_events"":1586,""detectors_checked"":308224}"
       512,         0,         0,   0.633,exact_mw,7acd59d404317421b37957afea3f5c66f33c9ef46579a47fd7c0ca3dd0dfc735,"{""distance"":7,""physical_error_rate"":0.001}","{""detection_events"":1475,""detectors_checked"":308224}"
       512,         0,         0,   0.548,exact_mw,7acd59d404317421b37957afea3f5c66f33c9ef46579a47fd7c0ca3dd0dfc735,"{""distance"":7,""physical_error_rate"":0.001}","{""detection_events"":1501,""detectors_checked"":308224}"
      2048,         0,         0,   0.293,exact_mw,c34bb01325b9980f7caca1807bd93e7e28846c82b8c0538af034740e6e7d5106,"{""distance"":7,""physical_error_rate"":0.0005}","{""detection_events"":2945,""detectors_checked"":1232896}"
       512,         0,         0,   0.447,exact_mw,7acd59d404317421b37957afea3f5c66f33c9ef46579a47fd7c0ca3dd0dfc735,"{""distance"":7,""physical_error_rate"":0.001}","{""detection_events"":1521,""detectors_checked"":308224}"
       512,         0,         0,   0.420,exact_mw,7acd59d404317421b37957afea3f5c66f33c9ef46579a47fd7c0ca3dd0dfc735,"{""distance"":7,""physical_error_rate"":0.001}","{""detection_events"":1580,""detectors_checked"":308224}"
      3072,         0,         0,   0.627,exact_mw,c34bb01325b9980f7caca1807bd93e7e28846c82b8c0538af034740e6e7d5106,"{""distance"":7,""physical_error_rate"":0.0005}","{""detection_events"":4574,""detectors_checked"":1849344}"
      1024,         0,         0,   0.309,exact_mw,c34bb01325b9980f7caca1807bd93e7e28846c82b8c0538af034740e6e7d5106,"{""distance"":7,""physical_error_rate"":0.0005}","{""detection_events"":1677,""detectors_checked"":616448}"
       512,         0,         0,   0.687,exact_mw,7acd59d404317421b37957afea3f5c66f33c9ef46579a47fd7c0ca3dd0dfc735,"{""distance"":7,""physical_error_rate"":0.001}","{""detection_events"":1725,""detectors_checked"":308224}"
      2048,         0,         0,   0.351,exact_mw,c34bb01325b9980f7caca1807bd93e7e28846c82b8c0538af034740e6e7d5106,"{""distance"":7,""physical_error_rate"":0.0005}","{""detection_events"":3158,""detectors_checked"":1232896}"
       512,         0,         0,   0.487,exact_mw,7acd59d404317421b37957afea3f5c66f33c9ef46579a47fd7c0ca3dd0dfc735,"{""distance"":7,""physical_error_rate"":0.001}","{""detection_events"":1435,""detectors_checked"":308224}"
       512,         0,         0,   0.389,exact_mw,7acd59d404317421b37957afea3f5c66f33c9ef46579a47fd7c0ca3dd0dfc735,"{""distance"":7,""physical_error_rate"":0.001}","{""detection_events"":1474,""detectors_checked"":308224}"
      1024,         0,         0,   0.885,exact_mw,7acd59d404317421b37957afea3f5c66f33c9ef46579a47fd7c0ca3dd0dfc735,"{""distance"":7,""physical_error_rate"":0.001}","{""detection_events"":2912,""detectors_checked"":616448}"
      9216,         0,         0,    1.76,exact_mw,c34bb01325b9980f7caca1807bd93e7e28846c82b8c0538af034740e6e7d5106,"{""distance"":7,""physical_error_rate"":0.0005}","{""detection_events"":13486,""detectors_checked"":5548032}"
       512,         0,         0,   0.510,exact_mw,7acd59d404317421b37957afea3f5c66f33c9ef46579a47fd7c0ca3dd0dfc735,"{""distance"":7,""physical_error_rate"":0.001}","{""detection_events"":1595,""detectors_checked"":308224}"
      6144,         0,         0,   0.825,exact_mw,c34bb01325b9980f7caca1807bd93e7e28846c82b8c0538af034740e6e7d5106,"{""distance"":7,""physical_error_rate"":0.0005}","{""detection_events"":9161,""detectors_checked"":3698688}"
      1024,         0,         0,   0.286,exact_mw,c34bb01325b9980f7caca1807bd93e7e28846c82b8c0538af034740e6e7d5106,"{""distance"":7,""physical_error_rate"":0.0005}","{""detection_events"":1470,""detectors_checked"":616448}"
      8192,         0,         0,    1.23,exact_mw,c34bb01325b9980f7caca1807bd93e7e28846c82b8c0538af034740e6e7d5106,"{""distance"":7,""physical_error_rate"":0.0005}","{""detection_events"":12127,""detectors_checked"":4931584}"
       512,         0,         0,   0.654,exact_mw,7acd59d404317421b37957afea3f5c66f33c9ef46579a47fd7c0ca3dd0dfc735,"{""distance"":7,""physical_error_rate"":0.001}","{""detection_events"":1595,""detectors_checked"":308224}"
      9216,         0,         0,    1.69,exact_mw,c34bb01325b9980f7caca1807bd93e7e28846c82b8c0538af034740e6e7d5106,"{""distance"":7,""physical_error_rate"":0.0005}","{""detection_events"":13748,""detectors_checked"":5548032}"
      1024,         0,         0,    1.03,exact_mw,7acd59d404317421b37957afea3f5c66f33c9ef46579a47fd7c0ca3dd0dfc735,"{""distance"":7,""physical_error_rate"":0.001}","{""detection_events"":3075,""detectors_checked"":616448}"
       512,         0,         0,   0.664,exact_mw,7acd59d404317421b37957afea3f5c66f33c9ef46579a47fd7c0ca3dd0dfc735,"{""distance"":7,""physical_error_rate"":0.001}","{""detection_events"":1623,""detectors_checked"":308224}"
      2048,         0,         0,   0.390,exact_mw,c34bb01325b9980f7caca1807bd93e7e28846c82b8c0538af034740e6e7d5106,"{""distance"":7,""physical_error_rate"":0.0005}","{""detection_events"":3012,""detectors_checked"":1232896}"
      3072,         0,         0,   0.731,exact_mw,c34bb01325b9980f7caca1807bd93e7e28846c82b8c0538af034740e6e7d5106,"{""distance"":7,""physical_error_rate"":0.0005}","{""detection_events"":4461,""detectors_checked"":1849344}"
      2048,         0,         0,   0.341,exact_mw,c34bb01325b9980f7caca1807bd93e7e28846c82b8c0538af034740e6e7d5106,"{""distance"":7,""physical_error_rate"":0.0005}","{""detection_events"":2931,""detectors_checked"":1232896}"
      8192,         0,         0,    1.25,exact_mw,c34bb01325b9980f7caca1807bd93e7e28846c82b8c0538af034740e6e7d5106,"{""distance"":7,""physical_error_rate"":0.0005}","{""detection_events"":12168,""detectors_checked"":4931584}"
       512,         0,         0,   0.411,exact_mw,7acd59d404317421b37957afea3f5c66f33c9ef46579a47fd7c0ca3dd0dfc735,"{""distance"":7,""physical_error_rate"":0.001}","{""detection_events"":1610,""detectors_checked"":308224}"
       512,         0,         0,   0.649,exact_mw,7acd59d404317421b37957afea3f5c66f33c9ef46579a47fd7c0ca3dd0dfc735,"{""distance"":7,""physical_error_rate"":0.001}","{""detection_events"":1396,""detectors_checked"":308224}"
       512,         0,         0,   0.557,exact_mw,7acd59d404317421b37957afea3f5c66f33c9ef46579a47fd7c0ca3dd0dfc735,"{""distance"":7,""physical_error_rate"":0.001}","{""detection_events"":1491,""detectors_checked"":308224}"
       512,         0,         0,   0.718,exact_mw,7acd59d404317421b37957afea3f5c66f33c9ef46579a47fd7c0ca3dd0dfc735,"{""distance"":7,""physical_error_rate"":0.001}","{""detection_events"":1499,""detectors_checked"":308224}"
         1,         0,         0,   0.001,exact_mw,c34bb01325b9980f7caca1807bd93e7e28846c82b8c0538af034740e6e7d5106,"{""distance"":7,""physical_error_rate"":0.0005}","{""detectors_checked"":602}"
       272,         0,         0,   0.027,exact_mw,c34bb01325b9980f7caca1807bd93e7e28846c82b8c0538af034740e6e7d5106,"{""distance"":7,""physical_error_rate"":0.0005}","{""detection_events"":385,""detectors_checked"":163744}"
      2048,         0,         0,   0.464,exact_mw,c34bb01325b9980f7caca1807bd93e7e28846c82b8c0538af034740e6e7d5106,"{""distance"":7,""physical_error_rate"":0.0005}","{""detection_events"":2985,""detectors_checked"":1232896}"
      4096,         0,         0,   0.538,exact_mw,c34bb01325b9980f7caca1807bd93e7e28846c82b8c0538af034740e6e7d5106,"{""distance"":7,""physical_error_rate"":0.0005}","{""detection_events"":5945,""detectors_checked"":2465792}"
       512,         0,         0,   0.504,exact_mw,7acd59d404317421b37957afea3f5c66f33c9ef46579a47fd7c0ca3dd0dfc735,"{""distance"":7,""physical_error_rate"":0.001}","{""detection_events"":1580,""detectors_checked"":308224}"
       512,         0,         0,   0.654,exact_mw,7acd59d404317421b37957afea3f5c66f33c9ef46579a47fd7c0ca3dd0dfc735,"{""distance"":7,""physical_error_rate"":0.001}","{""detection_events"":1495,""detectors_checked"":308224}"
       512,         0,         0,   0.823,exact_mw,7acd59d404317421b37957afea3f5c66f33c9ef46579a47fd7c0ca3dd0dfc735,"{""distance"":7,""physical_error_rate"":0.001}","{""detection_events"":1696,""detectors_checked"":308224}"
      1024,         0,         0,   0.220,exact_mw,c34bb01325b9980f7caca1807bd93e7e28846c82b8c0538af034740e6e7d5106,"{""distance"":7,""physical_error_rate"":0.0005}","{""detection_events"":1607,""detectors_checked"":616448}"
      9216,         0,         0,    1.58,exact_mw,c34bb01325b9980f7caca1807bd93e7e28846c82b8c0538af034740e6e7d5106,"{""distance"":7,""physical_error_rate"":0.0005}","{""detection_events"":13548,""detectors_checked"":5548032}"
      1024,         0,         0,   0.999,exact_mw,7acd59d404317421b37957afea3f5c66f33c9ef46579a47fd7c0ca3dd0dfc735,"{""distance"":7,""physical_error_rate"":0.001}","{""detection_events"":2979,""detectors_checked"":616448}"
      1024,         0,         0,    1.14,exact_mw,7acd59d404317421b37957afea3f5c66f33c9ef46579a47fd7c0ca3dd0dfc735,"{""distance"":7,""physical_error_rate"":0.001}","{""detection_events"":3033,""detectors_checked"":616448}"
      7168,         0,         0,    1.15,exact_mw,c34bb01325b9980f7caca1807bd93e7e28846c82b8c0538af034740e6e7d5106,"{""distance"":7,""physical_error_rate"":0.0005}","{""detection_events"":10807,""detectors_checked"":4315136}"
       512,         0,         0,   0.742,exact_mw,7acd59d404317421b37957afea3f5c66f33c9ef46579a47fd7c0ca3dd0dfc735,"{""distance"":7,""physical_error_rate"":0.001}","{""detection_events"":1464,""detectors_checked"":308224}"
      1024,         0,         0,   0.281,exact_mw,c34bb01325b9980f7caca1807bd93e7e28846c82b8c0538af034740e6e7d5106,"{""distance"":7,""physical_error_rate"":0.0005}","{""detection_events"":1584,""detectors_checked"":616448}"
      1024,         0,         0,   0.791,exact_mw,7acd59d404317421b37957afea3f5c66f33c9ef46579a47fd7c0ca3dd0dfc735,"{""distance"":7,""physical_error_rate"":0.001}","{""detection_events"":2848,""detectors_checked"":616448}"
       512,         0,         0,   0.632,exact_mw,7acd59d404317421b37957afea3f5c66f33c9ef46579a47fd7c0ca3dd0dfc735,"{""distance"":7,""physical_error_rate"":0.001}","{""detection_events"":1424,""detectors_checked"":308224}"
      4096,         0,         0,   0.555,exact_mw,c34bb01325b9980f7caca1807bd93e7e28846c82b8c0538af034740e6e7d5106,"{""distance"":7,""physical_error_rate"":0.0005}","{""detection_events"":5846,""detectors_checked"":2465792}"
       512,         0,         0,   0.395,exact_mw,7acd59d404317421b37957afea3f5c66f33c9ef46579a47fd7c0ca3dd0dfc735,"{""distance"":7,""physical_error_rate"":0.001}","{""detection_events"":1532,""detectors_checked"":308224}"
      5120,         0,         0,    1.03,exact_mw,c34bb01325b9980f7caca1807bd93e7e28846c82b8c0538af034740e6e7d5106,"{""distance"":7,""physical_error_rate"":0.0005}","{""detection_events"":7558,""detectors_checked"":3082240}"
      2560,         0,         0,    2.67,exact_mw,7acd59d404317421b37957afea3f5c66f33c9ef46579a47fd7c0ca3dd0dfc735,"{""distance"":7,""physical_error_rate"":0.001}","{""detection_events"":7532,""detectors_checked"":1541120}"
       512,         0,         0,   0.628,exact_mw,7acd59d404317421b37957afea3f5c66f33c9ef46579a47fd7c0ca3dd0dfc735,"{""distance"":7,""physical_error_rate"":0.001}","{""detection_events"":1401,""detectors_checked"":308224}"
      1024,         0,         0,   0.328,exact_mw,c34bb01325b9980f7caca1807bd93e7e28846c82b8c0538af034740e6e7d5106,"{""distance"":7,""physical_error_rate"":0.0005}","{""detection_events"":1498,""detectors_checked"":616448}"
      9216,         0,         0,    1.62,exact_mw,c34bb01325b9980f7caca1807bd93e7e28846c82b8c0538af034740e6e7d5106,"{""distance"":7,""physical_error_rate"":0.0005}","{""detection_events"":13410,""detectors_checked"":5548032}"
      4096,         0,         0,   0.780,exact_mw,c34bb01325b9980f7caca1807bd93e7e28846c82b8c0538af034740e6e7d5106,"{""distance"":7,""physical_error_rate"":0.0005}","{""detection_events"":5699,""detectors_checked"":2465792}"
       512,         0,         0,   0.508,exact_mw,7acd59d404317421b37957afea3f5c66f33c9ef46579a47fd7c0ca3dd0dfc735,"{""distance"":7,""physical_error_rate"":0.001}","{""detection_events"":1419,""detectors_checked"":308224}"
       512,         0,         0,   0.426,exact_mw,7acd59d404317421b37957afea3f5c66f33c9ef46579a47fd7c0ca3dd0dfc735,"{""distance"":7,""physical_error_rate"":0.001}","{""detection_events"":1478,""detectors_checked"":308224}"
      1024,         0,         0,   0.207,exact_mw,c34bb01325b9980f7caca1807bd93e7e28846c82b8c0538af034740e6e7d5106,"{""distance"":7,""physical_error_rate"":0.0005}","{""detection_events"":1400,""detectors_checked"":616448}"
       512,         0,         0,   0.885,exact_mw,7acd59d404317421b37957afea3f5c66f33c9ef46579a47fd7c0ca3dd0dfc735,"{""distance"":7,""physical_error_rate"":0.001}","{""detection_events"":1403,""detectors_checked"":308224}"
     10240,         0,         0,    1.56,exact_mw,c34bb01325b9980f7caca1807bd93e7e28846c82b8c0538af034740e6e7d5106,"{""distance"":7,""physical_error_rate"":0.0005}","{""detection_events"":14864,""detectors_checked"":6164480}"
      1024,         0,         0,   0.183,exact_mw,c34bb01325b9980f7caca1807bd93e7e28846c82b8c0538af034740e6e7d5106,"{""distance"":7,""physical_error_rate"":0.0005}","{""detection_events"":1531,""detectors_checked"":616448}"
      5120,         0,         0,   0.801,exact_mw,c34bb01325b9980f7caca1807bd93e7e28846c82b8c0538af034740e6e7d5106,"{""distance"":7,""physical_error_rate"":0.0005}","{""detection_events"":7859,""detectors_checked"":3082240}"
       512,         0,         0,   0.392,exact_mw,7acd59d404317421b37957afea3f5c66f33c9ef46579a47fd7c0ca3dd0dfc735,"{""distance"":7,""physical_error_rate"":0.001}","{""detection_events"":1486,""detectors_checked"":308224}"
      1024,         0,         0,   0.164,exact_mw,c34bb01325b9980f7caca1807bd93e7e28846c82b8c0538af034740e6e7d5106,"{""distance"":7,""physical_error_rate"":0.0005}","{""detection_events"":1624,""detectors_checked"":616448}"
      1024,         0,         0,   0.908,exact_mw,7acd59d404317421b37957afea3f5c66f33c9ef46579a47fd7c0ca3dd0dfc735,"{""distance"":7,""physical_error_rate"":0.001}","{""detection_events"":3076,""detectors_checked"":616448}"
     14336,         0,         0,    2.30,exact_mw,c34bb01325b9980f7caca1807bd93e7e28846c82b8c0538af034740e6e7d5106,"{""distance"":7,""physical_error_rate"":0.0005}","{""detection_events"":21474,""detectors_checked"":8630272}"
      1024,         0,         0,   0.222,exact_mw,c34bb01325b9980f7caca1807bd93e7e28846c82b8c0538af034740e6e7d5106,"{""distance"":7,""physical_error_rate"":0.0005}","{""detection_events"":1602,""detectors_checked"":616448}"
     12288,         0,         0,    2.29,exact_mw,c34bb01325b9980f7caca1807bd93e7e28846c82b8c0538af034740e6e7d5106,"{""distance"":7,""physical_error_rate"":0.0005}","{""detection_events"":17906,""detectors_checked"":7397376}"
      1024,         0,         0,    1.16,exact_mw,7acd59d404317421b37957afea3f5c66f33c9ef46579a47fd7c0ca3dd0dfc735,"{""distance"":7,""physical_error_rate"":0.001}","{""detection_events"":3140,""detectors_checked"":616448}"
       512,         0,         0,   0.813,exact_mw,7acd59d404317421b37957afea3f5c66f33c9ef46579a47fd7c0ca3dd0dfc735,"{""distance"":7,""physical_error_rate"":0.001}","{""detection_events"":1605,""detectors_checked"":308224}"
      1024,         0,         0,   0.989,exact_mw,7acd59d404317421b37957afea3f5c66f33c9ef46579a47fd7c0ca3dd0dfc735,"{""distance"":7,""physical_error_rate"":0.001}","{""detection_events"":2920,""detectors_checked"":616448}"
      1536,         0,         0,    1.45,exact_mw,7acd59d404317421b37957afea3f5c66f33c9ef46579a47fd7c0ca3dd0dfc735,"{""distance"":7,""physical_error_rate"":0.001}","{""detection_events"":4654,""detectors_checked"":924672}"
      7168,         0,         0,    1.22,exact_mw,c34bb01325b9980f7caca1807bd93e7e28846c82b8c0538af034740e6e7d5106,"{""distance"":7,""physical_error_rate"":0.0005}","{""detection_events"":10536,""detectors_checked"":4315136}"
      1536,         0,         0,    1.49,exact_mw,7acd59d404317421b37957afea3f5c66f33c9ef46579a47fd7c0ca3dd0dfc735,"{""distance"":7,""physical_error_rate"":0.001}","{""detection_events"":4380,""detectors_checked"":924672}"
      4096,         0,         0,   1.000,exact_mw,c34bb01325b9980f7caca1807bd93e7e28846c82b8c0538af034740e6e7d5106,"{""distance"":7,""physical_error_rate"":0.0005}","{""detection_events"":5920,""detectors_checked"":2465792}"
      1024,         0,         0,   0.268,exact_mw,c34bb01325b9980f7caca1807bd93e7e28846c82b8c0538af034740e6e7d5106,"{""distance"":7,""physical_error_rate"":0.0005}","{""detection_events"":1617,""detectors_checked"":616448}"
       512,         0,         0,   0.558,exact_mw,7acd59d404317421b37957afea3f5c66f33c9ef46579a47fd7c0ca3dd0dfc735,"{""distance"":7,""physical_error_rate"":0.001}","{""detection_events"":1518,""detectors_checked"":308224}"
     10240,         0,         0,    1.63,exact_mw,c34bb01325b9980f7caca1807bd93e7e28846c82b8c0538af034740e6e7d5106,"{""distance"":7,""physical_error_rate"":0.0005}","{""detection_events"":15251,""detectors_checked"":6164480}"
      7168,         0,         0,    1.12,exact_mw,c34bb01325b9980f7caca1807bd93e7e28846c82b8c0538af034740e6e7d5106,"{""distance"":7,""physical_error_rate"":0.0005}","{""detection_events"":10433,""detectors_checked"":4315136}"
      2048,         0,         0,   0.594,exact_mw,c34bb01325b9980f7caca1807bd93e7e28846c82b8c0538af034740e6e7d5106,"{""distance"":7,""physical_error_rate"":0.0005}","{""detection_events"":3100,""detectors_checked"":1232896}"
     16384,         0,         0,    2.29,exact_mw,c34bb01325b9980f7caca1807bd93e7e28846c82b8c0538af034740e6e7d5106,"{""distance"":7,""physical_error_rate"":0.0005}","{""detection_events"":24087,""detectors_checked"":9863168}"
       512,         0,         0,   0.793,exact_mw,7acd59d404317421b37957afea3f5c66f33c9ef46579a47fd7c0ca3dd0dfc735,"{""distance"":7,""physical_error_rate"":0.001}","{""detection_events"":1654,""detectors_checked"":308224}"
       512,         0,         0,    1.63,exact_mw,7acd59d404317421b37957afea3f5c66f33c9ef46579a47fd7c0ca3dd0dfc735,"{""distance"":7,""physical_error_rate"":0.001}","{""detection_events"":1470,""detectors_checked"":308224}"
      1024,         0,         0,   0.978,exact_mw,7acd59d404317421b37957afea3f5c66f33c9ef46579a47fd7c0ca3dd0dfc735,"{""distance"":7,""physical_error_rate"":0.001}","{""detection_events"":2958,""detectors_checked"":616448}"
      1024,         0,         0,   0.780,exact_mw,7acd59d404317421b37957afea3f5c66f33c9ef46579a47fd7c0ca3dd0dfc735,"{""distance"":7,""physical_error_rate"":0.001}","{""detection_events"":2903,""detectors_checked"":616448}"
        17,         0,         0,   0.058,exact_mw,7acd59d404317421b37957afea3f5c66f33c9ef46579a47fd7c0ca3dd0dfc735,"{""distance"":7,""physical_error_rate"":0.001}","{""detection_events"":79,""detectors_checked"":10234}"
      2048,         0,         0,   0.414,exact_mw,c34bb01325b9980f7caca1807bd93e7e28846c82b8c0538af034740e6e7d5106,"{""distance"":7,""physical_error_rate"":0.0005}","{""detection_events"":3108,""detectors_checked"":1232896}"
      1536,         0,         0,    1.57,exact_mw,7acd59d404317421b37957afea3f5c66f33c9ef46579a47fd7c0ca3dd0dfc735,"{""distance"":7,""physical_error_rate"":0.001}","{""detection_events"":4837,""detectors_checked"":924672}"
      3072,         0,         0,    1.22,exact_mw,c34bb01325b9980f7caca1807bd93e7e28846c82b8c0538af034740e6e7d5106,"{""distance"":7,""physical_error_rate"":0.0005}","{""detection_events"":4503,""detectors_checked"":1849344}"
     10240,         0,         0,    2.27,exact_mw,c34bb01325b9980f7caca1807bd93e7e28846c82b8c0538af034740e6e7d5106,"{""distance"":7,""physical_error_rate"":0.0005}","{""detection_events"":15434,""detectors_checked"":6164480}"
       256,         0,         0,   0.492,exact_mw,7acd59d404317421b37957afea3f5c66f33c9ef46579a47fd7c0ca3dd0dfc735,"{""distance"":7,""physical_error_rate"":0.001}","{""detection_events"":726,""detectors_checked"":154112}"
      1024,         0,         0,    1.42,exact_mw,7acd59d404317421b37957afea3f5c66f33c9ef46579a47fd7c0ca3dd0dfc735,"{""distance"":7,""physical_error_rate"":0.001}","{""detection_events"":3115,""detectors_checked"":616448}"
       512,         0,         0,   0.731,exact_mw,7acd59d404317421b37957afea3f5c66f33c9ef46579a47fd7c0ca3dd0dfc735,"{""distance"":7,""physical_error_rate"":0.001}","{""detection_events"":1545,""detectors_checked"":308224}"
     14336,         0,         0,    2.19,exact_mw,c34bb01325b9980f7caca1807bd93e7e28846c82b8c0538af034740e6e7d5106,"{""distance"":7,""physical_error_rate"":0.0005}","{""detection_events"":21247,""detectors_checked"":8630272}"
     11264,         0,         0,    1.59,exact_mw,c34bb01325b9980f7caca1807bd93e7e28846c82b8c0538af034740e6e7d5106,"{""distance"":7,""physical_error_rate"":0.0005}","{""detection_events"":16340,""detectors_checked"":6780928}"
       256,         0,         0,   0.243,exact_mw,7acd59d404317421b37957afea3f5c66f33c9ef46579a47fd7c0ca3dd0dfc735,"{""distance"":7,""physical_error_rate"":0.001}","{""detection_events"":663,""detectors_checked"":154112}"
      1536,         0,         0,    1.65,exact_mw,7acd59d404317421b37957afea3f5c66f33c9ef46579a47fd7c0ca3dd0dfc735,"{""distance"":7,""physical_error_rate"":0.001}","{""detection_events"":4641,""detectors_checked"":924672}"
       128,         0,         0,   0.631,exact_mw,7acd59d404317421b37957afea3f5c66f33c9ef46579a47fd7c0ca3dd0dfc735,"{""distance"":7,""physical_error_rate"":0.001}","{""detection_events"":403,""detectors_checked"":77056}"
      3072,         0,         0,   0.717,exact_mw,c34bb01325b9980f7caca1807bd93e7e28846c82b8c0538af034740e6e7d5106,"{""distance"":7,""physical_error_rate"":0.0005}","{""detection_events"":4599,""detectors_checked"":1849344}"
      1024,         0,         0,   0.940,exact_mw,7acd59d404317421b37957afea3f5c66f33c9ef46579a47fd7c0ca3dd0dfc735,"{""distance"":7,""physical_error_rate"":0.001}","{""detection_events"":3134,""detectors_checked"":616448}"
       128,         0,         0,   0.226,exact_mw,7acd59d404317421b37957afea3f5c66f33c9ef46579a47fd7c0ca3dd0dfc735,"{""distance"":7,""physical_error_rate"":0.001}","{""detection_events"":332,""detectors_checked"":77056}"
       512,         0,         0,   0.515,exact_mw,7acd59d404317421b37957afea3f5c66f33c9ef46579a47fd7c0ca3dd0dfc735,"{""distance"":7,""physical_error_rate"":0.001}","{""detection_events"":1501,""detectors_checked"":308224}"
      1024,         0,         0,    1.20,exact_mw,7acd59d404317421b37957afea3f5c66f33c9ef46579a47fd7c0ca3dd0dfc735,"{""distance"":7,""physical_error_rate"":0.001}","{""detection_events"":3114,""detectors_checked"":616448}"
         1,         0,         0,   0.001,exact_mw,7acd59d404317421b37957afea3f5c66f33c9ef46579a47fd7c0ca3dd0dfc735,"{""distance"":7,""physical_error_rate"":0.001}","{""detectors_checked"":602}"
       512,         0,         0,   0.540,exact_mw,7acd59d404317421b37957afea3f5c66f33c9ef46579a47fd7c0ca3dd0dfc735,"{""distance"":7,""physical_error_rate"":0.001}","{""detection_events"":1466,""detectors_checked"":308224}"
      4096,         0,         0,    3.37,exact_mw,7acd59d404317421b37957afea3f5c66f33c9ef46579a47fd7c0ca3dd0dfc735,"{""distance"":7,""physical_error_rate"":0.001}","{""detection_events"":11982,""detectors_checked"":2465792}"
        17,         0,         0,   0.031,exact_mw,c34bb01325b9980f7caca1807bd93e7e28846c82b8c0538af034740e6e7d5106,"{""distance"":7,""physical_error_rate"":0.0005}","{""detection_events"":31,""detectors_checked"":10234}"
     10240,         0,         0,    1.66,exact_mw,c34bb01325b9980f7caca1807bd93e7e28846c82b8c0538af034740e6e7d5106,"{""distance"":7,""physical_error_rate"":0.0005}","{""detection_events"":15079,""detectors_checked"":6164480}"
       256,         0,         0,   0.061,exact_mw,c34bb01325b9980f7caca1807bd93e7e28846c82b8c0538af034740e6e7d5106,"{""distance"":7,""physical_error_rate"":0.0005}","{""detection_events"":439,""detectors_checked"":154112}"
     15360,         0,         0,    2.27,exact_mw,c34bb01325b9980f7caca1807bd93e7e28846c82b8c0538af034740e6e7d5106,"{""distance"":7,""physical_error_rate"":0.0005}","{""detection_events"":22887,""detectors_checked"":9246720}"
      1536,         1,         0,    2.43,exact_mw,7acd59d404317421b37957afea3f5c66f33c9ef46579a47fd7c0ca3dd0dfc735,"{""distance"":7,""physical_error_rate"":0.001}","{""detection_events"":4505,""detectors_checked"":924672,""obs_mistake_mask=E"":1}"
      1024,         0,         0,   0.180,exact_mw,c34bb01325b9980f7caca1807bd93e7e28846c82b8c0538af034740e6e7d5106,"{""distance"":7,""physical_error_rate"":0.0005}","{""detection_events"":1603,""detectors_checked"":616448}"
       272,         0,         0,   0.435,exact_mw,7acd59d404317421b37957afea3f5c66f33c9ef46579a47fd7c0ca3dd0dfc735,"{""distance"":7,""physical_error_rate"":0.001}","{""detection_events"":830,""detectors_checked"":163744}"
       256,         0,         0,   0.727,exact_mw,7acd59d404317421b37957afea3f5c66f33c9ef46579a47fd7c0ca3dd0dfc735,"{""distance"":7,""physical_error_rate"":0.001}","{""detection_events"":810,""detectors_checked"":154112}"
      1024,         0,         0,   0.107,exact_mw,c34bb01325b9980f7caca1807bd93e7e28846c82b8c0538af034740e6e7d5106,"{""distance"":7,""physical_error_rate"":0.0005}","{""detection_events"":1588,""detectors_checked"":616448}"
       512,         0,         0,   0.491,exact_mw,7acd59d404317421b37957afea3f5c66f33c9ef46579a47fd7c0ca3dd0dfc735,"{""distance"":7,""physical_error_rate"":0.001}","{""detection_events"":1500,""detectors_checked"":308224}"
      4096,         0,         0,   0.909,exact_mw,c34bb01325b9980f7caca1807bd93e7e28846c82b8c0538af034740e6e7d5106,"{""distance"":7,""physical_error_rate"":0.0005}","{""detection_events"":6446,""detectors_checked"":2465792}"
      1024,         0,         0,   0.158,exact_mw,c34bb01325b9980f7caca1807bd93e7e28846c82b8c0538af034740e6e7d5106,"{""distance"":7,""physical_error_rate"":0.0005}","{""detection_events"":1605,""detectors_checked"":616448}"
       512,         0,         0,   0.796,exact_mw,7acd59d404317421b37957afea3f5c66f33c9ef46579a47fd7c0ca3dd0dfc735,"{""distance"":7,""physical_error_rate"":0.001}","{""detection_events"":1414,""detectors_checked"":308224}"
      1024,         0,         0,   0.088,exact_mw,c34bb01325b9980f7caca1807bd93e7e28846c82b8c0538af034740e6e7d5106,"{""distance"":7,""physical_error_rate"":0.0005}","{""detection_events"":1465,""detectors_checked"":616448}"
     24576,         0,         0,    3.18,exact_mw,c34bb01325b9980f7caca1807bd93e7e28846c82b8c0538af034740e6e7d5106,"{""distance"":7,""physical_error_rate"":0.0005}","{""detection_events"":35832,""detectors_checked"":14794752}"
       256,         0,         0,   0.379,exact_mw,7acd59d404317421b37957afea3f5c66f33c9ef46579a47fd7c0ca3dd0dfc735,"{""distance"":7,""physical_error_rate"":0.001}","{""detection_events"":762,""detectors_checked"":154112}"
      1024,         0,         0,   0.082,exact_mw,c34bb01325b9980f7caca1807bd93e7e28846c82b8c0538af034740e6e7d5106,"{""distance"":7,""physical_error_rate"":0.0005}","{""detection_events"":1539,""detectors_checked"":616448}"
     13312,         0,         0,    3.16,exact_mw,c34bb01325b9980f7caca1807bd93e7e28846c82b8c0538af034740e6e7d5106,"{""distance"":7,""physical_error_rate"":0.0005}","{""detection_events"":19738,""detectors_checked"":8013824}"
       256,         0,         0,   0.413,exact_mw,7acd59d404317421b37957afea3f5c66f33c9ef46579a47fd7c0ca3dd0dfc735,"{""distance"":7,""physical_error_rate"":0.001}","{""detection_events"":706,""detectors_checked"":154112}"
      4096,         0,         0,    1.73,exact_mw,c34bb01325b9980f7caca1807bd93e7e28846c82b8c0538af034740e6e7d5106,"{""distance"":7,""physical_error_rate"":0.0005}","{""detection_events"":5926,""detectors_checked"":2465792}"
      2048,         0,         0,    1.89,exact_mw,7acd59d404317421b37957afea3f5c66f33c9ef46579a47fd7c0ca3dd0dfc735,"{""distance"":7,""physical_error_rate"":0.001}","{""detection_events"":5967,""detectors_checked"":1232896}"
      1536,         0,         0,    1.67,exact_mw,7acd59d404317421b37957afea3f5c66f33c9ef46579a47fd7c0ca3dd0dfc735,"{""distance"":7,""physical_error_rate"":0.001}","{""detection_events"":4506,""detectors_checked"":924672}"
      1024,         0,         0,   0.105,exact_mw,c34bb01325b9980f7caca1807bd93e7e28846c82b8c0538af034740e6e7d5106,"{""distance"":7,""physical_error_rate"":0.0005}","{""detection_events"":1442,""detectors_checked"":616448}"
       256,         0,         0,   0.306,exact_mw,7acd59d404317421b37957afea3f5c66f33c9ef46579a47fd7c0ca3dd0dfc735,"{""distance"":7,""physical_error_rate"":0.001}","{""detection_events"":740,""detectors_checked"":154112}"
       256,         0,         0,   0.266,exact_mw,7acd59d404317421b37957afea3f5c66f33c9ef46579a47fd7c0ca3dd0dfc735,"{""distance"":7,""physical_error_rate"":0.001}","{""detection_events"":666,""detectors_checked"":154112}"
      2048,         0,         0,   0.246,exact_mw,c34bb01325b9980f7caca1807bd93e7e28846c82b8c0538af034740e6e7d5106,"{""distance"":7,""physical_error_rate"":0.0005}","{""detection_events"":3015,""detectors_checked"":1232896}"
      1536,         0,         0,    1.47,exact_mw,7acd59d404317421b37957afea3f5c66f33c9ef46579a47fd7c0ca3dd0dfc735,"{""distance"":7,""physical_error_rate"":0.001}","{""detection_events"":4276,""detectors_checked"":924672}"
       512,         0,         0,   0.692,exact_mw,7acd59d404317421b37957afea3f5c66f33c9ef46579a47fd7c0ca3dd0dfc735,"{""distance"":7,""physical_error_rate"":0.001}","{""detection_events"":1549,""detectors_checked"":308224}"
      1536,         0,         0,    1.57,exact_mw,7acd59d404317421b37957afea3f5c66f33c9ef46579a47fd7c0ca3dd0dfc735,"{""distance"":7,""physical_error_rate"":0.001}","{""detection_events"":4365,""detectors_checked"":924672}"
      2048,         0,         0,   0.313,exact_mw,c34bb01325b9980f7caca1807bd93e7e28846c82b8c0538af034740e6e7d5106,"{""distance"":7,""physical_error_rate"":0.0005}","{""detection_events"":3091,""detectors_checked"":1232896}"
       512,         0,         0,   0.880,exact_mw,7acd59d404317421b37957afea3f5c66f33c9ef46579a47fd7c0ca3dd0dfc735,"{""distance"":7,""physical_error_rate"":0.001}","{""detection_events"":1513,""detectors_checked"":308224}"
       256,         0,         0,   0.404,exact_mw,7acd59d404317421b37957afea3f5c66f33c9ef46579a47fd7c0ca3dd0dfc735,"{""distance"":7,""physical_error_rate"":0.001}","{""detection_events"":713,""detectors_checked"":154112}"
     13312,         0,         0,    2.23,exact_mw,c34bb01325b9980f7caca1807bd93e7e28846c82b8c0538af034740e6e7d5106,"{""distance"":7,""physical_error_rate"":0.0005}","{""detection_events"":19604,""detectors_checked"":8013824}"
      7168,         0,         0,    1.10,exact_mw,c34bb01325b9980f7caca1807bd93e7e28846c82b8c0538af034740e6e7d5106,"{""distance"":7,""physical_error_rate"":0.0005}","{""detection_events"":10815,""detectors_checked"":4315136}"
       256,         0,         0,   0.239,exact_mw,7acd59d404317421b37957afea3f5c66f33c9ef46579a47fd7c0ca3dd0dfc735,"{""distance"":7,""physical_error_rate"":0.001}","{""detection_events"":651,""detectors_checked"":154112}"
     18432,         0,         0,    3.24,exact_mw,c34bb01325b9980f7caca1807bd93e7e28846c82b8c0538af034740e6e7d5106,"{""distance"":7,""physical_error_rate"":0.0005}","{""detection_events"":27085,""detectors_checked"":11096064}"
      3072,         0,         0,   0.404,exact_mw,c34bb01325b9980f7caca1807bd93e7e28846c82b8c0538af034740e6e7d5106,"{""distance"":7,""physical_error_rate"":0.0005}","{""detection_events"":4591,""detectors_checked"":1849344}"
       512,         0,         0,   0.809,exact_mw,7acd59d404317421b37957afea3f5c66f33c9ef46579a47fd7c0ca3dd0dfc735,"{""distance"":7,""physical_error_rate"":0.001}","{""detection_events"":1662,""detectors_checked"":308224}"
      3072,         0,         0,    2.46,exact_mw,7acd59d404317421b37957afea3f5c66f33c9ef46579a47fd7c0ca3dd0dfc735,"{""distance"":7,""physical_error_rate"":0.001}","{""detection_events"":9261,""detectors_checked"":1849344}"
       512,         0,         0,   0.839,exact_mw,7acd59d404317421b37957afea3f5c66f33c9ef46579a47fd7c0ca3dd0dfc735,"{""distance"":7,""physical_error_rate"":0.001}","{""detection_events"":1612,""detectors_checked"":308224}"
     14336,         0,         0,    2.19,exact_mw,c34bb01325b9980f7caca1807bd93e7e28846c82b8c0538af034740e6e7d5106,"{""distance"":7,""physical_error_rate"":0.0005}","{""detection_events"":21177,""detectors_checked"":8630272}"
     14336,         0,         0,    3.21,exact_mw,c34bb01325b9980f7caca1807bd93e7e28846c82b8c0538af034740e6e7d5106,"{""distance"":7,""physical_error_rate"":0.0005}","{""detection_events"":21130,""detectors_checked"":8630272}"
      3072,         0,         0,   0.570,exact_mw,c34bb01325b9980f7caca1807bd93e7e28846c82b8c0538af034740e6e7d5106,"{""distance"":7,""physical_error_rate"":0.0005}","{""detection_events"":4632,""detectors_checked"":1849344}"
       512,         0,         0,   0.602,exact_mw,7acd59d404317421b37957afea3f5c66f33c9ef46579a47fd7c0ca3dd0dfc735,"{""distance"":7,""physical_error_rate"":0.001}","{""detection_events"":1531,""detectors_checked"":308224}"
     15360,         0,         0,    3.18,exact_mw,c34bb01325b9980f7caca1807bd93e7e28846c82b8c0538af034740e6e7d5106,"{""distance"":7,""physical_error_rate"":0.0005}","{""detection_events"":22279,""detectors_checked"":9246720}"
       512,         0,         0,   0.879,exact_mw,7acd59d404317421b37957afea3f5c66f33c9ef46579a47fd7c0ca3dd0dfc735,"{""distance"":7,""physical_error_rate"":0.001}","{""detection_events"":1640,""detectors_checked"":308224}"
       768,         0,         0,    2.37,exact_mw,7acd59d404317421b37957afea3f5c66f33c9ef46579a47fd7c0ca3dd0dfc735,"{""distance"":7,""physical_error_rate"":0.001}","{""detection_events"":2431,""detectors_checked"":462336}"
      1024,         0,         0,    1.34,exact_mw,7acd59d404317421b37957afea3f5c66f33c9ef46579a47fd7c0ca3dd0dfc735,"{""distance"":7,""physical_error_rate"":0.001}","{""detection_events"":2968,""detectors_checked"":616448}"
      2048,         0,         0,    1.77,exact_mw,7acd59d404317421b37957afea3f5c66f33c9ef46579a47fd7c0ca3dd0dfc735,"{""distance"":7,""physical_error_rate"":0.001}","{""detection_events"":5849,""detectors_checked"":1232896}"
       512,         0,         0,   0.492,exact_mw,7acd59d404317421b37957afea3f5c66f33c9ef46579a47fd7c0ca3dd0dfc735,"{""distance"":7,""physical_error_rate"":0.001}","{""detection_events"":1416,""detectors_checked"":308224}"
      2560,         0,         0,    2.20,exact_mw,7acd59d404317421b37957afea3f5c66f33c9ef46579a47fd7c0ca3dd0dfc735,"{""distance"":7,""physical_error_rate"":0.001}","{""detection_events"":7355,""detectors_checked"":1541120}"
      3072,         0,         0,   0.669,exact_mw,c34bb01325b9980f7caca1807bd93e7e28846c82b8c0538af034740e6e7d5106,"{""distance"":7,""physical_error_rate"":0.0005}","{""detection_events"":4502,""detectors_checked"":1849344}"
       512,         0,         0,   0.598,exact_mw,7acd59d404317421b37957afea3f5c66f33c9ef46579a47fd7c0ca3dd0dfc735,"{""distance"":7,""physical_error_rate"":0.001}","{""detection_events"":1570,""detectors_checked"":308224}"
      2560,         0,         0,    2.37,exact_mw,7acd59d404317421b37957afea3f5c66f33c9ef46579a47fd7c0ca3dd0dfc735,"{""distance"":7,""physical_error_rate"":0.001}","{""detection_events"":7437,""detectors_checked"":1541120}"
      9216,         0,         0,    1.69,exact_mw,c34bb01325b9980f7caca1807bd93e7e28846c82b8c0538af034740e6e7d5106,"{""distance"":7,""physical_error_rate"":0.0005}","{""detection_events"":14231,""detectors_checked"":5548032}"
     22528,         0,         0,    3.13,exact_mw,c34bb01325b9980f7caca1807bd93e7e28846c82b8c0538af034740e6e7d5106,"{""distance"":7,""physical_error_rate"":0.0005}","{""detection_events"":32627,""detectors_checked"":13561856}"
      5120,         0,         0,    2.67,exact_mw,c34bb01325b9980f7caca1807bd93e7e28846c82b8c0538af034740e6e7d5106,"{""distance"":7,""physical_error_rate"":0.0005}","{""detection_events"":7572,""detectors_checked"":3082240}"
      1024,         0,         0,    1.51,exact_mw,7acd59d404317421b37957afea3f5c66f33c9ef46579a47fd7c0ca3dd0dfc735,"{""distance"":7,""physical_error_rate"":0.001}","{""detection_events"":3260,""detectors_checked"":616448}"
       512,         0,         0,   0.646,exact_mw,7acd59d404317421b37957afea3f5c66f33c9ef46579a47fd7c0ca3dd0dfc735,"{""distance"":7,""physical_error_rate"":0.001}","{""detection_events"":1411,""detectors_checked"":308224}"
       512,         0,         0,   0.567,exact_mw,7acd59d404317421b37957afea3f5c66f33c9ef46579a47fd7c0ca3dd0dfc735,"{""distance"":7,""physical_error_rate"":0.001}","{""detection_events"":1518,""detectors_checked"":308224}"
      2560,         0,         0,    2.42,exact_mw,7acd59d404317421b37957afea3f5c66f33c9ef46579a47fd7c0ca3dd0dfc735,"{""distance"":7,""physical_error_rate"":0.001}","{""detection_events"":7398,""detectors_checked"":1541120}"
      5120,         0,         0,   0.933,exact_mw,c34bb01325b9980f7caca1807bd93e7e28846c82b8c0538af034740e6e7d5106,"{""distance"":7,""physical_error_rate"":0.0005}","{""detection_events"":7494,""detectors_checked"":3082240}"
       512,         0,         0,   0.567,exact_mw,7acd59d404317421b37957afea3f5c66f33c9ef46579a47fd7c0ca3dd0dfc735,"{""distance"":7,""physical_error_rate"":0.001}","{""detection_events"":1536,""detectors_checked"":308224}"
      4096,         0,         0,    4.25,exact_mw,7acd59d404317421b37957afea3f5c66f33c9ef46579a47fd7c0ca3dd0dfc735,"{""distance"":7,""physical_error_rate"":0.001}","{""detection_events"":11695,""detectors_checked"":2465792}"
       512,         0,         0,   0.609,exact_mw,7acd59d404317421b37957afea3f5c66f33c9ef46579a47fd7c0ca3dd0dfc735,"{""distance"":7,""physical_error_rate"":0.001}","{""detection_events"":1490,""detectors_checked"":308224}"
      1536,         0,         0,    1.75,exact_mw,7acd59d404317421b37957afea3f5c66f33c9ef46579a47fd7c0ca3dd0dfc735,"{""distance"":7,""physical_error_rate"":0.001}","{""detection_events"":4529,""detectors_checked"":924672}"
       512,         0,         0,   0.495,exact_mw,7acd59d404317421b37957afea3f5c66f33c9ef46579a47fd7c0ca3dd0dfc735,"{""distance"":7,""physical_error_rate"":0.001}","{""detection_events"":1427,""detectors_checked"":308224}"
     13312,         0,         0,    3.13,exact_mw,c34bb01325b9980f7caca1807bd93e7e28846c82b8c0538af034740e6e7d5106,"{""distance"":7,""physical_error_rate"":0.0005}","{""detection_events"":19706,""detectors_checked"":8013824}"
       512,         0,         0,   0.497,exact_mw,7acd59d404317421b37957afea3f5c66f33c9ef46579a47fd7c0ca3dd0dfc735,"{""distance"":7,""physical_error_rate"":0.001}","{""detection_events"":1438,""detectors_checked"":308224}"
     31744,         0,         0,    4.40,exact_mw,c34bb01325b9980f7caca1807bd93e7e28846c82b8c0538af034740e6e7d5106,"{""distance"":7,""physical_error_rate"":0.0005}","{""detection_events"":46524,""detectors_checked"":19109888}"
     17408,         0,         0,    4.32,exact_mw,c34bb01325b9980f7caca1807bd93e7e28846c82b8c0538af034740e6e7d5106,"{""distance"":7,""physical_error_rate"":0.0005}","{""detection_events"":26075,""detectors_checked"":10479616}"
      1536,         0,         0,    1.63,exact_mw,7acd59d404317421b37957afea3f5c66f33c9ef46579a47fd7c0ca3dd0dfc735,"{""distance"":7,""physical_error_rate"":0.001}","{""detection_events"":4658,""detectors_checked"":924672}"
      8192,         0,         0,    1.32,exact_mw,c34bb01325b9980f7caca1807bd93e7e28846c82b8c0538af034740e6e7d5106,"{""distance"":7,""physical_error_rate"":0.0005}","{""detection_events"":11434,""detectors_checked"":4931584}"
       512,         0,         0,   0.544,exact_mw,7acd59d404317421b37957afea3f5c66f33c9ef46579a47fd7c0ca3dd0dfc735,"{""distance"":7,""physical_error_rate"":0.001}","{""detection_events"":1562,""detectors_checked"":308224}"
      2560,         0,         0,    2.59,exact_mw,7acd59d404317421b37957afea3f5c66f33c9ef46579a47fd7c0ca3dd0dfc735,"{""distance"":7,""physical_error_rate"":0.001}","{""detection_events"":7874,""detectors_checked"":1541120}"
     21504,         0,         0,    3.16,exact_mw,c34bb01325b9980f7caca1807bd93e7e28846c82b8c0538af034740e6e7d5106,"{""distance"":7,""physical_error_rate"":0.0005}","{""detection_events"":31968,""detectors_checked"":12945408}"
       512,         0,         0,   0.797,exact_mw,7acd59d404317421b37957afea3f5c66f33c9ef46579a47fd7c0ca3dd0dfc735,"{""distance"":7,""physical_error_rate"":0.001}","{""detection_events"":1601,""detectors_checked"":308224}"
     16384,         0,         0,    2.30,exact_mw,c34bb01325b9980f7caca1807bd93e7e28846c82b8c0538af034740e6e7d5106,"{""distance"":7,""physical_error_rate"":0.0005}","{""detection_events"":24344,""detectors_checked"":9863168}"
      4096,         0,         0,    3.85,exact_mw,7acd59d404317421b37957afea3f5c66f33c9ef46579a47fd7c0ca3dd0dfc735,"{""distance"":7,""physical_error_rate"":0.001}","{""detection_events"":12023,""detectors_checked"":2465792}"
      1536,         0,         0,    3.21,exact_mw,7acd59d404317421b37957afea3f5c66f33c9ef46579a47fd7c0ca3dd0dfc735,"{""distance"":7,""physical_error_rate"":0.001}","{""detection_events"":4502,""detectors_checked"":924672}"
       512,         0,         0,   0.556,exact_mw,7acd59d404317421b37957afea3f5c66f33c9ef46579a47fd7c0ca3dd0dfc735,"{""distance"":7,""physical_error_rate"":0.001}","{""detection_events"":1456,""detectors_checked"":308224}"
     21504,         0,         0,    4.31,exact_mw,c34bb01325b9980f7caca1807bd93e7e28846c82b8c0538af034740e6e7d5106,"{""distance"":7,""physical_error_rate"":0.0005}","{""detection_events"":31955,""detectors_checked"":12945408}"
      3584,         0,         0,    3.20,exact_mw,7acd59d404317421b37957afea3f5c66f33c9ef46579a47fd7c0ca3dd0dfc735,"{""distance"":7,""physical_error_rate"":0.001}","{""detection_events"":10493,""detectors_checked"":2157568}"
      2560,         0,         0,    3.20,exact_mw,7acd59d404317421b37957afea3f5c66f33c9ef46579a47fd7c0ca3dd0dfc735,"{""distance"":7,""physical_error_rate"":0.001}","{""detection_events"":7769,""detectors_checked"":1541120}"
      1024,         0,         0,   0.967,exact_mw,7acd59d404317421b37957afea3f5c66f33c9ef46579a47fd7c0ca3dd0dfc735,"{""distance"":7,""physical_error_rate"":0.001}","{""detection_events"":2962,""detectors_checked"":616448}"
     23552,         0,         0,    4.38,exact_mw,c34bb01325b9980f7caca1807bd93e7e28846c82b8c0538af034740e6e7d5106,"{""distance"":7,""physical_error_rate"":0.0005}","{""detection_events"":35108,""detectors_checked"":14178304}"
      7168,         0,         0,    3.27,exact_mw,c34bb01325b9980f7caca1807bd93e7e28846c82b8c0538af034740e6e7d5106,"{""distance"":7,""physical_error_rate"":0.0005}","{""detection_events"":10309,""detectors_checked"":4315136}"
     24576,         0,         0,    4.32,exact_mw,c34bb01325b9980f7caca1807bd93e7e28846c82b8c0538af034740e6e7d5106,"{""distance"":7,""physical_error_rate"":0.0005}","{""detection_events"":35744,""detectors_checked"":14794752}"
      3584,         0,         0,    3.13,exact_mw,7acd59d404317421b37957afea3f5c66f33c9ef46579a47fd7c0ca3dd0dfc735,"{""distance"":7,""physical_error_rate"":0.001}","{""detection_events"":10726,""detectors_checked"":2157568}"
      6144,         1,         0,    1.80,exact_mw,c34bb01325b9980f7caca1807bd93e7e28846c82b8c0538af034740e6e7d5106,"{""distance"":7,""physical_error_rate"":0.0005}","{""detection_events"":9389,""detectors_checked"":3698688,""obs_mistake_mask=E"":1}"
      2048,         0,         0,    2.61,exact_mw,7acd59d404317421b37957afea3f5c66f33c9ef46579a47fd7c0ca3dd0dfc735,"{""distance"":7,""physical_error_rate"":0.001}","{""detection_events"":6060,""detectors_checked"":1232896}"
      1024,         0,         0,    1.29,exact_mw,7acd59d404317421b37957afea3f5c66f33c9ef46579a47fd7c0ca3dd0dfc735,"{""distance"":7,""physical_error_rate"":0.001}","{""detection_events"":2981,""detectors_checked"":616448}"
     29696,         0,         0,    4.30,exact_mw,c34bb01325b9980f7caca1807bd93e7e28846c82b8c0538af034740e6e7d5106,"{""distance"":7,""physical_error_rate"":0.0005}","{""detection_events"":43301,""detectors_checked"":17876992}"
      1536,         0,         0,    1.33,exact_mw,7acd59d404317421b37957afea3f5c66f33c9ef46579a47fd7c0ca3dd0dfc735,"{""distance"":7,""physical_error_rate"":0.001}","{""detection_events"":4412,""detectors_checked"":924672}"
      2560,         0,         0,    2.72,exact_mw,7acd59d404317421b37957afea3f5c66f33c9ef46579a47fd7c0ca3dd0dfc735,"{""distance"":7,""physical_error_rate"":0.001}","{""detection_events"":7541,""detectors_checked"":1541120}"
      1024,         0,         0,    1.25,exact_mw,7acd59d404317421b37957afea3f5c66f33c9ef46579a47fd7c0ca3dd0dfc735,"{""distance"":7,""physical_error_rate"":0.001}","{""detection_events"":3196,""detectors_checked"":616448}"
     18432,         0,         0,    3.04,exact_mw,c34bb01325b9980f7caca1807bd93e7e28846c82b8c0538af034740e6e7d5106,"{""distance"":7,""physical_error_rate"":0.0005}","{""detection_events"":27076,""detectors_checked"":11096064}"
      3584,         0,         0,    3.24,exact_mw,7acd59d404317421b37957afea3f5c66f33c9ef46579a47fd7c0ca3dd0dfc735,"{""distance"":7,""physical_error_rate"":0.001}","{""detection_events"":10343,""detectors_checked"":2157568}"
     24576,         0,         0,    4.49,exact_mw,c34bb01325b9980f7caca1807bd93e7e28846c82b8c0538af034740e6e7d5106,"{""distance"":7,""physical_error_rate"":0.0005}","{""detection_events"":35742,""detectors_checked"":14794752}"
     15360,         0,         0,    2.23,exact_mw,c34bb01325b9980f7caca1807bd93e7e28846c82b8c0538af034740e6e7d5106,"{""distance"":7,""physical_error_rate"":0.0005}","{""detection_events"":22435,""detectors_checked"":9246720}"
      2048,         0,         0,    1.76,exact_mw,7acd59d404317421b37957afea3f5c66f33c9ef46579a47fd7c0ca3dd0dfc735,"{""distance"":7,""physical_error_rate"":0.001}","{""detection_events"":5900,""detectors_checked"":1232896}"
     27648,         0,         0,    4.32,exact_mw,c34bb01325b9980f7caca1807bd93e7e28846c82b8c0538af034740e6e7d5106,"{""distance"":7,""physical_error_rate"":0.0005}","{""detection_events"":41127,""detectors_checked"":16644096}"
      1536,         0,         0,    1.69,exact_mw,7acd59d404317421b37957afea3f5c66f33c9ef46579a47fd7c0ca3dd0dfc735,"{""distance"":7,""physical_error_rate"":0.001}","{""detection_events"":4333,""detectors_checked"":924672}"
      2048,         0,         0,    3.11,exact_mw,7acd59d404317421b37957afea3f5c66f33c9ef46579a47fd7c0ca3dd0dfc735,"{""distance"":7,""physical_error_rate"":0.001}","{""detection_events"":6254,""detectors_checked"":1232896}"
      1280,         0,         0,    4.55,exact_mw,7acd59d404317421b37957afea3f5c66f33c9ef46579a47fd7c0ca3dd0dfc735,"{""distance"":7,""physical_error_rate"":0.001}","{""detection_events"":3787,""detectors_checked"":770560}"
      7168,         1,         0,    6.15,exact_mw,7acd59d404317421b37957afea3f5c66f33c9ef46579a47fd7c0ca3dd0dfc735,"{""distance"":7,""physical_error_rate"":0.001}","{""detection_events"":21834,""detectors_checked"":4315136,""obs_mistake_mask=E"":1}"
      3584,         0,         0,    4.40,exact_mw,7acd59d404317421b37957afea3f5c66f33c9ef46579a47fd7c0ca3dd0dfc735,"{""distance"":7,""physical_error_rate"":0.001}","{""detection_events"":10541,""detectors_checked"":2157568}"
      5120,         1,         0,    4.94,exact_mw,7acd59d404317421b37957afea3f5c66f33c9ef46579a47fd7c0ca3dd0dfc735,"{""distance"":7,""physical_error_rate"":0.001}","{""detection_events"":14975,""detectors_checked"":3082240,""obs_mistake_mask=E"":1}"
      3584,         0,         0,    4.44,exact_mw,7acd59d404317421b37957afea3f5c66f33c9ef46579a47fd7c0ca3dd0dfc735,"{""distance"":7,""physical_error_rate"":0.001}","{""detection_events"":10658,""detectors_checked"":2157568}"
     33792,         0,         0,    5.98,exact_mw,c34bb01325b9980f7caca1807bd93e7e28846c82b8c0538af034740e6e7d5106,"{""distance"":7,""physical_error_rate"":0.0005}","{""detection_events"":49923,""detectors_checked"":20342784}"
     53248,         0,         0,    6.10,exact_mw,c34bb01325b9980f7caca1807bd93e7e28846c82b8c0538af034740e6e7d5106,"{""distance"":7,""physical_error_rate"":0.0005}","{""detection_events"":78422,""detectors_checked"":32055296}"
      8192,         0,         0,    5.01,exact_mw,c34bb01325b9980f7caca1807bd93e7e28846c82b8c0538af034740e6e7d5106,"{""distance"":7,""physical_error_rate"":0.0005}","{""detection_events"":12059,""detectors_checked"":4931584}"
      2560,         0,         0,    4.15,exact_mw,7acd59d404317421b37957afea3f5c66f33c9ef46579a47fd7c0ca3dd0dfc735,"{""distance"":7,""physical_error_rate"":0.001}","{""detection_events"":7590,""detectors_checked"":1541120}"
      5632,         0,         0,    5.25,exact_mw,7acd59d404317421b37957afea3f5c66f33c9ef46579a47fd7c0ca3dd0dfc735,"{""distance"":7,""physical_error_rate"":0.001}","{""detection_events"":17058,""detectors_checked"":3390464}"
      3072,         0,         0,    2.82,exact_mw,7acd59d404317421b37957afea3f5c66f33c9ef46579a47fd7c0ca3dd0dfc735,"{""distance"":7,""physical_error_rate"":0.001}","{""detection_events"":9346,""detectors_checked"":1849344}"
      2560,         0,         0,    2.23,exact_mw,7acd59d404317421b37957afea3f5c66f33c9ef46579a47fd7c0ca3dd0dfc735,"{""distance"":7,""physical_error_rate"":0.001}","{""detection_events"":7660,""detectors_checked"":1541120}"
     23552,         0,         0,    3.15,exact_mw,c34bb01325b9980f7caca1807bd93e7e28846c82b8c0538af034740e6e7d5106,"{""distance"":7,""physical_error_rate"":0.0005}","{""detection_events"":34529,""detectors_checked"":14178304}"
     24576,         0,         0,    6.59,exact_mw,c34bb01325b9980f7caca1807bd93e7e28846c82b8c0538af034740e6e7d5106,"{""distance"":7,""physical_error_rate"":0.0005}","{""detection_events"":36962,""detectors_checked"":14794752}"
     26624,         0,         0,    6.24,exact_mw,c34bb01325b9980f7caca1807bd93e7e28846c82b8c0538af034740e6e7d5106,"{""distance"":7,""physical_error_rate"":0.0005}","{""detection_events"":39802,""detectors_checked"":16027648}"
      4096,         0,         0,    4.30,exact_mw,7acd59d404317421b37957afea3f5c66f33c9ef46579a47fd7c0ca3dd0dfc735,"{""distance"":7,""physical_error_rate"":0.001}","{""detection_events"":12231,""detectors_checked"":2465792}"
     38912,         0,         0,    6.15,exact_mw,c34bb01325b9980f7caca1807bd93e7e28846c82b8c0538af034740e6e7d5106,"{""distance"":7,""physical_error_rate"":0.0005}","{""detection_events"":57352,""detectors_checked"":23425024}"
     24576,         0,         0,    4.34,exact_mw,c34bb01325b9980f7caca1807bd93e7e28846c82b8c0538af034740e6e7d5106,"{""distance"":7,""physical_error_rate"":0.0005}","{""detection_events"":36016,""detectors_checked"":14794752}"
     40960,         0,         0,    5.98,exact_mw,c34bb01325b9980f7caca1807bd93e7e28846c82b8c0538af034740e6e7d5106,"{""distance"":7,""physical_error_rate"":0.0005}","{""detection_events"":60745,""detectors_checked"":24657920}"
    576512,         2,         0,   120.1,exact_mw,c34bb01325b9980f7caca1807bd93e7e28846c82b8c0538af034740e6e7d5106,"{""distance"":7,""physical_error_rate"":0.0005}","{""detection_events"":853187,""detectors_checked"":347060224,""obs_mistake_mask=E"":2}"
      3584,         0,         0,    4.69,exact_mw,7acd59d404317421b37957afea3f5c66f33c9ef46579a47fd7c0ca3dd0dfc735,"{""distance"":7,""physical_error_rate"":0.001}","{""detection_events"":10608,""detectors_checked"":2157568}"
    475648,         2,         0,   120.0,exact_mw,c34bb01325b9980f7caca1807bd93e7e28846c82b8c0538af034740e6e7d5106,"{""distance"":7,""physical_error_rate"":0.0005}","{""detection_events"":702757,""detectors_checked"":286340096,""obs_mistake_mask=E"":2}"
     37888,         0,         0,    6.06,exact_mw,c34bb01325b9980f7caca1807bd93e7e28846c82b8c0538af034740e6e7d5106,"{""distance"":7,""physical_error_rate"":0.0005}","{""detection_events"":56274,""detectors_checked"":22808576}"
     35840,         0,         0,    6.04,exact_mw,c34bb01325b9980f7caca1807bd93e7e28846c82b8c0538af034740e6e7d5106,"{""distance"":7,""physical_error_rate"":0.0005}","{""detection_events"":53097,""detectors_checked"":21575680}"
      4096,         0,         0,    3.47,exact_mw,7acd59d404317421b37957afea3f5c66f33c9ef46579a47fd7c0ca3dd0dfc735,"{""distance"":7,""physical_error_rate"":0.001}","{""detection_events"":12258,""detectors_checked"":2465792}"
      3072,         0,         0,    3.61,exact_mw,7acd59d404317421b37957afea3f5c66f33c9ef46579a47fd7c0ca3dd0dfc735,"{""distance"":7,""physical_error_rate"":0.001}","{""detection_events"":8960,""detectors_checked"":1849344}"
       896,         0,         0,    4.30,exact_mw,7acd59d404317421b37957afea3f5c66f33c9ef46579a47fd7c0ca3dd0dfc735,"{""distance"":7,""physical_error_rate"":0.001}","{""detection_events"":2643,""detectors_checked"":539392}"
      7168,         0,         0,    6.00,exact_mw,7acd59d404317421b37957afea3f5c66f33c9ef46579a47fd7c0ca3dd0dfc735,"{""distance"":7,""physical_error_rate"":0.001}","{""detection_events"":20985,""detectors_checked"":4315136}"
      1792,         0,         0,    6.34,exact_mw,7acd59d404317421b37957afea3f5c66f33c9ef46579a47fd7c0ca3dd0dfc735,"{""distance"":7,""physical_error_rate"":0.001}","{""detection_events"":5206,""detectors_checked"":1078784}"
     29696,         0,         0,    4.34,exact_mw,c34bb01325b9980f7caca1807bd93e7e28846c82b8c0538af034740e6e7d5106,"{""distance"":7,""physical_error_rate"":0.0005}","{""detection_events"":43316,""detectors_checked"":17876992}"
      7168,         0,         0,    6.21,exact_mw,7acd59d404317421b37957afea3f5c66f33c9ef46579a47fd7c0ca3dd0dfc735,"{""distance"":7,""physical_error_rate"":0.001}","{""detection_events"":21136,""detectors_checked"":4315136}"
      7168,         0,         0,    6.18,exact_mw,7acd59d404317421b37957afea3f5c66f33c9ef46579a47fd7c0ca3dd0dfc735,"{""distance"":7,""physical_error_rate"":0.001}","{""detection_events"":20587,""detectors_checked"":4315136}"
    716800,         1,         0,   120.1,exact_mw,c34bb01325b9980f7caca1807bd93e7e28846c82b8c0538af034740e6e7d5106,"{""distance"":7,""physical_error_rate"":0.0005}","{""detection_events"":1059541,""detectors_checked"":431513600,""obs_mistake_mask=E"":1}"
    603136,         1,         0,   120.0,exact_mw,c34bb01325b9980f7caca1807bd93e7e28846c82b8c0538af034740e6e7d5106,"{""distance"":7,""physical_error_rate"":0.0005}","{""detection_events"":895066,""detectors_checked"":363087872,""obs_mistake_mask=E"":1}"
      6144,         0,         0,    6.13,exact_mw,7acd59d404317421b37957afea3f5c66f33c9ef46579a47fd7c0ca3dd0dfc735,"{""distance"":7,""physical_error_rate"":0.001}","{""detection_events"":18225,""detectors_checked"":3698688}"
      8192,         0,         0,    7.04,exact_mw,c34bb01325b9980f7caca1807bd93e7e28846c82b8c0538af034740e6e7d5106,"{""distance"":7,""physical_error_rate"":0.0005}","{""detection_events"":12310,""detectors_checked"":4931584}"
     10240,         0,         0,    8.40,exact_mw,7acd59d404317421b37957afea3f5c66f33c9ef46579a47fd7c0ca3dd0dfc735,"{""distance"":7,""physical_error_rate"":0.001}","{""detection_events"":29664,""detectors_checked"":6164480}"
     38912,         0,         0,    6.15,exact_mw,c34bb01325b9980f7caca1807bd93e7e28846c82b8c0538af034740e6e7d5106,"{""distance"":7,""physical_error_rate"":0.0005}","{""detection_events"":57690,""detectors_checked"":23425024}"
     66560,         0,         0,    8.34,exact_mw,c34bb01325b9980f7caca1807bd93e7e28846c82b8c0538af034740e6e7d5106,"{""distance"":7,""physical_error_rate"":0.0005}","{""detection_events"":97466,""detectors_checked"":40069120}"
      5632,         0,         0,    6.52,exact_mw,7acd59d404317421b37957afea3f5c66f33c9ef46579a47fd7c0ca3dd0dfc735,"{""distance"":7,""physical_error_rate"":0.001}","{""detection_events"":16979,""detectors_checked"":3390464}"
     60416,         0,         0,    8.46,exact_mw,c34bb01325b9980f7caca1807bd93e7e28846c82b8c0538af034740e6e7d5106,"{""distance"":7,""physical_error_rate"":0.0005}","{""detection_events"":89080,""detectors_checked"":36370432}"
     96000,         1,         0,   120.8,exact_mw,7acd59d404317421b37957afea3f5c66f33c9ef46579a47fd7c0ca3dd0dfc735,"{""distance"":7,""physical_error_rate"":0.001}","{""detection_events"":283665,""detectors_checked"":57792000,""obs_mistake_mask=E"":1}"
      5120,         0,         0,    4.29,exact_mw,7acd59d404317421b37957afea3f5c66f33c9ef46579a47fd7c0ca3dd0dfc735,"{""distance"":7,""physical_error_rate"":0.001}","{""detection_events"":15109,""detectors_checked"":3082240}"
      4608,         0,         0,    4.52,exact_mw,7acd59d404317421b37957afea3f5c66f33c9ef46579a47fd7c0ca3dd0dfc735,"{""distance"":7,""physical_error_rate"":0.001}","{""detection_events"":13247,""detectors_checked"":2774016}"
      4608,         0,         0,    6.16,exact_mw,7acd59d404317421b37957afea3f5c66f33c9ef46579a47fd7c0ca3dd0dfc735,"{""distance"":7,""physical_error_rate"":0.001}","{""detection_events"":14018,""detectors_checked"":2774016}"
     40960,         1,         0,    8.49,exact_mw,c34bb01325b9980f7caca1807bd93e7e28846c82b8c0538af034740e6e7d5106,"{""distance"":7,""physical_error_rate"":0.0005}","{""detection_events"":60335,""detectors_checked"":24657920,""obs_mistake_mask=E"":1}"
     49152,         1,         0,    8.40,exact_mw,c34bb01325b9980f7caca1807bd93e7e28846c82b8c0538af034740e6e7d5106,"{""distance"":7,""physical_error_rate"":0.0005}","{""detection_events"":71626,""detectors_checked"":29589504,""obs_mistake_mask=E"":1}"
     12288,         0,         0,    8.97,exact_mw,c34bb01325b9980f7caca1807bd93e7e28846c82b8c0538af034740e6e7d5106,"{""distance"":7,""physical_error_rate"":0.0005}","{""detection_events"":18152,""detectors_checked"":7397376}"
     47104,         0,         0,    8.36,exact_mw,c34bb01325b9980f7caca1807bd93e7e28846c82b8c0538af034740e6e7d5106,"{""distance"":7,""physical_error_rate"":0.0005}","{""detection_events"":68355,""detectors_checked"":28356608}"
      1408,         0,         0,    6.33,exact_mw,7acd59d404317421b37957afea3f5c66f33c9ef46579a47fd7c0ca3dd0dfc735,"{""distance"":7,""physical_error_rate"":0.001}","{""detection_events"":4020,""detectors_checked"":847616}"
     31744,         0,         0,    6.10,exact_mw,c34bb01325b9980f7caca1807bd93e7e28846c82b8c0538af034740e6e7d5106,"{""distance"":7,""physical_error_rate"":0.0005}","{""detection_events"":47175,""detectors_checked"":19109888}"
     56320,         0,         0,    8.36,exact_mw,c34bb01325b9980f7caca1807bd93e7e28846c82b8c0538af034740e6e7d5106,"{""distance"":7,""physical_error_rate"":0.0005}","{""detection_events"":83770,""detectors_checked"":33904640}"
     47104,         0,         0,    8.36,exact_mw,c34bb01325b9980f7caca1807bd93e7e28846c82b8c0538af034740e6e7d5106,"{""distance"":7,""physical_error_rate"":0.0005}","{""detection_events"":68756,""detectors_checked"":28356608}"
      9728,         0,         0,    8.74,exact_mw,7acd59d404317421b37957afea3f5c66f33c9ef46579a47fd7c0ca3dd0dfc735,"{""distance"":7,""physical_error_rate"":0.001}","{""detection_events"":29086,""detectors_checked"":5856256}"
      7680,         0,         0,    8.46,exact_mw,7acd59d404317421b37957afea3f5c66f33c9ef46579a47fd7c0ca3dd0dfc735,"{""distance"":7,""physical_error_rate"":0.001}","{""detection_events"":22963,""detectors_checked"":4623360}"
      9216,         0,         0,    8.71,exact_mw,7acd59d404317421b37957afea3f5c66f33c9ef46579a47fd7c0ca3dd0dfc735,"{""distance"":7,""physical_error_rate"":0.001}","{""detection_events"":27343,""detectors_checked"":5548032}"
      2560,         0,         0,    9.46,exact_mw,7acd59d404317421b37957afea3f5c66f33c9ef46579a47fd7c0ca3dd0dfc735,"{""distance"":7,""physical_error_rate"":0.001}","{""detection_events"":7222,""detectors_checked"":1541120}"
    118784,         1,         0,   120.3,exact_mw,7acd59d404317421b37957afea3f5c66f33c9ef46579a47fd7c0ca3dd0dfc735,"{""distance"":7,""physical_error_rate"":0.001}","{""detection_events"":348440,""detectors_checked"":71507968,""obs_mistake_mask=E"":1}"
      8704,         0,         0,    8.43,exact_mw,7acd59d404317421b37957afea3f5c66f33c9ef46579a47fd7c0ca3dd0dfc735,"{""distance"":7,""physical_error_rate"":0.001}","{""detection_events"":25865,""detectors_checked"":5239808}"
    522240,         1,         0,   120.1,exact_mw,c34bb01325b9980f7caca1807bd93e7e28846c82b8c0538af034740e6e7d5106,"{""distance"":7,""physical_error_rate"":0.0005}","{""detection_events"":771986,""detectors_checked"":314388480,""obs_mistake_mask=E"":1}"
      8704,         1,         0,    6.73,exact_mw,7acd59d404317421b37957afea3f5c66f33c9ef46579a47fd7c0ca3dd0dfc735,"{""distance"":7,""physical_error_rate"":0.001}","{""detection_events"":25413,""detectors_checked"":5239808,""obs_mistake_mask=E"":1}"
      9216,         0,         0,    8.75,exact_mw,c34bb01325b9980f7caca1807bd93e7e28846c82b8c0538af034740e6e7d5106,"{""distance"":7,""physical_error_rate"":0.0005}","{""detection_events"":13770,""detectors_checked"":5548032}"
     53248,         0,         0,    8.45,exact_mw,c34bb01325b9980f7caca1807bd93e7e28846c82b8c0538af034740e6e7d5106,"{""distance"":7,""physical_error_rate"":0.0005}","{""detection_events"":78266,""detectors_checked"":32055296}"
      5632,         0,         0,    7.96,exact_mw,7acd59d404317421b37957afea3f5c66f33c9ef46579a47fd7c0ca3dd0dfc735,"{""distance"":7,""physical_error_rate"":0.001}","{""detection_events"":17012,""detectors_checked"":3390464}"
      8704,         1,         0,    8.69,exact_mw,7acd59d404317421b37957afea3f5c66f33c9ef46579a47fd7c0ca3dd0dfc735,"{""distance"":7,""physical_error_rate"":0.001}","{""detection_events"":25124,""detectors_checked"":5239808,""obs_mistake_mask=E"":1}"
    668672,         2,         0,   120.0,exact_mw,c34bb01325b9980f7caca1807bd93e7e28846c82b8c0538af034740e6e7d5106,"{""distance"":7,""physical_error_rate"":0.0005}","{""detection_events"":990177,""detectors_checked"":402540544,""obs_mistake_mask=E"":2}"
      8192,         0,         0,    8.52,exact_mw,7acd59d404317421b37957afea3f5c66f33c9ef46579a47fd7c0ca3dd0dfc735,"{""distance"":7,""physical_error_rate"":0.001}","{""detection_events"":24481,""detectors_checked"":4931584}"
     18432,         0,         0,    11.8,exact_mw,7acd59d404317421b37957afea3f5c66f33c9ef46579a47fd7c0ca3dd0dfc735,"{""distance"":7,""physical_error_rate"":0.001}","{""detection_events"":53770,""detectors_checked"":11096064}"
      1408,         0,         0,    8.71,exact_mw,7acd59d404317421b37957afea3f5c66f33c9ef46579a47fd7c0ca3dd0dfc735,"{""distance"":7,""physical_error_rate"":0.001}","{""detection_events"":4014,""detectors_checked"":847616}"
     94208,         0,         0,    11.9,exact_mw,c34bb01325b9980f7caca1807bd93e7e28846c82b8c0538af034740e6e7d5106,"{""distance"":7,""physical_error_rate"":0.0005}","{""detection_events"":140309,""detectors_checked"":56713216}"
     30208,         0,         0,    12.0,exact_mw,c34bb01325b9980f7caca1807bd93e7e28846c82b8c0538af034740e6e7d5106,"{""distance"":7,""physical_error_rate"":0.0005}","{""detection_events"":45327,""detectors_checked"":18185216}"
     10240,         0,         0,    9.24,exact_mw,c34bb01325b9980f7caca1807bd93e7e28846c82b8c0538af034740e6e7d5106,"{""distance"":7,""physical_error_rate"":0.0005}","{""detection_events"":15079,""detectors_checked"":6164480}"
     68608,         0,         0,    11.7,exact_mw,c34bb01325b9980f7caca1807bd93e7e28846c82b8c0538af034740e6e7d5106,"{""distance"":7,""physical_error_rate"":0.0005}","{""detection_events"":101556,""detectors_checked"":41302016}"
     77824,         0,         0,    11.8,exact_mw,c34bb01325b9980f7caca1807bd93e7e28846c82b8c0538af034740e6e7d5106,"{""distance"":7,""physical_error_rate"":0.0005}","{""detection_events"":115214,""detectors_checked"":46850048}"
     56320,         0,         0,    12.6,exact_mw,c34bb01325b9980f7caca1807bd93e7e28846c82b8c0538af034740e6e7d5106,"{""distance"":7,""physical_error_rate"":0.0005}","{""detection_events"":83219,""detectors_checked"":33904640}"
     13824,         0,         0,    12.6,exact_mw,c34bb01325b9980f7caca1807bd93e7e28846c82b8c0538af034740e6e7d5106,"{""distance"":7,""physical_error_rate"":0.0005}","{""detection_events"":20169,""detectors_checked"":8322048}"
     78848,         0,         0,    11.8,exact_mw,c34bb01325b9980f7caca1807bd93e7e28846c82b8c0538af034740e6e7d5106,"{""distance"":7,""physical_error_rate"":0.0005}","{""detection_events"":117637,""detectors_checked"":47466496}"
      9216,         0,         0,    8.41,exact_mw,7acd59d404317421b37957afea3f5c66f33c9ef46579a47fd7c0ca3dd0dfc735,"{""distance"":7,""physical_error_rate"":0.001}","{""detection_events"":27389,""detectors_checked"":5548032}"
     82944,         0,         0,    11.7,exact_mw,c34bb01325b9980f7caca1807bd93e7e28846c82b8c0538af034740e6e7d5106,"{""distance"":7,""physical_error_rate"":0.0005}","{""detection_events"":121728,""detectors_checked"":49932288}"
      1536,         0,         0,    8.65,exact_mw,7acd59d404317421b37957afea3f5c66f33c9ef46579a47fd7c0ca3dd0dfc735,"{""distance"":7,""physical_error_rate"":0.001}","{""detection_events"":4377,""detectors_checked"":924672}"
      9728,         1,         0,    11.8,exact_mw,7acd59d404317421b37957afea3f5c66f33c9ef46579a47fd7c0ca3dd0dfc735,"{""distance"":7,""physical_error_rate"":0.001}","{""detection_events"":28714,""detectors_checked"":5856256,""obs_mistake_mask=E"":1}"
     13312,         0,         0,    12.0,exact_mw,7acd59d404317421b37957afea3f5c66f33c9ef46579a47fd7c0ca3dd0dfc735,"{""distance"":7,""physical_error_rate"":0.001}","{""detection_events"":39071,""detectors_checked"":8013824}"
     14336,         0,         0,    12.1,exact_mw,7acd59d404317421b37957afea3f5c66f33c9ef46579a47fd7c0ca3dd0dfc735,"{""distance"":7,""physical_error_rate"":0.001}","{""detection_events"":42218,""detectors_checked"":8630272}"
      2816,         0,         0,    11.7,exact_mw,7acd59d404317421b37957afea3f5c66f33c9ef46579a47fd7c0ca3dd0dfc735,"{""distance"":7,""physical_error_rate"":0.001}","{""detection_events"":8453,""detectors_checked"":1695232}"
     73600,         1,         0,   120.0,exact_mw,7acd59d404317421b37957afea3f5c66f33c9ef46579a47fd7c0ca3dd0dfc735,"{""distance"":7,""physical_error_rate"":0.001}","{""detection_events"":216504,""detectors_checked"":44307200,""obs_mistake_mask=E"":1}"
     13312,         1,         0,    12.3,exact_mw,7acd59d404317421b37957afea3f5c66f33c9ef46579a47fd7c0ca3dd0dfc735,"{""distance"":7,""physical_error_rate"":0.001}","{""detection_events"":39314,""detectors_checked"":8013824,""obs_mistake_mask=E"":1}"
     19968,         0,         0,    11.9,exact_mw,c34bb01325b9980f7caca1807bd93e7e28846c82b8c0538af034740e6e7d5106,"{""distance"":7,""physical_error_rate"":0.0005}","{""detection_events"":29764,""detectors_checked"":12020736}"
     36864,         0,         0,    11.8,exact_mw,c34bb01325b9980f7caca1807bd93e7e28846c82b8c0538af034740e6e7d5106,"{""distance"":7,""physical_error_rate"":0.0005}","{""detection_events"":54834,""detectors_checked"":22192128}"
    111232,         1,         0,   120.1,exact_mw,7acd59d404317421b37957afea3f5c66f33c9ef46579a47fd7c0ca3dd0dfc735,"{""distance"":7,""physical_error_rate"":0.001}","{""detection_events"":328744,""detectors_checked"":66961664,""obs_mistake_mask=E"":1}"
     12800,         0,         0,    12.0,exact_mw,7acd59d404317421b37957afea3f5c66f33c9ef46579a47fd7c0ca3dd0dfc735,"{""distance"":7,""physical_error_rate"":0.001}","{""detection_events"":37298,""detectors_checked"":7705600}"
     12288,         1,         0,    12.1,exact_mw,7acd59d404317421b37957afea3f5c66f33c9ef46579a47fd7c0ca3dd0dfc735,"{""distance"":7,""physical_error_rate"":0.001}","{""detection_events"":35506,""detectors_checked"":7397376,""obs_mistake_mask=E"":1}"
     98048,         1,         0,   120.1,exact_mw,7acd59d404317421b37957afea3f5c66f33c9ef46579a47fd7c0ca3dd0dfc735,"{""distance"":7,""physical_error_rate"":0.001}","{""detection_events"":289080,""detectors_checked"":59024896,""obs_mistake_mask=E"":1}"
   1339392,         3,         0,   119.9,exact_mw,c34bb01325b9980f7caca1807bd93e7e28846c82b8c0538af034740e6e7d5106,"{""distance"":7,""physical_error_rate"":0.0005}","{""detection_events"":1981856,""detectors_checked"":806313984,""obs_mistake_mask=E"":3}"
      5760,         0,         0,    11.8,exact_mw,7acd59d404317421b37957afea3f5c66f33c9ef46579a47fd7c0ca3dd0dfc735,"{""distance"":7,""physical_error_rate"":0.001}","{""detection_events"":17398,""detectors_checked"":3467520}"
    124928,         1,         0,   120.4,exact_mw,7acd59d404317421b37957afea3f5c66f33c9ef46579a47fd7c0ca3dd0dfc735,"{""distance"":7,""physical_error_rate"":0.001}","{""detection_events"":369414,""detectors_checked"":75206656,""obs_mistake_mask=E"":1}"
     29696,         0,         0,    12.4,exact_mw,c34bb01325b9980f7caca1807bd93e7e28846c82b8c0538af034740e6e7d5106,"{""distance"":7,""physical_error_rate"":0.0005}","{""detection_events"":43918,""detectors_checked"":17876992}"
    687104,         1,         0,   119.9,exact_mw,c34bb01325b9980f7caca1807bd93e7e28846c82b8c0538af034740e6e7d5106,"{""distance"":7,""physical_error_rate"":0.0005}","{""detection_events"":1014923,""detectors_checked"":413636608,""obs_mistake_mask=E"":1}"
      8192,         0,         0,    12.1,exact_mw,7acd59d404317421b37957afea3f5c66f33c9ef46579a47fd7c0ca3dd0dfc735,"{""distance"":7,""physical_error_rate"":0.001}","{""detection_events"":24595,""detectors_checked"":4931584}"
    121856,         0,         0,    16.5,exact_mw,c34bb01325b9980f7caca1807bd93e7e28846c82b8c0538af034740e6e7d5106,"{""distance"":7,""physical_error_rate"":0.0005}","{""detection_events"":179483,""detectors_checked"":73357312}"
     24576,         2,         0,    17.4,exact_mw,7acd59d404317421b37957afea3f5c66f33c9ef46579a47fd7c0ca3dd0dfc735,"{""distance"":7,""physical_error_rate"":0.001}","{""detection_events"":73260,""detectors_checked"":14794752,""obs_mistake_mask=E"":2}"
     43520,         0,         0,    16.6,exact_mw,c34bb01325b9980f7caca1807bd93e7e28846c82b8c0538af034740e6e7d5106,"{""distance"":7,""physical_error_rate"":0.0005}","{""detection_events"":63372,""detectors_checked"":26199040}"
      9728,         0,         0,    12.0,exact_mw,7acd59d404317421b37957afea3f5c66f33c9ef46579a47fd7c0ca3dd0dfc735,"{""distance"":7,""physical_error_rate"":0.001}","{""detection_events"":28454,""detectors_checked"":5856256}"
    104448,         1,         0,    16.4,exact_mw,c34bb01325b9980f7caca1807bd93e7e28846c82b8c0538af034740e6e7d5106,"{""distance"":7,""physical_error_rate"":0.0005}","{""detection_events"":153493,""detectors_checked"":62877696,""obs_mistake_mask=E"":1}"
     99328,         0,         0,    16.4,exact_mw,c34bb01325b9980f7caca1807bd93e7e28846c82b8c0538af034740e6e7d5106,"{""distance"":7,""physical_error_rate"":0.0005}","{""detection_events"":145520,""detectors_checked"":59795456}"
     43008,         0,         0,    16.5,exact_mw,c34bb01325b9980f7caca1807bd93e7e28846c82b8c0538af034740e6e7d5106,"{""distance"":7,""physical_error_rate"":0.0005}","{""detection_events"":62780,""detectors_checked"":25890816}"
     64512,         1,         0,    16.5,exact_mw,c34bb01325b9980f7caca1807bd93e7e28846c82b8c0538af034740e6e7d5106,"{""distance"":7,""physical_error_rate"":0.0005}","{""detection_events"":94297,""detectors_checked"":38836224,""obs_mistake_mask=E"":1}"
     65536,         0,         0,    16.4,exact_mw,c34bb01325b9980f7caca1807bd93e7e28846c82b8c0538af034740e6e7d5106,"{""distance"":7,""physical_error_rate"":0.0005}","{""detection_events"":96876,""detectors_checked"":39452672}"
     84992,         0,         0,    16.5,exact_mw,c34bb01325b9980f7caca1807bd93e7e28846c82b8c0538af034740e6e7d5106,"{""distance"":7,""physical_error_rate"":0.0005}","{""detection_events"":125191,""detectors_checked"":51165184}"
     17920,         0,         0,    16.8,exact_mw,7acd59d404317421b37957afea3f5c66f33c9ef46579a47fd7c0ca3dd0dfc735,"{""distance"":7,""physical_error_rate"":0.001}","{""detection_events"":52936,""detectors_checked"":10787840}"
     16384,         1,         0,    16.8,exact_mw,7acd59d404317421b37957afea3f5c66f33c9ef46579a47fd7c0ca3dd0dfc735,"{""distance"":7,""physical_error_rate"":0.001}","{""detection_events"":48205,""detectors_checked"":9863168,""obs_mistake_mask=E"":1}"
     13824,         0,         0,    16.9,exact_mw,7acd59d404317421b37957afea3f5c66f33c9ef46579a47fd7c0ca3dd0dfc735,"{""distance"":7,""physical_error_rate"":0.001}","{""detection_events"":40507,""detectors_checked"":8322048}"
     17920,         0,         0,    16.6,exact_mw,7acd59d404317421b37957afea3f5c66f33c9ef46579a47fd7c0ca3dd0dfc735,"{""distance"":7,""physical_error_rate"":0.001}","{""detection_events"":53288,""detectors_checked"":10787840}"
     87040,         0,         0,    16.4,exact_mw,c34bb01325b9980f7caca1807bd93e7e28846c82b8c0538af034740e6e7d5106,"{""distance"":7,""physical_error_rate"":0.0005}","{""detection_events"":129705,""detectors_checked"":52398080}"
     88064,         0,         0,    16.4,exact_mw,c34bb01325b9980f7caca1807bd93e7e28846c82b8c0538af034740e6e7d5106,"{""distance"":7,""physical_error_rate"":0.0005}","{""detection_events"":131057,""detectors_checked"":53014528}"
     14336,         0,         0,    17.0,exact_mw,7acd59d404317421b37957afea3f5c66f33c9ef46579a47fd7c0ca3dd0dfc735,"{""distance"":7,""physical_error_rate"":0.001}","{""detection_events"":42265,""detectors_checked"":8630272}"
     15872,         0,         0,    16.5,exact_mw,7acd59d404317421b37957afea3f5c66f33c9ef46579a47fd7c0ca3dd0dfc735,"{""distance"":7,""physical_error_rate"":0.001}","{""detection_events"":46527,""detectors_checked"":9554944}"
     16384,         0,         0,    16.9,exact_mw,7acd59d404317421b37957afea3f5c66f33c9ef46579a47fd7c0ca3dd0dfc735,"{""distance"":7,""physical_error_rate"":0.001}","{""detection_events"":47960,""detectors_checked"":9863168}"
    131072,         3,         0,   120.4,exact_mw,7acd59d404317421b37957afea3f5c66f33c9ef46579a47fd7c0ca3dd0dfc735,"{""distance"":7,""physical_error_rate"":0.001}","{""detection_events"":386691,""detectors_checked"":78905344,""obs_mistake_mask=E"":3}"
    132096,         0,         0,   120.3,exact_mw,7acd59d404317421b37957afea3f5c66f33c9ef46579a47fd7c0ca3dd0dfc735,"{""distance"":7,""physical_error_rate"":0.001}","{""detection_events"":392025,""detectors_checked"":79521792}"
    161280,         7,         0,   120.7,exact_mw,7acd59d404317421b37957afea3f5c66f33c9ef46579a47fd7c0ca3dd0dfc735,"{""distance"":7,""physical_error_rate"":0.001}","{""detection_events"":475951,""detectors_checked"":97090560,""obs_mistake_mask=E"":7}"
      9216,         0,         0,    17.7,exact_mw,7acd59d404317421b37957afea3f5c66f33c9ef46579a47fd7c0ca3dd0dfc735,"{""distance"":7,""physical_error_rate"":0.001}","{""detection_events"":26635,""detectors_checked"":5548032}"
     45056,         0,         0,    16.8,exact_mw,c34bb01325b9980f7caca1807bd93e7e28846c82b8c0538af034740e6e7d5106,"{""distance"":7,""physical_error_rate"":0.0005}","{""detection_events"":67049,""detectors_checked"":27123712}"
     13312,         0,         0,    16.5,exact_mw,7acd59d404317421b37957afea3f5c66f33c9ef46579a47fd7c0ca3dd0dfc735,"{""distance"":7,""physical_error_rate"":0.001}","{""detection_events"":39322,""detectors_checked"":8013824}"
     13312,         0,         0,    16.7,exact_mw,7acd59d404317421b37957afea3f5c66f33c9ef46579a47fd7c0ca3dd0dfc735,"{""distance"":7,""physical_error_rate"":0.001}","{""detection_events"":39339,""detectors_checked"":8013824}"
    582656,         2,         0,   120.5,exact_mw,c34bb01325b9980f7caca1807bd93e7e28846c82b8c0538af034740e6e7d5106,"{""distance"":7,""physical_error_rate"":0.0005}","{""detection_events"":861282,""detectors_checked"":350758912,""obs_mistake_mask=E"":2}"
    115200,         0,         0,   120.4,exact_mw,7acd59d404317421b37957afea3f5c66f33c9ef46579a47fd7c0ca3dd0dfc735,"{""distance"":7,""physical_error_rate"":0.001}","{""detection_events"":337759,""detectors_checked"":69350400}"
    204800,         1,         0,    23.0,exact_mw,c34bb01325b9980f7caca1807bd93e7e28846c82b8c0538af034740e6e7d5106,"{""distance"":7,""physical_error_rate"":0.0005}","{""detection_events"":302424,""detectors_checked"":123289600,""obs_mistake_mask=E"":1}"
    141312,         0,         0,    23.1,exact_mw,c34bb01325b9980f7caca1807bd93e7e28846c82b8c0538af034740e6e7d5106,"{""distance"":7,""physical_error_rate"":0.0005}","{""detection_events"":209988,""detectors_checked"":85069824}"
     34816,         2,         0,    23.7,exact_mw,7acd59d404317421b37957afea3f5c66f33c9ef46579a47fd7c0ca3dd0dfc735,"{""distance"":7,""physical_error_rate"":0.001}","{""detection_events"":102694,""detectors_checked"":20959232,""obs_mistake_mask=E"":2}"
    128000,         0,         0,    23.0,exact_mw,c34bb01325b9980f7caca1807bd93e7e28846c82b8c0538af034740e6e7d5106,"{""distance"":7,""physical_error_rate"":0.0005}","{""detection_events"":189406,""detectors_checked"":77056000}"
    686080,         0,         0,   119.8,exact_mw,c34bb01325b9980f7caca1807bd93e7e28846c82b8c0538af034740e6e7d5106,"{""distance"":7,""physical_error_rate"":0.0005}","{""detection_events"":1015862,""detectors_checked"":413020160}"
    121856,         1,         0,    23.2,exact_mw,c34bb01325b9980f7caca1807bd93e7e28846c82b8c0538af034740e6e7d5106,"{""distance"":7,""physical_error_rate"":0.0005}","{""detection_events"":180490,""detectors_checked"":73357312,""obs_mistake_mask=E"":1}"
    109568,         0,         0,    23.1,exact_mw,c34bb01325b9980f7caca1807bd93e7e28846c82b8c0538af034740e6e7d5106,"{""distance"":7,""physical_error_rate"":0.0005}","{""detection_events"":162749,""detectors_checked"":65959936}"
    110592,         0,         0,    23.1,exact_mw,c34bb01325b9980f7caca1807bd93e7e28846c82b8c0538af034740e6e7d5106,"{""distance"":7,""physical_error_rate"":0.0005}","{""detection_events"":163918,""detectors_checked"":66576384}"
    103424,         0,         0,    23.0,exact_mw,c34bb01325b9980f7caca1807bd93e7e28846c82b8c0538af034740e6e7d5106,"{""distance"":7,""physical_error_rate"":0.0005}","{""detection_events"":152269,""detectors_checked"":62261248}"
    102400,         0,         0,    23.2,exact_mw,c34bb01325b9980f7caca1807bd93e7e28846c82b8c0538af034740e6e7d5106,"{""distance"":7,""physical_error_rate"":0.0005}","{""detection_events"":152077,""detectors_checked"":61644800}"
     22528,         2,         0,    23.1,exact_mw,7acd59d404317421b37957afea3f5c66f33c9ef46579a47fd7c0ca3dd0dfc735,"{""distance"":7,""physical_error_rate"":0.001}","{""detection_events"":65417,""detectors_checked"":13561856,""obs_mistake_mask=E"":2}"
     20480,         0,         0,    23.5,exact_mw,7acd59d404317421b37957afea3f5c66f33c9ef46579a47fd7c0ca3dd0dfc735,"{""distance"":7,""physical_error_rate"":0.001}","{""detection_events"":60047,""detectors_checked"":12328960}"
     21504,         0,         0,    23.3,exact_mw,7acd59d404317421b37957afea3f5c66f33c9ef46579a47fd7c0ca3dd0dfc735,"{""distance"":7,""physical_error_rate"":0.001}","{""detection_events"":63589,""detectors_checked"":12945408}"
     23552,         0,         0,    23.5,exact_mw,7acd59d404317421b37957afea3f5c66f33c9ef46579a47fd7c0ca3dd0dfc735,"{""distance"":7,""physical_error_rate"":0.001}","{""detection_events"":69391,""detectors_checked"":14178304}"
    865280,         2,         0,   119.9,exact_mw,c34bb01325b9980f7caca1807bd93e7e28846c82b8c0538af034740e6e7d5106,"{""distance"":7,""physical_error_rate"":0.0005}","{""detection_events"":1280034,""detectors_checked"":520898560,""obs_mistake_mask=E"":2}"
    110592,         0,         0,    23.1,exact_mw,c34bb01325b9980f7caca1807bd93e7e28846c82b8c0538af034740e6e7d5106,"{""distance"":7,""physical_error_rate"":0.0005}","{""detection_events"":164407,""detectors_checked"":66576384}"
    102400,         0,         0,    23.2,exact_mw,c34bb01325b9980f7caca1807bd93e7e28846c82b8c0538af034740e6e7d5106,"{""distance"":7,""physical_error_rate"":0.0005}","{""detection_events"":150811,""detectors_checked"":61644800}"
     17920,         0,         0,    23.0,exact_mw,7acd59d404317421b37957afea3f5c66f33c9ef46579a47fd7c0ca3dd0dfc735,"{""distance"":7,""physical_error_rate"":0.001}","{""detection_events"":53193,""detectors_checked"":10787840}"
    592896,         1,         0,   120.0,exact_mw,c34bb01325b9980f7caca1807bd93e7e28846c82b8c0538af034740e6e7d5106,"{""distance"":7,""physical_error_rate"":0.0005}","{""detection_events"":875437,""detectors_checked"":356923392,""obs_mistake_mask=E"":1}"
     14208,         0,         0,    23.1,exact_mw,7acd59d404317421b37957afea3f5c66f33c9ef46579a47fd7c0ca3dd0dfc735,"{""distance"":7,""physical_error_rate"":0.001}","{""detection_events"":41890,""detectors_checked"":8553216}"
    670720,         0,         0,   120.0,exact_mw,c34bb01325b9980f7caca1807bd93e7e28846c82b8c0538af034740e6e7d5106,"{""distance"":7,""physical_error_rate"":0.0005}","{""detection_events"":994080,""detectors_checked"":403773440}"
     22528,         0,         0,    23.1,exact_mw,7acd59d404317421b37957afea3f5c66f33c9ef46579a47fd7c0ca3dd0dfc735,"{""distance"":7,""physical_error_rate"":0.001}","{""detection_events"":65853,""detectors_checked"":13561856}"
    466432,         2,         0,   119.9,exact_mw,c34bb01325b9980f7caca1807bd93e7e28846c82b8c0538af034740e6e7d5106,"{""distance"":7,""physical_error_rate"":0.0005}","{""detection_events"":689581,""detectors_checked"":280792064,""obs_mistake_mask=E"":2}"
    116736,         2,         0,   120.2,exact_mw,7acd59d404317421b37957afea3f5c66f33c9ef46579a47fd7c0ca3dd0dfc735,"{""distance"":7,""physical_error_rate"":0.001}","{""detection_events"":343221,""detectors_checked"":70275072,""obs_mistake_mask=E"":2}"
     80896,         0,         0,    23.0,exact_mw,c34bb01325b9980f7caca1807bd93e7e28846c82b8c0538af034740e6e7d5106,"{""distance"":7,""physical_error_rate"":0.0005}","{""detection_events"":120158,""detectors_checked"":48699392}"
     10368,         0,         0,    23.6,exact_mw,7acd59d404317421b37957afea3f5c66f33c9ef46579a47fd7c0ca3dd0dfc735,"{""distance"":7,""physical_error_rate"":0.001}","{""detection_events"":30197,""detectors_checked"":6241536}"
    222208,         2,         0,   120.2,exact_mw,7acd59d404317421b37957afea3f5c66f33c9ef46579a47fd7c0ca3dd0dfc735,"{""distance"":7,""physical_error_rate"":0.001}","{""detection_events"":655588,""detectors_checked"":133769216,""obs_mistake_mask=E"":2}"
    588288,         0,         0,   120.0,exact_mw,c34bb01325b9980f7caca1807bd93e7e28846c82b8c0538af034740e6e7d5106,"{""distance"":7,""physical_error_rate"":0.0005}","{""detection_events"":872679,""detectors_checked"":354149376}"
     27648,         2,         0,    24.0,exact_mw,7acd59d404317421b37957afea3f5c66f33c9ef46579a47fd7c0ca3dd0dfc735,"{""distance"":7,""physical_error_rate"":0.001}","{""detection_events"":81933,""detectors_checked"":16644096,""obs_mistake_mask=E"":2}"
    884736,         0,         0,   119.9,exact_mw,c34bb01325b9980f7caca1807bd93e7e28846c82b8c0538af034740e6e7d5106,"{""distance"":7,""physical_error_rate"":0.0005}","{""detection_events"":1309043,""detectors_checked"":532611072}"
    128000,         1,         0,   120.1,exact_mw,7acd59d404317421b37957afea3f5c66f33c9ef46579a47fd7c0ca3dd0dfc735,"{""distance"":7,""physical_error_rate"":0.001}","{""detection_events"":377336,""detectors_checked"":77056000,""obs_mistake_mask=E"":1}"
     17408,         0,         0,    23.1,exact_mw,7acd59d404317421b37957afea3f5c66f33c9ef46579a47fd7c0ca3dd0dfc735,"{""distance"":7,""physical_error_rate"":0.001}","{""detection_events"":51656,""detectors_checked"":10479616}"
    102912,         2,         0,   120.3,exact_mw,7acd59d404317421b37957afea3f5c66f33c9ef46579a47fd7c0ca3dd0dfc735,"{""distance"":7,""physical_error_rate"":0.001}","{""detection_events"":303184,""detectors_checked"":61953024,""obs_mistake_mask=E"":2}"
    563200,         2,         0,   120.0,exact_mw,c34bb01325b9980f7caca1807bd93e7e28846c82b8c0538af034740e6e7d5106,"{""distance"":7,""physical_error_rate"":0.0005}","{""detection_events"":831713,""detectors_checked"":339046400,""obs_mistake_mask=E"":2}"
     94848,         0,         0,   120.2,exact_mw,7acd59d404317421b37957afea3f5c66f33c9ef46579a47fd7c0ca3dd0dfc735,"{""distance"":7,""physical_error_rate"":0.001}","{""detection_events"":278534,""detectors_checked"":57098496}"
    685056,         0,         0,   120.1,exact_mw,c34bb01325b9980f7caca1807bd93e7e28846c82b8c0538af034740e6e7d5106,"{""distance"":7,""physical_error_rate"":0.0005}","{""detection_events"":1017252,""detectors_checked"":412403712}"
    642048,         1,         0,   119.8,exact_mw,c34bb01325b9980f7caca1807bd93e7e28846c82b8c0538af034740e6e7d5106,"{""distance"":7,""physical_error_rate"":0.0005}","{""detection_events"":949938,""detectors_checked"":386512896,""obs_mistake_mask=E"":1}"
    633856,         1,         0,   120.1,exact_mw,c34bb01325b9980f7caca1807bd93e7e28846c82b8c0538af034740e6e7d5106,"{""distance"":7,""physical_error_rate"":0.0005}","{""detection_events"":936533,""detectors_checked"":381581312,""obs_mistake_mask=E"":1}"
    172544,         4,         0,   120.4,exact_mw,7acd59d404317421b37957afea3f5c66f33c9ef46579a47fd7c0ca3dd0dfc735,"{""distance"":7,""physical_error_rate"":0.001}","{""detection_events"":509490,""detectors_checked"":103871488,""obs_mistake_mask=E"":4}"
     83584,         2,         0,   120.2,exact_mw,7acd59d404317421b37957afea3f5c66f33c9ef46579a47fd7c0ca3dd0dfc735,"{""distance"":7,""physical_error_rate"":0.001}","{""detection_events"":247367,""detectors_checked"":50317568,""obs_mistake_mask=E"":2}"
    268288,         0,         0,   120.0,exact_mw,c34bb01325b9980f7caca1807bd93e7e28846c82b8c0538af034740e6e7d5106,"{""distance"":7,""physical_error_rate"":0.0005}","{""detection_events"":399571,""detectors_checked"":161509376}"
    270336,         1,         0,    32.2,exact_mw,c34bb01325b9980f7caca1807bd93e7e28846c82b8c0538af034740e6e7d5106,"{""distance"":7,""physical_error_rate"":0.0005}","{""detection_events"":399961,""detectors_checked"":162742272,""obs_mistake_mask=E"":1}"
    153600,         0,         0,    32.2,exact_mw,c34bb01325b9980f7caca1807bd93e7e28846c82b8c0538af034740e6e7d5106,"{""distance"":7,""physical_error_rate"":0.0005}","{""detection_events"":227546,""detectors_checked"":92467200}"
     49152,         1,         0,    32.6,exact_mw,7acd59d404317421b37957afea3f5c66f33c9ef46579a47fd7c0ca3dd0dfc735,"{""distance"":7,""physical_error_rate"":0.001}","{""detection_events"":145156,""detectors_checked"":29589504,""obs_mistake_mask=E"":1}"
    158720,         0,         0,    32.0,exact_mw,c34bb01325b9980f7caca1807bd93e7e28846c82b8c0538af034740e6e7d5106,"{""distance"":7,""physical_error_rate"":0.0005}","{""detection_events"":233471,""detectors_checked"":95549440}"
    120320,         3,         0,   120.4,exact_mw,7acd59d404317421b37957afea3f5c66f33c9ef46579a47fd7c0ca3dd0dfc735,"{""distance"":7,""physical_error_rate"":0.001}","{""detection_events"":354799,""detectors_checked"":72432640,""obs_mistake_mask=E"":3}"
    145408,         0,         0,    32.3,exact_mw,c34bb01325b9980f7caca1807bd93e7e28846c82b8c0538af034740e6e7d5106,"{""distance"":7,""physical_error_rate"":0.0005}","{""detection_events"":215769,""detectors_checked"":87535616}"
    149504,         0,         0,    32.1,exact_mw,c34bb01325b9980f7caca1807bd93e7e28846c82b8c0538af034740e6e7d5106,"{""distance"":7,""physical_error_rate"":0.0005}","{""detection_events"":223348,""detectors_checked"":90001408}"
    138240,         0,         0,    32.2,exact_mw,c34bb01325b9980f7caca1807bd93e7e28846c82b8c0538af034740e6e7d5106,"{""distance"":7,""physical_error_rate"":0.0005}","{""detection_events"":204286,""detectors_checked"":83220480}"
     96768,         1,         0,   120.0,exact_mw,7acd59d404317421b37957afea3f5c66f33c9ef46579a47fd7c0ca3dd0dfc735,"{""distance"":7,""physical_error_rate"":0.001}","{""detection_events"":284693,""detectors_checked"":58254336,""obs_mistake_mask=E"":1}"
    150528,         0,         0,    32.1,exact_mw,c34bb01325b9980f7caca1807bd93e7e28846c82b8c0538af034740e6e7d5106,"{""distance"":7,""physical_error_rate"":0.0005}","{""detection_events"":222802,""detectors_checked"":90617856}"
    159744,         0,         0,    32.1,exact_mw,c34bb01325b9980f7caca1807bd93e7e28846c82b8c0538af034740e6e7d5106,"{""distance"":7,""physical_error_rate"":0.0005}","{""detection_events"":237039,""detectors_checked"":96165888}"
    107520,         3,         0,   120.0,exact_mw,7acd59d404317421b37957afea3f5c66f33c9ef46579a47fd7c0ca3dd0dfc735,"{""distance"":7,""physical_error_rate"":0.001}","{""detection_events"":317422,""detectors_checked"":64727040,""obs_mistake_mask=E"":3}"
     24576,         1,         0,    32.7,exact_mw,7acd59d404317421b37957afea3f5c66f33c9ef46579a47fd7c0ca3dd0dfc735,"{""distance"":7,""physical_error_rate"":0.001}","{""detection_events"":72976,""detectors_checked"":14794752,""obs_mistake_mask=E"":1}"
     25600,         1,         0,    32.4,exact_mw,7acd59d404317421b37957afea3f5c66f33c9ef46579a47fd7c0ca3dd0dfc735,"{""distance"":7,""physical_error_rate"":0.001}","{""detection_events"":75509,""detectors_checked"":15411200,""obs_mistake_mask=E"":1}"
     25088,         0,         0,    32.7,exact_mw,7acd59d404317421b37957afea3f5c66f33c9ef46579a47fd7c0ca3dd0dfc735,"{""distance"":7,""physical_error_rate"":0.001}","{""detection_events"":74340,""detectors_checked"":15102976}"
     28672,         0,         0,    32.5,exact_mw,7acd59d404317421b37957afea3f5c66f33c9ef46579a47fd7c0ca3dd0dfc735,"{""distance"":7,""physical_error_rate"":0.001}","{""detection_events"":83891,""detectors_checked"":17260544}"
    142336,         0,         0,    32.3,exact_mw,c34bb01325b9980f7caca1807bd93e7e28846c82b8c0538af034740e6e7d5106,"{""distance"":7,""physical_error_rate"":0.0005}","{""detection_events"":211520,""detectors_checked"":85686272}"
    139264,         0,         0,    32.2,exact_mw,c34bb01325b9980f7caca1807bd93e7e28846c82b8c0538af034740e6e7d5106,"{""distance"":7,""physical_error_rate"":0.0005}","{""detection_events"":206470,""detectors_checked"":83836928}"
     26112,         1,         0,    32.3,exact_mw,7acd59d404317421b37957afea3f5c66f33c9ef46579a47fd7c0ca3dd0dfc735,"{""distance"":7,""physical_error_rate"":0.001}","{""detection_events"":76123,""detectors_checked"":15719424,""obs_mistake_mask=E"":1}"
    100352,         2,         0,   120.0,exact_mw,7acd59d404317421b37957afea3f5c66f33c9ef46579a47fd7c0ca3dd0dfc735,"{""distance"":7,""physical_error_rate"":0.001}","{""detection_events"":294660,""detectors_checked"":60411904,""obs_mistake_mask=E"":2}"
     32512,         0,         0,    32.4,exact_mw,7acd59d404317421b37957afea3f5c66f33c9ef46579a47fd7c0ca3dd0dfc735,"{""distance"":7,""physical_error_rate"":0.001}","{""detection_events"":95526,""detectors_checked"":19572224}"
     25088,         0,         0,    32.5,exact_mw,7acd59d404317421b37957afea3f5c66f33c9ef46579a47fd7c0ca3dd0dfc735,"{""distance"":7,""physical_error_rate"":0.001}","{""detection_events"":74313,""detectors_checked"":15102976}"
     24064,         0,         0,    32.1,exact_mw,7acd59d404317421b37957afea3f5c66f33c9ef46579a47fd7c0ca3dd0dfc735,"{""distance"":7,""physical_error_rate"":0.001}","{""detection_events"":71476,""detectors_checked"":14486528}"
    181248,         0,         0,    32.3,exact_mw,c34bb01325b9980f7caca1807bd93e7e28846c82b8c0538af034740e6e7d5106,"{""distance"":7,""physical_error_rate"":0.0005}","{""detection_events"":268118,""detectors_checked"":109111296}"
     29696,         1,         0,    32.2,exact_mw,7acd59d404317421b37957afea3f5c66f33c9ef46579a47fd7c0ca3dd0dfc735,"{""distance"":7,""physical_error_rate"":0.001}","{""detection_events"":86393,""detectors_checked"":17876992,""obs_mistake_mask=E"":1}"
     24576,         1,         0,    32.2,exact_mw,7acd59d404317421b37957afea3f5c66f33c9ef46579a47fd7c0ca3dd0dfc735,"{""distance"":7,""physical_error_rate"":0.001}","{""detection_events"":71573,""detectors_checked"":14794752,""obs_mistake_mask=E"":1}"
    552960,         1,         0,   120.0,exact_mw,c34bb01325b9980f7caca1807bd93e7e28846c82b8c0538af034740e6e7d5106,"{""distance"":7,""physical_error_rate"":0.0005}","{""detection_events"":816622,""detectors_checked"":332881920,""obs_mistake_mask=E"":1}"
    608256,         4,         0,   119.8,exact_mw,c34bb01325b9980f7caca1807bd93e7e28846c82b8c0538af034740e6e7d5106,"{""distance"":7,""physical_error_rate"":0.0005}","{""detection_events"":899862,""detectors_checked"":366170112,""obs_mistake_mask=E"":4}"
    664576,         2,         0,   120.1,exact_mw,c34bb01325b9980f7caca1807bd93e7e28846c82b8c0538af034740e6e7d5106,"{""distance"":7,""physical_error_rate"":0.0005}","{""detection_events"":986192,""detectors_checked"":400074752,""obs_mistake_mask=E"":2}"
    583680,         1,         0,   119.9,exact_mw,c34bb01325b9980f7caca1807bd93e7e28846c82b8c0538af034740e6e7d5106,"{""distance"":7,""physical_error_rate"":0.0005}","{""detection_events"":862318,""detectors_checked"":351375360,""obs_mistake_mask=E"":1}"
     79712,         4,         0,   120.3,exact_mw,7acd59d404317421b37957afea3f5c66f33c9ef46579a47fd7c0ca3dd0dfc735,"{""distance"":7,""physical_error_rate"":0.001}","{""detection_events"":236510,""detectors_checked"":47986624,""obs_mistake_mask=E"":4}"
    610304,         1,         0,   120.0,exact_mw,c34bb01325b9980f7caca1807bd93e7e28846c82b8c0538af034740e6e7d5106,"{""distance"":7,""physical_error_rate"":0.0005}","{""detection_events"":904666,""detectors_checked"":367403008,""obs_mistake_mask=E"":1}"
    121600,         4,         0,   120.1,exact_mw,7acd59d404317421b37957afea3f5c66f33c9ef46579a47fd7c0ca3dd0dfc735,"{""distance"":7,""physical_error_rate"":0.001}","{""detection_events"":358668,""detectors_checked"":73203200,""obs_mistake_mask=E"":4}"
    283648,         1,         0,    45.0,exact_mw,c34bb01325b9980f7caca1807bd93e7e28846c82b8c0538af034740e6e7d5106,"{""distance"":7,""physical_error_rate"":0.0005}","{""detection_events"":419410,""detectors_checked"":170756096,""obs_mistake_mask=E"":1}"
    201728,         0,         0,    45.0,exact_mw,c34bb01325b9980f7caca1807bd93e7e28846c82b8c0538af034740e6e7d5106,"{""distance"":7,""physical_error_rate"":0.0005}","{""detection_events"":301104,""detectors_checked"":121440256}"
    615424,         0,         0,   120.1,exact_mw,c34bb01325b9980f7caca1807bd93e7e28846c82b8c0538af034740e6e7d5106,"{""distance"":7,""physical_error_rate"":0.0005}","{""detection_events"":911547,""detectors_checked"":370485248}"
     51200,         0,         0,    45.4,exact_mw,7acd59d404317421b37957afea3f5c66f33c9ef46579a47fd7c0ca3dd0dfc735,"{""distance"":7,""physical_error_rate"":0.001}","{""detection_events"":150288,""detectors_checked"":30822400}"
    205824,         2,         0,    45.1,exact_mw,c34bb01325b9980f7caca1807bd93e7e28846c82b8c0538af034740e6e7d5106,"{""distance"":7,""physical_error_rate"":0.0005}","{""detection_events"":303408,""detectors_checked"":123906048,""obs_mistake_mask=E"":2}"
    161792,         1,         0,    45.0,exact_mw,c34bb01325b9980f7caca1807bd93e7e28846c82b8c0538af034740e6e7d5106,"{""distance"":7,""physical_error_rate"":0.0005}","{""detection_events"":237964,""detectors_checked"":97398784,""obs_mistake_mask=E"":1}"
    195584,         2,         0,    45.1,exact_mw,c34bb01325b9980f7caca1807bd93e7e28846c82b8c0538af034740e6e7d5106,"{""distance"":7,""physical_error_rate"":0.0005}","{""detection_events"":289337,""detectors_checked"":117741568,""obs_mistake_mask=E"":2}"
    258048,         1,         0,    45.0,exact_mw,c34bb01325b9980f7caca1807bd93e7e28846c82b8c0538af034740e6e7d5106,"{""distance"":7,""physical_error_rate"":0.0005}","{""detection_events"":381047,""detectors_checked"":155344896,""obs_mistake_mask=E"":1}"
    243712,         0,         0,    45.1,exact_mw,c34bb01325b9980f7caca1807bd93e7e28846c82b8c0538af034740e6e7d5106,"{""distance"":7,""physical_error_rate"":0.0005}","{""detection_events"":359577,""detectors_checked"":146714624}"
    283648,         0,         0,    45.1,exact_mw,c34bb01325b9980f7caca1807bd93e7e28846c82b8c0538af034740e6e7d5106,"{""distance"":7,""physical_error_rate"":0.0005}","{""detection_events"":418838,""detectors_checked"":170756096}"
     39424,         1,         0,    45.0,exact_mw,7acd59d404317421b37957afea3f5c66f33c9ef46579a47fd7c0ca3dd0dfc735,"{""distance"":7,""physical_error_rate"":0.001}","{""detection_events"":115740,""detectors_checked"":23733248,""obs_mistake_mask=E"":1}"
     36352,         1,         0,    45.2,exact_mw,7acd59d404317421b37957afea3f5c66f33c9ef46579a47fd7c0ca3dd0dfc735,"{""distance"":7,""physical_error_rate"":0.001}","{""detection_events"":105731,""detectors_checked"":21883904,""obs_mistake_mask=E"":1}"
     34816,         1,         0,    45.0,exact_mw,7acd59d404317421b37957afea3f5c66f33c9ef46579a47fd7c0ca3dd0dfc735,"{""distance"":7,""physical_error_rate"":0.001}","{""detection_events"":102844,""detectors_checked"":20959232,""obs_mistake_mask=E"":1}"
    200704,         0,         0,    45.0,exact_mw,c34bb01325b9980f7caca1807bd93e7e28846c82b8c0538af034740e6e7d5106,"{""distance"":7,""physical_error_rate"":0.0005}","{""detection_events"":296429,""detectors_checked"":120823808}"
     36352,         1,         0,    45.7,exact_mw,7acd59d404317421b37957afea3f5c66f33c9ef46579a47fd7c0ca3dd0dfc735,"{""distance"":7,""physical_error_rate"":0.001}","{""detection_events"":107540,""detectors_checked"":21883904,""obs_mistake_mask=E"":1}"
    199680,         2,         0,    45.0,exact_mw,c34bb01325b9980f7caca1807bd93e7e28846c82b8c0538af034740e6e7d5106,"{""distance"":7,""physical_error_rate"":0.0005}","{""detection_events"":294201,""detectors_checked"":120207360,""obs_mistake_mask=E"":2}"
     46080,         0,         0,    45.1,exact_mw,7acd59d404317421b37957afea3f5c66f33c9ef46579a47fd7c0ca3dd0dfc735,"{""distance"":7,""physical_error_rate"":0.001}","{""detection_events"":136229,""detectors_checked"":27740160}"
     37376,         0,         0,    45.7,exact_mw,7acd59d404317421b37957afea3f5c66f33c9ef46579a47fd7c0ca3dd0dfc735,"{""distance"":7,""physical_error_rate"":0.001}","{""detection_events"":111394,""detectors_checked"":22500352}"
    107008,         5,         0,   120.4,exact_mw,7acd59d404317421b37957afea3f5c66f33c9ef46579a47fd7c0ca3dd0dfc735,"{""distance"":7,""physical_error_rate"":0.001}","{""detection_events"":315349,""detectors_checked"":64418816,""obs_mistake_mask=E"":5}"
     35328,         2,         0,    45.2,exact_mw,7acd59d404317421b37957afea3f5c66f33c9ef46579a47fd7c0ca3dd0dfc735,"{""distance"":7,""physical_error_rate"":0.001}","{""detection_events"":103989,""detectors_checked"":21267456,""obs_mistake_mask=E"":2}"
    112640,         1,         0,   120.0,exact_mw,7acd59d404317421b37957afea3f5c66f33c9ef46579a47fd7c0ca3dd0dfc735,"{""distance"":7,""physical_error_rate"":0.001}","{""detection_events"":331054,""detectors_checked"":67809280,""obs_mistake_mask=E"":1}"
    246784,         1,         0,    45.1,exact_mw,c34bb01325b9980f7caca1807bd93e7e28846c82b8c0538af034740e6e7d5106,"{""distance"":7,""physical_error_rate"":0.0005}","{""detection_events"":363321,""detectors_checked"":148563968,""obs_mistake_mask=E"":1}"
   1056768,         3,         0,   119.9,exact_mw,c34bb01325b9980f7caca1807bd93e7e28846c82b8c0538af034740e6e7d5106,"{""distance"":7,""physical_error_rate"":0.0005}","{""detection_events"":1567637,""detectors_checked"":636174336,""obs_mistake_mask=E"":3}"
    106240,         1,         0,   120.4,exact_mw,7acd59d404317421b37957afea3f5c66f33c9ef46579a47fd7c0ca3dd0dfc735,"{""distance"":7,""physical_error_rate"":0.001}","{""detection_events"":313206,""detectors_checked"":63956480,""obs_mistake_mask=E"":1}"
     35328,         0,         0,    45.7,exact_mw,7acd59d404317421b37957afea3f5c66f33c9ef46579a47fd7c0ca3dd0dfc735,"{""distance"":7,""physical_error_rate"":0.001}","{""detection_events"":103228,""detectors_checked"":21267456}"
    121856,         2,         0,   120.3,exact_mw,7acd59d404317421b37957afea3f5c66f33c9ef46579a47fd7c0ca3dd0dfc735,"{""distance"":7,""physical_error_rate"":0.001}","{""detection_events"":357317,""detectors_checked"":73357312,""obs_mistake_mask=E"":2}"
     44032,         0,         0,    45.3,exact_mw,7acd59d404317421b37957afea3f5c66f33c9ef46579a47fd7c0ca3dd0dfc735,"{""distance"":7,""physical_error_rate"":0.001}","{""detection_events"":130312,""detectors_checked"":26507264}"
     43520,         0,         0,    45.1,exact_mw,7acd59d404317421b37957afea3f5c66f33c9ef46579a47fd7c0ca3dd0dfc735,"{""distance"":7,""physical_error_rate"":0.001}","{""detection_events"":128058,""detectors_checked"":26199040}"
    673792,         3,         0,   120.0,exact_mw,c34bb01325b9980f7caca1807bd93e7e28846c82b8c0538af034740e6e7d5106,"{""distance"":7,""physical_error_rate"":0.0005}","{""detection_events"":993607,""detectors_checked"":405622784,""obs_mistake_mask=E"":3}"
    109312,         3,         0,   120.3,exact_mw,7acd59d404317421b37957afea3f5c66f33c9ef46579a47fd7c0ca3dd0dfc735,"{""distance"":7,""physical_error_rate"":0.001}","{""detection_events"":324151,""detectors_checked"":65805824,""obs_mistake_mask=E"":3}"
    113152,         1,         0,   120.3,exact_mw,7acd59d404317421b37957afea3f5c66f33c9ef46579a47fd7c0ca3dd0dfc735,"{""distance"":7,""physical_error_rate"":0.001}","{""detection_events"":334666,""detectors_checked"":68117504,""obs_mistake_mask=E"":1}"
    158720,         6,         0,   120.3,exact_mw,7acd59d404317421b37957afea3f5c66f33c9ef46579a47fd7c0ca3dd0dfc735,"{""distance"":7,""physical_error_rate"":0.001}","{""detection_events"":470202,""detectors_checked"":95549440,""obs_mistake_mask=E"":6}"
    527360,         1,         0,   120.0,exact_mw,c34bb01325b9980f7caca1807bd93e7e28846c82b8c0538af034740e6e7d5106,"{""distance"":7,""physical_error_rate"":0.0005}","{""detection_events"":777955,""detectors_checked"":317470720,""obs_mistake_mask=E"":1}"
     95744,         0,         0,   120.2,exact_mw,7acd59d404317421b37957afea3f5c66f33c9ef46579a47fd7c0ca3dd0dfc735,"{""distance"":7,""physical_error_rate"":0.001}","{""detection_events"":280435,""detectors_checked"":57637888}"
    552960,         2,         0,   120.0,exact_mw,c34bb01325b9980f7caca1807bd93e7e28846c82b8c0538af034740e6e7d5106,"{""distance"":7,""physical_error_rate"":0.0005}","{""detection_events"":815674,""detectors_checked"":332881920,""obs_mistake_mask=E"":2}"
    832512,         0,         0,   119.9,exact_mw,c34bb01325b9980f7caca1807bd93e7e28846c82b8c0538af034740e6e7d5106,"{""distance"":7,""physical_error_rate"":0.0005}","{""detection_events"":1234650,""detectors_checked"":501172224}"
    535552,         2,         0,   120.0,exact_mw,c34bb01325b9980f7caca1807bd93e7e28846c82b8c0538af034740e6e7d5106,"{""distance"":7,""physical_error_rate"":0.0005}","{""detection_events"":791891,""detectors_checked"":322402304,""obs_mistake_mask=E"":2}"
    548864,         2,         0,   120.2,exact_mw,c34bb01325b9980f7caca1807bd93e7e28846c82b8c0538af034740e6e7d5106,"{""distance"":7,""physical_error_rate"":0.0005}","{""detection_events"":813389,""detectors_checked"":330416128,""obs_mistake_mask=E"":2}"
    540672,         1,         0,   119.9,exact_mw,c34bb01325b9980f7caca1807bd93e7e28846c82b8c0538af034740e6e7d5106,"{""distance"":7,""physical_error_rate"":0.0005}","{""detection_events"":797893,""detectors_checked"":325484544,""obs_mistake_mask=E"":1}"
     97792,         2,         0,   120.3,exact_mw,7acd59d404317421b37957afea3f5c66f33c9ef46579a47fd7c0ca3dd0dfc735,"{""distance"":7,""physical_error_rate"":0.001}","{""detection_events"":286683,""detectors_checked"":58870784,""obs_mistake_mask=E"":2}"
    239616,         9,         0,   120.3,exact_mw,7acd59d404317421b37957afea3f5c66f33c9ef46579a47fd7c0ca3dd0dfc735,"{""distance"":7,""physical_error_rate"":0.001}","{""detection_events"":704305,""detectors_checked"":144248832,""obs_mistake_mask=E"":9}"
    544768,         1,         0,   119.9,exact_mw,c34bb01325b9980f7caca1807bd93e7e28846c82b8c0538af034740e6e7d5106,"{""distance"":7,""physical_error_rate"":0.0005}","{""detection_events"":804152,""detectors_checked"":327950336,""obs_mistake_mask=E"":1}"
    872448,         1,         0,   120.0,exact_mw,c34bb01325b9980f7caca1807bd93e7e28846c82b8c0538af034740e6e7d5106,"{""distance"":7,""physical_error_rate"":0.0005}","{""detection_events"":1293176,""detectors_checked"":525213696,""obs_mistake_mask=E"":1}"
     92672,         2,         0,   120.3,exact_mw,7acd59d404317421b37957afea3f5c66f33c9ef46579a47fd7c0ca3dd0dfc735,"{""distance"":7,""physical_error_rate"":0.001}","{""detection_events"":273545,""detectors_checked"":55788544,""obs_mistake_mask=E"":2}"
    104448,         5,         0,   120.9,exact_mw,7acd59d404317421b37957afea3f5c66f33c9ef46579a47fd7c0ca3dd0dfc735,"{""distance"":7,""physical_error_rate"":0.001}","{""detection_events"":309935,""detectors_checked"":62877696,""obs_mistake_mask=E"":5}"
    565248,         1,         0,    63.0,exact_mw,c34bb01325b9980f7caca1807bd93e7e28846c82b8c0538af034740e6e7d5106,"{""distance"":7,""physical_error_rate"":0.0005}","{""detection_events"":835314,""detectors_checked"":340279296,""obs_mistake_mask=E"":1}"
    730112,         3,         0,   120.0,exact_mw,c34bb01325b9980f7caca1807bd93e7e28846c82b8c0538af034740e6e7d5106,"{""distance"":7,""physical_error_rate"":0.0005}","{""detection_events"":1081353,""detectors_checked"":439527424,""obs_mistake_mask=E"":3}"
    285696,         0,         0,    63.1,exact_mw,c34bb01325b9980f7caca1807bd93e7e28846c82b8c0538af034740e6e7d5106,"{""distance"":7,""physical_error_rate"":0.0005}","{""detection_events"":423749,""detectors_checked"":171988992}"
    278528,         2,         0,    63.0,exact_mw,c34bb01325b9980f7caca1807bd93e7e28846c82b8c0538af034740e6e7d5106,"{""distance"":7,""physical_error_rate"":0.0005}","{""detection_events"":414257,""detectors_checked"":167673856,""obs_mistake_mask=E"":2}"
    104448,         3,         0,   120.2,exact_mw,7acd59d404317421b37957afea3f5c66f33c9ef46579a47fd7c0ca3dd0dfc735,"{""distance"":7,""physical_error_rate"":0.001}","{""detection_events"":308287,""detectors_checked"":62877696,""obs_mistake_mask=E"":3}"
     98304,         4,         0,    63.6,exact_mw,7acd59d404317421b37957afea3f5c66f33c9ef46579a47fd7c0ca3dd0dfc735,"{""distance"":7,""physical_error_rate"":0.001}","{""detection_events"":291870,""detectors_checked"":59179008,""obs_mistake_mask=E"":4}"
    529408,         1,         0,   119.9,exact_mw,c34bb01325b9980f7caca1807bd93e7e28846c82b8c0538af034740e6e7d5106,"{""distance"":7,""physical_error_rate"":0.0005}","{""detection_events"":781992,""detectors_checked"":318703616,""obs_mistake_mask=E"":1}"
    299008,         0,         0,    63.0,exact_mw,c34bb01325b9980f7caca1807bd93e7e28846c82b8c0538af034740e6e7d5106,"{""distance"":7,""physical_error_rate"":0.0005}","{""detection_events"":442908,""detectors_checked"":180002816}"
    167936,         2,         0,    63.0,exact_mw,c34bb01325b9980f7caca1807bd93e7e28846c82b8c0538af034740e6e7d5106,"{""distance"":7,""physical_error_rate"":0.0005}","{""detection_events"":250181,""detectors_checked"":101097472,""obs_mistake_mask=E"":2}"
    544768,         2,         0,   120.0,exact_mw,c34bb01325b9980f7caca1807bd93e7e28846c82b8c0538af034740e6e7d5106,"{""distance"":7,""physical_error_rate"":0.0005}","{""detection_events"":808739,""detectors_checked"":327950336,""obs_mistake_mask=E"":2}"
    256000,         1,         0,    63.1,exact_mw,c34bb01325b9980f7caca1807bd93e7e28846c82b8c0538af034740e6e7d5106,"{""distance"":7,""physical_error_rate"":0.0005}","{""detection_events"":379377,""detectors_checked"":154112000,""obs_mistake_mask=E"":1}"
    546816,         0,         0,   119.9,exact_mw,c34bb01325b9980f7caca1807bd93e7e28846c82b8c0538af034740e6e7d5106,"{""distance"":7,""physical_error_rate"":0.0005}","{""detection_events"":809332,""detectors_checked"":329183232}"
    149504,         2,         0,   120.2,exact_mw,7acd59d404317421b37957afea3f5c66f33c9ef46579a47fd7c0ca3dd0dfc735,"{""distance"":7,""physical_error_rate"":0.001}","{""detection_events"":440093,""detectors_checked"":90001408,""obs_mistake_mask=E"":2}"
    292864,         0,         0,    63.0,exact_mw,c34bb01325b9980f7caca1807bd93e7e28846c82b8c0538af034740e6e7d5106,"{""distance"":7,""physical_error_rate"":0.0005}","{""detection_events"":431375,""detectors_checked"":176304128}"
    369664,         1,         0,    63.1,exact_mw,c34bb01325b9980f7caca1807bd93e7e28846c82b8c0538af034740e6e7d5106,"{""distance"":7,""physical_error_rate"":0.0005}","{""detection_events"":548504,""detectors_checked"":222537728,""obs_mistake_mask=E"":1}"
     51712,         0,         0,    63.0,exact_mw,7acd59d404317421b37957afea3f5c66f33c9ef46579a47fd7c0ca3dd0dfc735,"{""distance"":7,""physical_error_rate"":0.001}","{""detection_events"":152871,""detectors_checked"":31130624}"
     50688,         0,         0,    63.1,exact_mw,7acd59d404317421b37957afea3f5c66f33c9ef46579a47fd7c0ca3dd0dfc735,"{""distance"":7,""physical_error_rate"":0.001}","{""detection_events"":149361,""detectors_checked"":30514176}"
     60928,         1,         0,    63.6,exact_mw,7acd59d404317421b37957afea3f5c66f33c9ef46579a47fd7c0ca3dd0dfc735,"{""distance"":7,""physical_error_rate"":0.001}","{""detection_events"":178527,""detectors_checked"":36678656,""obs_mistake_mask=E"":1}"
    108544,         1,         0,   120.1,exact_mw,7acd59d404317421b37957afea3f5c66f33c9ef46579a47fd7c0ca3dd0dfc735,"{""distance"":7,""physical_error_rate"":0.001}","{""detection_events"":320634,""detectors_checked"":65343488,""obs_mistake_mask=E"":1}"
     49152,         0,         0,    63.1,exact_mw,7acd59d404317421b37957afea3f5c66f33c9ef46579a47fd7c0ca3dd0dfc735,"{""distance"":7,""physical_error_rate"":0.001}","{""detection_events"":144206,""detectors_checked"":29589504}"
    323584,         0,         0,    63.1,exact_mw,c34bb01325b9980f7caca1807bd93e7e28846c82b8c0538af034740e6e7d5106,"{""distance"":7,""physical_error_rate"":0.0005}","{""detection_events"":479573,""detectors_checked"":194797568}"
    328704,         0,         0,    63.2,exact_mw,c34bb01325b9980f7caca1807bd93e7e28846c82b8c0538af034740e6e7d5106,"{""distance"":7,""physical_error_rate"":0.0005}","{""detection_events"":483593,""detectors_checked"":197879808}"
     58880,         1,         0,    63.3,exact_mw,7acd59d404317421b37957afea3f5c66f33c9ef46579a47fd7c0ca3dd0dfc735,"{""distance"":7,""physical_error_rate"":0.001}","{""detection_events"":174116,""detectors_checked"":35445760,""obs_mistake_mask=E"":1}"
    343040,         1,         0,   120.0,exact_mw,c34bb01325b9980f7caca1807bd93e7e28846c82b8c0538af034740e6e7d5106,"{""distance"":7,""physical_error_rate"":0.0005}","{""detection_events"":507655,""detectors_checked"":206510080,""obs_mistake_mask=E"":1}"
     47616,         0,         0,    63.4,exact_mw,7acd59d404317421b37957afea3f5c66f33c9ef46579a47fd7c0ca3dd0dfc735,"{""distance"":7,""physical_error_rate"":0.001}","{""detection_events"":140764,""detectors_checked"":28664832}"
     50688,         0,         0,    63.2,exact_mw,7acd59d404317421b37957afea3f5c66f33c9ef46579a47fd7c0ca3dd0dfc735,"{""distance"":7,""physical_error_rate"":0.001}","{""detection_events"":149754,""detectors_checked"":30514176}"
    286720,         0,         0,    63.2,exact_mw,c34bb01325b9980f7caca1807bd93e7e28846c82b8c0538af034740e6e7d5106,"{""distance"":7,""physical_error_rate"":0.0005}","{""detection_events"":427214,""detectors_checked"":172605440}"
     97792,         1,         0,   120.6,exact_mw,7acd59d404317421b37957afea3f5c66f33c9ef46579a47fd7c0ca3dd0dfc735,"{""distance"":7,""physical_error_rate"":0.001}","{""detection_events"":287671,""detectors_checked"":58870784,""obs_mistake_mask=E"":1}"
     47616,         0,         0,    63.4,exact_mw,7acd59d404317421b37957afea3f5c66f33c9ef46579a47fd7c0ca3dd0dfc735,"{""distance"":7,""physical_error_rate"":0.001}","{""detection_events"":140596,""detectors_checked"":28664832}"
     98048,         0,         0,   120.2,exact_mw,7acd59d404317421b37957afea3f5c66f33c9ef46579a47fd7c0ca3dd0dfc735,"{""distance"":7,""physical_error_rate"":0.001}","{""detection_events"":287894,""detectors_checked"":59024896}"
     96768,         1,         0,   120.3,exact_mw,7acd59d404317421b37957afea3f5c66f33c9ef46579a47fd7c0ca3dd0dfc735,"{""distance"":7,""physical_error_rate"":0.001}","{""detection_events"":285566,""detectors_checked"":58254336,""obs_mistake_mask=E"":1}"
     41600,         0,         0,    63.0,exact_mw,7acd59d404317421b37957afea3f5c66f33c9ef46579a47fd7c0ca3dd0dfc735,"{""distance"":7,""physical_error_rate"":0.001}","{""detection_events"":122713,""detectors_checked"":25043200}"
     53248,         1,         0,    63.6,exact_mw,7acd59d404317421b37957afea3f5c66f33c9ef46579a47fd7c0ca3dd0dfc735,"{""distance"":7,""physical_error_rate"":0.001}","{""detection_events"":156736,""detectors_checked"":32055296,""obs_mistake_mask=E"":1}"
    100864,         2,         0,   120.1,exact_mw,7acd59d404317421b37957afea3f5c66f33c9ef46579a47fd7c0ca3dd0dfc735,"{""distance"":7,""physical_error_rate"":0.001}","{""detection_events"":299034,""detectors_checked"":60720128,""obs_mistake_mask=E"":2}"
    515072,         1,         0,   119.9,exact_mw,c34bb01325b9980f7caca1807bd93e7e28846c82b8c0538af034740e6e7d5106,"{""distance"":7,""physical_error_rate"":0.0005}","{""detection_events"":760995,""detectors_checked"":310073344,""obs_mistake_mask=E"":1}"
    628736,         3,         0,   119.9,exact_mw,c34bb01325b9980f7caca1807bd93e7e28846c82b8c0538af034740e6e7d5106,"{""distance"":7,""physical_error_rate"":0.0005}","{""detection_events"":930018,""detectors_checked"":378499072,""obs_mistake_mask=E"":3}"
    726016,         2,         0,   119.9,exact_mw,c34bb01325b9980f7caca1807bd93e7e28846c82b8c0538af034740e6e7d5106,"{""distance"":7,""physical_error_rate"":0.0005}","{""detection_events"":1071209,""detectors_checked"":437061632,""obs_mistake_mask=E"":2}"
    612352,         3,         0,   120.0,exact_mw,c34bb01325b9980f7caca1807bd93e7e28846c82b8c0538af034740e6e7d5106,"{""distance"":7,""physical_error_rate"":0.0005}","{""detection_events"":905480,""detectors_checked"":368635904,""obs_mistake_mask=E"":3}"
     87680,         2,         0,   120.4,exact_mw,7acd59d404317421b37957afea3f5c66f33c9ef46579a47fd7c0ca3dd0dfc735,"{""distance"":7,""physical_error_rate"":0.001}","{""detection_events"":260553,""detectors_checked"":52783360,""obs_mistake_mask=E"":2}"
    460800,         1,         0,   119.8,exact_mw,c34bb01325b9980f7caca1807bd93e7e28846c82b8c0538af034740e6e7d5106,"{""distance"":7,""physical_error_rate"":0.0005}","{""detection_events"":682533,""detectors_checked"":277401600,""obs_mistake_mask=E"":1}"
     92288,         1,         0,   120.1,exact_mw,7acd59d404317421b37957afea3f5c66f33c9ef46579a47fd7c0ca3dd0dfc735,"{""distance"":7,""physical_error_rate"":0.001}","{""detection_events"":272760,""detectors_checked"":55557376,""obs_mistake_mask=E"":1}"
    722944,         4,         0,   119.9,exact_mw,c34bb01325b9980f7caca1807bd93e7e28846c82b8c0538af034740e6e7d5106,"{""distance"":7,""physical_error_rate"":0.0005}","{""detection_events"":1070832,""detectors_checked"":435212288,""obs_mistake_mask=E"":4}"
     96000,         1,         0,   119.9,exact_mw,7acd59d404317421b37957afea3f5c66f33c9ef46579a47fd7c0ca3dd0dfc735,"{""distance"":7,""physical_error_rate"":0.001}","{""detection_events"":281955,""detectors_checked"":57792000,""obs_mistake_mask=E"":1}"
     97024,         0,         0,   120.6,exact_mw,7acd59d404317421b37957afea3f5c66f33c9ef46579a47fd7c0ca3dd0dfc735,"{""distance"":7,""physical_error_rate"":0.001}","{""detection_events"":283932,""detectors_checked"":58408448}"
   1140736,         2,         0,   119.9,exact_mw,c34bb01325b9980f7caca1807bd93e7e28846c82b8c0538af034740e6e7d5106,"{""distance"":7,""physical_error_rate"":0.0005}","{""detection_events"":1687307,""detectors_checked"":686723072,""obs_mistake_mask=E"":2}"
     99584,         2,         0,   120.2,exact_mw,7acd59d404317421b37957afea3f5c66f33c9ef46579a47fd7c0ca3dd0dfc735,"{""distance"":7,""physical_error_rate"":0.001}","{""detection_events"":292976,""detectors_checked"":59949568,""obs_mistake_mask=E"":2}"
    131584,         1,         0,   120.9,exact_mw,7acd59d404317421b37957afea3f5c66f33c9ef46579a47fd7c0ca3dd0dfc735,"{""distance"":7,""physical_error_rate"":0.001}","{""detection_events"":387199,""detectors_checked"":79213568,""obs_mistake_mask=E"":1}"
    729088,         0,         0,   119.9,exact_mw,c34bb01325b9980f7caca1807bd93e7e28846c82b8c0538af034740e6e7d5106,"{""distance"":7,""physical_error_rate"":0.0005}","{""detection_events"":1073473,""detectors_checked"":438910976}"
    109568,         1,         0,   120.0,exact_mw,7acd59d404317421b37957afea3f5c66f33c9ef46579a47fd7c0ca3dd0dfc735,"{""distance"":7,""physical_error_rate"":0.001}","{""detection_events"":320802,""detectors_checked"":65959936,""obs_mistake_mask=E"":1}"
    700416,         3,         0,    88.1,exact_mw,c34bb01325b9980f7caca1807bd93e7e28846c82b8c0538af034740e6e7d5106,"{""distance"":7,""physical_error_rate"":0.0005}","{""detection_events"":1034737,""detectors_checked"":421650432,""obs_mistake_mask=E"":3}"
    363520,         0,         0,    88.3,exact_mw,c34bb01325b9980f7caca1807bd93e7e28846c82b8c0538af034740e6e7d5106,"{""distance"":7,""physical_error_rate"":0.0005}","{""detection_events"":538330,""detectors_checked"":218839040}"
    117760,         5,         0,   120.4,exact_mw,7acd59d404317421b37957afea3f5c66f33c9ef46579a47fd7c0ca3dd0dfc735,"{""distance"":7,""physical_error_rate"":0.001}","{""detection_events"":347844,""detectors_checked"":70891520,""obs_mistake_mask=E"":5}"
    162816,         4,         0,   120.6,exact_mw,7acd59d404317421b37957afea3f5c66f33c9ef46579a47fd7c0ca3dd0dfc735,"{""distance"":7,""physical_error_rate"":0.001}","{""detection_events"":481380,""detectors_checked"":98015232,""obs_mistake_mask=E"":4}"
    407552,         1,         0,    88.1,exact_mw,c34bb01325b9980f7caca1807bd93e7e28846c82b8c0538af034740e6e7d5106,"{""distance"":7,""physical_error_rate"":0.0005}","{""detection_events"":602538,""detectors_checked"":245346304,""obs_mistake_mask=E"":1}"
    126976,         5,         0,    88.4,exact_mw,7acd59d404317421b37957afea3f5c66f33c9ef46579a47fd7c0ca3dd0dfc735,"{""distance"":7,""physical_error_rate"":0.001}","{""detection_events"":373670,""detectors_checked"":76439552,""obs_mistake_mask=E"":5}"
    535552,         1,         0,    88.1,exact_mw,c34bb01325b9980f7caca1807bd93e7e28846c82b8c0538af034740e6e7d5106,"{""distance"":7,""physical_error_rate"":0.0005}","{""detection_events"":792090,""detectors_checked"":322402304,""obs_mistake_mask=E"":1}"
    504832,         1,         0,    88.2,exact_mw,c34bb01325b9980f7caca1807bd93e7e28846c82b8c0538af034740e6e7d5106,"{""distance"":7,""physical_error_rate"":0.0005}","{""detection_events"":744376,""detectors_checked"":303908864,""obs_mistake_mask=E"":1}"
    451584,         1,         0,    88.4,exact_mw,c34bb01325b9980f7caca1807bd93e7e28846c82b8c0538af034740e6e7d5106,"{""distance"":7,""physical_error_rate"":0.0005}","{""detection_events"":667029,""detectors_checked"":271853568,""obs_mistake_mask=E"":1}"
    408576,         0,         0,    88.1,exact_mw,c34bb01325b9980f7caca1807bd93e7e28846c82b8c0538af034740e6e7d5106,"{""distance"":7,""physical_error_rate"":0.0005}","{""detection_events"":601673,""detectors_checked"":245962752}"
    488448,         2,         0,    88.3,exact_mw,c34bb01325b9980f7caca1807bd93e7e28846c82b8c0538af034740e6e7d5106,"{""distance"":7,""physical_error_rate"":0.0005}","{""detection_events"":723507,""detectors_checked"":294045696,""obs_mistake_mask=E"":2}"
     74752,         3,         0,    88.8,exact_mw,7acd59d404317421b37957afea3f5c66f33c9ef46579a47fd7c0ca3dd0dfc735,"{""distance"":7,""physical_error_rate"":0.001}","{""detection_events"":220332,""detectors_checked"":45000704,""obs_mistake_mask=E"":3}"
     62720,         2,         0,    88.1,exact_mw,7acd59d404317421b37957afea3f5c66f33c9ef46579a47fd7c0ca3dd0dfc735,"{""distance"":7,""physical_error_rate"":0.001}","{""detection_events"":184415,""detectors_checked"":37757440,""obs_mistake_mask=E"":2}"
     91648,         1,         0,    88.3,exact_mw,7acd59d404317421b37957afea3f5c66f33c9ef46579a47fd7c0ca3dd0dfc735,"{""distance"":7,""physical_error_rate"":0.001}","{""detection_events"":269898,""detectors_checked"":55172096,""obs_mistake_mask=E"":1}"
    553984,         1,         0,   120.1,exact_mw,c34bb01325b9980f7caca1807bd93e7e28846c82b8c0538af034740e6e7d5106,"{""distance"":7,""physical_error_rate"":0.0005}","{""detection_events"":818237,""detectors_checked"":333498368,""obs_mistake_mask=E"":1}"
    442368,         1,         0,    88.3,exact_mw,c34bb01325b9980f7caca1807bd93e7e28846c82b8c0538af034740e6e7d5106,"{""distance"":7,""physical_error_rate"":0.0005}","{""detection_events"":654167,""detectors_checked"":266305536,""obs_mistake_mask=E"":1}"
    480256,         2,         0,    88.2,exact_mw,c34bb01325b9980f7caca1807bd93e7e28846c82b8c0538af034740e6e7d5106,"{""distance"":7,""physical_error_rate"":0.0005}","{""detection_events"":711710,""detectors_checked"":289114112,""obs_mistake_mask=E"":2}"
     71680,         4,         0,    88.7,exact_mw,7acd59d404317421b37957afea3f5c66f33c9ef46579a47fd7c0ca3dd0dfc735,"{""distance"":7,""physical_error_rate"":0.001}","{""detection_events"":212891,""detectors_checked"":43151360,""obs_mistake_mask=E"":4}"
     86528,         5,         0,    88.6,exact_mw,7acd59d404317421b37957afea3f5c66f33c9ef46579a47fd7c0ca3dd0dfc735,"{""distance"":7,""physical_error_rate"":0.001}","{""detection_events"":254832,""detectors_checked"":52089856,""obs_mistake_mask=E"":5}"
    113408,         0,         0,   120.0,exact_mw,7acd59d404317421b37957afea3f5c66f33c9ef46579a47fd7c0ca3dd0dfc735,"{""distance"":7,""physical_error_rate"":0.001}","{""detection_events"":332672,""detectors_checked"":68271616}"
     89600,         3,         0,    88.4,exact_mw,7acd59d404317421b37957afea3f5c66f33c9ef46579a47fd7c0ca3dd0dfc735,"{""distance"":7,""physical_error_rate"":0.001}","{""detection_events"":265110,""detectors_checked"":53939200,""obs_mistake_mask=E"":3}"
     75264,         1,         0,    88.2,exact_mw,7acd59d404317421b37957afea3f5c66f33c9ef46579a47fd7c0ca3dd0dfc735,"{""distance"":7,""physical_error_rate"":0.001}","{""detection_events"":220160,""detectors_checked"":45308928,""obs_mistake_mask=E"":1}"
    384000,         1,         0,    88.2,exact_mw,c34bb01325b9980f7caca1807bd93e7e28846c82b8c0538af034740e6e7d5106,"{""distance"":7,""physical_error_rate"":0.0005}","{""detection_events"":565982,""detectors_checked"":231168000,""obs_mistake_mask=E"":1}"
    583680,         2,         0,   120.0,exact_mw,c34bb01325b9980f7caca1807bd93e7e28846c82b8c0538af034740e6e7d5106,"{""distance"":7,""physical_error_rate"":0.0005}","{""detection_events"":867254,""detectors_checked"":351375360,""obs_mistake_mask=E"":2}"
     66944,         1,         0,    88.7,exact_mw,7acd59d404317421b37957afea3f5c66f33c9ef46579a47fd7c0ca3dd0dfc735,"{""distance"":7,""physical_error_rate"":0.001}","{""detection_events"":197812,""detectors_checked"":40300288,""obs_mistake_mask=E"":1}"
     85504,         0,         0,    88.5,exact_mw,7acd59d404317421b37957afea3f5c66f33c9ef46579a47fd7c0ca3dd0dfc735,"{""distance"":7,""physical_error_rate"":0.001}","{""detection_events"":253133,""detectors_checked"":51473408}"
     69632,         1,         0,    88.4,exact_mw,7acd59d404317421b37957afea3f5c66f33c9ef46579a47fd7c0ca3dd0dfc735,"{""distance"":7,""physical_error_rate"":0.001}","{""detection_events"":207522,""detectors_checked"":41918464,""obs_mistake_mask=E"":1}"
    909312,         5,         0,   120.0,exact_mw,c34bb01325b9980f7caca1807bd93e7e28846c82b8c0538af034740e6e7d5106,"{""distance"":7,""physical_error_rate"":0.0005}","{""detection_events"":1345090,""detectors_checked"":547405824,""obs_mistake_mask=E"":5}"
    622592,         0,         0,   120.0,exact_mw,c34bb01325b9980f7caca1807bd93e7e28846c82b8c0538af034740e6e7d5106,"{""distance"":7,""physical_error_rate"":0.0005}","{""detection_events"":923366,""detectors_checked"":374800384}"
    540672,         0,         0,   119.9,exact_mw,c34bb01325b9980f7caca1807bd93e7e28846c82b8c0538af034740e6e7d5106,"{""distance"":7,""physical_error_rate"":0.0005}","{""detection_events"":801288,""detectors_checked"":325484544}"
    587776,         1,         0,   119.9,exact_mw,c34bb01325b9980f7caca1807bd93e7e28846c82b8c0538af034740e6e7d5106,"{""distance"":7,""physical_error_rate"":0.0005}","{""detection_events"":870358,""detectors_checked"":353841152,""obs_mistake_mask=E"":1}"
     90624,         1,         0,   120.1,exact_mw,7acd59d404317421b37957afea3f5c66f33c9ef46579a47fd7c0ca3dd0dfc735,"{""distance"":7,""physical_error_rate"":0.001}","{""detection_events"":267271,""detectors_checked"":54555648,""obs_mistake_mask=E"":1}"
    262144,         7,         0,   120.3,exact_mw,7acd59d404317421b37957afea3f5c66f33c9ef46579a47fd7c0ca3dd0dfc735,"{""distance"":7,""physical_error_rate"":0.001}","{""detection_events"":770713,""detectors_checked"":157810688,""obs_mistake_mask=E"":7}"
    581632,         1,         0,   120.0,exact_mw,c34bb01325b9980f7caca1807bd93e7e28846c82b8c0538af034740e6e7d5106,"{""distance"":7,""physical_error_rate"":0.0005}","{""detection_events"":859047,""detectors_checked"":350142464,""obs_mistake_mask=E"":1}"
    931840,         2,         0,   119.9,exact_mw,c34bb01325b9980f7caca1807bd93e7e28846c82b8c0538af034740e6e7d5106,"{""distance"":7,""physical_error_rate"":0.0005}","{""detection_events"":1376097,""detectors_checked"":560967680,""obs_mistake_mask=E"":2}"
    104960,         0,         0,   120.7,exact_mw,7acd59d404317421b37957afea3f5c66f33c9ef46579a47fd7c0ca3dd0dfc735,"{""distance"":7,""physical_error_rate"":0.001}","{""detection_events"":309350,""detectors_checked"":63185920}"
     98304,         2,         0,   120.0,exact_mw,7acd59d404317421b37957afea3f5c66f33c9ef46579a47fd7c0ca3dd0dfc735,"{""distance"":7,""physical_error_rate"":0.001}","{""detection_events"":289404,""detectors_checked"":59179008,""obs_mistake_mask=E"":2}"
    570368,         0,         0,   119.9,exact_mw,c34bb01325b9980f7caca1807bd93e7e28846c82b8c0538af034740e6e7d5106,"{""distance"":7,""physical_error_rate"":0.0005}","{""detection_events"":844011,""detectors_checked"":343361536}"
     97792,         1,         0,   120.1,exact_mw,7acd59d404317421b37957afea3f5c66f33c9ef46579a47fd7c0ca3dd0dfc735,"{""distance"":7,""physical_error_rate"":0.001}","{""detection_events"":287841,""detectors_checked"":58870784,""obs_mistake_mask=E"":1}"
    541696,         0,         0,   120.0,exact_mw,c34bb01325b9980f7caca1807bd93e7e28846c82b8c0538af034740e6e7d5106,"{""distance"":7,""physical_error_rate"":0.0005}","{""detection_events"":800719,""detectors_checked"":326100992}"
    617472,         0,         0,   120.0,exact_mw,c34bb01325b9980f7caca1807bd93e7e28846c82b8c0538af034740e6e7d5106,"{""distance"":7,""physical_error_rate"":0.0005}","{""detection_events"":915677,""detectors_checked"":371718144}"
    572416,         3,         0,   120.1,exact_mw,c34bb01325b9980f7caca1807bd93e7e28846c82b8c0538af034740e6e7d5106,"{""distance"":7,""physical_error_rate"":0.0005}","{""detection_events"":848092,""detectors_checked"":344594432,""obs_mistake_mask=E"":3}"
    151552,         2,         0,   120.2,exact_mw,7acd59d404317421b37957afea3f5c66f33c9ef46579a47fd7c0ca3dd0dfc735,"{""distance"":7,""physical_error_rate"":0.001}","{""detection_events"":448574,""detectors_checked"":91234304,""obs_mistake_mask=E"":2}"
    102912,         3,         0,   120.4,exact_mw,7acd59d404317421b37957afea3f5c66f33c9ef46579a47fd7c0ca3dd0dfc735,"{""distance"":7,""physical_error_rate"":0.001}","{""detection_events"":303727,""detectors_checked"":61953024,""obs_mistake_mask=E"":3}"
    310272,         1,         0,   119.9,exact_mw,c34bb01325b9980f7caca1807bd93e7e28846c82b8c0538af034740e6e7d5106,"{""distance"":7,""physical_error_rate"":0.0005}","{""detection_events"":458652,""detectors_checked"":186783744,""obs_mistake_mask=E"":1}"
    100864,         0,         0,   120.0,exact_mw,7acd59d404317421b37957afea3f5c66f33c9ef46579a47fd7c0ca3dd0dfc735,"{""distance"":7,""physical_error_rate"":0.001}","{""detection_events"":297917,""detectors_checked"":60720128}"
    102912,         0,         0,   120.4,exact_mw,7acd59d404317421b37957afea3f5c66f33c9ef46579a47fd7c0ca3dd0dfc735,"{""distance"":7,""physical_error_rate"":0.001}","{""detection_events"":304225,""detectors_checked"":61953024}"
     98048,         2,         0,   120.1,exact_mw,7acd59d404317421b37957afea3f5c66f33c9ef46579a47fd7c0ca3dd0dfc735,"{""distance"":7,""physical_error_rate"":0.001}","{""detection_events"":288792,""detectors_checked"":59024896,""obs_mistake_mask=E"":2}"
     98048,         3,         0,   120.4,exact_mw,7acd59d404317421b37957afea3f5c66f33c9ef46579a47fd7c0ca3dd0dfc735,"{""distance"":7,""physical_error_rate"":0.001}","{""detection_events"":289159,""detectors_checked"":59024896,""obs_mistake_mask=E"":3}"
    612352,         0,         0,   120.0,exact_mw,c34bb01325b9980f7caca1807bd93e7e28846c82b8c0538af034740e6e7d5106,"{""distance"":7,""physical_error_rate"":0.0005}","{""detection_events"":903503,""detectors_checked"":368635904}"
    672768,         1,         0,   120.4,exact_mw,c34bb01325b9980f7caca1807bd93e7e28846c82b8c0538af034740e6e7d5106,"{""distance"":7,""physical_error_rate"":0.0005}","{""detection_events"":997430,""detectors_checked"":405006336,""obs_mistake_mask=E"":1}"
    621568,         2,         0,   120.1,exact_mw,c34bb01325b9980f7caca1807bd93e7e28846c82b8c0538af034740e6e7d5106,"{""distance"":7,""physical_error_rate"":0.0005}","{""detection_events"":919100,""detectors_checked"":374183936,""obs_mistake_mask=E"":2}"
    557056,         0,         0,   120.5,exact_mw,c34bb01325b9980f7caca1807bd93e7e28846c82b8c0538af034740e6e7d5106,"{""distance"":7,""physical_error_rate"":0.0005}","{""detection_events"":822662,""detectors_checked"":335347712}"
     95744,         2,         0,   120.3,exact_mw,7acd59d404317421b37957afea3f5c66f33c9ef46579a47fd7c0ca3dd0dfc735,"{""distance"":7,""physical_error_rate"":0.001}","{""detection_events"":281853,""detectors_checked"":57637888,""obs_mistake_mask=E"":2}"
    490496,         0,         0,   119.9,exact_mw,c34bb01325b9980f7caca1807bd93e7e28846c82b8c0538af034740e6e7d5106,"{""distance"":7,""physical_error_rate"":0.0005}","{""detection_events"":725938,""detectors_checked"":295278592}"
     95104,         2,         0,   120.5,exact_mw,7acd59d404317421b37957afea3f5c66f33c9ef46579a47fd7c0ca3dd0dfc735,"{""distance"":7,""physical_error_rate"":0.001}","{""detection_events"":283638,""detectors_checked"":57252608,""obs_mistake_mask=E"":2}"
    737280,         0,         0,   120.0,exact_mw,c34bb01325b9980f7caca1807bd93e7e28846c82b8c0538af034740e6e7d5106,"{""distance"":7,""physical_error_rate"":0.0005}","{""detection_events"":1093177,""detectors_checked"":443842560}"
    100608,         4,         0,   120.5,exact_mw,7acd59d404317421b37957afea3f5c66f33c9ef46579a47fd7c0ca3dd0dfc735,"{""distance"":7,""physical_error_rate"":0.001}","{""detection_events"":296291,""detectors_checked"":60566016,""obs_mistake_mask=E"":4}"
     84480,         2,         0,   120.4,exact_mw,7acd59d404317421b37957afea3f5c66f33c9ef46579a47fd7c0ca3dd0dfc735,"{""distance"":7,""physical_error_rate"":0.001}","{""detection_events"":249404,""detectors_checked"":50856960,""obs_mistake_mask=E"":2}"
   1501184,         4,         0,   120.0,exact_mw,c34bb01325b9980f7caca1807bd93e7e28846c82b8c0538af034740e6e7d5106,"{""distance"":7,""physical_error_rate"":0.0005}","{""detection_events"":2222269,""detectors_checked"":903712768,""obs_mistake_mask=E"":4}"
     97536,         1,         0,   120.0,exact_mw,7acd59d404317421b37957afea3f5c66f33c9ef46579a47fd7c0ca3dd0dfc735,"{""distance"":7,""physical_error_rate"":0.001}","{""detection_events"":286264,""detectors_checked"":58716672,""obs_mistake_mask=E"":1}"
    108544,         3,         0,   120.0,exact_mw,7acd59d404317421b37957afea3f5c66f33c9ef46579a47fd7c0ca3dd0dfc735,"{""distance"":7,""physical_error_rate"":0.001}","{""detection_events"":320383,""detectors_checked"":65343488,""obs_mistake_mask=E"":3}"
    691200,         2,         0,   119.9,exact_mw,c34bb01325b9980f7caca1807bd93e7e28846c82b8c0538af034740e6e7d5106,"{""distance"":7,""physical_error_rate"":0.0005}","{""detection_events"":1020267,""detectors_checked"":416102400,""obs_mistake_mask=E"":2}"
    123392,         3,         0,   120.0,exact_mw,7acd59d404317421b37957afea3f5c66f33c9ef46579a47fd7c0ca3dd0dfc735,"{""distance"":7,""physical_error_rate"":0.001}","{""detection_events"":362518,""detectors_checked"":74281984,""obs_mistake_mask=E"":3}"
   1091584,         3,         0,   120.0,exact_mw,c34bb01325b9980f7caca1807bd93e7e28846c82b8c0538af034740e6e7d5106,"{""distance"":7,""physical_error_rate"":0.0005}","{""detection_events"":1613750,""detectors_checked"":657133568,""obs_mistake_mask=E"":3}"
    495616,         1,         0,   120.0,exact_mw,c34bb01325b9980f7caca1807bd93e7e28846c82b8c0538af034740e6e7d5106,"{""distance"":7,""physical_error_rate"":0.0005}","{""detection_events"":734420,""detectors_checked"":298360832,""obs_mistake_mask=E"":1}"
    122880,         1,         0,   120.0,exact_mw,7acd59d404317421b37957afea3f5c66f33c9ef46579a47fd7c0ca3dd0dfc735,"{""distance"":7,""physical_error_rate"":0.001}","{""detection_events"":362545,""detectors_checked"":73973760,""obs_mistake_mask=E"":1}"
    177664,         6,         0,   120.1,exact_mw,7acd59d404317421b37957afea3f5c66f33c9ef46579a47fd7c0ca3dd0dfc735,"{""distance"":7,""physical_error_rate"":0.001}","{""detection_events"":522901,""detectors_checked"":106953728,""obs_mistake_mask=E"":6}"
    585728,         0,         0,   120.1,exact_mw,c34bb01325b9980f7caca1807bd93e7e28846c82b8c0538af034740e6e7d5106,"{""distance"":7,""physical_error_rate"":0.0005}","{""detection_events"":864779,""detectors_checked"":352608256}"
    575488,         0,         0,   119.9,exact_mw,c34bb01325b9980f7caca1807bd93e7e28846c82b8c0538af034740e6e7d5106,"{""distance"":7,""physical_error_rate"":0.0005}","{""detection_events"":852180,""detectors_checked"":346443776}"
    647168,         1,         0,   120.1,exact_mw,c34bb01325b9980f7caca1807bd93e7e28846c82b8c0538af034740e6e7d5106,"{""distance"":7,""physical_error_rate"":0.0005}","{""detection_events"":955987,""detectors_checked"":389595136,""obs_mistake_mask=E"":1}"
    186880,         1,         0,   120.9,exact_mw,7acd59d404317421b37957afea3f5c66f33c9ef46579a47fd7c0ca3dd0dfc735,"{""distance"":7,""physical_error_rate"":0.001}","{""detection_events"":549083,""detectors_checked"":112501760,""obs_mistake_mask=E"":1}"
    468992,         0,         0,   120.1,exact_mw,c34bb01325b9980f7caca1807bd93e7e28846c82b8c0538af034740e6e7d5106,"{""distance"":7,""physical_error_rate"":0.0005}","{""detection_events"":694238,""detectors_checked"":282333184}"
    596992,         3,         0,   120.0,exact_mw,c34bb01325b9980f7caca1807bd93e7e28846c82b8c0538af034740e6e7d5106,"{""distance"":7,""physical_error_rate"":0.0005}","{""detection_events"":881647,""detectors_checked"":359389184,""obs_mistake_mask=E"":3}"
    613376,         1,         0,   119.8,exact_mw,c34bb01325b9980f7caca1807bd93e7e28846c82b8c0538af034740e6e7d5106,"{""distance"":7,""physical_error_rate"":0.0005}","{""detection_events"":907459,""detectors_checked"":369252352,""obs_mistake_mask=E"":1}"
    109056,         2,         0,   120.1,exact_mw,7acd59d404317421b37957afea3f5c66f33c9ef46579a47fd7c0ca3dd0dfc735,"{""distance"":7,""physical_error_rate"":0.001}","{""detection_events"":320524,""detectors_checked"":65651712,""obs_mistake_mask=E"":2}"
    106624,         4,         0,   120.3,exact_mw,7acd59d404317421b37957afea3f5c66f33c9ef46579a47fd7c0ca3dd0dfc735,"{""distance"":7,""physical_error_rate"":0.001}","{""detection_events"":314252,""detectors_checked"":64187648,""obs_mistake_mask=E"":4}"
    462848,         0,         0,   119.9,exact_mw,c34bb01325b9980f7caca1807bd93e7e28846c82b8c0538af034740e6e7d5106,"{""distance"":7,""physical_error_rate"":0.0005}","{""detection_events"":682436,""detectors_checked"":278634496}"
    115712,         4,         0,   120.2,exact_mw,7acd59d404317421b37957afea3f5c66f33c9ef46579a47fd7c0ca3dd0dfc735,"{""distance"":7,""physical_error_rate"":0.001}","{""detection_events"":341498,""detectors_checked"":69658624,""obs_mistake_mask=E"":4}"
    563200,         2,         0,   119.9,exact_mw,c34bb01325b9980f7caca1807bd93e7e28846c82b8c0538af034740e6e7d5106,"{""distance"":7,""physical_error_rate"":0.0005}","{""detection_events"":831293,""detectors_checked"":339046400,""obs_mistake_mask=E"":2}"
    558080,         4,         0,   120.2,exact_mw,c34bb01325b9980f7caca1807bd93e7e28846c82b8c0538af034740e6e7d5106,"{""distance"":7,""physical_error_rate"":0.0005}","{""detection_events"":827648,""detectors_checked"":335964160,""obs_mistake_mask=E"":4}"
    109056,         4,         0,   120.3,exact_mw,7acd59d404317421b37957afea3f5c66f33c9ef46579a47fd7c0ca3dd0dfc735,"{""distance"":7,""physical_error_rate"":0.001}","{""detection_events"":319812,""detectors_checked"":65651712,""obs_mistake_mask=E"":4}"
    120832,         0,         0,   120.6,exact_mw,7acd59d404317421b37957afea3f5c66f33c9ef46579a47fd7c0ca3dd0dfc735,"{""distance"":7,""physical_error_rate"":0.001}","{""detection_events"":357770,""detectors_checked"":72740864}"
     96640,         1,         0,   120.0,exact_mw,7acd59d404317421b37957afea3f5c66f33c9ef46579a47fd7c0ca3dd0dfc735,"{""distance"":7,""physical_error_rate"":0.001}","{""detection_events"":282681,""detectors_checked"":58177280,""obs_mistake_mask=E"":1}"
     77696,         2,         0,   120.9,exact_mw,7acd59d404317421b37957afea3f5c66f33c9ef46579a47fd7c0ca3dd0dfc735,"{""distance"":7,""physical_error_rate"":0.001}","{""detection_events"":229515,""detectors_checked"":46772992,""obs_mistake_mask=E"":2}"
    114176,         2,         0,   120.0,exact_mw,7acd59d404317421b37957afea3f5c66f33c9ef46579a47fd7c0ca3dd0dfc735,"{""distance"":7,""physical_error_rate"":0.001}","{""detection_events"":338636,""detectors_checked"":68733952,""obs_mistake_mask=E"":2}"
    502272,         3,         0,   120.0,exact_mw,c34bb01325b9980f7caca1807bd93e7e28846c82b8c0538af034740e6e7d5106,"{""distance"":7,""physical_error_rate"":0.0005}","{""detection_events"":743025,""detectors_checked"":302367744,""obs_mistake_mask=E"":3}"
    753664,         0,         0,   120.0,exact_mw,c34bb01325b9980f7caca1807bd93e7e28846c82b8c0538af034740e6e7d5106,"{""distance"":7,""physical_error_rate"":0.0005}","{""detection_events"":1112088,""detectors_checked"":453705728}"
    106368,         0,         0,   120.3,exact_mw,7acd59d404317421b37957afea3f5c66f33c9ef46579a47fd7c0ca3dd0dfc735,"{""distance"":7,""physical_error_rate"":0.001}","{""detection_events"":316227,""detectors_checked"":64033536}"
    105984,         3,         0,   120.6,exact_mw,7acd59d404317421b37957afea3f5c66f33c9ef46579a47fd7c0ca3dd0dfc735,"{""distance"":7,""physical_error_rate"":0.001}","{""detection_events"":312781,""detectors_checked"":63802368,""obs_mistake_mask=E"":3}"
    108032,         0,         0,   120.3,exact_mw,7acd59d404317421b37957afea3f5c66f33c9ef46579a47fd7c0ca3dd0dfc735,"{""distance"":7,""physical_error_rate"":0.001}","{""detection_events"":318251,""detectors_checked"":65035264}"
    971776,         4,         0,   120.0,exact_mw,c34bb01325b9980f7caca1807bd93e7e28846c82b8c0538af034740e6e7d5106,"{""distance"":7,""physical_error_rate"":0.0005}","{""detection_events"":1439999,""detectors_checked"":585009152,""obs_mistake_mask=E"":4}"
    491008,         0,         0,   120.0,exact_mw,c34bb01325b9980f7caca1807bd93e7e28846c82b8c0538af034740e6e7d5106,"{""distance"":7,""physical_error_rate"":0.0005}","{""detection_events"":727107,""detectors_checked"":295586816}"
    655360,         4,         0,   120.0,exact_mw,c34bb01325b9980f7caca1807bd93e7e28846c82b8c0538af034740e6e7d5106,"{""distance"":7,""physical_error_rate"":0.0005}","{""detection_events"":971458,""detectors_checked"":394526720,""obs_mistake_mask=E"":4}"
    536064,         0,         0,   119.9,exact_mw,c34bb01325b9980f7caca1807bd93e7e28846c82b8c0538af034740e6e7d5106,"{""distance"":7,""physical_error_rate"":0.0005}","{""detection_events"":794172,""detectors_checked"":322710528}"
    104960,         1,         0,   120.0,exact_mw,7acd59d404317421b37957afea3f5c66f33c9ef46579a47fd7c0ca3dd0dfc735,"{""distance"":7,""physical_error_rate"":0.001}","{""detection_events"":309411,""detectors_checked"":63185920,""obs_mistake_mask=E"":1}"
    250880,         7,         0,   120.4,exact_mw,7acd59d404317421b37957afea3f5c66f33c9ef46579a47fd7c0ca3dd0dfc735,"{""distance"":7,""physical_error_rate"":0.001}","{""detection_events"":736843,""detectors_checked"":151029760,""obs_mistake_mask=E"":7}"
    611328,         1,         0,   120.2,exact_mw,c34bb01325b9980f7caca1807bd93e7e28846c82b8c0538af034740e6e7d5106,"{""distance"":7,""physical_error_rate"":0.0005}","{""detection_events"":904807,""detectors_checked"":368019456,""obs_mistake_mask=E"":1}"
    982016,         4,         0,   119.9,exact_mw,c34bb01325b9980f7caca1807bd93e7e28846c82b8c0538af034740e6e7d5106,"{""distance"":7,""physical_error_rate"":0.0005}","{""detection_events"":1451054,""detectors_checked"":591173632,""obs_mistake_mask=E"":4}"
     88192,         3,         0,   120.0,exact_mw,7acd59d404317421b37957afea3f5c66f33c9ef46579a47fd7c0ca3dd0dfc735,"{""distance"":7,""physical_error_rate"":0.001}","{""detection_events"":260617,""detectors_checked"":53091584,""obs_mistake_mask=E"":3}"
    115712,         2,         0,   120.8,exact_mw,7acd59d404317421b37957afea3f5c66f33c9ef46579a47fd7c0ca3dd0dfc735,"{""distance"":7,""physical_error_rate"":0.001}","{""detection_events"":340750,""detectors_checked"":69658624,""obs_mistake_mask=E"":2}"
    579584,         1,         0,   120.2,exact_mw,c34bb01325b9980f7caca1807bd93e7e28846c82b8c0538af034740e6e7d5106,"{""distance"":7,""physical_error_rate"":0.0005}","{""detection_events"":859388,""detectors_checked"":348909568,""obs_mistake_mask=E"":1}"
    697344,         0,         0,   119.9,exact_mw,c34bb01325b9980f7caca1807bd93e7e28846c82b8c0538af034740e6e7d5106,"{""distance"":7,""physical_error_rate"":0.0005}","{""detection_events"":1031363,""detectors_checked"":419801088}"
     56064,         3,         0,   120.2,exact_mw,7acd59d404317421b37957afea3f5c66f33c9ef46579a47fd7c0ca3dd0dfc735,"{""distance"":7,""physical_error_rate"":0.001}","{""detection_events"":164220,""detectors_checked"":33750528,""obs_mistake_mask=E"":3}"
    602624,         2,         0,   120.2,exact_mw,c34bb01325b9980f7caca1807bd93e7e28846c82b8c0538af034740e6e7d5106,"{""distance"":7,""physical_error_rate"":0.0005}","{""detection_events"":894533,""detectors_checked"":362779648,""obs_mistake_mask=E"":2}"
    591872,         3,         0,   120.2,exact_mw,c34bb01325b9980f7caca1807bd93e7e28846c82b8c0538af034740e6e7d5106,"{""distance"":7,""physical_error_rate"":0.0005}","{""detection_events"":877668,""detectors_checked"":356306944,""obs_mistake_mask=E"":3}"
    162816,         2,         0,   120.2,exact_mw,7acd59d404317421b37957afea3f5c66f33c9ef46579a47fd7c0ca3dd0dfc735,"{""distance"":7,""physical_error_rate"":0.001}","{""detection_events"":480615,""detectors_checked"":98015232,""obs_mistake_mask=E"":2}"
    110592,         2,         0,   120.4,exact_mw,7acd59d404317421b37957afea3f5c66f33c9ef46579a47fd7c0ca3dd0dfc735,"{""distance"":7,""physical_error_rate"":0.001}","{""detection_events"":326979,""detectors_checked"":66576384,""obs_mistake_mask=E"":2}"
    225280,         0,         0,   120.2,exact_mw,c34bb01325b9980f7caca1807bd93e7e28846c82b8c0538af034740e6e7d5106,"{""distance"":7,""physical_error_rate"":0.0005}","{""detection_events"":332791,""detectors_checked"":135618560}"
    118272,         2,         0,   120.8,exact_mw,7acd59d404317421b37957afea3f5c66f33c9ef46579a47fd7c0ca3dd0dfc735,"{""distance"":7,""physical_error_rate"":0.001}","{""detection_events"":347541,""detectors_checked"":71199744,""obs_mistake_mask=E"":2}"
    110592,         2,         0,   120.0,exact_mw,7acd59d404317421b37957afea3f5c66f33c9ef46579a47fd7c0ca3dd0dfc735,"{""distance"":7,""physical_error_rate"":0.001}","{""detection_events"":327177,""detectors_checked"":66576384,""obs_mistake_mask=E"":2}"
    118784,         1,         0,   121.5,exact_mw,7acd59d404317421b37957afea3f5c66f33c9ef46579a47fd7c0ca3dd0dfc735,"{""distance"":7,""physical_error_rate"":0.001}","{""detection_events"":349708,""detectors_checked"":71507968,""obs_mistake_mask=E"":1}"
    117760,         1,         0,   120.5,exact_mw,7acd59d404317421b37957afea3f5c66f33c9ef46579a47fd7c0ca3dd0dfc735,"{""distance"":7,""physical_error_rate"":0.001}","{""detection_events"":346656,""detectors_checked"":70891520,""obs_mistake_mask=E"":1}"
    513024,         1,         0,   120.2,exact_mw,c34bb01325b9980f7caca1807bd93e7e28846c82b8c0538af034740e6e7d5106,"{""distance"":7,""physical_error_rate"":0.0005}","{""detection_events"":754976,""detectors_checked"":308840448,""obs_mistake_mask=E"":1}"
    512000,         0,         0,   120.0,exact_mw,c34bb01325b9980f7caca1807bd93e7e28846c82b8c0538af034740e6e7d5106,"{""distance"":7,""physical_error_rate"":0.0005}","{""detection_events"":756870,""detectors_checked"":308224000}"
    611328,         2,         0,   119.9,exact_mw,c34bb01325b9980f7caca1807bd93e7e28846c82b8c0538af034740e6e7d5106,"{""distance"":7,""physical_error_rate"":0.0005}","{""detection_events"":907013,""detectors_checked"":368019456,""obs_mistake_mask=E"":2}"
    556032,         1,         0,   119.9,exact_mw,c34bb01325b9980f7caca1807bd93e7e28846c82b8c0538af034740e6e7d5106,"{""distance"":7,""physical_error_rate"":0.0005}","{""detection_events"":821291,""detectors_checked"":334731264,""obs_mistake_mask=E"":1}"
    112384,         3,         0,   120.5,exact_mw,7acd59d404317421b37957afea3f5c66f33c9ef46579a47fd7c0ca3dd0dfc735,"{""distance"":7,""physical_error_rate"":0.001}","{""detection_events"":333138,""detectors_checked"":67655168,""obs_mistake_mask=E"":3}"
    659456,         3,         0,   119.9,exact_mw,c34bb01325b9980f7caca1807bd93e7e28846c82b8c0538af034740e6e7d5106,"{""distance"":7,""physical_error_rate"":0.0005}","{""detection_events"":976567,""detectors_checked"":396992512,""obs_mistake_mask=E"":3}"
    111104,         2,         0,   120.6,exact_mw,7acd59d404317421b37957afea3f5c66f33c9ef46579a47fd7c0ca3dd0dfc735,"{""distance"":7,""physical_error_rate"":0.001}","{""detection_events"":328984,""detectors_checked"":66884608,""obs_mistake_mask=E"":2}"
    684032,         1,         0,   119.9,exact_mw,c34bb01325b9980f7caca1807bd93e7e28846c82b8c0538af034740e6e7d5106,"{""distance"":7,""physical_error_rate"":0.0005}","{""detection_events"":1011954,""detectors_checked"":411787264,""obs_mistake_mask=E"":1}"
     89728,         3,         0,   120.2,exact_mw,7acd59d404317421b37957afea3f5c66f33c9ef46579a47fd7c0ca3dd0dfc735,"{""distance"":7,""physical_error_rate"":0.001}","{""detection_events"":264904,""detectors_checked"":54016256,""obs_mistake_mask=E"":3}"
    104960,         1,         0,   120.1,exact_mw,7acd59d404317421b37957afea3f5c66f33c9ef46579a47fd7c0ca3dd0dfc735,"{""distance"":7,""physical_error_rate"":0.001}","{""detection_events"":311715,""detectors_checked"":63185920,""obs_mistake_mask=E"":1}"
   1283072,         4,         0,   119.9,exact_mw,c34bb01325b9980f7caca1807bd93e7e28846c82b8c0538af034740e6e7d5106,"{""distance"":7,""physical_error_rate"":0.0005}","{""detection_events"":1904366,""detectors_checked"":772409344,""obs_mistake_mask=E"":4}"
    100096,         2,         0,   120.0,exact_mw,7acd59d404317421b37957afea3f5c66f33c9ef46579a47fd7c0ca3dd0dfc735,"{""distance"":7,""physical_error_rate"":0.001}","{""detection_events"":295285,""detectors_checked"":60257792,""obs_mistake_mask=E"":2}"
    113664,         5,         0,   119.9,exact_mw,7acd59d404317421b37957afea3f5c66f33c9ef46579a47fd7c0ca3dd0dfc735,"{""distance"":7,""physical_error_rate"":0.001}","{""detection_events"":336909,""detectors_checked"":68425728,""obs_mistake_mask=E"":5}"
    690176,         1,         0,   119.8,exact_mw,c34bb01325b9980f7caca1807bd93e7e28846c82b8c0538af034740e6e7d5106,"{""distance"":7,""physical_error_rate"":0.0005}","{""detection_events"":1023022,""detectors_checked"":415485952,""obs_mistake_mask=E"":1}"
    943104,         1,         0,   120.0,exact_mw,c34bb01325b9980f7caca1807bd93e7e28846c82b8c0538af034740e6e7d5106,"{""distance"":7,""physical_error_rate"":0.0005}","{""detection_events"":1393511,""detectors_checked"":567748608,""obs_mistake_mask=E"":1}"
    125440,         2,         0,   120.6,exact_mw,7acd59d404317421b37957afea3f5c66f33c9ef46579a47fd7c0ca3dd0dfc735,"{""distance"":7,""physical_error_rate"":0.001}","{""detection_events"":368095,""detectors_checked"":75514880,""obs_mistake_mask=E"":2}"
    568320,         1,         0,   119.9,exact_mw,c34bb01325b9980f7caca1807bd93e7e28846c82b8c0538af034740e6e7d5106,"{""distance"":7,""physical_error_rate"":0.0005}","{""detection_events"":836532,""detectors_checked"":342128640,""obs_mistake_mask=E"":1}"
    120320,         1,         0,   120.3,exact_mw,7acd59d404317421b37957afea3f5c66f33c9ef46579a47fd7c0ca3dd0dfc735,"{""distance"":7,""physical_error_rate"":0.001}","{""detection_events"":354386,""detectors_checked"":72432640,""obs_mistake_mask=E"":1}"
    158208,         1,         0,   120.0,exact_mw,7acd59d404317421b37957afea3f5c66f33c9ef46579a47fd7c0ca3dd0dfc735,"{""distance"":7,""physical_error_rate"":0.001}","{""detection_events"":468001,""detectors_checked"":95241216,""obs_mistake_mask=E"":1}"
    560128,         2,         0,   120.1,exact_mw,c34bb01325b9980f7caca1807bd93e7e28846c82b8c0538af034740e6e7d5106,"{""distance"":7,""physical_error_rate"":0.0005}","{""detection_events"":830249,""detectors_checked"":337197056,""obs_mistake_mask=E"":2}"
    560128,         1,         0,   120.0,exact_mw,c34bb01325b9980f7caca1807bd93e7e28846c82b8c0538af034740e6e7d5106,"{""distance"":7,""physical_error_rate"":0.0005}","{""detection_events"":830528,""detectors_checked"":337197056,""obs_mistake_mask=E"":1}"
    147968,         3,         0,   120.0,exact_mw,7acd59d404317421b37957afea3f5c66f33c9ef46579a47fd7c0ca3dd0dfc735,"{""distance"":7,""physical_error_rate"":0.001}","{""detection_events"":436244,""detectors_checked"":89076736,""obs_mistake_mask=E"":3}"
    658432,         2,         0,   120.0,exact_mw,c34bb01325b9980f7caca1807bd93e7e28846c82b8c0538af034740e6e7d5106,"{""distance"":7,""physical_error_rate"":0.0005}","{""detection_events"":977122,""detectors_checked"":396376064,""obs_mistake_mask=E"":2}"
    662528,         1,         0,   120.1,exact_mw,c34bb01325b9980f7caca1807bd93e7e28846c82b8c0538af034740e6e7d5106,"{""distance"":7,""physical_error_rate"":0.0005}","{""detection_events"":980142,""detectors_checked"":398841856,""obs_mistake_mask=E"":1}"
    587776,         2,         0,   120.3,exact_mw,c34bb01325b9980f7caca1807bd93e7e28846c82b8c0538af034740e6e7d5106,"{""distance"":7,""physical_error_rate"":0.0005}","{""detection_events"":872407,""detectors_checked"":353841152,""obs_mistake_mask=E"":2}"
    631808,         3,         0,   120.0,exact_mw,c34bb01325b9980f7caca1807bd93e7e28846c82b8c0538af034740e6e7d5106,"{""distance"":7,""physical_error_rate"":0.0005}","{""detection_events"":932497,""detectors_checked"":380348416,""obs_mistake_mask=E"":3}"
     83456,         2,         0,   120.2,exact_mw,7acd59d404317421b37957afea3f5c66f33c9ef46579a47fd7c0ca3dd0dfc735,"{""distance"":7,""physical_error_rate"":0.001}","{""detection_events"":246167,""detectors_checked"":50240512,""obs_mistake_mask=E"":2}"
    586752,         0,         0,   119.9,exact_mw,c34bb01325b9980f7caca1807bd93e7e28846c82b8c0538af034740e6e7d5106,"{""distance"":7,""physical_error_rate"":0.0005}","{""detection_events"":868334,""detectors_checked"":353224704}"
    111616,         3,         0,   120.4,exact_mw,7acd59d404317421b37957afea3f5c66f33c9ef46579a47fd7c0ca3dd0dfc735,"{""distance"":7,""physical_error_rate"":0.001}","{""detection_events"":328635,""detectors_checked"":67192832,""obs_mistake_mask=E"":3}"
    114688,         2,         0,   120.6,exact_mw,7acd59d404317421b37957afea3f5c66f33c9ef46579a47fd7c0ca3dd0dfc735,"{""distance"":7,""physical_error_rate"":0.001}","{""detection_events"":338463,""detectors_checked"":69042176,""obs_mistake_mask=E"":2}"
    491520,         0,         0,   120.2,exact_mw,c34bb01325b9980f7caca1807bd93e7e28846c82b8c0538af034740e6e7d5106,"{""distance"":7,""physical_error_rate"":0.0005}","{""detection_events"":726001,""detectors_checked"":295895040}"
    503808,         0,         0,   120.3,exact_mw,c34bb01325b9980f7caca1807bd93e7e28846c82b8c0538af034740e6e7d5106,"{""distance"":7,""physical_error_rate"":0.0005}","{""detection_events"":747042,""detectors_checked"":303292416}"
    110080,         3,         0,   120.3,exact_mw,7acd59d404317421b37957afea3f5c66f33c9ef46579a47fd7c0ca3dd0dfc735,"{""distance"":7,""physical_error_rate"":0.001}","{""detection_events"":323275,""detectors_checked"":66268160,""obs_mistake_mask=E"":3}"
    115200,         0,         0,   120.0,exact_mw,7acd59d404317421b37957afea3f5c66f33c9ef46579a47fd7c0ca3dd0dfc735,"{""distance"":7,""physical_error_rate"":0.001}","{""detection_events"":338986,""detectors_checked"":69350400}"
    103168,         2,         0,   119.9,exact_mw,7acd59d404317421b37957afea3f5c66f33c9ef46579a47fd7c0ca3dd0dfc735,"{""distance"":7,""physical_error_rate"":0.001}","{""detection_events"":304496,""detectors_checked"":62107136,""obs_mistake_mask=E"":2}"
    107008,         1,         0,   120.5,exact_mw,7acd59d404317421b37957afea3f5c66f33c9ef46579a47fd7c0ca3dd0dfc735,"{""distance"":7,""physical_error_rate"":0.001}","{""detection_events"":316535,""detectors_checked"":64418816,""obs_mistake_mask=E"":1}"
    118784,         1,         0,   120.4,exact_mw,7acd59d404317421b37957afea3f5c66f33c9ef46579a47fd7c0ca3dd0dfc735,"{""distance"":7,""physical_error_rate"":0.001}","{""detection_events"":350186,""detectors_checked"":71507968,""obs_mistake_mask=E"":1}"
    580608,         1,         0,   119.9,exact_mw,c34bb01325b9980f7caca1807bd93e7e28846c82b8c0538af034740e6e7d5106,"{""distance"":7,""physical_error_rate"":0.0005}","{""detection_events"":857568,""detectors_checked"":349526016,""obs_mistake_mask=E"":1}"
    652288,         0,         0,   120.0,exact_mw,c34bb01325b9980f7caca1807bd93e7e28846c82b8c0538af034740e6e7d5106,"{""distance"":7,""physical_error_rate"":0.0005}","{""detection_events"":969025,""detectors_checked"":392677376}"
    113664,         1,         0,   120.3,exact_mw,7acd59d404317421b37957afea3f5c66f33c9ef46579a47fd7c0ca3dd0dfc735,"{""distance"":7,""physical_error_rate"":0.001}","{""detection_events"":333617,""detectors_checked"":68425728,""obs_mistake_mask=E"":1}"
    102400,         2,         0,   120.0,exact_mw,7acd59d404317421b37957afea3f5c66f33c9ef46579a47fd7c0ca3dd0dfc735,"{""distance"":7,""physical_error_rate"":0.001}","{""detection_events"":301814,""detectors_checked"":61644800,""obs_mistake_mask=E"":2}"
     96256,         2,         0,   120.3,exact_mw,7acd59d404317421b37957afea3f5c66f33c9ef46579a47fd7c0ca3dd0dfc735,"{""distance"":7,""physical_error_rate"":0.001}","{""detection_events"":284597,""detectors_checked"":57946112,""obs_mistake_mask=E"":2}"
    761856,         1,         0,   120.0,exact_mw,c34bb01325b9980f7caca1807bd93e7e28846c82b8c0538af034740e6e7d5106,"{""distance"":7,""physical_error_rate"":0.0005}","{""detection_events"":1128104,""detectors_checked"":458637312,""obs_mistake_mask=E"":1}"
    609280,         2,         0,   120.0,exact_mw,c34bb01325b9980f7caca1807bd93e7e28846c82b8c0538af034740e6e7d5106,"{""distance"":7,""physical_error_rate"":0.0005}","{""detection_events"":904463,""detectors_checked"":366786560,""obs_mistake_mask=E"":2}"
    676864,         4,         0,   120.1,exact_mw,c34bb01325b9980f7caca1807bd93e7e28846c82b8c0538af034740e6e7d5106,"{""distance"":7,""physical_error_rate"":0.0005}","{""detection_events"":999250,""detectors_checked"":407472128,""obs_mistake_mask=E"":4}"
    521216,         1,         0,   120.0,exact_mw,c34bb01325b9980f7caca1807bd93e7e28846c82b8c0538af034740e6e7d5106,"{""distance"":7,""physical_error_rate"":0.0005}","{""detection_events"":773223,""detectors_checked"":313772032,""obs_mistake_mask=E"":1}"
     92160,         0,         0,   120.3,exact_mw,7acd59d404317421b37957afea3f5c66f33c9ef46579a47fd7c0ca3dd0dfc735,"{""distance"":7,""physical_error_rate"":0.001}","{""detection_events"":270810,""detectors_checked"":55480320}"
    219136,         5,         0,   120.3,exact_mw,7acd59d404317421b37957afea3f5c66f33c9ef46579a47fd7c0ca3dd0dfc735,"{""distance"":7,""physical_error_rate"":0.001}","{""detection_events"":646058,""detectors_checked"":131919872,""obs_mistake_mask=E"":5}"
    501760,         6,         0,   120.0,exact_mw,c34bb01325b9980f7caca1807bd93e7e28846c82b8c0538af034740e6e7d5106,"{""distance"":7,""physical_error_rate"":0.0005}","{""detection_events"":743255,""detectors_checked"":302059520,""obs_mistake_mask=E"":6}"
    847872,         0,         0,   120.1,exact_mw,c34bb01325b9980f7caca1807bd93e7e28846c82b8c0538af034740e6e7d5106,"{""distance"":7,""physical_error_rate"":0.0005}","{""detection_events"":1257628,""detectors_checked"":510418944}"
     94848,         1,         0,   120.2,exact_mw,7acd59d404317421b37957afea3f5c66f33c9ef46579a47fd7c0ca3dd0dfc735,"{""distance"":7,""physical_error_rate"":0.001}","{""detection_events"":279181,""detectors_checked"":57098496,""obs_mistake_mask=E"":1}"
    113152,         3,         0,   120.6,exact_mw,7acd59d404317421b37957afea3f5c66f33c9ef46579a47fd7c0ca3dd0dfc735,"{""distance"":7,""physical_error_rate"":0.001}","{""detection_events"":333747,""detectors_checked"":68117504,""obs_mistake_mask=E"":3}"
    621568,         3,         0,   120.0,exact_mw,c34bb01325b9980f7caca1807bd93e7e28846c82b8c0538af034740e6e7d5106,"{""distance"":7,""physical_error_rate"":0.0005}","{""detection_events"":921179,""detectors_checked"":374183936,""obs_mistake_mask=E"":3}"
    598016,         4,         0,   120.1,exact_mw,c34bb01325b9980f7caca1807bd93e7e28846c82b8c0538af034740e6e7d5106,"{""distance"":7,""physical_error_rate"":0.0005}","{""detection_events"":884817,""detectors_checked"":360005632,""obs_mistake_mask=E"":4}"
    111616,         1,         0,   120.2,exact_mw,7acd59d404317421b37957afea3f5c66f33c9ef46579a47fd7c0ca3dd0dfc735,"{""distance"":7,""physical_error_rate"":0.001}","{""detection_events"":330436,""detectors_checked"":67192832,""obs_mistake_mask=E"":1}"
    542720,         1,         0,   120.1,exact_mw,c34bb01325b9980f7caca1807bd93e7e28846c82b8c0538af034740e6e7d5106,"{""distance"":7,""physical_error_rate"":0.0005}","{""detection_events"":800926,""detectors_checked"":326717440,""obs_mistake_mask=E"":1}"
    562176,         2,         0,   119.8,exact_mw,c34bb01325b9980f7caca1807bd93e7e28846c82b8c0538af034740e6e7d5106,"{""distance"":7,""physical_error_rate"":0.0005}","{""detection_events"":831646,""detectors_checked"":338429952,""obs_mistake_mask=E"":2}"
    126976,         2,         0,   120.2,exact_mw,7acd59d404317421b37957afea3f5c66f33c9ef46579a47fd7c0ca3dd0dfc735,"{""distance"":7,""physical_error_rate"":0.001}","{""detection_events"":376055,""detectors_checked"":76439552,""obs_mistake_mask=E"":2}"
    107392,         2,         0,   120.1,exact_mw,7acd59d404317421b37957afea3f5c66f33c9ef46579a47fd7c0ca3dd0dfc735,"{""distance"":7,""physical_error_rate"":0.001}","{""detection_events"":318722,""detectors_checked"":64649984,""obs_mistake_mask=E"":2}"
    376832,         2,         0,   119.9,exact_mw,c34bb01325b9980f7caca1807bd93e7e28846c82b8c0538af034740e6e7d5106,"{""distance"":7,""physical_error_rate"":0.0005}","{""detection_events"":557434,""detectors_checked"":226852864,""obs_mistake_mask=E"":2}"
    111104,         1,         0,   120.6,exact_mw,7acd59d404317421b37957afea3f5c66f33c9ef46579a47fd7c0ca3dd0dfc735,"{""distance"":7,""physical_error_rate"":0.001}","{""detection_events"":326705,""detectors_checked"":66884608,""obs_mistake_mask=E"":1}"
    101632,         3,         0,   120.3,exact_mw,7acd59d404317421b37957afea3f5c66f33c9ef46579a47fd7c0ca3dd0dfc735,"{""distance"":7,""physical_error_rate"":0.001}","{""detection_events"":297346,""detectors_checked"":61182464,""obs_mistake_mask=E"":3}"
     96256,         3,         0,   120.4,exact_mw,7acd59d404317421b37957afea3f5c66f33c9ef46579a47fd7c0ca3dd0dfc735,"{""distance"":7,""physical_error_rate"":0.001}","{""detection_events"":283586,""detectors_checked"":57946112,""obs_mistake_mask=E"":3}"
    100224,         3,         0,   120.5,exact_mw,7acd59d404317421b37957afea3f5c66f33c9ef46579a47fd7c0ca3dd0dfc735,"{""distance"":7,""physical_error_rate"":0.001}","{""detection_events"":295434,""detectors_checked"":60334848,""obs_mistake_mask=E"":3}"
    612352,         1,         0,   120.1,exact_mw,c34bb01325b9980f7caca1807bd93e7e28846c82b8c0538af034740e6e7d5106,"{""distance"":7,""physical_error_rate"":0.0005}","{""detection_events"":903044,""detectors_checked"":368635904,""obs_mistake_mask=E"":1}"
    566272,         4,         0,   120.0,exact_mw,c34bb01325b9980f7caca1807bd93e7e28846c82b8c0538af034740e6e7d5106,"{""distance"":7,""physical_error_rate"":0.0005}","{""detection_events"":838729,""detectors_checked"":340895744,""obs_mistake_mask=E"":4}"
    629760,         3,         0,   119.9,exact_mw,c34bb01325b9980f7caca1807bd93e7e28846c82b8c0538af034740e6e7d5106,"{""distance"":7,""physical_error_rate"":0.0005}","{""detection_events"":932126,""detectors_checked"":379115520,""obs_mistake_mask=E"":3}"
    590848,         1,         0,   119.9,exact_mw,c34bb01325b9980f7caca1807bd93e7e28846c82b8c0538af034740e6e7d5106,"{""distance"":7,""physical_error_rate"":0.0005}","{""detection_events"":872426,""detectors_checked"":355690496,""obs_mistake_mask=E"":1}"
     94720,         0,         0,   120.6,exact_mw,7acd59d404317421b37957afea3f5c66f33c9ef46579a47fd7c0ca3dd0dfc735,"{""distance"":7,""physical_error_rate"":0.001}","{""detection_events"":280588,""detectors_checked"":57021440}"
    577536,         0,         0,   120.0,exact_mw,c34bb01325b9980f7caca1807bd93e7e28846c82b8c0538af034740e6e7d5106,"{""distance"":7,""physical_error_rate"":0.0005}","{""detection_events"":851878,""detectors_checked"":347676672}"
     96768,         1,         0,   120.3,exact_mw,7acd59d404317421b37957afea3f5c66f33c9ef46579a47fd7c0ca3dd0dfc735,"{""distance"":7,""physical_error_rate"":0.001}","{""detection_events"":286404,""detectors_checked"":58254336,""obs_mistake_mask=E"":1}"
    661504,         1,         0,   119.9,exact_mw,c34bb01325b9980f7caca1807bd93e7e28846c82b8c0538af034740e6e7d5106,"{""distance"":7,""physical_error_rate"":0.0005}","{""detection_events"":978002,""detectors_checked"":398225408,""obs_mistake_mask=E"":1}"
    102656,         5,         0,   120.6,exact_mw,7acd59d404317421b37957afea3f5c66f33c9ef46579a47fd7c0ca3dd0dfc735,"{""distance"":7,""physical_error_rate"":0.001}","{""detection_events"":301672,""detectors_checked"":61798912,""obs_mistake_mask=E"":5}"
     95744,         1,         0,   120.4,exact_mw,7acd59d404317421b37957afea3f5c66f33c9ef46579a47fd7c0ca3dd0dfc735,"{""distance"":7,""physical_error_rate"":0.001}","{""detection_events"":283296,""detectors_checked"":57637888,""obs_mistake_mask=E"":1}"
   1267712,         0,         0,   119.9,exact_mw,c34bb01325b9980f7caca1807bd93e7e28846c82b8c0538af034740e6e7d5106,"{""distance"":7,""physical_error_rate"":0.0005}","{""detection_events"":1877336,""detectors_checked"":763162624}"
     88576,         2,         0,   120.4,exact_mw,7acd59d404317421b37957afea3f5c66f33c9ef46579a47fd7c0ca3dd0dfc735,"{""distance"":7,""physical_error_rate"":0.001}","{""detection_events"":261852,""detectors_checked"":53322752,""obs_mistake_mask=E"":2}"
    100352,         1,         0,   120.3,exact_mw,7acd59d404317421b37957afea3f5c66f33c9ef46579a47fd7c0ca3dd0dfc735,"{""distance"":7,""physical_error_rate"":0.001}","{""detection_events"":294840,""detectors_checked"":60411904,""obs_mistake_mask=E"":1}"
    646144,         2,         0,   120.0,exact_mw,c34bb01325b9980f7caca1807bd93e7e28846c82b8c0538af034740e6e7d5106,"{""distance"":7,""physical_error_rate"":0.0005}","{""detection_events"":952698,""detectors_checked"":388978688,""obs_mistake_mask=E"":2}"
     95232,         1,         0,   120.0,exact_mw,7acd59d404317421b37957afea3f5c66f33c9ef46579a47fd7c0ca3dd0dfc735,"{""distance"":7,""physical_error_rate"":0.001}","{""detection_events"":280456,""detectors_checked"":57329664,""obs_mistake_mask=E"":1}"
   1033216,         7,         0,   120.1,exact_mw,c34bb01325b9980f7caca1807bd93e7e28846c82b8c0538af034740e6e7d5106,"{""distance"":7,""physical_error_rate"":0.0005}","{""detection_events"":1529106,""detectors_checked"":621996032,""obs_mistake_mask=E"":7}"
    551936,         1,         0,   119.9,exact_mw,c34bb01325b9980f7caca1807bd93e7e28846c82b8c0538af034740e6e7d5106,"{""distance"":7,""physical_error_rate"":0.0005}","{""detection_events"":816737,""detectors_checked"":332265472,""obs_mistake_mask=E"":1}"
    109056,         1,         0,   120.2,exact_mw,7acd59d404317421b37957afea3f5c66f33c9ef46579a47fd7c0ca3dd0dfc735,"{""distance"":7,""physical_error_rate"":0.001}","{""detection_events"":321258,""detectors_checked"":65651712,""obs_mistake_mask=E"":1}"
    182784,         3,         0,   120.3,exact_mw,7acd59d404317421b37957afea3f5c66f33c9ef46579a47fd7c0ca3dd0dfc735,"{""distance"":7,""physical_error_rate"":0.001}","{""detection_events"":540952,""detectors_checked"":110035968,""obs_mistake_mask=E"":3}"
    541696,         0,         0,   119.9,exact_mw,c34bb01325b9980f7caca1807bd93e7e28846c82b8c0538af034740e6e7d5106,"{""distance"":7,""physical_error_rate"":0.0005}","{""detection_events"":801800,""detectors_checked"":326100992}"
    576512,         0,         0,   120.0,exact_mw,c34bb01325b9980f7caca1807bd93e7e28846c82b8c0538af034740e6e7d5106,"{""distance"":7,""physical_error_rate"":0.0005}","{""detection_events"":855524,""detectors_checked"":347060224}"
    542720,         0,         0,   120.0,exact_mw,c34bb01325b9980f7caca1807bd93e7e28846c82b8c0538af034740e6e7d5106,"{""distance"":7,""physical_error_rate"":0.0005}","{""detection_events"":800015,""detectors_checked"":326717440}"
    192000,         2,         0,   120.4,exact_mw,7acd59d404317421b37957afea3f5c66f33c9ef46579a47fd7c0ca3dd0dfc735,"{""distance"":7,""physical_error_rate"":0.001}","{""detection_events"":564567,""detectors_checked"":115584000,""obs_mistake_mask=E"":2}"
    617472,         2,         0,   120.1,exact_mw,c34bb01325b9980f7caca1807bd93e7e28846c82b8c0538af034740e6e7d5106,"{""distance"":7,""physical_error_rate"":0.0005}","{""detection_events"":913996,""detectors_checked"":371718144,""obs_mistake_mask=E"":2}"
    527360,         1,         0,   120.0,exact_mw,c34bb01325b9980f7caca1807bd93e7e28846c82b8c0538af034740e6e7d5106,"{""distance"":7,""physical_error_rate"":0.0005}","{""detection_events"":778331,""detectors_checked"":317470720,""obs_mistake_mask=E"":1}"
    660480,         0,         0,   120.0,exact_mw,c34bb01325b9980f7caca1807bd93e7e28846c82b8c0538af034740e6e7d5106,"{""distance"":7,""physical_error_rate"":0.0005}","{""detection_events"":978925,""detectors_checked"":397608960}"
    592896,         1,         0,   120.1,exact_mw,c34bb01325b9980f7caca1807bd93e7e28846c82b8c0538af034740e6e7d5106,"{""distance"":7,""physical_error_rate"":0.0005}","{""detection_events"":876236,""detectors_checked"":356923392,""obs_mistake_mask=E"":1}"
     88832,         3,         0,   120.4,exact_mw,7acd59d404317421b37957afea3f5c66f33c9ef46579a47fd7c0ca3dd0dfc735,"{""distance"":7,""physical_error_rate"":0.001}","{""detection_events"":261229,""detectors_checked"":53476864,""obs_mistake_mask=E"":3}"
     92416,         1,         0,   117.2,exact_mw,7acd59d404317421b37957afea3f5c66f33c9ef46579a47fd7c0ca3dd0dfc735,"{""distance"":7,""physical_error_rate"":0.001}","{""detection_events"":272928,""detectors_checked"":55634432,""obs_mistake_mask=E"":1}"
     96768,         1,         0,   119.6,exact_mw,7acd59d404317421b37957afea3f5c66f33c9ef46579a47fd7c0ca3dd0dfc735,"{""distance"":7,""physical_error_rate"":0.001}","{""detection_events"":284387,""detectors_checked"":58254336,""obs_mistake_mask=E"":1}"
    221184,         2,         0,   101.8,exact_mw,7acd59d404317421b37957afea3f5c66f33c9ef46579a47fd7c0ca3dd0dfc735,"{""distance"":7,""physical_error_rate"":0.001}","{""detection_events"":652821,""detectors_checked"":133152768,""obs_mistake_mask=E"":2}"
     92672,         0,         0,   109.4,exact_mw,7acd59d404317421b37957afea3f5c66f33c9ef46579a47fd7c0ca3dd0dfc735,"{""distance"":7,""physical_error_rate"":0.001}","{""detection_events"":273857,""detectors_checked"":55788544}"
      9216,         0,         0,    5.98,exact_mw,7acd59d404317421b37957afea3f5c66f33c9ef46579a47fd7c0ca3dd0dfc735,"{""distance"":7,""physical_error_rate"":0.001}","{""detection_events"":27424,""detectors_checked"":5548032}"
     87040,         2,         0,    93.8,exact_mw,7acd59d404317421b37957afea3f5c66f33c9ef46579a47fd7c0ca3dd0dfc735,"{""distance"":7,""physical_error_rate"":0.001}","{""detection_events"":254669,""detectors_checked"":52398080,""obs_mistake_mask=E"":2}"
     86784,         1,         0,    97.3,exact_mw,7acd59d404317421b37957afea3f5c66f33c9ef46579a47fd7c0ca3dd0dfc735,"{""distance"":7,""physical_error_rate"":0.001}","{""detection_events"":257107,""detectors_checked"":52243968,""obs_mistake_mask=E"":1}"
     80896,         1,         0,    96.5,exact_mw,7acd59d404317421b37957afea3f5c66f33c9ef46579a47fd7c0ca3dd0dfc735,"{""distance"":7,""physical_error_rate"":0.001}","{""detection_events"":238276,""detectors_checked"":48699392,""obs_mistake_mask=E"":1}"
     98304,         1,         0,   109.0,exact_mw,7acd59d404317421b37957afea3f5c66f33c9ef46579a47fd7c0ca3dd0dfc735,"{""distance"":7,""physical_error_rate"":0.001}","{""detection_events"":290265,""detectors_checked"":59179008,""obs_mistake_mask=E"":1}"
     25088,         0,         0,    24.8,exact_mw,7acd59d404317421b37957afea3f5c66f33c9ef46579a47fd7c0ca3dd0dfc735,"{""distance"":7,""physical_error_rate"":0.001}","{""detection_events"":73532,""detectors_checked"":15102976}"
    133120,         1,         0,    91.9,exact_mw,7acd59d404317421b37957afea3f5c66f33c9ef46579a47fd7c0ca3dd0dfc735,"{""distance"":7,""physical_error_rate"":0.001}","{""detection_events"":391411,""detectors_checked"":80138240,""obs_mistake_mask=E"":1}"
     88576,         3,         0,   117.3,exact_mw,7acd59d404317421b37957afea3f5c66f33c9ef46579a47fd7c0ca3dd0dfc735,"{""distance"":7,""physical_error_rate"":0.001}","{""detection_events"":263191,""detectors_checked"":53322752,""obs_mistake_mask=E"":3}"
     34816,         1,         0,    45.7,exact_mw,7acd59d404317421b37957afea3f5c66f33c9ef46579a47fd7c0ca3dd0dfc735,"{""distance"":7,""physical_error_rate"":0.001}","{""detection_events"":103165,""detectors_checked"":20959232,""obs_mistake_mask=E"":1}"
    106240,         0,         0,   112.7,exact_mw,7acd59d404317421b37957afea3f5c66f33c9ef46579a47fd7c0ca3dd0dfc735,"{""distance"":7,""physical_error_rate"":0.001}","{""detection_events"":311198,""detectors_checked"":63956480}"
     25088,         1,         0,    22.8,exact_mw,7acd59d404317421b37957afea3f5c66f33c9ef46579a47fd7c0ca3dd0dfc735,"{""distance"":7,""physical_error_rate"":0.001}","{""detection_events"":73531,""detectors_checked"":15102976,""obs_mistake_mask=E"":1}"
     82432,         1,         0,   105.1,exact_mw,7acd59d404317421b37957afea3f5c66f33c9ef46579a47fd7c0ca3dd0dfc735,"{""distance"":7,""physical_error_rate"":0.001}","{""detection_events"":243754,""detectors_checked"":49624064,""obs_mistake_mask=E"":1}"
      6144,         1,         0,    7.90,exact_mw,7acd59d404317421b37957afea3f5c66f33c9ef46579a47fd7c0ca3dd0dfc735,"{""distance"":7,""physical_error_rate"":0.001}","{""detection_events"":17971,""detectors_checked"":3698688,""obs_mistake_mask=E"":1}"
     79360,         0,         0,    87.7,exact_mw,7acd59d404317421b37957afea3f5c66f33c9ef46579a47fd7c0ca3dd0dfc735,"{""distance"":7,""physical_error_rate"":0.001}","{""detection_events"":234461,""detectors_checked"":47774720}"
     64512,         1,         0,    78.6,exact_mw,7acd59d404317421b37957afea3f5c66f33c9ef46579a47fd7c0ca3dd0dfc735,"{""distance"":7,""physical_error_rate"":0.001}","{""detection_events"":188590,""detectors_checked"":38836224,""obs_mistake_mask=E"":1}"
     76032,         1,         0,    78.3,exact_mw,7acd59d404317421b37957afea3f5c66f33c9ef46579a47fd7c0ca3dd0dfc735,"{""distance"":7,""physical_error_rate"":0.001}","{""detection_events"":223519,""detectors_checked"":45771264,""obs_mistake_mask=E"":1}"
     31744,         0,         0,    39.2,exact_mw,7acd59d404317421b37957afea3f5c66f33c9ef46579a47fd7c0ca3dd0dfc735,"{""distance"":7,""physical_error_rate"":0.001}","{""detection_events"":93424,""detectors_checked"":19109888}"
     14592,         0,         0,    26.2,exact_mw,7acd59d404317421b37957afea3f5c66f33c9ef46579a47fd7c0ca3dd0dfc735,"{""distance"":7,""physical_error_rate"":0.001}","{""detection_events"":42808,""detectors_checked"":8784384}"
      6144,         0,         0,    6.59,exact_mw,7acd59d404317421b37957afea3f5c66f33c9ef46579a47fd7c0ca3dd0dfc735,"{""distance"":7,""physical_error_rate"":0.001}","{""detection_events"":17849,""detectors_checked"":3698688}"
     55808,         1,         0,    74.3,exact_mw,7acd59d404317421b37957afea3f5c66f33c9ef46579a47fd7c0ca3dd0dfc735,"{""distance"":7,""physical_error_rate"":0.001}","{""detection_events"":164425,""detectors_checked"":33596416,""obs_mistake_mask=E"":1}"
     25088,         0,         0,    28.1,exact_mw,7acd59d404317421b37957afea3f5c66f33c9ef46579a47fd7c0ca3dd0dfc735,"{""distance"":7,""physical_error_rate"":0.001}","{""detection_events"":74939,""detectors_checked"":15102976}"
     66560,         0,         0,    80.9,exact_mw,7acd59d404317421b37957afea3f5c66f33c9ef46579a47fd7c0ca3dd0dfc735,"{""distance"":7,""physical_error_rate"":0.001}","{""detection_events"":197385,""detectors_checked"":40069120}"
      7168,         0,         0,    5.18,exact_mw,7acd59d404317421b37957afea3f5c66f33c9ef46579a47fd7c0ca3dd0dfc735,"{""distance"":7,""physical_error_rate"":0.001}","{""detection_events"":21184,""detectors_checked"":4315136}"
     93696,         2,         0,   119.3,exact_mw,7acd59d404317421b37957afea3f5c66f33c9ef46579a47fd7c0ca3dd0dfc735,"{""distance"":7,""physical_error_rate"":0.001}","{""detection_events"":277375,""detectors_checked"":56404992,""obs_mistake_mask=E"":2}"
    114688,         2,         0,   120.3,exact_mw,7acd59d404317421b37957afea3f5c66f33c9ef46579a47fd7c0ca3dd0dfc735,"{""distance"":7,""physical_error_rate"":0.001}","{""detection_events"":336733,""detectors_checked"":69042176,""obs_mistake_mask=E"":2}"
    560128,         0,         0,   120.0,exact_mw,c34bb01325b9980f7caca1807bd93e7e28846c82b8c0538af034740e6e7d5106,"{""distance"":7,""physical_error_rate"":0.0005}","{""detection_events"":830408,""detectors_checked"":337197056}"
     94208,         6,         0,   116.7,exact_mw,7acd59d404317421b37957afea3f5c66f33c9ef46579a47fd7c0ca3dd0dfc735,"{""distance"":7,""physical_error_rate"":0.001}","{""detection_events"":278410,""detectors_checked"":56713216,""obs_mistake_mask=E"":6}"
     93184,         0,         0,   119.4,exact_mw,7acd59d404317421b37957afea3f5c66f33c9ef46579a47fd7c0ca3dd0dfc735,"{""distance"":7,""physical_error_rate"":0.001}","{""detection_events"":273526,""detectors_checked"":56096768}"
    586752,         2,         0,   120.1,exact_mw,c34bb01325b9980f7caca1807bd93e7e28846c82b8c0538af034740e6e7d5106,"{""distance"":7,""physical_error_rate"":0.0005}","{""detection_events"":867831,""detectors_checked"":353224704,""obs_mistake_mask=E"":2}"
    583680,         3,         0,   120.0,exact_mw,c34bb01325b9980f7caca1807bd93e7e28846c82b8c0538af034740e6e7d5106,"{""distance"":7,""physical_error_rate"":0.0005}","{""detection_events"":864915,""detectors_checked"":351375360,""obs_mistake_mask=E"":3}"
    586752,         1,         0,   119.9,exact_mw,c34bb01325b9980f7caca1807bd93e7e28846c82b8c0538af034740e6e7d5106,"{""distance"":7,""physical_error_rate"":0.0005}","{""detection_events"":870498,""detectors_checked"":353224704,""obs_mistake_mask=E"":1}"
    940032,         0,         0,   120.0,exact_mw,c34bb01325b9980f7caca1807bd93e7e28846c82b8c0538af034740e6e7d5106,"{""distance"":7,""physical_error_rate"":0.0005}","{""detection_events"":1393083,""detectors_checked"":565899264}"
    545792,         1,         0,   120.0,exact_mw,c34bb01325b9980f7caca1807bd93e7e28846c82b8c0538af034740e6e7d5106,"{""distance"":7,""physical_error_rate"":0.0005}","{""detection_events"":806078,""detectors_checked"":328566784,""obs_mistake_mask=E"":1}"
       273,         0,         0,   0.021,exact_mw,c34bb01325b9980f7caca1807bd93e7e28846c82b8c0538af034740e6e7d5106,"{""distance"":7,""physical_error_rate"":0.0005}","{""detection_events"":385,""detectors_checked"":164346}"
      1024,         0,         0,   0.069,exact_mw,c34bb01325b9980f7caca1807bd93e7e28846c82b8c0538af034740e6e7d5106,"{""distance"":7,""physical_error_rate"":0.0005}","{""detection_events"":1426,""detectors_checked"":616448}"
      1024,         0,         0,   0.107,exact_mw,c34bb01325b9980f7caca1807bd93e7e28846c82b8c0538af034740e6e7d5106,"{""distance"":7,""physical_error_rate"":0.0005}","{""detection_events"":1551,""detectors_checked"":616448}"
      1024,         0,         0,   0.126,exact_mw,c34bb01325b9980f7caca1807bd93e7e28846c82b8c0538af034740e6e7d5106,"{""distance"":7,""physical_error_rate"":0.0005}","{""detection_events"":1573,""detectors_checked"":616448}"
      1024,         0,         0,   0.062,exact_mw,c34bb01325b9980f7caca1807bd93e7e28846c82b8c0538af034740e6e7d5106,"{""distance"":7,""physical_error_rate"":0.0005}","{""detection_events"":1531,""detectors_checked"":616448}"
    557056,         1,         0,   120.0,exact_mw,c34bb01325b9980f7caca1807bd93e7e28846c82b8c0538af034740e6e7d5106,"{""distance"":7,""physical_error_rate"":0.0005}","{""detection_events"":820093,""detectors_checked"":335347712,""obs_mistake_mask=E"":1}"
      1024,         0,         0,   0.056,exact_mw,c34bb01325b9980f7caca1807bd93e7e28846c82b8c0538af034740e6e7d5106,"{""distance"":7,""physical_error_rate"":0.0005}","{""detection_events"":1577,""detectors_checked"":616448}"
      1024,         0,         0,   0.101,exact_mw,c34bb01325b9980f7caca1807bd93e7e28846c82b8c0538af034740e6e7d5106,"{""distance"":7,""physical_error_rate"":0.0005}","{""detection_events"":1474,""detectors_checked"":616448}"
      2048,         0,         0,   0.150,exact_mw,c34bb01325b9980f7caca1807bd93e7e28846c82b8c0538af034740e6e7d5106,"{""distance"":7,""physical_error_rate"":0.0005}","{""detection_events"":3063,""detectors_checked"":1232896}"
      3072,         0,         0,   0.194,exact_mw,c34bb01325b9980f7caca1807bd93e7e28846c82b8c0538af034740e6e7d5106,"{""distance"":7,""physical_error_rate"":0.0005}","{""detection_events"":4589,""detectors_checked"":1849344}"
      3072,         0,         0,   0.281,exact_mw,c34bb01325b9980f7caca1807bd93e7e28846c82b8c0538af034740e6e7d5106,"{""distance"":7,""physical_error_rate"":0.0005}","{""detection_events"":4516,""detectors_checked"":1849344}"
      4096,         0,         0,   0.345,exact_mw,c34bb01325b9980f7caca1807bd93e7e28846c82b8c0538af034740e6e7d5106,"{""distance"":7,""physical_error_rate"":0.0005}","{""detection_events"":6361,""detectors_checked"":2465792}"
    442368,         0,         0,   120.0,exact_mw,c34bb01325b9980f7caca1807bd93e7e28846c82b8c0538af034740e6e7d5106,"{""distance"":7,""physical_error_rate"":0.0005}","{""detection_events"":653454,""detectors_checked"":266305536}"
      6144,         0,         0,   0.413,exact_mw,c34bb01325b9980f7caca1807bd93e7e28846c82b8c0538af034740e6e7d5106,"{""distance"":7,""physical_error_rate"":0.0005}","{""detection_events"":8975,""detectors_checked"":3698688}"
      6144,         0,         0,   0.615,exact_mw,c34bb01325b9980f7caca1807bd93e7e28846c82b8c0538af034740e6e7d5106,"{""distance"":7,""physical_error_rate"":0.0005}","{""detection_events"":9552,""detectors_checked"":3698688}"
     11264,         0,         0,   0.843,exact_mw,c34bb01325b9980f7caca1807bd93e7e28846c82b8c0538af034740e6e7d5106,"{""distance"":7,""physical_error_rate"":0.0005}","{""detection_events"":16483,""detectors_checked"":6780928}"
     14336,         0,         0,    1.11,exact_mw,c34bb01325b9980f7caca1807bd93e7e28846c82b8c0538af034740e6e7d5106,"{""distance"":7,""physical_error_rate"":0.0005}","{""detection_events"":21452,""detectors_checked"":8630272}"
     18432,         0,         0,    1.59,exact_mw,c34bb01325b9980f7caca1807bd93e7e28846c82b8c0538af034740e6e7d5106,"{""distance"":7,""physical_error_rate"":0.0005}","{""detection_events"":27268,""detectors_checked"":11096064}"
    556032,         3,         0,   119.9,exact_mw,c34bb01325b9980f7caca1807bd93e7e28846c82b8c0538af034740e6e7d5106,"{""distance"":7,""physical_error_rate"":0.0005}","{""detection_events"":820986,""detectors_checked"":334731264,""obs_mistake_mask=E"":3}"
       273,         0,         0,   0.046,exact_mw,c34bb01325b9980f7caca1807bd93e7e28846c82b8c0538af034740e6e7d5106,"{""distance"":7,""physical_error_rate"":0.0005}","{""detection_events"":382,""detectors_checked"":164346}"
      1024,         1,         0,   0.082,exact_mw,c34bb01325b9980f7caca1807bd93e7e28846c82b8c0538af034740e6e7d5106,"{""distance"":7,""physical_error_rate"":0.0005}","{""detection_events"":1556,""detectors_checked"":616448,""obs_mistake_mask=E"":1}"
      1024,         0,         0,   0.070,exact_mw,c34bb01325b9980f7caca1807bd93e7e28846c82b8c0538af034740e6e7d5106,"{""distance"":7,""physical_error_rate"":0.0005}","{""detection_events"":1629,""detectors_checked"":616448}"
      1024,         0,         0,   0.070,exact_mw,c34bb01325b9980f7caca1807bd93e7e28846c82b8c0538af034740e6e7d5106,"{""distance"":7,""physical_error_rate"":0.0005}","{""detection_events"":1341,""detectors_checked"":616448}"
      1024,         0,         0,   0.109,exact_mw,c34bb01325b9980f7caca1807bd93e7e28846c82b8c0538af034740e6e7d5106,"{""distance"":7,""physical_error_rate"":0.0005}","{""detection_events"":1499,""detectors_checked"":616448}"
      1024,         0,         0,   0.106,exact_mw,c34bb01325b9980f7caca1807bd93e7e28846c82b8c0538af034740e6e7d5106,"{""distance"":7,""physical_error_rate"":0.0005}","{""detection_events"":1500,""detectors_checked"":616448}"
      2048,         0,         0,   0.133,exact_mw,c34bb01325b9980f7caca1807bd93e7e28846c82b8c0538af034740e6e7d5106,"{""distance"":7,""physical_error_rate"":0.0005}","{""detection_events"":2900,""detectors_checked"":1232896}"
      2048,         0,         0,   0.156,exact_mw,c34bb01325b9980f7caca1807bd93e7e28846c82b8c0538af034740e6e7d5106,"{""distance"":7,""physical_error_rate"":0.0005}","{""detection_events"":2836,""detectors_checked"":1232896}"
      2048,         0,         0,   0.163,exact_mw,c34bb01325b9980f7caca1807bd93e7e28846c82b8c0538af034740e6e7d5106,"{""distance"":7,""physical_error_rate"":0.0005}","{""detection_events"":3050,""detectors_checked"":1232896}"
      3072,         0,         0,   0.237,exact_mw,c34bb01325b9980f7caca1807bd93e7e28846c82b8c0538af034740e6e7d5106,"{""distance"":7,""physical_error_rate"":0.0005}","{""detection_events"":4627,""detectors_checked"":1849344}"
     26624,         0,         0,    2.22,exact_mw,c34bb01325b9980f7caca1807bd93e7e28846c82b8c0538af034740e6e7d5106,"{""distance"":7,""physical_error_rate"":0.0005}","{""detection_events"":40145,""detectors_checked"":16027648}"
      4096,         0,         0,   0.384,exact_mw,c34bb01325b9980f7caca1807bd93e7e28846c82b8c0538af034740e6e7d5106,"{""distance"":7,""physical_error_rate"":0.0005}","{""detection_events"":6389,""detectors_checked"":2465792}"
   1028096,         4,         0,   119.8,exact_mw,c34bb01325b9980f7caca1807bd93e7e28846c82b8c0538af034740e6e7d5106,"{""distance"":7,""physical_error_rate"":0.0005}","{""detection_events"":1520807,""detectors_checked"":618913792,""obs_mistake_mask=E"":4}"
       273,         0,         0,   0.010,exact_mw,c34bb01325b9980f7caca1807bd93e7e28846c82b8c0538af034740e6e7d5106,"{""distance"":7,""physical_error_rate"":0.0005}","{""detection_events"":403,""detectors_checked"":164346}"
      1024,         0,         0,   0.076,exact_mw,c34bb01325b9980f7caca1807bd93e7e28846c82b8c0538af034740e6e7d5106,"{""distance"":7,""physical_error_rate"":0.0005}","{""detection_events"":1669,""detectors_checked"":616448}"
      6144,         0,         0,   0.427,exact_mw,c34bb01325b9980f7caca1807bd93e7e28846c82b8c0538af034740e6e7d5106,"{""distance"":7,""physical_error_rate"":0.0005}","{""detection_events"":9054,""detectors_checked"":3698688}"
      1024,         0,         0,   0.096,exact_mw,c34bb01325b9980f7caca1807bd93e7e28846c82b8c0538af034740e6e7d5106,"{""distance"":7,""physical_error_rate"":0.0005}","{""detection_events"":1649,""detectors_checked"":616448}"
      1024,         0,         0,   0.051,exact_mw,c34bb01325b9980f7caca1807bd93e7e28846c82b8c0538af034740e6e7d5106,"{""distance"":7,""physical_error_rate"":0.0005}","{""detection_events"":1499,""detectors_checked"":616448}"
      1024,         0,         0,   0.082,exact_mw,c34bb01325b9980f7caca1807bd93e7e28846c82b8c0538af034740e6e7d5106,"{""distance"":7,""physical_error_rate"":0.0005}","{""detection_events"":1514,""detectors_checked"":616448}"
      1024,         0,         0,   0.092,exact_mw,c34bb01325b9980f7caca1807bd93e7e28846c82b8c0538af034740e6e7d5106,"{""distance"":7,""physical_error_rate"":0.0005}","{""detection_events"":1518,""detectors_checked"":616448}"
      1024,         0,         0,   0.121,exact_mw,c34bb01325b9980f7caca1807bd93e7e28846c82b8c0538af034740e6e7d5106,"{""distance"":7,""physical_error_rate"":0.0005}","{""detection_events"":1425,""detectors_checked"":616448}"
      7168,         0,         0,   0.599,exact_mw,c34bb01325b9980f7caca1807bd93e7e28846c82b8c0538af034740e6e7d5106,"{""distance"":7,""physical_error_rate"":0.0005}","{""detection_events"":10809,""detectors_checked"":4315136}"
      2048,         0,         0,   0.187,exact_mw,c34bb01325b9980f7caca1807bd93e7e28846c82b8c0538af034740e6e7d5106,"{""distance"":7,""physical_error_rate"":0.0005}","{""detection_events"":2951,""detectors_checked"":1232896}"
      2048,         0,         0,   0.165,exact_mw,c34bb01325b9980f7caca1807bd93e7e28846c82b8c0538af034740e6e7d5106,"{""distance"":7,""physical_error_rate"":0.0005}","{""detection_events"":2679,""detectors_checked"":1232896}"
       273,         0,         0,   0.026,exact_mw,c34bb01325b9980f7caca1807bd93e7e28846c82b8c0538af034740e6e7d5106,"{""distance"":7,""physical_error_rate"":0.0005}","{""detection_events"":410,""detectors_checked"":164346}"
      1024,         0,         0,   0.104,exact_mw,c34bb01325b9980f7caca1807bd93e7e28846c82b8c0538af034740e6e7d5106,"{""distance"":7,""physical_error_rate"":0.0005}","{""detection_events"":1451,""detectors_checked"":616448}"
      3072,         0,         0,   0.252,exact_mw,c34bb01325b9980f7caca1807bd93e7e28846c82b8c0538af034740e6e7d5106,"{""distance"":7,""physical_error_rate"":0.0005}","{""detection_events"":4700,""detectors_checked"":1849344}"
      1024,         0,         0,   0.090,exact_mw,c34bb01325b9980f7caca1807bd93e7e28846c82b8c0538af034740e6e7d5106,"{""distance"":7,""physical_error_rate"":0.0005}","{""detection_events"":1644,""detectors_checked"":616448}"
      1024,         0,         0,   0.107,exact_mw,c34bb01325b9980f7caca1807bd93e7e28846c82b8c0538af034740e6e7d5106,"{""distance"":7,""physical_error_rate"":0.0005}","{""detection_events"":1536,""detectors_checked"":616448}"
      1024,         0,         0,   0.081,exact_mw,c34bb01325b9980f7caca1807bd93e7e28846c82b8c0538af034740e6e7d5106,"{""distance"":7,""physical_error_rate"":0.0005}","{""detection_events"":1442,""detectors_checked"":616448}"
      1024,         0,         0,   0.064,exact_mw,c34bb01325b9980f7caca1807bd93e7e28846c82b8c0538af034740e6e7d5106,"{""distance"":7,""physical_error_rate"":0.0005}","{""detection_events"":1561,""detectors_checked"":616448}"
      4096,         0,         0,   0.310,exact_mw,c34bb01325b9980f7caca1807bd93e7e28846c82b8c0538af034740e6e7d5106,"{""distance"":7,""physical_error_rate"":0.0005}","{""detection_events"":5763,""detectors_checked"":2465792}"
      1024,         0,         0,   0.121,exact_mw,c34bb01325b9980f7caca1807bd93e7e28846c82b8c0538af034740e6e7d5106,"{""distance"":7,""physical_error_rate"":0.0005}","{""detection_events"":1589,""detectors_checked"":616448}"
     10240,         0,         0,   0.864,exact_mw,c34bb01325b9980f7caca1807bd93e7e28846c82b8c0538af034740e6e7d5106,"{""distance"":7,""physical_error_rate"":0.0005}","{""detection_events"":15026,""detectors_checked"":6164480}"
      1024,         0,         0,   0.123,exact_mw,c34bb01325b9980f7caca1807bd93e7e28846c82b8c0538af034740e6e7d5106,"{""distance"":7,""physical_error_rate"":0.0005}","{""detection_events"":1466,""detectors_checked"":616448}"
      2048,         0,         0,   0.244,exact_mw,c34bb01325b9980f7caca1807bd93e7e28846c82b8c0538af034740e6e7d5106,"{""distance"":7,""physical_error_rate"":0.0005}","{""detection_events"":2988,""detectors_checked"":1232896}"
      5120,         0,         0,   0.493,exact_mw,c34bb01325b9980f7caca1807bd93e7e28846c82b8c0538af034740e6e7d5106,"{""distance"":7,""physical_error_rate"":0.0005}","{""detection_events"":7662,""detectors_checked"":3082240}"
      3072,         0,         0,   0.243,exact_mw,c34bb01325b9980f7caca1807bd93e7e28846c82b8c0538af034740e6e7d5106,"{""distance"":7,""physical_error_rate"":0.0005}","{""detection_events"":4496,""detectors_checked"":1849344}"
      4096,         0,         0,   0.373,exact_mw,c34bb01325b9980f7caca1807bd93e7e28846c82b8c0538af034740e6e7d5106,"{""distance"":7,""physical_error_rate"":0.0005}","{""detection_events"":6078,""detectors_checked"":2465792}"
      4096,         0,         0,   0.676,exact_mw,c34bb01325b9980f7caca1807bd93e7e28846c82b8c0538af034740e6e7d5106,"{""distance"":7,""physical_error_rate"":0.0005}","{""detection_events"":6231,""detectors_checked"":2465792}"
     14336,         0,         0,    1.12,exact_mw,c34bb01325b9980f7caca1807bd93e7e28846c82b8c0538af034740e6e7d5106,"{""distance"":7,""physical_error_rate"":0.0005}","{""detection_events"":21573,""detectors_checked"":8630272}"
     38912,         0,         0,    3.08,exact_mw,c34bb01325b9980f7caca1807bd93e7e28846c82b8c0538af034740e6e7d5106,"{""distance"":7,""physical_error_rate"":0.0005}","{""detection_events"":57612,""detectors_checked"":23425024}"
    604160,         0,         0,   119.8,exact_mw,c34bb01325b9980f7caca1807bd93e7e28846c82b8c0538af034740e6e7d5106,"{""distance"":7,""physical_error_rate"":0.0005}","{""detection_events"":893621,""detectors_checked"":363704320}"
         1,         0,         0,   0.001,exact_mw,c34bb01325b9980f7caca1807bd93e7e28846c82b8c0538af034740e6e7d5106,"{""distance"":7,""physical_error_rate"":0.0005}","{""detection_events"":4,""detectors_checked"":602}"
      4096,         0,         0,   0.471,exact_mw,c34bb01325b9980f7caca1807bd93e7e28846c82b8c0538af034740e6e7d5106,"{""distance"":7,""physical_error_rate"":0.0005}","{""detection_events"":6126,""detectors_checked"":2465792}"
       272,         0,         0,   0.036,exact_mw,c34bb01325b9980f7caca1807bd93e7e28846c82b8c0538af034740e6e7d5106,"{""distance"":7,""physical_error_rate"":0.0005}","{""detection_events"":436,""detectors_checked"":163744}"
      1024,         0,         0,   0.146,exact_mw,c34bb01325b9980f7caca1807bd93e7e28846c82b8c0538af034740e6e7d5106,"{""distance"":7,""physical_error_rate"":0.0005}","{""detection_events"":1528,""detectors_checked"":616448}"
      1024,         0,         0,   0.186,exact_mw,c34bb01325b9980f7caca1807bd93e7e28846c82b8c0538af034740e6e7d5106,"{""distance"":7,""physical_error_rate"":0.0005}","{""detection_events"":1417,""detectors_checked"":616448}"
      1024,         0,         0,   0.115,exact_mw,c34bb01325b9980f7caca1807bd93e7e28846c82b8c0538af034740e6e7d5106,"{""distance"":7,""physical_error_rate"":0.0005}","{""detection_events"":1368,""detectors_checked"":616448}"
      6144,         0,         0,   0.872,exact_mw,c34bb01325b9980f7caca1807bd93e7e28846c82b8c0538af034740e6e7d5106,"{""distance"":7,""physical_error_rate"":0.0005}","{""detection_events"":9033,""detectors_checked"":3698688}"
      1024,         0,         0,   0.138,exact_mw,c34bb01325b9980f7caca1807bd93e7e28846c82b8c0538af034740e6e7d5106,"{""distance"":7,""physical_error_rate"":0.0005}","{""detection_events"":1556,""detectors_checked"":616448}"
      8192,         0,         0,   0.654,exact_mw,c34bb01325b9980f7caca1807bd93e7e28846c82b8c0538af034740e6e7d5106,"{""distance"":7,""physical_error_rate"":0.0005}","{""detection_events"":12369,""detectors_checked"":4931584}"
      1024,         0,         0,   0.163,exact_mw,c34bb01325b9980f7caca1807bd93e7e28846c82b8c0538af034740e6e7d5106,"{""distance"":7,""physical_error_rate"":0.0005}","{""detection_events"":1486,""detectors_checked"":616448}"
      1024,         0,         0,   0.115,exact_mw,c34bb01325b9980f7caca1807bd93e7e28846c82b8c0538af034740e6e7d5106,"{""distance"":7,""physical_error_rate"":0.0005}","{""detection_events"":1478,""detectors_checked"":616448}"
      1024,         0,         0,   0.190,exact_mw,c34bb01325b9980f7caca1807bd93e7e28846c82b8c0538af034740e6e7d5106,"{""distance"":7,""physical_error_rate"":0.0005}","{""detection_events"":1490,""detectors_checked"":616448}"
     17408,         1,         0,    1.56,exact_mw,c34bb01325b9980f7caca1807bd93e7e28846c82b8c0538af034740e6e7d5106,"{""distance"":7,""physical_error_rate"":0.0005}","{""detection_events"":26097,""detectors_checked"":10479616,""obs_mistake_mask=E"":1}"
      2048,         0,         0,   0.246,exact_mw,c34bb01325b9980f7caca1807bd93e7e28846c82b8c0538af034740e6e7d5106,"{""distance"":7,""physical_error_rate"":0.0005}","{""detection_events"":2933,""detectors_checked"":1232896}"
    513024,         2,         0,   119.9,exact_mw,c34bb01325b9980f7caca1807bd93e7e28846c82b8c0538af034740e6e7d5106,"{""distance"":7,""physical_error_rate"":0.0005}","{""detection_events"":759471,""detectors_checked"":308840448,""obs_mistake_mask=E"":2}"
      9216,         0,         0,   0.815,exact_mw,c34bb01325b9980f7caca1807bd93e7e28846c82b8c0538af034740e6e7d5106,"{""distance"":7,""physical_error_rate"":0.0005}","{""detection_events"":13463,""detectors_checked"":5548032}"
      8192,         0,         0,    1.13,exact_mw,c34bb01325b9980f7caca1807bd93e7e28846c82b8c0538af034740e6e7d5106,"{""distance"":7,""physical_error_rate"":0.0005}","{""detection_events"":11985,""detectors_checked"":4931584}"
         1,         0,         0,   0.019,exact_mw,c34bb01325b9980f7caca1807bd93e7e28846c82b8c0538af034740e6e7d5106,"{""distance"":7,""physical_error_rate"":0.0005}","{""detectors_checked"":602}"
      2048,         0,         0,   0.350,exact_mw,c34bb01325b9980f7caca1807bd93e7e28846c82b8c0538af034740e6e7d5106,"{""distance"":7,""physical_error_rate"":0.0005}","{""detection_events"":3037,""detectors_checked"":1232896}"
       272,         0,         0,   0.030,exact_mw,c34bb01325b9980f7caca1807bd93e7e28846c82b8c0538af034740e6e7d5106,"{""distance"":7,""physical_error_rate"":0.0005}","{""detection_events"":407,""detectors_checked"":163744}"
      1024,         0,         0,   0.219,exact_mw,c34bb01325b9980f7caca1807bd93e7e28846c82b8c0538af034740e6e7d5106,"{""distance"":7,""physical_error_rate"":0.0005}","{""detection_events"":1515,""detectors_checked"":616448}"
      3072,         0,         0,   0.433,exact_mw,c34bb01325b9980f7caca1807bd93e7e28846c82b8c0538af034740e6e7d5106,"{""distance"":7,""physical_error_rate"":0.0005}","{""detection_events"":4469,""detectors_checked"":1849344}"
      1024,         0,         0,   0.271,exact_mw,c34bb01325b9980f7caca1807bd93e7e28846c82b8c0538af034740e6e7d5106,"{""distance"":7,""physical_error_rate"":0.0005}","{""detection_events"":1523,""detectors_checked"":616448}"
        17,         0,         0,   0.056,exact_mw,c34bb01325b9980f7caca1807bd93e7e28846c82b8c0538af034740e6e7d5106,"{""distance"":7,""physical_error_rate"":0.0005}","{""detection_events"":28,""detectors_checked"":10234}"
       128,         0,         0,   0.001,exact_mw,c34bb01325b9980f7caca1807bd93e7e28846c82b8c0538af034740e6e7d5106,"{""distance"":7,""physical_error_rate"":0.0005}","{""detection_events"":159,""detectors_checked"":77056}"
      1024,         0,         0,   0.243,exact_mw,c34bb01325b9980f7caca1807bd93e7e28846c82b8c0538af034740e6e7d5106,"{""distance"":7,""physical_error_rate"":0.0005}","{""detection_events"":1490,""detectors_checked"":616448}"
     13312,         0,         0,    1.11,exact_mw,c34bb01325b9980f7caca1807bd93e7e28846c82b8c0538af034740e6e7d5106,"{""distance"":7,""physical_error_rate"":0.0005}","{""detection_events"":19791,""detectors_checked"":8013824}"
      1024,         0,         0,   0.194,exact_mw,c34bb01325b9980f7caca1807bd93e7e28846c82b8c0538af034740e6e7d5106,"{""distance"":7,""physical_error_rate"":0.0005}","{""detection_events"":1450,""detectors_checked"":616448}"
      4096,         0,         0,   0.600,exact_mw,c34bb01325b9980f7caca1807bd93e7e28846c82b8c0538af034740e6e7d5106,"{""distance"":7,""physical_error_rate"":0.0005}","{""detection_events"":6249,""detectors_checked"":2465792}"
       273,         0,         0,   0.139,exact_mw,c34bb01325b9980f7caca1807bd93e7e28846c82b8c0538af034740e6e7d5106,"{""distance"":7,""physical_error_rate"":0.0005}","{""detection_events"":361,""detectors_checked"":164346}"
    555008,         2,         0,   120.1,exact_mw,c34bb01325b9980f7caca1807bd93e7e28846c82b8c0538af034740e6e7d5106,"{""distance"":7,""physical_error_rate"":0.0005}","{""detection_events"":820087,""detectors_checked"":334114816,""obs_mistake_mask=E"":2}"
      1024,         0,         0,   0.368,exact_mw,c34bb01325b9980f7caca1807bd93e7e28846c82b8c0538af034740e6e7d5106,"{""distance"":7,""physical_error_rate"":0.0005}","{""detection_events"":1467,""detectors_checked"":616448}"
    569344,         2,         0,   120.0,exact_mw,c34bb01325b9980f7caca1807bd93e7e28846c82b8c0538af034740e6e7d5106,"{""distance"":7,""physical_error_rate"":0.0005}","{""detection_events"":843159,""detectors_checked"":342745088,""obs_mistake_mask=E"":2}"
      1024,         0,         0,   0.138,exact_mw,c34bb01325b9980f7caca1807bd93e7e28846c82b8c0538af034740e6e7d5106,"{""distance"":7,""physical_error_rate"":0.0005}","{""detection_events"":1483,""detectors_checked"":616448}"
      1024,         0,         0,   0.320,exact_mw,c34bb01325b9980f7caca1807bd93e7e28846c82b8c0538af034740e6e7d5106,"{""distance"":7,""physical_error_rate"":0.0005}","{""detection_events"":1595,""detectors_checked"":616448}"
      1024,         0,         0,   0.239,exact_mw,c34bb01325b9980f7caca1807bd93e7e28846c82b8c0538af034740e6e7d5106,"{""distance"":7,""physical_error_rate"":0.0005}","{""detection_events"":1468,""detectors_checked"":616448}"
      1024,         0,         0,   0.191,exact_mw,c34bb01325b9980f7caca1807bd93e7e28846c82b8c0538af034740e6e7d5106,"{""distance"":7,""physical_error_rate"":0.0005}","{""detection_events"":1484,""detectors_checked"":616448}"
     15360,         0,         0,    1.62,exact_mw,c34bb01325b9980f7caca1807bd93e7e28846c82b8c0538af034740e6e7d5106,"{""distance"":7,""physical_error_rate"":0.0005}","{""detection_events"":22679,""detectors_checked"":9246720}"
      1024,         0,         0,   0.264,exact_mw,c34bb01325b9980f7caca1807bd93e7e28846c82b8c0538af034740e6e7d5106,"{""distance"":7,""physical_error_rate"":0.0005}","{""detection_events"":1639,""detectors_checked"":616448}"
      1024,         0,         0,   0.352,exact_mw,c34bb01325b9980f7caca1807bd93e7e28846c82b8c0538af034740e6e7d5106,"{""distance"":7,""physical_error_rate"":0.0005}","{""detection_events"":1526,""detectors_checked"":616448}"
     25600,         0,         0,    2.18,exact_mw,c34bb01325b9980f7caca1807bd93e7e28846c82b8c0538af034740e6e7d5106,"{""distance"":7,""physical_error_rate"":0.0005}","{""detection_events"":37961,""detectors_checked"":15411200}"
      1024,         0,         0,   0.253,exact_mw,c34bb01325b9980f7caca1807bd93e7e28846c82b8c0538af034740e6e7d5106,"{""distance"":7,""physical_error_rate"":0.0005}","{""detection_events"":1538,""detectors_checked"":616448}"
      1024,         0,         0,   0.197,exact_mw,c34bb01325b9980f7caca1807bd93e7e28846c82b8c0538af034740e6e7d5106,"{""distance"":7,""physical_error_rate"":0.0005}","{""detection_events"":1555,""detectors_checked"":616448}"
      5120,         0,         0,   0.806,exact_mw,c34bb01325b9980f7caca1807bd93e7e28846c82b8c0538af034740e6e7d5106,"{""distance"":7,""physical_error_rate"":0.0005}","{""detection_events"":7894,""detectors_checked"":3082240}"
      1024,         0,         0,   0.173,exact_mw,c34bb01325b9980f7caca1807bd93e7e28846c82b8c0538af034740e6e7d5106,"{""distance"":7,""physical_error_rate"":0.0005}","{""detection_events"":1503,""detectors_checked"":616448}"
      1024,         0,         0,   0.248,exact_mw,c34bb01325b9980f7caca1807bd93e7e28846c82b8c0538af034740e6e7d5106,"{""distance"":7,""physical_error_rate"":0.0005}","{""detection_events"":1404,""detectors_checked"":616448}"
       273,         0,         0,   0.050,exact_mw,c34bb01325b9980f7caca1807bd93e7e28846c82b8c0538af034740e6e7d5106,"{""distance"":7,""physical_error_rate"":0.0005}","{""detection_events"":310,""detectors_checked"":164346}"
      1024,         0,         0,   0.294,exact_mw,c34bb01325b9980f7caca1807bd93e7e28846c82b8c0538af034740e6e7d5106,"{""distance"":7,""physical_error_rate"":0.0005}","{""detection_events"":1487,""detectors_checked"":616448}"
      1024,         0,         0,   0.218,exact_mw,c34bb01325b9980f7caca1807bd93e7e28846c82b8c0538af034740e6e7d5106,"{""distance"":7,""physical_error_rate"":0.0005}","{""detection_events"":1386,""detectors_checked"":616448}"
      1024,         0,         0,   0.276,exact_mw,c34bb01325b9980f7caca1807bd93e7e28846c82b8c0538af034740e6e7d5106,"{""distance"":7,""physical_error_rate"":0.0005}","{""detection_events"":1576,""detectors_checked"":616448}"
     46080,         1,         0,    4.32,exact_mw,c34bb01325b9980f7caca1807bd93e7e28846c82b8c0538af034740e6e7d5106,"{""distance"":7,""physical_error_rate"":0.0005}","{""detection_events"":67949,""detectors_checked"":27740160,""obs_mistake_mask=E"":1}"
        17,         0,         0,   0.023,exact_mw,c34bb01325b9980f7caca1807bd93e7e28846c82b8c0538af034740e6e7d5106,"{""distance"":7,""physical_error_rate"":0.0005}","{""detection_events"":32,""detectors_checked"":10234}"
      1024,         0,         0,   0.212,exact_mw,c34bb01325b9980f7caca1807bd93e7e28846c82b8c0538af034740e6e7d5106,"{""distance"":7,""physical_error_rate"":0.0005}","{""detection_events"":1403,""detectors_checked"":616448}"
      1024,         0,         0,   0.407,exact_mw,c34bb01325b9980f7caca1807bd93e7e28846c82b8c0538af034740e6e7d5106,"{""distance"":7,""physical_error_rate"":0.0005}","{""detection_events"":1478,""detectors_checked"":616448}"
      1024,         0,         0,   0.346,exact_mw,c34bb01325b9980f7caca1807bd93e7e28846c82b8c0538af034740e6e7d5106,"{""distance"":7,""physical_error_rate"":0.0005}","{""detection_events"":1419,""detectors_checked"":616448}"
     11264,         0,         0,    1.56,exact_mw,c34bb01325b9980f7caca1807bd93e7e28846c82b8c0538af034740e6e7d5106,"{""distance"":7,""physical_error_rate"":0.0005}","{""detection_events"":16683,""detectors_checked"":6780928}"
      1024,         0,         0,   0.262,exact_mw,c34bb01325b9980f7caca1807bd93e7e28846c82b8c0538af034740e6e7d5106,"{""distance"":7,""physical_error_rate"":0.0005}","{""detection_events"":1477,""detectors_checked"":616448}"
      1280,         0,         0,   0.176,exact_mw,c34bb01325b9980f7caca1807bd93e7e28846c82b8c0538af034740e6e7d5106,"{""distance"":7,""physical_error_rate"":0.0005}","{""detection_events"":1903,""detectors_checked"":770560}"
      1024,         0,         0,   0.222,exact_mw,c34bb01325b9980f7caca1807bd93e7e28846c82b8c0538af034740e6e7d5106,"{""distance"":7,""physical_error_rate"":0.0005}","{""detection_events"":1448,""detectors_checked"":616448}"
      1024,         0,         0,   0.247,exact_mw,c34bb01325b9980f7caca1807bd93e7e28846c82b8c0538af034740e6e7d5106,"{""distance"":7,""physical_error_rate"":0.0005}","{""detection_events"":1487,""detectors_checked"":616448}"
      1024,         0,         0,   0.204,exact_mw,c34bb01325b9980f7caca1807bd93e7e28846c82b8c0538af034740e6e7d5106,"{""distance"":7,""physical_error_rate"":0.0005}","{""detection_events"":1529,""detectors_checked"":616448}"
      1024,         0,         0,   0.241,exact_mw,c34bb01325b9980f7caca1807bd93e7e28846c82b8c0538af034740e6e7d5106,"{""distance"":7,""physical_error_rate"":0.0005}","{""detection_events"":1423,""detectors_checked"":616448}"
      1024,         0,         0,   0.130,exact_mw,c34bb01325b9980f7caca1807bd93e7e28846c82b8c0538af034740e6e7d5106,"{""distance"":7,""physical_error_rate"":0.0005}","{""detection_events"":1519,""detectors_checked"":616448}"
      1024,         0,         0,   0.298,exact_mw,c34bb01325b9980f7caca1807bd93e7e28846c82b8c0538af034740e6e7d5106,"{""distance"":7,""physical_error_rate"":0.0005}","{""detection_events"":1478,""detectors_checked"":616448}"
      2048,         0,         0,   0.513,exact_mw,c34bb01325b9980f7caca1807bd93e7e28846c82b8c0538af034740e6e7d5106,"{""distance"":7,""physical_error_rate"":0.0005}","{""detection_events"":3283,""detectors_checked"":1232896}"
      2048,         0,         0,   0.351,exact_mw,c34bb01325b9980f7caca1807bd93e7e28846c82b8c0538af034740e6e7d5106,"{""distance"":7,""physical_error_rate"":0.0005}","{""detection_events"":3019,""detectors_checked"":1232896}"
      1024,         0,         0,   0.191,exact_mw,c34bb01325b9980f7caca1807bd93e7e28846c82b8c0538af034740e6e7d5106,"{""distance"":7,""physical_error_rate"":0.0005}","{""detection_events"":1551,""detectors_checked"":616448}"
      1024,         0,         0,   0.159,exact_mw,c34bb01325b9980f7caca1807bd93e7e28846c82b8c0538af034740e6e7d5106,"{""distance"":7,""physical_error_rate"":0.0005}","{""detection_events"":1490,""detectors_checked"":616448}"
      7168,         0,         0,    1.14,exact_mw,c34bb01325b9980f7caca1807bd93e7e28846c82b8c0538af034740e6e7d5106,"{""distance"":7,""physical_error_rate"":0.0005}","{""detection_events"":10776,""detectors_checked"":4315136}"
      1024,         0,         0,   0.218,exact_mw,c34bb01325b9980f7caca1807bd93e7e28846c82b8c0538af034740e6e7d5106,"{""distance"":7,""physical_error_rate"":0.0005}","{""detection_events"":1470,""detectors_checked"":616448}"
      1024,         0,         0,   0.153,exact_mw,c34bb01325b9980f7caca1807bd93e7e28846c82b8c0538af034740e6e7d5106,"{""distance"":7,""physical_error_rate"":0.0005}","{""detection_events"":1387,""detectors_checked"":616448}"
      1024,         0,         0,   0.268,exact_mw,c34bb01325b9980f7caca1807bd93e7e28846c82b8c0538af034740e6e7d5106,"{""distance"":7,""physical_error_rate"":0.0005}","{""detection_events"":1500,""detectors_checked"":616448}"
      1024,         0,         0,   0.110,exact_mw,c34bb01325b9980f7caca1807bd93e7e28846c82b8c0538af034740e6e7d5106,"{""distance"":7,""physical_error_rate"":0.0005}","{""detection_events"":1427,""detectors_checked"":616448}"
      1024,         0,         0,   0.214,exact_mw,c34bb01325b9980f7caca1807bd93e7e28846c82b8c0538af034740e6e7d5106,"{""distance"":7,""physical_error_rate"":0.0005}","{""detection_events"":1628,""detectors_checked"":616448}"
      1024,         0,         0,   0.243,exact_mw,c34bb01325b9980f7caca1807bd93e7e28846c82b8c0538af034740e6e7d5106,"{""distance"":7,""physical_error_rate"":0.0005}","{""detection_events"":1579,""detectors_checked"":616448}"
      1024,         0,         0,   0.145,exact_mw,c34bb01325b9980f7caca1807bd93e7e28846c82b8c0538af034740e6e7d5106,"{""distance"":7,""physical_error_rate"":0.0005}","{""detection_events"":1485,""detectors_checked"":616448}"
      3072,         0,         0,   0.569,exact_mw,c34bb01325b9980f7caca1807bd93e7e28846c82b8c0538af034740e6e7d5106,"{""distance"":7,""physical_error_rate"":0.0005}","{""detection_events"":4509,""detectors_checked"":1849344}"
      1024,         0,         0,   0.186,exact_mw,c34bb01325b9980f7caca1807bd93e7e28846c82b8c0538af034740e6e7d5106,"{""distance"":7,""physical_error_rate"":0.0005}","{""detection_events"":1491,""detectors_checked"":616448}"
      3072,         0,         0,   0.673,exact_mw,c34bb01325b9980f7caca1807bd93e7e28846c82b8c0538af034740e6e7d5106,"{""distance"":7,""physical_error_rate"":0.0005}","{""detection_events"":4545,""detectors_checked"":1849344}"
      1024,         0,         0,   0.184,exact_mw,c34bb01325b9980f7caca1807bd93e7e28846c82b8c0538af034740e6e7d5106,"{""distance"":7,""physical_error_rate"":0.0005}","{""detection_events"":1455,""detectors_checked"":616448}"
       273,         0,         0,   0.051,exact_mw,c34bb01325b9980f7caca1807bd93e7e28846c82b8c0538af034740e6e7d5106,"{""distance"":7,""physical_error_rate"":0.0005}","{""detection_events"":357,""detectors_checked"":164346}"
     29696,         0,         0,    2.20,exact_mw,c34bb01325b9980f7caca1807bd93e7e28846c82b8c0538af034740e6e7d5106,"{""distance"":7,""physical_error_rate"":0.0005}","{""detection_events"":44206,""detectors_checked"":17876992}"
      1024,         0,         0,   0.222,exact_mw,c34bb01325b9980f7caca1807bd93e7e28846c82b8c0538af034740e6e7d5106,"{""distance"":7,""physical_error_rate"":0.0005}","{""detection_events"":1633,""detectors_checked"":616448}"
      1024,         0,         0,   0.193,exact_mw,c34bb01325b9980f7caca1807bd93e7e28846c82b8c0538af034740e6e7d5106,"{""distance"":7,""physical_error_rate"":0.0005}","{""detection_events"":1551,""detectors_checked"":616448}"
      1024,         0,         0,   0.232,exact_mw,c34bb01325b9980f7caca1807bd93e7e28846c82b8c0538af034740e6e7d5106,"{""distance"":7,""physical_error_rate"":0.0005}","{""detection_events"":1535,""detectors_checked"":616448}"
      2048,         0,         0,   0.432,exact_mw,c34bb01325b9980f7caca1807bd93e7e28846c82b8c0538af034740e6e7d5106,"{""distance"":7,""physical_error_rate"":0.0005}","{""detection_events"":2972,""detectors_checked"":1232896}"
       273,         0,         0,   0.027,exact_mw,c34bb01325b9980f7caca1807bd93e7e28846c82b8c0538af034740e6e7d5106,"{""distance"":7,""physical_error_rate"":0.0005}","{""detection_events"":369,""detectors_checked"":164346}"
      1024,         0,         0,   0.244,exact_mw,c34bb01325b9980f7caca1807bd93e7e28846c82b8c0538af034740e6e7d5106,"{""distance"":7,""physical_error_rate"":0.0005}","{""detection_events"":1573,""detectors_checked"":616448}"
      1024,         0,         0,   0.261,exact_mw,c34bb01325b9980f7caca1807bd93e7e28846c82b8c0538af034740e6e7d5106,"{""distance"":7,""physical_error_rate"":0.0005}","{""detection_events"":1412,""detectors_checked"":616448}"
      3072,         0,         0,   0.632,exact_mw,c34bb01325b9980f7caca1807bd93e7e28846c82b8c0538af034740e6e7d5106,"{""distance"":7,""physical_error_rate"":0.0005}","{""detection_events"":4442,""detectors_checked"":1849344}"
      1024,         0,         0,   0.251,exact_mw,c34bb01325b9980f7caca1807bd93e7e28846c82b8c0538af034740e6e7d5106,"{""distance"":7,""physical_error_rate"":0.0005}","{""detection_events"":1415,""detectors_checked"":616448}"
      2048,         0,         0,   0.308,exact_mw,c34bb01325b9980f7caca1807bd93e7e28846c82b8c0538af034740e6e7d5106,"{""distance"":7,""physical_error_rate"":0.0005}","{""detection_events"":3075,""detectors_checked"":1232896}"
      1024,         0,         0,   0.248,exact_mw,c34bb01325b9980f7caca1807bd93e7e28846c82b8c0538af034740e6e7d5106,"{""distance"":7,""physical_error_rate"":0.0005}","{""detection_events"":1494,""detectors_checked"":616448}"
      2048,         0,         0,   0.488,exact_mw,c34bb01325b9980f7caca1807bd93e7e28846c82b8c0538af034740e6e7d5106,"{""distance"":7,""physical_error_rate"":0.0005}","{""detection_events"":3012,""detectors_checked"":1232896}"
      1024,         0,         0,   0.194,exact_mw,c34bb01325b9980f7caca1807bd93e7e28846c82b8c0538af034740e6e7d5106,"{""distance"":7,""physical_error_rate"":0.0005}","{""detection_events"":1531,""detectors_checked"":616448}"
      2048,         0,         0,   0.411,exact_mw,c34bb01325b9980f7caca1807bd93e7e28846c82b8c0538af034740e6e7d5106,"{""distance"":7,""physical_error_rate"":0.0005}","{""detection_events"":3039,""detectors_checked"":1232896}"
      1024,         0,         0,   0.163,exact_mw,c34bb01325b9980f7caca1807bd93e7e28846c82b8c0538af034740e6e7d5106,"{""distance"":7,""physical_error_rate"":0.0005}","{""detection_events"":1449,""detectors_checked"":616448}"
      1024,         0,         0,   0.195,exact_mw,c34bb01325b9980f7caca1807bd93e7e28846c82b8c0538af034740e6e7d5106,"{""distance"":7,""physical_error_rate"":0.0005}","{""detection_events"":1343,""detectors_checked"":616448}"
      3072,         0,         0,   0.401,exact_mw,c34bb01325b9980f7caca1807bd93e7e28846c82b8c0538af034740e6e7d5106,"{""distance"":7,""physical_error_rate"":0.0005}","{""detection_events"":4381,""detectors_checked"":1849344}"
      3072,         0,         0,    1.01,exact_mw,c34bb01325b9980f7caca1807bd93e7e28846c82b8c0538af034740e6e7d5106,"{""distance"":7,""physical_error_rate"":0.0005}","{""detection_events"":4435,""detectors_checked"":1849344}"
      1297,         0,         0,   0.198,exact_mw,c34bb01325b9980f7caca1807bd93e7e28846c82b8c0538af034740e6e7d5106,"{""distance"":7,""physical_error_rate"":0.0005}","{""detection_events"":2003,""detectors_checked"":780794}"
      1024,         0,         0,   0.165,exact_mw,c34bb01325b9980f7caca1807bd93e7e28846c82b8c0538af034740e6e7d5106,"{""distance"":7,""physical_error_rate"":0.0005}","{""detection_events"":1602,""detectors_checked"":616448}"
     13312,         1,         0,    2.20,exact_mw,c34bb01325b9980f7caca1807bd93e7e28846c82b8c0538af034740e6e7d5106,"{""distance"":7,""physical_error_rate"":0.0005}","{""detection_events"":19718,""detectors_checked"":8013824,""obs_mistake_mask=E"":1}"
     11264,         0,         0,    1.65,exact_mw,c34bb01325b9980f7caca1807bd93e7e28846c82b8c0538af034740e6e7d5106,"{""distance"":7,""physical_error_rate"":0.0005}","{""detection_events"":16846,""detectors_checked"":6780928}"
     37888,         0,         0,    3.05,exact_mw,c34bb01325b9980f7caca1807bd93e7e28846c82b8c0538af034740e6e7d5106,"{""distance"":7,""physical_error_rate"":0.0005}","{""detection_events"":56369,""detectors_checked"":22808576}"
      2048,         0,         0,   0.486,exact_mw,c34bb01325b9980f7caca1807bd93e7e28846c82b8c0538af034740e6e7d5106,"{""distance"":7,""physical_error_rate"":0.0005}","{""detection_events"":3123,""detectors_checked"":1232896}"
      1024,         0,         0,   0.249,exact_mw,c34bb01325b9980f7caca1807bd93e7e28846c82b8c0538af034740e6e7d5106,"{""distance"":7,""physical_error_rate"":0.0005}","{""detection_events"":1541,""detectors_checked"":616448}"
      1024,         0,         0,   0.251,exact_mw,c34bb01325b9980f7caca1807bd93e7e28846c82b8c0538af034740e6e7d5106,"{""distance"":7,""physical_error_rate"":0.0005}","{""detection_events"":1448,""detectors_checked"":616448}"
      1024,         0,         0,   0.308,exact_mw,c34bb01325b9980f7caca1807bd93e7e28846c82b8c0538af034740e6e7d5106,"{""distance"":7,""physical_error_rate"":0.0005}","{""detection_events"":1564,""detectors_checked"":616448}"
      3072,         0,         0,   0.596,exact_mw,c34bb01325b9980f7caca1807bd93e7e28846c82b8c0538af034740e6e7d5106,"{""distance"":7,""physical_error_rate"":0.0005}","{""detection_events"":4698,""detectors_checked"":1849344}"
      4096,         0,         0,   0.918,exact_mw,c34bb01325b9980f7caca1807bd93e7e28846c82b8c0538af034740e6e7d5106,"{""distance"":7,""physical_error_rate"":0.0005}","{""detection_events"":6216,""detectors_checked"":2465792}"
      1024,         0,         0,   0.217,exact_mw,c34bb01325b9980f7caca1807bd93e7e28846c82b8c0538af034740e6e7d5106,"{""distance"":7,""physical_error_rate"":0.0005}","{""detection_events"":1521,""detectors_checked"":616448}"
      1024,         0,         0,   0.190,exact_mw,c34bb01325b9980f7caca1807bd93e7e28846c82b8c0538af034740e6e7d5106,"{""distance"":7,""physical_error_rate"":0.0005}","{""detection_events"":1467,""detectors_checked"":616448}"
       273,         0,         0,   0.052,exact_mw,c34bb01325b9980f7caca1807bd93e7e28846c82b8c0538af034740e6e7d5106,"{""distance"":7,""physical_error_rate"":0.0005}","{""detection_events"":378,""detectors_checked"":164346}"
      1024,         0,         0,   0.265,exact_mw,c34bb01325b9980f7caca1807bd93e7e28846c82b8c0538af034740e6e7d5106,"{""distance"":7,""physical_error_rate"":0.0005}","{""detection_events"":1457,""detectors_checked"":616448}"
      4096,         0,         0,   0.645,exact_mw,c34bb01325b9980f7caca1807bd93e7e28846c82b8c0538af034740e6e7d5106,"{""distance"":7,""physical_error_rate"":0.0005}","{""detection_events"":6129,""detectors_checked"":2465792}"
      1024,         0,         0,   0.209,exact_mw,c34bb01325b9980f7caca1807bd93e7e28846c82b8c0538af034740e6e7d5106,"{""distance"":7,""physical_error_rate"":0.0005}","{""detection_events"":1406,""detectors_checked"":616448}"
      1024,         0,         0,   0.325,exact_mw,c34bb01325b9980f7caca1807bd93e7e28846c82b8c0538af034740e6e7d5106,"{""distance"":7,""physical_error_rate"":0.0005}","{""detection_events"":1543,""detectors_checked"":616448}"
      1024,         0,         0,   0.238,exact_mw,c34bb01325b9980f7caca1807bd93e7e28846c82b8c0538af034740e6e7d5106,"{""distance"":7,""physical_error_rate"":0.0005}","{""detection_events"":1438,""detectors_checked"":616448}"
      3072,         0,         0,   0.597,exact_mw,c34bb01325b9980f7caca1807bd93e7e28846c82b8c0538af034740e6e7d5106,"{""distance"":7,""physical_error_rate"":0.0005}","{""detection_events"":4512,""detectors_checked"":1849344}"
      1024,         0,         0,   0.298,exact_mw,c34bb01325b9980f7caca1807bd93e7e28846c82b8c0538af034740e6e7d5106,"{""distance"":7,""physical_error_rate"":0.0005}","{""detection_events"":1529,""detectors_checked"":616448}"
       273,         0,         0,   0.054,exact_mw,c34bb01325b9980f7caca1807bd93e7e28846c82b8c0538af034740e6e7d5106,"{""distance"":7,""physical_error_rate"":0.0005}","{""detection_events"":379,""detectors_checked"":164346}"
       273,         0,         0,   0.052,exact_mw,c34bb01325b9980f7caca1807bd93e7e28846c82b8c0538af034740e6e7d5106,"{""distance"":7,""physical_error_rate"":0.0005}","{""detection_events"":453,""detectors_checked"":164346}"
      1024,         0,         0,   0.189,exact_mw,c34bb01325b9980f7caca1807bd93e7e28846c82b8c0538af034740e6e7d5106,"{""distance"":7,""physical_error_rate"":0.0005}","{""detection_events"":1486,""detectors_checked"":616448}"
      1024,         0,         0,   0.197,exact_mw,c34bb01325b9980f7caca1807bd93e7e28846c82b8c0538af034740e6e7d5106,"{""distance"":7,""physical_error_rate"":0.0005}","{""detection_events"":1474,""detectors_checked"":616448}"
      1024,         0,         0,   0.193,exact_mw,c34bb01325b9980f7caca1807bd93e7e28846c82b8c0538af034740e6e7d5106,"{""distance"":7,""physical_error_rate"":0.0005}","{""detection_events"":1414,""detectors_checked"":616448}"
      2048,         0,         0,   0.381,exact_mw,c34bb01325b9980f7caca1807bd93e7e28846c82b8c0538af034740e6e7d5106,"{""distance"":7,""physical_error_rate"":0.0005}","{""detection_events"":2939,""detectors_checked"":1232896}"
      6144,         0,         0,    1.22,exact_mw,c34bb01325b9980f7caca1807bd93e7e28846c82b8c0538af034740e6e7d5106,"{""distance"":7,""physical_error_rate"":0.0005}","{""detection_events"":8633,""detectors_checked"":3698688}"
      1024,         0,         0,   0.245,exact_mw,c34bb01325b9980f7caca1807bd93e7e28846c82b8c0538af034740e6e7d5106,"{""distance"":7,""physical_error_rate"":0.0005}","{""detection_events"":1428,""detectors_checked"":616448}"
      1024,         0,         0,   0.271,exact_mw,c34bb01325b9980f7caca1807bd93e7e28846c82b8c0538af034740e6e7d5106,"{""distance"":7,""physical_error_rate"":0.0005}","{""detection_events"":1468,""detectors_checked"":616448}"
      1024,         0,         0,   0.238,exact_mw,c34bb01325b9980f7caca1807bd93e7e28846c82b8c0538af034740e6e7d5106,"{""distance"":7,""physical_error_rate"":0.0005}","{""detection_events"":1487,""detectors_checked"":616448}"
      1024,         0,         0,   0.247,exact_mw,c34bb01325b9980f7caca1807bd93e7e28846c82b8c0538af034740e6e7d5106,"{""distance"":7,""physical_error_rate"":0.0005}","{""detection_events"":1473,""detectors_checked"":616448}"
      3072,         0,         0,   0.809,exact_mw,c34bb01325b9980f7caca1807bd93e7e28846c82b8c0538af034740e6e7d5106,"{""distance"":7,""physical_error_rate"":0.0005}","{""detection_events"":4525,""detectors_checked"":1849344}"
      1024,         0,         0,   0.227,exact_mw,c34bb01325b9980f7caca1807bd93e7e28846c82b8c0538af034740e6e7d5106,"{""distance"":7,""physical_error_rate"":0.0005}","{""detection_events"":1504,""detectors_checked"":616448}"
      1024,         0,         0,   0.210,exact_mw,c34bb01325b9980f7caca1807bd93e7e28846c82b8c0538af034740e6e7d5106,"{""distance"":7,""physical_error_rate"":0.0005}","{""detection_events"":1378,""detectors_checked"":616448}"
      1024,         0,         0,   0.258,exact_mw,c34bb01325b9980f7caca1807bd93e7e28846c82b8c0538af034740e6e7d5106,"{""distance"":7,""physical_error_rate"":0.0005}","{""detection_events"":1520,""detectors_checked"":616448}"
      1024,         0,         0,   0.213,exact_mw,c34bb01325b9980f7caca1807bd93e7e28846c82b8c0538af034740e6e7d5106,"{""distance"":7,""physical_error_rate"":0.0005}","{""detection_events"":1620,""detectors_checked"":616448}"
      1024,         0,         0,   0.251,exact_mw,c34bb01325b9980f7caca1807bd93e7e28846c82b8c0538af034740e6e7d5106,"{""distance"":7,""physical_error_rate"":0.0005}","{""detection_events"":1528,""detectors_checked"":616448}"
      1024,         0,         0,   0.374,exact_mw,c34bb01325b9980f7caca1807bd93e7e28846c82b8c0538af034740e6e7d5106,"{""distance"":7,""physical_error_rate"":0.0005}","{""detection_events"":1611,""detectors_checked"":616448}"
      6144,         0,         0,   0.979,exact_mw,c34bb01325b9980f7caca1807bd93e7e28846c82b8c0538af034740e6e7d5106,"{""distance"":7,""physical_error_rate"":0.0005}","{""detection_events"":9175,""detectors_checked"":3698688}"
      1024,         0,         0,   0.178,exact_mw,c34bb01325b9980f7caca1807bd93e7e28846c82b8c0538af034740e6e7d5106,"{""distance"":7,""physical_error_rate"":0.0005}","{""detection_events"":1466,""detectors_checked"":616448}"
      2048,         0,         0,   0.489,exact_mw,c34bb01325b9980f7caca1807bd93e7e28846c82b8c0538af034740e6e7d5106,"{""distance"":7,""physical_error_rate"":0.0005}","{""detection_events"":2901,""detectors_checked"":1232896}"
      1024,         0,         0,   0.245,exact_mw,c34bb01325b9980f7caca1807bd93e7e28846c82b8c0538af034740e6e7d5106,"{""distance"":7,""physical_error_rate"":0.0005}","{""detection_events"":1539,""detectors_checked"":616448}"
      6144,         0,         0,    1.31,exact_mw,c34bb01325b9980f7caca1807bd93e7e28846c82b8c0538af034740e6e7d5106,"{""distance"":7,""physical_error_rate"":0.0005}","{""detection_events"":8648,""detectors_checked"":3698688}"
      1024,         0,         0,   0.303,exact_mw,c34bb01325b9980f7caca1807bd93e7e28846c82b8c0538af034740e6e7d5106,"{""distance"":7,""physical_error_rate"":0.0005}","{""detection_events"":1470,""detectors_checked"":616448}"
      1024,         0,         0,   0.216,exact_mw,c34bb01325b9980f7caca1807bd93e7e28846c82b8c0538af034740e6e7d5106,"{""distance"":7,""physical_error_rate"":0.0005}","{""detection_events"":1555,""detectors_checked"":616448}"
      5120,         0,         0,    1.03,exact_mw,c34bb01325b9980f7caca1807bd93e7e28846c82b8c0538af034740e6e7d5106,"{""distance"":7,""physical_error_rate"":0.0005}","{""detection_events"":7551,""detectors_checked"":3082240}"
      1024,         0,         0,   0.222,exact_mw,c34bb01325b9980f7caca1807bd93e7e28846c82b8c0538af034740e6e7d5106,"{""distance"":7,""physical_error_rate"":0.0005}","{""detection_events"":1524,""detectors_checked"":616448}"
       273,         0,         0,   0.086,exact_mw,c34bb01325b9980f7caca1807bd93e7e28846c82b8c0538af034740e6e7d5106,"{""distance"":7,""physical_error_rate"":0.0005}","{""detection_events"":399,""detectors_checked"":164346}"
      2048,         0,         0,   0.433,exact_mw,c34bb01325b9980f7caca1807bd93e7e28846c82b8c0538af034740e6e7d5106,"{""distance"":7,""physical_error_rate"":0.0005}","{""detection_events"":2899,""detectors_checked"":1232896}"
      1024,         0,         0,   0.169,exact_mw,c34bb01325b9980f7caca1807bd93e7e28846c82b8c0538af034740e6e7d5106,"{""distance"":7,""physical_error_rate"":0.0005}","{""detection_events"":1510,""detectors_checked"":616448}"
       273,         0,         0,   0.033,exact_mw,c34bb01325b9980f7caca1807bd93e7e28846c82b8c0538af034740e6e7d5106,"{""distance"":7,""physical_error_rate"":0.0005}","{""detection_events"":459,""detectors_checked"":164346}"
      1024,         0,         0,   0.292,exact_mw,c34bb01325b9980f7caca1807bd93e7e28846c82b8c0538af034740e6e7d5106,"{""distance"":7,""physical_error_rate"":0.0005}","{""detection_events"":1444,""detectors_checked"":616448}"
      1024,         0,         0,   0.242,exact_mw,c34bb01325b9980f7caca1807bd93e7e28846c82b8c0538af034740e6e7d5106,"{""distance"":7,""physical_error_rate"":0.0005}","{""detection_events"":1587,""detectors_checked"":616448}"
      1024,         0,         0,   0.190,exact_mw,c34bb01325b9980f7caca1807bd93e7e28846c82b8c0538af034740e6e7d5106,"{""distance"":7,""physical_error_rate"":0.0005}","{""detection_events"":1468,""detectors_checked"":616448}"
      1024,         0,         0,   0.188,exact_mw,c34bb01325b9980f7caca1807bd93e7e28846c82b8c0538af034740e6e7d5106,"{""distance"":7,""physical_error_rate"":0.0005}","{""detection_events"":1526,""detectors_checked"":616448}"
      4096,         0,         0,   0.833,exact_mw,c34bb01325b9980f7caca1807bd93e7e28846c82b8c0538af034740e6e7d5106,"{""distance"":7,""physical_error_rate"":0.0005}","{""detection_events"":6301,""detectors_checked"":2465792}"
       273,         0,         0,   0.084,exact_mw,c34bb01325b9980f7caca1807bd93e7e28846c82b8c0538af034740e6e7d5106,"{""distance"":7,""physical_error_rate"":0.0005}","{""detection_events"":423,""detectors_checked"":164346}"
      1024,         0,         0,   0.160,exact_mw,c34bb01325b9980f7caca1807bd93e7e28846c82b8c0538af034740e6e7d5106,"{""distance"":7,""physical_error_rate"":0.0005}","{""detection_events"":1398,""detectors_checked"":616448}"
      2048,         0,         0,   0.537,exact_mw,c34bb01325b9980f7caca1807bd93e7e28846c82b8c0538af034740e6e7d5106,"{""distance"":7,""physical_error_rate"":0.0005}","{""detection_events"":3328,""detectors_checked"":1232896}"
      1024,         0,         0,   0.212,exact_mw,c34bb01325b9980f7caca1807bd93e7e28846c82b8c0538af034740e6e7d5106,"{""distance"":7,""physical_error_rate"":0.0005}","{""detection_events"":1355,""detectors_checked"":616448}"
      1024,         0,         0,   0.190,exact_mw,c34bb01325b9980f7caca1807bd93e7e28846c82b8c0538af034740e6e7d5106,"{""distance"":7,""physical_error_rate"":0.0005}","{""detection_events"":1578,""detectors_checked"":616448}"
      1024,         0,         0,   0.242,exact_mw,c34bb01325b9980f7caca1807bd93e7e28846c82b8c0538af034740e6e7d5106,"{""distance"":7,""physical_error_rate"":0.0005}","{""detection_events"":1476,""detectors_checked"":616448}"
      1024,         0,         0,   0.234,exact_mw,c34bb01325b9980f7caca1807bd93e7e28846c82b8c0538af034740e6e7d5106,"{""distance"":7,""physical_error_rate"":0.0005}","{""detection_events"":1636,""detectors_checked"":616448}"
      1024,         0,         0,   0.165,exact_mw,c34bb01325b9980f7caca1807bd93e7e28846c82b8c0538af034740e6e7d5106,"{""distance"":7,""physical_error_rate"":0.0005}","{""detection_events"":1534,""detectors_checked"":616448}"
      1024,         0,         0,   0.148,exact_mw,c34bb01325b9980f7caca1807bd93e7e28846c82b8c0538af034740e6e7d5106,"{""distance"":7,""physical_error_rate"":0.0005}","{""detection_events"":1378,""detectors_checked"":616448}"
     14336,         0,         0,    2.28,exact_mw,c34bb01325b9980f7caca1807bd93e7e28846c82b8c0538af034740e6e7d5106,"{""distance"":7,""physical_error_rate"":0.0005}","{""detection_events"":21360,""detectors_checked"":8630272}"
      1024,         0,         0,   0.322,exact_mw,c34bb01325b9980f7caca1807bd93e7e28846c82b8c0538af034740e6e7d5106,"{""distance"":7,""physical_error_rate"":0.0005}","{""detection_events"":1485,""detectors_checked"":616448}"
         1,         0,         0,   0.001,exact_mw,c34bb01325b9980f7caca1807bd93e7e28846c82b8c0538af034740e6e7d5106,"{""distance"":7,""physical_error_rate"":0.0005}","{""detectors_checked"":602}"
       273,         0,         0,   0.031,exact_mw,c34bb01325b9980f7caca1807bd93e7e28846c82b8c0538af034740e6e7d5106,"{""distance"":7,""physical_error_rate"":0.0005}","{""detection_events"":325,""detectors_checked"":164346}"
         1,         0,         0,   0.001,exact_mw,c34bb01325b9980f7caca1807bd93e7e28846c82b8c0538af034740e6e7d5106,"{""distance"":7,""physical_error_rate"":0.0005}","{""detection_events"":2,""detectors_checked"":602}"
       272,         0,         0,   0.023,exact_mw,c34bb01325b9980f7caca1807bd93e7e28846c82b8c0538af034740e6e7d5106,"{""distance"":7,""physical_error_rate"":0.0005}","{""detection_events"":384,""detectors_checked"":163744}"
     21504,         0,         0,    3.23,exact_mw,c34bb01325b9980f7caca1807bd93e7e28846c82b8c0538af034740e6e7d5106,"{""distance"":7,""physical_error_rate"":0.0005}","{""detection_events"":32163,""detectors_checked"":12945408}"
      1024,         0,         0,   0.178,exact_mw,c34bb01325b9980f7caca1807bd93e7e28846c82b8c0538af034740e6e7d5106,"{""distance"":7,""physical_error_rate"":0.0005}","{""detection_events"":1447,""detectors_checked"":616448}"
       272,         0,         0,   0.082,exact_mw,c34bb01325b9980f7caca1807bd93e7e28846c82b8c0538af034740e6e7d5106,"{""distance"":7,""physical_error_rate"":0.0005}","{""detection_events"":441,""detectors_checked"":163744}"
      2048,         0,         0,   0.513,exact_mw,c34bb01325b9980f7caca1807bd93e7e28846c82b8c0538af034740e6e7d5106,"{""distance"":7,""physical_error_rate"":0.0005}","{""detection_events"":3148,""detectors_checked"":1232896}"
      1024,         0,         0,   0.137,exact_mw,c34bb01325b9980f7caca1807bd93e7e28846c82b8c0538af034740e6e7d5106,"{""distance"":7,""physical_error_rate"":0.0005}","{""detection_events"":1385,""detectors_checked"":616448}"
      1024,         0,         0,   0.215,exact_mw,c34bb01325b9980f7caca1807bd93e7e28846c82b8c0538af034740e6e7d5106,"{""distance"":7,""physical_error_rate"":0.0005}","{""detection_events"":1595,""detectors_checked"":616448}"
      1024,         0,         0,   0.214,exact_mw,c34bb01325b9980f7caca1807bd93e7e28846c82b8c0538af034740e6e7d5106,"{""distance"":7,""physical_error_rate"":0.0005}","{""detection_events"":1484,""detectors_checked"":616448}"
      1024,         0,         0,   0.315,exact_mw,c34bb01325b9980f7caca1807bd93e7e28846c82b8c0538af034740e6e7d5106,"{""distance"":7,""physical_error_rate"":0.0005}","{""detection_events"":1581,""detectors_checked"":616448}"
      1024,         0,         0,   0.212,exact_mw,c34bb01325b9980f7caca1807bd93e7e28846c82b8c0538af034740e6e7d5106,"{""distance"":7,""physical_error_rate"":0.0005}","{""detection_events"":1565,""detectors_checked"":616448}"
      1024,         0,         0,   0.162,exact_mw,c34bb01325b9980f7caca1807bd93e7e28846c82b8c0538af034740e6e7d5106,"{""distance"":7,""physical_error_rate"":0.0005}","{""detection_events"":1447,""detectors_checked"":616448}"
         1,         0,         0,   0.001,exact_mw,c34bb01325b9980f7caca1807bd93e7e28846c82b8c0538af034740e6e7d5106,"{""distance"":7,""physical_error_rate"":0.0005}","{""detection_events"":6,""detectors_checked"":602}"
      1024,         0,         0,   0.390,exact_mw,c34bb01325b9980f7caca1807bd93e7e28846c82b8c0538af034740e6e7d5106,"{""distance"":7,""physical_error_rate"":0.0005}","{""detection_events"":1578,""detectors_checked"":616448}"
      1024,         0,         0,   0.250,exact_mw,c34bb01325b9980f7caca1807bd93e7e28846c82b8c0538af034740e6e7d5106,"{""distance"":7,""physical_error_rate"":0.0005}","{""detection_events"":1717,""detectors_checked"":616448}"
      1024,         0,         0,   0.274,exact_mw,c34bb01325b9980f7caca1807bd93e7e28846c82b8c0538af034740e6e7d5106,"{""distance"":7,""physical_error_rate"":0.0005}","{""detection_events"":1488,""detectors_checked"":616448}"
      1024,         0,         0,   0.136,exact_mw,c34bb01325b9980f7caca1807bd93e7e28846c82b8c0538af034740e6e7d5106,"{""distance"":7,""physical_error_rate"":0.0005}","{""detection_events"":1494,""detectors_checked"":616448}"
      1024,         0,         0,   0.150,exact_mw,c34bb01325b9980f7caca1807bd93e7e28846c82b8c0538af034740e6e7d5106,"{""distance"":7,""physical_error_rate"":0.0005}","{""detection_events"":1543,""detectors_checked"":616448}"
      2048,         0,         0,   0.462,exact_mw,c34bb01325b9980f7caca1807bd93e7e28846c82b8c0538af034740e6e7d5106,"{""distance"":7,""physical_error_rate"":0.0005}","{""detection_events"":2984,""detectors_checked"":1232896}"
      1296,         0,         0,   0.160,exact_mw,c34bb01325b9980f7caca1807bd93e7e28846c82b8c0538af034740e6e7d5106,"{""distance"":7,""physical_error_rate"":0.0005}","{""detection_events"":1859,""detectors_checked"":780192}"
      1024,         0,         0,   0.145,exact_mw,c34bb01325b9980f7caca1807bd93e7e28846c82b8c0538af034740e6e7d5106,"{""distance"":7,""physical_error_rate"":0.0005}","{""detection_events"":1500,""detectors_checked"":616448}"
      3072,         0,         0,   0.625,exact_mw,c34bb01325b9980f7caca1807bd93e7e28846c82b8c0538af034740e6e7d5106,"{""distance"":7,""physical_error_rate"":0.0005}","{""detection_events"":4620,""detectors_checked"":1849344}"
      1024,         0,         0,   0.223,exact_mw,c34bb01325b9980f7caca1807bd93e7e28846c82b8c0538af034740e6e7d5106,"{""distance"":7,""physical_error_rate"":0.0005}","{""detection_events"":1470,""detectors_checked"":616448}"
      2048,         0,         0,   0.465,exact_mw,c34bb01325b9980f7caca1807bd93e7e28846c82b8c0538af034740e6e7d5106,"{""distance"":7,""physical_error_rate"":0.0005}","{""detection_events"":3073,""detectors_checked"":1232896}"
      1024,         0,         0,   0.268,exact_mw,c34bb01325b9980f7caca1807bd93e7e28846c82b8c0538af034740e6e7d5106,"{""distance"":7,""physical_error_rate"":0.0005}","{""detection_events"":1710,""detectors_checked"":616448}"
      1024,         0,         0,   0.169,exact_mw,c34bb01325b9980f7caca1807bd93e7e28846c82b8c0538af034740e6e7d5106,"{""distance"":7,""physical_error_rate"":0.0005}","{""detection_events"":1564,""detectors_checked"":616448}"
      1024,         0,         0,   0.162,exact_mw,c34bb01325b9980f7caca1807bd93e7e28846c82b8c0538af034740e6e7d5106,"{""distance"":7,""physical_error_rate"":0.0005}","{""detection_events"":1385,""detectors_checked"":616448}"
      1024,         0,         0,   0.141,exact_mw,c34bb01325b9980f7caca1807bd93e7e28846c82b8c0538af034740e6e7d5106,"{""distance"":7,""physical_error_rate"":0.0005}","{""detection_events"":1400,""detectors_checked"":616448}"
      1024,         0,         0,   0.274,exact_mw,c34bb01325b9980f7caca1807bd93e7e28846c82b8c0538af034740e6e7d5106,"{""distance"":7,""physical_error_rate"":0.0005}","{""detection_events"":1501,""detectors_checked"":616448}"
      6144,         0,         0,    1.28,exact_mw,c34bb01325b9980f7caca1807bd93e7e28846c82b8c0538af034740e6e7d5106,"{""distance"":7,""physical_error_rate"":0.0005}","{""detection_events"":8728,""detectors_checked"":3698688}"
        17,         0,         0,   0.001,exact_mw,c34bb01325b9980f7caca1807bd93e7e28846c82b8c0538af034740e6e7d5106,"{""distance"":7,""physical_error_rate"":0.0005}","{""detection_events"":20,""detectors_checked"":10234}"
         1,         0,         0,   0.001,exact_mw,c34bb01325b9980f7caca1807bd93e7e28846c82b8c0538af034740e6e7d5106,"{""distance"":7,""physical_error_rate"":0.0005}","{""detectors_checked"":602}"
      1024,         0,         0,   0.165,exact_mw,c34bb01325b9980f7caca1807bd93e7e28846c82b8c0538af034740e6e7d5106,"{""distance"":7,""physical_error_rate"":0.0005}","{""detection_events"":1545,""detectors_checked"":616448}"
      1024,         0,         0,   0.221,exact_mw,c34bb01325b9980f7caca1807bd93e7e28846c82b8c0538af034740e6e7d5106,"{""distance"":7,""physical_error_rate"":0.0005}","{""detection_events"":1566,""detectors_checked"":616448}"
       256,         0,         0,   0.058,exact_mw,c34bb01325b9980f7caca1807bd93e7e28846c82b8c0538af034740e6e7d5106,"{""distance"":7,""physical_error_rate"":0.0005}","{""detection_events"":399,""detectors_checked"":154112}"
       272,         0,         0,   0.028,exact_mw,c34bb01325b9980f7caca1807bd93e7e28846c82b8c0538af034740e6e7d5106,"{""distance"":7,""physical_error_rate"":0.0005}","{""detection_events"":367,""detectors_checked"":163744}"
      1024,         0,         0,   0.194,exact_mw,c34bb01325b9980f7caca1807bd93e7e28846c82b8c0538af034740e6e7d5106,"{""distance"":7,""physical_error_rate"":0.0005}","{""detection_events"":1649,""detectors_checked"":616448}"
      8192,         0,         0,    1.81,exact_mw,c34bb01325b9980f7caca1807bd93e7e28846c82b8c0538af034740e6e7d5106,"{""distance"":7,""physical_error_rate"":0.0005}","{""detection_events"":12137,""detectors_checked"":4931584}"
      1024,         0,         0,   0.168,exact_mw,c34bb01325b9980f7caca1807bd93e7e28846c82b8c0538af034740e6e7d5106,"{""distance"":7,""physical_error_rate"":0.0005}","{""detection_events"":1490,""detectors_checked"":616448}"
      1024,         0,         0,   0.197,exact_mw,c34bb01325b9980f7caca1807bd93e7e28846c82b8c0538af034740e6e7d5106,"{""distance"":7,""physical_error_rate"":0.0005}","{""detection_events"":1578,""detectors_checked"":616448}"
      1024,         0,         0,   0.269,exact_mw,c34bb01325b9980f7caca1807bd93e7e28846c82b8c0538af034740e6e7d5106,"{""distance"":7,""physical_error_rate"":0.0005}","{""detection_events"":1660,""detectors_checked"":616448}"
      1024,         0,         0,   0.124,exact_mw,c34bb01325b9980f7caca1807bd93e7e28846c82b8c0538af034740e6e7d5106,"{""distance"":7,""physical_error_rate"":0.0005}","{""detection_events"":1692,""detectors_checked"":616448}"
      6144,         0,         0,    1.27,exact_mw,c34bb01325b9980f7caca1807bd93e7e28846c82b8c0538af034740e6e7d5106,"{""distance"":7,""physical_error_rate"":0.0005}","{""detection_events"":9017,""detectors_checked"":3698688}"
      1024,         0,         0,   0.195,exact_mw,c34bb01325b9980f7caca1807bd93e7e28846c82b8c0538af034740e6e7d5106,"{""distance"":7,""physical_error_rate"":0.0005}","{""detection_events"":1428,""detectors_checked"":616448}"
      3072,         0,         0,   0.684,exact_mw,c34bb01325b9980f7caca1807bd93e7e28846c82b8c0538af034740e6e7d5106,"{""distance"":7,""physical_error_rate"":0.0005}","{""detection_events"":4665,""detectors_checked"":1849344}"
      1024,         0,         0,   0.160,exact_mw,c34bb01325b9980f7caca1807bd93e7e28846c82b8c0538af034740e6e7d5106,"{""distance"":7,""physical_error_rate"":0.0005}","{""detection_events"":1518,""detectors_checked"":616448}"
      1024,         0,         0,   0.165,exact_mw,c34bb01325b9980f7caca1807bd93e7e28846c82b8c0538af034740e6e7d5106,"{""distance"":7,""physical_error_rate"":0.0005}","{""detection_events"":1622,""detectors_checked"":616448}"
      1024,         0,         0,   0.162,exact_mw,c34bb01325b9980f7caca1807bd93e7e28846c82b8c0538af034740e6e7d5106,"{""distance"":7,""physical_error_rate"":0.0005}","{""detection_events"":1696,""detectors_checked"":616448}"
     20480,         0,         0,    3.12,exact_mw,c34bb01325b9980f7caca1807bd93e7e28846c82b8c0538af034740e6e7d5106,"{""distance"":7,""physical_error_rate"":0.0005}","{""detection_events"":30209,""detectors_checked"":12328960}"
      2048,         0,         0,   0.351,exact_mw,c34bb01325b9980f7caca1807bd93e7e28846c82b8c0538af034740e6e7d5106,"{""distance"":7,""physical_error_rate"":0.0005}","{""detection_events"":3036,""detectors_checked"":1232896}"
      1024,         0,         0,   0.288,exact_mw,c34bb01325b9980f7caca1807bd93e7e28846c82b8c0538af034740e6e7d5106,"{""distance"":7,""physical_error_rate"":0.0005}","{""detection_events"":1517,""detectors_checked"":616448}"
      1024,         0,         0,   0.249,exact_mw,c34bb01325b9980f7caca1807bd93e7e28846c82b8c0538af034740e6e7d5106,"{""distance"":7,""physical_error_rate"":0.0005}","{""detection_events"":1573,""detectors_checked"":616448}"
      2048,         0,         0,   0.460,exact_mw,c34bb01325b9980f7caca1807bd93e7e28846c82b8c0538af034740e6e7d5106,"{""distance"":7,""physical_error_rate"":0.0005}","{""detection_events"":3117,""detectors_checked"":1232896}"
      1024,         0,         0,   0.141,exact_mw,c34bb01325b9980f7caca1807bd93e7e28846c82b8c0538af034740e6e7d5106,"{""distance"":7,""physical_error_rate"":0.0005}","{""detection_events"":1613,""detectors_checked"":616448}"
      1024,         0,         0,   0.238,exact_mw,c34bb01325b9980f7caca1807bd93e7e28846c82b8c0538af034740e6e7d5106,"{""distance"":7,""physical_error_rate"":0.0005}","{""detection_events"":1552,""detectors_checked"":616448}"
      1024,         0,         0,   0.162,exact_mw,c34bb01325b9980f7caca1807bd93e7e28846c82b8c0538af034740e6e7d5106,"{""distance"":7,""physical_error_rate"":0.0005}","{""detection_events"":1442,""detectors_checked"":616448}"
      5120,         0,         0,    1.22,exact_mw,c34bb01325b9980f7caca1807bd93e7e28846c82b8c0538af034740e6e7d5106,"{""distance"":7,""physical_error_rate"":0.0005}","{""detection_events"":7774,""detectors_checked"":3082240}"
      1024,         0,         0,   0.152,exact_mw,c34bb01325b9980f7caca1807bd93e7e28846c82b8c0538af034740e6e7d5106,"{""distance"":7,""physical_error_rate"":0.0005}","{""detection_events"":1474,""detectors_checked"":616448}"
      1024,         0,         0,   0.196,exact_mw,c34bb01325b9980f7caca1807bd93e7e28846c82b8c0538af034740e6e7d5106,"{""distance"":7,""physical_error_rate"":0.0005}","{""detection_events"":1374,""detectors_checked"":616448}"
      1024,         0,         0,   0.134,exact_mw,c34bb01325b9980f7caca1807bd93e7e28846c82b8c0538af034740e6e7d5106,"{""distance"":7,""physical_error_rate"":0.0005}","{""detection_events"":1467,""detectors_checked"":616448}"
      1024,         0,         0,   0.240,exact_mw,c34bb01325b9980f7caca1807bd93e7e28846c82b8c0538af034740e6e7d5106,"{""distance"":7,""physical_error_rate"":0.0005}","{""detection_events"":1588,""detectors_checked"":616448}"
      1024,         0,         0,   0.093,exact_mw,c34bb01325b9980f7caca1807bd93e7e28846c82b8c0538af034740e6e7d5106,"{""distance"":7,""physical_error_rate"":0.0005}","{""detection_events"":1444,""detectors_checked"":616448}"
      6144,         0,         0,    1.60,exact_mw,c34bb01325b9980f7caca1807bd93e7e28846c82b8c0538af034740e6e7d5106,"{""distance"":7,""physical_error_rate"":0.0005}","{""detection_events"":9347,""detectors_checked"":3698688}"
      3072,         0,         0,   0.589,exact_mw,c34bb01325b9980f7caca1807bd93e7e28846c82b8c0538af034740e6e7d5106,"{""distance"":7,""physical_error_rate"":0.0005}","{""detection_events"":4562,""detectors_checked"":1849344}"
      1024,         0,         0,   0.296,exact_mw,c34bb01325b9980f7caca1807bd93e7e28846c82b8c0538af034740e6e7d5106,"{""distance"":7,""physical_error_rate"":0.0005}","{""detection_events"":1528,""detectors_checked"":616448}"
      1024,         0,         0,   0.259,exact_mw,c34bb01325b9980f7caca1807bd93e7e28846c82b8c0538af034740e6e7d5106,"{""distance"":7,""physical_error_rate"":0.0005}","{""detection_events"":1620,""detectors_checked"":616448}"
      1024,         0,         0,   0.167,exact_mw,c34bb01325b9980f7caca1807bd93e7e28846c82b8c0538af034740e6e7d5106,"{""distance"":7,""physical_error_rate"":0.0005}","{""detection_events"":1521,""detectors_checked"":616448}"
      1024,         0,         0,   0.160,exact_mw,c34bb01325b9980f7caca1807bd93e7e28846c82b8c0538af034740e6e7d5106,"{""distance"":7,""physical_error_rate"":0.0005}","{""detection_events"":1506,""detectors_checked"":616448}"
      1024,         0,         0,   0.207,exact_mw,c34bb01325b9980f7caca1807bd93e7e28846c82b8c0538af034740e6e7d5106,"{""distance"":7,""physical_error_rate"":0.0005}","{""detection_events"":1484,""detectors_checked"":616448}"
      1024,         0,         0,   0.159,exact_mw,c34bb01325b9980f7caca1807bd93e7e28846c82b8c0538af034740e6e7d5106,"{""distance"":7,""physical_error_rate"":0.0005}","{""detection_events"":1445,""detectors_checked"":616448}"
      1024,         0,         0,   0.192,exact_mw,c34bb01325b9980f7caca1807bd93e7e28846c82b8c0538af034740e6e7d5106,"{""distance"":7,""physical_error_rate"":0.0005}","{""detection_events"":1569,""detectors_checked"":616448}"
      2048,         0,         0,   0.430,exact_mw,c34bb01325b9980f7caca1807bd93e7e28846c82b8c0538af034740e6e7d5106,"{""distance"":7,""physical_error_rate"":0.0005}","{""detection_events"":2820,""detectors_checked"":1232896}"
      2048,         0,         0,   0.349,exact_mw,c34bb01325b9980f7caca1807bd93e7e28846c82b8c0538af034740e6e7d5106,"{""distance"":7,""physical_error_rate"":0.0005}","{""detection_events"":2946,""detectors_checked"":1232896}"
      1024,         0,         0,   0.265,exact_mw,c34bb01325b9980f7caca1807bd93e7e28846c82b8c0538af034740e6e7d5106,"{""distance"":7,""physical_error_rate"":0.0005}","{""detection_events"":1597,""detectors_checked"":616448}"
      1024,         0,         0,   0.239,exact_mw,c34bb01325b9980f7caca1807bd93e7e28846c82b8c0538af034740e6e7d5106,"{""distance"":7,""physical_error_rate"":0.0005}","{""detection_events"":1473,""detectors_checked"":616448}"
      5120,         0,         0,   0.815,exact_mw,c34bb01325b9980f7caca1807bd93e7e28846c82b8c0538af034740e6e7d5106,"{""distance"":7,""physical_error_rate"":0.0005}","{""detection_events"":7783,""detectors_checked"":3082240}"
      1024,         0,         0,   0.193,exact_mw,c34bb01325b9980f7caca1807bd93e7e28846c82b8c0538af034740e6e7d5106,"{""distance"":7,""physical_error_rate"":0.0005}","{""detection_events"":1527,""detectors_checked"":616448}"
      2048,         0,         0,   0.431,exact_mw,c34bb01325b9980f7caca1807bd93e7e28846c82b8c0538af034740e6e7d5106,"{""distance"":7,""physical_error_rate"":0.0005}","{""detection_events"":3070,""detectors_checked"":1232896}"
      1024,         0,         0,   0.179,exact_mw,c34bb01325b9980f7caca1807bd93e7e28846c82b8c0538af034740e6e7d5106,"{""distance"":7,""physical_error_rate"":0.0005}","{""detection_events"":1406,""detectors_checked"":616448}"
    405504,         2,         0,   120.0,exact_mw,c34bb01325b9980f7caca1807bd93e7e28846c82b8c0538af034740e6e7d5106,"{""distance"":7,""physical_error_rate"":0.0005}","{""detection_events"":600228,""detectors_checked"":244113408,""obs_mistake_mask=E"":2}"
      1024,         0,         0,   0.214,exact_mw,c34bb01325b9980f7caca1807bd93e7e28846c82b8c0538af034740e6e7d5106,"{""distance"":7,""physical_error_rate"":0.0005}","{""detection_events"":1591,""detectors_checked"":616448}"
      1024,         0,         0,   0.164,exact_mw,c34bb01325b9980f7caca1807bd93e7e28846c82b8c0538af034740e6e7d5106,"{""distance"":7,""physical_error_rate"":0.0005}","{""detection_events"":1498,""detectors_checked"":616448}"
      1024,         0,         0,   0.247,exact_mw,c34bb01325b9980f7caca1807bd93e7e28846c82b8c0538af034740e6e7d5106,"{""distance"":7,""physical_error_rate"":0.0005}","{""detection_events"":1643,""detectors_checked"":616448}"
     60416,         1,         0,    6.05,exact_mw,c34bb01325b9980f7caca1807bd93e7e28846c82b8c0538af034740e6e7d5106,"{""distance"":7,""physical_error_rate"":0.0005}","{""detection_events"":90876,""detectors_checked"":36370432,""obs_mistake_mask=E"":1}"
      1024,         0,         0,   0.236,exact_mw,c34bb01325b9980f7caca1807bd93e7e28846c82b8c0538af034740e6e7d5106,"{""distance"":7,""physical_error_rate"":0.0005}","{""detection_events"":1477,""detectors_checked"":616448}"
      1024,         0,         0,   0.192,exact_mw,c34bb01325b9980f7caca1807bd93e7e28846c82b8c0538af034740e6e7d5106,"{""distance"":7,""physical_error_rate"":0.0005}","{""detection_events"":1543,""detectors_checked"":616448}"
      2048,         0,         0,   0.274,exact_mw,c34bb01325b9980f7caca1807bd93e7e28846c82b8c0538af034740e6e7d5106,"{""distance"":7,""physical_error_rate"":0.0005}","{""detection_events"":2871,""detectors_checked"":1232896}"
      1024,         0,         0,   0.139,exact_mw,c34bb01325b9980f7caca1807bd93e7e28846c82b8c0538af034740e6e7d5106,"{""distance"":7,""physical_error_rate"":0.0005}","{""detection_events"":1388,""detectors_checked"":616448}"
      1024,         0,         0,   0.296,exact_mw,c34bb01325b9980f7caca1807bd93e7e28846c82b8c0538af034740e6e7d5106,"{""distance"":7,""physical_error_rate"":0.0005}","{""detection_events"":1542,""detectors_checked"":616448}"
      1024,         0,         0,   0.138,exact_mw,c34bb01325b9980f7caca1807bd93e7e28846c82b8c0538af034740e6e7d5106,"{""distance"":7,""physical_error_rate"":0.0005}","{""detection_events"":1489,""detectors_checked"":616448}"
      1024,         0,         0,   0.211,exact_mw,c34bb01325b9980f7caca1807bd93e7e28846c82b8c0538af034740e6e7d5106,"{""distance"":7,""physical_error_rate"":0.0005}","{""detection_events"":1616,""detectors_checked"":616448}"
      1024,         0,         0,   0.194,exact_mw,c34bb01325b9980f7caca1807bd93e7e28846c82b8c0538af034740e6e7d5106,"{""distance"":7,""physical_error_rate"":0.0005}","{""detection_events"":1618,""detectors_checked"":616448}"
      1024,         0,         0,   0.270,exact_mw,c34bb01325b9980f7caca1807bd93e7e28846c82b8c0538af034740e6e7d5106,"{""distance"":7,""physical_error_rate"":0.0005}","{""detection_events"":1478,""detectors_checked"":616448}"
      1024,         1,         0,   0.243,exact_mw,c34bb01325b9980f7caca1807bd93e7e28846c82b8c0538af034740e6e7d5106,"{""distance"":7,""physical_error_rate"":0.0005}","{""detection_events"":1398,""detectors_checked"":616448,""obs_mistake_mask=E"":1}"
      1024,         0,         0,   0.273,exact_mw,c34bb01325b9980f7caca1807bd93e7e28846c82b8c0538af034740e6e7d5106,"{""distance"":7,""physical_error_rate"":0.0005}","{""detection_events"":1530,""detectors_checked"":616448}"
      1024,         0,         0,   0.239,exact_mw,c34bb01325b9980f7caca1807bd93e7e28846c82b8c0538af034740e6e7d5106,"{""distance"":7,""physical_error_rate"":0.0005}","{""detection_events"":1481,""detectors_checked"":616448}"
      5120,         0,         0,   0.894,exact_mw,c34bb01325b9980f7caca1807bd93e7e28846c82b8c0538af034740e6e7d5106,"{""distance"":7,""physical_error_rate"":0.0005}","{""detection_events"":7583,""detectors_checked"":3082240}"
      2048,         0,         0,   0.509,exact_mw,c34bb01325b9980f7caca1807bd93e7e28846c82b8c0538af034740e6e7d5106,"{""distance"":7,""physical_error_rate"":0.0005}","{""detection_events"":3001,""detectors_checked"":1232896}"
      1024,         0,         0,   0.149,exact_mw,c34bb01325b9980f7caca1807bd93e7e28846c82b8c0538af034740e6e7d5106,"{""distance"":7,""physical_error_rate"":0.0005}","{""detection_events"":1490,""detectors_checked"":616448}"
      3072,         0,         0,   0.673,exact_mw,c34bb01325b9980f7caca1807bd93e7e28846c82b8c0538af034740e6e7d5106,"{""distance"":7,""physical_error_rate"":0.0005}","{""detection_events"":4458,""detectors_checked"":1849344}"
      1024,         0,         0,   0.350,exact_mw,c34bb01325b9980f7caca1807bd93e7e28846c82b8c0538af034740e6e7d5106,"{""distance"":7,""physical_error_rate"":0.0005}","{""detection_events"":1631,""detectors_checked"":616448}"
      2048,         0,         0,   0.365,exact_mw,c34bb01325b9980f7caca1807bd93e7e28846c82b8c0538af034740e6e7d5106,"{""distance"":7,""physical_error_rate"":0.0005}","{""detection_events"":3180,""detectors_checked"":1232896}"
      1024,         0,         0,   0.169,exact_mw,c34bb01325b9980f7caca1807bd93e7e28846c82b8c0538af034740e6e7d5106,"{""distance"":7,""physical_error_rate"":0.0005}","{""detection_events"":1560,""detectors_checked"":616448}"
      3072,         0,         0,   0.683,exact_mw,c34bb01325b9980f7caca1807bd93e7e28846c82b8c0538af034740e6e7d5106,"{""distance"":7,""physical_error_rate"":0.0005}","{""detection_events"":4473,""detectors_checked"":1849344}"
      2048,         0,         0,   0.323,exact_mw,c34bb01325b9980f7caca1807bd93e7e28846c82b8c0538af034740e6e7d5106,"{""distance"":7,""physical_error_rate"":0.0005}","{""detection_events"":3047,""detectors_checked"":1232896}"
      3072,         0,         0,   0.598,exact_mw,c34bb01325b9980f7caca1807bd93e7e28846c82b8c0538af034740e6e7d5106,"{""distance"":7,""physical_error_rate"":0.0005}","{""detection_events"":4333,""detectors_checked"":1849344}"
      1024,         0,         0,   0.272,exact_mw,c34bb01325b9980f7caca1807bd93e7e28846c82b8c0538af034740e6e7d5106,"{""distance"":7,""physical_error_rate"":0.0005}","{""detection_events"":1571,""detectors_checked"":616448}"
      1024,         0,         0,   0.306,exact_mw,c34bb01325b9980f7caca1807bd93e7e28846c82b8c0538af034740e6e7d5106,"{""distance"":7,""physical_error_rate"":0.0005}","{""detection_events"":1438,""detectors_checked"":616448}"
      1024,         0,         0,   0.167,exact_mw,c34bb01325b9980f7caca1807bd93e7e28846c82b8c0538af034740e6e7d5106,"{""distance"":7,""physical_error_rate"":0.0005}","{""detection_events"":1547,""detectors_checked"":616448}"
       273,         0,         0,   0.057,exact_mw,c34bb01325b9980f7caca1807bd93e7e28846c82b8c0538af034740e6e7d5106,"{""distance"":7,""physical_error_rate"":0.0005}","{""detection_events"":405,""detectors_checked"":164346}"
      2048,         0,         0,   0.264,exact_mw,c34bb01325b9980f7caca1807bd93e7e28846c82b8c0538af034740e6e7d5106,"{""distance"":7,""physical_error_rate"":0.0005}","{""detection_events"":2937,""detectors_checked"":1232896}"
      1024,         0,         0,   0.187,exact_mw,c34bb01325b9980f7caca1807bd93e7e28846c82b8c0538af034740e6e7d5106,"{""distance"":7,""physical_error_rate"":0.0005}","{""detection_events"":1516,""detectors_checked"":616448}"
      2048,         0,         0,   0.412,exact_mw,c34bb01325b9980f7caca1807bd93e7e28846c82b8c0538af034740e6e7d5106,"{""distance"":7,""physical_error_rate"":0.0005}","{""detection_events"":2991,""detectors_checked"":1232896}"
     36864,         1,         0,    4.27,exact_mw,c34bb01325b9980f7caca1807bd93e7e28846c82b8c0538af034740e6e7d5106,"{""distance"":7,""physical_error_rate"":0.0005}","{""detection_events"":53994,""detectors_checked"":22192128,""obs_mistake_mask=E"":1}"
      2048,         0,         0,   0.537,exact_mw,c34bb01325b9980f7caca1807bd93e7e28846c82b8c0538af034740e6e7d5106,"{""distance"":7,""physical_error_rate"":0.0005}","{""detection_events"":3058,""detectors_checked"":1232896}"
      1024,         0,         0,   0.183,exact_mw,c34bb01325b9980f7caca1807bd93e7e28846c82b8c0538af034740e6e7d5106,"{""distance"":7,""physical_error_rate"":0.0005}","{""detection_events"":1378,""detectors_checked"":616448}"
      8192,         0,         0,    1.62,exact_mw,c34bb01325b9980f7caca1807bd93e7e28846c82b8c0538af034740e6e7d5106,"{""distance"":7,""physical_error_rate"":0.0005}","{""detection_events"":11912,""detectors_checked"":4931584}"
      4096,         0,         0,   0.608,exact_mw,c34bb01325b9980f7caca1807bd93e7e28846c82b8c0538af034740e6e7d5106,"{""distance"":7,""physical_error_rate"":0.0005}","{""detection_events"":6120,""detectors_checked"":2465792}"
      1024,         0,         0,   0.349,exact_mw,c34bb01325b9980f7caca1807bd93e7e28846c82b8c0538af034740e6e7d5106,"{""distance"":7,""physical_error_rate"":0.0005}","{""detection_events"":1575,""detectors_checked"":616448}"
      8192,         0,         0,    1.58,exact_mw,c34bb01325b9980f7caca1807bd93e7e28846c82b8c0538af034740e6e7d5106,"{""distance"":7,""physical_error_rate"":0.0005}","{""detection_events"":12215,""detectors_checked"":4931584}"
      3072,         0,         0,   0.584,exact_mw,c34bb01325b9980f7caca1807bd93e7e28846c82b8c0538af034740e6e7d5106,"{""distance"":7,""physical_error_rate"":0.0005}","{""detection_events"":4619,""detectors_checked"":1849344}"
      2048,         0,         0,   0.467,exact_mw,c34bb01325b9980f7caca1807bd93e7e28846c82b8c0538af034740e6e7d5106,"{""distance"":7,""physical_error_rate"":0.0005}","{""detection_events"":3213,""detectors_checked"":1232896}"
      2048,         0,         0,   0.461,exact_mw,c34bb01325b9980f7caca1807bd93e7e28846c82b8c0538af034740e6e7d5106,"{""distance"":7,""physical_error_rate"":0.0005}","{""detection_events"":2862,""detectors_checked"":1232896}"
      3072,         0,         0,   0.445,exact_mw,c34bb01325b9980f7caca1807bd93e7e28846c82b8c0538af034740e6e7d5106,"{""distance"":7,""physical_error_rate"":0.0005}","{""detection_events"":4498,""detectors_checked"":1849344}"
      1024,         0,         0,   0.324,exact_mw,c34bb01325b9980f7caca1807bd93e7e28846c82b8c0538af034740e6e7d5106,"{""distance"":7,""physical_error_rate"":0.0005}","{""detection_events"":1569,""detectors_checked"":616448}"
      2048,         0,         0,   0.406,exact_mw,c34bb01325b9980f7caca1807bd93e7e28846c82b8c0538af034740e6e7d5106,"{""distance"":7,""physical_error_rate"":0.0005}","{""detection_events"":3045,""detectors_checked"":1232896}"
      1024,         0,         0,   0.212,exact_mw,c34bb01325b9980f7caca1807bd93e7e28846c82b8c0538af034740e6e7d5106,"{""distance"":7,""physical_error_rate"":0.0005}","{""detection_events"":1605,""detectors_checked"":616448}"
      2048,         0,         0,   0.539,exact_mw,c34bb01325b9980f7caca1807bd93e7e28846c82b8c0538af034740e6e7d5106,"{""distance"":7,""physical_error_rate"":0.0005}","{""detection_events"":3176,""detectors_checked"":1232896}"
      3072,         0,         0,   0.808,exact_mw,c34bb01325b9980f7caca1807bd93e7e28846c82b8c0538af034740e6e7d5106,"{""distance"":7,""physical_error_rate"":0.0005}","{""detection_events"":4609,""detectors_checked"":1849344}"
      2048,         0,         0,   0.595,exact_mw,c34bb01325b9980f7caca1807bd93e7e28846c82b8c0538af034740e6e7d5106,"{""distance"":7,""physical_error_rate"":0.0005}","{""detection_events"":3215,""detectors_checked"":1232896}"
      7168,         0,         0,    1.27,exact_mw,c34bb01325b9980f7caca1807bd93e7e28846c82b8c0538af034740e6e7d5106,"{""distance"":7,""physical_error_rate"":0.0005}","{""detection_events"":10333,""detectors_checked"":4315136}"
      3072,         0,         0,   0.696,exact_mw,c34bb01325b9980f7caca1807bd93e7e28846c82b8c0538af034740e6e7d5106,"{""distance"":7,""physical_error_rate"":0.0005}","{""detection_events"":4516,""detectors_checked"":1849344}"
      2048,         0,         0,   0.535,exact_mw,c34bb01325b9980f7caca1807bd93e7e28846c82b8c0538af034740e6e7d5106,"{""distance"":7,""physical_error_rate"":0.0005}","{""detection_events"":3174,""detectors_checked"":1232896}"
      8192,         0,         0,    1.77,exact_mw,c34bb01325b9980f7caca1807bd93e7e28846c82b8c0538af034740e6e7d5106,"{""distance"":7,""physical_error_rate"":0.0005}","{""detection_events"":12216,""detectors_checked"":4931584}"
      1024,         0,         0,   0.243,exact_mw,c34bb01325b9980f7caca1807bd93e7e28846c82b8c0538af034740e6e7d5106,"{""distance"":7,""physical_error_rate"":0.0005}","{""detection_events"":1465,""detectors_checked"":616448}"
      7168,         0,         0,    1.22,exact_mw,c34bb01325b9980f7caca1807bd93e7e28846c82b8c0538af034740e6e7d5106,"{""distance"":7,""physical_error_rate"":0.0005}","{""detection_events"":11020,""detectors_checked"":4315136}"
      9216,         0,         0,    2.24,exact_mw,c34bb01325b9980f7caca1807bd93e7e28846c82b8c0538af034740e6e7d5106,"{""distance"":7,""physical_error_rate"":0.0005}","{""detection_events"":14101,""detectors_checked"":5548032}"
      2048,         0,         0,   0.511,exact_mw,c34bb01325b9980f7caca1807bd93e7e28846c82b8c0538af034740e6e7d5106,"{""distance"":7,""physical_error_rate"":0.0005}","{""detection_events"":3231,""detectors_checked"":1232896}"
      3072,         0,         0,   0.543,exact_mw,c34bb01325b9980f7caca1807bd93e7e28846c82b8c0538af034740e6e7d5106,"{""distance"":7,""physical_error_rate"":0.0005}","{""detection_events"":4694,""detectors_checked"":1849344}"
      3072,         0,         0,   0.490,exact_mw,c34bb01325b9980f7caca1807bd93e7e28846c82b8c0538af034740e6e7d5106,"{""distance"":7,""physical_error_rate"":0.0005}","{""detection_events"":4530,""detectors_checked"":1849344}"
      2048,         0,         0,   0.434,exact_mw,c34bb01325b9980f7caca1807bd93e7e28846c82b8c0538af034740e6e7d5106,"{""distance"":7,""physical_error_rate"":0.0005}","{""detection_events"":2975,""detectors_checked"":1232896}"
      2048,         0,         0,   0.404,exact_mw,c34bb01325b9980f7caca1807bd93e7e28846c82b8c0538af034740e6e7d5106,"{""distance"":7,""physical_error_rate"":0.0005}","{""detection_events"":2982,""detectors_checked"":1232896}"
      1024,         0,         0,   0.198,exact_mw,c34bb01325b9980f7caca1807bd93e7e28846c82b8c0538af034740e6e7d5106,"{""distance"":7,""physical_error_rate"":0.0005}","{""detection_events"":1510,""detectors_checked"":616448}"
      5120,         0,         0,    1.08,exact_mw,c34bb01325b9980f7caca1807bd93e7e28846c82b8c0538af034740e6e7d5106,"{""distance"":7,""physical_error_rate"":0.0005}","{""detection_events"":7673,""detectors_checked"":3082240}"
      3072,         0,         0,   0.643,exact_mw,c34bb01325b9980f7caca1807bd93e7e28846c82b8c0538af034740e6e7d5106,"{""distance"":7,""physical_error_rate"":0.0005}","{""detection_events"":4671,""detectors_checked"":1849344}"
      2048,         0,         0,   0.727,exact_mw,c34bb01325b9980f7caca1807bd93e7e28846c82b8c0538af034740e6e7d5106,"{""distance"":7,""physical_error_rate"":0.0005}","{""detection_events"":2973,""detectors_checked"":1232896}"
     20480,         0,         0,    3.18,exact_mw,c34bb01325b9980f7caca1807bd93e7e28846c82b8c0538af034740e6e7d5106,"{""distance"":7,""physical_error_rate"":0.0005}","{""detection_events"":30877,""detectors_checked"":12328960}"
      1024,         0,         0,   0.222,exact_mw,c34bb01325b9980f7caca1807bd93e7e28846c82b8c0538af034740e6e7d5106,"{""distance"":7,""physical_error_rate"":0.0005}","{""detection_events"":1625,""detectors_checked"":616448}"
      3072,         0,         0,   0.667,exact_mw,c34bb01325b9980f7caca1807bd93e7e28846c82b8c0538af034740e6e7d5106,"{""distance"":7,""physical_error_rate"":0.0005}","{""detection_events"":4464,""detectors_checked"":1849344}"
     11264,         0,         0,    2.24,exact_mw,c34bb01325b9980f7caca1807bd93e7e28846c82b8c0538af034740e6e7d5106,"{""distance"":7,""physical_error_rate"":0.0005}","{""detection_events"":16309,""detectors_checked"":6780928}"
      6144,         0,         0,   0.965,exact_mw,c34bb01325b9980f7caca1807bd93e7e28846c82b8c0538af034740e6e7d5106,"{""distance"":7,""physical_error_rate"":0.0005}","{""detection_events"":9273,""detectors_checked"":3698688}"
      3072,         0,         0,   0.678,exact_mw,c34bb01325b9980f7caca1807bd93e7e28846c82b8c0538af034740e6e7d5106,"{""distance"":7,""physical_error_rate"":0.0005}","{""detection_events"":4581,""detectors_checked"":1849344}"
      3072,         0,         0,   0.818,exact_mw,c34bb01325b9980f7caca1807bd93e7e28846c82b8c0538af034740e6e7d5106,"{""distance"":7,""physical_error_rate"":0.0005}","{""detection_events"":4519,""detectors_checked"":1849344}"
       273,         0,         0,   0.054,exact_mw,c34bb01325b9980f7caca1807bd93e7e28846c82b8c0538af034740e6e7d5106,"{""distance"":7,""physical_error_rate"":0.0005}","{""detection_events"":330,""detectors_checked"":164346}"
      1024,         0,         0,   0.218,exact_mw,c34bb01325b9980f7caca1807bd93e7e28846c82b8c0538af034740e6e7d5106,"{""distance"":7,""physical_error_rate"":0.0005}","{""detection_events"":1535,""detectors_checked"":616448}"
      3072,         0,         0,   0.554,exact_mw,c34bb01325b9980f7caca1807bd93e7e28846c82b8c0538af034740e6e7d5106,"{""distance"":7,""physical_error_rate"":0.0005}","{""detection_events"":4627,""detectors_checked"":1849344}"
      4096,         0,         0,   0.579,exact_mw,c34bb01325b9980f7caca1807bd93e7e28846c82b8c0538af034740e6e7d5106,"{""distance"":7,""physical_error_rate"":0.0005}","{""detection_events"":6022,""detectors_checked"":2465792}"
      3072,         0,         0,   0.631,exact_mw,c34bb01325b9980f7caca1807bd93e7e28846c82b8c0538af034740e6e7d5106,"{""distance"":7,""physical_error_rate"":0.0005}","{""detection_events"":4435,""detectors_checked"":1849344}"
      3072,         0,         0,   0.659,exact_mw,c34bb01325b9980f7caca1807bd93e7e28846c82b8c0538af034740e6e7d5106,"{""distance"":7,""physical_error_rate"":0.0005}","{""detection_events"":4535,""detectors_checked"":1849344}"
      1024,         0,         0,   0.219,exact_mw,c34bb01325b9980f7caca1807bd93e7e28846c82b8c0538af034740e6e7d5106,"{""distance"":7,""physical_error_rate"":0.0005}","{""detection_events"":1520,""detectors_checked"":616448}"
      4096,         0,         0,   0.703,exact_mw,c34bb01325b9980f7caca1807bd93e7e28846c82b8c0538af034740e6e7d5106,"{""distance"":7,""physical_error_rate"":0.0005}","{""detection_events"":6011,""detectors_checked"":2465792}"
      1024,         0,         0,   0.278,exact_mw,c34bb01325b9980f7caca1807bd93e7e28846c82b8c0538af034740e6e7d5106,"{""distance"":7,""physical_error_rate"":0.0005}","{""detection_events"":1482,""detectors_checked"":616448}"
      3072,         0,         0,   0.597,exact_mw,c34bb01325b9980f7caca1807bd93e7e28846c82b8c0538af034740e6e7d5106,"{""distance"":7,""physical_error_rate"":0.0005}","{""detection_events"":4522,""detectors_checked"":1849344}"
      1024,         0,         0,   0.170,exact_mw,c34bb01325b9980f7caca1807bd93e7e28846c82b8c0538af034740e6e7d5106,"{""distance"":7,""physical_error_rate"":0.0005}","{""detection_events"":1490,""detectors_checked"":616448}"
      6144,         0,         0,    1.35,exact_mw,c34bb01325b9980f7caca1807bd93e7e28846c82b8c0538af034740e6e7d5106,"{""distance"":7,""physical_error_rate"":0.0005}","{""detection_events"":8969,""detectors_checked"":3698688}"
      1024,         0,         0,   0.191,exact_mw,c34bb01325b9980f7caca1807bd93e7e28846c82b8c0538af034740e6e7d5106,"{""distance"":7,""physical_error_rate"":0.0005}","{""detection_events"":1484,""detectors_checked"":616448}"
      4096,         0,         0,   0.947,exact_mw,c34bb01325b9980f7caca1807bd93e7e28846c82b8c0538af034740e6e7d5106,"{""distance"":7,""physical_error_rate"":0.0005}","{""detection_events"":6086,""detectors_checked"":2465792}"
        17,         0,         0,   0.022,exact_mw,c34bb01325b9980f7caca1807bd93e7e28846c82b8c0538af034740e6e7d5106,"{""distance"":7,""physical_error_rate"":0.0005}","{""detection_events"":28,""detectors_checked"":10234}"
       256,         0,         0,   0.026,exact_mw,c34bb01325b9980f7caca1807bd93e7e28846c82b8c0538af034740e6e7d5106,"{""distance"":7,""physical_error_rate"":0.0005}","{""detection_events"":328,""detectors_checked"":154112}"
      1024,         0,         0,   0.248,exact_mw,c34bb01325b9980f7caca1807bd93e7e28846c82b8c0538af034740e6e7d5106,"{""distance"":7,""physical_error_rate"":0.0005}","{""detection_events"":1615,""detectors_checked"":616448}"
      3072,         0,         0,   0.858,exact_mw,c34bb01325b9980f7caca1807bd93e7e28846c82b8c0538af034740e6e7d5106,"{""distance"":7,""physical_error_rate"":0.0005}","{""detection_events"":4471,""detectors_checked"":1849344}"
      3072,         0,         0,   0.794,exact_mw,c34bb01325b9980f7caca1807bd93e7e28846c82b8c0538af034740e6e7d5106,"{""distance"":7,""physical_error_rate"":0.0005}","{""detection_events"":4657,""detectors_checked"":1849344}"
      7168,         0,         0,    1.58,exact_mw,c34bb01325b9980f7caca1807bd93e7e28846c82b8c0538af034740e6e7d5106,"{""distance"":7,""physical_error_rate"":0.0005}","{""detection_events"":10523,""detectors_checked"":4315136}"
      1024,         0,         0,   0.159,exact_mw,c34bb01325b9980f7caca1807bd93e7e28846c82b8c0538af034740e6e7d5106,"{""distance"":7,""physical_error_rate"":0.0005}","{""detection_events"":1645,""detectors_checked"":616448}"
      6144,         0,         0,    1.19,exact_mw,c34bb01325b9980f7caca1807bd93e7e28846c82b8c0538af034740e6e7d5106,"{""distance"":7,""physical_error_rate"":0.0005}","{""detection_events"":9120,""detectors_checked"":3698688}"
      1024,         0,         0,   0.268,exact_mw,c34bb01325b9980f7caca1807bd93e7e28846c82b8c0538af034740e6e7d5106,"{""distance"":7,""physical_error_rate"":0.0005}","{""detection_events"":1489,""detectors_checked"":616448}"
      3072,         0,         0,   0.752,exact_mw,c34bb01325b9980f7caca1807bd93e7e28846c82b8c0538af034740e6e7d5106,"{""distance"":7,""physical_error_rate"":0.0005}","{""detection_events"":4272,""detectors_checked"":1849344}"
     27648,         0,         0,    4.27,exact_mw,c34bb01325b9980f7caca1807bd93e7e28846c82b8c0538af034740e6e7d5106,"{""distance"":7,""physical_error_rate"":0.0005}","{""detection_events"":40520,""detectors_checked"":16644096}"
      1024,         0,         0,   0.147,exact_mw,c34bb01325b9980f7caca1807bd93e7e28846c82b8c0538af034740e6e7d5106,"{""distance"":7,""physical_error_rate"":0.0005}","{""detection_events"":1552,""detectors_checked"":616448}"
      1024,         0,         0,   0.278,exact_mw,c34bb01325b9980f7caca1807bd93e7e28846c82b8c0538af034740e6e7d5106,"{""distance"":7,""physical_error_rate"":0.0005}","{""detection_events"":1596,""detectors_checked"":616448}"
      5120,         0,         0,   0.847,exact_mw,c34bb01325b9980f7caca1807bd93e7e28846c82b8c0538af034740e6e7d5106,"{""distance"":7,""physical_error_rate"":0.0005}","{""detection_events"":7419,""detectors_checked"":3082240}"
      3072,         0,         0,   0.570,exact_mw,c34bb01325b9980f7caca1807bd93e7e28846c82b8c0538af034740e6e7d5106,"{""distance"":7,""physical_error_rate"":0.0005}","{""detection_events"":4437,""detectors_checked"":1849344}"
      9216,         0,         0,    2.18,exact_mw,c34bb01325b9980f7caca1807bd93e7e28846c82b8c0538af034740e6e7d5106,"{""distance"":7,""physical_error_rate"":0.0005}","{""detection_events"":13803,""detectors_checked"":5548032}"
      5120,         0,         0,   0.811,exact_mw,c34bb01325b9980f7caca1807bd93e7e28846c82b8c0538af034740e6e7d5106,"{""distance"":7,""physical_error_rate"":0.0005}","{""detection_events"":7549,""detectors_checked"":3082240}"
      7168,         0,         0,    1.22,exact_mw,c34bb01325b9980f7caca1807bd93e7e28846c82b8c0538af034740e6e7d5106,"{""distance"":7,""physical_error_rate"":0.0005}","{""detection_events"":10581,""detectors_checked"":4315136}"
      5120,         0,         0,   0.955,exact_mw,c34bb01325b9980f7caca1807bd93e7e28846c82b8c0538af034740e6e7d5106,"{""distance"":7,""physical_error_rate"":0.0005}","{""detection_events"":7454,""detectors_checked"":3082240}"
      6144,         0,         0,   0.932,exact_mw,c34bb01325b9980f7caca1807bd93e7e28846c82b8c0538af034740e6e7d5106,"{""distance"":7,""physical_error_rate"":0.0005}","{""detection_events"":9377,""detectors_checked"":3698688}"
     12288,         0,         0,    2.19,exact_mw,c34bb01325b9980f7caca1807bd93e7e28846c82b8c0538af034740e6e7d5106,"{""distance"":7,""physical_error_rate"":0.0005}","{""detection_events"":18144,""detectors_checked"":7397376}"
      5120,         0,         0,    1.16,exact_mw,c34bb01325b9980f7caca1807bd93e7e28846c82b8c0538af034740e6e7d5106,"{""distance"":7,""physical_error_rate"":0.0005}","{""detection_events"":7683,""detectors_checked"":3082240}"
      1024,         0,         0,   0.206,exact_mw,c34bb01325b9980f7caca1807bd93e7e28846c82b8c0538af034740e6e7d5106,"{""distance"":7,""physical_error_rate"":0.0005}","{""detection_events"":1489,""detectors_checked"":616448}"
      7168,         0,         0,    1.65,exact_mw,c34bb01325b9980f7caca1807bd93e7e28846c82b8c0538af034740e6e7d5106,"{""distance"":7,""physical_error_rate"":0.0005}","{""detection_events"":10777,""detectors_checked"":4315136}"
      1024,         0,         0,   0.271,exact_mw,c34bb01325b9980f7caca1807bd93e7e28846c82b8c0538af034740e6e7d5106,"{""distance"":7,""physical_error_rate"":0.0005}","{""detection_events"":1584,""detectors_checked"":616448}"
      2048,         0,         0,   0.464,exact_mw,c34bb01325b9980f7caca1807bd93e7e28846c82b8c0538af034740e6e7d5106,"{""distance"":7,""physical_error_rate"":0.0005}","{""detection_events"":3211,""detectors_checked"":1232896}"
      1024,         0,         0,   0.112,exact_mw,c34bb01325b9980f7caca1807bd93e7e28846c82b8c0538af034740e6e7d5106,"{""distance"":7,""physical_error_rate"":0.0005}","{""detection_events"":1543,""detectors_checked"":616448}"
      1024,         0,         0,   0.189,exact_mw,c34bb01325b9980f7caca1807bd93e7e28846c82b8c0538af034740e6e7d5106,"{""distance"":7,""physical_error_rate"":0.0005}","{""detection_events"":1488,""detectors_checked"":616448}"
      1024,         0,         0,   0.178,exact_mw,c34bb01325b9980f7caca1807bd93e7e28846c82b8c0538af034740e6e7d5106,"{""distance"":7,""physical_error_rate"":0.0005}","{""detection_events"":1499,""detectors_checked"":616448}"
      9216,         0,         0,    2.19,exact_mw,c34bb01325b9980f7caca1807bd93e7e28846c82b8c0538af034740e6e7d5106,"{""distance"":7,""physical_error_rate"":0.0005}","{""detection_events"":13950,""detectors_checked"":5548032}"
       273,         0,         0,   0.027,exact_mw,c34bb01325b9980f7caca1807bd93e7e28846c82b8c0538af034740e6e7d5106,"{""distance"":7,""physical_error_rate"":0.0005}","{""detection_events"":365,""detectors_checked"":164346}"
      1024,         0,         0,   0.145,exact_mw,c34bb01325b9980f7caca1807bd93e7e28846c82b8c0538af034740e6e7d5106,"{""distance"":7,""physical_error_rate"":0.0005}","{""detection_events"":1539,""detectors_checked"":616448}"
      1024,         0,         0,   0.167,exact_mw,c34bb01325b9980f7caca1807bd93e7e28846c82b8c0538af034740e6e7d5106,"{""distance"":7,""physical_error_rate"":0.0005}","{""detection_events"":1461,""detectors_checked"":616448}"
     28672,         0,         0,    4.26,exact_mw,c34bb01325b9980f7caca1807bd93e7e28846c82b8c0538af034740e6e7d5106,"{""distance"":7,""physical_error_rate"":0.0005}","{""detection_events"":42743,""detectors_checked"":17260544}"
      1024,         0,         0,   0.151,exact_mw,c34bb01325b9980f7caca1807bd93e7e28846c82b8c0538af034740e6e7d5106,"{""distance"":7,""physical_error_rate"":0.0005}","{""detection_events"":1478,""detectors_checked"":616448}"
      1024,         0,         0,   0.164,exact_mw,c34bb01325b9980f7caca1807bd93e7e28846c82b8c0538af034740e6e7d5106,"{""distance"":7,""physical_error_rate"":0.0005}","{""detection_events"":1589,""detectors_checked"":616448}"
      2048,         0,         0,   0.512,exact_mw,c34bb01325b9980f7caca1807bd93e7e28846c82b8c0538af034740e6e7d5106,"{""distance"":7,""physical_error_rate"":0.0005}","{""detection_events"":3095,""detectors_checked"":1232896}"
      5120,         0,         0,    1.21,exact_mw,c34bb01325b9980f7caca1807bd93e7e28846c82b8c0538af034740e6e7d5106,"{""distance"":7,""physical_error_rate"":0.0005}","{""detection_events"":7832,""detectors_checked"":3082240}"
      4096,         0,         0,   0.940,exact_mw,c34bb01325b9980f7caca1807bd93e7e28846c82b8c0538af034740e6e7d5106,"{""distance"":7,""physical_error_rate"":0.0005}","{""detection_events"":6050,""detectors_checked"":2465792}"
      6144,         0,         0,    1.12,exact_mw,c34bb01325b9980f7caca1807bd93e7e28846c82b8c0538af034740e6e7d5106,"{""distance"":7,""physical_error_rate"":0.0005}","{""detection_events"":8796,""detectors_checked"":3698688}"
      1024,         0,         0,   0.240,exact_mw,c34bb01325b9980f7caca1807bd93e7e28846c82b8c0538af034740e6e7d5106,"{""distance"":7,""physical_error_rate"":0.0005}","{""detection_events"":1516,""detectors_checked"":616448}"
         1,         0,         0,   0.019,exact_mw,c34bb01325b9980f7caca1807bd93e7e28846c82b8c0538af034740e6e7d5106,"{""distance"":7,""physical_error_rate"":0.0005}","{""detectors_checked"":602}"
      6144,         0,         0,    1.22,exact_mw,c34bb01325b9980f7caca1807bd93e7e28846c82b8c0538af034740e6e7d5106,"{""distance"":7,""physical_error_rate"":0.0005}","{""detection_events"":8788,""detectors_checked"":3698688}"
       272,         0,         0,   0.027,exact_mw,c34bb01325b9980f7caca1807bd93e7e28846c82b8c0538af034740e6e7d5106,"{""distance"":7,""physical_error_rate"":0.0005}","{""detection_events"":379,""detectors_checked"":163744}"
      1024,         0,         0,   0.164,exact_mw,c34bb01325b9980f7caca1807bd93e7e28846c82b8c0538af034740e6e7d5106,"{""distance"":7,""physical_error_rate"":0.0005}","{""detection_events"":1603,""detectors_checked"":616448}"
      5120,         0,         0,   0.922,exact_mw,c34bb01325b9980f7caca1807bd93e7e28846c82b8c0538af034740e6e7d5106,"{""distance"":7,""physical_error_rate"":0.0005}","{""detection_events"":7809,""detectors_checked"":3082240}"
      2048,         0,         0,   0.234,exact_mw,c34bb01325b9980f7caca1807bd93e7e28846c82b8c0538af034740e6e7d5106,"{""distance"":7,""physical_error_rate"":0.0005}","{""detection_events"":2902,""detectors_checked"":1232896}"
      1024,         0,         0,   0.243,exact_mw,c34bb01325b9980f7caca1807bd93e7e28846c82b8c0538af034740e6e7d5106,"{""distance"":7,""physical_error_rate"":0.0005}","{""detection_events"":1660,""detectors_checked"":616448}"
      1024,         0,         0,   0.193,exact_mw,c34bb01325b9980f7caca1807bd93e7e28846c82b8c0538af034740e6e7d5106,"{""distance"":7,""physical_error_rate"":0.0005}","{""detection_events"":1494,""detectors_checked"":616448}"
      7168,         0,         0,    1.13,exact_mw,c34bb01325b9980f7caca1807bd93e7e28846c82b8c0538af034740e6e7d5106,"{""distance"":7,""physical_error_rate"":0.0005}","{""detection_events"":10861,""detectors_checked"":4315136}"
      7168,         0,         0,    1.65,exact_mw,c34bb01325b9980f7caca1807bd93e7e28846c82b8c0538af034740e6e7d5106,"{""distance"":7,""physical_error_rate"":0.0005}","{""detection_events"":10856,""detectors_checked"":4315136}"
      1024,         0,         0,   0.275,exact_mw,c34bb01325b9980f7caca1807bd93e7e28846c82b8c0538af034740e6e7d5106,"{""distance"":7,""physical_error_rate"":0.0005}","{""detection_events"":1664,""detectors_checked"":616448}"
      7168,         0,         0,    1.14,exact_mw,c34bb01325b9980f7caca1807bd93e7e28846c82b8c0538af034740e6e7d5106,"{""distance"":7,""physical_error_rate"":0.0005}","{""detection_events"":10262,""detectors_checked"":4315136}"
      5120,         0,         0,    1.17,exact_mw,c34bb01325b9980f7caca1807bd93e7e28846c82b8c0538af034740e6e7d5106,"{""distance"":7,""physical_error_rate"":0.0005}","{""detection_events"":7579,""detectors_checked"":3082240}"
      1024,         0,         0,   0.215,exact_mw,c34bb01325b9980f7caca1807bd93e7e28846c82b8c0538af034740e6e7d5106,"{""distance"":7,""physical_error_rate"":0.0005}","{""detection_events"":1544,""detectors_checked"":616448}"
      9216,         0,         0,    1.58,exact_mw,c34bb01325b9980f7caca1807bd93e7e28846c82b8c0538af034740e6e7d5106,"{""distance"":7,""physical_error_rate"":0.0005}","{""detection_events"":13379,""detectors_checked"":5548032}"
      3072,         0,         0,   0.640,exact_mw,c34bb01325b9980f7caca1807bd93e7e28846c82b8c0538af034740e6e7d5106,"{""distance"":7,""physical_error_rate"":0.0005}","{""detection_events"":4645,""detectors_checked"":1849344}"
      3072,         0,         0,   0.460,exact_mw,c34bb01325b9980f7caca1807bd93e7e28846c82b8c0538af034740e6e7d5106,"{""distance"":7,""physical_error_rate"":0.0005}","{""detection_events"":4695,""detectors_checked"":1849344}"
      1024,         0,         0,   0.270,exact_mw,c34bb01325b9980f7caca1807bd93e7e28846c82b8c0538af034740e6e7d5106,"{""distance"":7,""physical_error_rate"":0.0005}","{""detection_events"":1486,""detectors_checked"":616448}"
      1024,         0,         0,   0.165,exact_mw,c34bb01325b9980f7caca1807bd93e7e28846c82b8c0538af034740e6e7d5106,"{""distance"":7,""physical_error_rate"":0.0005}","{""detection_events"":1420,""detectors_checked"":616448}"
      4096,         0,         0,    1.53,exact_mw,c34bb01325b9980f7caca1807bd93e7e28846c82b8c0538af034740e6e7d5106,"{""distance"":7,""physical_error_rate"":0.0005}","{""detection_events"":5964,""detectors_checked"":2465792}"
      2048,         0,         0,   0.536,exact_mw,c34bb01325b9980f7caca1807bd93e7e28846c82b8c0538af034740e6e7d5106,"{""distance"":7,""physical_error_rate"":0.0005}","{""detection_events"":3226,""detectors_checked"":1232896}"
      1024,         0,         0,   0.152,exact_mw,c34bb01325b9980f7caca1807bd93e7e28846c82b8c0538af034740e6e7d5106,"{""distance"":7,""physical_error_rate"":0.0005}","{""detection_events"":1595,""detectors_checked"":616448}"
       273,         0,         0,   0.052,exact_mw,c34bb01325b9980f7caca1807bd93e7e28846c82b8c0538af034740e6e7d5106,"{""distance"":7,""physical_error_rate"":0.0005}","{""detection_events"":440,""detectors_checked"":164346}"
      1024,         0,         0,   0.267,exact_mw,c34bb01325b9980f7caca1807bd93e7e28846c82b8c0538af034740e6e7d5106,"{""distance"":7,""physical_error_rate"":0.0005}","{""detection_events"":1563,""detectors_checked"":616448}"
     10240,         0,         0,    1.66,exact_mw,c34bb01325b9980f7caca1807bd93e7e28846c82b8c0538af034740e6e7d5106,"{""distance"":7,""physical_error_rate"":0.0005}","{""detection_events"":15125,""detectors_checked"":6164480}"
     13312,         0,         0,    3.27,exact_mw,c34bb01325b9980f7caca1807bd93e7e28846c82b8c0538af034740e6e7d5106,"{""distance"":7,""physical_error_rate"":0.0005}","{""detection_events"":19756,""detectors_checked"":8013824}"
      1024,         0,         0,   0.155,exact_mw,c34bb01325b9980f7caca1807bd93e7e28846c82b8c0538af034740e6e7d5106,"{""distance"":7,""physical_error_rate"":0.0005}","{""detection_events"":1529,""detectors_checked"":616448}"
      1024,         0,         0,   0.160,exact_mw,c34bb01325b9980f7caca1807bd93e7e28846c82b8c0538af034740e6e7d5106,"{""distance"":7,""physical_error_rate"":0.0005}","{""detection_events"":1495,""detectors_checked"":616448}"
      1024,         0,         0,   0.271,exact_mw,c34bb01325b9980f7caca1807bd93e7e28846c82b8c0538af034740e6e7d5106,"{""distance"":7,""physical_error_rate"":0.0005}","{""detection_events"":1531,""detectors_checked"":616448}"
      5120,         0,         0,    1.12,exact_mw,c34bb01325b9980f7caca1807bd93e7e28846c82b8c0538af034740e6e7d5106,"{""distance"":7,""physical_error_rate"":0.0005}","{""detection_events"":7889,""detectors_checked"":3082240}"
     10240,         0,         0,    1.78,exact_mw,c34bb01325b9980f7caca1807bd93e7e28846c82b8c0538af034740e6e7d5106,"{""distance"":7,""physical_error_rate"":0.0005}","{""detection_events"":15297,""detectors_checked"":6164480}"
       273,         0,         0,   0.062,exact_mw,c34bb01325b9980f7caca1807bd93e7e28846c82b8c0538af034740e6e7d5106,"{""distance"":7,""physical_error_rate"":0.0005}","{""detection_events"":324,""detectors_checked"":164346}"
      1024,         0,         0,   0.126,exact_mw,c34bb01325b9980f7caca1807bd93e7e28846c82b8c0538af034740e6e7d5106,"{""distance"":7,""physical_error_rate"":0.0005}","{""detection_events"":1477,""detectors_checked"":616448}"
      4096,         0,         0,   0.575,exact_mw,c34bb01325b9980f7caca1807bd93e7e28846c82b8c0538af034740e6e7d5106,"{""distance"":7,""physical_error_rate"":0.0005}","{""detection_events"":5951,""detectors_checked"":2465792}"
     10240,         0,         0,    2.29,exact_mw,c34bb01325b9980f7caca1807bd93e7e28846c82b8c0538af034740e6e7d5106,"{""distance"":7,""physical_error_rate"":0.0005}","{""detection_events"":15287,""detectors_checked"":6164480}"
     18432,         0,         0,    3.16,exact_mw,c34bb01325b9980f7caca1807bd93e7e28846c82b8c0538af034740e6e7d5106,"{""distance"":7,""physical_error_rate"":0.0005}","{""detection_events"":27174,""detectors_checked"":11096064}"
      1024,         0,         0,   0.190,exact_mw,c34bb01325b9980f7caca1807bd93e7e28846c82b8c0538af034740e6e7d5106,"{""distance"":7,""physical_error_rate"":0.0005}","{""detection_events"":1372,""detectors_checked"":616448}"
      5120,         0,         0,    1.19,exact_mw,c34bb01325b9980f7caca1807bd93e7e28846c82b8c0538af034740e6e7d5106,"{""distance"":7,""physical_error_rate"":0.0005}","{""detection_events"":7606,""detectors_checked"":3082240}"
      1024,         0,         0,   0.136,exact_mw,c34bb01325b9980f7caca1807bd93e7e28846c82b8c0538af034740e6e7d5106,"{""distance"":7,""physical_error_rate"":0.0005}","{""detection_events"":1447,""detectors_checked"":616448}"
      2048,         0,         0,   0.569,exact_mw,c34bb01325b9980f7caca1807bd93e7e28846c82b8c0538af034740e6e7d5106,"{""distance"":7,""physical_error_rate"":0.0005}","{""detection_events"":3195,""detectors_checked"":1232896}"
      1024,         0,         0,   0.324,exact_mw,c34bb01325b9980f7caca1807bd93e7e28846c82b8c0538af034740e6e7d5106,"{""distance"":7,""physical_error_rate"":0.0005}","{""detection_events"":1505,""detectors_checked"":616448}"
      1024,         0,         0,   0.165,exact_mw,c34bb01325b9980f7caca1807bd93e7e28846c82b8c0538af034740e6e7d5106,"{""distance"":7,""physical_error_rate"":0.0005}","{""detection_events"":1607,""detectors_checked"":616448}"
     11264,         0,         0,    2.22,exact_mw,c34bb01325b9980f7caca1807bd93e7e28846c82b8c0538af034740e6e7d5106,"{""distance"":7,""physical_error_rate"":0.0005}","{""detection_events"":16738,""detectors_checked"":6780928}"
      1024,         0,         0,   0.329,exact_mw,c34bb01325b9980f7caca1807bd93e7e28846c82b8c0538af034740e6e7d5106,"{""distance"":7,""physical_error_rate"":0.0005}","{""detection_events"":1526,""detectors_checked"":616448}"
      4096,         0,         0,   0.987,exact_mw,c34bb01325b9980f7caca1807bd93e7e28846c82b8c0538af034740e6e7d5106,"{""distance"":7,""physical_error_rate"":0.0005}","{""detection_events"":5850,""detectors_checked"":2465792}"
      1024,         0,         0,   0.152,exact_mw,c34bb01325b9980f7caca1807bd93e7e28846c82b8c0538af034740e6e7d5106,"{""distance"":7,""physical_error_rate"":0.0005}","{""detection_events"":1360,""detectors_checked"":616448}"
      7168,         1,         0,    1.67,exact_mw,c34bb01325b9980f7caca1807bd93e7e28846c82b8c0538af034740e6e7d5106,"{""distance"":7,""physical_error_rate"":0.0005}","{""detection_events"":10621,""detectors_checked"":4315136,""obs_mistake_mask=E"":1}"
     11264,         0,         0,    1.66,exact_mw,c34bb01325b9980f7caca1807bd93e7e28846c82b8c0538af034740e6e7d5106,"{""distance"":7,""physical_error_rate"":0.0005}","{""detection_events"":16625,""detectors_checked"":6780928}"
      1024,         0,         0,   0.570,exact_mw,c34bb01325b9980f7caca1807bd93e7e28846c82b8c0538af034740e6e7d5106,"{""distance"":7,""physical_error_rate"":0.0005}","{""detection_events"":1469,""detectors_checked"":616448}"
      1024,         0,         0,   0.150,exact_mw,c34bb01325b9980f7caca1807bd93e7e28846c82b8c0538af034740e6e7d5106,"{""distance"":7,""physical_error_rate"":0.0005}","{""detection_events"":1653,""detectors_checked"":616448}"
      4096,         0,         0,   0.575,exact_mw,c34bb01325b9980f7caca1807bd93e7e28846c82b8c0538af034740e6e7d5106,"{""distance"":7,""physical_error_rate"":0.0005}","{""detection_events"":5748,""detectors_checked"":2465792}"
      6144,         0,         0,    1.74,exact_mw,c34bb01325b9980f7caca1807bd93e7e28846c82b8c0538af034740e6e7d5106,"{""distance"":7,""physical_error_rate"":0.0005}","{""detection_events"":9106,""detectors_checked"":3698688}"
     10240,         0,         0,    1.60,exact_mw,c34bb01325b9980f7caca1807bd93e7e28846c82b8c0538af034740e6e7d5106,"{""distance"":7,""physical_error_rate"":0.0005}","{""detection_events"":14891,""detectors_checked"":6164480}"
      1024,         0,         0,   0.316,exact_mw,c34bb01325b9980f7caca1807bd93e7e28846c82b8c0538af034740e6e7d5106,"{""distance"":7,""physical_error_rate"":0.0005}","{""detection_events"":1575,""detectors_checked"":616448}"
      2048,         0,         0,   0.494,exact_mw,c34bb01325b9980f7caca1807bd93e7e28846c82b8c0538af034740e6e7d5106,"{""distance"":7,""physical_error_rate"":0.0005}","{""detection_events"":3148,""detectors_checked"":1232896}"
      1024,         0,         0,   0.144,exact_mw,c34bb01325b9980f7caca1807bd93e7e28846c82b8c0538af034740e6e7d5106,"{""distance"":7,""physical_error_rate"":0.0005}","{""detection_events"":1597,""detectors_checked"":616448}"
      3072,         0,         0,   0.617,exact_mw,c34bb01325b9980f7caca1807bd93e7e28846c82b8c0538af034740e6e7d5106,"{""distance"":7,""physical_error_rate"":0.0005}","{""detection_events"":4439,""detectors_checked"":1849344}"
      1024,         0,         0,   0.356,exact_mw,c34bb01325b9980f7caca1807bd93e7e28846c82b8c0538af034740e6e7d5106,"{""distance"":7,""physical_error_rate"":0.0005}","{""detection_events"":1518,""detectors_checked"":616448}"
      1024,         0,         0,   0.200,exact_mw,c34bb01325b9980f7caca1807bd93e7e28846c82b8c0538af034740e6e7d5106,"{""distance"":7,""physical_error_rate"":0.0005}","{""detection_events"":1553,""detectors_checked"":616448}"
      1024,         0,         0,   0.244,exact_mw,c34bb01325b9980f7caca1807bd93e7e28846c82b8c0538af034740e6e7d5106,"{""distance"":7,""physical_error_rate"":0.0005}","{""detection_events"":1503,""detectors_checked"":616448}"
     10240,         1,         0,    1.70,exact_mw,c34bb01325b9980f7caca1807bd93e7e28846c82b8c0538af034740e6e7d5106,"{""distance"":7,""physical_error_rate"":0.0005}","{""detection_events"":14788,""detectors_checked"":6164480,""obs_mistake_mask=E"":1}"
      6144,         0,         0,    1.73,exact_mw,c34bb01325b9980f7caca1807bd93e7e28846c82b8c0538af034740e6e7d5106,"{""distance"":7,""physical_error_rate"":0.0005}","{""detection_events"":9049,""detectors_checked"":3698688}"
     14336,         0,         0,    3.07,exact_mw,c34bb01325b9980f7caca1807bd93e7e28846c82b8c0538af034740e6e7d5106,"{""distance"":7,""physical_error_rate"":0.0005}","{""detection_events"":21265,""detectors_checked"":8630272}"
      2048,         0,         0,   0.348,exact_mw,c34bb01325b9980f7caca1807bd93e7e28846c82b8c0538af034740e6e7d5106,"{""distance"":7,""physical_error_rate"":0.0005}","{""detection_events"":2918,""detectors_checked"":1232896}"
      2048,         0,         0,   0.306,exact_mw,c34bb01325b9980f7caca1807bd93e7e28846c82b8c0538af034740e6e7d5106,"{""distance"":7,""physical_error_rate"":0.0005}","{""detection_events"":3070,""detectors_checked"":1232896}"
     19456,         0,         0,    3.16,exact_mw,c34bb01325b9980f7caca1807bd93e7e28846c82b8c0538af034740e6e7d5106,"{""distance"":7,""physical_error_rate"":0.0005}","{""detection_events"":28246,""detectors_checked"":11712512}"
      2048,         0,         0,   0.412,exact_mw,c34bb01325b9980f7caca1807bd93e7e28846c82b8c0538af034740e6e7d5106,"{""distance"":7,""physical_error_rate"":0.0005}","{""detection_events"":2968,""detectors_checked"":1232896}"
     17408,         0,         0,    4.58,exact_mw,c34bb01325b9980f7caca1807bd93e7e28846c82b8c0538af034740e6e7d5106,"{""distance"":7,""physical_error_rate"":0.0005}","{""detection_events"":25519,""detectors_checked"":10479616}"
      1024,         0,         0,   0.530,exact_mw,c34bb01325b9980f7caca1807bd93e7e28846c82b8c0538af034740e6e7d5106,"{""distance"":7,""physical_error_rate"":0.0005}","{""detection_events"":1544,""detectors_checked"":616448}"
     11264,         0,         0,    2.24,exact_mw,c34bb01325b9980f7caca1807bd93e7e28846c82b8c0538af034740e6e7d5106,"{""distance"":7,""physical_error_rate"":0.0005}","{""detection_events"":16470,""detectors_checked"":6780928}"
      6144,         0,         0,   0.938,exact_mw,c34bb01325b9980f7caca1807bd93e7e28846c82b8c0538af034740e6e7d5106,"{""distance"":7,""physical_error_rate"":0.0005}","{""detection_events"":9126,""detectors_checked"":3698688}"
      2048,         0,         0,   0.485,exact_mw,c34bb01325b9980f7caca1807bd93e7e28846c82b8c0538af034740e6e7d5106,"{""distance"":7,""physical_error_rate"":0.0005}","{""detection_events"":2927,""detectors_checked"":1232896}"
      6144,         0,         0,    1.23,exact_mw,c34bb01325b9980f7caca1807bd93e7e28846c82b8c0538af034740e6e7d5106,"{""distance"":7,""physical_error_rate"":0.0005}","{""detection_events"":9194,""detectors_checked"":3698688}"
     14336,         0,         0,    3.15,exact_mw,c34bb01325b9980f7caca1807bd93e7e28846c82b8c0538af034740e6e7d5106,"{""distance"":7,""physical_error_rate"":0.0005}","{""detection_events"":21207,""detectors_checked"":8630272}"
     41984,         0,         0,    5.98,exact_mw,c34bb01325b9980f7caca1807bd93e7e28846c82b8c0538af034740e6e7d5106,"{""distance"":7,""physical_error_rate"":0.0005}","{""detection_events"":62285,""detectors_checked"":25274368}"
     12288,         0,         0,    2.31,exact_mw,c34bb01325b9980f7caca1807bd93e7e28846c82b8c0538af034740e6e7d5106,"{""distance"":7,""physical_error_rate"":0.0005}","{""detection_events"":18357,""detectors_checked"":7397376}"
     11264,         0,         0,    1.79,exact_mw,c34bb01325b9980f7caca1807bd93e7e28846c82b8c0538af034740e6e7d5106,"{""distance"":7,""physical_error_rate"":0.0005}","{""detection_events"":16540,""detectors_checked"":6780928}"
      1024,         0,         0,   0.482,exact_mw,c34bb01325b9980f7caca1807bd93e7e28846c82b8c0538af034740e6e7d5106,"{""distance"":7,""physical_error_rate"":0.0005}","{""detection_events"":1469,""detectors_checked"":616448}"
      4096,         0,         0,    2.16,exact_mw,c34bb01325b9980f7caca1807bd93e7e28846c82b8c0538af034740e6e7d5106,"{""distance"":7,""physical_error_rate"":0.0005}","{""detection_events"":6282,""detectors_checked"":2465792}"
      4096,         0,         0,   0.977,exact_mw,c34bb01325b9980f7caca1807bd93e7e28846c82b8c0538af034740e6e7d5106,"{""distance"":7,""physical_error_rate"":0.0005}","{""detection_events"":5928,""detectors_checked"":2465792}"
      8192,         0,         0,    1.74,exact_mw,c34bb01325b9980f7caca1807bd93e7e28846c82b8c0538af034740e6e7d5106,"{""distance"":7,""physical_error_rate"":0.0005}","{""detection_events"":12050,""detectors_checked"":4931584}"
      3072,         0,         0,   0.550,exact_mw,c34bb01325b9980f7caca1807bd93e7e28846c82b8c0538af034740e6e7d5106,"{""distance"":7,""physical_error_rate"":0.0005}","{""detection_events"":4673,""detectors_checked"":1849344}"
     13312,         0,         0,    2.21,exact_mw,c34bb01325b9980f7caca1807bd93e7e28846c82b8c0538af034740e6e7d5106,"{""distance"":7,""physical_error_rate"":0.0005}","{""detection_events"":19889,""detectors_checked"":8013824}"
     14336,         0,         0,    2.23,exact_mw,c34bb01325b9980f7caca1807bd93e7e28846c82b8c0538af034740e6e7d5106,"{""distance"":7,""physical_error_rate"":0.0005}","{""detection_events"":20917,""detectors_checked"":8630272}"
      4096,         0,         0,   0.753,exact_mw,c34bb01325b9980f7caca1807bd93e7e28846c82b8c0538af034740e6e7d5106,"{""distance"":7,""physical_error_rate"":0.0005}","{""detection_events"":6011,""detectors_checked"":2465792}"
      1024,         0,         0,   0.672,exact_mw,c34bb01325b9980f7caca1807bd93e7e28846c82b8c0538af034740e6e7d5106,"{""distance"":7,""physical_error_rate"":0.0005}","{""detection_events"":1454,""detectors_checked"":616448}"
      1024,         0,         0,    1.08,exact_mw,c34bb01325b9980f7caca1807bd93e7e28846c82b8c0538af034740e6e7d5106,"{""distance"":7,""physical_error_rate"":0.0005}","{""detection_events"":1584,""detectors_checked"":616448}"
      9216,         0,         0,    2.16,exact_mw,c34bb01325b9980f7caca1807bd93e7e28846c82b8c0538af034740e6e7d5106,"{""distance"":7,""physical_error_rate"":0.0005}","{""detection_events"":13752,""detectors_checked"":5548032}"
      3072,         0,         0,   0.708,exact_mw,c34bb01325b9980f7caca1807bd93e7e28846c82b8c0538af034740e6e7d5106,"{""distance"":7,""physical_error_rate"":0.0005}","{""detection_events"":4758,""detectors_checked"":1849344}"
      9216,         0,         0,    1.17,exact_mw,c34bb01325b9980f7caca1807bd93e7e28846c82b8c0538af034740e6e7d5106,"{""distance"":7,""physical_error_rate"":0.0005}","{""detection_events"":13526,""detectors_checked"":5548032}"
     14336,         0,         0,    2.31,exact_mw,c34bb01325b9980f7caca1807bd93e7e28846c82b8c0538af034740e6e7d5106,"{""distance"":7,""physical_error_rate"":0.0005}","{""detection_events"":21473,""detectors_checked"":8630272}"
     10240,         0,         0,    2.29,exact_mw,c34bb01325b9980f7caca1807bd93e7e28846c82b8c0538af034740e6e7d5106,"{""distance"":7,""physical_error_rate"":0.0005}","{""detection_events"":15035,""detectors_checked"":6164480}"
      1024,         0,         0,   0.519,exact_mw,c34bb01325b9980f7caca1807bd93e7e28846c82b8c0538af034740e6e7d5106,"{""distance"":7,""physical_error_rate"":0.0005}","{""detection_events"":1420,""detectors_checked"":616448}"
     15360,         0,         0,    2.32,exact_mw,c34bb01325b9980f7caca1807bd93e7e28846c82b8c0538af034740e6e7d5106,"{""distance"":7,""physical_error_rate"":0.0005}","{""detection_events"":22738,""detectors_checked"":9246720}"
      6144,         0,         0,    1.30,exact_mw,c34bb01325b9980f7caca1807bd93e7e28846c82b8c0538af034740e6e7d5106,"{""distance"":7,""physical_error_rate"":0.0005}","{""detection_events"":9234,""detectors_checked"":3698688}"
     16384,         0,         0,    3.12,exact_mw,c34bb01325b9980f7caca1807bd93e7e28846c82b8c0538af034740e6e7d5106,"{""distance"":7,""physical_error_rate"":0.0005}","{""detection_events"":24418,""detectors_checked"":9863168}"
     14336,         0,         0,    2.20,exact_mw,c34bb01325b9980f7caca1807bd93e7e28846c82b8c0538af034740e6e7d5106,"{""distance"":7,""physical_error_rate"":0.0005}","{""detection_events"":21005,""detectors_checked"":8630272}"
      5120,         0,         0,   0.847,exact_mw,c34bb01325b9980f7caca1807bd93e7e28846c82b8c0538af034740e6e7d5106,"{""distance"":7,""physical_error_rate"":0.0005}","{""detection_events"":7551,""detectors_checked"":3082240}"
      7168,         0,         0,    1.61,exact_mw,c34bb01325b9980f7caca1807bd93e7e28846c82b8c0538af034740e6e7d5106,"{""distance"":7,""physical_error_rate"":0.0005}","{""detection_events"":10697,""detectors_checked"":4315136}"
      2048,         0,         0,   0.897,exact_mw,c34bb01325b9980f7caca1807bd93e7e28846c82b8c0538af034740e6e7d5106,"{""distance"":7,""physical_error_rate"":0.0005}","{""detection_events"":2965,""detectors_checked"":1232896}"
     12288,         0,         0,    2.34,exact_mw,c34bb01325b9980f7caca1807bd93e7e28846c82b8c0538af034740e6e7d5106,"{""distance"":7,""physical_error_rate"":0.0005}","{""detection_events"":18103,""detectors_checked"":7397376}"
      1024,         0,         0,   0.449,exact_mw,c34bb01325b9980f7caca1807bd93e7e28846c82b8c0538af034740e6e7d5106,"{""distance"":7,""physical_error_rate"":0.0005}","{""detection_events"":1504,""detectors_checked"":616448}"
     71680,         0,         0,    8.45,exact_mw,c34bb01325b9980f7caca1807bd93e7e28846c82b8c0538af034740e6e7d5106,"{""distance"":7,""physical_error_rate"":0.0005}","{""detection_events"":106435,""detectors_checked"":43151360}"
      4096,         0,         0,   0.839,exact_mw,c34bb01325b9980f7caca1807bd93e7e28846c82b8c0538af034740e6e7d5106,"{""distance"":7,""physical_error_rate"":0.0005}","{""detection_events"":5943,""detectors_checked"":2465792}"
     15360,         0,         0,    3.14,exact_mw,c34bb01325b9980f7caca1807bd93e7e28846c82b8c0538af034740e6e7d5106,"{""distance"":7,""physical_error_rate"":0.0005}","{""detection_events"":23383,""detectors_checked"":9246720}"
     61440,         0,         0,    5.99,exact_mw,c34bb01325b9980f7caca1807bd93e7e28846c82b8c0538af034740e6e7d5106,"{""distance"":7,""physical_error_rate"":0.0005}","{""detection_events"":90646,""detectors_checked"":36986880}"
     13312,         0,         0,    2.30,exact_mw,c34bb01325b9980f7caca1807bd93e7e28846c82b8c0538af034740e6e7d5106,"{""distance"":7,""physical_error_rate"":0.0005}","{""detection_events"":19743,""detectors_checked"":8013824}"
      1024,         0,         0,   0.641,exact_mw,c34bb01325b9980f7caca1807bd93e7e28846c82b8c0538af034740e6e7d5106,"{""distance"":7,""physical_error_rate"":0.0005}","{""detection_events"":1620,""detectors_checked"":616448}"
     19456,         0,         0,    4.31,exact_mw,c34bb01325b9980f7caca1807bd93e7e28846c82b8c0538af034740e6e7d5106,"{""distance"":7,""physical_error_rate"":0.0005}","{""detection_events"":29278,""detectors_checked"":11712512}"
     11264,         0,         0,    2.27,exact_mw,c34bb01325b9980f7caca1807bd93e7e28846c82b8c0538af034740e6e7d5106,"{""distance"":7,""physical_error_rate"":0.0005}","{""detection_events"":16472,""detectors_checked"":6780928}"
      2048,         0,         0,    1.05,exact_mw,c34bb01325b9980f7caca1807bd93e7e28846c82b8c0538af034740e6e7d5106,"{""distance"":7,""physical_error_rate"":0.0005}","{""detection_events"":2977,""detectors_checked"":1232896}"
      4096,         0,         0,    2.63,exact_mw,c34bb01325b9980f7caca1807bd93e7e28846c82b8c0538af034740e6e7d5106,"{""distance"":7,""physical_error_rate"":0.0005}","{""detection_events"":6251,""detectors_checked"":2465792}"
      5120,         0,         0,    1.19,exact_mw,c34bb01325b9980f7caca1807bd93e7e28846c82b8c0538af034740e6e7d5106,"{""distance"":7,""physical_error_rate"":0.0005}","{""detection_events"":7697,""detectors_checked"":3082240}"
     10240,         0,         0,    1.69,exact_mw,c34bb01325b9980f7caca1807bd93e7e28846c82b8c0538af034740e6e7d5106,"{""distance"":7,""physical_error_rate"":0.0005}","{""detection_events"":15334,""detectors_checked"":6164480}"
     23552,         0,         0,    4.38,exact_mw,c34bb01325b9980f7caca1807bd93e7e28846c82b8c0538af034740e6e7d5106,"{""distance"":7,""physical_error_rate"":0.0005}","{""detection_events"":34267,""detectors_checked"":14178304}"
     14336,         0,         0,    3.14,exact_mw,c34bb01325b9980f7caca1807bd93e7e28846c82b8c0538af034740e6e7d5106,"{""distance"":7,""physical_error_rate"":0.0005}","{""detection_events"":21314,""detectors_checked"":8630272}"
      1024,         0,         0,   0.484,exact_mw,c34bb01325b9980f7caca1807bd93e7e28846c82b8c0538af034740e6e7d5106,"{""distance"":7,""physical_error_rate"":0.0005}","{""detection_events"":1612,""detectors_checked"":616448}"
      6144,         0,         0,    1.58,exact_mw,c34bb01325b9980f7caca1807bd93e7e28846c82b8c0538af034740e6e7d5106,"{""distance"":7,""physical_error_rate"":0.0005}","{""detection_events"":9258,""detectors_checked"":3698688}"
     59392,         0,         0,    5.98,exact_mw,c34bb01325b9980f7caca1807bd93e7e28846c82b8c0538af034740e6e7d5106,"{""distance"":7,""physical_error_rate"":0.0005}","{""detection_events"":87452,""detectors_checked"":35753984}"
      6144,         0,         0,    1.21,exact_mw,c34bb01325b9980f7caca1807bd93e7e28846c82b8c0538af034740e6e7d5106,"{""distance"":7,""physical_error_rate"":0.0005}","{""detection_events"":9214,""detectors_checked"":3698688}"
     19456,         0,         0,    3.23,exact_mw,c34bb01325b9980f7caca1807bd93e7e28846c82b8c0538af034740e6e7d5106,"{""distance"":7,""physical_error_rate"":0.0005}","{""detection_events"":28678,""detectors_checked"":11712512}"
     15360,         0,         0,    3.09,exact_mw,c34bb01325b9980f7caca1807bd93e7e28846c82b8c0538af034740e6e7d5106,"{""distance"":7,""physical_error_rate"":0.0005}","{""detection_events"":22566,""detectors_checked"":9246720}"
      1024,         0,         0,   0.607,exact_mw,c34bb01325b9980f7caca1807bd93e7e28846c82b8c0538af034740e6e7d5106,"{""distance"":7,""physical_error_rate"":0.0005}","{""detection_events"":1459,""detectors_checked"":616448}"
     20480,         0,         0,    3.18,exact_mw,c34bb01325b9980f7caca1807bd93e7e28846c82b8c0538af034740e6e7d5106,"{""distance"":7,""physical_error_rate"":0.0005}","{""detection_events"":30311,""detectors_checked"":12328960}"
     19456,         0,         0,    4.29,exact_mw,c34bb01325b9980f7caca1807bd93e7e28846c82b8c0538af034740e6e7d5106,"{""distance"":7,""physical_error_rate"":0.0005}","{""detection_events"":28510,""detectors_checked"":11712512}"
     12288,         0,         0,    2.24,exact_mw,c34bb01325b9980f7caca1807bd93e7e28846c82b8c0538af034740e6e7d5106,"{""distance"":7,""physical_error_rate"":0.0005}","{""detection_events"":18424,""detectors_checked"":7397376}"
      2048,         0,         0,    1.19,exact_mw,c34bb01325b9980f7caca1807bd93e7e28846c82b8c0538af034740e6e7d5106,"{""distance"":7,""physical_error_rate"":0.0005}","{""detection_events"":3008,""detectors_checked"":1232896}"
     19456,         0,         0,    4.33,exact_mw,c34bb01325b9980f7caca1807bd93e7e28846c82b8c0538af034740e6e7d5106,"{""distance"":7,""physical_error_rate"":0.0005}","{""detection_events"":28465,""detectors_checked"":11712512}"
     13312,         0,         0,    3.16,exact_mw,c34bb01325b9980f7caca1807bd93e7e28846c82b8c0538af034740e6e7d5106,"{""distance"":7,""physical_error_rate"":0.0005}","{""detection_events"":19449,""detectors_checked"":8013824}"
     18432,         0,         0,    3.04,exact_mw,c34bb01325b9980f7caca1807bd93e7e28846c82b8c0538af034740e6e7d5106,"{""distance"":7,""physical_error_rate"":0.0005}","{""detection_events"":27023,""detectors_checked"":11096064}"
      7168,         0,         0,    1.59,exact_mw,c34bb01325b9980f7caca1807bd93e7e28846c82b8c0538af034740e6e7d5106,"{""distance"":7,""physical_error_rate"":0.0005}","{""detection_events"":10538,""detectors_checked"":4315136}"
     19456,         1,         0,    4.32,exact_mw,c34bb01325b9980f7caca1807bd93e7e28846c82b8c0538af034740e6e7d5106,"{""distance"":7,""physical_error_rate"":0.0005}","{""detection_events"":28887,""detectors_checked"":11712512,""obs_mistake_mask=E"":1}"
     14336,         0,         0,    3.09,exact_mw,c34bb01325b9980f7caca1807bd93e7e28846c82b8c0538af034740e6e7d5106,"{""distance"":7,""physical_error_rate"":0.0005}","{""detection_events"":20887,""detectors_checked"":8630272}"
      1024,         0,         0,   0.896,exact_mw,c34bb01325b9980f7caca1807bd93e7e28846c82b8c0538af034740e6e7d5106,"{""distance"":7,""physical_error_rate"":0.0005}","{""detection_events"":1485,""detectors_checked"":616448}"
     20480,         0,         0,    3.10,exact_mw,c34bb01325b9980f7caca1807bd93e7e28846c82b8c0538af034740e6e7d5106,"{""distance"":7,""physical_error_rate"":0.0005}","{""detection_events"":30256,""detectors_checked"":12328960}"
      6144,         0,         0,    1.62,exact_mw,c34bb01325b9980f7caca1807bd93e7e28846c82b8c0538af034740e6e7d5106,"{""distance"":7,""physical_error_rate"":0.0005}","{""detection_events"":9069,""detectors_checked"":3698688}"
     20480,         0,         0,    3.27,exact_mw,c34bb01325b9980f7caca1807bd93e7e28846c82b8c0538af034740e6e7d5106,"{""distance"":7,""physical_error_rate"":0.0005}","{""detection_events"":30209,""detectors_checked"":12328960}"
     15360,         0,         0,    3.33,exact_mw,c34bb01325b9980f7caca1807bd93e7e28846c82b8c0538af034740e6e7d5106,"{""distance"":7,""physical_error_rate"":0.0005}","{""detection_events"":22547,""detectors_checked"":9246720}"
      1024,         0,         0,   0.604,exact_mw,c34bb01325b9980f7caca1807bd93e7e28846c82b8c0538af034740e6e7d5106,"{""distance"":7,""physical_error_rate"":0.0005}","{""detection_events"":1544,""detectors_checked"":616448}"
     13312,         0,         0,    2.29,exact_mw,c34bb01325b9980f7caca1807bd93e7e28846c82b8c0538af034740e6e7d5106,"{""distance"":7,""physical_error_rate"":0.0005}","{""detection_events"":20119,""detectors_checked"":8013824}"
     11264,         0,         0,    2.33,exact_mw,c34bb01325b9980f7caca1807bd93e7e28846c82b8c0538af034740e6e7d5106,"{""distance"":7,""physical_error_rate"":0.0005}","{""detection_events"":16473,""detectors_checked"":6780928}"
     13312,         0,         0,    3.05,exact_mw,c34bb01325b9980f7caca1807bd93e7e28846c82b8c0538af034740e6e7d5106,"{""distance"":7,""physical_error_rate"":0.0005}","{""detection_events"":19547,""detectors_checked"":8013824}"
     18432,         0,         0,    3.21,exact_mw,c34bb01325b9980f7caca1807bd93e7e28846c82b8c0538af034740e6e7d5106,"{""distance"":7,""physical_error_rate"":0.0005}","{""detection_events"":27524,""detectors_checked"":11096064}"
      3072,         0,         0,    1.73,exact_mw,c34bb01325b9980f7caca1807bd93e7e28846c82b8c0538af034740e6e7d5106,"{""distance"":7,""physical_error_rate"":0.0005}","{""detection_events"":4314,""detectors_checked"":1849344}"
      5120,         0,         0,    3.09,exact_mw,c34bb01325b9980f7caca1807bd93e7e28846c82b8c0538af034740e6e7d5106,"{""distance"":7,""physical_error_rate"":0.0005}","{""detection_events"":7390,""detectors_checked"":3082240}"
      1024,         0,         0,   0.832,exact_mw,c34bb01325b9980f7caca1807bd93e7e28846c82b8c0538af034740e6e7d5106,"{""distance"":7,""physical_error_rate"":0.0005}","{""detection_events"":1627,""detectors_checked"":616448}"
     18432,         0,         0,    4.37,exact_mw,c34bb01325b9980f7caca1807bd93e7e28846c82b8c0538af034740e6e7d5106,"{""distance"":7,""physical_error_rate"":0.0005}","{""detection_events"":27778,""detectors_checked"":11096064}"
     11264,         0,         0,    6.31,exact_mw,c34bb01325b9980f7caca1807bd93e7e28846c82b8c0538af034740e6e7d5106,"{""distance"":7,""physical_error_rate"":0.0005}","{""detection_events"":16835,""detectors_checked"":6780928}"
     19456,         0,         0,    4.45,exact_mw,c34bb01325b9980f7caca1807bd93e7e28846c82b8c0538af034740e6e7d5106,"{""distance"":7,""physical_error_rate"":0.0005}","{""detection_events"":28900,""detectors_checked"":11712512}"
     10240,         0,         0,    2.20,exact_mw,c34bb01325b9980f7caca1807bd93e7e28846c82b8c0538af034740e6e7d5106,"{""distance"":7,""physical_error_rate"":0.0005}","{""detection_events"":14837,""detectors_checked"":6164480}"
     18432,         0,         0,    3.09,exact_mw,c34bb01325b9980f7caca1807bd93e7e28846c82b8c0538af034740e6e7d5106,"{""distance"":7,""physical_error_rate"":0.0005}","{""detection_events"":27062,""detectors_checked"":11096064}"
      9216,         0,         0,    2.29,exact_mw,c34bb01325b9980f7caca1807bd93e7e28846c82b8c0538af034740e6e7d5106,"{""distance"":7,""physical_error_rate"":0.0005}","{""detection_events"":13788,""detectors_checked"":5548032}"
     20480,         0,         0,    4.43,exact_mw,c34bb01325b9980f7caca1807bd93e7e28846c82b8c0538af034740e6e7d5106,"{""distance"":7,""physical_error_rate"":0.0005}","{""detection_events"":30075,""detectors_checked"":12328960}"
      2048,         0,         0,    1.60,exact_mw,c34bb01325b9980f7caca1807bd93e7e28846c82b8c0538af034740e6e7d5106,"{""distance"":7,""physical_error_rate"":0.0005}","{""detection_events"":3191,""detectors_checked"":1232896}"
     18432,         1,         0,    4.37,exact_mw,c34bb01325b9980f7caca1807bd93e7e28846c82b8c0538af034740e6e7d5106,"{""distance"":7,""physical_error_rate"":0.0005}","{""detection_events"":27702,""detectors_checked"":11096064,""obs_mistake_mask=E"":1}"
     24576,         0,         0,    4.26,exact_mw,c34bb01325b9980f7caca1807bd93e7e28846c82b8c0538af034740e6e7d5106,"{""distance"":7,""physical_error_rate"":0.0005}","{""detection_events"":36663,""detectors_checked"":14794752}"
     27648,         0,         0,    4.28,exact_mw,c34bb01325b9980f7caca1807bd93e7e28846c82b8c0538af034740e6e7d5106,"{""distance"":7,""physical_error_rate"":0.0005}","{""detection_events"":41275,""detectors_checked"":16644096}"
     22528,         0,         0,    3.08,exact_mw,c34bb01325b9980f7caca1807bd93e7e28846c82b8c0538af034740e6e7d5106,"{""distance"":7,""physical_error_rate"":0.0005}","{""detection_events"":32723,""detectors_checked"":13561856}"
     57344,         0,         0,    8.50,exact_mw,c34bb01325b9980f7caca1807bd93e7e28846c82b8c0538af034740e6e7d5106,"{""distance"":7,""physical_error_rate"":0.0005}","{""detection_events"":85853,""detectors_checked"":34521088}"
     28672,         0,         0,    4.34,exact_mw,c34bb01325b9980f7caca1807bd93e7e28846c82b8c0538af034740e6e7d5106,"{""distance"":7,""physical_error_rate"":0.0005}","{""detection_events"":42317,""detectors_checked"":17260544}"
     29696,         1,         0,    6.12,exact_mw,c34bb01325b9980f7caca1807bd93e7e28846c82b8c0538af034740e6e7d5106,"{""distance"":7,""physical_error_rate"":0.0005}","{""detection_events"":43408,""detectors_checked"":17876992,""obs_mistake_mask=E"":1}"
     20480,         0,         0,    4.43,exact_mw,c34bb01325b9980f7caca1807bd93e7e28846c82b8c0538af034740e6e7d5106,"{""distance"":7,""physical_error_rate"":0.0005}","{""detection_events"":30138,""detectors_checked"":12328960}"
      4096,         0,         0,    2.94,exact_mw,c34bb01325b9980f7caca1807bd93e7e28846c82b8c0538af034740e6e7d5106,"{""distance"":7,""physical_error_rate"":0.0005}","{""detection_events"":6065,""detectors_checked"":2465792}"
     14336,         0,         0,    3.25,exact_mw,c34bb01325b9980f7caca1807bd93e7e28846c82b8c0538af034740e6e7d5106,"{""distance"":7,""physical_error_rate"":0.0005}","{""detection_events"":21140,""detectors_checked"":8630272}"
      2048,         0,         0,    1.12,exact_mw,c34bb01325b9980f7caca1807bd93e7e28846c82b8c0538af034740e6e7d5106,"{""distance"":7,""physical_error_rate"":0.0005}","{""detection_events"":3325,""detectors_checked"":1232896}"
     29696,         0,         0,    4.34,exact_mw,c34bb01325b9980f7caca1807bd93e7e28846c82b8c0538af034740e6e7d5106,"{""distance"":7,""physical_error_rate"":0.0005}","{""detection_events"":43580,""detectors_checked"":17876992}"
     20480,         0,         0,    4.49,exact_mw,c34bb01325b9980f7caca1807bd93e7e28846c82b8c0538af034740e6e7d5106,"{""distance"":7,""physical_error_rate"":0.0005}","{""detection_events"":30103,""detectors_checked"":12328960}"
     37888,         0,         0,    6.11,exact_mw,c34bb01325b9980f7caca1807bd93e7e28846c82b8c0538af034740e6e7d5106,"{""distance"":7,""physical_error_rate"":0.0005}","{""detection_events"":56138,""detectors_checked"":22808576}"
     25600,         0,         0,    4.41,exact_mw,c34bb01325b9980f7caca1807bd93e7e28846c82b8c0538af034740e6e7d5106,"{""distance"":7,""physical_error_rate"":0.0005}","{""detection_events"":37699,""detectors_checked"":15411200}"
     20480,         0,         0,    4.30,exact_mw,c34bb01325b9980f7caca1807bd93e7e28846c82b8c0538af034740e6e7d5106,"{""distance"":7,""physical_error_rate"":0.0005}","{""detection_events"":30617,""detectors_checked"":12328960}"
     14336,         0,         0,    3.09,exact_mw,c34bb01325b9980f7caca1807bd93e7e28846c82b8c0538af034740e6e7d5106,"{""distance"":7,""physical_error_rate"":0.0005}","{""detection_events"":20813,""detectors_checked"":8630272}"
     27648,         0,         0,    6.02,exact_mw,c34bb01325b9980f7caca1807bd93e7e28846c82b8c0538af034740e6e7d5106,"{""distance"":7,""physical_error_rate"":0.0005}","{""detection_events"":40998,""detectors_checked"":16644096}"
     18432,         0,         0,    4.29,exact_mw,c34bb01325b9980f7caca1807bd93e7e28846c82b8c0538af034740e6e7d5106,"{""distance"":7,""physical_error_rate"":0.0005}","{""detection_events"":27061,""detectors_checked"":11096064}"
     25600,         0,         0,    4.36,exact_mw,c34bb01325b9980f7caca1807bd93e7e28846c82b8c0538af034740e6e7d5106,"{""distance"":7,""physical_error_rate"":0.0005}","{""detection_events"":37688,""detectors_checked"":15411200}"
     15360,         0,         0,    3.13,exact_mw,c34bb01325b9980f7caca1807bd93e7e28846c82b8c0538af034740e6e7d5106,"{""distance"":7,""physical_error_rate"":0.0005}","{""detection_events"":22890,""detectors_checked"":9246720}"
     27648,         0,         0,    6.20,exact_mw,c34bb01325b9980f7caca1807bd93e7e28846c82b8c0538af034740e6e7d5106,"{""distance"":7,""physical_error_rate"":0.0005}","{""detection_events"":40729,""detectors_checked"":16644096}"
     10240,         0,         0,    1.62,exact_mw,c34bb01325b9980f7caca1807bd93e7e28846c82b8c0538af034740e6e7d5106,"{""distance"":7,""physical_error_rate"":0.0005}","{""detection_events"":15047,""detectors_checked"":6164480}"
     10240,         0,         0,    4.48,exact_mw,c34bb01325b9980f7caca1807bd93e7e28846c82b8c0538af034740e6e7d5106,"{""distance"":7,""physical_error_rate"":0.0005}","{""detection_events"":14812,""detectors_checked"":6164480}"
     28672,         0,         0,    6.04,exact_mw,c34bb01325b9980f7caca1807bd93e7e28846c82b8c0538af034740e6e7d5106,"{""distance"":7,""physical_error_rate"":0.0005}","{""detection_events"":43027,""detectors_checked"":17260544}"
     64512,         0,         0,    8.38,exact_mw,c34bb01325b9980f7caca1807bd93e7e28846c82b8c0538af034740e6e7d5106,"{""distance"":7,""physical_error_rate"":0.0005}","{""detection_events"":94956,""detectors_checked"":38836224}"
     73728,         0,         0,    8.40,exact_mw,c34bb01325b9980f7caca1807bd93e7e28846c82b8c0538af034740e6e7d5106,"{""distance"":7,""physical_error_rate"":0.0005}","{""detection_events"":109217,""detectors_checked"":44384256}"
     19456,         0,         0,    4.60,exact_mw,c34bb01325b9980f7caca1807bd93e7e28846c82b8c0538af034740e6e7d5106,"{""distance"":7,""physical_error_rate"":0.0005}","{""detection_events"":28788,""detectors_checked"":11712512}"
     13312,         0,         0,    3.19,exact_mw,c34bb01325b9980f7caca1807bd93e7e28846c82b8c0538af034740e6e7d5106,"{""distance"":7,""physical_error_rate"":0.0005}","{""detection_events"":20033,""detectors_checked"":8013824}"
     28672,         0,         0,    6.06,exact_mw,c34bb01325b9980f7caca1807bd93e7e28846c82b8c0538af034740e6e7d5106,"{""distance"":7,""physical_error_rate"":0.0005}","{""detection_events"":42638,""detectors_checked"":17260544}"
     28672,         0,         0,    5.99,exact_mw,c34bb01325b9980f7caca1807bd93e7e28846c82b8c0538af034740e6e7d5106,"{""distance"":7,""physical_error_rate"":0.0005}","{""detection_events"":42231,""detectors_checked"":17260544}"
     27648,         1,         0,    4.27,exact_mw,c34bb01325b9980f7caca1807bd93e7e28846c82b8c0538af034740e6e7d5106,"{""distance"":7,""physical_error_rate"":0.0005}","{""detection_events"":41527,""detectors_checked"":16644096,""obs_mistake_mask=E"":1}"
     16384,         0,         0,    2.44,exact_mw,c34bb01325b9980f7caca1807bd93e7e28846c82b8c0538af034740e6e7d5106,"{""distance"":7,""physical_error_rate"":0.0005}","{""detection_events"":24207,""detectors_checked"":9863168}"
     19456,         0,         0,    4.49,exact_mw,c34bb01325b9980f7caca1807bd93e7e28846c82b8c0538af034740e6e7d5106,"{""distance"":7,""physical_error_rate"":0.0005}","{""detection_events"":28720,""detectors_checked"":11712512}"
     27648,         0,         0,    6.06,exact_mw,c34bb01325b9980f7caca1807bd93e7e28846c82b8c0538af034740e6e7d5106,"{""distance"":7,""physical_error_rate"":0.0005}","{""detection_events"":40448,""detectors_checked"":16644096}"
    110592,         0,         0,    11.8,exact_mw,c34bb01325b9980f7caca1807bd93e7e28846c82b8c0538af034740e6e7d5106,"{""distance"":7,""physical_error_rate"":0.0005}","{""detection_events"":163879,""detectors_checked"":66576384}"
     26624,         0,         0,    6.03,exact_mw,c34bb01325b9980f7caca1807bd93e7e28846c82b8c0538af034740e6e7d5106,"{""distance"":7,""physical_error_rate"":0.0005}","{""detection_events"":39632,""detectors_checked"":16027648}"
     26624,         0,         0,    6.19,exact_mw,c34bb01325b9980f7caca1807bd93e7e28846c82b8c0538af034740e6e7d5106,"{""distance"":7,""physical_error_rate"":0.0005}","{""detection_events"":39530,""detectors_checked"":16027648}"
     20480,         0,         0,    4.36,exact_mw,c34bb01325b9980f7caca1807bd93e7e28846c82b8c0538af034740e6e7d5106,"{""distance"":7,""physical_error_rate"":0.0005}","{""detection_events"":30350,""detectors_checked"":12328960}"
     34816,         0,         0,    6.04,exact_mw,c34bb01325b9980f7caca1807bd93e7e28846c82b8c0538af034740e6e7d5106,"{""distance"":7,""physical_error_rate"":0.0005}","{""detection_events"":51328,""detectors_checked"":20959232}"
     19456,         0,         0,    4.41,exact_mw,c34bb01325b9980f7caca1807bd93e7e28846c82b8c0538af034740e6e7d5106,"{""distance"":7,""physical_error_rate"":0.0005}","{""detection_events"":28451,""detectors_checked"":11712512}"
     26624,         1,         0,    6.02,exact_mw,c34bb01325b9980f7caca1807bd93e7e28846c82b8c0538af034740e6e7d5106,"{""distance"":7,""physical_error_rate"":0.0005}","{""detection_events"":39745,""detectors_checked"":16027648,""obs_mistake_mask=E"":1}"
     38912,         0,         0,    6.14,exact_mw,c34bb01325b9980f7caca1807bd93e7e28846c82b8c0538af034740e6e7d5106,"{""distance"":7,""physical_error_rate"":0.0005}","{""detection_events"":57378,""detectors_checked"":23425024}"
     20480,         0,         0,    8.69,exact_mw,c34bb01325b9980f7caca1807bd93e7e28846c82b8c0538af034740e6e7d5106,"{""distance"":7,""physical_error_rate"":0.0005}","{""detection_events"":30326,""detectors_checked"":12328960}"
     39936,         0,         0,    6.04,exact_mw,c34bb01325b9980f7caca1807bd93e7e28846c82b8c0538af034740e6e7d5106,"{""distance"":7,""physical_error_rate"":0.0005}","{""detection_events"":59307,""detectors_checked"":24041472}"
     26624,         0,         0,    6.14,exact_mw,c34bb01325b9980f7caca1807bd93e7e28846c82b8c0538af034740e6e7d5106,"{""distance"":7,""physical_error_rate"":0.0005}","{""detection_events"":39944,""detectors_checked"":16027648}"
     44032,         0,         0,    5.96,exact_mw,c34bb01325b9980f7caca1807bd93e7e28846c82b8c0538af034740e6e7d5106,"{""distance"":7,""physical_error_rate"":0.0005}","{""detection_events"":65062,""detectors_checked"":26507264}"
     38912,         0,         0,    6.01,exact_mw,c34bb01325b9980f7caca1807bd93e7e28846c82b8c0538af034740e6e7d5106,"{""distance"":7,""physical_error_rate"":0.0005}","{""detection_events"":57692,""detectors_checked"":23425024}"
     19456,         1,         0,    3.06,exact_mw,c34bb01325b9980f7caca1807bd93e7e28846c82b8c0538af034740e6e7d5106,"{""distance"":7,""physical_error_rate"":0.0005}","{""detection_events"":28670,""detectors_checked"":11712512,""obs_mistake_mask=E"":1}"
     34816,         0,         0,    6.03,exact_mw,c34bb01325b9980f7caca1807bd93e7e28846c82b8c0538af034740e6e7d5106,"{""distance"":7,""physical_error_rate"":0.0005}","{""detection_events"":51656,""detectors_checked"":20959232}"
     29696,         0,         0,    6.26,exact_mw,c34bb01325b9980f7caca1807bd93e7e28846c82b8c0538af034740e6e7d5106,"{""distance"":7,""physical_error_rate"":0.0005}","{""detection_events"":43673,""detectors_checked"":17876992}"
     24576,         0,         0,    4.32,exact_mw,c34bb01325b9980f7caca1807bd93e7e28846c82b8c0538af034740e6e7d5106,"{""distance"":7,""physical_error_rate"":0.0005}","{""detection_events"":36512,""detectors_checked"":14794752}"
     33792,         0,         0,    6.06,exact_mw,c34bb01325b9980f7caca1807bd93e7e28846c82b8c0538af034740e6e7d5106,"{""distance"":7,""physical_error_rate"":0.0005}","{""detection_events"":49837,""detectors_checked"":20342784}"
     38912,         0,         0,    8.44,exact_mw,c34bb01325b9980f7caca1807bd93e7e28846c82b8c0538af034740e6e7d5106,"{""distance"":7,""physical_error_rate"":0.0005}","{""detection_events"":57372,""detectors_checked"":23425024}"
     38912,         0,         0,    8.39,exact_mw,c34bb01325b9980f7caca1807bd93e7e28846c82b8c0538af034740e6e7d5106,"{""distance"":7,""physical_error_rate"":0.0005}","{""detection_events"":57750,""detectors_checked"":23425024}"
     27648,         1,         0,    6.14,exact_mw,c34bb01325b9980f7caca1807bd93e7e28846c82b8c0538af034740e6e7d5106,"{""distance"":7,""physical_error_rate"":0.0005}","{""detection_events"":40934,""detectors_checked"":16644096,""obs_mistake_mask=E"":1}"
     51200,         0,         0,    8.44,exact_mw,c34bb01325b9980f7caca1807bd93e7e28846c82b8c0538af034740e6e7d5106,"{""distance"":7,""physical_error_rate"":0.0005}","{""detection_events"":75015,""detectors_checked"":30822400}"
     33792,         0,         0,    5.94,exact_mw,c34bb01325b9980f7caca1807bd93e7e28846c82b8c0538af034740e6e7d5106,"{""distance"":7,""physical_error_rate"":0.0005}","{""detection_events"":49545,""detectors_checked"":20342784}"
     36864,         0,         0,    8.33,exact_mw,c34bb01325b9980f7caca1807bd93e7e28846c82b8c0538af034740e6e7d5106,"{""distance"":7,""physical_error_rate"":0.0005}","{""detection_events"":54157,""detectors_checked"":22192128}"
     37888,         0,         0,    8.45,exact_mw,c34bb01325b9980f7caca1807bd93e7e28846c82b8c0538af034740e6e7d5106,"{""distance"":7,""physical_error_rate"":0.0005}","{""detection_events"":56899,""detectors_checked"":22808576}"
     15360,         0,         0,    6.11,exact_mw,c34bb01325b9980f7caca1807bd93e7e28846c82b8c0538af034740e6e7d5106,"{""distance"":7,""physical_error_rate"":0.0005}","{""detection_events"":22771,""detectors_checked"":9246720}"
     33792,         0,         0,    5.97,exact_mw,c34bb01325b9980f7caca1807bd93e7e28846c82b8c0538af034740e6e7d5106,"{""distance"":7,""physical_error_rate"":0.0005}","{""detection_events"":50795,""detectors_checked"":20342784}"
     22528,         0,         0,    4.29,exact_mw,c34bb01325b9980f7caca1807bd93e7e28846c82b8c0538af034740e6e7d5106,"{""distance"":7,""physical_error_rate"":0.0005}","{""detection_events"":33578,""detectors_checked"":13561856}"
     79872,         0,         0,    11.8,exact_mw,c34bb01325b9980f7caca1807bd93e7e28846c82b8c0538af034740e6e7d5106,"{""distance"":7,""physical_error_rate"":0.0005}","{""detection_events"":117670,""detectors_checked"":48082944}"
     34816,         0,         0,    8.42,exact_mw,c34bb01325b9980f7caca1807bd93e7e28846c82b8c0538af034740e6e7d5106,"{""distance"":7,""physical_error_rate"":0.0005}","{""detection_events"":52279,""detectors_checked"":20959232}"
     30720,         0,         0,    6.02,exact_mw,c34bb01325b9980f7caca1807bd93e7e28846c82b8c0538af034740e6e7d5106,"{""distance"":7,""physical_error_rate"":0.0005}","{""detection_events"":45049,""detectors_checked"":18493440}"
     38912,         1,         0,    8.59,exact_mw,c34bb01325b9980f7caca1807bd93e7e28846c82b8c0538af034740e6e7d5106,"{""distance"":7,""physical_error_rate"":0.0005}","{""detection_events"":58070,""detectors_checked"":23425024,""obs_mistake_mask=E"":1}"
     41984,         0,         0,    8.59,exact_mw,c34bb01325b9980f7caca1807bd93e7e28846c82b8c0538af034740e6e7d5106,"{""distance"":7,""physical_error_rate"":0.0005}","{""detection_events"":61903,""detectors_checked"":25274368}"
     38912,         0,         0,    8.36,exact_mw,c34bb01325b9980f7caca1807bd93e7e28846c82b8c0538af034740e6e7d5106,"{""distance"":7,""physical_error_rate"":0.0005}","{""detection_events"":57078,""detectors_checked"":23425024}"
     33792,         0,         0,    6.02,exact_mw,c34bb01325b9980f7caca1807bd93e7e28846c82b8c0538af034740e6e7d5106,"{""distance"":7,""physical_error_rate"":0.0005}","{""detection_events"":49616,""detectors_checked"":20342784}"
     38912,         0,         0,    8.42,exact_mw,c34bb01325b9980f7caca1807bd93e7e28846c82b8c0538af034740e6e7d5106,"{""distance"":7,""physical_error_rate"":0.0005}","{""detection_events"":56770,""detectors_checked"":23425024}"
     78848,         0,         0,    11.8,exact_mw,c34bb01325b9980f7caca1807bd93e7e28846c82b8c0538af034740e6e7d5106,"{""distance"":7,""physical_error_rate"":0.0005}","{""detection_events"":117396,""detectors_checked"":47466496}"
     50176,         0,         0,    8.45,exact_mw,c34bb01325b9980f7caca1807bd93e7e28846c82b8c0538af034740e6e7d5106,"{""distance"":7,""physical_error_rate"":0.0005}","{""detection_events"":74639,""detectors_checked"":30205952}"
     36864,         0,         0,    8.43,exact_mw,c34bb01325b9980f7caca1807bd93e7e28846c82b8c0538af034740e6e7d5106,"{""distance"":7,""physical_error_rate"":0.0005}","{""detection_events"":54295,""detectors_checked"":22192128}"
     52224,         0,         0,    8.49,exact_mw,c34bb01325b9980f7caca1807bd93e7e28846c82b8c0538af034740e6e7d5106,"{""distance"":7,""physical_error_rate"":0.0005}","{""detection_events"":77301,""detectors_checked"":31438848}"
     76800,         0,         0,    11.8,exact_mw,c34bb01325b9980f7caca1807bd93e7e28846c82b8c0538af034740e6e7d5106,"{""distance"":7,""physical_error_rate"":0.0005}","{""detection_events"":113342,""detectors_checked"":46233600}"
     57344,         0,         0,    8.37,exact_mw,c34bb01325b9980f7caca1807bd93e7e28846c82b8c0538af034740e6e7d5106,"{""distance"":7,""physical_error_rate"":0.0005}","{""detection_events"":84179,""detectors_checked"":34521088}"
     36864,         0,         0,    8.48,exact_mw,c34bb01325b9980f7caca1807bd93e7e28846c82b8c0538af034740e6e7d5106,"{""distance"":7,""physical_error_rate"":0.0005}","{""detection_events"":54709,""detectors_checked"":22192128}"
     45056,         0,         0,    8.53,exact_mw,c34bb01325b9980f7caca1807bd93e7e28846c82b8c0538af034740e6e7d5106,"{""distance"":7,""physical_error_rate"":0.0005}","{""detection_events"":66784,""detectors_checked"":27123712}"
     37888,         0,         0,    8.46,exact_mw,c34bb01325b9980f7caca1807bd93e7e28846c82b8c0538af034740e6e7d5106,"{""distance"":7,""physical_error_rate"":0.0005}","{""detection_events"":56286,""detectors_checked"":22808576}"
     37888,         0,         0,    8.42,exact_mw,c34bb01325b9980f7caca1807bd93e7e28846c82b8c0538af034740e6e7d5106,"{""distance"":7,""physical_error_rate"":0.0005}","{""detection_events"":56554,""detectors_checked"":22808576}"
     45056,         0,         0,    8.39,exact_mw,c34bb01325b9980f7caca1807bd93e7e28846c82b8c0538af034740e6e7d5106,"{""distance"":7,""physical_error_rate"":0.0005}","{""detection_events"":67295,""detectors_checked"":27123712}"
     51200,         0,         0,    8.35,exact_mw,c34bb01325b9980f7caca1807bd93e7e28846c82b8c0538af034740e6e7d5106,"{""distance"":7,""physical_error_rate"":0.0005}","{""detection_events"":75634,""detectors_checked"":30822400}"
     31744,         0,         0,    6.00,exact_mw,c34bb01325b9980f7caca1807bd93e7e28846c82b8c0538af034740e6e7d5106,"{""distance"":7,""physical_error_rate"":0.0005}","{""detection_events"":47170,""detectors_checked"":19109888}"
     41984,         0,         0,    8.50,exact_mw,c34bb01325b9980f7caca1807bd93e7e28846c82b8c0538af034740e6e7d5106,"{""distance"":7,""physical_error_rate"":0.0005}","{""detection_events"":62011,""detectors_checked"":25274368}"
     34816,         0,         0,    11.8,exact_mw,c34bb01325b9980f7caca1807bd93e7e28846c82b8c0538af034740e6e7d5106,"{""distance"":7,""physical_error_rate"":0.0005}","{""detection_events"":51339,""detectors_checked"":20959232}"
     47104,         0,         0,    8.49,exact_mw,c34bb01325b9980f7caca1807bd93e7e28846c82b8c0538af034740e6e7d5106,"{""distance"":7,""physical_error_rate"":0.0005}","{""detection_events"":69406,""detectors_checked"":28356608}"
    519168,         3,         0,   120.1,exact_mw,c34bb01325b9980f7caca1807bd93e7e28846c82b8c0538af034740e6e7d5106,"{""distance"":7,""physical_error_rate"":0.0005}","{""detection_events"":766491,""detectors_checked"":312539136,""obs_mistake_mask=E"":3}"
    509952,         1,         0,   119.9,exact_mw,c34bb01325b9980f7caca1807bd93e7e28846c82b8c0538af034740e6e7d5106,"{""distance"":7,""physical_error_rate"":0.0005}","{""detection_events"":753290,""detectors_checked"":306991104,""obs_mistake_mask=E"":1}"
     26624,         0,         0,    8.63,exact_mw,c34bb01325b9980f7caca1807bd93e7e28846c82b8c0538af034740e6e7d5106,"{""distance"":7,""physical_error_rate"":0.0005}","{""detection_events"":39137,""detectors_checked"":16027648}"
     44032,         0,         0,    8.51,exact_mw,c34bb01325b9980f7caca1807bd93e7e28846c82b8c0538af034740e6e7d5106,"{""distance"":7,""physical_error_rate"":0.0005}","{""detection_events"":64960,""detectors_checked"":26507264}"
     49152,         0,         0,    11.8,exact_mw,c34bb01325b9980f7caca1807bd93e7e28846c82b8c0538af034740e6e7d5106,"{""distance"":7,""physical_error_rate"":0.0005}","{""detection_events"":73189,""detectors_checked"":29589504}"
     41984,         0,         0,    8.58,exact_mw,c34bb01325b9980f7caca1807bd93e7e28846c82b8c0538af034740e6e7d5106,"{""distance"":7,""physical_error_rate"":0.0005}","{""detection_events"":61691,""detectors_checked"":25274368}"
     54272,         0,         0,    11.9,exact_mw,c34bb01325b9980f7caca1807bd93e7e28846c82b8c0538af034740e6e7d5106,"{""distance"":7,""physical_error_rate"":0.0005}","{""detection_events"":80193,""detectors_checked"":32671744}"
    610304,         0,         0,   120.1,exact_mw,c34bb01325b9980f7caca1807bd93e7e28846c82b8c0538af034740e6e7d5106,"{""distance"":7,""physical_error_rate"":0.0005}","{""detection_events"":901082,""detectors_checked"":367403008}"
     72704,         0,         0,    11.8,exact_mw,c34bb01325b9980f7caca1807bd93e7e28846c82b8c0538af034740e6e7d5106,"{""distance"":7,""physical_error_rate"":0.0005}","{""detection_events"":106868,""detectors_checked"":43767808}"
    204800,         2,         0,    16.5,exact_mw,c34bb01325b9980f7caca1807bd93e7e28846c82b8c0538af034740e6e7d5106,"{""distance"":7,""physical_error_rate"":0.0005}","{""detection_events"":305542,""detectors_checked"":123289600,""obs_mistake_mask=E"":2}"
    555008,         2,         0,   120.0,exact_mw,c34bb01325b9980f7caca1807bd93e7e28846c82b8c0538af034740e6e7d5106,"{""distance"":7,""physical_error_rate"":0.0005}","{""detection_events"":822401,""detectors_checked"":334114816,""obs_mistake_mask=E"":2}"
     53248,         0,         0,    11.8,exact_mw,c34bb01325b9980f7caca1807bd93e7e28846c82b8c0538af034740e6e7d5106,"{""distance"":7,""physical_error_rate"":0.0005}","{""detection_events"":78464,""detectors_checked"":32055296}"
     31744,         0,         0,    8.38,exact_mw,c34bb01325b9980f7caca1807bd93e7e28846c82b8c0538af034740e6e7d5106,"{""distance"":7,""physical_error_rate"":0.0005}","{""detection_events"":46365,""detectors_checked"":19109888}"
     51200,         0,         0,    11.8,exact_mw,c34bb01325b9980f7caca1807bd93e7e28846c82b8c0538af034740e6e7d5106,"{""distance"":7,""physical_error_rate"":0.0005}","{""detection_events"":77470,""detectors_checked"":30822400}"
     52224,         0,         0,    11.9,exact_mw,c34bb01325b9980f7caca1807bd93e7e28846c82b8c0538af034740e6e7d5106,"{""distance"":7,""physical_error_rate"":0.0005}","{""detection_events"":77482,""detectors_checked"":31438848}"
     49152,         1,         0,    11.7,exact_mw,c34bb01325b9980f7caca1807bd93e7e28846c82b8c0538af034740e6e7d5106,"{""distance"":7,""physical_error_rate"":0.0005}","{""detection_events"":72897,""detectors_checked"":29589504,""obs_mistake_mask=E"":1}"
     52224,         1,         0,    11.8,exact_mw,c34bb01325b9980f7caca1807bd93e7e28846c82b8c0538af034740e6e7d5106,"{""distance"":7,""physical_error_rate"":0.0005}","{""detection_events"":78530,""detectors_checked"":31438848,""obs_mistake_mask=E"":1}"
     54272,         0,         0,    11.9,exact_mw,c34bb01325b9980f7caca1807bd93e7e28846c82b8c0538af034740e6e7d5106,"{""distance"":7,""physical_error_rate"":0.0005}","{""detection_events"":79988,""detectors_checked"":32671744}"
     51200,         0,         0,    11.8,exact_mw,c34bb01325b9980f7caca1807bd93e7e28846c82b8c0538af034740e6e7d5106,"{""distance"":7,""physical_error_rate"":0.0005}","{""detection_events"":75836,""detectors_checked"":30822400}"
     61440,         0,         0,    11.9,exact_mw,c34bb01325b9980f7caca1807bd93e7e28846c82b8c0538af034740e6e7d5106,"{""distance"":7,""physical_error_rate"":0.0005}","{""detection_events"":90601,""detectors_checked"":36986880}"
     49152,         0,         0,    8.44,exact_mw,c34bb01325b9980f7caca1807bd93e7e28846c82b8c0538af034740e6e7d5106,"{""distance"":7,""physical_error_rate"":0.0005}","{""detection_events"":71831,""detectors_checked"":29589504}"
     55296,         1,         0,    11.8,exact_mw,c34bb01325b9980f7caca1807bd93e7e28846c82b8c0538af034740e6e7d5106,"{""distance"":7,""physical_error_rate"":0.0005}","{""detection_events"":81505,""detectors_checked"":33288192,""obs_mistake_mask=E"":1}"
     76800,         1,         0,    11.8,exact_mw,c34bb01325b9980f7caca1807bd93e7e28846c82b8c0538af034740e6e7d5106,"{""distance"":7,""physical_error_rate"":0.0005}","{""detection_events"":113244,""detectors_checked"":46233600,""obs_mistake_mask=E"":1}"
     75776,         1,         0,    11.8,exact_mw,c34bb01325b9980f7caca1807bd93e7e28846c82b8c0538af034740e6e7d5106,"{""distance"":7,""physical_error_rate"":0.0005}","{""detection_events"":111854,""detectors_checked"":45617152,""obs_mistake_mask=E"":1}"
     54272,         0,         0,    11.9,exact_mw,c34bb01325b9980f7caca1807bd93e7e28846c82b8c0538af034740e6e7d5106,"{""distance"":7,""physical_error_rate"":0.0005}","{""detection_events"":79081,""detectors_checked"":32671744}"
     55296,         0,         0,    11.8,exact_mw,c34bb01325b9980f7caca1807bd93e7e28846c82b8c0538af034740e6e7d5106,"{""distance"":7,""physical_error_rate"":0.0005}","{""detection_events"":82032,""detectors_checked"":33288192}"
     49152,         0,         0,    12.0,exact_mw,c34bb01325b9980f7caca1807bd93e7e28846c82b8c0538af034740e6e7d5106,"{""distance"":7,""physical_error_rate"":0.0005}","{""detection_events"":74295,""detectors_checked"":29589504}"
     65536,         0,         0,    11.9,exact_mw,c34bb01325b9980f7caca1807bd93e7e28846c82b8c0538af034740e6e7d5106,"{""distance"":7,""physical_error_rate"":0.0005}","{""detection_events"":97339,""detectors_checked"":39452672}"
     53248,         1,         0,    11.8,exact_mw,c34bb01325b9980f7caca1807bd93e7e28846c82b8c0538af034740e6e7d5106,"{""distance"":7,""physical_error_rate"":0.0005}","{""detection_events"":79251,""detectors_checked"":32055296,""obs_mistake_mask=E"":1}"
     60416,         0,         0,    11.7,exact_mw,c34bb01325b9980f7caca1807bd93e7e28846c82b8c0538af034740e6e7d5106,"{""distance"":7,""physical_error_rate"":0.0005}","{""detection_events"":90184,""detectors_checked"":36370432}"
    112640,         1,         0,    16.5,exact_mw,c34bb01325b9980f7caca1807bd93e7e28846c82b8c0538af034740e6e7d5106,"{""distance"":7,""physical_error_rate"":0.0005}","{""detection_events"":166377,""detectors_checked"":67809280,""obs_mistake_mask=E"":1}"
     53248,         0,         0,    11.9,exact_mw,c34bb01325b9980f7caca1807bd93e7e28846c82b8c0538af034740e6e7d5106,"{""distance"":7,""physical_error_rate"":0.0005}","{""detection_events"":78774,""detectors_checked"":32055296}"
    591872,         0,         0,   119.9,exact_mw,c34bb01325b9980f7caca1807bd93e7e28846c82b8c0538af034740e6e7d5106,"{""distance"":7,""physical_error_rate"":0.0005}","{""detection_events"":877170,""detectors_checked"":356306944}"
    108544,         0,         0,    16.4,exact_mw,c34bb01325b9980f7caca1807bd93e7e28846c82b8c0538af034740e6e7d5106,"{""distance"":7,""physical_error_rate"":0.0005}","{""detection_events"":160705,""detectors_checked"":65343488}"
     49152,         0,         0,    11.9,exact_mw,c34bb01325b9980f7caca1807bd93e7e28846c82b8c0538af034740e6e7d5106,"{""distance"":7,""physical_error_rate"":0.0005}","{""detection_events"":73664,""detectors_checked"":29589504}"
     44032,         1,         0,    11.8,exact_mw,c34bb01325b9980f7caca1807bd93e7e28846c82b8c0538af034740e6e7d5106,"{""distance"":7,""physical_error_rate"":0.0005}","{""detection_events"":64646,""detectors_checked"":26507264,""obs_mistake_mask=E"":1}"
    118784,         1,         0,    16.4,exact_mw,c34bb01325b9980f7caca1807bd93e7e28846c82b8c0538af034740e6e7d5106,"{""distance"":7,""physical_error_rate"":0.0005}","{""detection_events"":174875,""detectors_checked"":71507968,""obs_mistake_mask=E"":1}"
    694272,         2,         0,   119.9,exact_mw,c34bb01325b9980f7caca1807bd93e7e28846c82b8c0538af034740e6e7d5106,"{""distance"":7,""physical_error_rate"":0.0005}","{""detection_events"":1028797,""detectors_checked"":417951744,""obs_mistake_mask=E"":2}"
     52224,         0,         0,    11.9,exact_mw,c34bb01325b9980f7caca1807bd93e7e28846c82b8c0538af034740e6e7d5106,"{""distance"":7,""physical_error_rate"":0.0005}","{""detection_events"":77342,""detectors_checked"":31438848}"
     54272,         0,         0,    11.9,exact_mw,c34bb01325b9980f7caca1807bd93e7e28846c82b8c0538af034740e6e7d5106,"{""distance"":7,""physical_error_rate"":0.0005}","{""detection_events"":80902,""detectors_checked"":32671744}"
     37888,         0,         0,    11.8,exact_mw,c34bb01325b9980f7caca1807bd93e7e28846c82b8c0538af034740e6e7d5106,"{""distance"":7,""physical_error_rate"":0.0005}","{""detection_events"":55996,""detectors_checked"":22808576}"
     56320,         0,         0,    16.4,exact_mw,c34bb01325b9980f7caca1807bd93e7e28846c82b8c0538af034740e6e7d5106,"{""distance"":7,""physical_error_rate"":0.0005}","{""detection_events"":83192,""detectors_checked"":33904640}"
     73728,         0,         0,    16.5,exact_mw,c34bb01325b9980f7caca1807bd93e7e28846c82b8c0538af034740e6e7d5106,"{""distance"":7,""physical_error_rate"":0.0005}","{""detection_events"":109755,""detectors_checked"":44384256}"
     77824,         1,         0,    16.4,exact_mw,c34bb01325b9980f7caca1807bd93e7e28846c82b8c0538af034740e6e7d5106,"{""distance"":7,""physical_error_rate"":0.0005}","{""detection_events"":113920,""detectors_checked"":46850048,""obs_mistake_mask=E"":1}"
     69632,         1,         0,    11.7,exact_mw,c34bb01325b9980f7caca1807bd93e7e28846c82b8c0538af034740e6e7d5106,"{""distance"":7,""physical_error_rate"":0.0005}","{""detection_events"":102610,""detectors_checked"":41918464,""obs_mistake_mask=E"":1}"
     89088,         0,         0,    16.5,exact_mw,c34bb01325b9980f7caca1807bd93e7e28846c82b8c0538af034740e6e7d5106,"{""distance"":7,""physical_error_rate"":0.0005}","{""detection_events"":131039,""detectors_checked"":53630976}"
     75776,         0,         0,    16.4,exact_mw,c34bb01325b9980f7caca1807bd93e7e28846c82b8c0538af034740e6e7d5106,"{""distance"":7,""physical_error_rate"":0.0005}","{""detection_events"":112706,""detectors_checked"":45617152}"
     76800,         0,         0,    16.5,exact_mw,c34bb01325b9980f7caca1807bd93e7e28846c82b8c0538af034740e6e7d5106,"{""distance"":7,""physical_error_rate"":0.0005}","{""detection_events"":113165,""detectors_checked"":46233600}"
     74752,         1,         0,    16.6,exact_mw,c34bb01325b9980f7caca1807bd93e7e28846c82b8c0538af034740e6e7d5106,"{""distance"":7,""physical_error_rate"":0.0005}","{""detection_events"":111400,""detectors_checked"":45000704,""obs_mistake_mask=E"":1}"
     73728,         0,         0,    16.5,exact_mw,c34bb01325b9980f7caca1807bd93e7e28846c82b8c0538af034740e6e7d5106,"{""distance"":7,""physical_error_rate"":0.0005}","{""detection_events"":108718,""detectors_checked"":44384256}"
     74752,         1,         0,    16.5,exact_mw,c34bb01325b9980f7caca1807bd93e7e28846c82b8c0538af034740e6e7d5106,"{""distance"":7,""physical_error_rate"":0.0005}","{""detection_events"":110949,""detectors_checked"":45000704,""obs_mistake_mask=E"":1}"
     73728,         0,         0,    16.4,exact_mw,c34bb01325b9980f7caca1807bd93e7e28846c82b8c0538af034740e6e7d5106,"{""distance"":7,""physical_error_rate"":0.0005}","{""detection_events"":109326,""detectors_checked"":44384256}"
     73728,         1,         0,    16.5,exact_mw,c34bb01325b9980f7caca1807bd93e7e28846c82b8c0538af034740e6e7d5106,"{""distance"":7,""physical_error_rate"":0.0005}","{""detection_events"":109354,""detectors_checked"":44384256,""obs_mistake_mask=E"":1}"
     89088,         0,         0,    16.4,exact_mw,c34bb01325b9980f7caca1807bd93e7e28846c82b8c0538af034740e6e7d5106,"{""distance"":7,""physical_error_rate"":0.0005}","{""detection_events"":130799,""detectors_checked"":53630976}"
     87040,         0,         0,    16.5,exact_mw,c34bb01325b9980f7caca1807bd93e7e28846c82b8c0538af034740e6e7d5106,"{""distance"":7,""physical_error_rate"":0.0005}","{""detection_events"":129022,""detectors_checked"":52398080}"
    107520,         1,         0,    16.4,exact_mw,c34bb01325b9980f7caca1807bd93e7e28846c82b8c0538af034740e6e7d5106,"{""distance"":7,""physical_error_rate"":0.0005}","{""detection_events"":158513,""detectors_checked"":64727040,""obs_mistake_mask=E"":1}"
    107520,         1,         0,    16.5,exact_mw,c34bb01325b9980f7caca1807bd93e7e28846c82b8c0538af034740e6e7d5106,"{""distance"":7,""physical_error_rate"":0.0005}","{""detection_events"":159839,""detectors_checked"":64727040,""obs_mistake_mask=E"":1}"
     74752,         0,         0,    16.5,exact_mw,c34bb01325b9980f7caca1807bd93e7e28846c82b8c0538af034740e6e7d5106,"{""distance"":7,""physical_error_rate"":0.0005}","{""detection_events"":110989,""detectors_checked"":45000704}"
     76800,         0,         0,    16.5,exact_mw,c34bb01325b9980f7caca1807bd93e7e28846c82b8c0538af034740e6e7d5106,"{""distance"":7,""physical_error_rate"":0.0005}","{""detection_events"":112767,""detectors_checked"":46233600}"
     74752,         1,         0,    16.5,exact_mw,c34bb01325b9980f7caca1807bd93e7e28846c82b8c0538af034740e6e7d5106,"{""distance"":7,""physical_error_rate"":0.0005}","{""detection_events"":110793,""detectors_checked"":45000704,""obs_mistake_mask=E"":1}"
     99328,         0,         0,    16.4,exact_mw,c34bb01325b9980f7caca1807bd93e7e28846c82b8c0538af034740e6e7d5106,"{""distance"":7,""physical_error_rate"":0.0005}","{""detection_events"":147056,""detectors_checked"":59795456}"
     77824,         0,         0,    16.4,exact_mw,c34bb01325b9980f7caca1807bd93e7e28846c82b8c0538af034740e6e7d5106,"{""distance"":7,""physical_error_rate"":0.0005}","{""detection_events"":114643,""detectors_checked"":46850048}"
     70656,         1,         0,    16.4,exact_mw,c34bb01325b9980f7caca1807bd93e7e28846c82b8c0538af034740e6e7d5106,"{""distance"":7,""physical_error_rate"":0.0005}","{""detection_events"":104699,""detectors_checked"":42534912,""obs_mistake_mask=E"":1}"
    308224,         1,         0,    23.0,exact_mw,c34bb01325b9980f7caca1807bd93e7e28846c82b8c0538af034740e6e7d5106,"{""distance"":7,""physical_error_rate"":0.0005}","{""detection_events"":457473,""detectors_checked"":185550848,""obs_mistake_mask=E"":1}"
   1329152,         4,         0,   119.9,exact_mw,c34bb01325b9980f7caca1807bd93e7e28846c82b8c0538af034740e6e7d5106,"{""distance"":7,""physical_error_rate"":0.0005}","{""detection_events"":1970947,""detectors_checked"":800149504,""obs_mistake_mask=E"":4}"
     75776,         0,         0,    16.4,exact_mw,c34bb01325b9980f7caca1807bd93e7e28846c82b8c0538af034740e6e7d5106,"{""distance"":7,""physical_error_rate"":0.0005}","{""detection_events"":111590,""detectors_checked"":45617152}"
    105472,         2,         0,    16.4,exact_mw,c34bb01325b9980f7caca1807bd93e7e28846c82b8c0538af034740e6e7d5106,"{""distance"":7,""physical_error_rate"":0.0005}","{""detection_events"":155932,""detectors_checked"":63494144,""obs_mistake_mask=E"":2}"
     43008,         0,         0,    16.4,exact_mw,c34bb01325b9980f7caca1807bd93e7e28846c82b8c0538af034740e6e7d5106,"{""distance"":7,""physical_error_rate"":0.0005}","{""detection_events"":63606,""detectors_checked"":25890816}"
     80896,         0,         0,    16.5,exact_mw,c34bb01325b9980f7caca1807bd93e7e28846c82b8c0538af034740e6e7d5106,"{""distance"":7,""physical_error_rate"":0.0005}","{""detection_events"":119568,""detectors_checked"":48699392}"
     78848,         0,         0,    16.5,exact_mw,c34bb01325b9980f7caca1807bd93e7e28846c82b8c0538af034740e6e7d5106,"{""distance"":7,""physical_error_rate"":0.0005}","{""detection_events"":116831,""detectors_checked"":47466496}"
    636928,         0,         0,   120.0,exact_mw,c34bb01325b9980f7caca1807bd93e7e28846c82b8c0538af034740e6e7d5106,"{""distance"":7,""physical_error_rate"":0.0005}","{""detection_events"":939753,""detectors_checked"":383430656}"
     38912,         0,         0,    17.2,exact_mw,c34bb01325b9980f7caca1807bd93e7e28846c82b8c0538af034740e6e7d5106,"{""distance"":7,""physical_error_rate"":0.0005}","{""detection_events"":56932,""detectors_checked"":23425024}"
    175104,         1,         0,    23.0,exact_mw,c34bb01325b9980f7caca1807bd93e7e28846c82b8c0538af034740e6e7d5106,"{""distance"":7,""physical_error_rate"":0.0005}","{""detection_events"":260596,""detectors_checked"":105412608,""obs_mistake_mask=E"":1}"
    181248,         0,         0,    23.0,exact_mw,c34bb01325b9980f7caca1807bd93e7e28846c82b8c0538af034740e6e7d5106,"{""distance"":7,""physical_error_rate"":0.0005}","{""detection_events"":266723,""detectors_checked"":109111296}"
    169984,         1,         0,    23.0,exact_mw,c34bb01325b9980f7caca1807bd93e7e28846c82b8c0538af034740e6e7d5106,"{""distance"":7,""physical_error_rate"":0.0005}","{""detection_events"":250597,""detectors_checked"":102330368,""obs_mistake_mask=E"":1}"
     49152,         0,         0,    16.6,exact_mw,c34bb01325b9980f7caca1807bd93e7e28846c82b8c0538af034740e6e7d5106,"{""distance"":7,""physical_error_rate"":0.0005}","{""detection_events"":72391,""detectors_checked"":29589504}"
     39936,         0,         0,    23.8,exact_mw,c34bb01325b9980f7caca1807bd93e7e28846c82b8c0538af034740e6e7d5106,"{""distance"":7,""physical_error_rate"":0.0005}","{""detection_events"":59991,""detectors_checked"":24041472}"
    104448,         0,         0,    23.0,exact_mw,c34bb01325b9980f7caca1807bd93e7e28846c82b8c0538af034740e6e7d5106,"{""distance"":7,""physical_error_rate"":0.0005}","{""detection_events"":155361,""detectors_checked"":62877696}"
    123904,         0,         0,    23.0,exact_mw,c34bb01325b9980f7caca1807bd93e7e28846c82b8c0538af034740e6e7d5106,"{""distance"":7,""physical_error_rate"":0.0005}","{""detection_events"":182938,""detectors_checked"":74590208}"
    133120,         0,         0,    23.1,exact_mw,c34bb01325b9980f7caca1807bd93e7e28846c82b8c0538af034740e6e7d5106,"{""distance"":7,""physical_error_rate"":0.0005}","{""detection_events"":198276,""detectors_checked"":80138240}"
    104448,         1,         0,    23.0,exact_mw,c34bb01325b9980f7caca1807bd93e7e28846c82b8c0538af034740e6e7d5106,"{""distance"":7,""physical_error_rate"":0.0005}","{""detection_events"":154618,""detectors_checked"":62877696,""obs_mistake_mask=E"":1}"
    106496,         2,         0,    23.0,exact_mw,c34bb01325b9980f7caca1807bd93e7e28846c82b8c0538af034740e6e7d5106,"{""distance"":7,""physical_error_rate"":0.0005}","{""detection_events"":157885,""detectors_checked"":64110592,""obs_mistake_mask=E"":2}"
   1040384,         1,         0,   120.0,exact_mw,c34bb01325b9980f7caca1807bd93e7e28846c82b8c0538af034740e6e7d5106,"{""distance"":7,""physical_error_rate"":0.0005}","{""detection_events"":1538118,""detectors_checked"":626311168,""obs_mistake_mask=E"":1}"
    645120,         1,         0,   120.0,exact_mw,c34bb01325b9980f7caca1807bd93e7e28846c82b8c0538af034740e6e7d5106,"{""distance"":7,""physical_error_rate"":0.0005}","{""detection_events"":955863,""detectors_checked"":388362240,""obs_mistake_mask=E"":1}"
    125952,         0,         0,    23.0,exact_mw,c34bb01325b9980f7caca1807bd93e7e28846c82b8c0538af034740e6e7d5106,"{""distance"":7,""physical_error_rate"":0.0005}","{""detection_events"":187068,""detectors_checked"":75823104}"
    102400,         0,         0,    23.1,exact_mw,c34bb01325b9980f7caca1807bd93e7e28846c82b8c0538af034740e6e7d5106,"{""distance"":7,""physical_error_rate"":0.0005}","{""detection_events"":151117,""detectors_checked"":61644800}"
    563200,         2,         0,   119.9,exact_mw,c34bb01325b9980f7caca1807bd93e7e28846c82b8c0538af034740e6e7d5106,"{""distance"":7,""physical_error_rate"":0.0005}","{""detection_events"":835405,""detectors_checked"":339046400,""obs_mistake_mask=E"":2}"
    107520,         1,         0,    23.0,exact_mw,c34bb01325b9980f7caca1807bd93e7e28846c82b8c0538af034740e6e7d5106,"{""distance"":7,""physical_error_rate"":0.0005}","{""detection_events"":159147,""detectors_checked"":64727040,""obs_mistake_mask=E"":1}"
    140288,         0,         0,    23.1,exact_mw,c34bb01325b9980f7caca1807bd93e7e28846c82b8c0538af034740e6e7d5106,"{""distance"":7,""physical_error_rate"":0.0005}","{""detection_events"":206886,""detectors_checked"":84453376}"
    114688,         0,         0,    23.0,exact_mw,c34bb01325b9980f7caca1807bd93e7e28846c82b8c0538af034740e6e7d5106,"{""distance"":7,""physical_error_rate"":0.0005}","{""detection_events"":169711,""detectors_checked"":69042176}"
    631808,         1,         0,   119.9,exact_mw,c34bb01325b9980f7caca1807bd93e7e28846c82b8c0538af034740e6e7d5106,"{""distance"":7,""physical_error_rate"":0.0005}","{""detection_events"":935834,""detectors_checked"":380348416,""obs_mistake_mask=E"":1}"
    588800,         1,         0,   119.9,exact_mw,c34bb01325b9980f7caca1807bd93e7e28846c82b8c0538af034740e6e7d5106,"{""distance"":7,""physical_error_rate"":0.0005}","{""detection_events"":871289,""detectors_checked"":354457600,""obs_mistake_mask=E"":1}"
    145408,         0,         0,    23.1,exact_mw,c34bb01325b9980f7caca1807bd93e7e28846c82b8c0538af034740e6e7d5106,"{""distance"":7,""physical_error_rate"":0.0005}","{""detection_events"":214493,""detectors_checked"":87535616}"
    149504,         1,         0,    22.9,exact_mw,c34bb01325b9980f7caca1807bd93e7e28846c82b8c0538af034740e6e7d5106,"{""distance"":7,""physical_error_rate"":0.0005}","{""detection_events"":222466,""detectors_checked"":90001408,""obs_mistake_mask=E"":1}"
    113664,         0,         0,    23.0,exact_mw,c34bb01325b9980f7caca1807bd93e7e28846c82b8c0538af034740e6e7d5106,"{""distance"":7,""physical_error_rate"":0.0005}","{""detection_events"":169003,""detectors_checked"":68425728}"
    128000,         0,         0,    22.9,exact_mw,c34bb01325b9980f7caca1807bd93e7e28846c82b8c0538af034740e6e7d5106,"{""distance"":7,""physical_error_rate"":0.0005}","{""detection_events"":190100,""detectors_checked"":77056000}"
    539648,         3,         0,   120.1,exact_mw,c34bb01325b9980f7caca1807bd93e7e28846c82b8c0538af034740e6e7d5106,"{""distance"":7,""physical_error_rate"":0.0005}","{""detection_events"":795576,""detectors_checked"":324868096,""obs_mistake_mask=E"":3}"
    110592,         0,         0,    23.0,exact_mw,c34bb01325b9980f7caca1807bd93e7e28846c82b8c0538af034740e6e7d5106,"{""distance"":7,""physical_error_rate"":0.0005}","{""detection_events"":164218,""detectors_checked"":66576384}"
    118784,         1,         0,    23.1,exact_mw,c34bb01325b9980f7caca1807bd93e7e28846c82b8c0538af034740e6e7d5106,"{""distance"":7,""physical_error_rate"":0.0005}","{""detection_events"":174075,""detectors_checked"":71507968,""obs_mistake_mask=E"":1}"
    136192,         0,         0,    23.0,exact_mw,c34bb01325b9980f7caca1807bd93e7e28846c82b8c0538af034740e6e7d5106,"{""distance"":7,""physical_error_rate"":0.0005}","{""detection_events"":201542,""detectors_checked"":81987584}"
    557056,         0,         0,   120.0,exact_mw,c34bb01325b9980f7caca1807bd93e7e28846c82b8c0538af034740e6e7d5106,"{""distance"":7,""physical_error_rate"":0.0005}","{""detection_events"":821553,""detectors_checked"":335347712}"
    107520,         0,         0,    23.0,exact_mw,c34bb01325b9980f7caca1807bd93e7e28846c82b8c0538af034740e6e7d5106,"{""distance"":7,""physical_error_rate"":0.0005}","{""detection_events"":158192,""detectors_checked"":64727040}"
     65536,         0,         0,    23.1,exact_mw,c34bb01325b9980f7caca1807bd93e7e28846c82b8c0538af034740e6e7d5106,"{""distance"":7,""physical_error_rate"":0.0005}","{""detection_events"":97622,""detectors_checked"":39452672}"
    121856,         0,         0,    23.0,exact_mw,c34bb01325b9980f7caca1807bd93e7e28846c82b8c0538af034740e6e7d5106,"{""distance"":7,""physical_error_rate"":0.0005}","{""detection_events"":181133,""detectors_checked"":73357312}"
    703488,         1,         0,   119.9,exact_mw,c34bb01325b9980f7caca1807bd93e7e28846c82b8c0538af034740e6e7d5106,"{""distance"":7,""physical_error_rate"":0.0005}","{""detection_events"":1037624,""detectors_checked"":423499776,""obs_mistake_mask=E"":1}"
    104448,         0,         0,    23.0,exact_mw,c34bb01325b9980f7caca1807bd93e7e28846c82b8c0538af034740e6e7d5106,"{""distance"":7,""physical_error_rate"":0.0005}","{""detection_events"":154748,""detectors_checked"":62877696}"
    146432,         0,         0,    23.1,exact_mw,c34bb01325b9980f7caca1807bd93e7e28846c82b8c0538af034740e6e7d5106,"{""distance"":7,""physical_error_rate"":0.0005}","{""detection_events"":215507,""detectors_checked"":88152064}"
    618496,         2,         0,   119.9,exact_mw,c34bb01325b9980f7caca1807bd93e7e28846c82b8c0538af034740e6e7d5106,"{""distance"":7,""physical_error_rate"":0.0005}","{""detection_events"":913685,""detectors_checked"":372334592,""obs_mistake_mask=E"":2}"
     35840,         0,         0,    23.7,exact_mw,c34bb01325b9980f7caca1807bd93e7e28846c82b8c0538af034740e6e7d5106,"{""distance"":7,""physical_error_rate"":0.0005}","{""detection_events"":52722,""detectors_checked"":21575680}"
    106496,         0,         0,    23.1,exact_mw,c34bb01325b9980f7caca1807bd93e7e28846c82b8c0538af034740e6e7d5106,"{""distance"":7,""physical_error_rate"":0.0005}","{""detection_events"":157628,""detectors_checked"":64110592}"
    582656,         1,         0,   120.8,exact_mw,c34bb01325b9980f7caca1807bd93e7e28846c82b8c0538af034740e6e7d5106,"{""distance"":7,""physical_error_rate"":0.0005}","{""detection_events"":861181,""detectors_checked"":350758912,""obs_mistake_mask=E"":1}"
    107520,         0,         0,    22.9,exact_mw,c34bb01325b9980f7caca1807bd93e7e28846c82b8c0538af034740e6e7d5106,"{""distance"":7,""physical_error_rate"":0.0005}","{""detection_events"":159263,""detectors_checked"":64727040}"
    483328,         1,         0,   120.6,exact_mw,c34bb01325b9980f7caca1807bd93e7e28846c82b8c0538af034740e6e7d5106,"{""distance"":7,""physical_error_rate"":0.0005}","{""detection_events"":713513,""detectors_checked"":290963456,""obs_mistake_mask=E"":1}"
     34816,         1,         0,    23.3,exact_mw,c34bb01325b9980f7caca1807bd93e7e28846c82b8c0538af034740e6e7d5106,"{""distance"":7,""physical_error_rate"":0.0005}","{""detection_events"":51369,""detectors_checked"":20959232,""obs_mistake_mask=E"":1}"
    690176,         0,         0,   119.9,exact_mw,c34bb01325b9980f7caca1807bd93e7e28846c82b8c0538af034740e6e7d5106,"{""distance"":7,""physical_error_rate"":0.0005}","{""detection_events"":1021321,""detectors_checked"":415485952}"
    600064,         3,         0,   120.0,exact_mw,c34bb01325b9980f7caca1807bd93e7e28846c82b8c0538af034740e6e7d5106,"{""distance"":7,""physical_error_rate"":0.0005}","{""detection_events"":887038,""detectors_checked"":361238528,""obs_mistake_mask=E"":3}"
    434176,         1,         0,    32.2,exact_mw,c34bb01325b9980f7caca1807bd93e7e28846c82b8c0538af034740e6e7d5106,"{""distance"":7,""physical_error_rate"":0.0005}","{""detection_events"":644523,""detectors_checked"":261373952,""obs_mistake_mask=E"":1}"
    109568,         1,         0,    23.1,exact_mw,c34bb01325b9980f7caca1807bd93e7e28846c82b8c0538af034740e6e7d5106,"{""distance"":7,""physical_error_rate"":0.0005}","{""detection_events"":160201,""detectors_checked"":65959936,""obs_mistake_mask=E"":1}"
    911360,         4,         0,   119.8,exact_mw,c34bb01325b9980f7caca1807bd93e7e28846c82b8c0538af034740e6e7d5106,"{""distance"":7,""physical_error_rate"":0.0005}","{""detection_events"":1346114,""detectors_checked"":548638720,""obs_mistake_mask=E"":4}"
    614400,         1,         0,   120.0,exact_mw,c34bb01325b9980f7caca1807bd93e7e28846c82b8c0538af034740e6e7d5106,"{""distance"":7,""physical_error_rate"":0.0005}","{""detection_events"":909432,""detectors_checked"":369868800,""obs_mistake_mask=E"":1}"
    207872,         0,         0,    32.1,exact_mw,c34bb01325b9980f7caca1807bd93e7e28846c82b8c0538af034740e6e7d5106,"{""distance"":7,""physical_error_rate"":0.0005}","{""detection_events"":306813,""detectors_checked"":125138944}"
    630784,         2,         0,   120.0,exact_mw,c34bb01325b9980f7caca1807bd93e7e28846c82b8c0538af034740e6e7d5106,"{""distance"":7,""physical_error_rate"":0.0005}","{""detection_events"":930690,""detectors_checked"":379731968,""obs_mistake_mask=E"":2}"
    595968,         2,         0,   120.0,exact_mw,c34bb01325b9980f7caca1807bd93e7e28846c82b8c0538af034740e6e7d5106,"{""distance"":7,""physical_error_rate"":0.0005}","{""detection_events"":879594,""detectors_checked"":358772736,""obs_mistake_mask=E"":2}"
    233472,         1,         0,    32.1,exact_mw,c34bb01325b9980f7caca1807bd93e7e28846c82b8c0538af034740e6e7d5106,"{""distance"":7,""physical_error_rate"":0.0005}","{""detection_events"":346522,""detectors_checked"":140550144,""obs_mistake_mask=E"":1}"
    219136,         1,         0,    32.2,exact_mw,c34bb01325b9980f7caca1807bd93e7e28846c82b8c0538af034740e6e7d5106,"{""distance"":7,""physical_error_rate"":0.0005}","{""detection_events"":322828,""detectors_checked"":131919872,""obs_mistake_mask=E"":1}"
    617472,         6,         0,   119.9,exact_mw,c34bb01325b9980f7caca1807bd93e7e28846c82b8c0538af034740e6e7d5106,"{""distance"":7,""physical_error_rate"":0.0005}","{""detection_events"":914965,""detectors_checked"":371718144,""obs_mistake_mask=E"":6}"
    122880,         0,         0,    32.2,exact_mw,c34bb01325b9980f7caca1807bd93e7e28846c82b8c0538af034740e6e7d5106,"{""distance"":7,""physical_error_rate"":0.0005}","{""detection_events"":181404,""detectors_checked"":73973760}"
    955392,         1,         0,   119.9,exact_mw,c34bb01325b9980f7caca1807bd93e7e28846c82b8c0538af034740e6e7d5106,"{""distance"":7,""physical_error_rate"":0.0005}","{""detection_events"":1417890,""detectors_checked"":575145984,""obs_mistake_mask=E"":1}"
    153600,         0,         0,    32.2,exact_mw,c34bb01325b9980f7caca1807bd93e7e28846c82b8c0538af034740e6e7d5106,"{""distance"":7,""physical_error_rate"":0.0005}","{""detection_events"":228516,""detectors_checked"":92467200}"
    185344,         0,         0,    32.2,exact_mw,c34bb01325b9980f7caca1807bd93e7e28846c82b8c0538af034740e6e7d5106,"{""distance"":7,""physical_error_rate"":0.0005}","{""detection_events"":275428,""detectors_checked"":111577088}"
    201728,         0,         0,    32.2,exact_mw,c34bb01325b9980f7caca1807bd93e7e28846c82b8c0538af034740e6e7d5106,"{""distance"":7,""physical_error_rate"":0.0005}","{""detection_events"":299978,""detectors_checked"":121440256}"
    184320,         0,         0,    32.2,exact_mw,c34bb01325b9980f7caca1807bd93e7e28846c82b8c0538af034740e6e7d5106,"{""distance"":7,""physical_error_rate"":0.0005}","{""detection_events"":272564,""detectors_checked"":110960640}"
    197632,         1,         0,    32.2,exact_mw,c34bb01325b9980f7caca1807bd93e7e28846c82b8c0538af034740e6e7d5106,"{""distance"":7,""physical_error_rate"":0.0005}","{""detection_events"":293390,""detectors_checked"":118974464,""obs_mistake_mask=E"":1}"
    465920,         2,         0,   120.0,exact_mw,c34bb01325b9980f7caca1807bd93e7e28846c82b8c0538af034740e6e7d5106,"{""distance"":7,""physical_error_rate"":0.0005}","{""detection_events"":686545,""detectors_checked"":280483840,""obs_mistake_mask=E"":2}"
    129024,         0,         0,    32.1,exact_mw,c34bb01325b9980f7caca1807bd93e7e28846c82b8c0538af034740e6e7d5106,"{""distance"":7,""physical_error_rate"":0.0005}","{""detection_events"":191097,""detectors_checked"":77672448}"
    173056,         0,         0,    32.1,exact_mw,c34bb01325b9980f7caca1807bd93e7e28846c82b8c0538af034740e6e7d5106,"{""distance"":7,""physical_error_rate"":0.0005}","{""detection_events"":255687,""detectors_checked"":104179712}"
    610304,         1,         0,   120.0,exact_mw,c34bb01325b9980f7caca1807bd93e7e28846c82b8c0538af034740e6e7d5106,"{""distance"":7,""physical_error_rate"":0.0005}","{""detection_events"":901084,""detectors_checked"":367403008,""obs_mistake_mask=E"":1}"
    173056,         2,         0,    32.2,exact_mw,c34bb01325b9980f7caca1807bd93e7e28846c82b8c0538af034740e6e7d5106,"{""distance"":7,""physical_error_rate"":0.0005}","{""detection_events"":255933,""detectors_checked"":104179712,""obs_mistake_mask=E"":2}"
    151552,         0,         0,    32.2,exact_mw,c34bb01325b9980f7caca1807bd93e7e28846c82b8c0538af034740e6e7d5106,"{""distance"":7,""physical_error_rate"":0.0005}","{""detection_events"":224019,""detectors_checked"":91234304}"
    197632,         0,         0,    32.2,exact_mw,c34bb01325b9980f7caca1807bd93e7e28846c82b8c0538af034740e6e7d5106,"{""distance"":7,""physical_error_rate"":0.0005}","{""detection_events"":292673,""detectors_checked"":118974464}"
    590848,         3,         0,   119.9,exact_mw,c34bb01325b9980f7caca1807bd93e7e28846c82b8c0538af034740e6e7d5106,"{""distance"":7,""physical_error_rate"":0.0005}","{""detection_events"":876072,""detectors_checked"":355690496,""obs_mistake_mask=E"":3}"
     98304,         0,         0,    32.2,exact_mw,c34bb01325b9980f7caca1807bd93e7e28846c82b8c0538af034740e6e7d5106,"{""distance"":7,""physical_error_rate"":0.0005}","{""detection_events"":145678,""detectors_checked"":59179008}"
    636928,         0,         0,   119.9,exact_mw,c34bb01325b9980f7caca1807bd93e7e28846c82b8c0538af034740e6e7d5106,"{""distance"":7,""physical_error_rate"":0.0005}","{""detection_events"":943461,""detectors_checked"":383430656}"
    217088,         0,         0,    32.1,exact_mw,c34bb01325b9980f7caca1807bd93e7e28846c82b8c0538af034740e6e7d5106,"{""distance"":7,""physical_error_rate"":0.0005}","{""detection_events"":320990,""detectors_checked"":130686976}"
    195584,         1,         0,    32.2,exact_mw,c34bb01325b9980f7caca1807bd93e7e28846c82b8c0538af034740e6e7d5106,"{""distance"":7,""physical_error_rate"":0.0005}","{""detection_events"":289075,""detectors_checked"":117741568,""obs_mistake_mask=E"":1}"
    188416,         0,         0,    32.2,exact_mw,c34bb01325b9980f7caca1807bd93e7e28846c82b8c0538af034740e6e7d5106,"{""distance"":7,""physical_error_rate"":0.0005}","{""detection_events"":278574,""detectors_checked"":113426432}"
    190464,         0,         0,    32.1,exact_mw,c34bb01325b9980f7caca1807bd93e7e28846c82b8c0538af034740e6e7d5106,"{""distance"":7,""physical_error_rate"":0.0005}","{""detection_events"":280958,""detectors_checked"":114659328}"
     88576,         0,         0,    32.4,exact_mw,c34bb01325b9980f7caca1807bd93e7e28846c82b8c0538af034740e6e7d5106,"{""distance"":7,""physical_error_rate"":0.0005}","{""detection_events"":130565,""detectors_checked"":53322752}"
    223232,         0,         0,    32.3,exact_mw,c34bb01325b9980f7caca1807bd93e7e28846c82b8c0538af034740e6e7d5106,"{""distance"":7,""physical_error_rate"":0.0005}","{""detection_events"":329284,""detectors_checked"":134385664}"
    193536,         1,         0,    32.2,exact_mw,c34bb01325b9980f7caca1807bd93e7e28846c82b8c0538af034740e6e7d5106,"{""distance"":7,""physical_error_rate"":0.0005}","{""detection_events"":287516,""detectors_checked"":116508672,""obs_mistake_mask=E"":1}"
    140288,         1,         0,    32.1,exact_mw,c34bb01325b9980f7caca1807bd93e7e28846c82b8c0538af034740e6e7d5106,"{""distance"":7,""physical_error_rate"":0.0005}","{""detection_events"":208008,""detectors_checked"":84453376,""obs_mistake_mask=E"":1}"
     44544,         0,         0,    32.6,exact_mw,c34bb01325b9980f7caca1807bd93e7e28846c82b8c0538af034740e6e7d5106,"{""distance"":7,""physical_error_rate"":0.0005}","{""detection_events"":66660,""detectors_checked"":26815488}"
    159744,         0,         0,    32.2,exact_mw,c34bb01325b9980f7caca1807bd93e7e28846c82b8c0538af034740e6e7d5106,"{""distance"":7,""physical_error_rate"":0.0005}","{""detection_events"":236367,""detectors_checked"":96165888}"
    155648,         0,         0,    32.7,exact_mw,c34bb01325b9980f7caca1807bd93e7e28846c82b8c0538af034740e6e7d5106,"{""distance"":7,""physical_error_rate"":0.0005}","{""detection_events"":229765,""detectors_checked"":93700096}"
     45056,         0,         0,    32.2,exact_mw,c34bb01325b9980f7caca1807bd93e7e28846c82b8c0538af034740e6e7d5106,"{""distance"":7,""physical_error_rate"":0.0005}","{""detection_events"":66765,""detectors_checked"":27123712}"
    168960,         0,         0,    32.4,exact_mw,c34bb01325b9980f7caca1807bd93e7e28846c82b8c0538af034740e6e7d5106,"{""distance"":7,""physical_error_rate"":0.0005}","{""detection_events"":250304,""detectors_checked"":101713920}"
    186368,         1,         0,    32.1,exact_mw,c34bb01325b9980f7caca1807bd93e7e28846c82b8c0538af034740e6e7d5106,"{""distance"":7,""physical_error_rate"":0.0005}","{""detection_events"":275760,""detectors_checked"":112193536,""obs_mistake_mask=E"":1}"
    253440,         1,         0,   121.2,exact_mw,c34bb01325b9980f7caca1807bd93e7e28846c82b8c0538af034740e6e7d5106,"{""distance"":7,""physical_error_rate"":0.0005}","{""detection_events"":373886,""detectors_checked"":152570880,""obs_mistake_mask=E"":1}"
     50176,         0,         0,    32.4,exact_mw,c34bb01325b9980f7caca1807bd93e7e28846c82b8c0538af034740e6e7d5106,"{""distance"":7,""physical_error_rate"":0.0005}","{""detection_events"":74080,""detectors_checked"":30205952}"
    178176,         0,         0,    32.1,exact_mw,c34bb01325b9980f7caca1807bd93e7e28846c82b8c0538af034740e6e7d5106,"{""distance"":7,""physical_error_rate"":0.0005}","{""detection_events"":263411,""detectors_checked"":107261952}"
    530432,         0,         0,    45.0,exact_mw,c34bb01325b9980f7caca1807bd93e7e28846c82b8c0538af034740e6e7d5106,"{""distance"":7,""physical_error_rate"":0.0005}","{""detection_events"":783277,""detectors_checked"":319320064}"
    385024,         0,         0,    45.0,exact_mw,c34bb01325b9980f7caca1807bd93e7e28846c82b8c0538af034740e6e7d5106,"{""distance"":7,""physical_error_rate"":0.0005}","{""detection_events"":570699,""detectors_checked"":231784448}"
    416768,         1,         0,    45.0,exact_mw,c34bb01325b9980f7caca1807bd93e7e28846c82b8c0538af034740e6e7d5106,"{""distance"":7,""physical_error_rate"":0.0005}","{""detection_events"":618081,""detectors_checked"":250894336,""obs_mistake_mask=E"":1}"
    403456,         1,         0,    45.0,exact_mw,c34bb01325b9980f7caca1807bd93e7e28846c82b8c0538af034740e6e7d5106,"{""distance"":7,""physical_error_rate"":0.0005}","{""detection_events"":597279,""detectors_checked"":242880512,""obs_mistake_mask=E"":1}"
    219136,         0,         0,    44.9,exact_mw,c34bb01325b9980f7caca1807bd93e7e28846c82b8c0538af034740e6e7d5106,"{""distance"":7,""physical_error_rate"":0.0005}","{""detection_events"":323653,""detectors_checked"":131919872}"
    239616,         1,         0,    45.0,exact_mw,c34bb01325b9980f7caca1807bd93e7e28846c82b8c0538af034740e6e7d5106,"{""distance"":7,""physical_error_rate"":0.0005}","{""detection_events"":357304,""detectors_checked"":144248832,""obs_mistake_mask=E"":1}"
    282624,         1,         0,    45.0,exact_mw,c34bb01325b9980f7caca1807bd93e7e28846c82b8c0538af034740e6e7d5106,"{""distance"":7,""physical_error_rate"":0.0005}","{""detection_events"":418221,""detectors_checked"":170139648,""obs_mistake_mask=E"":1}"
    186368,         0,         0,    45.0,exact_mw,c34bb01325b9980f7caca1807bd93e7e28846c82b8c0538af034740e6e7d5106,"{""distance"":7,""physical_error_rate"":0.0005}","{""detection_events"":275102,""detectors_checked"":112193536}"
    470016,         1,         0,   120.0,exact_mw,c34bb01325b9980f7caca1807bd93e7e28846c82b8c0538af034740e6e7d5106,"{""distance"":7,""physical_error_rate"":0.0005}","{""detection_events"":694508,""detectors_checked"":282949632,""obs_mistake_mask=E"":1}"
    237568,         0,         0,    45.0,exact_mw,c34bb01325b9980f7caca1807bd93e7e28846c82b8c0538af034740e6e7d5106,"{""distance"":7,""physical_error_rate"":0.0005}","{""detection_events"":349855,""detectors_checked"":143015936}"
    254976,         0,         0,    44.9,exact_mw,c34bb01325b9980f7caca1807bd93e7e28846c82b8c0538af034740e6e7d5106,"{""distance"":7,""physical_error_rate"":0.0005}","{""detection_events"":376524,""detectors_checked"":153495552}"
    521216,         1,         0,   120.0,exact_mw,c34bb01325b9980f7caca1807bd93e7e28846c82b8c0538af034740e6e7d5106,"{""distance"":7,""physical_error_rate"":0.0005}","{""detection_events"":771405,""detectors_checked"":313772032,""obs_mistake_mask=E"":1}"
    231424,         4,         0,    45.0,exact_mw,c34bb01325b9980f7caca1807bd93e7e28846c82b8c0538af034740e6e7d5106,"{""distance"":7,""physical_error_rate"":0.0005}","{""detection_events"":340422,""detectors_checked"":139317248,""obs_mistake_mask=E"":4}"
    281600,         1,         0,    45.1,exact_mw,c34bb01325b9980f7caca1807bd93e7e28846c82b8c0538af034740e6e7d5106,"{""distance"":7,""physical_error_rate"":0.0005}","{""detection_events"":417424,""detectors_checked"":169523200,""obs_mistake_mask=E"":1}"
    721920,         1,         0,   120.0,exact_mw,c34bb01325b9980f7caca1807bd93e7e28846c82b8c0538af034740e6e7d5106,"{""distance"":7,""physical_error_rate"":0.0005}","{""detection_events"":1068897,""detectors_checked"":434595840,""obs_mistake_mask=E"":1}"
    606720,         0,         0,   120.1,exact_mw,c34bb01325b9980f7caca1807bd93e7e28846c82b8c0538af034740e6e7d5106,"{""distance"":7,""physical_error_rate"":0.0005}","{""detection_events"":897706,""detectors_checked"":365245440}"
    252928,         1,         0,    44.9,exact_mw,c34bb01325b9980f7caca1807bd93e7e28846c82b8c0538af034740e6e7d5106,"{""distance"":7,""physical_error_rate"":0.0005}","{""detection_events"":374396,""detectors_checked"":152262656,""obs_mistake_mask=E"":1}"
    227328,         0,         0,    45.0,exact_mw,c34bb01325b9980f7caca1807bd93e7e28846c82b8c0538af034740e6e7d5106,"{""distance"":7,""physical_error_rate"":0.0005}","{""detection_events"":335401,""detectors_checked"":136851456}"
    209920,         2,         0,    45.0,exact_mw,c34bb01325b9980f7caca1807bd93e7e28846c82b8c0538af034740e6e7d5106,"{""distance"":7,""physical_error_rate"":0.0005}","{""detection_events"":313065,""detectors_checked"":126371840,""obs_mistake_mask=E"":2}"
    166912,         1,         0,    45.4,exact_mw,c34bb01325b9980f7caca1807bd93e7e28846c82b8c0538af034740e6e7d5106,"{""distance"":7,""physical_error_rate"":0.0005}","{""detection_events"":247948,""detectors_checked"":100481024,""obs_mistake_mask=E"":1}"
    257024,         2,         0,    45.0,exact_mw,c34bb01325b9980f7caca1807bd93e7e28846c82b8c0538af034740e6e7d5106,"{""distance"":7,""physical_error_rate"":0.0005}","{""detection_events"":379824,""detectors_checked"":154728448,""obs_mistake_mask=E"":2}"
    268288,         0,         0,    45.0,exact_mw,c34bb01325b9980f7caca1807bd93e7e28846c82b8c0538af034740e6e7d5106,"{""distance"":7,""physical_error_rate"":0.0005}","{""detection_events"":394783,""detectors_checked"":161509376}"
    245760,         0,         0,    45.0,exact_mw,c34bb01325b9980f7caca1807bd93e7e28846c82b8c0538af034740e6e7d5106,"{""distance"":7,""physical_error_rate"":0.0005}","{""detection_events"":364089,""detectors_checked"":147947520}"
    250880,         1,         0,    45.0,exact_mw,c34bb01325b9980f7caca1807bd93e7e28846c82b8c0538af034740e6e7d5106,"{""distance"":7,""physical_error_rate"":0.0005}","{""detection_events"":368740,""detectors_checked"":151029760,""obs_mistake_mask=E"":1}"
    230400,         0,         0,    45.0,exact_mw,c34bb01325b9980f7caca1807bd93e7e28846c82b8c0538af034740e6e7d5106,"{""distance"":7,""physical_error_rate"":0.0005}","{""detection_events"":341683,""detectors_checked"":138700800}"
    258048,         0,         0,    45.0,exact_mw,c34bb01325b9980f7caca1807bd93e7e28846c82b8c0538af034740e6e7d5106,"{""distance"":7,""physical_error_rate"":0.0005}","{""detection_events"":383523,""detectors_checked"":155344896}"
    241664,         1,         0,    45.0,exact_mw,c34bb01325b9980f7caca1807bd93e7e28846c82b8c0538af034740e6e7d5106,"{""distance"":7,""physical_error_rate"":0.0005}","{""detection_events"":359235,""detectors_checked"":145481728,""obs_mistake_mask=E"":1}"
    193024,         0,         0,    45.0,exact_mw,c34bb01325b9980f7caca1807bd93e7e28846c82b8c0538af034740e6e7d5106,"{""distance"":7,""physical_error_rate"":0.0005}","{""detection_events"":285620,""detectors_checked"":116200448}"
    138752,         1,         0,    45.0,exact_mw,c34bb01325b9980f7caca1807bd93e7e28846c82b8c0538af034740e6e7d5106,"{""distance"":7,""physical_error_rate"":0.0005}","{""detection_events"":203853,""detectors_checked"":83528704,""obs_mistake_mask=E"":1}"
    199680,         0,         0,    45.1,exact_mw,c34bb01325b9980f7caca1807bd93e7e28846c82b8c0538af034740e6e7d5106,"{""distance"":7,""physical_error_rate"":0.0005}","{""detection_events"":297077,""detectors_checked"":120207360}"
    188928,         0,         0,    45.1,exact_mw,c34bb01325b9980f7caca1807bd93e7e28846c82b8c0538af034740e6e7d5106,"{""distance"":7,""physical_error_rate"":0.0005}","{""detection_events"":279193,""detectors_checked"":113734656}"
    169984,         0,         0,    45.1,exact_mw,c34bb01325b9980f7caca1807bd93e7e28846c82b8c0538af034740e6e7d5106,"{""distance"":7,""physical_error_rate"":0.0005}","{""detection_events"":250508,""detectors_checked"":102330368}"
    224256,         1,         0,    45.0,exact_mw,c34bb01325b9980f7caca1807bd93e7e28846c82b8c0538af034740e6e7d5106,"{""distance"":7,""physical_error_rate"":0.0005}","{""detection_events"":332588,""detectors_checked"":135002112,""obs_mistake_mask=E"":1}"
    224256,         0,         0,    45.0,exact_mw,c34bb01325b9980f7caca1807bd93e7e28846c82b8c0538af034740e6e7d5106,"{""distance"":7,""physical_error_rate"":0.0005}","{""detection_events"":330911,""detectors_checked"":135002112}"
    665600,         0,         0,   120.0,exact_mw,c34bb01325b9980f7caca1807bd93e7e28846c82b8c0538af034740e6e7d5106,"{""distance"":7,""physical_error_rate"":0.0005}","{""detection_events"":985496,""detectors_checked"":400691200}"
    243200,         0,         0,    45.1,exact_mw,c34bb01325b9980f7caca1807bd93e7e28846c82b8c0538af034740e6e7d5106,"{""distance"":7,""physical_error_rate"":0.0005}","{""detection_events"":358480,""detectors_checked"":146406400}"
    679936,         0,         0,   120.0,exact_mw,c34bb01325b9980f7caca1807bd93e7e28846c82b8c0538af034740e6e7d5106,"{""distance"":7,""physical_error_rate"":0.0005}","{""detection_events"":1004855,""detectors_checked"":409321472}"
    220160,         0,         0,    45.2,exact_mw,c34bb01325b9980f7caca1807bd93e7e28846c82b8c0538af034740e6e7d5106,"{""distance"":7,""physical_error_rate"":0.0005}","{""detection_events"":326763,""detectors_checked"":132536320}"
   1405952,         4,         0,   120.0,exact_mw,c34bb01325b9980f7caca1807bd93e7e28846c82b8c0538af034740e6e7d5106,"{""distance"":7,""physical_error_rate"":0.0005}","{""detection_events"":2082669,""detectors_checked"":846383104,""obs_mistake_mask=E"":4}"
    817152,         1,         0,   119.9,exact_mw,c34bb01325b9980f7caca1807bd93e7e28846c82b8c0538af034740e6e7d5106,"{""distance"":7,""physical_error_rate"":0.0005}","{""detection_events"":1211028,""detectors_checked"":491925504,""obs_mistake_mask=E"":1}"
    997376,         1,         0,   120.0,exact_mw,c34bb01325b9980f7caca1807bd93e7e28846c82b8c0538af034740e6e7d5106,"{""distance"":7,""physical_error_rate"":0.0005}","{""detection_events"":1474970,""detectors_checked"":600420352,""obs_mistake_mask=E"":1}"
    615424,         2,         0,   119.9,exact_mw,c34bb01325b9980f7caca1807bd93e7e28846c82b8c0538af034740e6e7d5106,"{""distance"":7,""physical_error_rate"":0.0005}","{""detection_events"":912585,""detectors_checked"":370485248,""obs_mistake_mask=E"":2}"
    657408,         1,         0,   120.0,exact_mw,c34bb01325b9980f7caca1807bd93e7e28846c82b8c0538af034740e6e7d5106,"{""distance"":7,""physical_error_rate"":0.0005}","{""detection_events"":971494,""detectors_checked"":395759616,""obs_mistake_mask=E"":1}"
    660480,         2,         0,    63.0,exact_mw,c34bb01325b9980f7caca1807bd93e7e28846c82b8c0538af034740e6e7d5106,"{""distance"":7,""physical_error_rate"":0.0005}","{""detection_events"":979232,""detectors_checked"":397608960,""obs_mistake_mask=E"":2}"
    581632,         1,         0,   120.0,exact_mw,c34bb01325b9980f7caca1807bd93e7e28846c82b8c0538af034740e6e7d5106,"{""distance"":7,""physical_error_rate"":0.0005}","{""detection_events"":858151,""detectors_checked"":350142464,""obs_mistake_mask=E"":1}"
    692224,         2,         0,   119.9,exact_mw,c34bb01325b9980f7caca1807bd93e7e28846c82b8c0538af034740e6e7d5106,"{""distance"":7,""physical_error_rate"":0.0005}","{""detection_events"":1024009,""detectors_checked"":416718848,""obs_mistake_mask=E"":2}"
    498688,         4,         0,   119.9,exact_mw,c34bb01325b9980f7caca1807bd93e7e28846c82b8c0538af034740e6e7d5106,"{""distance"":7,""physical_error_rate"":0.0005}","{""detection_events"":737335,""detectors_checked"":300210176,""obs_mistake_mask=E"":4}"
    560128,         3,         0,   120.0,exact_mw,c34bb01325b9980f7caca1807bd93e7e28846c82b8c0538af034740e6e7d5106,"{""distance"":7,""physical_error_rate"":0.0005}","{""detection_events"":829065,""detectors_checked"":337197056,""obs_mistake_mask=E"":3}"
    706560,         1,         0,   119.9,exact_mw,c34bb01325b9980f7caca1807bd93e7e28846c82b8c0538af034740e6e7d5106,"{""distance"":7,""physical_error_rate"":0.0005}","{""detection_events"":1046261,""detectors_checked"":425349120,""obs_mistake_mask=E"":1}"
    637952,         1,         0,   120.0,exact_mw,c34bb01325b9980f7caca1807bd93e7e28846c82b8c0538af034740e6e7d5106,"{""distance"":7,""physical_error_rate"":0.0005}","{""detection_events"":947078,""detectors_checked"":384047104,""obs_mistake_mask=E"":1}"
    410624,         1,         0,    62.9,exact_mw,c34bb01325b9980f7caca1807bd93e7e28846c82b8c0538af034740e6e7d5106,"{""distance"":7,""physical_error_rate"":0.0005}","{""detection_events"":606734,""detectors_checked"":247195648,""obs_mistake_mask=E"":1}"
    578560,         2,         0,   120.0,exact_mw,c34bb01325b9980f7caca1807bd93e7e28846c82b8c0538af034740e6e7d5106,"{""distance"":7,""physical_error_rate"":0.0005}","{""detection_events"":856213,""detectors_checked"":348293120,""obs_mistake_mask=E"":2}"
    512512,         1,         0,   120.1,exact_mw,c34bb01325b9980f7caca1807bd93e7e28846c82b8c0538af034740e6e7d5106,"{""distance"":7,""physical_error_rate"":0.0005}","{""detection_events"":757766,""detectors_checked"":308532224,""obs_mistake_mask=E"":1}"
    425984,         1,         0,    63.0,exact_mw,c34bb01325b9980f7caca1807bd93e7e28846c82b8c0538af034740e6e7d5106,"{""distance"":7,""physical_error_rate"":0.0005}","{""detection_events"":628444,""detectors_checked"":256442368,""obs_mistake_mask=E"":1}"
    448512,         1,         0,    63.1,exact_mw,c34bb01325b9980f7caca1807bd93e7e28846c82b8c0538af034740e6e7d5106,"{""distance"":7,""physical_error_rate"":0.0005}","{""detection_events"":661618,""detectors_checked"":270004224,""obs_mistake_mask=E"":1}"
    661504,         1,         0,   120.1,exact_mw,c34bb01325b9980f7caca1807bd93e7e28846c82b8c0538af034740e6e7d5106,"{""distance"":7,""physical_error_rate"":0.0005}","{""detection_events"":978153,""detectors_checked"":398225408,""obs_mistake_mask=E"":1}"
    643072,         0,         0,   120.1,exact_mw,c34bb01325b9980f7caca1807bd93e7e28846c82b8c0538af034740e6e7d5106,"{""distance"":7,""physical_error_rate"":0.0005}","{""detection_events"":951019,""detectors_checked"":387129344}"
    386048,         1,         0,    63.3,exact_mw,c34bb01325b9980f7caca1807bd93e7e28846c82b8c0538af034740e6e7d5106,"{""distance"":7,""physical_error_rate"":0.0005}","{""detection_events"":572032,""detectors_checked"":232400896,""obs_mistake_mask=E"":1}"
    342016,         0,         0,    63.1,exact_mw,c34bb01325b9980f7caca1807bd93e7e28846c82b8c0538af034740e6e7d5106,"{""distance"":7,""physical_error_rate"":0.0005}","{""detection_events"":505026,""detectors_checked"":205893632}"
    361472,         2,         0,    62.9,exact_mw,c34bb01325b9980f7caca1807bd93e7e28846c82b8c0538af034740e6e7d5106,"{""distance"":7,""physical_error_rate"":0.0005}","{""detection_events"":536814,""detectors_checked"":217606144,""obs_mistake_mask=E"":2}"
    346112,         1,         0,    63.1,exact_mw,c34bb01325b9980f7caca1807bd93e7e28846c82b8c0538af034740e6e7d5106,"{""distance"":7,""physical_error_rate"":0.0005}","{""detection_events"":508991,""detectors_checked"":208359424,""obs_mistake_mask=E"":1}"
    312320,         2,         0,    62.9,exact_mw,c34bb01325b9980f7caca1807bd93e7e28846c82b8c0538af034740e6e7d5106,"{""distance"":7,""physical_error_rate"":0.0005}","{""detection_events"":462942,""detectors_checked"":188016640,""obs_mistake_mask=E"":2}"
    888832,         3,         0,   120.0,exact_mw,c34bb01325b9980f7caca1807bd93e7e28846c82b8c0538af034740e6e7d5106,"{""distance"":7,""physical_error_rate"":0.0005}","{""detection_events"":1319842,""detectors_checked"":535076864,""obs_mistake_mask=E"":3}"
    332800,         1,         0,    63.2,exact_mw,c34bb01325b9980f7caca1807bd93e7e28846c82b8c0538af034740e6e7d5106,"{""distance"":7,""physical_error_rate"":0.0005}","{""detection_events"":491045,""detectors_checked"":200345600,""obs_mistake_mask=E"":1}"
    638976,         3,         0,   119.9,exact_mw,c34bb01325b9980f7caca1807bd93e7e28846c82b8c0538af034740e6e7d5106,"{""distance"":7,""physical_error_rate"":0.0005}","{""detection_events"":943637,""detectors_checked"":384663552,""obs_mistake_mask=E"":3}"
    677888,         0,         0,   119.9,exact_mw,c34bb01325b9980f7caca1807bd93e7e28846c82b8c0538af034740e6e7d5106,"{""distance"":7,""physical_error_rate"":0.0005}","{""detection_events"":1002871,""detectors_checked"":408088576}"
    333824,         0,         0,    63.1,exact_mw,c34bb01325b9980f7caca1807bd93e7e28846c82b8c0538af034740e6e7d5106,"{""distance"":7,""physical_error_rate"":0.0005}","{""detection_events"":494709,""detectors_checked"":200962048}"
    373760,         0,         0,    63.0,exact_mw,c34bb01325b9980f7caca1807bd93e7e28846c82b8c0538af034740e6e7d5106,"{""distance"":7,""physical_error_rate"":0.0005}","{""detection_events"":553645,""detectors_checked"":225003520}"
    525312,         1,         0,   119.8,exact_mw,c34bb01325b9980f7caca1807bd93e7e28846c82b8c0538af034740e6e7d5106,"{""distance"":7,""physical_error_rate"":0.0005}","{""detection_events"":777252,""detectors_checked"":316237824,""obs_mistake_mask=E"":1}"
    311296,         1,         0,    63.1,exact_mw,c34bb01325b9980f7caca1807bd93e7e28846c82b8c0538af034740e6e7d5106,"{""distance"":7,""physical_error_rate"":0.0005}","{""detection_events"":461055,""detectors_checked"":187400192,""obs_mistake_mask=E"":1}"
    371712,         2,         0,    63.1,exact_mw,c34bb01325b9980f7caca1807bd93e7e28846c82b8c0538af034740e6e7d5106,"{""distance"":7,""physical_error_rate"":0.0005}","{""detection_events"":551252,""detectors_checked"":223770624,""obs_mistake_mask=E"":2}"
    299008,         0,         0,    63.0,exact_mw,c34bb01325b9980f7caca1807bd93e7e28846c82b8c0538af034740e6e7d5106,"{""distance"":7,""physical_error_rate"":0.0005}","{""detection_events"":443505,""detectors_checked"":180002816}"
    352256,         2,         0,    63.0,exact_mw,c34bb01325b9980f7caca1807bd93e7e28846c82b8c0538af034740e6e7d5106,"{""distance"":7,""physical_error_rate"":0.0005}","{""detection_events"":522113,""detectors_checked"":212058112,""obs_mistake_mask=E"":2}"
    260096,         2,         0,    63.3,exact_mw,c34bb01325b9980f7caca1807bd93e7e28846c82b8c0538af034740e6e7d5106,"{""distance"":7,""physical_error_rate"":0.0005}","{""detection_events"":383954,""detectors_checked"":156577792,""obs_mistake_mask=E"":2}"
    320512,         0,         0,    63.1,exact_mw,c34bb01325b9980f7caca1807bd93e7e28846c82b8c0538af034740e6e7d5106,"{""distance"":7,""physical_error_rate"":0.0005}","{""detection_events"":474301,""detectors_checked"":192948224}"
    409600,         1,         0,    63.0,exact_mw,c34bb01325b9980f7caca1807bd93e7e28846c82b8c0538af034740e6e7d5106,"{""distance"":7,""physical_error_rate"":0.0005}","{""detection_events"":604398,""detectors_checked"":246579200,""obs_mistake_mask=E"":1}"
    224256,         1,         0,    62.9,exact_mw,c34bb01325b9980f7caca1807bd93e7e28846c82b8c0538af034740e6e7d5106,"{""distance"":7,""physical_error_rate"":0.0005}","{""detection_events"":333399,""detectors_checked"":135002112,""obs_mistake_mask=E"":1}"
    307200,         0,         0,    63.1,exact_mw,c34bb01325b9980f7caca1807bd93e7e28846c82b8c0538af034740e6e7d5106,"{""distance"":7,""physical_error_rate"":0.0005}","{""detection_events"":454732,""detectors_checked"":184934400}"
    373760,         0,         0,    63.1,exact_mw,c34bb01325b9980f7caca1807bd93e7e28846c82b8c0538af034740e6e7d5106,"{""distance"":7,""physical_error_rate"":0.0005}","{""detection_events"":554825,""detectors_checked"":225003520}"
    312320,         0,         0,    63.1,exact_mw,c34bb01325b9980f7caca1807bd93e7e28846c82b8c0538af034740e6e7d5106,"{""distance"":7,""physical_error_rate"":0.0005}","{""detection_events"":463497,""detectors_checked"":188016640}"
    257024,         2,         0,    63.1,exact_mw,c34bb01325b9980f7caca1807bd93e7e28846c82b8c0538af034740e6e7d5106,"{""distance"":7,""physical_error_rate"":0.0005}","{""detection_events"":380486,""detectors_checked"":154728448,""obs_mistake_mask=E"":2}"
    212992,         0,         0,    62.9,exact_mw,c34bb01325b9980f7caca1807bd93e7e28846c82b8c0538af034740e6e7d5106,"{""distance"":7,""physical_error_rate"":0.0005}","{""detection_events"":315640,""detectors_checked"":128221184}"
    654336,         1,         0,   119.9,exact_mw,c34bb01325b9980f7caca1807bd93e7e28846c82b8c0538af034740e6e7d5106,"{""distance"":7,""physical_error_rate"":0.0005}","{""detection_events"":966050,""detectors_checked"":393910272,""obs_mistake_mask=E"":1}"
    304128,         4,         0,    63.1,exact_mw,c34bb01325b9980f7caca1807bd93e7e28846c82b8c0538af034740e6e7d5106,"{""distance"":7,""physical_error_rate"":0.0005}","{""detection_events"":451065,""detectors_checked"":183085056,""obs_mistake_mask=E"":4}"
    288768,         1,         0,    63.1,exact_mw,c34bb01325b9980f7caca1807bd93e7e28846c82b8c0538af034740e6e7d5106,"{""distance"":7,""physical_error_rate"":0.0005}","{""detection_events"":426744,""detectors_checked"":173838336,""obs_mistake_mask=E"":1}"
    910336,         2,         0,   119.9,exact_mw,c34bb01325b9980f7caca1807bd93e7e28846c82b8c0538af034740e6e7d5106,"{""distance"":7,""physical_error_rate"":0.0005}","{""detection_events"":1348519,""detectors_checked"":548022272,""obs_mistake_mask=E"":2}"
    335872,         2,         0,    63.0,exact_mw,c34bb01325b9980f7caca1807bd93e7e28846c82b8c0538af034740e6e7d5106,"{""distance"":7,""physical_error_rate"":0.0005}","{""detection_events"":497264,""detectors_checked"":202194944,""obs_mistake_mask=E"":2}"
    311296,         2,         0,    63.0,exact_mw,c34bb01325b9980f7caca1807bd93e7e28846c82b8c0538af034740e6e7d5106,"{""distance"":7,""physical_error_rate"":0.0005}","{""detection_events"":459858,""detectors_checked"":187400192,""obs_mistake_mask=E"":2}"
    310272,         0,         0,    63.0,exact_mw,c34bb01325b9980f7caca1807bd93e7e28846c82b8c0538af034740e6e7d5106,"{""distance"":7,""physical_error_rate"":0.0005}","{""detection_events"":457526,""detectors_checked"":186783744}"
    644096,         4,         0,   120.1,exact_mw,c34bb01325b9980f7caca1807bd93e7e28846c82b8c0538af034740e6e7d5106,"{""distance"":7,""physical_error_rate"":0.0005}","{""detection_events"":953451,""detectors_checked"":387745792,""obs_mistake_mask=E"":4}"
     83968,         0,         0,    12.9,exact_mw,c34bb01325b9980f7caca1807bd93e7e28846c82b8c0538af034740e6e7d5106,"{""distance"":7,""physical_error_rate"":0.0005}","{""detection_events"":125496,""detectors_checked"":50548736}"
     63488,         0,         0,   10.00,exact_mw,c34bb01325b9980f7caca1807bd93e7e28846c82b8c0538af034740e6e7d5106,"{""distance"":7,""physical_error_rate"":0.0005}","{""detection_events"":94432,""detectors_checked"":38219776}"
    330752,         1,         0,    75.9,exact_mw,c34bb01325b9980f7caca1807bd93e7e28846c82b8c0538af034740e6e7d5106,"{""distance"":7,""physical_error_rate"":0.0005}","{""detection_events"":490829,""detectors_checked"":199112704,""obs_mistake_mask=E"":1}"
    272384,         0,         0,    31.9,exact_mw,c34bb01325b9980f7caca1807bd93e7e28846c82b8c0538af034740e6e7d5106,"{""distance"":7,""physical_error_rate"":0.0005}","{""detection_events"":404274,""detectors_checked"":163975168}"
    229376,         0,         0,    63.0,exact_mw,c34bb01325b9980f7caca1807bd93e7e28846c82b8c0538af034740e6e7d5106,"{""distance"":7,""physical_error_rate"":0.0005}","{""detection_events"":339599,""detectors_checked"":138084352}"
     91136,         0,         0,    18.0,exact_mw,c34bb01325b9980f7caca1807bd93e7e28846c82b8c0538af034740e6e7d5106,"{""distance"":7,""physical_error_rate"":0.0005}","{""detection_events"":134202,""detectors_checked"":54863872}"
    148480,         0,         0,    23.2,exact_mw,c34bb01325b9980f7caca1807bd93e7e28846c82b8c0538af034740e6e7d5106,"{""distance"":7,""physical_error_rate"":0.0005}","{""detection_events"":221297,""detectors_checked"":89384960}"
     54272,         0,         0,    8.91,exact_mw,c34bb01325b9980f7caca1807bd93e7e28846c82b8c0538af034740e6e7d5106,"{""distance"":7,""physical_error_rate"":0.0005}","{""detection_events"":80574,""detectors_checked"":32671744}"
     32768,         0,         0,    7.19,exact_mw,c34bb01325b9980f7caca1807bd93e7e28846c82b8c0538af034740e6e7d5106,"{""distance"":7,""physical_error_rate"":0.0005}","{""detection_events"":48246,""detectors_checked"":19726336}"
    609280,         1,         0,   118.5,exact_mw,c34bb01325b9980f7caca1807bd93e7e28846c82b8c0538af034740e6e7d5106,"{""distance"":7,""physical_error_rate"":0.0005}","{""detection_events"":897674,""detectors_checked"":366786560,""obs_mistake_mask=E"":1}"
     43008,         0,         0,    7.14,exact_mw,c34bb01325b9980f7caca1807bd93e7e28846c82b8c0538af034740e6e7d5106,"{""distance"":7,""physical_error_rate"":0.0005}","{""detection_events"":63382,""detectors_checked"":25890816}"
     58368,         0,         0,    13.2,exact_mw,c34bb01325b9980f7caca1807bd93e7e28846c82b8c0538af034740e6e7d5106,"{""distance"":7,""physical_error_rate"":0.0005}","{""detection_events"":85866,""detectors_checked"":35137536}"
     52224,         1,         0,    11.3,exact_mw,c34bb01325b9980f7caca1807bd93e7e28846c82b8c0538af034740e6e7d5106,"{""distance"":7,""physical_error_rate"":0.0005}","{""detection_events"":77321,""detectors_checked"":31438848,""obs_mistake_mask=E"":1}"
    177152,         2,         0,    27.3,exact_mw,c34bb01325b9980f7caca1807bd93e7e28846c82b8c0538af034740e6e7d5106,"{""distance"":7,""physical_error_rate"":0.0005}","{""detection_events"":262090,""detectors_checked"":106645504,""obs_mistake_mask=E"":2}"
     36864,         0,         0,    6.86,exact_mw,c34bb01325b9980f7caca1807bd93e7e28846c82b8c0538af034740e6e7d5106,"{""distance"":7,""physical_error_rate"":0.0005}","{""detection_events"":54426,""detectors_checked"":22192128}"
    196608,         2,         0,    29.4,exact_mw,c34bb01325b9980f7caca1807bd93e7e28846c82b8c0538af034740e6e7d5106,"{""distance"":7,""physical_error_rate"":0.0005}","{""detection_events"":289724,""detectors_checked"":118358016,""obs_mistake_mask=E"":2}"
     61440,         0,         0,    12.7,exact_mw,c34bb01325b9980f7caca1807bd93e7e28846c82b8c0538af034740e6e7d5106,"{""distance"":7,""physical_error_rate"":0.0005}","{""detection_events"":90664,""detectors_checked"":36986880}"
    136192,         0,         0,    20.3,exact_mw,c34bb01325b9980f7caca1807bd93e7e28846c82b8c0538af034740e6e7d5106,"{""distance"":7,""physical_error_rate"":0.0005}","{""detection_events"":201937,""detectors_checked"":81987584}"
    362496,         0,         0,    73.8,exact_mw,c34bb01325b9980f7caca1807bd93e7e28846c82b8c0538af034740e6e7d5106,"{""distance"":7,""physical_error_rate"":0.0005}","{""detection_events"":539426,""detectors_checked"":218222592}"
      1024,         0,         0,   0.066,exact_mw,c34bb01325b9980f7caca1807bd93e7e28846c82b8c0538af034740e6e7d5106,"{""distance"":7,""physical_error_rate"":0.0005}","{""detection_events"":1511,""detectors_checked"":616448}"
    321536,         0,         0,    64.9,exact_mw,c34bb01325b9980f7caca1807bd93e7e28846c82b8c0538af034740e6e7d5106,"{""distance"":7,""physical_error_rate"":0.0005}","{""detection_events"":475058,""detectors_checked"":193564672}"
    328704,         1,         0,    30.1,exact_mw,c34bb01325b9980f7caca1807bd93e7e28846c82b8c0538af034740e6e7d5106,"{""distance"":7,""physical_error_rate"":0.0005}","{""detection_events"":488198,""detectors_checked"":197879808,""obs_mistake_mask=E"":1}"
    522240,         1,         0,    49.7,exact_mw,c34bb01325b9980f7caca1807bd93e7e28846c82b8c0538af034740e6e7d5106,"{""distance"":7,""physical_error_rate"":0.0005}","{""detection_events"":771153,""detectors_checked"":314388480,""obs_mistake_mask=E"":1}"
    261120,         1,         0,    60.0,exact_mw,c34bb01325b9980f7caca1807bd93e7e28846c82b8c0538af034740e6e7d5106,"{""distance"":7,""physical_error_rate"":0.0005}","{""detection_events"":386995,""detectors_checked"":157194240,""obs_mistake_mask=E"":1}"
    330752,         1,         0,    72.9,exact_mw,c34bb01325b9980f7caca1807bd93e7e28846c82b8c0538af034740e6e7d5106,"{""distance"":7,""physical_error_rate"":0.0005}","{""detection_events"":488210,""detectors_checked"":199112704,""obs_mistake_mask=E"":1}"
     18432,         0,         0,    3.25,exact_mw,c34bb01325b9980f7caca1807bd93e7e28846c82b8c0538af034740e6e7d5106,"{""distance"":7,""physical_error_rate"":0.0005}","{""detection_events"":27132,""detectors_checked"":11096064}"
    165888,         2,         0,    29.4,exact_mw,c34bb01325b9980f7caca1807bd93e7e28846c82b8c0538af034740e6e7d5106,"{""distance"":7,""physical_error_rate"":0.0005}","{""detection_events"":244239,""detectors_checked"":99864576,""obs_mistake_mask=E"":2}"
     13312,         1,         0,    2.74,exact_mw,c34bb01325b9980f7caca1807bd93e7e28846c82b8c0538af034740e6e7d5106,"{""distance"":7,""physical_error_rate"":0.0005}","{""detection_events"":19362,""detectors_checked"":8013824,""obs_mistake_mask=E"":1}"
     37888,         0,         0,    7.86,exact_mw,c34bb01325b9980f7caca1807bd93e7e28846c82b8c0538af034740e6e7d5106,"{""distance"":7,""physical_error_rate"":0.0005}","{""detection_events"":56433,""detectors_checked"":22808576}"
     53248,         0,         0,    8.47,exact_mw,c34bb01325b9980f7caca1807bd93e7e28846c82b8c0538af034740e6e7d5106,"{""distance"":7,""physical_error_rate"":0.0005}","{""detection_events"":79104,""detectors_checked"":32055296}"
     99328,         0,         0,    22.4,exact_mw,c34bb01325b9980f7caca1807bd93e7e28846c82b8c0538af034740e6e7d5106,"{""distance"":7,""physical_error_rate"":0.0005}","{""detection_events"":149006,""detectors_checked"":59795456}"
    119808,         1,         0,    18.3,exact_mw,c34bb01325b9980f7caca1807bd93e7e28846c82b8c0538af034740e6e7d5106,"{""distance"":7,""physical_error_rate"":0.0005}","{""detection_events"":177317,""detectors_checked"":72124416,""obs_mistake_mask=E"":1}"
     47104,         0,         0,    10.9,exact_mw,c34bb01325b9980f7caca1807bd93e7e28846c82b8c0538af034740e6e7d5106,"{""distance"":7,""physical_error_rate"":0.0005}","{""detection_events"":69496,""detectors_checked"":28356608}"
    112640,         0,         0,    24.6,exact_mw,c34bb01325b9980f7caca1807bd93e7e28846c82b8c0538af034740e6e7d5106,"{""distance"":7,""physical_error_rate"":0.0005}","{""detection_events"":165418,""detectors_checked"":67809280}"
    131072,         0,         0,    30.3,exact_mw,c34bb01325b9980f7caca1807bd93e7e28846c82b8c0538af034740e6e7d5106,"{""distance"":7,""physical_error_rate"":0.0005}","{""detection_events"":195140,""detectors_checked"":78905344}"
    543744,         1,         0,   117.0,exact_mw,c34bb01325b9980f7caca1807bd93e7e28846c82b8c0538af034740e6e7d5106,"{""distance"":7,""physical_error_rate"":0.0005}","{""detection_events"":801840,""detectors_checked"":327333888,""obs_mistake_mask=E"":1}"
     59392,         0,         0,    13.5,exact_mw,c34bb01325b9980f7caca1807bd93e7e28846c82b8c0538af034740e6e7d5106,"{""distance"":7,""physical_error_rate"":0.0005}","{""detection_events"":87432,""detectors_checked"":35753984}"
    139264,         0,         0,    21.2,exact_mw,c34bb01325b9980f7caca1807bd93e7e28846c82b8c0538af034740e6e7d5106,"{""distance"":7,""physical_error_rate"":0.0005}","{""detection_events"":205676,""detectors_checked"":83836928}"
    597504,         0,         0,   117.2,exact_mw,c34bb01325b9980f7caca1807bd93e7e28846c82b8c0538af034740e6e7d5106,"{""distance"":7,""physical_error_rate"":0.0005}","{""detection_events"":881937,""detectors_checked"":359697408}"
     48128,         0,         0,    7.93,exact_mw,c34bb01325b9980f7caca1807bd93e7e28846c82b8c0538af034740e6e7d5106,"{""distance"":7,""physical_error_rate"":0.0005}","{""detection_events"":71703,""detectors_checked"":28973056}"
     41984,         0,         0,    8.68,exact_mw,c34bb01325b9980f7caca1807bd93e7e28846c82b8c0538af034740e6e7d5106,"{""distance"":7,""physical_error_rate"":0.0005}","{""detection_events"":63037,""detectors_checked"":25274368}"
     11264,         0,         0,    2.42,exact_mw,c34bb01325b9980f7caca1807bd93e7e28846c82b8c0538af034740e6e7d5106,"{""distance"":7,""physical_error_rate"":0.0005}","{""detection_events"":16935,""detectors_checked"":6780928}"
    421888,         1,         0,    76.3,exact_mw,c34bb01325b9980f7caca1807bd93e7e28846c82b8c0538af034740e6e7d5106,"{""distance"":7,""physical_error_rate"":0.0005}","{""detection_events"":624272,""detectors_checked"":253976576,""obs_mistake_mask=E"":1}"
     17408,         0,         0,    4.07,exact_mw,c34bb01325b9980f7caca1807bd93e7e28846c82b8c0538af034740e6e7d5106,"{""distance"":7,""physical_error_rate"":0.0005}","{""detection_events"":26560,""detectors_checked"":10479616}"
     40960,         0,         0,    9.43,exact_mw,c34bb01325b9980f7caca1807bd93e7e28846c82b8c0538af034740e6e7d5106,"{""distance"":7,""physical_error_rate"":0.0005}","{""detection_events"":60953,""detectors_checked"":24657920}"
    126976,         0,         0,    28.6,exact_mw,c34bb01325b9980f7caca1807bd93e7e28846c82b8c0538af034740e6e7d5106,"{""distance"":7,""physical_error_rate"":0.0005}","{""detection_events"":187798,""detectors_checked"":76439552}"
    150528,         0,         0,    31.5,exact_mw,c34bb01325b9980f7caca1807bd93e7e28846c82b8c0538af034740e6e7d5106,"{""distance"":7,""physical_error_rate"":0.0005}","{""detection_events"":223851,""detectors_checked"":90617856}"
    148480,         0,         0,    27.7,exact_mw,c34bb01325b9980f7caca1807bd93e7e28846c82b8c0538af034740e6e7d5106,"{""distance"":7,""physical_error_rate"":0.0005}","{""detection_events"":219449,""detectors_checked"":89384960}"
     68608,         0,         0,    14.6,exact_mw,c34bb01325b9980f7caca1807bd93e7e28846c82b8c0538af034740e6e7d5106,"{""distance"":7,""physical_error_rate"":0.0005}","{""detection_events"":101792,""detectors_checked"":41302016}"
     49152,         0,         0,    11.1,exact_mw,c34bb01325b9980f7caca1807bd93e7e28846c82b8c0538af034740e6e7d5106,"{""distance"":7,""physical_error_rate"":0.0005}","{""detection_events"":72517,""detectors_checked"":29589504}"
    230400,         0,         0,    44.5,exact_mw,c34bb01325b9980f7caca1807bd93e7e28846c82b8c0538af034740e6e7d5106,"{""distance"":7,""physical_error_rate"":0.0005}","{""detection_events"":341366,""detectors_checked"":138700800}"
     25600,         0,         0,    5.47,exact_mw,c34bb01325b9980f7caca1807bd93e7e28846c82b8c0538af034740e6e7d5106,"{""distance"":7,""physical_error_rate"":0.0005}","{""detection_events"":38157,""detectors_checked"":15411200}"
    114688,         0,         0,    22.8,exact_mw,c34bb01325b9980f7caca1807bd93e7e28846c82b8c0538af034740e6e7d5106,"{""distance"":7,""physical_error_rate"":0.0005}","{""detection_events"":170331,""detectors_checked"":69042176}"
     68608,         0,         0,    12.0,exact_mw,c34bb01325b9980f7caca1807bd93e7e28846c82b8c0538af034740e6e7d5106,"{""distance"":7,""physical_error_rate"":0.0005}","{""detection_events"":101937,""detectors_checked"":41302016}"
     66560,         0,         0,    14.6,exact_mw,c34bb01325b9980f7caca1807bd93e7e28846c82b8c0538af034740e6e7d5106,"{""distance"":7,""physical_error_rate"":0.0005}","{""detection_events"":98797,""detectors_checked"":40069120}"
     45056,         0,         0,    9.81,exact_mw,c34bb01325b9980f7caca1807bd93e7e28846c82b8c0538af034740e6e7d5106,"{""distance"":7,""physical_error_rate"":0.0005}","{""detection_events"":66677,""detectors_checked"":27123712}"
     24576,         0,         0,    5.80,exact_mw,c34bb01325b9980f7caca1807bd93e7e28846c82b8c0538af034740e6e7d5106,"{""distance"":7,""physical_error_rate"":0.0005}","{""detection_events"":37183,""detectors_checked"":14794752}"
    279040,         1,         0,   108.7,exact_mw,c34bb01325b9980f7caca1807bd93e7e28846c82b8c0538af034740e6e7d5106,"{""distance"":7,""physical_error_rate"":0.0005}","{""detection_events"":412836,""detectors_checked"":167982080,""obs_mistake_mask=E"":1}"
     61440,         0,         0,    16.2,exact_mw,c34bb01325b9980f7caca1807bd93e7e28846c82b8c0538af034740e6e7d5106,"{""distance"":7,""physical_error_rate"":0.0005}","{""detection_events"":90881,""detectors_checked"":36986880}"
     47104,         1,         0,    8.93,exact_mw,c34bb01325b9980f7caca1807bd93e7e28846c82b8c0538af034740e6e7d5106,"{""distance"":7,""physical_error_rate"":0.0005}","{""detection_events"":69860,""detectors_checked"":28356608,""obs_mistake_mask=E"":1}"
    410624,         3,         0,    62.9,exact_mw,c34bb01325b9980f7caca1807bd93e7e28846c82b8c0538af034740e6e7d5106,"{""distance"":7,""physical_error_rate"":0.0005}","{""detection_events"":610112,""detectors_checked"":247195648,""obs_mistake_mask=E"":3}"
     35840,         0,         0,    8.91,exact_mw,c34bb01325b9980f7caca1807bd93e7e28846c82b8c0538af034740e6e7d5106,"{""distance"":7,""physical_error_rate"":0.0005}","{""detection_events"":52733,""detectors_checked"":21575680}"
     17408,         0,         0,    3.34,exact_mw,c34bb01325b9980f7caca1807bd93e7e28846c82b8c0538af034740e6e7d5106,"{""distance"":7,""physical_error_rate"":0.0005}","{""detection_events"":25586,""detectors_checked"":10479616}"
     34816,         0,         0,    7.61,exact_mw,c34bb01325b9980f7caca1807bd93e7e28846c82b8c0538af034740e6e7d5106,"{""distance"":7,""physical_error_rate"":0.0005}","{""detection_events"":50785,""detectors_checked"":20959232}"
