     shots,    errors,  discards, seconds,decoder,strong_id,json_metadata,custom_counts
         1,         0,         0,   0.066,exact_mw,71f8db422891223299ae011becf33408912e3bc5d092c7605a1191bb559146e7,"{""distance"":7,""physical_error_rate"":0.2}","{""detection_events"":253,""detectors_checked"":602}"
         1,         0,         0,   0.002,exact_mw,a6f040f5268ba168f94c6ccce4ff822b1b844608631bba2e2b8dc7ec85b1e503,"{""distance"":7,""physical_error_rate"":0.0002}","{""detectors_checked"":602}"
      2320,         0,         0,   0.036,exact_mw,a6f040f5268ba168f94c6ccce4ff822b1b844608631bba2e2b8dc7ec85b1e503,"{""distance"":7,""physical_error_rate"":0.0002}","{""detection_events"":1319,""detectors_checked"":1396640}"
      1024,         0,         0,   0.009,exact_mw,a6f040f5268ba168f94c6ccce4ff822b1b844608631bba2e2b8dc7ec85b1e503,"{""distance"":7,""physical_error_rate"":0.0002}","{""detection_events"":568,""detectors_checked"":616448}"
         1,         0,         0,   0.028,exact_mw,f4817e2f6bf0dfc41195700a9244a7f66964db0e79ea1302ca6e9f2465062a32,"{""distance"":7,""physical_error_rate"":0.01}","{""detection_events"":32,""detectors_checked"":602}"
      2048,         0,         0,   0.045,exact_mw,a6f040f5268ba168f94c6ccce4ff822b1b844608631bba2e2b8dc7ec85b1e503,"{""distance"":7,""physical_error_rate"":0.0002}","{""detection_events"":1176,""detectors_checked"":1232896}"
      2048,         0,         0,   0.050,exact_mw,a6f040f5268ba168f94c6ccce4ff822b1b844608631bba2e2b8dc7ec85b1e503,"{""distance"":7,""physical_error_rate"":0.0002}","{""detection_events"":1163,""detectors_checked"":1232896}"
      3072,         0,         0,   0.074,exact_mw,a6f040f5268ba168f94c6ccce4ff822b1b844608631bba2e2b8dc7ec85b1e503,"{""distance"":7,""physical_error_rate"":0.0002}","{""detection_events"":2015,""detectors_checked"":1849344}"
      4096,         0,         0,   0.078,exact_mw,a6f040f5268ba168f94c6ccce4ff822b1b844608631bba2e2b8dc7ec85b1e503,"{""distance"":7,""physical_error_rate"":0.0002}","{""detection_events"":2395,""detectors_checked"":2465792}"
         8,         2,         0,   0.484,exact_mw,71f8db422891223299ae011becf33408912e3bc5d092c7605a1191bb559146e7,"{""distance"":7,""physical_error_rate"":0.2}","{""detection_events"":1906,""detectors_checked"":4816,""obs_mistake_mask=E"":2}"
      5120,         0,         0,   0.108,exact_mw,a6f040f5268ba168f94c6ccce4ff822b1b844608631bba2e2b8dc7ec85b1e503,"{""distance"":7,""physical_error_rate"":0.0002}","{""detection_events"":3078,""detectors_checked"":3082240}"
         1,         0,         0,   0.053,exact_mw,6534c274fb8721060716b040ba5484c43e0fb249b656ad44721a05b8b1f26839,"{""distance"":7,""physical_error_rate"":0.005}","{""detection_events"":25,""detectors_checked"":602}"
      4096,         0,         0,   0.138,exact_mw,a6f040f5268ba168f94c6ccce4ff822b1b844608631bba2e2b8dc7ec85b1e503,"{""distance"":7,""physical_error_rate"":0.0002}","{""detection_events"":2642,""detectors_checked"":2465792}"
         8,         0,         0,   0.071,exact_mw,6534c274fb8721060716b040ba5484c43e0fb249b656ad44721a05b8b1f26839,"{""distance"":7,""physical_error_rate"":0.005}","{""detection_events"":103,""detectors_checked"":4816}"
        16,         1,         0,   0.546,exact_mw,f4817e2f6bf0dfc41195700a9244a7f66964db0e79ea1302ca6e9f2465062a32,"{""distance"":7,""physical_error_rate"":0.01}","{""detection_events"":562,""detectors_checked"":9632,""obs_mistake_mask=E"":1}"
         1,         0,         0,   0.064,exact_mw,1139365a790276c3ba84287e63684848c12003621d3197abf32cb0073f10eb73,"{""distance"":7,""physical_error_rate"":0.5}","{""detection_events"":311,""detectors_checked"":602}"
         1,         0,         0,   0.060,exact_mw,7d64b8fd090c698681db305e92f59b9c863e7db993aba97a5e8c48562d7de8f2,"{""distance"":7,""physical_error_rate"":0.05}","{""detection_events"":116,""detectors_checked"":602}"
      7168,         0,         0,   0.231,exact_mw,a6f040f5268ba168f94c6ccce4ff822b1b844608631bba2e2b8dc7ec85b1e503,"{""distance"":7,""physical_error_rate"":0.0002}","{""detection_events"":4429,""detectors_checked"":4315136}"
         8,         1,         0,   0.507,exact_mw,71f8db422891223299ae011becf33408912e3bc5d092c7605a1191bb559146e7,"{""distance"":7,""physical_error_rate"":0.2}","{""detection_events"":1955,""detectors_checked"":4816,""obs_mistake_mask=E"":1}"
         1,         0,         0,   0.002,exact_mw,fe773c48422346d89ea42b7ea8a90aa3034802874175ef2bfbcd9fbedf677903,"{""distance"":7,""physical_error_rate"":0.001}","{""detectors_checked"":602}"
      1297,         0,         0,   0.011,exact_mw,3793e887e6c3b4d5eff59c5eb9bbee88cf92e7a28a48243659e8f8373a61c55f,"{""distance"":7,""physical_error_rate"":5e-05}","{""detection_events"":218,""detectors_checked"":780794}"
      1024,         0,         0,   0.007,exact_mw,3793e887e6c3b4d5eff59c5eb9bbee88cf92e7a28a48243659e8f8373a61c55f,"{""distance"":7,""physical_error_rate"":5e-05}","{""detection_events"":166,""detectors_checked"":616448}"
        16,         0,         0,   0.031,exact_mw,fe773c48422346d89ea42b7ea8a90aa3034802874175ef2bfbcd9fbedf677903,"{""distance"":7,""physical_error_rate"":0.001}","{""detection_events"":61,""detectors_checked"":9632}"
         8,         3,         0,   0.386,exact_mw,7d64b8fd090c698681db305e92f59b9c863e7db993aba97a5e8c48562d7de8f2,"{""distance"":7,""physical_error_rate"":0.05}","{""detection_events"":900,""detectors_checked"":4816,""obs_mistake_mask=E"":3}"
      1024,         0,         0,   0.025,exact_mw,3793e887e6c3b4d5eff59c5eb9bbee88cf92e7a28a48243659e8f8373a61c55f,"{""distance"":7,""physical_error_rate"":5e-05}","{""detection_events"":168,""detectors_checked"":616448}"
     12288,         0,         0,   0.275,exact_mw,a6f040f5268ba168f94c6ccce4ff822b1b844608631bba2e2b8dc7ec85b1e503,"{""distance"":7,""physical_error_rate"":0.0002}","{""detection_events"":7304,""detectors_checked"":7397376}"
         8,         3,         0,   0.450,exact_mw,1139365a790276c3ba84287e63684848c12003621d3197abf32cb0073f10eb73,"{""distance"":7,""physical_error_rate"":0.5}","{""detection_events"":2463,""detectors_checked"":4816,""obs_mistake_mask=E"":3}"
      2048,         0,         0,   0.027,exact_mw,3793e887e6c3b4d5eff59c5eb9bbee88cf92e7a28a48243659e8f8373a61c55f,"{""distance"":7,""physical_error_rate"":5e-05}","{""detection_events"":286,""detectors_checked"":1232896}"
        16,         0,         0,   0.501,exact_mw,f4817e2f6bf0dfc41195700a9244a7f66964db0e79ea1302ca6e9f2465062a32,"{""distance"":7,""physical_error_rate"":0.01}","{""detection_events"":451,""detectors_checked"":9632}"
      4096,         0,         0,   0.051,exact_mw,3793e887e6c3b4d5eff59c5eb9bbee88cf92e7a28a48243659e8f8373a61c55f,"{""distance"":7,""physical_error_rate"":5e-05}","{""detection_events"":581,""detectors_checked"":2465792}"
         1,         0,         0,   0.013,exact_mw,a6f040f5268ba168f94c6ccce4ff822b1b844608631bba2e2b8dc7ec85b1e503,"{""distance"":7,""physical_error_rate"":0.0002}","{""detectors_checked"":602}"
      2320,         0,         0,   0.029,exact_mw,a6f040f5268ba168f94c6ccce4ff822b1b844608631bba2e2b8dc7ec85b1e503,"{""distance"":7,""physical_error_rate"":0.0002}","{""detection_events"":1453,""detectors_checked"":1396640}"
         1,         0,         0,   0.030,exact_mw,b41993e7ca3a4c05067df83ef8f718f9a600cbd2ba374313e90f16e7f7d75967,"{""distance"":7,""physical_error_rate"":0.02}","{""detection_events"":59,""detectors_checked"":602}"
      5120,         0,         0,   0.049,exact_mw,3793e887e6c3b4d5eff59c5eb9bbee88cf92e7a28a48243659e8f8373a61c55f,"{""distance"":7,""physical_error_rate"":5e-05}","{""detection_events"":784,""detectors_checked"":3082240}"
       256,         0,         0,   0.183,exact_mw,fe773c48422346d89ea42b7ea8a90aa3034802874175ef2bfbcd9fbedf677903,"{""distance"":7,""physical_error_rate"":0.001}","{""detection_events"":762,""detectors_checked"":154112}"
       273,         0,         0,   0.085,exact_mw,09f626b7d1c8765fd231bc36902f9c5557d3909c4644565b971bdb2bfb186061,"{""distance"":7,""physical_error_rate"":0.0005}","{""detection_events"":425,""detectors_checked"":164346}"
      2048,         0,         0,   0.048,exact_mw,a6f040f5268ba168f94c6ccce4ff822b1b844608631bba2e2b8dc7ec85b1e503,"{""distance"":7,""physical_error_rate"":0.0002}","{""detection_events"":1262,""detectors_checked"":1232896}"
         8,         5,         0,   0.467,exact_mw,71f8db422891223299ae011becf33408912e3bc5d092c7605a1191bb559146e7,"{""distance"":7,""physical_error_rate"":0.2}","{""detection_events"":1957,""detectors_checked"":4816,""obs_mistake_mask=E"":5}"
      6144,         0,         0,   0.091,exact_mw,3793e887e6c3b4d5eff59c5eb9bbee88cf92e7a28a48243659e8f8373a61c55f,"{""distance"":7,""physical_error_rate"":5e-05}","{""detection_events"":901,""detectors_checked"":3698688}"
      2048,         0,         0,   0.052,exact_mw,a6f040f5268ba168f94c6ccce4ff822b1b844608631bba2e2b8dc7ec85b1e503,"{""distance"":7,""physical_error_rate"":0.0002}","{""detection_events"":1347,""detectors_checked"":1232896}"
      2048,         0,         0,   0.029,exact_mw,a6f040f5268ba168f94c6ccce4ff822b1b844608631bba2e2b8dc7ec85b1e503,"{""distance"":7,""physical_error_rate"":0.0002}","{""detection_events"":1388,""detectors_checked"":1232896}"
      1024,         0,         0,   0.105,exact_mw,09f626b7d1c8765fd231bc36902f9c5557d3909c4644565b971bdb2bfb186061,"{""distance"":7,""physical_error_rate"":0.0005}","{""detection_events"":1435,""detectors_checked"":616448}"
      3072,         0,         0,   0.056,exact_mw,a6f040f5268ba168f94c6ccce4ff822b1b844608631bba2e2b8dc7ec85b1e503,"{""distance"":7,""physical_error_rate"":0.0002}","{""detection_events"":1764,""detectors_checked"":1849344}"
      8192,         0,         0,   0.091,exact_mw,3793e887e6c3b4d5eff59c5eb9bbee88cf92e7a28a48243659e8f8373a61c55f,"{""distance"":7,""physical_error_rate"":5e-05}","{""detection_events"":1071,""detectors_checked"":4931584}"
         8,         3,         0,   0.379,exact_mw,7d64b8fd090c698681db305e92f59b9c863e7db993aba97a5e8c48562d7de8f2,"{""distance"":7,""physical_error_rate"":0.05}","{""detection_events"":996,""detectors_checked"":4816,""obs_mistake_mask=E"":3}"
     12288,         0,         0,   0.418,exact_mw,a6f040f5268ba168f94c6ccce4ff822b1b844608631bba2e2b8dc7ec85b1e503,"{""distance"":7,""physical_error_rate"":0.0002}","{""detection_events"":7064,""detectors_checked"":7397376}"
      3072,         0,         0,   0.099,exact_mw,a6f040f5268ba168f94c6ccce4ff822b1b844608631bba2e2b8dc7ec85b1e503,"{""distance"":7,""physical_error_rate"":0.0002}","{""detection_events"":1848,""detectors_checked"":1849344}"
         8,         2,         0,   0.425,exact_mw,1139365a790276c3ba84287e63684848c12003621d3197abf32cb0073f10eb73,"{""distance"":7,""physical_error_rate"":0.5}","{""detection_events"":2412,""detectors_checked"":4816,""obs_mistake_mask=E"":2}"
         1,         0,         0,   0.013,exact_mw,894a5a708293b7bd3951925e43ae0371ba83736430ed1970399611b4deb8498b,"{""distance"":7,""physical_error_rate"":0.0001}","{""detection_events"":3,""detectors_checked"":602}"
      2320,         0,         0,   0.025,exact_mw,894a5a708293b7bd3951925e43ae0371ba83736430ed1970399611b4deb8498b,"{""distance"":7,""physical_error_rate"":0.0001}","{""detection_events"":639,""detectors_checked"":1396640}"
     12288,         0,         0,   0.161,exact_mw,3793e887e6c3b4d5eff59c5eb9bbee88cf92e7a28a48243659e8f8373a61c55f,"{""distance"":7,""physical_error_rate"":5e-05}","{""detection_events"":1820,""detectors_checked"":7397376}"
      2048,         0,         0,   0.031,exact_mw,894a5a708293b7bd3951925e43ae0371ba83736430ed1970399611b4deb8498b,"{""distance"":7,""physical_error_rate"":0.0001}","{""detection_events"":588,""detectors_checked"":1232896}"
      1024,         0,         0,   0.251,exact_mw,09f626b7d1c8765fd231bc36902f9c5557d3909c4644565b971bdb2bfb186061,"{""distance"":7,""physical_error_rate"":0.0005}","{""detection_events"":1566,""detectors_checked"":616448}"
      2048,         0,         0,   0.027,exact_mw,894a5a708293b7bd3951925e43ae0371ba83736430ed1970399611b4deb8498b,"{""distance"":7,""physical_error_rate"":0.0001}","{""detection_events"":576,""detectors_checked"":1232896}"
      3072,         0,         0,   0.115,exact_mw,a6f040f5268ba168f94c6ccce4ff822b1b844608631bba2e2b8dc7ec85b1e503,"{""distance"":7,""physical_error_rate"":0.0002}","{""detection_events"":1754,""detectors_checked"":1849344}"
      2048,         0,         0,   0.057,exact_mw,894a5a708293b7bd3951925e43ae0371ba83736430ed1970399611b4deb8498b,"{""distance"":7,""physical_error_rate"":0.0001}","{""detection_events"":673,""detectors_checked"":1232896}"
        16,         0,         0,   0.605,exact_mw,f4817e2f6bf0dfc41195700a9244a7f66964db0e79ea1302ca6e9f2465062a32,"{""distance"":7,""physical_error_rate"":0.01}","{""detection_events"":445,""detectors_checked"":9632}"
      4096,         0,         0,   0.057,exact_mw,894a5a708293b7bd3951925e43ae0371ba83736430ed1970399611b4deb8498b,"{""distance"":7,""physical_error_rate"":0.0001}","{""detection_events"":1119,""detectors_checked"":2465792}"
         1,         0,         0,   0.058,exact_mw,f4817e2f6bf0dfc41195700a9244a7f66964db0e79ea1302ca6e9f2465062a32,"{""distance"":7,""physical_error_rate"":0.01}","{""detection_events"":18,""detectors_checked"":602}"
         8,         4,         0,   0.487,exact_mw,71f8db422891223299ae011becf33408912e3bc5d092c7605a1191bb559146e7,"{""distance"":7,""physical_error_rate"":0.2}","{""detection_events"":2014,""detectors_checked"":4816,""obs_mistake_mask=E"":4}"
      5120,         0,         0,   0.167,exact_mw,a6f040f5268ba168f94c6ccce4ff822b1b844608631bba2e2b8dc7ec85b1e503,"{""distance"":7,""physical_error_rate"":0.0002}","{""detection_events"":3242,""detectors_checked"":3082240}"
     16384,         0,         0,   0.210,exact_mw,3793e887e6c3b4d5eff59c5eb9bbee88cf92e7a28a48243659e8f8373a61c55f,"{""distance"":7,""physical_error_rate"":5e-05}","{""detection_events"":2452,""detectors_checked"":9863168}"
        64,         0,         0,    1.24,exact_mw,6534c274fb8721060716b040ba5484c43e0fb249b656ad44721a05b8b1f26839,"{""distance"":7,""physical_error_rate"":0.005}","{""detection_events"":974,""detectors_checked"":38528}"
        17,         0,         0,   0.053,exact_mw,8842ec4fe0f86aba00650008f7f408db45344cfb5a30f76b1f2c0fb50a8d5069,"{""distance"":7,""physical_error_rate"":0.002}","{""detection_events"":76,""detectors_checked"":10234}"
      5120,         0,         0,   0.079,exact_mw,894a5a708293b7bd3951925e43ae0371ba83736430ed1970399611b4deb8498b,"{""distance"":7,""physical_error_rate"":0.0001}","{""detection_events"":1553,""detectors_checked"":3082240}"
       512,         0,         0,   0.592,exact_mw,fe773c48422346d89ea42b7ea8a90aa3034802874175ef2bfbcd9fbedf677903,"{""distance"":7,""physical_error_rate"":0.001}","{""detection_events"":1582,""detectors_checked"":308224}"
         8,         4,         0,   0.380,exact_mw,7d64b8fd090c698681db305e92f59b9c863e7db993aba97a5e8c48562d7de8f2,"{""distance"":7,""physical_error_rate"":0.05}","{""detection_events"":945,""detectors_checked"":4816,""obs_mistake_mask=E"":4}"
        16,         0,         0,   0.638,exact_mw,b41993e7ca3a4c05067df83ef8f718f9a600cbd2ba374313e90f16e7f7d75967,"{""distance"":7,""physical_error_rate"":0.02}","{""detection_events"":919,""detectors_checked"":9632}"
      1024,         0,         0,   0.313,exact_mw,09f626b7d1c8765fd231bc36902f9c5557d3909c4644565b971bdb2bfb186061,"{""distance"":7,""physical_error_rate"":0.0005}","{""detection_events"":1653,""detectors_checked"":616448}"
         8,         5,         0,   0.421,exact_mw,1139365a790276c3ba84287e63684848c12003621d3197abf32cb0073f10eb73,"{""distance"":7,""physical_error_rate"":0.5}","{""detection_events"":2406,""detectors_checked"":4816,""obs_mistake_mask=E"":5}"
      7168,         0,         0,   0.108,exact_mw,894a5a708293b7bd3951925e43ae0371ba83736430ed1970399611b4deb8498b,"{""distance"":7,""physical_error_rate"":0.0001}","{""detection_events"":2196,""detectors_checked"":4315136}"
         8,         1,         0,   0.201,exact_mw,f4817e2f6bf0dfc41195700a9244a7f66964db0e79ea1302ca6e9f2465062a32,"{""distance"":7,""physical_error_rate"":0.01}","{""detection_events"":212,""detectors_checked"":4816,""obs_mistake_mask=E"":1}"
     10240,         0,         0,   0.225,exact_mw,a6f040f5268ba168f94c6ccce4ff822b1b844608631bba2e2b8dc7ec85b1e503,"{""distance"":7,""physical_error_rate"":0.0002}","{""detection_events"":6034,""detectors_checked"":6164480}"
     19456,         0,         0,   0.566,exact_mw,a6f040f5268ba168f94c6ccce4ff822b1b844608631bba2e2b8dc7ec85b1e503,"{""distance"":7,""physical_error_rate"":0.0002}","{""detection_events"":11419,""detectors_checked"":11712512}"
      1024,         0,         0,   0.149,exact_mw,09f626b7d1c8765fd231bc36902f9c5557d3909c4644565b971bdb2bfb186061,"{""distance"":7,""physical_error_rate"":0.0005}","{""detection_events"":1615,""detectors_checked"":616448}"
         1,         0,         0,   0.017,exact_mw,8842ec4fe0f86aba00650008f7f408db45344cfb5a30f76b1f2c0fb50a8d5069,"{""distance"":7,""physical_error_rate"":0.002}","{""detection_events"":8,""detectors_checked"":602}"
      9216,         0,         0,   0.153,exact_mw,894a5a708293b7bd3951925e43ae0371ba83736430ed1970399611b4deb8498b,"{""distance"":7,""physical_error_rate"":0.0001}","{""detection_events"":2713,""detectors_checked"":5548032}"
     22528,         0,         0,   0.303,exact_mw,3793e887e6c3b4d5eff59c5eb9bbee88cf92e7a28a48243659e8f8373a61c55f,"{""distance"":7,""physical_error_rate"":5e-05}","{""detection_events"":3250,""detectors_checked"":13561856}"
        16,         0,         0,   0.043,exact_mw,8842ec4fe0f86aba00650008f7f408db45344cfb5a30f76b1f2c0fb50a8d5069,"{""distance"":7,""physical_error_rate"":0.002}","{""detection_events"":73,""detectors_checked"":9632}"
         8,         5,         0,   0.445,exact_mw,71f8db422891223299ae011becf33408912e3bc5d092c7605a1191bb559146e7,"{""distance"":7,""physical_error_rate"":0.2}","{""detection_events"":1952,""detectors_checked"":4816,""obs_mistake_mask=E"":5}"
       512,         0,         0,   0.384,exact_mw,fe773c48422346d89ea42b7ea8a90aa3034802874175ef2bfbcd9fbedf677903,"{""distance"":7,""physical_error_rate"":0.001}","{""detection_events"":1502,""detectors_checked"":308224}"
      1024,         0,         0,   0.184,exact_mw,09f626b7d1c8765fd231bc36902f9c5557d3909c4644565b971bdb2bfb186061,"{""distance"":7,""physical_error_rate"":0.0005}","{""detection_events"":1408,""detectors_checked"":616448}"
         8,         1,         0,   0.416,exact_mw,7d64b8fd090c698681db305e92f59b9c863e7db993aba97a5e8c48562d7de8f2,"{""distance"":7,""physical_error_rate"":0.05}","{""detection_events"":873,""detectors_checked"":4816,""obs_mistake_mask=E"":1}"
        16,         0,         0,   0.535,exact_mw,f4817e2f6bf0dfc41195700a9244a7f66964db0e79ea1302ca6e9f2465062a32,"{""distance"":7,""physical_error_rate"":0.01}","{""detection_events"":514,""detectors_checked"":9632}"
     15360,         0,         0,   0.207,exact_mw,894a5a708293b7bd3951925e43ae0371ba83736430ed1970399611b4deb8498b,"{""distance"":7,""physical_error_rate"":0.0001}","{""detection_events"":4278,""detectors_checked"":9246720}"
     15360,         0,         0,   0.311,exact_mw,a6f040f5268ba168f94c6ccce4ff822b1b844608631bba2e2b8dc7ec85b1e503,"{""distance"":7,""physical_error_rate"":0.0002}","{""detection_events"":9015,""detectors_checked"":9246720}"
         8,         4,         0,   0.438,exact_mw,1139365a790276c3ba84287e63684848c12003621d3197abf32cb0073f10eb73,"{""distance"":7,""physical_error_rate"":0.5}","{""detection_events"":2453,""detectors_checked"":4816,""obs_mistake_mask=E"":4}"
        16,         0,         0,   0.418,exact_mw,f4817e2f6bf0dfc41195700a9244a7f66964db0e79ea1302ca6e9f2465062a32,"{""distance"":7,""physical_error_rate"":0.01}","{""detection_events"":462,""detectors_checked"":9632}"
       128,         0,         0,   0.621,exact_mw,8842ec4fe0f86aba00650008f7f408db45344cfb5a30f76b1f2c0fb50a8d5069,"{""distance"":7,""physical_error_rate"":0.002}","{""detection_events"":736,""detectors_checked"":77056}"
      1024,         0,         0,   0.207,exact_mw,09f626b7d1c8765fd231bc36902f9c5557d3909c4644565b971bdb2bfb186061,"{""distance"":7,""physical_error_rate"":0.0005}","{""detection_events"":1520,""detectors_checked"":616448}"
         1,         0,         0,   0.040,exact_mw,b41993e7ca3a4c05067df83ef8f718f9a600cbd2ba374313e90f16e7f7d75967,"{""distance"":7,""physical_error_rate"":0.02}","{""detection_events"":50,""detectors_checked"":602}"
       128,         0,         0,   0.366,exact_mw,8842ec4fe0f86aba00650008f7f408db45344cfb5a30f76b1f2c0fb50a8d5069,"{""distance"":7,""physical_error_rate"":0.002}","{""detection_events"":746,""detectors_checked"":77056}"
        16,         1,         0,   0.649,exact_mw,b41993e7ca3a4c05067df83ef8f718f9a600cbd2ba374313e90f16e7f7d75967,"{""distance"":7,""physical_error_rate"":0.02}","{""detection_events"":932,""detectors_checked"":9632,""obs_mistake_mask=E"":1}"
     32768,         0,         0,   0.418,exact_mw,3793e887e6c3b4d5eff59c5eb9bbee88cf92e7a28a48243659e8f8373a61c55f,"{""distance"":7,""physical_error_rate"":5e-05}","{""detection_events"":4834,""detectors_checked"":19726336}"
     17408,         0,         0,   0.281,exact_mw,894a5a708293b7bd3951925e43ae0371ba83736430ed1970399611b4deb8498b,"{""distance"":7,""physical_error_rate"":0.0001}","{""detection_events"":4933,""detectors_checked"":10479616}"
         1,         0,         0,   0.018,exact_mw,8842ec4fe0f86aba00650008f7f408db45344cfb5a30f76b1f2c0fb50a8d5069,"{""distance"":7,""physical_error_rate"":0.002}","{""detection_events"":15,""detectors_checked"":602}"
        17,         0,         0,   0.171,exact_mw,6534c274fb8721060716b040ba5484c43e0fb249b656ad44721a05b8b1f26839,"{""distance"":7,""physical_error_rate"":0.005}","{""detection_events"":240,""detectors_checked"":10234}"
      1024,         0,         0,   0.154,exact_mw,09f626b7d1c8765fd231bc36902f9c5557d3909c4644565b971bdb2bfb186061,"{""distance"":7,""physical_error_rate"":0.0005}","{""detection_events"":1351,""detectors_checked"":616448}"
        16,         0,         0,   0.015,exact_mw,8842ec4fe0f86aba00650008f7f408db45344cfb5a30f76b1f2c0fb50a8d5069,"{""distance"":7,""physical_error_rate"":0.002}","{""detection_events"":77,""detectors_checked"":9632}"
         1,         0,         0,   0.017,exact_mw,6534c274fb8721060716b040ba5484c43e0fb249b656ad44721a05b8b1f26839,"{""distance"":7,""physical_error_rate"":0.005}","{""detection_events"":25,""detectors_checked"":602}"
         8,         6,         0,   0.448,exact_mw,71f8db422891223299ae011becf33408912e3bc5d092c7605a1191bb559146e7,"{""distance"":7,""physical_error_rate"":0.2}","{""detection_events"":2004,""detectors_checked"":4816,""obs_mistake_mask=E"":6}"
         1,         0,         0,   0.047,exact_mw,1139365a790276c3ba84287e63684848c12003621d3197abf32cb0073f10eb73,"{""distance"":7,""physical_error_rate"":0.5}","{""detection_events"":331,""detectors_checked"":602}"
       512,         0,         0,   0.444,exact_mw,fe773c48422346d89ea42b7ea8a90aa3034802874175ef2bfbcd9fbedf677903,"{""distance"":7,""physical_error_rate"":0.001}","{""detection_events"":1621,""detectors_checked"":308224}"
         8,         3,         0,   0.418,exact_mw,7d64b8fd090c698681db305e92f59b9c863e7db993aba97a5e8c48562d7de8f2,"{""distance"":7,""physical_error_rate"":0.05}","{""detection_events"":870,""detectors_checked"":4816,""obs_mistake_mask=E"":3}"
        16,         0,         0,   0.418,exact_mw,f4817e2f6bf0dfc41195700a9244a7f66964db0e79ea1302ca6e9f2465062a32,"{""distance"":7,""physical_error_rate"":0.01}","{""detection_events"":391,""detectors_checked"":9632}"
         1,         0,         0,   0.027,exact_mw,f4817e2f6bf0dfc41195700a9244a7f66964db0e79ea1302ca6e9f2465062a32,"{""distance"":7,""physical_error_rate"":0.01}","{""detection_events"":29,""detectors_checked"":602}"
     16384,         0,         0,   0.415,exact_mw,a6f040f5268ba168f94c6ccce4ff822b1b844608631bba2e2b8dc7ec85b1e503,"{""distance"":7,""physical_error_rate"":0.0002}","{""detection_events"":9611,""detectors_checked"":9863168}"
         8,         0,         0,   0.331,exact_mw,b41993e7ca3a4c05067df83ef8f718f9a600cbd2ba374313e90f16e7f7d75967,"{""distance"":7,""physical_error_rate"":0.02}","{""detection_events"":392,""detectors_checked"":4816}"
       273,         0,         0,   0.167,exact_mw,fe773c48422346d89ea42b7ea8a90aa3034802874175ef2bfbcd9fbedf677903,"{""distance"":7,""physical_error_rate"":0.001}","{""detection_events"":769,""detectors_checked"":164346}"
         8,         6,         0,   0.463,exact_mw,1139365a790276c3ba84287e63684848c12003621d3197abf32cb0073f10eb73,"{""distance"":7,""physical_error_rate"":0.5}","{""detection_events"":2339,""detectors_checked"":4816,""obs_mistake_mask=E"":6}"
        16,         0,         0,   0.459,exact_mw,f4817e2f6bf0dfc41195700a9244a7f66964db0e79ea1302ca6e9f2465062a32,"{""distance"":7,""physical_error_rate"":0.01}","{""detection_events"":383,""detectors_checked"":9632}"
     25600,         0,         0,   0.802,exact_mw,a6f040f5268ba168f94c6ccce4ff822b1b844608631bba2e2b8dc7ec85b1e503,"{""distance"":7,""physical_error_rate"":0.0002}","{""detection_events"":15186,""detectors_checked"":15411200}"
       128,         0,         0,   0.408,exact_mw,8842ec4fe0f86aba00650008f7f408db45344cfb5a30f76b1f2c0fb50a8d5069,"{""distance"":7,""physical_error_rate"":0.002}","{""detection_events"":740,""detectors_checked"":77056}"
       128,         0,         0,   0.489,exact_mw,8842ec4fe0f86aba00650008f7f408db45344cfb5a30f76b1f2c0fb50a8d5069,"{""distance"":7,""physical_error_rate"":0.002}","{""detection_events"":780,""detectors_checked"":77056}"
      2048,         0,         0,   0.320,exact_mw,09f626b7d1c8765fd231bc36902f9c5557d3909c4644565b971bdb2bfb186061,"{""distance"":7,""physical_error_rate"":0.0005}","{""detection_events"":3028,""detectors_checked"":1232896}"
        64,         1,         0,    1.18,exact_mw,6534c274fb8721060716b040ba5484c43e0fb249b656ad44721a05b8b1f26839,"{""distance"":7,""physical_error_rate"":0.005}","{""detection_events"":915,""detectors_checked"":38528,""obs_mistake_mask=E"":1}"
        16,         0,         0,   0.336,exact_mw,6534c274fb8721060716b040ba5484c43e0fb249b656ad44721a05b8b1f26839,"{""distance"":7,""physical_error_rate"":0.005}","{""detection_events"":263,""detectors_checked"":9632}"
     31744,         0,         0,   0.406,exact_mw,894a5a708293b7bd3951925e43ae0371ba83736430ed1970399611b4deb8498b,"{""distance"":7,""physical_error_rate"":0.0001}","{""detection_events"":9327,""detectors_checked"":19109888}"
         8,         3,         0,   0.387,exact_mw,1139365a790276c3ba84287e63684848c12003621d3197abf32cb0073f10eb73,"{""distance"":7,""physical_error_rate"":0.5}","{""detection_events"":2421,""detectors_checked"":4816,""obs_mistake_mask=E"":3}"
        16,         0,         0,   0.412,exact_mw,f4817e2f6bf0dfc41195700a9244a7f66964db0e79ea1302ca6e9f2465062a32,"{""distance"":7,""physical_error_rate"":0.01}","{""detection_events"":472,""detectors_checked"":9632}"
     47104,         0,         0,   0.559,exact_mw,3793e887e6c3b4d5eff59c5eb9bbee88cf92e7a28a48243659e8f8373a61c55f,"{""distance"":7,""physical_error_rate"":5e-05}","{""detection_events"":7236,""detectors_checked"":28356608}"
         8,         4,         0,   0.447,exact_mw,71f8db422891223299ae011becf33408912e3bc5d092c7605a1191bb559146e7,"{""distance"":7,""physical_error_rate"":0.2}","{""detection_events"":2025,""detectors_checked"":4816,""obs_mistake_mask=E"":4}"
        16,         0,         0,   0.413,exact_mw,f4817e2f6bf0dfc41195700a9244a7f66964db0e79ea1302ca6e9f2465062a32,"{""distance"":7,""physical_error_rate"":0.01}","{""detection_events"":442,""detectors_checked"":9632}"
         8,         1,         0,   0.311,exact_mw,b41993e7ca3a4c05067df83ef8f718f9a600cbd2ba374313e90f16e7f7d75967,"{""distance"":7,""physical_error_rate"":0.02}","{""detection_events"":433,""detectors_checked"":4816,""obs_mistake_mask=E"":1}"
        32,         0,         0,   0.525,exact_mw,6534c274fb8721060716b040ba5484c43e0fb249b656ad44721a05b8b1f26839,"{""distance"":7,""physical_error_rate"":0.005}","{""detection_events"":488,""detectors_checked"":19264}"
         8,         1,         0,   0.476,exact_mw,7d64b8fd090c698681db305e92f59b9c863e7db993aba97a5e8c48562d7de8f2,"{""distance"":7,""physical_error_rate"":0.05}","{""detection_events"":898,""detectors_checked"":4816,""obs_mistake_mask=E"":1}"
        16,         0,         0,   0.664,exact_mw,b41993e7ca3a4c05067df83ef8f718f9a600cbd2ba374313e90f16e7f7d75967,"{""distance"":7,""physical_error_rate"":0.02}","{""detection_events"":809,""detectors_checked"":9632}"
        16,         0,         0,   0.182,exact_mw,6534c274fb8721060716b040ba5484c43e0fb249b656ad44721a05b8b1f26839,"{""distance"":7,""physical_error_rate"":0.005}","{""detection_events"":206,""detectors_checked"":9632}"
       512,         0,         0,   0.498,exact_mw,fe773c48422346d89ea42b7ea8a90aa3034802874175ef2bfbcd9fbedf677903,"{""distance"":7,""physical_error_rate"":0.001}","{""detection_events"":1662,""detectors_checked"":308224}"
       512,         0,         0,   0.427,exact_mw,fe773c48422346d89ea42b7ea8a90aa3034802874175ef2bfbcd9fbedf677903,"{""distance"":7,""physical_error_rate"":0.001}","{""detection_events"":1624,""detectors_checked"":308224}"
      2048,         0,         0,   0.294,exact_mw,09f626b7d1c8765fd231bc36902f9c5557d3909c4644565b971bdb2bfb186061,"{""distance"":7,""physical_error_rate"":0.0005}","{""detection_events"":3018,""detectors_checked"":1232896}"
        16,         0,         0,   0.414,exact_mw,f4817e2f6bf0dfc41195700a9244a7f66964db0e79ea1302ca6e9f2465062a32,"{""distance"":7,""physical_error_rate"":0.01}","{""detection_events"":454,""detectors_checked"":9632}"
         8,         4,         0,   0.441,exact_mw,1139365a790276c3ba84287e63684848c12003621d3197abf32cb0073f10eb73,"{""distance"":7,""physical_error_rate"":0.5}","{""detection_events"":2429,""detectors_checked"":4816,""obs_mistake_mask=E"":4}"
       128,         0,         0,   0.372,exact_mw,8842ec4fe0f86aba00650008f7f408db45344cfb5a30f76b1f2c0fb50a8d5069,"{""distance"":7,""physical_error_rate"":0.002}","{""detection_events"":757,""detectors_checked"":77056}"
     28672,         0,         0,   0.553,exact_mw,a6f040f5268ba168f94c6ccce4ff822b1b844608631bba2e2b8dc7ec85b1e503,"{""distance"":7,""physical_error_rate"":0.0002}","{""detection_events"":17145,""detectors_checked"":17260544}"
        16,         0,         0,   0.290,exact_mw,f4817e2f6bf0dfc41195700a9244a7f66964db0e79ea1302ca6e9f2465062a32,"{""distance"":7,""physical_error_rate"":0.01}","{""detection_events"":420,""detectors_checked"":9632}"
         8,         0,         0,   0.297,exact_mw,b41993e7ca3a4c05067df83ef8f718f9a600cbd2ba374313e90f16e7f7d75967,"{""distance"":7,""physical_error_rate"":0.02}","{""detection_events"":392,""detectors_checked"":4816}"
         8,         6,         0,   0.375,exact_mw,1139365a790276c3ba84287e63684848c12003621d3197abf32cb0073f10eb73,"{""distance"":7,""physical_error_rate"":0.5}","{""detection_events"":2354,""detectors_checked"":4816,""obs_mistake_mask=E"":6}"
       128,         0,         0,   0.530,exact_mw,8842ec4fe0f86aba00650008f7f408db45344cfb5a30f76b1f2c0fb50a8d5069,"{""distance"":7,""physical_error_rate"":0.002}","{""detection_events"":710,""detectors_checked"":77056}"
         8,         1,         0,   0.343,exact_mw,7d64b8fd090c698681db305e92f59b9c863e7db993aba97a5e8c48562d7de8f2,"{""distance"":7,""physical_error_rate"":0.05}","{""detection_events"":865,""detectors_checked"":4816,""obs_mistake_mask=E"":1}"
        16,         0,         0,   0.395,exact_mw,f4817e2f6bf0dfc41195700a9244a7f66964db0e79ea1302ca6e9f2465062a32,"{""distance"":7,""physical_error_rate"":0.01}","{""detection_events"":422,""detectors_checked"":9632}"
         8,         4,         0,   0.441,exact_mw,71f8db422891223299ae011becf33408912e3bc5d092c7605a1191bb559146e7,"{""distance"":7,""physical_error_rate"":0.2}","{""detection_events"":1972,""detectors_checked"":4816,""obs_mistake_mask=E"":4}"
      2048,         0,         0,   0.306,exact_mw,09f626b7d1c8765fd231bc36902f9c5557d3909c4644565b971bdb2bfb186061,"{""distance"":7,""physical_error_rate"":0.0005}","{""detection_events"":3014,""detectors_checked"":1232896}"
       512,         1,         0,   0.403,exact_mw,fe773c48422346d89ea42b7ea8a90aa3034802874175ef2bfbcd9fbedf677903,"{""distance"":7,""physical_error_rate"":0.001}","{""detection_events"":1487,""detectors_checked"":308224,""obs_mistake_mask=E"":1}"
     41984,         0,         0,   0.565,exact_mw,894a5a708293b7bd3951925e43ae0371ba83736430ed1970399611b4deb8498b,"{""distance"":7,""physical_error_rate"":0.0001}","{""detection_events"":12704,""detectors_checked"":25274368}"
        16,         0,         0,   0.389,exact_mw,f4817e2f6bf0dfc41195700a9244a7f66964db0e79ea1302ca6e9f2465062a32,"{""distance"":7,""physical_error_rate"":0.01}","{""detection_events"":380,""detectors_checked"":9632}"
         8,         3,         0,   0.409,exact_mw,1139365a790276c3ba84287e63684848c12003621d3197abf32cb0073f10eb73,"{""distance"":7,""physical_error_rate"":0.5}","{""detection_events"":2373,""detectors_checked"":4816,""obs_mistake_mask=E"":3}"
        32,         0,         0,   0.533,exact_mw,6534c274fb8721060716b040ba5484c43e0fb249b656ad44721a05b8b1f26839,"{""distance"":7,""physical_error_rate"":0.005}","{""detection_events"":481,""detectors_checked"":19264}"
         1,         0,         0,   0.046,exact_mw,b41993e7ca3a4c05067df83ef8f718f9a600cbd2ba374313e90f16e7f7d75967,"{""distance"":7,""physical_error_rate"":0.02}","{""detection_events"":64,""detectors_checked"":602}"
         1,         1,         0,   0.056,exact_mw,7d64b8fd090c698681db305e92f59b9c863e7db993aba97a5e8c48562d7de8f2,"{""distance"":7,""physical_error_rate"":0.05}","{""detection_events"":98,""detectors_checked"":602,""obs_mistake_mask=E"":1}"
       128,         0,         0,   0.487,exact_mw,8842ec4fe0f86aba00650008f7f408db45344cfb5a30f76b1f2c0fb50a8d5069,"{""distance"":7,""physical_error_rate"":0.002}","{""detection_events"":786,""detectors_checked"":77056}"
        32,         0,         0,   0.641,exact_mw,6534c274fb8721060716b040ba5484c43e0fb249b656ad44721a05b8b1f26839,"{""distance"":7,""physical_error_rate"":0.005}","{""detection_events"":492,""detectors_checked"":19264}"
        16,         1,         0,   0.656,exact_mw,b41993e7ca3a4c05067df83ef8f718f9a600cbd2ba374313e90f16e7f7d75967,"{""distance"":7,""physical_error_rate"":0.02}","{""detection_events"":776,""detectors_checked"":9632,""obs_mistake_mask=E"":1}"
         8,         4,         0,   0.383,exact_mw,1139365a790276c3ba84287e63684848c12003621d3197abf32cb0073f10eb73,"{""distance"":7,""physical_error_rate"":0.5}","{""detection_events"":2399,""detectors_checked"":4816,""obs_mistake_mask=E"":4}"
       256,         0,         0,    1.22,exact_mw,8842ec4fe0f86aba00650008f7f408db45344cfb5a30f76b1f2c0fb50a8d5069,"{""distance"":7,""physical_error_rate"":0.002}","{""detection_events"":1564,""detectors_checked"":154112}"
       512,         1,         0,   0.609,exact_mw,fe773c48422346d89ea42b7ea8a90aa3034802874175ef2bfbcd9fbedf677903,"{""distance"":7,""physical_error_rate"":0.001}","{""detection_events"":1590,""detectors_checked"":308224,""obs_mistake_mask=E"":1}"
         8,         2,         0,   0.370,exact_mw,7d64b8fd090c698681db305e92f59b9c863e7db993aba97a5e8c48562d7de8f2,"{""distance"":7,""physical_error_rate"":0.05}","{""detection_events"":865,""detectors_checked"":4816,""obs_mistake_mask=E"":2}"
     66560,         0,         0,   0.785,exact_mw,3793e887e6c3b4d5eff59c5eb9bbee88cf92e7a28a48243659e8f8373a61c55f,"{""distance"":7,""physical_error_rate"":5e-05}","{""detection_events"":9628,""detectors_checked"":40069120}"
       128,         0,         0,   0.507,exact_mw,8842ec4fe0f86aba00650008f7f408db45344cfb5a30f76b1f2c0fb50a8d5069,"{""distance"":7,""physical_error_rate"":0.002}","{""detection_events"":729,""detectors_checked"":77056}"
        64,         0,         0,   0.982,exact_mw,6534c274fb8721060716b040ba5484c43e0fb249b656ad44721a05b8b1f26839,"{""distance"":7,""physical_error_rate"":0.005}","{""detection_events"":860,""detectors_checked"":38528}"
        16,         0,         0,   0.464,exact_mw,f4817e2f6bf0dfc41195700a9244a7f66964db0e79ea1302ca6e9f2465062a32,"{""distance"":7,""physical_error_rate"":0.01}","{""detection_events"":396,""detectors_checked"":9632}"
        16,         0,         0,   0.562,exact_mw,b41993e7ca3a4c05067df83ef8f718f9a600cbd2ba374313e90f16e7f7d75967,"{""distance"":7,""physical_error_rate"":0.02}","{""detection_events"":756,""detectors_checked"":9632}"
     45056,         0,         0,    1.10,exact_mw,a6f040f5268ba168f94c6ccce4ff822b1b844608631bba2e2b8dc7ec85b1e503,"{""distance"":7,""physical_error_rate"":0.0002}","{""detection_events"":26980,""detectors_checked"":27123712}"
       512,         0,         0,   0.442,exact_mw,fe773c48422346d89ea42b7ea8a90aa3034802874175ef2bfbcd9fbedf677903,"{""distance"":7,""physical_error_rate"":0.001}","{""detection_events"":1540,""detectors_checked"":308224}"
         8,         0,         0,   0.330,exact_mw,b41993e7ca3a4c05067df83ef8f718f9a600cbd2ba374313e90f16e7f7d75967,"{""distance"":7,""physical_error_rate"":0.02}","{""detection_events"":461,""detectors_checked"":4816}"
         1,         1,         0,   0.048,exact_mw,7d64b8fd090c698681db305e92f59b9c863e7db993aba97a5e8c48562d7de8f2,"{""distance"":7,""physical_error_rate"":0.05}","{""detection_events"":94,""detectors_checked"":602,""obs_mistake_mask=E"":1}"
         8,         5,         0,   0.503,exact_mw,71f8db422891223299ae011becf33408912e3bc5d092c7605a1191bb559146e7,"{""distance"":7,""physical_error_rate"":0.2}","{""detection_events"":2025,""detectors_checked"":4816,""obs_mistake_mask=E"":5}"
      4096,         0,         0,   0.501,exact_mw,09f626b7d1c8765fd231bc36902f9c5557d3909c4644565b971bdb2bfb186061,"{""distance"":7,""physical_error_rate"":0.0005}","{""detection_events"":6231,""detectors_checked"":2465792}"
        16,         0,         0,   0.424,exact_mw,f4817e2f6bf0dfc41195700a9244a7f66964db0e79ea1302ca6e9f2465062a32,"{""distance"":7,""physical_error_rate"":0.01}","{""detection_events"":444,""detectors_checked"":9632}"
         8,         3,         0,   0.367,exact_mw,7d64b8fd090c698681db305e92f59b9c863e7db993aba97a5e8c48562d7de8f2,"{""distance"":7,""physical_error_rate"":0.05}","{""detection_events"":807,""detectors_checked"":4816,""obs_mistake_mask=E"":3}"
     33792,         0,         0,   0.808,exact_mw,a6f040f5268ba168f94c6ccce4ff822b1b844608631bba2e2b8dc7ec85b1e503,"{""distance"":7,""physical_error_rate"":0.0002}","{""detection_events"":20090,""detectors_checked"":20342784}"
         8,         4,         0,   0.456,exact_mw,1139365a790276c3ba84287e63684848c12003621d3197abf32cb0073f10eb73,"{""distance"":7,""physical_error_rate"":0.5}","{""detection_events"":2437,""detectors_checked"":4816,""obs_mistake_mask=E"":4}"
         1,         1,         0,   0.109,exact_mw,71f8db422891223299ae011becf33408912e3bc5d092c7605a1191bb559146e7,"{""distance"":7,""physical_error_rate"":0.2}","{""detection_events"":261,""detectors_checked"":602,""obs_mistake_mask=E"":1}"
        32,         1,         0,   0.496,exact_mw,6534c274fb8721060716b040ba5484c43e0fb249b656ad44721a05b8b1f26839,"{""distance"":7,""physical_error_rate"":0.005}","{""detection_events"":583,""detectors_checked"":19264,""obs_mistake_mask=E"":1}"
         8,         3,         0,   0.376,exact_mw,1139365a790276c3ba84287e63684848c12003621d3197abf32cb0073f10eb73,"{""distance"":7,""physical_error_rate"":0.5}","{""detection_events"":2400,""detectors_checked"":4816,""obs_mistake_mask=E"":3}"
        32,         0,         0,   0.449,exact_mw,6534c274fb8721060716b040ba5484c43e0fb249b656ad44721a05b8b1f26839,"{""distance"":7,""physical_error_rate"":0.005}","{""detection_events"":485,""detectors_checked"":19264}"
         8,         1,         0,   0.414,exact_mw,7d64b8fd090c698681db305e92f59b9c863e7db993aba97a5e8c48562d7de8f2,"{""distance"":7,""physical_error_rate"":0.05}","{""detection_events"":854,""detectors_checked"":4816,""obs_mistake_mask=E"":1}"
       128,         0,         0,   0.534,exact_mw,8842ec4fe0f86aba00650008f7f408db45344cfb5a30f76b1f2c0fb50a8d5069,"{""distance"":7,""physical_error_rate"":0.002}","{""detection_events"":771,""detectors_checked"":77056}"
        32,         1,         0,   0.963,exact_mw,f4817e2f6bf0dfc41195700a9244a7f66964db0e79ea1302ca6e9f2465062a32,"{""distance"":7,""physical_error_rate"":0.01}","{""detection_events"":928,""detectors_checked"":19264,""obs_mistake_mask=E"":1}"
       512,         1,         0,   0.495,exact_mw,fe773c48422346d89ea42b7ea8a90aa3034802874175ef2bfbcd9fbedf677903,"{""distance"":7,""physical_error_rate"":0.001}","{""detection_events"":1528,""detectors_checked"":308224,""obs_mistake_mask=E"":1}"
         8,         1,         0,   0.341,exact_mw,b41993e7ca3a4c05067df83ef8f718f9a600cbd2ba374313e90f16e7f7d75967,"{""distance"":7,""physical_error_rate"":0.02}","{""detection_events"":455,""detectors_checked"":4816,""obs_mistake_mask=E"":1}"
     60416,         0,         0,   0.801,exact_mw,894a5a708293b7bd3951925e43ae0371ba83736430ed1970399611b4deb8498b,"{""distance"":7,""physical_error_rate"":0.0001}","{""detection_events"":17438,""detectors_checked"":36370432}"
        16,         1,         0,   0.424,exact_mw,f4817e2f6bf0dfc41195700a9244a7f66964db0e79ea1302ca6e9f2465062a32,"{""distance"":7,""physical_error_rate"":0.01}","{""detection_events"":437,""detectors_checked"":9632,""obs_mistake_mask=E"":1}"
         4,         2,         0,   0.239,exact_mw,71f8db422891223299ae011becf33408912e3bc5d092c7605a1191bb559146e7,"{""distance"":7,""physical_error_rate"":0.2}","{""detection_events"":1008,""detectors_checked"":2408,""obs_mistake_mask=E"":2}"
        16,         0,         0,   0.347,exact_mw,f4817e2f6bf0dfc41195700a9244a7f66964db0e79ea1302ca6e9f2465062a32,"{""distance"":7,""physical_error_rate"":0.01}","{""detection_events"":526,""detectors_checked"":9632}"
       128,         0,         0,   0.503,exact_mw,8842ec4fe0f86aba00650008f7f408db45344cfb5a30f76b1f2c0fb50a8d5069,"{""distance"":7,""physical_error_rate"":0.002}","{""detection_events"":805,""detectors_checked"":77056}"
       512,         0,         0,   0.440,exact_mw,fe773c48422346d89ea42b7ea8a90aa3034802874175ef2bfbcd9fbedf677903,"{""distance"":7,""physical_error_rate"":0.001}","{""detection_events"":1371,""detectors_checked"":308224}"
         8,         2,         0,   0.405,exact_mw,7d64b8fd090c698681db305e92f59b9c863e7db993aba97a5e8c48562d7de8f2,"{""distance"":7,""physical_error_rate"":0.05}","{""detection_events"":877,""detectors_checked"":4816,""obs_mistake_mask=E"":2}"
         8,         3,         0,   0.378,exact_mw,7d64b8fd090c698681db305e92f59b9c863e7db993aba97a5e8c48562d7de8f2,"{""distance"":7,""physical_error_rate"":0.05}","{""detection_events"":883,""detectors_checked"":4816,""obs_mistake_mask=E"":3}"
         8,         4,         0,   0.465,exact_mw,71f8db422891223299ae011becf33408912e3bc5d092c7605a1191bb559146e7,"{""distance"":7,""physical_error_rate"":0.2}","{""detection_events"":1924,""detectors_checked"":4816,""obs_mistake_mask=E"":4}"
         8,         4,         0,   0.423,exact_mw,1139365a790276c3ba84287e63684848c12003621d3197abf32cb0073f10eb73,"{""distance"":7,""physical_error_rate"":0.5}","{""detection_events"":2438,""detectors_checked"":4816,""obs_mistake_mask=E"":4}"
        16,         0,         0,   0.597,exact_mw,b41993e7ca3a4c05067df83ef8f718f9a600cbd2ba374313e90f16e7f7d75967,"{""distance"":7,""physical_error_rate"":0.02}","{""detection_events"":896,""detectors_checked"":9632}"
         8,         5,         0,   0.385,exact_mw,1139365a790276c3ba84287e63684848c12003621d3197abf32cb0073f10eb73,"{""distance"":7,""physical_error_rate"":0.5}","{""detection_events"":2423,""detectors_checked"":4816,""obs_mistake_mask=E"":5}"
        16,         1,         0,   0.790,exact_mw,b41993e7ca3a4c05067df83ef8f718f9a600cbd2ba374313e90f16e7f7d75967,"{""distance"":7,""physical_error_rate"":0.02}","{""detection_events"":854,""detectors_checked"":9632,""obs_mistake_mask=E"":1}"
         8,         2,         0,   0.359,exact_mw,7d64b8fd090c698681db305e92f59b9c863e7db993aba97a5e8c48562d7de8f2,"{""distance"":7,""physical_error_rate"":0.05}","{""detection_events"":926,""detectors_checked"":4816,""obs_mistake_mask=E"":2}"
        32,         0,         0,   0.419,exact_mw,6534c274fb8721060716b040ba5484c43e0fb249b656ad44721a05b8b1f26839,"{""distance"":7,""physical_error_rate"":0.005}","{""detection_events"":446,""detectors_checked"":19264}"
        32,         0,         0,   0.482,exact_mw,6534c274fb8721060716b040ba5484c43e0fb249b656ad44721a05b8b1f26839,"{""distance"":7,""physical_error_rate"":0.005}","{""detection_events"":488,""detectors_checked"":19264}"
      4096,         0,         0,   0.649,exact_mw,09f626b7d1c8765fd231bc36902f9c5557d3909c4644565b971bdb2bfb186061,"{""distance"":7,""physical_error_rate"":0.0005}","{""detection_events"":6004,""detectors_checked"":2465792}"
         8,         1,         0,   0.340,exact_mw,b41993e7ca3a4c05067df83ef8f718f9a600cbd2ba374313e90f16e7f7d75967,"{""distance"":7,""physical_error_rate"":0.02}","{""detection_events"":402,""detectors_checked"":4816,""obs_mistake_mask=E"":1}"
         1,         0,         0,   0.014,exact_mw,8842ec4fe0f86aba00650008f7f408db45344cfb5a30f76b1f2c0fb50a8d5069,"{""distance"":7,""physical_error_rate"":0.002}","{""detection_events"":5,""detectors_checked"":602}"
        16,         0,         0,   0.069,exact_mw,8842ec4fe0f86aba00650008f7f408db45344cfb5a30f76b1f2c0fb50a8d5069,"{""distance"":7,""physical_error_rate"":0.002}","{""detection_events"":65,""detectors_checked"":9632}"
       256,         0,         0,   0.958,exact_mw,8842ec4fe0f86aba00650008f7f408db45344cfb5a30f76b1f2c0fb50a8d5069,"{""distance"":7,""physical_error_rate"":0.002}","{""detection_events"":1475,""detectors_checked"":154112}"
        16,         0,         0,   0.436,exact_mw,f4817e2f6bf0dfc41195700a9244a7f66964db0e79ea1302ca6e9f2465062a32,"{""distance"":7,""physical_error_rate"":0.01}","{""detection_events"":397,""detectors_checked"":9632}"
         8,         2,         0,   0.365,exact_mw,7d64b8fd090c698681db305e92f59b9c863e7db993aba97a5e8c48562d7de8f2,"{""distance"":7,""physical_error_rate"":0.05}","{""detection_events"":984,""detectors_checked"":4816,""obs_mistake_mask=E"":2}"
        16,         0,         0,   0.414,exact_mw,f4817e2f6bf0dfc41195700a9244a7f66964db0e79ea1302ca6e9f2465062a32,"{""distance"":7,""physical_error_rate"":0.01}","{""detection_events"":415,""detectors_checked"":9632}"
       512,         0,         0,   0.401,exact_mw,fe773c48422346d89ea42b7ea8a90aa3034802874175ef2bfbcd9fbedf677903,"{""distance"":7,""physical_error_rate"":0.001}","{""detection_events"":1566,""detectors_checked"":308224}"
        64,         0,         0,   0.896,exact_mw,6534c274fb8721060716b040ba5484c43e0fb249b656ad44721a05b8b1f26839,"{""distance"":7,""physical_error_rate"":0.005}","{""detection_events"":963,""detectors_checked"":38528}"
         1,         0,         0,   0.061,exact_mw,1139365a790276c3ba84287e63684848c12003621d3197abf32cb0073f10eb73,"{""distance"":7,""physical_error_rate"":0.5}","{""detection_events"":311,""detectors_checked"":602}"
       512,         0,         0,   0.545,exact_mw,fe773c48422346d89ea42b7ea8a90aa3034802874175ef2bfbcd9fbedf677903,"{""distance"":7,""physical_error_rate"":0.001}","{""detection_events"":1528,""detectors_checked"":308224}"
       128,         0,         0,   0.594,exact_mw,8842ec4fe0f86aba00650008f7f408db45344cfb5a30f76b1f2c0fb50a8d5069,"{""distance"":7,""physical_error_rate"":0.002}","{""detection_events"":796,""detectors_checked"":77056}"
       128,         0,         0,   0.482,exact_mw,8842ec4fe0f86aba00650008f7f408db45344cfb5a30f76b1f2c0fb50a8d5069,"{""distance"":7,""physical_error_rate"":0.002}","{""detection_events"":816,""detectors_checked"":77056}"
         8,         4,         0,   0.438,exact_mw,7d64b8fd090c698681db305e92f59b9c863e7db993aba97a5e8c48562d7de8f2,"{""distance"":7,""physical_error_rate"":0.05}","{""detection_events"":936,""detectors_checked"":4816,""obs_mistake_mask=E"":4}"
         8,         5,         0,   0.540,exact_mw,71f8db422891223299ae011becf33408912e3bc5d092c7605a1191bb559146e7,"{""distance"":7,""physical_error_rate"":0.2}","{""detection_events"":1997,""detectors_checked"":4816,""obs_mistake_mask=E"":5}"
         8,         3,         0,   0.378,exact_mw,1139365a790276c3ba84287e63684848c12003621d3197abf32cb0073f10eb73,"{""distance"":7,""physical_error_rate"":0.5}","{""detection_events"":2429,""detectors_checked"":4816,""obs_mistake_mask=E"":3}"
         8,         4,         0,   0.443,exact_mw,71f8db422891223299ae011becf33408912e3bc5d092c7605a1191bb559146e7,"{""distance"":7,""physical_error_rate"":0.2}","{""detection_events"":1925,""detectors_checked"":4816,""obs_mistake_mask=E"":4}"
         8,         6,         0,   0.426,exact_mw,1139365a790276c3ba84287e63684848c12003621d3197abf32cb0073f10eb73,"{""distance"":7,""physical_error_rate"":0.5}","{""detection_events"":2391,""detectors_checked"":4816,""obs_mistake_mask=E"":6}"
     92160,         0,         0,    1.11,exact_mw,3793e887e6c3b4d5eff59c5eb9bbee88cf92e7a28a48243659e8f8373a61c55f,"{""distance"":7,""physical_error_rate"":5e-05}","{""detection_events"":13665,""detectors_checked"":55480320}"
         1,         0,         0,   0.067,exact_mw,7d64b8fd090c698681db305e92f59b9c863e7db993aba97a5e8c48562d7de8f2,"{""distance"":7,""physical_error_rate"":0.05}","{""detection_events"":84,""detectors_checked"":602}"
         8,         1,         0,   0.344,exact_mw,b41993e7ca3a4c05067df83ef8f718f9a600cbd2ba374313e90f16e7f7d75967,"{""distance"":7,""physical_error_rate"":0.02}","{""detection_events"":442,""detectors_checked"":4816,""obs_mistake_mask=E"":1}"
        32,         0,         0,   0.473,exact_mw,6534c274fb8721060716b040ba5484c43e0fb249b656ad44721a05b8b1f26839,"{""distance"":7,""physical_error_rate"":0.005}","{""detection_events"":413,""detectors_checked"":19264}"
        16,         0,         0,   0.569,exact_mw,b41993e7ca3a4c05067df83ef8f718f9a600cbd2ba374313e90f16e7f7d75967,"{""distance"":7,""physical_error_rate"":0.02}","{""detection_events"":741,""detectors_checked"":9632}"
         8,         2,         0,   0.362,exact_mw,7d64b8fd090c698681db305e92f59b9c863e7db993aba97a5e8c48562d7de8f2,"{""distance"":7,""physical_error_rate"":0.05}","{""detection_events"":958,""detectors_checked"":4816,""obs_mistake_mask=E"":2}"
        16,         1,         0,   0.418,exact_mw,f4817e2f6bf0dfc41195700a9244a7f66964db0e79ea1302ca6e9f2465062a32,"{""distance"":7,""physical_error_rate"":0.01}","{""detection_events"":417,""detectors_checked"":9632,""obs_mistake_mask=E"":1}"
     45056,         0,         0,    1.11,exact_mw,a6f040f5268ba168f94c6ccce4ff822b1b844608631bba2e2b8dc7ec85b1e503,"{""distance"":7,""physical_error_rate"":0.0002}","{""detection_events"":27023,""detectors_checked"":27123712}"
       512,         0,         0,   0.372,exact_mw,fe773c48422346d89ea42b7ea8a90aa3034802874175ef2bfbcd9fbedf677903,"{""distance"":7,""physical_error_rate"":0.001}","{""detection_events"":1437,""detectors_checked"":308224}"
         8,         2,         0,   0.345,exact_mw,7d64b8fd090c698681db305e92f59b9c863e7db993aba97a5e8c48562d7de8f2,"{""distance"":7,""physical_error_rate"":0.05}","{""detection_events"":870,""detectors_checked"":4816,""obs_mistake_mask=E"":2}"
         8,         0,         0,   0.232,exact_mw,b41993e7ca3a4c05067df83ef8f718f9a600cbd2ba374313e90f16e7f7d75967,"{""distance"":7,""physical_error_rate"":0.02}","{""detection_events"":408,""detectors_checked"":4816}"
         8,         6,         0,   0.418,exact_mw,1139365a790276c3ba84287e63684848c12003621d3197abf32cb0073f10eb73,"{""distance"":7,""physical_error_rate"":0.5}","{""detection_events"":2392,""detectors_checked"":4816,""obs_mistake_mask=E"":6}"
        16,         0,         0,   0.469,exact_mw,f4817e2f6bf0dfc41195700a9244a7f66964db0e79ea1302ca6e9f2465062a32,"{""distance"":7,""physical_error_rate"":0.01}","{""detection_events"":411,""detectors_checked"":9632}"
        16,         0,         0,   0.716,exact_mw,b41993e7ca3a4c05067df83ef8f718f9a600cbd2ba374313e90f16e7f7d75967,"{""distance"":7,""physical_error_rate"":0.02}","{""detection_events"":847,""detectors_checked"":9632}"
         8,         6,         0,   0.388,exact_mw,1139365a790276c3ba84287e63684848c12003621d3197abf32cb0073f10eb73,"{""distance"":7,""physical_error_rate"":0.5}","{""detection_events"":2354,""detectors_checked"":4816,""obs_mistake_mask=E"":6}"
        32,         0,         0,   0.685,exact_mw,6534c274fb8721060716b040ba5484c43e0fb249b656ad44721a05b8b1f26839,"{""distance"":7,""physical_error_rate"":0.005}","{""detection_events"":522,""detectors_checked"":19264}"
        16,         8,         0,   0.721,exact_mw,7d64b8fd090c698681db305e92f59b9c863e7db993aba97a5e8c48562d7de8f2,"{""distance"":7,""physical_error_rate"":0.05}","{""detection_events"":1827,""detectors_checked"":9632,""obs_mistake_mask=E"":8}"
        32,         0,         0,    1.04,exact_mw,f4817e2f6bf0dfc41195700a9244a7f66964db0e79ea1302ca6e9f2465062a32,"{""distance"":7,""physical_error_rate"":0.01}","{""detection_events"":901,""detectors_checked"":19264}"
       128,         0,         0,   0.579,exact_mw,8842ec4fe0f86aba00650008f7f408db45344cfb5a30f76b1f2c0fb50a8d5069,"{""distance"":7,""physical_error_rate"":0.002}","{""detection_events"":756,""detectors_checked"":77056}"
       128,         0,         0,   0.478,exact_mw,8842ec4fe0f86aba00650008f7f408db45344cfb5a30f76b1f2c0fb50a8d5069,"{""distance"":7,""physical_error_rate"":0.002}","{""detection_events"":771,""detectors_checked"":77056}"
       512,         0,         0,   0.555,exact_mw,fe773c48422346d89ea42b7ea8a90aa3034802874175ef2bfbcd9fbedf677903,"{""distance"":7,""physical_error_rate"":0.001}","{""detection_events"":1571,""detectors_checked"":308224}"
         8,         5,         0,   0.415,exact_mw,1139365a790276c3ba84287e63684848c12003621d3197abf32cb0073f10eb73,"{""distance"":7,""physical_error_rate"":0.5}","{""detection_events"":2403,""detectors_checked"":4816,""obs_mistake_mask=E"":5}"
         8,         6,         0,   0.469,exact_mw,71f8db422891223299ae011becf33408912e3bc5d092c7605a1191bb559146e7,"{""distance"":7,""physical_error_rate"":0.2}","{""detection_events"":1964,""detectors_checked"":4816,""obs_mistake_mask=E"":6}"
       128,         0,         0,   0.534,exact_mw,8842ec4fe0f86aba00650008f7f408db45344cfb5a30f76b1f2c0fb50a8d5069,"{""distance"":7,""physical_error_rate"":0.002}","{""detection_events"":754,""detectors_checked"":77056}"
     82944,         0,         0,    1.11,exact_mw,894a5a708293b7bd3951925e43ae0371ba83736430ed1970399611b4deb8498b,"{""distance"":7,""physical_error_rate"":0.0001}","{""detection_events"":24646,""detectors_checked"":49932288}"
         8,         4,         0,   0.344,exact_mw,7d64b8fd090c698681db305e92f59b9c863e7db993aba97a5e8c48562d7de8f2,"{""distance"":7,""physical_error_rate"":0.05}","{""detection_events"":808,""detectors_checked"":4816,""obs_mistake_mask=E"":4}"
     61440,         0,         0,    1.57,exact_mw,a6f040f5268ba168f94c6ccce4ff822b1b844608631bba2e2b8dc7ec85b1e503,"{""distance"":7,""physical_error_rate"":0.0002}","{""detection_events"":36982,""detectors_checked"":36986880}"
      5120,         0,         0,   0.861,exact_mw,09f626b7d1c8765fd231bc36902f9c5557d3909c4644565b971bdb2bfb186061,"{""distance"":7,""physical_error_rate"":0.0005}","{""detection_events"":7781,""detectors_checked"":3082240}"
         8,         2,         0,   0.561,exact_mw,7d64b8fd090c698681db305e92f59b9c863e7db993aba97a5e8c48562d7de8f2,"{""distance"":7,""physical_error_rate"":0.05}","{""detection_events"":910,""detectors_checked"":4816,""obs_mistake_mask=E"":2}"
         8,         1,         0,   0.368,exact_mw,7d64b8fd090c698681db305e92f59b9c863e7db993aba97a5e8c48562d7de8f2,"{""distance"":7,""physical_error_rate"":0.05}","{""detection_events"":835,""detectors_checked"":4816,""obs_mistake_mask=E"":1}"
        32,         0,         0,   0.521,exact_mw,6534c274fb8721060716b040ba5484c43e0fb249b656ad44721a05b8b1f26839,"{""distance"":7,""physical_error_rate"":0.005}","{""detection_events"":485,""detectors_checked"":19264}"
        16,         0,         0,   0.360,exact_mw,f4817e2f6bf0dfc41195700a9244a7f66964db0e79ea1302ca6e9f2465062a32,"{""distance"":7,""physical_error_rate"":0.01}","{""detection_events"":468,""detectors_checked"":9632}"
       512,         0,         0,   0.413,exact_mw,fe773c48422346d89ea42b7ea8a90aa3034802874175ef2bfbcd9fbedf677903,"{""distance"":7,""physical_error_rate"":0.001}","{""detection_events"":1585,""detectors_checked"":308224}"
        16,         0,         0,   0.441,exact_mw,f4817e2f6bf0dfc41195700a9244a7f66964db0e79ea1302ca6e9f2465062a32,"{""distance"":7,""physical_error_rate"":0.01}","{""detection_events"":414,""detectors_checked"":9632}"
       256,         0,         0,   0.896,exact_mw,8842ec4fe0f86aba00650008f7f408db45344cfb5a30f76b1f2c0fb50a8d5069,"{""distance"":7,""physical_error_rate"":0.002}","{""detection_events"":1429,""detectors_checked"":154112}"
         1,         1,         0,   0.065,exact_mw,f9150cfe85f50f836847c36ad2ae87630c9c57ffb089ec5b7bc3bfd70d60b4e6,"{""distance"":7,""physical_error_rate"":0.1}","{""detection_events"":139,""detectors_checked"":602,""obs_mistake_mask=E"":1}"
        16,         0,         0,   0.594,exact_mw,b41993e7ca3a4c05067df83ef8f718f9a600cbd2ba374313e90f16e7f7d75967,"{""distance"":7,""physical_error_rate"":0.02}","{""detection_events"":842,""detectors_checked"":9632}"
         8,         1,         0,   0.390,exact_mw,1139365a790276c3ba84287e63684848c12003621d3197abf32cb0073f10eb73,"{""distance"":7,""physical_error_rate"":0.5}","{""detection_events"":2419,""detectors_checked"":4816,""obs_mistake_mask=E"":1}"
         8,         3,         0,   0.473,exact_mw,1139365a790276c3ba84287e63684848c12003621d3197abf32cb0073f10eb73,"{""distance"":7,""physical_error_rate"":0.5}","{""detection_events"":2420,""detectors_checked"":4816,""obs_mistake_mask=E"":3}"
        64,         2,         0,   0.926,exact_mw,6534c274fb8721060716b040ba5484c43e0fb249b656ad44721a05b8b1f26839,"{""distance"":7,""physical_error_rate"":0.005}","{""detection_events"":951,""detectors_checked"":38528,""obs_mistake_mask=E"":2}"
        32,         0,         0,   0.463,exact_mw,6534c274fb8721060716b040ba5484c43e0fb249b656ad44721a05b8b1f26839,"{""distance"":7,""physical_error_rate"":0.005}","{""detection_events"":452,""detectors_checked"":19264}"
        16,         9,         0,   0.909,exact_mw,71f8db422891223299ae011becf33408912e3bc5d092c7605a1191bb559146e7,"{""distance"":7,""physical_error_rate"":0.2}","{""detection_events"":3952,""detectors_checked"":9632,""obs_mistake_mask=E"":9}"
       128,         0,         0,   0.486,exact_mw,8842ec4fe0f86aba00650008f7f408db45344cfb5a30f76b1f2c0fb50a8d5069,"{""distance"":7,""physical_error_rate"":0.002}","{""detection_events"":663,""detectors_checked"":77056}"
         8,         1,         0,   0.353,exact_mw,7d64b8fd090c698681db305e92f59b9c863e7db993aba97a5e8c48562d7de8f2,"{""distance"":7,""physical_error_rate"":0.05}","{""detection_events"":871,""detectors_checked"":4816,""obs_mistake_mask=E"":1}"
         8,         4,         0,   0.480,exact_mw,71f8db422891223299ae011becf33408912e3bc5d092c7605a1191bb559146e7,"{""distance"":7,""physical_error_rate"":0.2}","{""detection_events"":1950,""detectors_checked"":4816,""obs_mistake_mask=E"":4}"
       128,         0,         0,   0.486,exact_mw,8842ec4fe0f86aba00650008f7f408db45344cfb5a30f76b1f2c0fb50a8d5069,"{""distance"":7,""physical_error_rate"":0.002}","{""detection_events"":772,""detectors_checked"":77056}"
       128,         0,         0,   0.583,exact_mw,8842ec4fe0f86aba00650008f7f408db45344cfb5a30f76b1f2c0fb50a8d5069,"{""distance"":7,""physical_error_rate"":0.002}","{""detection_events"":735,""detectors_checked"":77056}"
        16,         2,         0,   0.673,exact_mw,b41993e7ca3a4c05067df83ef8f718f9a600cbd2ba374313e90f16e7f7d75967,"{""distance"":7,""physical_error_rate"":0.02}","{""detection_events"":868,""detectors_checked"":9632,""obs_mistake_mask=E"":2}"
         8,         1,         0,   0.362,exact_mw,7d64b8fd090c698681db305e92f59b9c863e7db993aba97a5e8c48562d7de8f2,"{""distance"":7,""physical_error_rate"":0.05}","{""detection_events"":860,""detectors_checked"":4816,""obs_mistake_mask=E"":1}"
        16,         1,         0,   0.753,exact_mw,b41993e7ca3a4c05067df83ef8f718f9a600cbd2ba374313e90f16e7f7d75967,"{""distance"":7,""physical_error_rate"":0.02}","{""detection_events"":757,""detectors_checked"":9632,""obs_mistake_mask=E"":1}"
         8,         2,         0,   0.388,exact_mw,1139365a790276c3ba84287e63684848c12003621d3197abf32cb0073f10eb73,"{""distance"":7,""physical_error_rate"":0.5}","{""detection_events"":2452,""detectors_checked"":4816,""obs_mistake_mask=E"":2}"
        16,         4,         0,   0.762,exact_mw,7d64b8fd090c698681db305e92f59b9c863e7db993aba97a5e8c48562d7de8f2,"{""distance"":7,""physical_error_rate"":0.05}","{""detection_events"":1726,""detectors_checked"":9632,""obs_mistake_mask=E"":4}"
        32,         0,         0,   0.473,exact_mw,6534c274fb8721060716b040ba5484c43e0fb249b656ad44721a05b8b1f26839,"{""distance"":7,""physical_error_rate"":0.005}","{""detection_events"":394,""detectors_checked"":19264}"
       512,         0,         0,   0.470,exact_mw,fe773c48422346d89ea42b7ea8a90aa3034802874175ef2bfbcd9fbedf677903,"{""distance"":7,""physical_error_rate"":0.001}","{""detection_events"":1554,""detectors_checked"":308224}"
        16,         0,         0,   0.473,exact_mw,f4817e2f6bf0dfc41195700a9244a7f66964db0e79ea1302ca6e9f2465062a32,"{""distance"":7,""physical_error_rate"":0.01}","{""detection_events"":471,""detectors_checked"":9632}"
         8,         2,         0,   0.579,exact_mw,7d64b8fd090c698681db305e92f59b9c863e7db993aba97a5e8c48562d7de8f2,"{""distance"":7,""physical_error_rate"":0.05}","{""detection_events"":887,""detectors_checked"":4816,""obs_mistake_mask=E"":2}"
         8,         6,         0,   0.446,exact_mw,f9150cfe85f50f836847c36ad2ae87630c9c57ffb089ec5b7bc3bfd70d60b4e6,"{""distance"":7,""physical_error_rate"":0.1}","{""detection_events"":1473,""detectors_checked"":4816,""obs_mistake_mask=E"":6}"
         8,         3,         0,   0.439,exact_mw,1139365a790276c3ba84287e63684848c12003621d3197abf32cb0073f10eb73,"{""distance"":7,""physical_error_rate"":0.5}","{""detection_events"":2365,""detectors_checked"":4816,""obs_mistake_mask=E"":3}"
         1,         0,         0,   0.012,exact_mw,a6f040f5268ba168f94c6ccce4ff822b1b844608631bba2e2b8dc7ec85b1e503,"{""distance"":7,""physical_error_rate"":0.0002}","{""detectors_checked"":602}"
        16,         0,         0,   0.568,exact_mw,f4817e2f6bf0dfc41195700a9244a7f66964db0e79ea1302ca6e9f2465062a32,"{""distance"":7,""physical_error_rate"":0.01}","{""detection_events"":421,""detectors_checked"":9632}"
      1296,         0,         0,   0.024,exact_mw,a6f040f5268ba168f94c6ccce4ff822b1b844608631bba2e2b8dc7ec85b1e503,"{""distance"":7,""physical_error_rate"":0.0002}","{""detection_events"":674,""detectors_checked"":780192}"
      1024,         2,         0,   0.854,exact_mw,fe773c48422346d89ea42b7ea8a90aa3034802874175ef2bfbcd9fbedf677903,"{""distance"":7,""physical_error_rate"":0.001}","{""detection_events"":2947,""detectors_checked"":616448,""obs_mistake_mask=E"":2}"
        32,         1,         0,   0.885,exact_mw,f4817e2f6bf0dfc41195700a9244a7f66964db0e79ea1302ca6e9f2465062a32,"{""distance"":7,""physical_error_rate"":0.01}","{""detection_events"":872,""detectors_checked"":19264,""obs_mistake_mask=E"":1}"
        16,         7,         0,   0.861,exact_mw,1139365a790276c3ba84287e63684848c12003621d3197abf32cb0073f10eb73,"{""distance"":7,""physical_error_rate"":0.5}","{""detection_events"":4876,""detectors_checked"":9632,""obs_mistake_mask=E"":7}"
        16,         2,         0,   0.554,exact_mw,b41993e7ca3a4c05067df83ef8f718f9a600cbd2ba374313e90f16e7f7d75967,"{""distance"":7,""physical_error_rate"":0.02}","{""detection_events"":811,""detectors_checked"":9632,""obs_mistake_mask=E"":2}"
         1,         0,         0,   0.065,exact_mw,71f8db422891223299ae011becf33408912e3bc5d092c7605a1191bb559146e7,"{""distance"":7,""physical_error_rate"":0.2}","{""detection_events"":263,""detectors_checked"":602}"
      2048,         0,         0,   0.047,exact_mw,a6f040f5268ba168f94c6ccce4ff822b1b844608631bba2e2b8dc7ec85b1e503,"{""distance"":7,""physical_error_rate"":0.0002}","{""detection_events"":1248,""detectors_checked"":1232896}"
         8,         2,         0,   0.403,exact_mw,7d64b8fd090c698681db305e92f59b9c863e7db993aba97a5e8c48562d7de8f2,"{""distance"":7,""physical_error_rate"":0.05}","{""detection_events"":998,""detectors_checked"":4816,""obs_mistake_mask=E"":2}"
         8,         5,         0,   0.436,exact_mw,71f8db422891223299ae011becf33408912e3bc5d092c7605a1191bb559146e7,"{""distance"":7,""physical_error_rate"":0.2}","{""detection_events"":1901,""detectors_checked"":4816,""obs_mistake_mask=E"":5}"
      2048,         0,         0,   0.049,exact_mw,a6f040f5268ba168f94c6ccce4ff822b1b844608631bba2e2b8dc7ec85b1e503,"{""distance"":7,""physical_error_rate"":0.0002}","{""detection_events"":1293,""detectors_checked"":1232896}"
         1,         0,         0,   0.014,exact_mw,3793e887e6c3b4d5eff59c5eb9bbee88cf92e7a28a48243659e8f8373a61c55f,"{""distance"":7,""physical_error_rate"":5e-05}","{""detectors_checked"":602}"
       128,         0,         0,   0.495,exact_mw,8842ec4fe0f86aba00650008f7f408db45344cfb5a30f76b1f2c0fb50a8d5069,"{""distance"":7,""physical_error_rate"":0.002}","{""detection_events"":724,""detectors_checked"":77056}"
      2320,         0,         0,   0.025,exact_mw,3793e887e6c3b4d5eff59c5eb9bbee88cf92e7a28a48243659e8f8373a61c55f,"{""distance"":7,""physical_error_rate"":5e-05}","{""detection_events"":355,""detectors_checked"":1396640}"
      3072,         0,         0,   0.055,exact_mw,a6f040f5268ba168f94c6ccce4ff822b1b844608631bba2e2b8dc7ec85b1e503,"{""distance"":7,""physical_error_rate"":0.0002}","{""detection_events"":1805,""detectors_checked"":1849344}"
         1,         0,         0,   0.024,exact_mw,09f626b7d1c8765fd231bc36902f9c5557d3909c4644565b971bdb2bfb186061,"{""distance"":7,""physical_error_rate"":0.0005}","{""detection_events"":6,""detectors_checked"":602}"
      1024,         0,         0,   0.020,exact_mw,3793e887e6c3b4d5eff59c5eb9bbee88cf92e7a28a48243659e8f8373a61c55f,"{""distance"":7,""physical_error_rate"":5e-05}","{""detection_events"":153,""detectors_checked"":616448}"
        32,         0,         0,   0.605,exact_mw,6534c274fb8721060716b040ba5484c43e0fb249b656ad44721a05b8b1f26839,"{""distance"":7,""physical_error_rate"":0.005}","{""detection_events"":501,""detectors_checked"":19264}"
      3072,         0,         0,   0.033,exact_mw,3793e887e6c3b4d5eff59c5eb9bbee88cf92e7a28a48243659e8f8373a61c55f,"{""distance"":7,""physical_error_rate"":5e-05}","{""detection_events"":476,""detectors_checked"":1849344}"
         8,         3,         0,   0.472,exact_mw,7d64b8fd090c698681db305e92f59b9c863e7db993aba97a5e8c48562d7de8f2,"{""distance"":7,""physical_error_rate"":0.05}","{""detection_events"":849,""detectors_checked"":4816,""obs_mistake_mask=E"":3}"
      4096,         0,         0,   0.071,exact_mw,a6f040f5268ba168f94c6ccce4ff822b1b844608631bba2e2b8dc7ec85b1e503,"{""distance"":7,""physical_error_rate"":0.0002}","{""detection_events"":2306,""detectors_checked"":2465792}"
        16,         1,         0,   0.330,exact_mw,f4817e2f6bf0dfc41195700a9244a7f66964db0e79ea1302ca6e9f2465062a32,"{""distance"":7,""physical_error_rate"":0.01}","{""detection_events"":412,""detectors_checked"":9632,""obs_mistake_mask=E"":1}"
      3072,         0,         0,   0.044,exact_mw,3793e887e6c3b4d5eff59c5eb9bbee88cf92e7a28a48243659e8f8373a61c55f,"{""distance"":7,""physical_error_rate"":5e-05}","{""detection_events"":442,""detectors_checked"":1849344}"
       512,         0,         0,   0.343,exact_mw,fe773c48422346d89ea42b7ea8a90aa3034802874175ef2bfbcd9fbedf677903,"{""distance"":7,""physical_error_rate"":0.001}","{""detection_events"":1490,""detectors_checked"":308224}"
         8,         5,         0,   0.386,exact_mw,1139365a790276c3ba84287e63684848c12003621d3197abf32cb0073f10eb73,"{""distance"":7,""physical_error_rate"":0.5}","{""detection_events"":2423,""detectors_checked"":4816,""obs_mistake_mask=E"":5}"
       256,         0,         0,   0.816,exact_mw,8842ec4fe0f86aba00650008f7f408db45344cfb5a30f76b1f2c0fb50a8d5069,"{""distance"":7,""physical_error_rate"":0.002}","{""detection_events"":1418,""detectors_checked"":154112}"
       272,         0,         0,   0.118,exact_mw,09f626b7d1c8765fd231bc36902f9c5557d3909c4644565b971bdb2bfb186061,"{""distance"":7,""physical_error_rate"":0.0005}","{""detection_events"":496,""detectors_checked"":163744}"
       128,         0,         0,   0.627,exact_mw,8842ec4fe0f86aba00650008f7f408db45344cfb5a30f76b1f2c0fb50a8d5069,"{""distance"":7,""physical_error_rate"":0.002}","{""detection_events"":743,""detectors_checked"":77056}"
       128,         0,         0,   0.584,exact_mw,8842ec4fe0f86aba00650008f7f408db45344cfb5a30f76b1f2c0fb50a8d5069,"{""distance"":7,""physical_error_rate"":0.002}","{""detection_events"":744,""detectors_checked"":77056}"
      3072,         0,         0,   0.082,exact_mw,a6f040f5268ba168f94c6ccce4ff822b1b844608631bba2e2b8dc7ec85b1e503,"{""distance"":7,""physical_error_rate"":0.0002}","{""detection_events"":1754,""detectors_checked"":1849344}"
         1,         0,         0,   0.064,exact_mw,1139365a790276c3ba84287e63684848c12003621d3197abf32cb0073f10eb73,"{""distance"":7,""physical_error_rate"":0.5}","{""detection_events"":291,""detectors_checked"":602}"
      5120,         0,         0,   0.071,exact_mw,3793e887e6c3b4d5eff59c5eb9bbee88cf92e7a28a48243659e8f8373a61c55f,"{""distance"":7,""physical_error_rate"":5e-05}","{""detection_events"":775,""detectors_checked"":3082240}"
    131072,         0,         0,    1.55,exact_mw,3793e887e6c3b4d5eff59c5eb9bbee88cf92e7a28a48243659e8f8373a61c55f,"{""distance"":7,""physical_error_rate"":5e-05}","{""detection_events"":19766,""detectors_checked"":78905344}"
        32,         0,         0,   0.464,exact_mw,6534c274fb8721060716b040ba5484c43e0fb249b656ad44721a05b8b1f26839,"{""distance"":7,""physical_error_rate"":0.005}","{""detection_events"":586,""detectors_checked"":19264}"
         1,         0,         0,   0.041,exact_mw,6534c274fb8721060716b040ba5484c43e0fb249b656ad44721a05b8b1f26839,"{""distance"":7,""physical_error_rate"":0.005}","{""detection_events"":16,""detectors_checked"":602}"
      6144,         0,         0,   0.078,exact_mw,3793e887e6c3b4d5eff59c5eb9bbee88cf92e7a28a48243659e8f8373a61c55f,"{""distance"":7,""physical_error_rate"":5e-05}","{""detection_events"":855,""detectors_checked"":3698688}"
         8,         4,         0,   0.451,exact_mw,1139365a790276c3ba84287e63684848c12003621d3197abf32cb0073f10eb73,"{""distance"":7,""physical_error_rate"":0.5}","{""detection_events"":2386,""detectors_checked"":4816,""obs_mistake_mask=E"":4}"
        16,         2,         0,   0.684,exact_mw,b41993e7ca3a4c05067df83ef8f718f9a600cbd2ba374313e90f16e7f7d75967,"{""distance"":7,""physical_error_rate"":0.02}","{""detection_events"":858,""detectors_checked"":9632,""obs_mistake_mask=E"":2}"
         8,         3,         0,   0.488,exact_mw,f9150cfe85f50f836847c36ad2ae87630c9c57ffb089ec5b7bc3bfd70d60b4e6,"{""distance"":7,""physical_error_rate"":0.1}","{""detection_events"":1378,""detectors_checked"":4816,""obs_mistake_mask=E"":3}"
      4096,         0,         0,   0.106,exact_mw,a6f040f5268ba168f94c6ccce4ff822b1b844608631bba2e2b8dc7ec85b1e503,"{""distance"":7,""physical_error_rate"":0.0002}","{""detection_events"":2608,""detectors_checked"":2465792}"
         1,         0,         0,   0.079,exact_mw,f9150cfe85f50f836847c36ad2ae87630c9c57ffb089ec5b7bc3bfd70d60b4e6,"{""distance"":7,""physical_error_rate"":0.1}","{""detection_events"":166,""detectors_checked"":602}"
         8,         1,         0,   0.521,exact_mw,7d64b8fd090c698681db305e92f59b9c863e7db993aba97a5e8c48562d7de8f2,"{""distance"":7,""physical_error_rate"":0.05}","{""detection_events"":962,""detectors_checked"":4816,""obs_mistake_mask=E"":1}"
         1,         0,         0,   0.013,exact_mw,09f626b7d1c8765fd231bc36902f9c5557d3909c4644565b971bdb2bfb186061,"{""distance"":7,""physical_error_rate"":0.0005}","{""detection_events"":2,""detectors_checked"":602}"
      9216,         0,         0,    1.14,exact_mw,09f626b7d1c8765fd231bc36902f9c5557d3909c4644565b971bdb2bfb186061,"{""distance"":7,""physical_error_rate"":0.0005}","{""detection_events"":13185,""detectors_checked"":5548032}"
        64,         0,         0,   0.933,exact_mw,6534c274fb8721060716b040ba5484c43e0fb249b656ad44721a05b8b1f26839,"{""distance"":7,""physical_error_rate"":0.005}","{""detection_events"":918,""detectors_checked"":38528}"
         1,         1,         0,   0.049,exact_mw,f9150cfe85f50f836847c36ad2ae87630c9c57ffb089ec5b7bc3bfd70d60b4e6,"{""distance"":7,""physical_error_rate"":0.1}","{""detection_events"":185,""detectors_checked"":602,""obs_mistake_mask=E"":1}"
      1024,         0,         0,   0.215,exact_mw,09f626b7d1c8765fd231bc36902f9c5557d3909c4644565b971bdb2bfb186061,"{""distance"":7,""physical_error_rate"":0.0005}","{""detection_events"":1441,""detectors_checked"":616448}"
       272,         0,         0,   0.039,exact_mw,09f626b7d1c8765fd231bc36902f9c5557d3909c4644565b971bdb2bfb186061,"{""distance"":7,""physical_error_rate"":0.0005}","{""detection_events"":346,""detectors_checked"":163744}"
         8,         0,         0,   0.126,exact_mw,6534c274fb8721060716b040ba5484c43e0fb249b656ad44721a05b8b1f26839,"{""distance"":7,""physical_error_rate"":0.005}","{""detection_events"":108,""detectors_checked"":4816}"
      9216,         0,         0,   0.111,exact_mw,3793e887e6c3b4d5eff59c5eb9bbee88cf92e7a28a48243659e8f8373a61c55f,"{""distance"":7,""physical_error_rate"":5e-05}","{""detection_events"":1344,""detectors_checked"":5548032}"
         8,         4,         0,   0.475,exact_mw,71f8db422891223299ae011becf33408912e3bc5d092c7605a1191bb559146e7,"{""distance"":7,""physical_error_rate"":0.2}","{""detection_events"":1940,""detectors_checked"":4816,""obs_mistake_mask=E"":4}"
         8,         2,         0,   0.434,exact_mw,71f8db422891223299ae011becf33408912e3bc5d092c7605a1191bb559146e7,"{""distance"":7,""physical_error_rate"":0.2}","{""detection_events"":1964,""detectors_checked"":4816,""obs_mistake_mask=E"":2}"
        16,         8,         0,   0.894,exact_mw,71f8db422891223299ae011becf33408912e3bc5d092c7605a1191bb559146e7,"{""distance"":7,""physical_error_rate"":0.2}","{""detection_events"":3941,""detectors_checked"":9632,""obs_mistake_mask=E"":8}"
         8,         3,         0,   0.486,exact_mw,7d64b8fd090c698681db305e92f59b9c863e7db993aba97a5e8c48562d7de8f2,"{""distance"":7,""physical_error_rate"":0.05}","{""detection_events"":958,""detectors_checked"":4816,""obs_mistake_mask=E"":3}"
        16,         0,         0,   0.712,exact_mw,b41993e7ca3a4c05067df83ef8f718f9a600cbd2ba374313e90f16e7f7d75967,"{""distance"":7,""physical_error_rate"":0.02}","{""detection_events"":806,""detectors_checked"":9632}"
        16,         0,         0,   0.314,exact_mw,f4817e2f6bf0dfc41195700a9244a7f66964db0e79ea1302ca6e9f2465062a32,"{""distance"":7,""physical_error_rate"":0.01}","{""detection_events"":421,""detectors_checked"":9632}"
        16,         0,         0,   0.509,exact_mw,b41993e7ca3a4c05067df83ef8f718f9a600cbd2ba374313e90f16e7f7d75967,"{""distance"":7,""physical_error_rate"":0.02}","{""detection_events"":878,""detectors_checked"":9632}"
     74752,         0,         0,    1.55,exact_mw,a6f040f5268ba168f94c6ccce4ff822b1b844608631bba2e2b8dc7ec85b1e503,"{""distance"":7,""physical_error_rate"":0.0002}","{""detection_events"":44157,""detectors_checked"":45000704}"
         1,         1,         0,   0.095,exact_mw,71f8db422891223299ae011becf33408912e3bc5d092c7605a1191bb559146e7,"{""distance"":7,""physical_error_rate"":0.2}","{""detection_events"":251,""detectors_checked"":602,""obs_mistake_mask=E"":1}"
       512,         0,         0,   0.331,exact_mw,fe773c48422346d89ea42b7ea8a90aa3034802874175ef2bfbcd9fbedf677903,"{""distance"":7,""physical_error_rate"":0.001}","{""detection_events"":1504,""detectors_checked"":308224}"
      6144,         0,         0,   0.160,exact_mw,a6f040f5268ba168f94c6ccce4ff822b1b844608631bba2e2b8dc7ec85b1e503,"{""distance"":7,""physical_error_rate"":0.0002}","{""detection_events"":3996,""detectors_checked"":3698688}"
         8,         0,         0,   0.363,exact_mw,7d64b8fd090c698681db305e92f59b9c863e7db993aba97a5e8c48562d7de8f2,"{""distance"":7,""physical_error_rate"":0.05}","{""detection_events"":898,""detectors_checked"":4816}"
      1024,         0,         0,   0.111,exact_mw,09f626b7d1c8765fd231bc36902f9c5557d3909c4644565b971bdb2bfb186061,"{""distance"":7,""physical_error_rate"":0.0005}","{""detection_events"":1410,""detectors_checked"":616448}"
        32,         0,         0,   0.423,exact_mw,6534c274fb8721060716b040ba5484c43e0fb249b656ad44721a05b8b1f26839,"{""distance"":7,""physical_error_rate"":0.005}","{""detection_events"":435,""detectors_checked"":19264}"
         1,         0,         0,   0.050,exact_mw,b41993e7ca3a4c05067df83ef8f718f9a600cbd2ba374313e90f16e7f7d75967,"{""distance"":7,""physical_error_rate"":0.02}","{""detection_events"":50,""detectors_checked"":602}"
     13312,         0,         0,   0.160,exact_mw,3793e887e6c3b4d5eff59c5eb9bbee88cf92e7a28a48243659e8f8373a61c55f,"{""distance"":7,""physical_error_rate"":5e-05}","{""detection_events"":1800,""detectors_checked"":8013824}"
      1024,         0,         0,   0.187,exact_mw,09f626b7d1c8765fd231bc36902f9c5557d3909c4644565b971bdb2bfb186061,"{""distance"":7,""physical_error_rate"":0.0005}","{""detection_events"":1530,""detectors_checked"":616448}"
         4,         2,         0,   0.263,exact_mw,f9150cfe85f50f836847c36ad2ae87630c9c57ffb089ec5b7bc3bfd70d60b4e6,"{""distance"":7,""physical_error_rate"":0.1}","{""detection_events"":706,""detectors_checked"":2408,""obs_mistake_mask=E"":2}"
       128,         0,         0,   0.621,exact_mw,8842ec4fe0f86aba00650008f7f408db45344cfb5a30f76b1f2c0fb50a8d5069,"{""distance"":7,""physical_error_rate"":0.002}","{""detection_events"":845,""detectors_checked"":77056}"
     11264,         0,         0,   0.207,exact_mw,a6f040f5268ba168f94c6ccce4ff822b1b844608631bba2e2b8dc7ec85b1e503,"{""distance"":7,""physical_error_rate"":0.0002}","{""detection_events"":6513,""detectors_checked"":6780928}"
    119808,         0,         0,    1.56,exact_mw,894a5a708293b7bd3951925e43ae0371ba83736430ed1970399611b4deb8498b,"{""distance"":7,""physical_error_rate"":0.0001}","{""detection_events"":35459,""detectors_checked"":72124416}"
       128,         0,         0,   0.501,exact_mw,8842ec4fe0f86aba00650008f7f408db45344cfb5a30f76b1f2c0fb50a8d5069,"{""distance"":7,""physical_error_rate"":0.002}","{""detection_events"":739,""detectors_checked"":77056}"
      1024,         0,         0,   0.208,exact_mw,09f626b7d1c8765fd231bc36902f9c5557d3909c4644565b971bdb2bfb186061,"{""distance"":7,""physical_error_rate"":0.0005}","{""detection_events"":1468,""detectors_checked"":616448}"
       128,         0,         0,   0.508,exact_mw,8842ec4fe0f86aba00650008f7f408db45344cfb5a30f76b1f2c0fb50a8d5069,"{""distance"":7,""physical_error_rate"":0.002}","{""detection_events"":723,""detectors_checked"":77056}"
         1,         0,         0,   0.062,exact_mw,f9150cfe85f50f836847c36ad2ae87630c9c57ffb089ec5b7bc3bfd70d60b4e6,"{""distance"":7,""physical_error_rate"":0.1}","{""detection_events"":160,""detectors_checked"":602}"
         8,         3,         0,   0.302,exact_mw,71f8db422891223299ae011becf33408912e3bc5d092c7605a1191bb559146e7,"{""distance"":7,""physical_error_rate"":0.2}","{""detection_events"":1939,""detectors_checked"":4816,""obs_mistake_mask=E"":3}"
         8,         5,         0,   0.521,exact_mw,1139365a790276c3ba84287e63684848c12003621d3197abf32cb0073f10eb73,"{""distance"":7,""physical_error_rate"":0.5}","{""detection_events"":2396,""detectors_checked"":4816,""obs_mistake_mask=E"":5}"
         1,         0,         0,   0.014,exact_mw,a6f040f5268ba168f94c6ccce4ff822b1b844608631bba2e2b8dc7ec85b1e503,"{""distance"":7,""physical_error_rate"":0.0002}","{""detectors_checked"":602}"
      1024,         0,         0,   0.168,exact_mw,09f626b7d1c8765fd231bc36902f9c5557d3909c4644565b971bdb2bfb186061,"{""distance"":7,""physical_error_rate"":0.0005}","{""detection_events"":1363,""detectors_checked"":616448}"
      1296,         0,         0,   0.024,exact_mw,a6f040f5268ba168f94c6ccce4ff822b1b844608631bba2e2b8dc7ec85b1e503,"{""distance"":7,""physical_error_rate"":0.0002}","{""detection_events"":669,""detectors_checked"":780192}"
         8,         0,         0,   0.243,exact_mw,b41993e7ca3a4c05067df83ef8f718f9a600cbd2ba374313e90f16e7f7d75967,"{""distance"":7,""physical_error_rate"":0.02}","{""detection_events"":356,""detectors_checked"":4816}"
         4,         1,         0,   0.304,exact_mw,71f8db422891223299ae011becf33408912e3bc5d092c7605a1191bb559146e7,"{""distance"":7,""physical_error_rate"":0.2}","{""detection_events"":959,""detectors_checked"":2408,""obs_mistake_mask=E"":1}"
        32,         0,         0,   0.888,exact_mw,f4817e2f6bf0dfc41195700a9244a7f66964db0e79ea1302ca6e9f2465062a32,"{""distance"":7,""physical_error_rate"":0.01}","{""detection_events"":948,""detectors_checked"":19264}"
     16384,         0,         0,   0.193,exact_mw,3793e887e6c3b4d5eff59c5eb9bbee88cf92e7a28a48243659e8f8373a61c55f,"{""distance"":7,""physical_error_rate"":5e-05}","{""detection_events"":2421,""detectors_checked"":9863168}"
         8,         1,         0,   0.465,exact_mw,f9150cfe85f50f836847c36ad2ae87630c9c57ffb089ec5b7bc3bfd70d60b4e6,"{""distance"":7,""physical_error_rate"":0.1}","{""detection_events"":1379,""detectors_checked"":4816,""obs_mistake_mask=E"":1}"
         8,         3,         0,   0.479,exact_mw,1139365a790276c3ba84287e63684848c12003621d3197abf32cb0073f10eb73,"{""distance"":7,""physical_error_rate"":0.5}","{""detection_events"":2432,""detectors_checked"":4816,""obs_mistake_mask=E"":3}"
       512,         0,         0,   0.340,exact_mw,fe773c48422346d89ea42b7ea8a90aa3034802874175ef2bfbcd9fbedf677903,"{""distance"":7,""physical_error_rate"":0.001}","{""detection_events"":1401,""detectors_checked"":308224}"
         8,         3,         0,   0.380,exact_mw,7d64b8fd090c698681db305e92f59b9c863e7db993aba97a5e8c48562d7de8f2,"{""distance"":7,""physical_error_rate"":0.05}","{""detection_events"":923,""detectors_checked"":4816,""obs_mistake_mask=E"":3}"
         8,         0,         0,   0.336,exact_mw,7d64b8fd090c698681db305e92f59b9c863e7db993aba97a5e8c48562d7de8f2,"{""distance"":7,""physical_error_rate"":0.05}","{""detection_events"":908,""detectors_checked"":4816}"
      2048,         0,         0,   0.066,exact_mw,a6f040f5268ba168f94c6ccce4ff822b1b844608631bba2e2b8dc7ec85b1e503,"{""distance"":7,""physical_error_rate"":0.0002}","{""detection_events"":1321,""detectors_checked"":1232896}"
      1024,         0,         0,   0.937,exact_mw,fe773c48422346d89ea42b7ea8a90aa3034802874175ef2bfbcd9fbedf677903,"{""distance"":7,""physical_error_rate"":0.001}","{""detection_events"":3148,""detectors_checked"":616448}"
         1,         0,         0,   0.011,exact_mw,09f626b7d1c8765fd231bc36902f9c5557d3909c4644565b971bdb2bfb186061,"{""distance"":7,""physical_error_rate"":0.0005}","{""detectors_checked"":602}"
        16,         0,         0,   0.538,exact_mw,b41993e7ca3a4c05067df83ef8f718f9a600cbd2ba374313e90f16e7f7d75967,"{""distance"":7,""physical_error_rate"":0.02}","{""detection_events"":745,""detectors_checked"":9632}"
         8,         3,         0,   0.468,exact_mw,f9150cfe85f50f836847c36ad2ae87630c9c57ffb089ec5b7bc3bfd70d60b4e6,"{""distance"":7,""physical_error_rate"":0.1}","{""detection_events"":1442,""detectors_checked"":4816,""obs_mistake_mask=E"":3}"
        32,         1,         0,   0.624,exact_mw,6534c274fb8721060716b040ba5484c43e0fb249b656ad44721a05b8b1f26839,"{""distance"":7,""physical_error_rate"":0.005}","{""detection_events"":461,""detectors_checked"":19264,""obs_mistake_mask=E"":1}"
         8,         4,         0,   0.535,exact_mw,7d64b8fd090c698681db305e92f59b9c863e7db993aba97a5e8c48562d7de8f2,"{""distance"":7,""physical_error_rate"":0.05}","{""detection_events"":913,""detectors_checked"":4816,""obs_mistake_mask=E"":4}"
      2048,         0,         0,   0.048,exact_mw,a6f040f5268ba168f94c6ccce4ff822b1b844608631bba2e2b8dc7ec85b1e503,"{""distance"":7,""physical_error_rate"":0.0002}","{""detection_events"":1268,""detectors_checked"":1232896}"
       272,         0,         0,   0.032,exact_mw,09f626b7d1c8765fd231bc36902f9c5557d3909c4644565b971bdb2bfb186061,"{""distance"":7,""physical_error_rate"":0.0005}","{""detection_events"":448,""detectors_checked"":163744}"
         8,         3,         0,   0.473,exact_mw,71f8db422891223299ae011becf33408912e3bc5d092c7605a1191bb559146e7,"{""distance"":7,""physical_error_rate"":0.2}","{""detection_events"":1965,""detectors_checked"":4816,""obs_mistake_mask=E"":3}"
      1024,         0,         0,   0.146,exact_mw,09f626b7d1c8765fd231bc36902f9c5557d3909c4644565b971bdb2bfb186061,"{""distance"":7,""physical_error_rate"":0.0005}","{""detection_events"":1466,""detectors_checked"":616448}"
        16,         0,         0,   0.467,exact_mw,f4817e2f6bf0dfc41195700a9244a7f66964db0e79ea1302ca6e9f2465062a32,"{""distance"":7,""physical_error_rate"":0.01}","{""detection_events"":406,""detectors_checked"":9632}"
        24,         7,         0,    1.14,exact_mw,7d64b8fd090c698681db305e92f59b9c863e7db993aba97a5e8c48562d7de8f2,"{""distance"":7,""physical_error_rate"":0.05}","{""detection_events"":2742,""detectors_checked"":14448,""obs_mistake_mask=E"":7}"
        32,         0,         0,   0.518,exact_mw,6534c274fb8721060716b040ba5484c43e0fb249b656ad44721a05b8b1f26839,"{""distance"":7,""physical_error_rate"":0.005}","{""detection_events"":384,""detectors_checked"":19264}"
        16,         9,         0,   0.769,exact_mw,1139365a790276c3ba84287e63684848c12003621d3197abf32cb0073f10eb73,"{""distance"":7,""physical_error_rate"":0.5}","{""detection_events"":4743,""detectors_checked"":9632,""obs_mistake_mask=E"":9}"
      2048,         0,         0,   0.053,exact_mw,a6f040f5268ba168f94c6ccce4ff822b1b844608631bba2e2b8dc7ec85b1e503,"{""distance"":7,""physical_error_rate"":0.0002}","{""detection_events"":1136,""detectors_checked"":1232896}"
      1024,         0,         0,   0.233,exact_mw,09f626b7d1c8765fd231bc36902f9c5557d3909c4644565b971bdb2bfb186061,"{""distance"":7,""physical_error_rate"":0.0005}","{""detection_events"":1487,""detectors_checked"":616448}"
         8,         5,         0,   0.216,exact_mw,71f8db422891223299ae011becf33408912e3bc5d092c7605a1191bb559146e7,"{""distance"":7,""physical_error_rate"":0.2}","{""detection_events"":1939,""detectors_checked"":4816,""obs_mistake_mask=E"":5}"
        32,         1,         0,    1.04,exact_mw,f4817e2f6bf0dfc41195700a9244a7f66964db0e79ea1302ca6e9f2465062a32,"{""distance"":7,""physical_error_rate"":0.01}","{""detection_events"":959,""detectors_checked"":19264,""obs_mistake_mask=E"":1}"
        16,         0,         0,   0.517,exact_mw,b41993e7ca3a4c05067df83ef8f718f9a600cbd2ba374313e90f16e7f7d75967,"{""distance"":7,""physical_error_rate"":0.02}","{""detection_events"":781,""detectors_checked"":9632}"
         1,         0,         0,   0.001,exact_mw,3793e887e6c3b4d5eff59c5eb9bbee88cf92e7a28a48243659e8f8373a61c55f,"{""distance"":7,""physical_error_rate"":5e-05}","{""detectors_checked"":602}"
         1,         0,         0,   0.018,exact_mw,894a5a708293b7bd3951925e43ae0371ba83736430ed1970399611b4deb8498b,"{""distance"":7,""physical_error_rate"":0.0001}","{""detectors_checked"":602}"
     10240,         0,         0,   0.292,exact_mw,a6f040f5268ba168f94c6ccce4ff822b1b844608631bba2e2b8dc7ec85b1e503,"{""distance"":7,""physical_error_rate"":0.0002}","{""detection_events"":5910,""detectors_checked"":6164480}"
      3072,         0,         0,   0.054,exact_mw,a6f040f5268ba168f94c6ccce4ff822b1b844608631bba2e2b8dc7ec85b1e503,"{""distance"":7,""physical_error_rate"":0.0002}","{""detection_events"":1932,""detectors_checked"":1849344}"
      1296,         0,         0,   0.021,exact_mw,894a5a708293b7bd3951925e43ae0371ba83736430ed1970399611b4deb8498b,"{""distance"":7,""physical_error_rate"":0.0001}","{""detection_events"":414,""detectors_checked"":780192}"
      2320,         0,         0,   0.024,exact_mw,3793e887e6c3b4d5eff59c5eb9bbee88cf92e7a28a48243659e8f8373a61c55f,"{""distance"":7,""physical_error_rate"":5e-05}","{""detection_events"":355,""detectors_checked"":1396640}"
         8,         4,         0,   0.422,exact_mw,f9150cfe85f50f836847c36ad2ae87630c9c57ffb089ec5b7bc3bfd70d60b4e6,"{""distance"":7,""physical_error_rate"":0.1}","{""detection_events"":1374,""detectors_checked"":4816,""obs_mistake_mask=E"":4}"
      2048,         0,         0,   0.026,exact_mw,3793e887e6c3b4d5eff59c5eb9bbee88cf92e7a28a48243659e8f8373a61c55f,"{""distance"":7,""physical_error_rate"":5e-05}","{""detection_events"":287,""detectors_checked"":1232896}"
        32,         0,         0,   0.516,exact_mw,6534c274fb8721060716b040ba5484c43e0fb249b656ad44721a05b8b1f26839,"{""distance"":7,""physical_error_rate"":0.005}","{""detection_events"":512,""detectors_checked"":19264}"
      2048,         0,         0,   0.037,exact_mw,894a5a708293b7bd3951925e43ae0371ba83736430ed1970399611b4deb8498b,"{""distance"":7,""physical_error_rate"":0.0001}","{""detection_events"":503,""detectors_checked"":1232896}"
      2048,         0,         0,   0.031,exact_mw,894a5a708293b7bd3951925e43ae0371ba83736430ed1970399611b4deb8498b,"{""distance"":7,""physical_error_rate"":0.0001}","{""detection_events"":557,""detectors_checked"":1232896}"
      3072,         0,         0,   0.045,exact_mw,3793e887e6c3b4d5eff59c5eb9bbee88cf92e7a28a48243659e8f8373a61c55f,"{""distance"":7,""physical_error_rate"":5e-05}","{""detection_events"":404,""detectors_checked"":1849344}"
      4096,         0,         0,   0.095,exact_mw,a6f040f5268ba168f94c6ccce4ff822b1b844608631bba2e2b8dc7ec85b1e503,"{""distance"":7,""physical_error_rate"":0.0002}","{""detection_events"":2460,""detectors_checked"":2465792}"
      1024,         0,         0,   0.197,exact_mw,09f626b7d1c8765fd231bc36902f9c5557d3909c4644565b971bdb2bfb186061,"{""distance"":7,""physical_error_rate"":0.0005}","{""detection_events"":1488,""detectors_checked"":616448}"
     22528,         0,         0,   0.311,exact_mw,3793e887e6c3b4d5eff59c5eb9bbee88cf92e7a28a48243659e8f8373a61c55f,"{""distance"":7,""physical_error_rate"":5e-05}","{""detection_events"":3344,""detectors_checked"":13561856}"
         4,         2,         0,   0.321,exact_mw,71f8db422891223299ae011becf33408912e3bc5d092c7605a1191bb559146e7,"{""distance"":7,""physical_error_rate"":0.2}","{""detection_events"":1009,""detectors_checked"":2408,""obs_mistake_mask=E"":2}"
      2048,         0,         0,   0.031,exact_mw,894a5a708293b7bd3951925e43ae0371ba83736430ed1970399611b4deb8498b,"{""distance"":7,""physical_error_rate"":0.0001}","{""detection_events"":652,""detectors_checked"":1232896}"
        17,         0,         0,   0.012,exact_mw,09f626b7d1c8765fd231bc36902f9c5557d3909c4644565b971bdb2bfb186061,"{""distance"":7,""physical_error_rate"":0.0005}","{""detection_events"":42,""detectors_checked"":10234}"
      4096,         0,         0,   0.052,exact_mw,3793e887e6c3b4d5eff59c5eb9bbee88cf92e7a28a48243659e8f8373a61c55f,"{""distance"":7,""physical_error_rate"":5e-05}","{""detection_events"":562,""detectors_checked"":2465792}"
      1024,         0,         0,   0.229,exact_mw,09f626b7d1c8765fd231bc36902f9c5557d3909c4644565b971bdb2bfb186061,"{""distance"":7,""physical_error_rate"":0.0005}","{""detection_events"":1550,""detectors_checked"":616448}"
      1024,         0,         0,   0.192,exact_mw,09f626b7d1c8765fd231bc36902f9c5557d3909c4644565b971bdb2bfb186061,"{""distance"":7,""physical_error_rate"":0.0005}","{""detection_events"":1420,""detectors_checked"":616448}"
        24,        13,         0,    1.21,exact_mw,1139365a790276c3ba84287e63684848c12003621d3197abf32cb0073f10eb73,"{""distance"":7,""physical_error_rate"":0.5}","{""detection_events"":7188,""detectors_checked"":14448,""obs_mistake_mask=E"":13}"
       128,         0,         0,   0.435,exact_mw,8842ec4fe0f86aba00650008f7f408db45344cfb5a30f76b1f2c0fb50a8d5069,"{""distance"":7,""physical_error_rate"":0.002}","{""detection_events"":785,""detectors_checked"":77056}"
         1,         0,         0,   0.013,exact_mw,8842ec4fe0f86aba00650008f7f408db45344cfb5a30f76b1f2c0fb50a8d5069,"{""distance"":7,""physical_error_rate"":0.002}","{""detection_events"":13,""detectors_checked"":602}"
      3072,         0,         0,   0.058,exact_mw,894a5a708293b7bd3951925e43ae0371ba83736430ed1970399611b4deb8498b,"{""distance"":7,""physical_error_rate"":0.0001}","{""detection_events"":804,""detectors_checked"":1849344}"
         8,         2,         0,   0.353,exact_mw,7d64b8fd090c698681db305e92f59b9c863e7db993aba97a5e8c48562d7de8f2,"{""distance"":7,""physical_error_rate"":0.05}","{""detection_events"":922,""detectors_checked"":4816,""obs_mistake_mask=E"":2}"
      4096,         0,         0,   0.109,exact_mw,a6f040f5268ba168f94c6ccce4ff822b1b844608631bba2e2b8dc7ec85b1e503,"{""distance"":7,""physical_error_rate"":0.0002}","{""detection_events"":2431,""detectors_checked"":2465792}"
        16,         0,         0,   0.026,exact_mw,8842ec4fe0f86aba00650008f7f408db45344cfb5a30f76b1f2c0fb50a8d5069,"{""distance"":7,""physical_error_rate"":0.002}","{""detection_events"":60,""detectors_checked"":9632}"
        16,         0,         0,   0.763,exact_mw,b41993e7ca3a4c05067df83ef8f718f9a600cbd2ba374313e90f16e7f7d75967,"{""distance"":7,""physical_error_rate"":0.02}","{""detection_events"":850,""detectors_checked"":9632}"
      5120,         0,         0,   0.059,exact_mw,3793e887e6c3b4d5eff59c5eb9bbee88cf92e7a28a48243659e8f8373a61c55f,"{""distance"":7,""physical_error_rate"":5e-05}","{""detection_events"":694,""detectors_checked"":3082240}"
       256,         0,         0,   0.093,exact_mw,09f626b7d1c8765fd231bc36902f9c5557d3909c4644565b971bdb2bfb186061,"{""distance"":7,""physical_error_rate"":0.0005}","{""detection_events"":392,""detectors_checked"":154112}"
       256,         0,         0,    1.05,exact_mw,8842ec4fe0f86aba00650008f7f408db45344cfb5a30f76b1f2c0fb50a8d5069,"{""distance"":7,""physical_error_rate"":0.002}","{""detection_events"":1548,""detectors_checked"":154112}"
       128,         1,         0,   0.518,exact_mw,8842ec4fe0f86aba00650008f7f408db45344cfb5a30f76b1f2c0fb50a8d5069,"{""distance"":7,""physical_error_rate"":0.002}","{""detection_events"":715,""detectors_checked"":77056,""obs_mistake_mask=E"":1}"
         8,         4,         0,   0.444,exact_mw,1139365a790276c3ba84287e63684848c12003621d3197abf32cb0073f10eb73,"{""distance"":7,""physical_error_rate"":0.5}","{""detection_events"":2454,""detectors_checked"":4816,""obs_mistake_mask=E"":4}"
      4096,         0,         0,   0.085,exact_mw,894a5a708293b7bd3951925e43ae0371ba83736430ed1970399611b4deb8498b,"{""distance"":7,""physical_error_rate"":0.0001}","{""detection_events"":1176,""detectors_checked"":2465792}"
      6144,         0,         0,   0.072,exact_mw,3793e887e6c3b4d5eff59c5eb9bbee88cf92e7a28a48243659e8f8373a61c55f,"{""distance"":7,""physical_error_rate"":5e-05}","{""detection_events"":846,""detectors_checked"":3698688}"
      1024,         0,         0,   0.192,exact_mw,09f626b7d1c8765fd231bc36902f9c5557d3909c4644565b971bdb2bfb186061,"{""distance"":7,""physical_error_rate"":0.0005}","{""detection_events"":1549,""detectors_checked"":616448}"
      1024,         0,         0,   0.169,exact_mw,09f626b7d1c8765fd231bc36902f9c5557d3909c4644565b971bdb2bfb186061,"{""distance"":7,""physical_error_rate"":0.0005}","{""detection_events"":1518,""detectors_checked"":616448}"
        64,         0,         0,   0.947,exact_mw,6534c274fb8721060716b040ba5484c43e0fb249b656ad44721a05b8b1f26839,"{""distance"":7,""physical_error_rate"":0.005}","{""detection_events"":896,""detectors_checked"":38528}"
      1024,         0,         0,   0.167,exact_mw,09f626b7d1c8765fd231bc36902f9c5557d3909c4644565b971bdb2bfb186061,"{""distance"":7,""physical_error_rate"":0.0005}","{""detection_events"":1485,""detectors_checked"":616448}"
         8,         4,         0,   0.590,exact_mw,f9150cfe85f50f836847c36ad2ae87630c9c57ffb089ec5b7bc3bfd70d60b4e6,"{""distance"":7,""physical_error_rate"":0.1}","{""detection_events"":1416,""detectors_checked"":4816,""obs_mistake_mask=E"":4}"
         8,         5,         0,   0.457,exact_mw,f9150cfe85f50f836847c36ad2ae87630c9c57ffb089ec5b7bc3bfd70d60b4e6,"{""distance"":7,""physical_error_rate"":0.1}","{""detection_events"":1429,""detectors_checked"":4816,""obs_mistake_mask=E"":5}"
         8,         4,         0,   0.584,exact_mw,1139365a790276c3ba84287e63684848c12003621d3197abf32cb0073f10eb73,"{""distance"":7,""physical_error_rate"":0.5}","{""detection_events"":2380,""detectors_checked"":4816,""obs_mistake_mask=E"":4}"
         8,         3,         0,   0.508,exact_mw,7d64b8fd090c698681db305e92f59b9c863e7db993aba97a5e8c48562d7de8f2,"{""distance"":7,""physical_error_rate"":0.05}","{""detection_events"":872,""detectors_checked"":4816,""obs_mistake_mask=E"":3}"
      6144,         0,         0,   0.147,exact_mw,a6f040f5268ba168f94c6ccce4ff822b1b844608631bba2e2b8dc7ec85b1e503,"{""distance"":7,""physical_error_rate"":0.0002}","{""detection_events"":3872,""detectors_checked"":3698688}"
        32,         0,         0,   0.435,exact_mw,6534c274fb8721060716b040ba5484c43e0fb249b656ad44721a05b8b1f26839,"{""distance"":7,""physical_error_rate"":0.005}","{""detection_events"":487,""detectors_checked"":19264}"
        16,         5,         0,   0.410,exact_mw,71f8db422891223299ae011becf33408912e3bc5d092c7605a1191bb559146e7,"{""distance"":7,""physical_error_rate"":0.2}","{""detection_events"":3925,""detectors_checked"":9632,""obs_mistake_mask=E"":5}"
        32,         0,         0,   0.496,exact_mw,6534c274fb8721060716b040ba5484c43e0fb249b656ad44721a05b8b1f26839,"{""distance"":7,""physical_error_rate"":0.005}","{""detection_events"":388,""detectors_checked"":19264}"
         8,         3,         0,   0.594,exact_mw,f9150cfe85f50f836847c36ad2ae87630c9c57ffb089ec5b7bc3bfd70d60b4e6,"{""distance"":7,""physical_error_rate"":0.1}","{""detection_events"":1375,""detectors_checked"":4816,""obs_mistake_mask=E"":3}"
      6144,         0,         0,   0.110,exact_mw,894a5a708293b7bd3951925e43ae0371ba83736430ed1970399611b4deb8498b,"{""distance"":7,""physical_error_rate"":0.0001}","{""detection_events"":1665,""detectors_checked"":3698688}"
        16,         1,         0,   0.617,exact_mw,b41993e7ca3a4c05067df83ef8f718f9a600cbd2ba374313e90f16e7f7d75967,"{""distance"":7,""physical_error_rate"":0.02}","{""detection_events"":836,""detectors_checked"":9632,""obs_mistake_mask=E"":1}"
      9216,         0,         0,   0.108,exact_mw,3793e887e6c3b4d5eff59c5eb9bbee88cf92e7a28a48243659e8f8373a61c55f,"{""distance"":7,""physical_error_rate"":5e-05}","{""detection_events"":1339,""detectors_checked"":5548032}"
         8,         2,         0,   0.510,exact_mw,7d64b8fd090c698681db305e92f59b9c863e7db993aba97a5e8c48562d7de8f2,"{""distance"":7,""physical_error_rate"":0.05}","{""detection_events"":917,""detectors_checked"":4816,""obs_mistake_mask=E"":2}"
         8,         5,         0,   0.492,exact_mw,71f8db422891223299ae011becf33408912e3bc5d092c7605a1191bb559146e7,"{""distance"":7,""physical_error_rate"":0.2}","{""detection_events"":1950,""detectors_checked"":4816,""obs_mistake_mask=E"":5}"
     18432,         0,         0,   0.412,exact_mw,a6f040f5268ba168f94c6ccce4ff822b1b844608631bba2e2b8dc7ec85b1e503,"{""distance"":7,""physical_error_rate"":0.0002}","{""detection_events"":10816,""detectors_checked"":11096064}"
     90112,         0,         0,    2.19,exact_mw,a6f040f5268ba168f94c6ccce4ff822b1b844608631bba2e2b8dc7ec85b1e503,"{""distance"":7,""physical_error_rate"":0.0002}","{""detection_events"":53078,""detectors_checked"":54247424}"
         8,         4,         0,   0.391,exact_mw,f9150cfe85f50f836847c36ad2ae87630c9c57ffb089ec5b7bc3bfd70d60b4e6,"{""distance"":7,""physical_error_rate"":0.1}","{""detection_events"":1452,""detectors_checked"":4816,""obs_mistake_mask=E"":4}"
         4,         1,         0,   0.326,exact_mw,71f8db422891223299ae011becf33408912e3bc5d092c7605a1191bb559146e7,"{""distance"":7,""physical_error_rate"":0.2}","{""detection_events"":981,""detectors_checked"":2408,""obs_mistake_mask=E"":1}"
      1024,         0,         0,   0.215,exact_mw,09f626b7d1c8765fd231bc36902f9c5557d3909c4644565b971bdb2bfb186061,"{""distance"":7,""physical_error_rate"":0.0005}","{""detection_events"":1466,""detectors_checked"":616448}"
      1024,         0,         0,   0.157,exact_mw,09f626b7d1c8765fd231bc36902f9c5557d3909c4644565b971bdb2bfb186061,"{""distance"":7,""physical_error_rate"":0.0005}","{""detection_events"":1490,""detectors_checked"":616448}"
      1024,         0,         0,   0.185,exact_mw,09f626b7d1c8765fd231bc36902f9c5557d3909c4644565b971bdb2bfb186061,"{""distance"":7,""physical_error_rate"":0.0005}","{""detection_events"":1678,""detectors_checked"":616448}"
        32,         0,         0,   0.467,exact_mw,6534c274fb8721060716b040ba5484c43e0fb249b656ad44721a05b8b1f26839,"{""distance"":7,""physical_error_rate"":0.005}","{""detection_events"":439,""detectors_checked"":19264}"
        16,         3,         0,   0.637,exact_mw,b41993e7ca3a4c05067df83ef8f718f9a600cbd2ba374313e90f16e7f7d75967,"{""distance"":7,""physical_error_rate"":0.02}","{""detection_events"":871,""detectors_checked"":9632,""obs_mistake_mask=E"":3}"
      1024,         0,         0,   0.189,exact_mw,09f626b7d1c8765fd231bc36902f9c5557d3909c4644565b971bdb2bfb186061,"{""distance"":7,""physical_error_rate"":0.0005}","{""detection_events"":1608,""detectors_checked"":616448}"
     24576,         0,         0,   0.386,exact_mw,3793e887e6c3b4d5eff59c5eb9bbee88cf92e7a28a48243659e8f8373a61c55f,"{""distance"":7,""physical_error_rate"":5e-05}","{""detection_events"":3510,""detectors_checked"":14794752}"
      1024,         0,         0,   0.707,exact_mw,fe773c48422346d89ea42b7ea8a90aa3034802874175ef2bfbcd9fbedf677903,"{""distance"":7,""physical_error_rate"":0.001}","{""detection_events"":2954,""detectors_checked"":616448}"
      1024,         0,         0,   0.107,exact_mw,09f626b7d1c8765fd231bc36902f9c5557d3909c4644565b971bdb2bfb186061,"{""distance"":7,""physical_error_rate"":0.0005}","{""detection_events"":1359,""detectors_checked"":616448}"
     12288,         0,         0,   0.155,exact_mw,3793e887e6c3b4d5eff59c5eb9bbee88cf92e7a28a48243659e8f8373a61c55f,"{""distance"":7,""physical_error_rate"":5e-05}","{""detection_events"":1921,""detectors_checked"":7397376}"
      8192,         0,         0,   0.167,exact_mw,894a5a708293b7bd3951925e43ae0371ba83736430ed1970399611b4deb8498b,"{""distance"":7,""physical_error_rate"":0.0001}","{""detection_events"":2613,""detectors_checked"":4931584}"
        16,         1,         0,   0.583,exact_mw,b41993e7ca3a4c05067df83ef8f718f9a600cbd2ba374313e90f16e7f7d75967,"{""distance"":7,""physical_error_rate"":0.02}","{""detection_events"":918,""detectors_checked"":9632,""obs_mistake_mask=E"":1}"
      7168,         0,         0,   0.215,exact_mw,a6f040f5268ba168f94c6ccce4ff822b1b844608631bba2e2b8dc7ec85b1e503,"{""distance"":7,""physical_error_rate"":0.0002}","{""detection_events"":4239,""detectors_checked"":4315136}"
       256,         0,         0,   0.923,exact_mw,8842ec4fe0f86aba00650008f7f408db45344cfb5a30f76b1f2c0fb50a8d5069,"{""distance"":7,""physical_error_rate"":0.002}","{""detection_events"":1636,""detectors_checked"":154112}"
      1024,         0,         0,   0.158,exact_mw,09f626b7d1c8765fd231bc36902f9c5557d3909c4644565b971bdb2bfb186061,"{""distance"":7,""physical_error_rate"":0.0005}","{""detection_events"":1529,""detectors_checked"":616448}"
      1297,         0,         0,   0.010,exact_mw,3793e887e6c3b4d5eff59c5eb9bbee88cf92e7a28a48243659e8f8373a61c55f,"{""distance"":7,""physical_error_rate"":5e-05}","{""detection_events"":161,""detectors_checked"":780794}"
      2048,         0,         0,   0.020,exact_mw,3793e887e6c3b4d5eff59c5eb9bbee88cf92e7a28a48243659e8f8373a61c55f,"{""distance"":7,""physical_error_rate"":5e-05}","{""detection_events"":287,""detectors_checked"":1232896}"
      1024,         0,         0,   0.107,exact_mw,09f626b7d1c8765fd231bc36902f9c5557d3909c4644565b971bdb2bfb186061,"{""distance"":7,""physical_error_rate"":0.0005}","{""detection_events"":1489,""detectors_checked"":616448}"
      2048,         0,         0,   0.025,exact_mw,3793e887e6c3b4d5eff59c5eb9bbee88cf92e7a28a48243659e8f8373a61c55f,"{""distance"":7,""physical_error_rate"":5e-05}","{""detection_events"":287,""detectors_checked"":1232896}"
         8,         4,         0,   0.345,exact_mw,7d64b8fd090c698681db305e92f59b9c863e7db993aba97a5e8c48562d7de8f2,"{""distance"":7,""physical_error_rate"":0.05}","{""detection_events"":901,""detectors_checked"":4816,""obs_mistake_mask=E"":4}"
         8,         3,         0,   0.436,exact_mw,1139365a790276c3ba84287e63684848c12003621d3197abf32cb0073f10eb73,"{""distance"":7,""physical_error_rate"":0.5}","{""detection_events"":2448,""detectors_checked"":4816,""obs_mistake_mask=E"":3}"
        16,         9,         0,   0.760,exact_mw,1139365a790276c3ba84287e63684848c12003621d3197abf32cb0073f10eb73,"{""distance"":7,""physical_error_rate"":0.5}","{""detection_events"":4786,""detectors_checked"":9632,""obs_mistake_mask=E"":9}"
      1024,         0,         0,   0.193,exact_mw,09f626b7d1c8765fd231bc36902f9c5557d3909c4644565b971bdb2bfb186061,"{""distance"":7,""physical_error_rate"":0.0005}","{""detection_events"":1401,""detectors_checked"":616448}"
      3072,         0,         0,   0.045,exact_mw,3793e887e6c3b4d5eff59c5eb9bbee88cf92e7a28a48243659e8f8373a61c55f,"{""distance"":7,""physical_error_rate"":5e-05}","{""detection_events"":423,""detectors_checked"":1849344}"
        24,        10,         0,    1.30,exact_mw,71f8db422891223299ae011becf33408912e3bc5d092c7605a1191bb559146e7,"{""distance"":7,""physical_error_rate"":0.2}","{""detection_events"":5948,""detectors_checked"":14448,""obs_mistake_mask=E"":10}"
      3072,         0,         0,   0.032,exact_mw,3793e887e6c3b4d5eff59c5eb9bbee88cf92e7a28a48243659e8f8373a61c55f,"{""distance"":7,""physical_error_rate"":5e-05}","{""detection_events"":553,""detectors_checked"":1849344}"
         8,         2,         0,   0.417,exact_mw,f9150cfe85f50f836847c36ad2ae87630c9c57ffb089ec5b7bc3bfd70d60b4e6,"{""distance"":7,""physical_error_rate"":0.1}","{""detection_events"":1518,""detectors_checked"":4816,""obs_mistake_mask=E"":2}"
         4,         2,         0,   0.322,exact_mw,71f8db422891223299ae011becf33408912e3bc5d092c7605a1191bb559146e7,"{""distance"":7,""physical_error_rate"":0.2}","{""detection_events"":1001,""detectors_checked"":2408,""obs_mistake_mask=E"":2}"
        32,         1,         0,   0.780,exact_mw,f4817e2f6bf0dfc41195700a9244a7f66964db0e79ea1302ca6e9f2465062a32,"{""distance"":7,""physical_error_rate"":0.01}","{""detection_events"":893,""detectors_checked"":19264,""obs_mistake_mask=E"":1}"
     17408,         0,         0,   0.210,exact_mw,3793e887e6c3b4d5eff59c5eb9bbee88cf92e7a28a48243659e8f8373a61c55f,"{""distance"":7,""physical_error_rate"":5e-05}","{""detection_events"":2503,""detectors_checked"":10479616}"
      1024,         0,         0,   0.159,exact_mw,09f626b7d1c8765fd231bc36902f9c5557d3909c4644565b971bdb2bfb186061,"{""distance"":7,""physical_error_rate"":0.0005}","{""detection_events"":1691,""detectors_checked"":616448}"
        32,         0,         0,   0.985,exact_mw,f4817e2f6bf0dfc41195700a9244a7f66964db0e79ea1302ca6e9f2465062a32,"{""distance"":7,""physical_error_rate"":0.01}","{""detection_events"":950,""detectors_checked"":19264}"
     11264,         0,         0,   0.195,exact_mw,894a5a708293b7bd3951925e43ae0371ba83736430ed1970399611b4deb8498b,"{""distance"":7,""physical_error_rate"":0.0001}","{""detection_events"":3189,""detectors_checked"":6780928}"
      2048,         0,         0,   0.260,exact_mw,09f626b7d1c8765fd231bc36902f9c5557d3909c4644565b971bdb2bfb186061,"{""distance"":7,""physical_error_rate"":0.0005}","{""detection_events"":2849,""detectors_checked"":1232896}"
        32,         0,         0,   0.863,exact_mw,f4817e2f6bf0dfc41195700a9244a7f66964db0e79ea1302ca6e9f2465062a32,"{""distance"":7,""physical_error_rate"":0.01}","{""detection_events"":811,""detectors_checked"":19264}"
      4096,         0,         0,   0.057,exact_mw,3793e887e6c3b4d5eff59c5eb9bbee88cf92e7a28a48243659e8f8373a61c55f,"{""distance"":7,""physical_error_rate"":5e-05}","{""detection_events"":598,""detectors_checked"":2465792}"
         8,         2,         0,   0.473,exact_mw,1139365a790276c3ba84287e63684848c12003621d3197abf32cb0073f10eb73,"{""distance"":7,""physical_error_rate"":0.5}","{""detection_events"":2460,""detectors_checked"":4816,""obs_mistake_mask=E"":2}"
        17,         0,         0,   0.011,exact_mw,fe773c48422346d89ea42b7ea8a90aa3034802874175ef2bfbcd9fbedf677903,"{""distance"":7,""physical_error_rate"":0.001}","{""detection_events"":56,""detectors_checked"":10234}"
       128,         0,         0,   0.597,exact_mw,8842ec4fe0f86aba00650008f7f408db45344cfb5a30f76b1f2c0fb50a8d5069,"{""distance"":7,""physical_error_rate"":0.002}","{""detection_events"":768,""detectors_checked"":77056}"
         8,         1,         0,   0.455,exact_mw,f9150cfe85f50f836847c36ad2ae87630c9c57ffb089ec5b7bc3bfd70d60b4e6,"{""distance"":7,""physical_error_rate"":0.1}","{""detection_events"":1372,""detectors_checked"":4816,""obs_mistake_mask=E"":1}"
        32,         0,         0,   0.472,exact_mw,6534c274fb8721060716b040ba5484c43e0fb249b656ad44721a05b8b1f26839,"{""distance"":7,""physical_error_rate"":0.005}","{""detection_events"":420,""detectors_checked"":19264}"
     11264,         0,         0,   0.289,exact_mw,a6f040f5268ba168f94c6ccce4ff822b1b844608631bba2e2b8dc7ec85b1e503,"{""distance"":7,""physical_error_rate"":0.0002}","{""detection_events"":6522,""detectors_checked"":6780928}"
      1024,         0,         0,   0.116,exact_mw,09f626b7d1c8765fd231bc36902f9c5557d3909c4644565b971bdb2bfb186061,"{""distance"":7,""physical_error_rate"":0.0005}","{""detection_events"":1399,""detectors_checked"":616448}"
         1,         0,         0,   0.073,exact_mw,71f8db422891223299ae011becf33408912e3bc5d092c7605a1191bb559146e7,"{""distance"":7,""physical_error_rate"":0.2}","{""detection_events"":221,""detectors_checked"":602}"
        16,         7,         0,   0.697,exact_mw,7d64b8fd090c698681db305e92f59b9c863e7db993aba97a5e8c48562d7de8f2,"{""distance"":7,""physical_error_rate"":0.05}","{""detection_events"":1751,""detectors_checked"":9632,""obs_mistake_mask=E"":7}"
      6144,         0,         0,   0.094,exact_mw,3793e887e6c3b4d5eff59c5eb9bbee88cf92e7a28a48243659e8f8373a61c55f,"{""distance"":7,""physical_error_rate"":5e-05}","{""detection_events"":874,""detectors_checked"":3698688}"
         8,         4,         0,   0.578,exact_mw,f9150cfe85f50f836847c36ad2ae87630c9c57ffb089ec5b7bc3bfd70d60b4e6,"{""distance"":7,""physical_error_rate"":0.1}","{""detection_events"":1384,""detectors_checked"":4816,""obs_mistake_mask=E"":4}"
         8,         2,         0,   0.510,exact_mw,7d64b8fd090c698681db305e92f59b9c863e7db993aba97a5e8c48562d7de8f2,"{""distance"":7,""physical_error_rate"":0.05}","{""detection_events"":840,""detectors_checked"":4816,""obs_mistake_mask=E"":2}"
         8,         3,         0,   0.511,exact_mw,f9150cfe85f50f836847c36ad2ae87630c9c57ffb089ec5b7bc3bfd70d60b4e6,"{""distance"":7,""physical_error_rate"":0.1}","{""detection_events"":1439,""detectors_checked"":4816,""obs_mistake_mask=E"":3}"
      1024,         0,         0,   0.261,exact_mw,09f626b7d1c8765fd231bc36902f9c5557d3909c4644565b971bdb2bfb186061,"{""distance"":7,""physical_error_rate"":0.0005}","{""detection_events"":1506,""detectors_checked"":616448}"
     11264,         0,         0,    1.59,exact_mw,09f626b7d1c8765fd231bc36902f9c5557d3909c4644565b971bdb2bfb186061,"{""distance"":7,""physical_error_rate"":0.0005}","{""detection_events"":16761,""detectors_checked"":6780928}"
         8,         3,         0,   0.563,exact_mw,71f8db422891223299ae011becf33408912e3bc5d092c7605a1191bb559146e7,"{""distance"":7,""physical_error_rate"":0.2}","{""detection_events"":1985,""detectors_checked"":4816,""obs_mistake_mask=E"":3}"
        16,         0,         0,   0.755,exact_mw,b41993e7ca3a4c05067df83ef8f718f9a600cbd2ba374313e90f16e7f7d75967,"{""distance"":7,""physical_error_rate"":0.02}","{""detection_events"":794,""detectors_checked"":9632}"
      1536,         0,         0,    1.13,exact_mw,fe773c48422346d89ea42b7ea8a90aa3034802874175ef2bfbcd9fbedf677903,"{""distance"":7,""physical_error_rate"":0.001}","{""detection_events"":4447,""detectors_checked"":924672}"
     24576,         0,         0,   0.572,exact_mw,a6f040f5268ba168f94c6ccce4ff822b1b844608631bba2e2b8dc7ec85b1e503,"{""distance"":7,""physical_error_rate"":0.0002}","{""detection_events"":14402,""detectors_checked"":14794752}"
      2048,         0,         0,   0.294,exact_mw,09f626b7d1c8765fd231bc36902f9c5557d3909c4644565b971bdb2bfb186061,"{""distance"":7,""physical_error_rate"":0.0005}","{""detection_events"":3022,""detectors_checked"":1232896}"
      9216,         0,         0,   0.110,exact_mw,3793e887e6c3b4d5eff59c5eb9bbee88cf92e7a28a48243659e8f8373a61c55f,"{""distance"":7,""physical_error_rate"":5e-05}","{""detection_events"":1388,""detectors_checked"":5548032}"
        32,         0,         0,   0.655,exact_mw,6534c274fb8721060716b040ba5484c43e0fb249b656ad44721a05b8b1f26839,"{""distance"":7,""physical_error_rate"":0.005}","{""detection_events"":472,""detectors_checked"":19264}"
       256,         0,         0,   0.220,exact_mw,fe773c48422346d89ea42b7ea8a90aa3034802874175ef2bfbcd9fbedf677903,"{""distance"":7,""physical_error_rate"":0.001}","{""detection_events"":676,""detectors_checked"":154112}"
      2048,         0,         0,   0.266,exact_mw,09f626b7d1c8765fd231bc36902f9c5557d3909c4644565b971bdb2bfb186061,"{""distance"":7,""physical_error_rate"":0.0005}","{""detection_events"":3180,""detectors_checked"":1232896}"
     24576,         0,         0,   0.307,exact_mw,3793e887e6c3b4d5eff59c5eb9bbee88cf92e7a28a48243659e8f8373a61c55f,"{""distance"":7,""physical_error_rate"":5e-05}","{""detection_events"":3858,""detectors_checked"":14794752}"
     15360,         0,         0,   0.298,exact_mw,894a5a708293b7bd3951925e43ae0371ba83736430ed1970399611b4deb8498b,"{""distance"":7,""physical_error_rate"":0.0001}","{""detection_events"":4548,""detectors_checked"":9246720}"
         4,         2,         0,   0.322,exact_mw,71f8db422891223299ae011becf33408912e3bc5d092c7605a1191bb559146e7,"{""distance"":7,""physical_error_rate"":0.2}","{""detection_events"":967,""detectors_checked"":2408,""obs_mistake_mask=E"":2}"
     39936,         0,         0,   0.558,exact_mw,3793e887e6c3b4d5eff59c5eb9bbee88cf92e7a28a48243659e8f8373a61c55f,"{""distance"":7,""physical_error_rate"":5e-05}","{""detection_events"":6146,""detectors_checked"":24041472}"
        16,         0,         0,   0.576,exact_mw,b41993e7ca3a4c05067df83ef8f718f9a600cbd2ba374313e90f16e7f7d75967,"{""distance"":7,""physical_error_rate"":0.02}","{""detection_events"":875,""detectors_checked"":9632}"
        16,         3,         0,   0.710,exact_mw,b41993e7ca3a4c05067df83ef8f718f9a600cbd2ba374313e90f16e7f7d75967,"{""distance"":7,""physical_error_rate"":0.02}","{""detection_events"":914,""detectors_checked"":9632,""obs_mistake_mask=E"":3}"
      1024,         0,         0,   0.179,exact_mw,09f626b7d1c8765fd231bc36902f9c5557d3909c4644565b971bdb2bfb186061,"{""distance"":7,""physical_error_rate"":0.0005}","{""detection_events"":1427,""detectors_checked"":616448}"
      2048,         0,         0,   0.233,exact_mw,09f626b7d1c8765fd231bc36902f9c5557d3909c4644565b971bdb2bfb186061,"{""distance"":7,""physical_error_rate"":0.0005}","{""detection_events"":3313,""detectors_checked"":1232896}"
         8,         5,         0,   0.467,exact_mw,1139365a790276c3ba84287e63684848c12003621d3197abf32cb0073f10eb73,"{""distance"":7,""physical_error_rate"":0.5}","{""detection_events"":2393,""detectors_checked"":4816,""obs_mistake_mask=E"":5}"
     12288,         0,         0,   0.143,exact_mw,3793e887e6c3b4d5eff59c5eb9bbee88cf92e7a28a48243659e8f8373a61c55f,"{""distance"":7,""physical_error_rate"":5e-05}","{""detection_events"":1879,""detectors_checked"":7397376}"
         8,         5,         0,   0.438,exact_mw,f9150cfe85f50f836847c36ad2ae87630c9c57ffb089ec5b7bc3bfd70d60b4e6,"{""distance"":7,""physical_error_rate"":0.1}","{""detection_events"":1395,""detectors_checked"":4816,""obs_mistake_mask=E"":5}"
       256,         0,         0,    1.07,exact_mw,8842ec4fe0f86aba00650008f7f408db45344cfb5a30f76b1f2c0fb50a8d5069,"{""distance"":7,""physical_error_rate"":0.002}","{""detection_events"":1443,""detectors_checked"":154112}"
         8,         4,         0,   0.418,exact_mw,1139365a790276c3ba84287e63684848c12003621d3197abf32cb0073f10eb73,"{""distance"":7,""physical_error_rate"":0.5}","{""detection_events"":2405,""detectors_checked"":4816,""obs_mistake_mask=E"":4}"
        16,         9,         0,   0.871,exact_mw,71f8db422891223299ae011becf33408912e3bc5d092c7605a1191bb559146e7,"{""distance"":7,""physical_error_rate"":0.2}","{""detection_events"":3985,""detectors_checked"":9632,""obs_mistake_mask=E"":9}"
         8,         5,         0,   0.425,exact_mw,f9150cfe85f50f836847c36ad2ae87630c9c57ffb089ec5b7bc3bfd70d60b4e6,"{""distance"":7,""physical_error_rate"":0.1}","{""detection_events"":1314,""detectors_checked"":4816,""obs_mistake_mask=E"":5}"
     18432,         0,         0,   0.421,exact_mw,a6f040f5268ba168f94c6ccce4ff822b1b844608631bba2e2b8dc7ec85b1e503,"{""distance"":7,""physical_error_rate"":0.0002}","{""detection_events"":10832,""detectors_checked"":11096064}"
         8,         3,         0,   0.397,exact_mw,71f8db422891223299ae011becf33408912e3bc5d092c7605a1191bb559146e7,"{""distance"":7,""physical_error_rate"":0.2}","{""detection_events"":2018,""detectors_checked"":4816,""obs_mistake_mask=E"":3}"
       256,         0,         0,    1.07,exact_mw,8842ec4fe0f86aba00650008f7f408db45344cfb5a30f76b1f2c0fb50a8d5069,"{""distance"":7,""physical_error_rate"":0.002}","{""detection_events"":1459,""detectors_checked"":154112}"
         8,         6,         0,   0.401,exact_mw,f9150cfe85f50f836847c36ad2ae87630c9c57ffb089ec5b7bc3bfd70d60b4e6,"{""distance"":7,""physical_error_rate"":0.1}","{""detection_events"":1397,""detectors_checked"":4816,""obs_mistake_mask=E"":6}"
        16,         3,         0,   0.666,exact_mw,7d64b8fd090c698681db305e92f59b9c863e7db993aba97a5e8c48562d7de8f2,"{""distance"":7,""physical_error_rate"":0.05}","{""detection_events"":1789,""detectors_checked"":9632,""obs_mistake_mask=E"":3}"
        24,        13,         0,    1.22,exact_mw,1139365a790276c3ba84287e63684848c12003621d3197abf32cb0073f10eb73,"{""distance"":7,""physical_error_rate"":0.5}","{""detection_events"":7231,""detectors_checked"":14448,""obs_mistake_mask=E"":13}"
       512,         0,         0,   0.334,exact_mw,fe773c48422346d89ea42b7ea8a90aa3034802874175ef2bfbcd9fbedf677903,"{""distance"":7,""physical_error_rate"":0.001}","{""detection_events"":1383,""detectors_checked"":308224}"
       128,         0,         0,   0.534,exact_mw,8842ec4fe0f86aba00650008f7f408db45344cfb5a30f76b1f2c0fb50a8d5069,"{""distance"":7,""physical_error_rate"":0.002}","{""detection_events"":737,""detectors_checked"":77056}"
         4,         2,         0,   0.308,exact_mw,71f8db422891223299ae011becf33408912e3bc5d092c7605a1191bb559146e7,"{""distance"":7,""physical_error_rate"":0.2}","{""detection_events"":1019,""detectors_checked"":2408,""obs_mistake_mask=E"":2}"
        32,        13,         0,    1.46,exact_mw,7d64b8fd090c698681db305e92f59b9c863e7db993aba97a5e8c48562d7de8f2,"{""distance"":7,""physical_error_rate"":0.05}","{""detection_events"":3587,""detectors_checked"":19264,""obs_mistake_mask=E"":13}"
     16384,         0,         0,   0.226,exact_mw,3793e887e6c3b4d5eff59c5eb9bbee88cf92e7a28a48243659e8f8373a61c55f,"{""distance"":7,""physical_error_rate"":5e-05}","{""detection_events"":2361,""detectors_checked"":9863168}"
    182272,         0,         0,    2.17,exact_mw,3793e887e6c3b4d5eff59c5eb9bbee88cf92e7a28a48243659e8f8373a61c55f,"{""distance"":7,""physical_error_rate"":5e-05}","{""detection_events"":26912,""detectors_checked"":109727744}"
         8,         2,         0,   0.495,exact_mw,7d64b8fd090c698681db305e92f59b9c863e7db993aba97a5e8c48562d7de8f2,"{""distance"":7,""physical_error_rate"":0.05}","{""detection_events"":865,""detectors_checked"":4816,""obs_mistake_mask=E"":2}"
      1024,         0,         0,   0.897,exact_mw,fe773c48422346d89ea42b7ea8a90aa3034802874175ef2bfbcd9fbedf677903,"{""distance"":7,""physical_error_rate"":0.001}","{""detection_events"":2997,""detectors_checked"":616448}"
        64,         0,         0,    1.12,exact_mw,6534c274fb8721060716b040ba5484c43e0fb249b656ad44721a05b8b1f26839,"{""distance"":7,""physical_error_rate"":0.005}","{""detection_events"":1039,""detectors_checked"":38528}"
         8,         4,         0,   0.467,exact_mw,71f8db422891223299ae011becf33408912e3bc5d092c7605a1191bb559146e7,"{""distance"":7,""physical_error_rate"":0.2}","{""detection_events"":2027,""detectors_checked"":4816,""obs_mistake_mask=E"":4}"
        32,         0,         0,   0.605,exact_mw,6534c274fb8721060716b040ba5484c43e0fb249b656ad44721a05b8b1f26839,"{""distance"":7,""physical_error_rate"":0.005}","{""detection_events"":453,""detectors_checked"":19264}"
      1024,         0,         0,   0.349,exact_mw,09f626b7d1c8765fd231bc36902f9c5557d3909c4644565b971bdb2bfb186061,"{""distance"":7,""physical_error_rate"":0.0005}","{""detection_events"":1523,""detectors_checked"":616448}"
      3072,         0,         0,   0.455,exact_mw,09f626b7d1c8765fd231bc36902f9c5557d3909c4644565b971bdb2bfb186061,"{""distance"":7,""physical_error_rate"":0.0005}","{""detection_events"":4535,""detectors_checked"":1849344}"
      2048,         0,         0,   0.348,exact_mw,09f626b7d1c8765fd231bc36902f9c5557d3909c4644565b971bdb2bfb186061,"{""distance"":7,""physical_error_rate"":0.0005}","{""detection_events"":2938,""detectors_checked"":1232896}"
     32768,         0,         0,   0.404,exact_mw,3793e887e6c3b4d5eff59c5eb9bbee88cf92e7a28a48243659e8f8373a61c55f,"{""distance"":7,""physical_error_rate"":5e-05}","{""detection_events"":4728,""detectors_checked"":19726336}"
     19456,         0,         0,   0.411,exact_mw,894a5a708293b7bd3951925e43ae0371ba83736430ed1970399611b4deb8498b,"{""distance"":7,""physical_error_rate"":0.0001}","{""detection_events"":5824,""detectors_checked"":11712512}"
      3072,         0,         0,   0.455,exact_mw,09f626b7d1c8765fd231bc36902f9c5557d3909c4644565b971bdb2bfb186061,"{""distance"":7,""physical_error_rate"":0.0005}","{""detection_events"":4619,""detectors_checked"":1849344}"
         8,         5,         0,   0.589,exact_mw,f9150cfe85f50f836847c36ad2ae87630c9c57ffb089ec5b7bc3bfd70d60b4e6,"{""distance"":7,""physical_error_rate"":0.1}","{""detection_events"":1425,""detectors_checked"":4816,""obs_mistake_mask=E"":5}"
        32,         0,         0,   0.497,exact_mw,6534c274fb8721060716b040ba5484c43e0fb249b656ad44721a05b8b1f26839,"{""distance"":7,""physical_error_rate"":0.005}","{""detection_events"":440,""detectors_checked"":19264}"
         8,         4,         0,   0.411,exact_mw,1139365a790276c3ba84287e63684848c12003621d3197abf32cb0073f10eb73,"{""distance"":7,""physical_error_rate"":0.5}","{""detection_events"":2394,""detectors_checked"":4816,""obs_mistake_mask=E"":4}"
        64,         1,         0,    1.07,exact_mw,6534c274fb8721060716b040ba5484c43e0fb249b656ad44721a05b8b1f26839,"{""distance"":7,""physical_error_rate"":0.005}","{""detection_events"":990,""detectors_checked"":38528,""obs_mistake_mask=E"":1}"
         8,         7,         0,   0.397,exact_mw,f9150cfe85f50f836847c36ad2ae87630c9c57ffb089ec5b7bc3bfd70d60b4e6,"{""distance"":7,""physical_error_rate"":0.1}","{""detection_events"":1355,""detectors_checked"":4816,""obs_mistake_mask=E"":7}"
       256,         0,         0,    1.40,exact_mw,8842ec4fe0f86aba00650008f7f408db45344cfb5a30f76b1f2c0fb50a8d5069,"{""distance"":7,""physical_error_rate"":0.002}","{""detection_events"":1503,""detectors_checked"":154112}"
        16,         5,         0,   0.697,exact_mw,7d64b8fd090c698681db305e92f59b9c863e7db993aba97a5e8c48562d7de8f2,"{""distance"":7,""physical_error_rate"":0.05}","{""detection_events"":1765,""detectors_checked"":9632,""obs_mistake_mask=E"":5}"
      1024,         0,         0,   0.165,exact_mw,09f626b7d1c8765fd231bc36902f9c5557d3909c4644565b971bdb2bfb186061,"{""distance"":7,""physical_error_rate"":0.0005}","{""detection_events"":1536,""detectors_checked"":616448}"
         8,         4,         0,   0.386,exact_mw,1139365a790276c3ba84287e63684848c12003621d3197abf32cb0073f10eb73,"{""distance"":7,""physical_error_rate"":0.5}","{""detection_events"":2444,""detectors_checked"":4816,""obs_mistake_mask=E"":4}"
        16,         1,         0,   0.659,exact_mw,b41993e7ca3a4c05067df83ef8f718f9a600cbd2ba374313e90f16e7f7d75967,"{""distance"":7,""physical_error_rate"":0.02}","{""detection_events"":830,""detectors_checked"":9632,""obs_mistake_mask=E"":1}"
        16,         1,         0,   0.552,exact_mw,b41993e7ca3a4c05067df83ef8f718f9a600cbd2ba374313e90f16e7f7d75967,"{""distance"":7,""physical_error_rate"":0.02}","{""detection_events"":867,""detectors_checked"":9632,""obs_mistake_mask=E"":1}"
        32,         0,         0,    1.08,exact_mw,b41993e7ca3a4c05067df83ef8f718f9a600cbd2ba374313e90f16e7f7d75967,"{""distance"":7,""physical_error_rate"":0.02}","{""detection_events"":1668,""detectors_checked"":19264}"
         8,         3,         0,   0.388,exact_mw,f9150cfe85f50f836847c36ad2ae87630c9c57ffb089ec5b7bc3bfd70d60b4e6,"{""distance"":7,""physical_error_rate"":0.1}","{""detection_events"":1372,""detectors_checked"":4816,""obs_mistake_mask=E"":3}"
    100352,         1,         0,    2.19,exact_mw,a6f040f5268ba168f94c6ccce4ff822b1b844608631bba2e2b8dc7ec85b1e503,"{""distance"":7,""physical_error_rate"":0.0002}","{""detection_events"":59724,""detectors_checked"":60411904,""obs_mistake_mask=E"":1}"
         8,         3,         0,   0.391,exact_mw,71f8db422891223299ae011becf33408912e3bc5d092c7605a1191bb559146e7,"{""distance"":7,""physical_error_rate"":0.2}","{""detection_events"":1942,""detectors_checked"":4816,""obs_mistake_mask=E"":3}"
       512,         0,         0,   0.337,exact_mw,fe773c48422346d89ea42b7ea8a90aa3034802874175ef2bfbcd9fbedf677903,"{""distance"":7,""physical_error_rate"":0.001}","{""detection_events"":1413,""detectors_checked"":308224}"
       256,         0,         0,    1.11,exact_mw,8842ec4fe0f86aba00650008f7f408db45344cfb5a30f76b1f2c0fb50a8d5069,"{""distance"":7,""physical_error_rate"":0.002}","{""detection_events"":1353,""detectors_checked"":154112}"
        32,         0,         0,   0.904,exact_mw,f4817e2f6bf0dfc41195700a9244a7f66964db0e79ea1302ca6e9f2465062a32,"{""distance"":7,""physical_error_rate"":0.01}","{""detection_events"":837,""detectors_checked"":19264}"
     16384,         0,         0,   0.287,exact_mw,3793e887e6c3b4d5eff59c5eb9bbee88cf92e7a28a48243659e8f8373a61c55f,"{""distance"":7,""physical_error_rate"":5e-05}","{""detection_events"":2509,""detectors_checked"":9863168}"
         4,         2,         0,   0.329,exact_mw,71f8db422891223299ae011becf33408912e3bc5d092c7605a1191bb559146e7,"{""distance"":7,""physical_error_rate"":0.2}","{""detection_events"":972,""detectors_checked"":2408,""obs_mistake_mask=E"":2}"
        16,         1,         0,   0.625,exact_mw,b41993e7ca3a4c05067df83ef8f718f9a600cbd2ba374313e90f16e7f7d75967,"{""distance"":7,""physical_error_rate"":0.02}","{""detection_events"":881,""detectors_checked"":9632,""obs_mistake_mask=E"":1}"
         8,         3,         0,   0.398,exact_mw,f9150cfe85f50f836847c36ad2ae87630c9c57ffb089ec5b7bc3bfd70d60b4e6,"{""distance"":7,""physical_error_rate"":0.1}","{""detection_events"":1416,""detectors_checked"":4816,""obs_mistake_mask=E"":3}"
     32768,         0,         0,   0.806,exact_mw,a6f040f5268ba168f94c6ccce4ff822b1b844608631bba2e2b8dc7ec85b1e503,"{""distance"":7,""physical_error_rate"":0.0002}","{""detection_events"":19389,""detectors_checked"":19726336}"
      2048,         0,         0,   0.345,exact_mw,09f626b7d1c8765fd231bc36902f9c5557d3909c4644565b971bdb2bfb186061,"{""distance"":7,""physical_error_rate"":0.0005}","{""detection_events"":3055,""detectors_checked"":1232896}"
         8,         2,         0,   0.416,exact_mw,7d64b8fd090c698681db305e92f59b9c863e7db993aba97a5e8c48562d7de8f2,"{""distance"":7,""physical_error_rate"":0.05}","{""detection_events"":903,""detectors_checked"":4816,""obs_mistake_mask=E"":2}"
       128,         0,         0,   0.473,exact_mw,8842ec4fe0f86aba00650008f7f408db45344cfb5a30f76b1f2c0fb50a8d5069,"{""distance"":7,""physical_error_rate"":0.002}","{""detection_events"":796,""detectors_checked"":77056}"
     25600,         0,         0,   0.586,exact_mw,a6f040f5268ba168f94c6ccce4ff822b1b844608631bba2e2b8dc7ec85b1e503,"{""distance"":7,""physical_error_rate"":0.0002}","{""detection_events"":15393,""detectors_checked"":15411200}"
        24,        13,         0,    1.14,exact_mw,1139365a790276c3ba84287e63684848c12003621d3197abf32cb0073f10eb73,"{""distance"":7,""physical_error_rate"":0.5}","{""detection_events"":7201,""detectors_checked"":14448,""obs_mistake_mask=E"":13}"
     64512,         0,         0,   0.812,exact_mw,3793e887e6c3b4d5eff59c5eb9bbee88cf92e7a28a48243659e8f8373a61c55f,"{""distance"":7,""physical_error_rate"":5e-05}","{""detection_events"":9512,""detectors_checked"":38836224}"
    166912,         0,         0,    2.15,exact_mw,894a5a708293b7bd3951925e43ae0371ba83736430ed1970399611b4deb8498b,"{""distance"":7,""physical_error_rate"":0.0001}","{""detection_events"":49100,""detectors_checked"":100481024}"
      2048,         0,         0,   0.270,exact_mw,09f626b7d1c8765fd231bc36902f9c5557d3909c4644565b971bdb2bfb186061,"{""distance"":7,""physical_error_rate"":0.0005}","{""detection_events"":3042,""detectors_checked"":1232896}"
         8,         4,         0,   0.477,exact_mw,71f8db422891223299ae011becf33408912e3bc5d092c7605a1191bb559146e7,"{""distance"":7,""physical_error_rate"":0.2}","{""detection_events"":1904,""detectors_checked"":4816,""obs_mistake_mask=E"":4}"
        32,         0,         0,   0.444,exact_mw,6534c274fb8721060716b040ba5484c43e0fb249b656ad44721a05b8b1f26839,"{""distance"":7,""physical_error_rate"":0.005}","{""detection_events"":399,""detectors_checked"":19264}"
         8,         5,         0,   0.426,exact_mw,1139365a790276c3ba84287e63684848c12003621d3197abf32cb0073f10eb73,"{""distance"":7,""physical_error_rate"":0.5}","{""detection_events"":2442,""detectors_checked"":4816,""obs_mistake_mask=E"":5}"
        48,         0,         0,    1.24,exact_mw,f4817e2f6bf0dfc41195700a9244a7f66964db0e79ea1302ca6e9f2465062a32,"{""distance"":7,""physical_error_rate"":0.01}","{""detection_events"":1291,""detectors_checked"":28896}"
         4,         3,         0,   0.286,exact_mw,71f8db422891223299ae011becf33408912e3bc5d092c7605a1191bb559146e7,"{""distance"":7,""physical_error_rate"":0.2}","{""detection_events"":990,""detectors_checked"":2408,""obs_mistake_mask=E"":3}"
        16,         3,         0,   0.674,exact_mw,7d64b8fd090c698681db305e92f59b9c863e7db993aba97a5e8c48562d7de8f2,"{""distance"":7,""physical_error_rate"":0.05}","{""detection_events"":1770,""detectors_checked"":9632,""obs_mistake_mask=E"":3}"
         8,         6,         0,   0.437,exact_mw,f9150cfe85f50f836847c36ad2ae87630c9c57ffb089ec5b7bc3bfd70d60b4e6,"{""distance"":7,""physical_error_rate"":0.1}","{""detection_events"":1365,""detectors_checked"":4816,""obs_mistake_mask=E"":6}"
       512,         0,         0,   0.311,exact_mw,fe773c48422346d89ea42b7ea8a90aa3034802874175ef2bfbcd9fbedf677903,"{""distance"":7,""physical_error_rate"":0.001}","{""detection_events"":1312,""detectors_checked"":308224}"
         8,         4,         0,   0.387,exact_mw,f9150cfe85f50f836847c36ad2ae87630c9c57ffb089ec5b7bc3bfd70d60b4e6,"{""distance"":7,""physical_error_rate"":0.1}","{""detection_events"":1399,""detectors_checked"":4816,""obs_mistake_mask=E"":4}"
        64,         0,         0,    1.29,exact_mw,f4817e2f6bf0dfc41195700a9244a7f66964db0e79ea1302ca6e9f2465062a32,"{""distance"":7,""physical_error_rate"":0.01}","{""detection_events"":1605,""detectors_checked"":38528}"
     44032,         0,         0,   0.566,exact_mw,3793e887e6c3b4d5eff59c5eb9bbee88cf92e7a28a48243659e8f8373a61c55f,"{""distance"":7,""physical_error_rate"":5e-05}","{""detection_events"":6664,""detectors_checked"":26507264}"
      3072,         0,         0,   0.557,exact_mw,09f626b7d1c8765fd231bc36902f9c5557d3909c4644565b971bdb2bfb186061,"{""distance"":7,""physical_error_rate"":0.0005}","{""detection_events"":4754,""detectors_checked"":1849344}"
     27648,         0,         0,   0.567,exact_mw,894a5a708293b7bd3951925e43ae0371ba83736430ed1970399611b4deb8498b,"{""distance"":7,""physical_error_rate"":0.0001}","{""detection_events"":8448,""detectors_checked"":16644096}"
        16,         7,         0,   0.844,exact_mw,71f8db422891223299ae011becf33408912e3bc5d092c7605a1191bb559146e7,"{""distance"":7,""physical_error_rate"":0.2}","{""detection_events"":3966,""detectors_checked"":9632,""obs_mistake_mask=E"":7}"
         8,         3,         0,   0.469,exact_mw,1139365a790276c3ba84287e63684848c12003621d3197abf32cb0073f10eb73,"{""distance"":7,""physical_error_rate"":0.5}","{""detection_events"":2448,""detectors_checked"":4816,""obs_mistake_mask=E"":3}"
         8,         5,         0,   0.374,exact_mw,f9150cfe85f50f836847c36ad2ae87630c9c57ffb089ec5b7bc3bfd70d60b4e6,"{""distance"":7,""physical_error_rate"":0.1}","{""detection_events"":1390,""detectors_checked"":4816,""obs_mistake_mask=E"":5}"
         8,         3,         0,   0.398,exact_mw,71f8db422891223299ae011becf33408912e3bc5d092c7605a1191bb559146e7,"{""distance"":7,""physical_error_rate"":0.2}","{""detection_events"":1975,""detectors_checked"":4816,""obs_mistake_mask=E"":3}"
       256,         0,         0,   0.900,exact_mw,8842ec4fe0f86aba00650008f7f408db45344cfb5a30f76b1f2c0fb50a8d5069,"{""distance"":7,""physical_error_rate"":0.002}","{""detection_events"":1469,""detectors_checked"":154112}"
     22528,         0,         0,   0.392,exact_mw,3793e887e6c3b4d5eff59c5eb9bbee88cf92e7a28a48243659e8f8373a61c55f,"{""distance"":7,""physical_error_rate"":5e-05}","{""detection_events"":3435,""detectors_checked"":13561856}"
      3072,         0,         0,   0.671,exact_mw,09f626b7d1c8765fd231bc36902f9c5557d3909c4644565b971bdb2bfb186061,"{""distance"":7,""physical_error_rate"":0.0005}","{""detection_events"":4646,""detectors_checked"":1849344}"
         8,         6,         0,   0.610,exact_mw,f9150cfe85f50f836847c36ad2ae87630c9c57ffb089ec5b7bc3bfd70d60b4e6,"{""distance"":7,""physical_error_rate"":0.1}","{""detection_events"":1412,""detectors_checked"":4816,""obs_mistake_mask=E"":6}"
      2048,         0,         0,   0.401,exact_mw,09f626b7d1c8765fd231bc36902f9c5557d3909c4644565b971bdb2bfb186061,"{""distance"":7,""physical_error_rate"":0.0005}","{""detection_events"":3102,""detectors_checked"":1232896}"
       128,         0,         0,   0.640,exact_mw,8842ec4fe0f86aba00650008f7f408db45344cfb5a30f76b1f2c0fb50a8d5069,"{""distance"":7,""physical_error_rate"":0.002}","{""detection_events"":717,""detectors_checked"":77056}"
        16,         1,         0,   0.641,exact_mw,b41993e7ca3a4c05067df83ef8f718f9a600cbd2ba374313e90f16e7f7d75967,"{""distance"":7,""physical_error_rate"":0.02}","{""detection_events"":789,""detectors_checked"":9632,""obs_mistake_mask=E"":1}"
        16,         0,         0,   0.652,exact_mw,b41993e7ca3a4c05067df83ef8f718f9a600cbd2ba374313e90f16e7f7d75967,"{""distance"":7,""physical_error_rate"":0.02}","{""detection_events"":741,""detectors_checked"":9632}"
        16,         0,         0,   0.596,exact_mw,b41993e7ca3a4c05067df83ef8f718f9a600cbd2ba374313e90f16e7f7d75967,"{""distance"":7,""physical_error_rate"":0.02}","{""detection_events"":753,""detectors_checked"":9632}"
      2048,         0,         0,   0.431,exact_mw,09f626b7d1c8765fd231bc36902f9c5557d3909c4644565b971bdb2bfb186061,"{""distance"":7,""physical_error_rate"":0.0005}","{""detection_events"":2915,""detectors_checked"":1232896}"
        64,         1,         0,   0.881,exact_mw,6534c274fb8721060716b040ba5484c43e0fb249b656ad44721a05b8b1f26839,"{""distance"":7,""physical_error_rate"":0.005}","{""detection_events"":822,""detectors_checked"":38528,""obs_mistake_mask=E"":1}"
         8,         1,         0,   0.514,exact_mw,7d64b8fd090c698681db305e92f59b9c863e7db993aba97a5e8c48562d7de8f2,"{""distance"":7,""physical_error_rate"":0.05}","{""detection_events"":830,""detectors_checked"":4816,""obs_mistake_mask=E"":1}"
       256,         0,         0,    1.06,exact_mw,8842ec4fe0f86aba00650008f7f408db45344cfb5a30f76b1f2c0fb50a8d5069,"{""distance"":7,""physical_error_rate"":0.002}","{""detection_events"":1510,""detectors_checked"":154112}"
        32,        16,         0,    1.65,exact_mw,71f8db422891223299ae011becf33408912e3bc5d092c7605a1191bb559146e7,"{""distance"":7,""physical_error_rate"":0.2}","{""detection_events"":7865,""detectors_checked"":19264,""obs_mistake_mask=E"":16}"
       128,         0,         0,   0.545,exact_mw,8842ec4fe0f86aba00650008f7f408db45344cfb5a30f76b1f2c0fb50a8d5069,"{""distance"":7,""physical_error_rate"":0.002}","{""detection_events"":827,""detectors_checked"":77056}"
       512,         0,         0,   0.393,exact_mw,fe773c48422346d89ea42b7ea8a90aa3034802874175ef2bfbcd9fbedf677903,"{""distance"":7,""physical_error_rate"":0.001}","{""detection_events"":1452,""detectors_checked"":308224}"
         8,         4,         0,   0.398,exact_mw,f9150cfe85f50f836847c36ad2ae87630c9c57ffb089ec5b7bc3bfd70d60b4e6,"{""distance"":7,""physical_error_rate"":0.1}","{""detection_events"":1459,""detectors_checked"":4816,""obs_mistake_mask=E"":4}"
         8,         5,         0,   0.520,exact_mw,71f8db422891223299ae011becf33408912e3bc5d092c7605a1191bb559146e7,"{""distance"":7,""physical_error_rate"":0.2}","{""detection_events"":1906,""detectors_checked"":4816,""obs_mistake_mask=E"":5}"
         8,         2,         0,   0.455,exact_mw,1139365a790276c3ba84287e63684848c12003621d3197abf32cb0073f10eb73,"{""distance"":7,""physical_error_rate"":0.5}","{""detection_events"":2403,""detectors_checked"":4816,""obs_mistake_mask=E"":2}"
        32,         0,         0,   0.491,exact_mw,6534c274fb8721060716b040ba5484c43e0fb249b656ad44721a05b8b1f26839,"{""distance"":7,""physical_error_rate"":0.005}","{""detection_events"":502,""detectors_checked"":19264}"
        64,         0,         0,    1.02,exact_mw,6534c274fb8721060716b040ba5484c43e0fb249b656ad44721a05b8b1f26839,"{""distance"":7,""physical_error_rate"":0.005}","{""detection_events"":932,""detectors_checked"":38528}"
      1024,         0,         0,    1.04,exact_mw,fe773c48422346d89ea42b7ea8a90aa3034802874175ef2bfbcd9fbedf677903,"{""distance"":7,""physical_error_rate"":0.001}","{""detection_events"":3212,""detectors_checked"":616448}"
         8,         5,         0,   0.424,exact_mw,f9150cfe85f50f836847c36ad2ae87630c9c57ffb089ec5b7bc3bfd70d60b4e6,"{""distance"":7,""physical_error_rate"":0.1}","{""detection_events"":1361,""detectors_checked"":4816,""obs_mistake_mask=E"":5}"
         8,         2,         0,   0.457,exact_mw,71f8db422891223299ae011becf33408912e3bc5d092c7605a1191bb559146e7,"{""distance"":7,""physical_error_rate"":0.2}","{""detection_events"":1999,""detectors_checked"":4816,""obs_mistake_mask=E"":2}"
         8,         2,         0,   0.372,exact_mw,f9150cfe85f50f836847c36ad2ae87630c9c57ffb089ec5b7bc3bfd70d60b4e6,"{""distance"":7,""physical_error_rate"":0.1}","{""detection_events"":1424,""detectors_checked"":4816,""obs_mistake_mask=E"":2}"
        64,         0,         0,   0.908,exact_mw,6534c274fb8721060716b040ba5484c43e0fb249b656ad44721a05b8b1f26839,"{""distance"":7,""physical_error_rate"":0.005}","{""detection_events"":918,""detectors_checked"":38528}"
         8,         6,         0,   0.407,exact_mw,71f8db422891223299ae011becf33408912e3bc5d092c7605a1191bb559146e7,"{""distance"":7,""physical_error_rate"":0.2}","{""detection_events"":1972,""detectors_checked"":4816,""obs_mistake_mask=E"":6}"
         8,         4,         0,   0.458,exact_mw,1139365a790276c3ba84287e63684848c12003621d3197abf32cb0073f10eb73,"{""distance"":7,""physical_error_rate"":0.5}","{""detection_events"":2411,""detectors_checked"":4816,""obs_mistake_mask=E"":4}"
        24,         3,         0,   0.994,exact_mw,7d64b8fd090c698681db305e92f59b9c863e7db993aba97a5e8c48562d7de8f2,"{""distance"":7,""physical_error_rate"":0.05}","{""detection_events"":2538,""detectors_checked"":14448,""obs_mistake_mask=E"":3}"
     36864,         0,         0,   0.811,exact_mw,a6f040f5268ba168f94c6ccce4ff822b1b844608631bba2e2b8dc7ec85b1e503,"{""distance"":7,""physical_error_rate"":0.0002}","{""detection_events"":22298,""detectors_checked"":22192128}"
     32768,         0,         0,   0.568,exact_mw,3793e887e6c3b4d5eff59c5eb9bbee88cf92e7a28a48243659e8f8373a61c55f,"{""distance"":7,""physical_error_rate"":5e-05}","{""detection_events"":4820,""detectors_checked"":19726336}"
      5120,         0,         0,   0.632,exact_mw,09f626b7d1c8765fd231bc36902f9c5557d3909c4644565b971bdb2bfb186061,"{""distance"":7,""physical_error_rate"":0.0005}","{""detection_events"":7567,""detectors_checked"":3082240}"
         8,         6,         0,   0.563,exact_mw,f9150cfe85f50f836847c36ad2ae87630c9c57ffb089ec5b7bc3bfd70d60b4e6,"{""distance"":7,""physical_error_rate"":0.1}","{""detection_events"":1387,""detectors_checked"":4816,""obs_mistake_mask=E"":6}"
        32,         2,         0,    1.09,exact_mw,b41993e7ca3a4c05067df83ef8f718f9a600cbd2ba374313e90f16e7f7d75967,"{""distance"":7,""physical_error_rate"":0.02}","{""detection_events"":1649,""detectors_checked"":19264,""obs_mistake_mask=E"":2}"
      5120,         0,         0,   0.581,exact_mw,09f626b7d1c8765fd231bc36902f9c5557d3909c4644565b971bdb2bfb186061,"{""distance"":7,""physical_error_rate"":0.0005}","{""detection_events"":7679,""detectors_checked"":3082240}"
         8,         2,         0,   0.391,exact_mw,f9150cfe85f50f836847c36ad2ae87630c9c57ffb089ec5b7bc3bfd70d60b4e6,"{""distance"":7,""physical_error_rate"":0.1}","{""detection_events"":1382,""detectors_checked"":4816,""obs_mistake_mask=E"":2}"
         8,         5,         0,   0.389,exact_mw,f9150cfe85f50f836847c36ad2ae87630c9c57ffb089ec5b7bc3bfd70d60b4e6,"{""distance"":7,""physical_error_rate"":0.1}","{""detection_events"":1420,""detectors_checked"":4816,""obs_mistake_mask=E"":5}"
         8,         2,         0,   0.513,exact_mw,7d64b8fd090c698681db305e92f59b9c863e7db993aba97a5e8c48562d7de8f2,"{""distance"":7,""physical_error_rate"":0.05}","{""detection_events"":876,""detectors_checked"":4816,""obs_mistake_mask=E"":2}"
     57344,         0,         0,   0.792,exact_mw,3793e887e6c3b4d5eff59c5eb9bbee88cf92e7a28a48243659e8f8373a61c55f,"{""distance"":7,""physical_error_rate"":5e-05}","{""detection_events"":8446,""detectors_checked"":34521088}"
      3072,         0,         0,   0.532,exact_mw,09f626b7d1c8765fd231bc36902f9c5557d3909c4644565b971bdb2bfb186061,"{""distance"":7,""physical_error_rate"":0.0005}","{""detection_events"":4517,""detectors_checked"":1849344}"
     46080,         0,         0,   0.805,exact_mw,894a5a708293b7bd3951925e43ae0371ba83736430ed1970399611b4deb8498b,"{""distance"":7,""physical_error_rate"":0.0001}","{""detection_events"":13735,""detectors_checked"":27740160}"
         8,         4,         0,   0.388,exact_mw,f9150cfe85f50f836847c36ad2ae87630c9c57ffb089ec5b7bc3bfd70d60b4e6,"{""distance"":7,""physical_error_rate"":0.1}","{""detection_events"":1420,""detectors_checked"":4816,""obs_mistake_mask=E"":4}"
         1,         0,         0,   0.057,exact_mw,f9150cfe85f50f836847c36ad2ae87630c9c57ffb089ec5b7bc3bfd70d60b4e6,"{""distance"":7,""physical_error_rate"":0.1}","{""detection_events"":160,""detectors_checked"":602}"
     48128,         0,         0,    1.11,exact_mw,a6f040f5268ba168f94c6ccce4ff822b1b844608631bba2e2b8dc7ec85b1e503,"{""distance"":7,""physical_error_rate"":0.0002}","{""detection_events"":28607,""detectors_checked"":28973056}"
        32,        14,         0,    1.58,exact_mw,1139365a790276c3ba84287e63684848c12003621d3197abf32cb0073f10eb73,"{""distance"":7,""physical_error_rate"":0.5}","{""detection_events"":9648,""detectors_checked"":19264,""obs_mistake_mask=E"":14}"
       512,         0,         0,   0.493,exact_mw,fe773c48422346d89ea42b7ea8a90aa3034802874175ef2bfbcd9fbedf677903,"{""distance"":7,""physical_error_rate"":0.001}","{""detection_events"":1571,""detectors_checked"":308224}"
      2048,         0,         0,    1.96,exact_mw,fe773c48422346d89ea42b7ea8a90aa3034802874175ef2bfbcd9fbedf677903,"{""distance"":7,""physical_error_rate"":0.001}","{""detection_events"":6120,""detectors_checked"":1232896}"
         8,         3,         0,   0.408,exact_mw,71f8db422891223299ae011becf33408912e3bc5d092c7605a1191bb559146e7,"{""distance"":7,""physical_error_rate"":0.2}","{""detection_events"":2023,""detectors_checked"":4816,""obs_mistake_mask=E"":3}"
       128,         0,         0,   0.690,exact_mw,8842ec4fe0f86aba00650008f7f408db45344cfb5a30f76b1f2c0fb50a8d5069,"{""distance"":7,""physical_error_rate"":0.002}","{""detection_events"":799,""detectors_checked"":77056}"
        16,         9,         0,   0.866,exact_mw,71f8db422891223299ae011becf33408912e3bc5d092c7605a1191bb559146e7,"{""distance"":7,""physical_error_rate"":0.2}","{""detection_events"":3938,""detectors_checked"":9632,""obs_mistake_mask=E"":9}"
       128,         0,         0,   0.573,exact_mw,8842ec4fe0f86aba00650008f7f408db45344cfb5a30f76b1f2c0fb50a8d5069,"{""distance"":7,""physical_error_rate"":0.002}","{""detection_events"":762,""detectors_checked"":77056}"
        48,         0,         0,    1.27,exact_mw,f4817e2f6bf0dfc41195700a9244a7f66964db0e79ea1302ca6e9f2465062a32,"{""distance"":7,""physical_error_rate"":0.01}","{""detection_events"":1448,""detectors_checked"":28896}"
         8,         6,         0,   0.437,exact_mw,1139365a790276c3ba84287e63684848c12003621d3197abf32cb0073f10eb73,"{""distance"":7,""physical_error_rate"":0.5}","{""detection_events"":2408,""detectors_checked"":4816,""obs_mistake_mask=E"":6}"
     87040,         0,         0,    1.11,exact_mw,3793e887e6c3b4d5eff59c5eb9bbee88cf92e7a28a48243659e8f8373a61c55f,"{""distance"":7,""physical_error_rate"":5e-05}","{""detection_events"":13130,""detectors_checked"":52398080}"
        24,         9,         0,    1.16,exact_mw,1139365a790276c3ba84287e63684848c12003621d3197abf32cb0073f10eb73,"{""distance"":7,""physical_error_rate"":0.5}","{""detection_events"":7169,""detectors_checked"":14448,""obs_mistake_mask=E"":9}"
        32,         0,         0,   0.570,exact_mw,6534c274fb8721060716b040ba5484c43e0fb249b656ad44721a05b8b1f26839,"{""distance"":7,""physical_error_rate"":0.005}","{""detection_events"":481,""detectors_checked"":19264}"
        24,         7,         0,   0.996,exact_mw,7d64b8fd090c698681db305e92f59b9c863e7db993aba97a5e8c48562d7de8f2,"{""distance"":7,""physical_error_rate"":0.05}","{""detection_events"":2603,""detectors_checked"":14448,""obs_mistake_mask=E"":7}"
      4096,         0,         0,   0.923,exact_mw,09f626b7d1c8765fd231bc36902f9c5557d3909c4644565b971bdb2bfb186061,"{""distance"":7,""physical_error_rate"":0.0005}","{""detection_events"":6297,""detectors_checked"":2465792}"
         8,         6,         0,   0.624,exact_mw,71f8db422891223299ae011becf33408912e3bc5d092c7605a1191bb559146e7,"{""distance"":7,""physical_error_rate"":0.2}","{""detection_events"":1965,""detectors_checked"":4816,""obs_mistake_mask=E"":6}"
         8,         3,         0,   0.593,exact_mw,71f8db422891223299ae011becf33408912e3bc5d092c7605a1191bb559146e7,"{""distance"":7,""physical_error_rate"":0.2}","{""detection_events"":1928,""detectors_checked"":4816,""obs_mistake_mask=E"":3}"
       384,         0,         0,    1.40,exact_mw,8842ec4fe0f86aba00650008f7f408db45344cfb5a30f76b1f2c0fb50a8d5069,"{""distance"":7,""physical_error_rate"":0.002}","{""detection_events"":2340,""detectors_checked"":231168}"
        16,         1,         0,   0.804,exact_mw,b41993e7ca3a4c05067df83ef8f718f9a600cbd2ba374313e90f16e7f7d75967,"{""distance"":7,""physical_error_rate"":0.02}","{""detection_events"":771,""detectors_checked"":9632,""obs_mistake_mask=E"":1}"
     18432,         0,         0,    2.25,exact_mw,09f626b7d1c8765fd231bc36902f9c5557d3909c4644565b971bdb2bfb186061,"{""distance"":7,""physical_error_rate"":0.0005}","{""detection_events"":27156,""detectors_checked"":11096064}"
         8,         2,         0,   0.402,exact_mw,f9150cfe85f50f836847c36ad2ae87630c9c57ffb089ec5b7bc3bfd70d60b4e6,"{""distance"":7,""physical_error_rate"":0.1}","{""detection_events"":1475,""detectors_checked"":4816,""obs_mistake_mask=E"":2}"
         8,         5,         0,   0.428,exact_mw,f9150cfe85f50f836847c36ad2ae87630c9c57ffb089ec5b7bc3bfd70d60b4e6,"{""distance"":7,""physical_error_rate"":0.1}","{""detection_events"":1399,""detectors_checked"":4816,""obs_mistake_mask=E"":5}"
         8,         3,         0,   0.585,exact_mw,f9150cfe85f50f836847c36ad2ae87630c9c57ffb089ec5b7bc3bfd70d60b4e6,"{""distance"":7,""physical_error_rate"":0.1}","{""detection_events"":1348,""detectors_checked"":4816,""obs_mistake_mask=E"":3}"
         8,         4,         0,   0.409,exact_mw,f9150cfe85f50f836847c36ad2ae87630c9c57ffb089ec5b7bc3bfd70d60b4e6,"{""distance"":7,""physical_error_rate"":0.1}","{""detection_events"":1391,""detectors_checked"":4816,""obs_mistake_mask=E"":4}"
        64,         1,         0,   0.859,exact_mw,6534c274fb8721060716b040ba5484c43e0fb249b656ad44721a05b8b1f26839,"{""distance"":7,""physical_error_rate"":0.005}","{""detection_events"":888,""detectors_checked"":38528,""obs_mistake_mask=E"":1}"
         8,         5,         0,   0.404,exact_mw,f9150cfe85f50f836847c36ad2ae87630c9c57ffb089ec5b7bc3bfd70d60b4e6,"{""distance"":7,""physical_error_rate"":0.1}","{""detection_events"":1417,""detectors_checked"":4816,""obs_mistake_mask=E"":5}"
        16,         8,         0,   0.892,exact_mw,1139365a790276c3ba84287e63684848c12003621d3197abf32cb0073f10eb73,"{""distance"":7,""physical_error_rate"":0.5}","{""detection_events"":4735,""detectors_checked"":9632,""obs_mistake_mask=E"":8}"
       512,         0,         0,   0.412,exact_mw,fe773c48422346d89ea42b7ea8a90aa3034802874175ef2bfbcd9fbedf677903,"{""distance"":7,""physical_error_rate"":0.001}","{""detection_events"":1547,""detectors_checked"":308224}"
       256,         1,         0,   0.986,exact_mw,8842ec4fe0f86aba00650008f7f408db45344cfb5a30f76b1f2c0fb50a8d5069,"{""distance"":7,""physical_error_rate"":0.002}","{""detection_events"":1376,""detectors_checked"":154112,""obs_mistake_mask=E"":1}"
         8,         3,         0,   0.512,exact_mw,7d64b8fd090c698681db305e92f59b9c863e7db993aba97a5e8c48562d7de8f2,"{""distance"":7,""physical_error_rate"":0.05}","{""detection_events"":922,""detectors_checked"":4816,""obs_mistake_mask=E"":3}"
        32,        10,         0,    2.02,exact_mw,7d64b8fd090c698681db305e92f59b9c863e7db993aba97a5e8c48562d7de8f2,"{""distance"":7,""physical_error_rate"":0.05}","{""detection_events"":3592,""detectors_checked"":19264,""obs_mistake_mask=E"":10}"
         8,         3,         0,   0.507,exact_mw,71f8db422891223299ae011becf33408912e3bc5d092c7605a1191bb559146e7,"{""distance"":7,""physical_error_rate"":0.2}","{""detection_events"":1991,""detectors_checked"":4816,""obs_mistake_mask=E"":3}"
       128,         0,         0,   0.513,exact_mw,8842ec4fe0f86aba00650008f7f408db45344cfb5a30f76b1f2c0fb50a8d5069,"{""distance"":7,""physical_error_rate"":0.002}","{""detection_events"":729,""detectors_checked"":77056}"
         8,         3,         0,   0.483,exact_mw,1139365a790276c3ba84287e63684848c12003621d3197abf32cb0073f10eb73,"{""distance"":7,""physical_error_rate"":0.5}","{""detection_events"":2446,""detectors_checked"":4816,""obs_mistake_mask=E"":3}"
      4096,         0,         0,   0.605,exact_mw,09f626b7d1c8765fd231bc36902f9c5557d3909c4644565b971bdb2bfb186061,"{""distance"":7,""physical_error_rate"":0.0005}","{""detection_events"":6124,""detectors_checked"":2465792}"
    123904,         0,         0,    3.07,exact_mw,a6f040f5268ba168f94c6ccce4ff822b1b844608631bba2e2b8dc7ec85b1e503,"{""distance"":7,""physical_error_rate"":0.0002}","{""detection_events"":73264,""detectors_checked"":74590208}"
        32,         0,         0,   0.473,exact_mw,6534c274fb8721060716b040ba5484c43e0fb249b656ad44721a05b8b1f26839,"{""distance"":7,""physical_error_rate"":0.005}","{""detection_events"":478,""detectors_checked"":19264}"
     60416,         0,         0,   0.788,exact_mw,3793e887e6c3b4d5eff59c5eb9bbee88cf92e7a28a48243659e8f8373a61c55f,"{""distance"":7,""physical_error_rate"":5e-05}","{""detection_events"":8896,""detectors_checked"":36370432}"
       256,         0,         0,    1.41,exact_mw,8842ec4fe0f86aba00650008f7f408db45344cfb5a30f76b1f2c0fb50a8d5069,"{""distance"":7,""physical_error_rate"":0.002}","{""detection_events"":1600,""detectors_checked"":154112}"
        64,         0,         0,    1.49,exact_mw,f4817e2f6bf0dfc41195700a9244a7f66964db0e79ea1302ca6e9f2465062a32,"{""distance"":7,""physical_error_rate"":0.01}","{""detection_events"":1761,""detectors_checked"":38528}"
        32,         2,         0,    1.30,exact_mw,b41993e7ca3a4c05067df83ef8f718f9a600cbd2ba374313e90f16e7f7d75967,"{""distance"":7,""physical_error_rate"":0.02}","{""detection_events"":1748,""detectors_checked"":19264,""obs_mistake_mask=E"":2}"
        32,         1,         0,    1.31,exact_mw,b41993e7ca3a4c05067df83ef8f718f9a600cbd2ba374313e90f16e7f7d75967,"{""distance"":7,""physical_error_rate"":0.02}","{""detection_events"":1830,""detectors_checked"":19264,""obs_mistake_mask=E"":1}"
        64,         0,         0,    1.58,exact_mw,f4817e2f6bf0dfc41195700a9244a7f66964db0e79ea1302ca6e9f2465062a32,"{""distance"":7,""physical_error_rate"":0.01}","{""detection_events"":1799,""detectors_checked"":38528}"
      6144,         0,         0,   0.923,exact_mw,09f626b7d1c8765fd231bc36902f9c5557d3909c4644565b971bdb2bfb186061,"{""distance"":7,""physical_error_rate"":0.0005}","{""detection_events"":9026,""detectors_checked"":3698688}"
      5120,         0,         0,   0.796,exact_mw,09f626b7d1c8765fd231bc36902f9c5557d3909c4644565b971bdb2bfb186061,"{""distance"":7,""physical_error_rate"":0.0005}","{""detection_events"":7845,""detectors_checked"":3082240}"
         8,         5,         0,   0.613,exact_mw,71f8db422891223299ae011becf33408912e3bc5d092c7605a1191bb559146e7,"{""distance"":7,""physical_error_rate"":0.2}","{""detection_events"":2015,""detectors_checked"":4816,""obs_mistake_mask=E"":5}"
         8,         5,         0,   0.623,exact_mw,71f8db422891223299ae011becf33408912e3bc5d092c7605a1191bb559146e7,"{""distance"":7,""physical_error_rate"":0.2}","{""detection_events"":1959,""detectors_checked"":4816,""obs_mistake_mask=E"":5}"
       128,         1,         0,   0.741,exact_mw,8842ec4fe0f86aba00650008f7f408db45344cfb5a30f76b1f2c0fb50a8d5069,"{""distance"":7,""physical_error_rate"":0.002}","{""detection_events"":728,""detectors_checked"":77056,""obs_mistake_mask=E"":1}"
         8,         5,         0,   0.415,exact_mw,f9150cfe85f50f836847c36ad2ae87630c9c57ffb089ec5b7bc3bfd70d60b4e6,"{""distance"":7,""physical_error_rate"":0.1}","{""detection_events"":1380,""detectors_checked"":4816,""obs_mistake_mask=E"":5}"
       512,         0,         0,   0.395,exact_mw,fe773c48422346d89ea42b7ea8a90aa3034802874175ef2bfbcd9fbedf677903,"{""distance"":7,""physical_error_rate"":0.001}","{""detection_events"":1557,""detectors_checked"":308224}"
         8,         3,         0,   0.508,exact_mw,f9150cfe85f50f836847c36ad2ae87630c9c57ffb089ec5b7bc3bfd70d60b4e6,"{""distance"":7,""physical_error_rate"":0.1}","{""detection_events"":1397,""detectors_checked"":4816,""obs_mistake_mask=E"":3}"
         8,         3,         0,   0.459,exact_mw,f9150cfe85f50f836847c36ad2ae87630c9c57ffb089ec5b7bc3bfd70d60b4e6,"{""distance"":7,""physical_error_rate"":0.1}","{""detection_events"":1462,""detectors_checked"":4816,""obs_mistake_mask=E"":3}"
        16,         0,         0,   0.619,exact_mw,b41993e7ca3a4c05067df83ef8f718f9a600cbd2ba374313e90f16e7f7d75967,"{""distance"":7,""physical_error_rate"":0.02}","{""detection_events"":827,""detectors_checked"":9632}"
     48128,         0,         0,    1.10,exact_mw,a6f040f5268ba168f94c6ccce4ff822b1b844608631bba2e2b8dc7ec85b1e503,"{""distance"":7,""physical_error_rate"":0.0002}","{""detection_events"":28010,""detectors_checked"":28973056}"
        96,         0,         0,    1.48,exact_mw,6534c274fb8721060716b040ba5484c43e0fb249b656ad44721a05b8b1f26839,"{""distance"":7,""physical_error_rate"":0.005}","{""detection_events"":1334,""detectors_checked"":57792}"
         8,         2,         0,   0.404,exact_mw,71f8db422891223299ae011becf33408912e3bc5d092c7605a1191bb559146e7,"{""distance"":7,""physical_error_rate"":0.2}","{""detection_events"":1974,""detectors_checked"":4816,""obs_mistake_mask=E"":2}"
         8,         5,         0,   0.570,exact_mw,f9150cfe85f50f836847c36ad2ae87630c9c57ffb089ec5b7bc3bfd70d60b4e6,"{""distance"":7,""physical_error_rate"":0.1}","{""detection_events"":1459,""detectors_checked"":4816,""obs_mistake_mask=E"":5}"
        96,         1,         0,    1.37,exact_mw,6534c274fb8721060716b040ba5484c43e0fb249b656ad44721a05b8b1f26839,"{""distance"":7,""physical_error_rate"":0.005}","{""detection_events"":1373,""detectors_checked"":57792,""obs_mistake_mask=E"":1}"
         8,         4,         0,   0.453,exact_mw,1139365a790276c3ba84287e63684848c12003621d3197abf32cb0073f10eb73,"{""distance"":7,""physical_error_rate"":0.5}","{""detection_events"":2412,""detectors_checked"":4816,""obs_mistake_mask=E"":4}"
        32,         3,         0,    1.20,exact_mw,b41993e7ca3a4c05067df83ef8f718f9a600cbd2ba374313e90f16e7f7d75967,"{""distance"":7,""physical_error_rate"":0.02}","{""detection_events"":1675,""detectors_checked"":19264,""obs_mistake_mask=E"":3}"
        32,         7,         0,    1.36,exact_mw,7d64b8fd090c698681db305e92f59b9c863e7db993aba97a5e8c48562d7de8f2,"{""distance"":7,""physical_error_rate"":0.05}","{""detection_events"":3375,""detectors_checked"":19264,""obs_mistake_mask=E"":7}"
       128,         0,         0,   0.509,exact_mw,8842ec4fe0f86aba00650008f7f408db45344cfb5a30f76b1f2c0fb50a8d5069,"{""distance"":7,""physical_error_rate"":0.002}","{""detection_events"":725,""detectors_checked"":77056}"
     88064,         0,         0,    1.12,exact_mw,3793e887e6c3b4d5eff59c5eb9bbee88cf92e7a28a48243659e8f8373a61c55f,"{""distance"":7,""physical_error_rate"":5e-05}","{""detection_events"":13023,""detectors_checked"":53014528}"
     64512,         0,         0,    1.11,exact_mw,894a5a708293b7bd3951925e43ae0371ba83736430ed1970399611b4deb8498b,"{""distance"":7,""physical_error_rate"":0.0001}","{""detection_events"":18707,""detectors_checked"":38836224}"
        16,         9,         0,   0.818,exact_mw,f9150cfe85f50f836847c36ad2ae87630c9c57ffb089ec5b7bc3bfd70d60b4e6,"{""distance"":7,""physical_error_rate"":0.1}","{""detection_events"":2827,""detectors_checked"":9632,""obs_mistake_mask=E"":9}"
         8,         4,         0,   0.410,exact_mw,f9150cfe85f50f836847c36ad2ae87630c9c57ffb089ec5b7bc3bfd70d60b4e6,"{""distance"":7,""physical_error_rate"":0.1}","{""detection_events"":1385,""detectors_checked"":4816,""obs_mistake_mask=E"":4}"
        64,         0,         0,   0.857,exact_mw,6534c274fb8721060716b040ba5484c43e0fb249b656ad44721a05b8b1f26839,"{""distance"":7,""physical_error_rate"":0.005}","{""detection_events"":972,""detectors_checked"":38528}"
       512,         0,         0,   0.434,exact_mw,fe773c48422346d89ea42b7ea8a90aa3034802874175ef2bfbcd9fbedf677903,"{""distance"":7,""physical_error_rate"":0.001}","{""detection_events"":1404,""detectors_checked"":308224}"
       256,         0,         0,   0.825,exact_mw,8842ec4fe0f86aba00650008f7f408db45344cfb5a30f76b1f2c0fb50a8d5069,"{""distance"":7,""physical_error_rate"":0.002}","{""detection_events"":1363,""detectors_checked"":154112}"
        16,         9,         0,   0.866,exact_mw,1139365a790276c3ba84287e63684848c12003621d3197abf32cb0073f10eb73,"{""distance"":7,""physical_error_rate"":0.5}","{""detection_events"":4792,""detectors_checked"":9632,""obs_mistake_mask=E"":9}"
         8,         5,         0,   0.466,exact_mw,f9150cfe85f50f836847c36ad2ae87630c9c57ffb089ec5b7bc3bfd70d60b4e6,"{""distance"":7,""physical_error_rate"":0.1}","{""detection_events"":1410,""detectors_checked"":4816,""obs_mistake_mask=E"":5}"
        32,         0,         0,   0.714,exact_mw,6534c274fb8721060716b040ba5484c43e0fb249b656ad44721a05b8b1f26839,"{""distance"":7,""physical_error_rate"":0.005}","{""detection_events"":482,""detectors_checked"":19264}"
      5120,         0,         0,    1.16,exact_mw,09f626b7d1c8765fd231bc36902f9c5557d3909c4644565b971bdb2bfb186061,"{""distance"":7,""physical_error_rate"":0.0005}","{""detection_events"":7990,""detectors_checked"":3082240}"
         8,         5,         0,   0.419,exact_mw,71f8db422891223299ae011becf33408912e3bc5d092c7605a1191bb559146e7,"{""distance"":7,""physical_error_rate"":0.2}","{""detection_events"":1933,""detectors_checked"":4816,""obs_mistake_mask=E"":5}"
        32,        15,         0,    1.32,exact_mw,71f8db422891223299ae011becf33408912e3bc5d092c7605a1191bb559146e7,"{""distance"":7,""physical_error_rate"":0.2}","{""detection_events"":7955,""detectors_checked"":19264,""obs_mistake_mask=E"":15}"
      5120,         0,         0,   0.818,exact_mw,09f626b7d1c8765fd231bc36902f9c5557d3909c4644565b971bdb2bfb186061,"{""distance"":7,""physical_error_rate"":0.0005}","{""detection_events"":7433,""detectors_checked"":3082240}"
         8,         3,         0,   0.644,exact_mw,71f8db422891223299ae011becf33408912e3bc5d092c7605a1191bb559146e7,"{""distance"":7,""physical_error_rate"":0.2}","{""detection_events"":2020,""detectors_checked"":4816,""obs_mistake_mask=E"":3}"
        16,         0,         0,   0.607,exact_mw,b41993e7ca3a4c05067df83ef8f718f9a600cbd2ba374313e90f16e7f7d75967,"{""distance"":7,""physical_error_rate"":0.02}","{""detection_events"":829,""detectors_checked"":9632}"
         8,         3,         0,   0.444,exact_mw,1139365a790276c3ba84287e63684848c12003621d3197abf32cb0073f10eb73,"{""distance"":7,""physical_error_rate"":0.5}","{""detection_events"":2387,""detectors_checked"":4816,""obs_mistake_mask=E"":3}"
      2560,         0,         0,    1.94,exact_mw,fe773c48422346d89ea42b7ea8a90aa3034802874175ef2bfbcd9fbedf677903,"{""distance"":7,""physical_error_rate"":0.001}","{""detection_events"":7391,""detectors_checked"":1541120}"
        16,         7,         0,    1.03,exact_mw,7d64b8fd090c698681db305e92f59b9c863e7db993aba97a5e8c48562d7de8f2,"{""distance"":7,""physical_error_rate"":0.05}","{""detection_events"":1833,""detectors_checked"":9632,""obs_mistake_mask=E"":7}"
        32,        11,         0,    1.38,exact_mw,7d64b8fd090c698681db305e92f59b9c863e7db993aba97a5e8c48562d7de8f2,"{""distance"":7,""physical_error_rate"":0.05}","{""detection_events"":3627,""detectors_checked"":19264,""obs_mistake_mask=E"":11}"
         8,         3,         0,   0.564,exact_mw,f9150cfe85f50f836847c36ad2ae87630c9c57ffb089ec5b7bc3bfd70d60b4e6,"{""distance"":7,""physical_error_rate"":0.1}","{""detection_events"":1396,""detectors_checked"":4816,""obs_mistake_mask=E"":3}"
       128,         0,         0,   0.459,exact_mw,8842ec4fe0f86aba00650008f7f408db45344cfb5a30f76b1f2c0fb50a8d5069,"{""distance"":7,""physical_error_rate"":0.002}","{""detection_events"":706,""detectors_checked"":77056}"
    254976,         0,         0,    3.02,exact_mw,3793e887e6c3b4d5eff59c5eb9bbee88cf92e7a28a48243659e8f8373a61c55f,"{""distance"":7,""physical_error_rate"":5e-05}","{""detection_events"":37759,""detectors_checked"":153495552}"
       512,         0,         0,   0.314,exact_mw,fe773c48422346d89ea42b7ea8a90aa3034802874175ef2bfbcd9fbedf677903,"{""distance"":7,""physical_error_rate"":0.001}","{""detection_events"":1651,""detectors_checked"":308224}"
     61440,         0,         0,    1.55,exact_mw,a6f040f5268ba168f94c6ccce4ff822b1b844608631bba2e2b8dc7ec85b1e503,"{""distance"":7,""physical_error_rate"":0.0002}","{""detection_events"":36061,""detectors_checked"":36986880}"
    114688,         0,         0,    1.54,exact_mw,3793e887e6c3b4d5eff59c5eb9bbee88cf92e7a28a48243659e8f8373a61c55f,"{""distance"":7,""physical_error_rate"":5e-05}","{""detection_events"":16789,""detectors_checked"":69042176}"
         8,         3,         0,   0.423,exact_mw,f9150cfe85f50f836847c36ad2ae87630c9c57ffb089ec5b7bc3bfd70d60b4e6,"{""distance"":7,""physical_error_rate"":0.1}","{""detection_events"":1367,""detectors_checked"":4816,""obs_mistake_mask=E"":3}"
        16,         6,         0,   0.825,exact_mw,f9150cfe85f50f836847c36ad2ae87630c9c57ffb089ec5b7bc3bfd70d60b4e6,"{""distance"":7,""physical_error_rate"":0.1}","{""detection_events"":2893,""detectors_checked"":9632,""obs_mistake_mask=E"":6}"
        16,         8,         0,   0.923,exact_mw,71f8db422891223299ae011becf33408912e3bc5d092c7605a1191bb559146e7,"{""distance"":7,""physical_error_rate"":0.2}","{""detection_events"":3921,""detectors_checked"":9632,""obs_mistake_mask=E"":8}"
     79872,         0,         0,    1.10,exact_mw,3793e887e6c3b4d5eff59c5eb9bbee88cf92e7a28a48243659e8f8373a61c55f,"{""distance"":7,""physical_error_rate"":5e-05}","{""detection_events"":11417,""detectors_checked"":48082944}"
         8,         2,         0,   0.416,exact_mw,71f8db422891223299ae011becf33408912e3bc5d092c7605a1191bb559146e7,"{""distance"":7,""physical_error_rate"":0.2}","{""detection_events"":1975,""detectors_checked"":4816,""obs_mistake_mask=E"":2}"
        32,         0,         0,    1.13,exact_mw,b41993e7ca3a4c05067df83ef8f718f9a600cbd2ba374313e90f16e7f7d75967,"{""distance"":7,""physical_error_rate"":0.02}","{""detection_events"":1609,""detectors_checked"":19264}"
       256,         0,         0,    1.00,exact_mw,8842ec4fe0f86aba00650008f7f408db45344cfb5a30f76b1f2c0fb50a8d5069,"{""distance"":7,""physical_error_rate"":0.002}","{""detection_events"":1448,""detectors_checked"":154112}"
    141312,         0,         0,    3.04,exact_mw,a6f040f5268ba168f94c6ccce4ff822b1b844608631bba2e2b8dc7ec85b1e503,"{""distance"":7,""physical_error_rate"":0.0002}","{""detection_events"":83636,""detectors_checked"":85069824}"
       384,         0,         0,    1.61,exact_mw,8842ec4fe0f86aba00650008f7f408db45344cfb5a30f76b1f2c0fb50a8d5069,"{""distance"":7,""physical_error_rate"":0.002}","{""detection_events"":2201,""detectors_checked"":231168}"
        32,         0,         0,    1.19,exact_mw,b41993e7ca3a4c05067df83ef8f718f9a600cbd2ba374313e90f16e7f7d75967,"{""distance"":7,""physical_error_rate"":0.02}","{""detection_events"":1838,""detectors_checked"":19264}"
      9216,         0,         0,    1.20,exact_mw,09f626b7d1c8765fd231bc36902f9c5557d3909c4644565b971bdb2bfb186061,"{""distance"":7,""physical_error_rate"":0.0005}","{""detection_events"":13658,""detectors_checked"":5548032}"
      7168,         0,         0,    1.27,exact_mw,09f626b7d1c8765fd231bc36902f9c5557d3909c4644565b971bdb2bfb186061,"{""distance"":7,""physical_error_rate"":0.0005}","{""detection_events"":10873,""detectors_checked"":4315136}"
        48,        26,         0,    2.49,exact_mw,71f8db422891223299ae011becf33408912e3bc5d092c7605a1191bb559146e7,"{""distance"":7,""physical_error_rate"":0.2}","{""detection_events"":11751,""detectors_checked"":28896,""obs_mistake_mask=E"":26}"
        64,         1,         0,    1.91,exact_mw,f4817e2f6bf0dfc41195700a9244a7f66964db0e79ea1302ca6e9f2465062a32,"{""distance"":7,""physical_error_rate"":0.01}","{""detection_events"":1849,""detectors_checked"":38528,""obs_mistake_mask=E"":1}"
        40,        24,         0,    1.92,exact_mw,1139365a790276c3ba84287e63684848c12003621d3197abf32cb0073f10eb73,"{""distance"":7,""physical_error_rate"":0.5}","{""detection_events"":12123,""detectors_checked"":24080,""obs_mistake_mask=E"":24}"
    224256,         0,         0,    3.04,exact_mw,894a5a708293b7bd3951925e43ae0371ba83736430ed1970399611b4deb8498b,"{""distance"":7,""physical_error_rate"":0.0001}","{""detection_events"":67369,""detectors_checked"":135002112}"
       512,         0,         0,   0.447,exact_mw,fe773c48422346d89ea42b7ea8a90aa3034802874175ef2bfbcd9fbedf677903,"{""distance"":7,""physical_error_rate"":0.001}","{""detection_events"":1450,""detectors_checked"":308224}"
         8,         5,         0,   0.624,exact_mw,71f8db422891223299ae011becf33408912e3bc5d092c7605a1191bb559146e7,"{""distance"":7,""physical_error_rate"":0.2}","{""detection_events"":1962,""detectors_checked"":4816,""obs_mistake_mask=E"":5}"
        16,         1,         0,   0.592,exact_mw,b41993e7ca3a4c05067df83ef8f718f9a600cbd2ba374313e90f16e7f7d75967,"{""distance"":7,""physical_error_rate"":0.02}","{""detection_events"":805,""detectors_checked"":9632,""obs_mistake_mask=E"":1}"
         8,         4,         0,   0.410,exact_mw,f9150cfe85f50f836847c36ad2ae87630c9c57ffb089ec5b7bc3bfd70d60b4e6,"{""distance"":7,""physical_error_rate"":0.1}","{""detection_events"":1363,""detectors_checked"":4816,""obs_mistake_mask=E"":4}"
         8,         5,         0,   0.569,exact_mw,f9150cfe85f50f836847c36ad2ae87630c9c57ffb089ec5b7bc3bfd70d60b4e6,"{""distance"":7,""physical_error_rate"":0.1}","{""detection_events"":1477,""detectors_checked"":4816,""obs_mistake_mask=E"":5}"
        64,         0,         0,   0.813,exact_mw,6534c274fb8721060716b040ba5484c43e0fb249b656ad44721a05b8b1f26839,"{""distance"":7,""physical_error_rate"":0.005}","{""detection_events"":867,""detectors_checked"":38528}"
        16,         4,         0,   0.866,exact_mw,f9150cfe85f50f836847c36ad2ae87630c9c57ffb089ec5b7bc3bfd70d60b4e6,"{""distance"":7,""physical_error_rate"":0.1}","{""detection_events"":2779,""detectors_checked"":9632,""obs_mistake_mask=E"":4}"
        64,         0,         0,   0.906,exact_mw,6534c274fb8721060716b040ba5484c43e0fb249b656ad44721a05b8b1f26839,"{""distance"":7,""physical_error_rate"":0.005}","{""detection_events"":1001,""detectors_checked"":38528}"
         8,         1,         0,   0.406,exact_mw,71f8db422891223299ae011becf33408912e3bc5d092c7605a1191bb559146e7,"{""distance"":7,""physical_error_rate"":0.2}","{""detection_events"":2040,""detectors_checked"":4816,""obs_mistake_mask=E"":1}"
        64,         0,         0,    1.58,exact_mw,f4817e2f6bf0dfc41195700a9244a7f66964db0e79ea1302ca6e9f2465062a32,"{""distance"":7,""physical_error_rate"":0.01}","{""detection_events"":1732,""detectors_checked"":38528}"
      2560,         0,         0,    2.20,exact_mw,fe773c48422346d89ea42b7ea8a90aa3034802874175ef2bfbcd9fbedf677903,"{""distance"":7,""physical_error_rate"":0.001}","{""detection_events"":7465,""detectors_checked"":1541120}"
       128,         0,         0,   0.796,exact_mw,8842ec4fe0f86aba00650008f7f408db45344cfb5a30f76b1f2c0fb50a8d5069,"{""distance"":7,""physical_error_rate"":0.002}","{""detection_events"":775,""detectors_checked"":77056}"
       512,         0,         0,    1.71,exact_mw,8842ec4fe0f86aba00650008f7f408db45344cfb5a30f76b1f2c0fb50a8d5069,"{""distance"":7,""physical_error_rate"":0.002}","{""detection_events"":3053,""detectors_checked"":308224}"
        16,         7,         0,   0.870,exact_mw,1139365a790276c3ba84287e63684848c12003621d3197abf32cb0073f10eb73,"{""distance"":7,""physical_error_rate"":0.5}","{""detection_events"":4803,""detectors_checked"":9632,""obs_mistake_mask=E"":7}"
        24,         8,         0,    1.17,exact_mw,f9150cfe85f50f836847c36ad2ae87630c9c57ffb089ec5b7bc3bfd70d60b4e6,"{""distance"":7,""physical_error_rate"":0.1}","{""detection_events"":4104,""detectors_checked"":14448,""obs_mistake_mask=E"":8}"
     66560,         0,         0,    1.56,exact_mw,a6f040f5268ba168f94c6ccce4ff822b1b844608631bba2e2b8dc7ec85b1e503,"{""distance"":7,""physical_error_rate"":0.0002}","{""detection_events"":39359,""detectors_checked"":40069120}"
       256,         0,         0,    1.22,exact_mw,8842ec4fe0f86aba00650008f7f408db45344cfb5a30f76b1f2c0fb50a8d5069,"{""distance"":7,""physical_error_rate"":0.002}","{""detection_events"":1538,""detectors_checked"":154112}"
         8,         4,         0,   0.415,exact_mw,f9150cfe85f50f836847c36ad2ae87630c9c57ffb089ec5b7bc3bfd70d60b4e6,"{""distance"":7,""physical_error_rate"":0.1}","{""detection_events"":1353,""detectors_checked"":4816,""obs_mistake_mask=E"":4}"
        16,         6,         0,    1.04,exact_mw,7d64b8fd090c698681db305e92f59b9c863e7db993aba97a5e8c48562d7de8f2,"{""distance"":7,""physical_error_rate"":0.05}","{""detection_events"":1814,""detectors_checked"":9632,""obs_mistake_mask=E"":6}"
      7168,         0,         0,    1.15,exact_mw,09f626b7d1c8765fd231bc36902f9c5557d3909c4644565b971bdb2bfb186061,"{""distance"":7,""physical_error_rate"":0.0005}","{""detection_events"":10869,""detectors_checked"":4315136}"
        24,         9,         0,    1.31,exact_mw,1139365a790276c3ba84287e63684848c12003621d3197abf32cb0073f10eb73,"{""distance"":7,""physical_error_rate"":0.5}","{""detection_events"":7230,""detectors_checked"":14448,""obs_mistake_mask=E"":9}"
        16,         6,         0,   0.897,exact_mw,71f8db422891223299ae011becf33408912e3bc5d092c7605a1191bb559146e7,"{""distance"":7,""physical_error_rate"":0.2}","{""detection_events"":4042,""detectors_checked"":9632,""obs_mistake_mask=E"":6}"
    107520,         0,         0,    1.55,exact_mw,3793e887e6c3b4d5eff59c5eb9bbee88cf92e7a28a48243659e8f8373a61c55f,"{""distance"":7,""physical_error_rate"":5e-05}","{""detection_events"":15686,""detectors_checked"":64727040}"
        16,         0,         0,   0.585,exact_mw,b41993e7ca3a4c05067df83ef8f718f9a600cbd2ba374313e90f16e7f7d75967,"{""distance"":7,""physical_error_rate"":0.02}","{""detection_events"":913,""detectors_checked"":9632}"
         8,         4,         0,   0.461,exact_mw,71f8db422891223299ae011becf33408912e3bc5d092c7605a1191bb559146e7,"{""distance"":7,""physical_error_rate"":0.2}","{""detection_events"":1975,""detectors_checked"":4816,""obs_mistake_mask=E"":4}"
     77824,         0,         0,    1.56,exact_mw,894a5a708293b7bd3951925e43ae0371ba83736430ed1970399611b4deb8498b,"{""distance"":7,""physical_error_rate"":0.0001}","{""detection_events"":22972,""detectors_checked"":46850048}"
         8,         4,         0,   0.626,exact_mw,71f8db422891223299ae011becf33408912e3bc5d092c7605a1191bb559146e7,"{""distance"":7,""physical_error_rate"":0.2}","{""detection_events"":1959,""detectors_checked"":4816,""obs_mistake_mask=E"":4}"
       128,         1,         0,    1.77,exact_mw,6534c274fb8721060716b040ba5484c43e0fb249b656ad44721a05b8b1f26839,"{""distance"":7,""physical_error_rate"":0.005}","{""detection_events"":1935,""detectors_checked"":77056,""obs_mistake_mask=E"":1}"
         8,         6,         0,   0.592,exact_mw,f9150cfe85f50f836847c36ad2ae87630c9c57ffb089ec5b7bc3bfd70d60b4e6,"{""distance"":7,""physical_error_rate"":0.1}","{""detection_events"":1418,""detectors_checked"":4816,""obs_mistake_mask=E"":6}"
        48,        13,         0,    2.18,exact_mw,7d64b8fd090c698681db305e92f59b9c863e7db993aba97a5e8c48562d7de8f2,"{""distance"":7,""physical_error_rate"":0.05}","{""detection_events"":5310,""detectors_checked"":28896,""obs_mistake_mask=E"":13}"
        32,         0,         0,   0.605,exact_mw,6534c274fb8721060716b040ba5484c43e0fb249b656ad44721a05b8b1f26839,"{""distance"":7,""physical_error_rate"":0.005}","{""detection_events"":484,""detectors_checked"":19264}"
       128,         1,         0,    1.79,exact_mw,6534c274fb8721060716b040ba5484c43e0fb249b656ad44721a05b8b1f26839,"{""distance"":7,""physical_error_rate"":0.005}","{""detection_events"":1773,""detectors_checked"":77056,""obs_mistake_mask=E"":1}"
        48,         4,         0,    1.72,exact_mw,b41993e7ca3a4c05067df83ef8f718f9a600cbd2ba374313e90f16e7f7d75967,"{""distance"":7,""physical_error_rate"":0.02}","{""detection_events"":2555,""detectors_checked"":28896,""obs_mistake_mask=E"":4}"
        40,        21,         0,    2.75,exact_mw,1139365a790276c3ba84287e63684848c12003621d3197abf32cb0073f10eb73,"{""distance"":7,""physical_error_rate"":0.5}","{""detection_events"":11955,""detectors_checked"":24080,""obs_mistake_mask=E"":21}"
        24,        10,         0,    1.15,exact_mw,f9150cfe85f50f836847c36ad2ae87630c9c57ffb089ec5b7bc3bfd70d60b4e6,"{""distance"":7,""physical_error_rate"":0.1}","{""detection_events"":4282,""detectors_checked"":14448,""obs_mistake_mask=E"":10}"
       128,         0,         0,   0.522,exact_mw,8842ec4fe0f86aba00650008f7f408db45344cfb5a30f76b1f2c0fb50a8d5069,"{""distance"":7,""physical_error_rate"":0.002}","{""detection_events"":761,""detectors_checked"":77056}"
        40,        14,         0,    1.81,exact_mw,7d64b8fd090c698681db305e92f59b9c863e7db993aba97a5e8c48562d7de8f2,"{""distance"":7,""physical_error_rate"":0.05}","{""detection_events"":4320,""detectors_checked"":24080,""obs_mistake_mask=E"":14}"
         8,         4,         0,   0.411,exact_mw,f9150cfe85f50f836847c36ad2ae87630c9c57ffb089ec5b7bc3bfd70d60b4e6,"{""distance"":7,""physical_error_rate"":0.1}","{""detection_events"":1319,""detectors_checked"":4816,""obs_mistake_mask=E"":4}"
      1024,         0,         0,   0.881,exact_mw,fe773c48422346d89ea42b7ea8a90aa3034802874175ef2bfbcd9fbedf677903,"{""distance"":7,""physical_error_rate"":0.001}","{""detection_events"":3056,""detectors_checked"":616448}"
      8192,         0,         0,    1.65,exact_mw,09f626b7d1c8765fd231bc36902f9c5557d3909c4644565b971bdb2bfb186061,"{""distance"":7,""physical_error_rate"":0.0005}","{""detection_events"":12016,""detectors_checked"":4931584}"
        16,        10,         0,   0.828,exact_mw,f9150cfe85f50f836847c36ad2ae87630c9c57ffb089ec5b7bc3bfd70d60b4e6,"{""distance"":7,""physical_error_rate"":0.1}","{""detection_events"":2761,""detectors_checked"":9632,""obs_mistake_mask=E"":10}"
        96,         0,         0,    2.37,exact_mw,f4817e2f6bf0dfc41195700a9244a7f66964db0e79ea1302ca6e9f2465062a32,"{""distance"":7,""physical_error_rate"":0.01}","{""detection_events"":2558,""detectors_checked"":57792}"
        32,        15,         0,    1.72,exact_mw,71f8db422891223299ae011becf33408912e3bc5d092c7605a1191bb559146e7,"{""distance"":7,""physical_error_rate"":0.2}","{""detection_events"":7899,""detectors_checked"":19264,""obs_mistake_mask=E"":15}"
        16,         8,         0,   0.842,exact_mw,1139365a790276c3ba84287e63684848c12003621d3197abf32cb0073f10eb73,"{""distance"":7,""physical_error_rate"":0.5}","{""detection_events"":4716,""detectors_checked"":9632,""obs_mistake_mask=E"":8}"
        16,         0,         0,   0.577,exact_mw,b41993e7ca3a4c05067df83ef8f718f9a600cbd2ba374313e90f16e7f7d75967,"{""distance"":7,""physical_error_rate"":0.02}","{""detection_events"":845,""detectors_checked"":9632}"
       128,         0,         0,   0.412,exact_mw,8842ec4fe0f86aba00650008f7f408db45344cfb5a30f76b1f2c0fb50a8d5069,"{""distance"":7,""physical_error_rate"":0.002}","{""detection_events"":650,""detectors_checked"":77056}"
         8,         5,         0,   0.578,exact_mw,f9150cfe85f50f836847c36ad2ae87630c9c57ffb089ec5b7bc3bfd70d60b4e6,"{""distance"":7,""physical_error_rate"":0.1}","{""detection_events"":1423,""detectors_checked"":4816,""obs_mistake_mask=E"":5}"
        40,        14,         0,    1.77,exact_mw,7d64b8fd090c698681db305e92f59b9c863e7db993aba97a5e8c48562d7de8f2,"{""distance"":7,""physical_error_rate"":0.05}","{""detection_events"":4286,""detectors_checked"":24080,""obs_mistake_mask=E"":14}"
    107520,         0,         0,    1.56,exact_mw,3793e887e6c3b4d5eff59c5eb9bbee88cf92e7a28a48243659e8f8373a61c55f,"{""distance"":7,""physical_error_rate"":5e-05}","{""detection_events"":16016,""detectors_checked"":64727040}"
         8,         5,         0,   0.422,exact_mw,f9150cfe85f50f836847c36ad2ae87630c9c57ffb089ec5b7bc3bfd70d60b4e6,"{""distance"":7,""physical_error_rate"":0.1}","{""detection_events"":1347,""detectors_checked"":4816,""obs_mistake_mask=E"":5}"
       384,         0,         0,    1.57,exact_mw,8842ec4fe0f86aba00650008f7f408db45344cfb5a30f76b1f2c0fb50a8d5069,"{""distance"":7,""physical_error_rate"":0.002}","{""detection_events"":2296,""detectors_checked"":231168}"
       256,         0,         0,   0.911,exact_mw,8842ec4fe0f86aba00650008f7f408db45344cfb5a30f76b1f2c0fb50a8d5069,"{""distance"":7,""physical_error_rate"":0.002}","{""detection_events"":1456,""detectors_checked"":154112}"
     21504,         0,         0,    3.12,exact_mw,09f626b7d1c8765fd231bc36902f9c5557d3909c4644565b971bdb2bfb186061,"{""distance"":7,""physical_error_rate"":0.0005}","{""detection_events"":31376,""detectors_checked"":12945408}"
      2048,         0,         0,    1.98,exact_mw,fe773c48422346d89ea42b7ea8a90aa3034802874175ef2bfbcd9fbedf677903,"{""distance"":7,""physical_error_rate"":0.001}","{""detection_events"":5936,""detectors_checked"":1232896}"
        16,        10,         0,   0.850,exact_mw,71f8db422891223299ae011becf33408912e3bc5d092c7605a1191bb559146e7,"{""distance"":7,""physical_error_rate"":0.2}","{""detection_events"":3974,""detectors_checked"":9632,""obs_mistake_mask=E"":10}"
      9216,         0,         0,    1.58,exact_mw,09f626b7d1c8765fd231bc36902f9c5557d3909c4644565b971bdb2bfb186061,"{""distance"":7,""physical_error_rate"":0.0005}","{""detection_events"":13892,""detectors_checked"":5548032}"
        48,         2,         0,    1.79,exact_mw,b41993e7ca3a4c05067df83ef8f718f9a600cbd2ba374313e90f16e7f7d75967,"{""distance"":7,""physical_error_rate"":0.02}","{""detection_events"":2580,""detectors_checked"":28896,""obs_mistake_mask=E"":2}"
     12288,         0,         0,    1.69,exact_mw,09f626b7d1c8765fd231bc36902f9c5557d3909c4644565b971bdb2bfb186061,"{""distance"":7,""physical_error_rate"":0.0005}","{""detection_events"":18106,""detectors_checked"":7397376}"
        48,         1,         0,    1.73,exact_mw,b41993e7ca3a4c05067df83ef8f718f9a600cbd2ba374313e90f16e7f7d75967,"{""distance"":7,""physical_error_rate"":0.02}","{""detection_events"":2480,""detectors_checked"":28896,""obs_mistake_mask=E"":1}"
        64,         0,         0,   0.933,exact_mw,6534c274fb8721060716b040ba5484c43e0fb249b656ad44721a05b8b1f26839,"{""distance"":7,""physical_error_rate"":0.005}","{""detection_events"":970,""detectors_checked"":38528}"
         8,         4,         0,   0.407,exact_mw,f9150cfe85f50f836847c36ad2ae87630c9c57ffb089ec5b7bc3bfd70d60b4e6,"{""distance"":7,""physical_error_rate"":0.1}","{""detection_events"":1436,""detectors_checked"":4816,""obs_mistake_mask=E"":4}"
       128,         0,         0,   0.506,exact_mw,8842ec4fe0f86aba00650008f7f408db45344cfb5a30f76b1f2c0fb50a8d5069,"{""distance"":7,""physical_error_rate"":0.002}","{""detection_events"":661,""detectors_checked"":77056}"
     84992,         0,         0,    2.17,exact_mw,a6f040f5268ba168f94c6ccce4ff822b1b844608631bba2e2b8dc7ec85b1e503,"{""distance"":7,""physical_error_rate"":0.0002}","{""detection_events"":50707,""detectors_checked"":51165184}"
        24,         9,         0,    1.29,exact_mw,7d64b8fd090c698681db305e92f59b9c863e7db993aba97a5e8c48562d7de8f2,"{""distance"":7,""physical_error_rate"":0.05}","{""detection_events"":2872,""detectors_checked"":14448,""obs_mistake_mask=E"":9}"
        16,         0,         0,   0.597,exact_mw,b41993e7ca3a4c05067df83ef8f718f9a600cbd2ba374313e90f16e7f7d75967,"{""distance"":7,""physical_error_rate"":0.02}","{""detection_events"":752,""detectors_checked"":9632}"
    153600,         0,         0,    2.17,exact_mw,3793e887e6c3b4d5eff59c5eb9bbee88cf92e7a28a48243659e8f8373a61c55f,"{""distance"":7,""physical_error_rate"":5e-05}","{""detection_events"":23182,""detectors_checked"":92467200}"
         8,         5,         0,   0.590,exact_mw,f9150cfe85f50f836847c36ad2ae87630c9c57ffb089ec5b7bc3bfd70d60b4e6,"{""distance"":7,""physical_error_rate"":0.1}","{""detection_events"":1380,""detectors_checked"":4816,""obs_mistake_mask=E"":5}"
        24,        10,         0,    1.26,exact_mw,71f8db422891223299ae011becf33408912e3bc5d092c7605a1191bb559146e7,"{""distance"":7,""physical_error_rate"":0.2}","{""detection_events"":5930,""detectors_checked"":14448,""obs_mistake_mask=E"":10}"
        24,         9,         0,    1.55,exact_mw,f9150cfe85f50f836847c36ad2ae87630c9c57ffb089ec5b7bc3bfd70d60b4e6,"{""distance"":7,""physical_error_rate"":0.1}","{""detection_events"":4297,""detectors_checked"":14448,""obs_mistake_mask=E"":9}"
       128,         0,         0,    1.75,exact_mw,6534c274fb8721060716b040ba5484c43e0fb249b656ad44721a05b8b1f26839,"{""distance"":7,""physical_error_rate"":0.005}","{""detection_events"":1876,""detectors_checked"":77056}"
        16,         9,         0,    1.27,exact_mw,71f8db422891223299ae011becf33408912e3bc5d092c7605a1191bb559146e7,"{""distance"":7,""physical_error_rate"":0.2}","{""detection_events"":3883,""detectors_checked"":9632,""obs_mistake_mask=E"":9}"
        24,        11,         0,    1.15,exact_mw,f9150cfe85f50f836847c36ad2ae87630c9c57ffb089ec5b7bc3bfd70d60b4e6,"{""distance"":7,""physical_error_rate"":0.1}","{""detection_events"":4229,""detectors_checked"":14448,""obs_mistake_mask=E"":11}"
      1024,         0,         0,    1.05,exact_mw,fe773c48422346d89ea42b7ea8a90aa3034802874175ef2bfbcd9fbedf677903,"{""distance"":7,""physical_error_rate"":0.001}","{""detection_events"":3189,""detectors_checked"":616448}"
         8,         6,         0,   0.410,exact_mw,f9150cfe85f50f836847c36ad2ae87630c9c57ffb089ec5b7bc3bfd70d60b4e6,"{""distance"":7,""physical_error_rate"":0.1}","{""detection_events"":1365,""detectors_checked"":4816,""obs_mistake_mask=E"":6}"
        80,         0,         0,    2.20,exact_mw,f4817e2f6bf0dfc41195700a9244a7f66964db0e79ea1302ca6e9f2465062a32,"{""distance"":7,""physical_error_rate"":0.01}","{""detection_events"":2133,""detectors_checked"":48160}"
     12288,         0,         0,    1.68,exact_mw,09f626b7d1c8765fd231bc36902f9c5557d3909c4644565b971bdb2bfb186061,"{""distance"":7,""physical_error_rate"":0.0005}","{""detection_events"":18065,""detectors_checked"":7397376}"
        32,        23,         0,    1.74,exact_mw,1139365a790276c3ba84287e63684848c12003621d3197abf32cb0073f10eb73,"{""distance"":7,""physical_error_rate"":0.5}","{""detection_events"":9506,""detectors_checked"":19264,""obs_mistake_mask=E"":23}"
        48,        20,         0,    2.32,exact_mw,1139365a790276c3ba84287e63684848c12003621d3197abf32cb0073f10eb73,"{""distance"":7,""physical_error_rate"":0.5}","{""detection_events"":14519,""detectors_checked"":28896,""obs_mistake_mask=E"":20}"
       128,         0,         0,   0.571,exact_mw,8842ec4fe0f86aba00650008f7f408db45344cfb5a30f76b1f2c0fb50a8d5069,"{""distance"":7,""physical_error_rate"":0.002}","{""detection_events"":811,""detectors_checked"":77056}"
        24,         9,         0,    1.37,exact_mw,f9150cfe85f50f836847c36ad2ae87630c9c57ffb089ec5b7bc3bfd70d60b4e6,"{""distance"":7,""physical_error_rate"":0.1}","{""detection_events"":4280,""detectors_checked"":14448,""obs_mistake_mask=E"":9}"
       256,         0,         0,    1.01,exact_mw,8842ec4fe0f86aba00650008f7f408db45344cfb5a30f76b1f2c0fb50a8d5069,"{""distance"":7,""physical_error_rate"":0.002}","{""detection_events"":1490,""detectors_checked"":154112}"
       640,         0,         0,    2.61,exact_mw,8842ec4fe0f86aba00650008f7f408db45344cfb5a30f76b1f2c0fb50a8d5069,"{""distance"":7,""physical_error_rate"":0.002}","{""detection_events"":3800,""detectors_checked"":385280}"
        16,         6,         0,   0.933,exact_mw,71f8db422891223299ae011becf33408912e3bc5d092c7605a1191bb559146e7,"{""distance"":7,""physical_error_rate"":0.2}","{""detection_events"":3984,""detectors_checked"":9632,""obs_mistake_mask=E"":6}"
        24,        11,         0,    1.28,exact_mw,1139365a790276c3ba84287e63684848c12003621d3197abf32cb0073f10eb73,"{""distance"":7,""physical_error_rate"":0.5}","{""detection_events"":7250,""detectors_checked"":14448,""obs_mistake_mask=E"":11}"
       640,         0,         0,    2.29,exact_mw,8842ec4fe0f86aba00650008f7f408db45344cfb5a30f76b1f2c0fb50a8d5069,"{""distance"":7,""physical_error_rate"":0.002}","{""detection_events"":3608,""detectors_checked"":385280}"
     89088,         0,         0,    2.17,exact_mw,a6f040f5268ba168f94c6ccce4ff822b1b844608631bba2e2b8dc7ec85b1e503,"{""distance"":7,""physical_error_rate"":0.0002}","{""detection_events"":53740,""detectors_checked"":53630976}"
        32,        17,         0,    1.63,exact_mw,71f8db422891223299ae011becf33408912e3bc5d092c7605a1191bb559146e7,"{""distance"":7,""physical_error_rate"":0.2}","{""detection_events"":7780,""detectors_checked"":19264,""obs_mistake_mask=E"":17}"
    169984,         0,         0,    2.15,exact_mw,3793e887e6c3b4d5eff59c5eb9bbee88cf92e7a28a48243659e8f8373a61c55f,"{""distance"":7,""physical_error_rate"":5e-05}","{""detection_events"":24904,""detectors_checked"":102330368}"
        96,         0,         0,    2.61,exact_mw,f4817e2f6bf0dfc41195700a9244a7f66964db0e79ea1302ca6e9f2465062a32,"{""distance"":7,""physical_error_rate"":0.01}","{""detection_events"":2620,""detectors_checked"":57792}"
    114688,         0,         0,    2.17,exact_mw,894a5a708293b7bd3951925e43ae0371ba83736430ed1970399611b4deb8498b,"{""distance"":7,""physical_error_rate"":0.0001}","{""detection_events"":34073,""detectors_checked"":69042176}"
    197632,         0,         0,    4.25,exact_mw,a6f040f5268ba168f94c6ccce4ff822b1b844608631bba2e2b8dc7ec85b1e503,"{""distance"":7,""physical_error_rate"":0.0002}","{""detection_events"":116433,""detectors_checked"":118974464}"
        16,         3,         0,   0.815,exact_mw,f9150cfe85f50f836847c36ad2ae87630c9c57ffb089ec5b7bc3bfd70d60b4e6,"{""distance"":7,""physical_error_rate"":0.1}","{""detection_events"":2783,""detectors_checked"":9632,""obs_mistake_mask=E"":3}"
        64,         2,         0,    2.24,exact_mw,b41993e7ca3a4c05067df83ef8f718f9a600cbd2ba374313e90f16e7f7d75967,"{""distance"":7,""physical_error_rate"":0.02}","{""detection_events"":3250,""detectors_checked"":38528,""obs_mistake_mask=E"":2}"
        16,         9,         0,    1.19,exact_mw,f9150cfe85f50f836847c36ad2ae87630c9c57ffb089ec5b7bc3bfd70d60b4e6,"{""distance"":7,""physical_error_rate"":0.1}","{""detection_events"":2974,""detectors_checked"":9632,""obs_mistake_mask=E"":9}"
        32,         1,         0,    1.31,exact_mw,b41993e7ca3a4c05067df83ef8f718f9a600cbd2ba374313e90f16e7f7d75967,"{""distance"":7,""physical_error_rate"":0.02}","{""detection_events"":1722,""detectors_checked"":19264,""obs_mistake_mask=E"":1}"
       192,         0,         0,    2.50,exact_mw,6534c274fb8721060716b040ba5484c43e0fb249b656ad44721a05b8b1f26839,"{""distance"":7,""physical_error_rate"":0.005}","{""detection_events"":2666,""detectors_checked"":115584}"
     14336,         0,         0,    2.24,exact_mw,09f626b7d1c8765fd231bc36902f9c5557d3909c4644565b971bdb2bfb186061,"{""distance"":7,""physical_error_rate"":0.0005}","{""detection_events"":20771,""detectors_checked"":8630272}"
        16,         7,         0,    1.24,exact_mw,71f8db422891223299ae011becf33408912e3bc5d092c7605a1191bb559146e7,"{""distance"":7,""physical_error_rate"":0.2}","{""detection_events"":3898,""detectors_checked"":9632,""obs_mistake_mask=E"":7}"
        96,         0,         0,    1.56,exact_mw,6534c274fb8721060716b040ba5484c43e0fb249b656ad44721a05b8b1f26839,"{""distance"":7,""physical_error_rate"":0.005}","{""detection_events"":1409,""detectors_checked"":57792}"
        56,        19,         0,    2.35,exact_mw,7d64b8fd090c698681db305e92f59b9c863e7db993aba97a5e8c48562d7de8f2,"{""distance"":7,""physical_error_rate"":0.05}","{""detection_events"":6281,""detectors_checked"":33712,""obs_mistake_mask=E"":19}"
      1536,         0,         0,    1.29,exact_mw,fe773c48422346d89ea42b7ea8a90aa3034802874175ef2bfbcd9fbedf677903,"{""distance"":7,""physical_error_rate"":0.001}","{""detection_events"":4562,""detectors_checked"":924672}"
         1,         0,         0,   0.057,exact_mw,f4817e2f6bf0dfc41195700a9244a7f66964db0e79ea1302ca6e9f2465062a32,"{""distance"":7,""physical_error_rate"":0.01}","{""detection_events"":23,""detectors_checked"":602}"
        64,        27,         0,    3.30,exact_mw,71f8db422891223299ae011becf33408912e3bc5d092c7605a1191bb559146e7,"{""distance"":7,""physical_error_rate"":0.2}","{""detection_events"":15661,""detectors_checked"":38528,""obs_mistake_mask=E"":27}"
      3584,         0,         0,    3.09,exact_mw,fe773c48422346d89ea42b7ea8a90aa3034802874175ef2bfbcd9fbedf677903,"{""distance"":7,""physical_error_rate"":0.001}","{""detection_events"":10620,""detectors_checked"":2157568}"
       512,         0,         0,    2.02,exact_mw,8842ec4fe0f86aba00650008f7f408db45344cfb5a30f76b1f2c0fb50a8d5069,"{""distance"":7,""physical_error_rate"":0.002}","{""detection_events"":2859,""detectors_checked"":308224}"
       192,         0,         0,    2.67,exact_mw,6534c274fb8721060716b040ba5484c43e0fb249b656ad44721a05b8b1f26839,"{""distance"":7,""physical_error_rate"":0.005}","{""detection_events"":2761,""detectors_checked"":115584}"
    118784,         0,         0,    2.16,exact_mw,3793e887e6c3b4d5eff59c5eb9bbee88cf92e7a28a48243659e8f8373a61c55f,"{""distance"":7,""physical_error_rate"":5e-05}","{""detection_events"":17883,""detectors_checked"":71507968}"
        32,        15,         0,    1.60,exact_mw,f9150cfe85f50f836847c36ad2ae87630c9c57ffb089ec5b7bc3bfd70d60b4e6,"{""distance"":7,""physical_error_rate"":0.1}","{""detection_events"":5548,""detectors_checked"":19264,""obs_mistake_mask=E"":15}"
        48,        14,         0,    2.29,exact_mw,7d64b8fd090c698681db305e92f59b9c863e7db993aba97a5e8c48562d7de8f2,"{""distance"":7,""physical_error_rate"":0.05}","{""detection_events"":5333,""detectors_checked"":28896,""obs_mistake_mask=E"":14}"
       128,         0,         0,    1.65,exact_mw,6534c274fb8721060716b040ba5484c43e0fb249b656ad44721a05b8b1f26839,"{""distance"":7,""physical_error_rate"":0.005}","{""detection_events"":2048,""detectors_checked"":77056}"
        40,        14,         0,    1.84,exact_mw,7d64b8fd090c698681db305e92f59b9c863e7db993aba97a5e8c48562d7de8f2,"{""distance"":7,""physical_error_rate"":0.05}","{""detection_events"":4452,""detectors_checked"":24080,""obs_mistake_mask=E"":14}"
        24,        12,         0,    1.73,exact_mw,f9150cfe85f50f836847c36ad2ae87630c9c57ffb089ec5b7bc3bfd70d60b4e6,"{""distance"":7,""physical_error_rate"":0.1}","{""detection_events"":4191,""detectors_checked"":14448,""obs_mistake_mask=E"":12}"
       256,         0,         0,    1.33,exact_mw,8842ec4fe0f86aba00650008f7f408db45344cfb5a30f76b1f2c0fb50a8d5069,"{""distance"":7,""physical_error_rate"":0.002}","{""detection_events"":1481,""detectors_checked"":154112}"
        24,        14,         0,    1.30,exact_mw,71f8db422891223299ae011becf33408912e3bc5d092c7605a1191bb559146e7,"{""distance"":7,""physical_error_rate"":0.2}","{""detection_events"":5956,""detectors_checked"":14448,""obs_mistake_mask=E"":14}"
        32,        17,         0,    1.89,exact_mw,71f8db422891223299ae011becf33408912e3bc5d092c7605a1191bb559146e7,"{""distance"":7,""physical_error_rate"":0.2}","{""detection_events"":7777,""detectors_checked"":19264,""obs_mistake_mask=E"":17}"
        16,         9,         0,   0.834,exact_mw,f9150cfe85f50f836847c36ad2ae87630c9c57ffb089ec5b7bc3bfd70d60b4e6,"{""distance"":7,""physical_error_rate"":0.1}","{""detection_events"":2887,""detectors_checked"":9632,""obs_mistake_mask=E"":9}"
     14336,         0,         0,    2.21,exact_mw,09f626b7d1c8765fd231bc36902f9c5557d3909c4644565b971bdb2bfb186061,"{""distance"":7,""physical_error_rate"":0.0005}","{""detection_events"":21000,""detectors_checked"":8630272}"
    353280,         0,         0,    4.23,exact_mw,3793e887e6c3b4d5eff59c5eb9bbee88cf92e7a28a48243659e8f8373a61c55f,"{""distance"":7,""physical_error_rate"":5e-05}","{""detection_events"":52290,""detectors_checked"":212674560}"
        64,         0,         0,    2.29,exact_mw,b41993e7ca3a4c05067df83ef8f718f9a600cbd2ba374313e90f16e7f7d75967,"{""distance"":7,""physical_error_rate"":0.02}","{""detection_events"":3297,""detectors_checked"":38528}"
        32,        17,         0,    1.58,exact_mw,f9150cfe85f50f836847c36ad2ae87630c9c57ffb089ec5b7bc3bfd70d60b4e6,"{""distance"":7,""physical_error_rate"":0.1}","{""detection_events"":5576,""detectors_checked"":19264,""obs_mistake_mask=E"":17}"
     14336,         0,         0,    2.47,exact_mw,09f626b7d1c8765fd231bc36902f9c5557d3909c4644565b971bdb2bfb186061,"{""distance"":7,""physical_error_rate"":0.0005}","{""detection_events"":21269,""detectors_checked"":8630272}"
        72,        26,         0,    3.31,exact_mw,7d64b8fd090c698681db305e92f59b9c863e7db993aba97a5e8c48562d7de8f2,"{""distance"":7,""physical_error_rate"":0.05}","{""detection_events"":7918,""detectors_checked"":43344,""obs_mistake_mask=E"":26}"
       512,         0,         0,    1.60,exact_mw,8842ec4fe0f86aba00650008f7f408db45344cfb5a30f76b1f2c0fb50a8d5069,"{""distance"":7,""physical_error_rate"":0.002}","{""detection_events"":2849,""detectors_checked"":308224}"
      3072,         0,         0,    2.58,exact_mw,fe773c48422346d89ea42b7ea8a90aa3034802874175ef2bfbcd9fbedf677903,"{""distance"":7,""physical_error_rate"":0.001}","{""detection_events"":9120,""detectors_checked"":1849344}"
        64,         3,         0,    2.45,exact_mw,b41993e7ca3a4c05067df83ef8f718f9a600cbd2ba374313e90f16e7f7d75967,"{""distance"":7,""physical_error_rate"":0.02}","{""detection_events"":3352,""detectors_checked"":38528,""obs_mistake_mask=E"":3}"
    198656,         0,         0,    4.25,exact_mw,a6f040f5268ba168f94c6ccce4ff822b1b844608631bba2e2b8dc7ec85b1e503,"{""distance"":7,""physical_error_rate"":0.0002}","{""detection_events"":118113,""detectors_checked"":119590912}"
        16,         7,         0,    1.20,exact_mw,f9150cfe85f50f836847c36ad2ae87630c9c57ffb089ec5b7bc3bfd70d60b4e6,"{""distance"":7,""physical_error_rate"":0.1}","{""detection_events"":2864,""detectors_checked"":9632,""obs_mistake_mask=E"":7}"
    320512,         0,         0,    4.24,exact_mw,894a5a708293b7bd3951925e43ae0371ba83736430ed1970399611b4deb8498b,"{""distance"":7,""physical_error_rate"":0.0001}","{""detection_events"":95363,""detectors_checked"":192948224}"
        48,        20,         0,    3.54,exact_mw,1139365a790276c3ba84287e63684848c12003621d3197abf32cb0073f10eb73,"{""distance"":7,""physical_error_rate"":0.5}","{""detection_events"":14455,""detectors_checked"":28896,""obs_mistake_mask=E"":20}"
         8,         0,         0,    1.06,exact_mw,f4817e2f6bf0dfc41195700a9244a7f66964db0e79ea1302ca6e9f2465062a32,"{""distance"":7,""physical_error_rate"":0.01}","{""detection_events"":211,""detectors_checked"":4816}"
        32,         1,         0,    1.32,exact_mw,b41993e7ca3a4c05067df83ef8f718f9a600cbd2ba374313e90f16e7f7d75967,"{""distance"":7,""physical_error_rate"":0.02}","{""detection_events"":1722,""detectors_checked"":19264,""obs_mistake_mask=E"":1}"
       112,         2,         0,    3.43,exact_mw,f4817e2f6bf0dfc41195700a9244a7f66964db0e79ea1302ca6e9f2465062a32,"{""distance"":7,""physical_error_rate"":0.01}","{""detection_events"":3451,""detectors_checked"":67424,""obs_mistake_mask=E"":2}"
     14336,         0,         0,    2.29,exact_mw,09f626b7d1c8765fd231bc36902f9c5557d3909c4644565b971bdb2bfb186061,"{""distance"":7,""physical_error_rate"":0.0005}","{""detection_events"":21831,""detectors_checked"":8630272}"
        32,        10,         0,    2.09,exact_mw,1139365a790276c3ba84287e63684848c12003621d3197abf32cb0073f10eb73,"{""distance"":7,""physical_error_rate"":0.5}","{""detection_events"":9544,""detectors_checked"":19264,""obs_mistake_mask=E"":10}"
        16,         5,         0,   0.809,exact_mw,f9150cfe85f50f836847c36ad2ae87630c9c57ffb089ec5b7bc3bfd70d60b4e6,"{""distance"":7,""physical_error_rate"":0.1}","{""detection_events"":2779,""detectors_checked"":9632,""obs_mistake_mask=E"":5}"
    118784,         0,         0,    3.03,exact_mw,a6f040f5268ba168f94c6ccce4ff822b1b844608631bba2e2b8dc7ec85b1e503,"{""distance"":7,""physical_error_rate"":0.0002}","{""detection_events"":70622,""detectors_checked"":71507968}"
    236544,         0,         0,    3.00,exact_mw,3793e887e6c3b4d5eff59c5eb9bbee88cf92e7a28a48243659e8f8373a61c55f,"{""distance"":7,""physical_error_rate"":5e-05}","{""detection_events"":35014,""detectors_checked"":142399488}"
        48,        20,         0,    2.58,exact_mw,1139365a790276c3ba84287e63684848c12003621d3197abf32cb0073f10eb73,"{""distance"":7,""physical_error_rate"":0.5}","{""detection_events"":14507,""detectors_checked"":28896,""obs_mistake_mask=E"":20}"
        32,        12,         0,    1.87,exact_mw,71f8db422891223299ae011becf33408912e3bc5d092c7605a1191bb559146e7,"{""distance"":7,""physical_error_rate"":0.2}","{""detection_events"":7760,""detectors_checked"":19264,""obs_mistake_mask=E"":12}"
        48,        28,         0,    2.48,exact_mw,71f8db422891223299ae011becf33408912e3bc5d092c7605a1191bb559146e7,"{""distance"":7,""physical_error_rate"":0.2}","{""detection_events"":11907,""detectors_checked"":28896,""obs_mistake_mask=E"":28}"
       128,         1,         0,    2.02,exact_mw,6534c274fb8721060716b040ba5484c43e0fb249b656ad44721a05b8b1f26839,"{""distance"":7,""physical_error_rate"":0.005}","{""detection_events"":1839,""detectors_checked"":77056,""obs_mistake_mask=E"":1}"
      2560,         0,         0,    2.09,exact_mw,fe773c48422346d89ea42b7ea8a90aa3034802874175ef2bfbcd9fbedf677903,"{""distance"":7,""physical_error_rate"":0.001}","{""detection_events"":7644,""detectors_checked"":1541120}"
        32,        21,         0,    1.61,exact_mw,71f8db422891223299ae011becf33408912e3bc5d092c7605a1191bb559146e7,"{""distance"":7,""physical_error_rate"":0.2}","{""detection_events"":7768,""detectors_checked"":19264,""obs_mistake_mask=E"":21}"
        64,        33,         0,    3.06,exact_mw,1139365a790276c3ba84287e63684848c12003621d3197abf32cb0073f10eb73,"{""distance"":7,""physical_error_rate"":0.5}","{""detection_events"":19165,""detectors_checked"":38528,""obs_mistake_mask=E"":33}"
         8,         1,         0,    1.10,exact_mw,f4817e2f6bf0dfc41195700a9244a7f66964db0e79ea1302ca6e9f2465062a32,"{""distance"":7,""physical_error_rate"":0.01}","{""detection_events"":239,""detectors_checked"":4816,""obs_mistake_mask=E"":1}"
       256,         0,         0,    1.76,exact_mw,8842ec4fe0f86aba00650008f7f408db45344cfb5a30f76b1f2c0fb50a8d5069,"{""distance"":7,""physical_error_rate"":0.002}","{""detection_events"":1592,""detectors_checked"":154112}"
       128,         3,         0,    3.23,exact_mw,f4817e2f6bf0dfc41195700a9244a7f66964db0e79ea1302ca6e9f2465062a32,"{""distance"":7,""physical_error_rate"":0.01}","{""detection_events"":3531,""detectors_checked"":77056,""obs_mistake_mask=E"":3}"
    123904,         0,         0,    3.04,exact_mw,a6f040f5268ba168f94c6ccce4ff822b1b844608631bba2e2b8dc7ec85b1e503,"{""distance"":7,""physical_error_rate"":0.0002}","{""detection_events"":73427,""detectors_checked"":74590208}"
       896,         0,         0,    3.30,exact_mw,8842ec4fe0f86aba00650008f7f408db45344cfb5a30f76b1f2c0fb50a8d5069,"{""distance"":7,""physical_error_rate"":0.002}","{""detection_events"":5251,""detectors_checked"":539392}"
     30720,         0,         0,    4.38,exact_mw,09f626b7d1c8765fd231bc36902f9c5557d3909c4644565b971bdb2bfb186061,"{""distance"":7,""physical_error_rate"":0.0005}","{""detection_events"":45084,""detectors_checked"":18493440}"
    218112,         0,         0,    3.04,exact_mw,3793e887e6c3b4d5eff59c5eb9bbee88cf92e7a28a48243659e8f8373a61c55f,"{""distance"":7,""physical_error_rate"":5e-05}","{""detection_events"":32296,""detectors_checked"":131303424}"
       512,         0,         0,    2.44,exact_mw,8842ec4fe0f86aba00650008f7f408db45344cfb5a30f76b1f2c0fb50a8d5069,"{""distance"":7,""physical_error_rate"":0.002}","{""detection_events"":3176,""detectors_checked"":308224}"
       512,         0,         0,    1.84,exact_mw,8842ec4fe0f86aba00650008f7f408db45344cfb5a30f76b1f2c0fb50a8d5069,"{""distance"":7,""physical_error_rate"":0.002}","{""detection_events"":2916,""detectors_checked"":308224}"
        24,        12,         0,    1.28,exact_mw,f9150cfe85f50f836847c36ad2ae87630c9c57ffb089ec5b7bc3bfd70d60b4e6,"{""distance"":7,""physical_error_rate"":0.1}","{""detection_events"":4233,""detectors_checked"":14448,""obs_mistake_mask=E"":12}"
        48,        26,         0,    2.35,exact_mw,f9150cfe85f50f836847c36ad2ae87630c9c57ffb089ec5b7bc3bfd70d60b4e6,"{""distance"":7,""physical_error_rate"":0.1}","{""detection_events"":8499,""detectors_checked"":28896,""obs_mistake_mask=E"":26}"
    192512,         0,         0,    3.06,exact_mw,894a5a708293b7bd3951925e43ae0371ba83736430ed1970399611b4deb8498b,"{""distance"":7,""physical_error_rate"":0.0001}","{""detection_events"":57991,""detectors_checked"":115892224}"
        48,        12,         0,    2.28,exact_mw,7d64b8fd090c698681db305e92f59b9c863e7db993aba97a5e8c48562d7de8f2,"{""distance"":7,""physical_error_rate"":0.05}","{""detection_events"":5264,""detectors_checked"":28896,""obs_mistake_mask=E"":12}"
        40,        18,         0,    2.22,exact_mw,71f8db422891223299ae011becf33408912e3bc5d092c7605a1191bb559146e7,"{""distance"":7,""physical_error_rate"":0.2}","{""detection_events"":9844,""detectors_checked"":24080,""obs_mistake_mask=E"":18}"
        24,        10,         0,    1.77,exact_mw,f9150cfe85f50f836847c36ad2ae87630c9c57ffb089ec5b7bc3bfd70d60b4e6,"{""distance"":7,""physical_error_rate"":0.1}","{""detection_events"":4261,""detectors_checked"":14448,""obs_mistake_mask=E"":10}"
       128,         0,         0,    3.20,exact_mw,f4817e2f6bf0dfc41195700a9244a7f66964db0e79ea1302ca6e9f2465062a32,"{""distance"":7,""physical_error_rate"":0.01}","{""detection_events"":3351,""detectors_checked"":77056}"
        40,        22,         0,    2.36,exact_mw,f9150cfe85f50f836847c36ad2ae87630c9c57ffb089ec5b7bc3bfd70d60b4e6,"{""distance"":7,""physical_error_rate"":0.1}","{""detection_events"":7014,""detectors_checked"":24080,""obs_mistake_mask=E"":22}"
       896,         0,         0,    3.41,exact_mw,8842ec4fe0f86aba00650008f7f408db45344cfb5a30f76b1f2c0fb50a8d5069,"{""distance"":7,""physical_error_rate"":0.002}","{""detection_events"":5425,""detectors_checked"":539392}"
       192,         0,         0,    2.48,exact_mw,6534c274fb8721060716b040ba5484c43e0fb249b656ad44721a05b8b1f26839,"{""distance"":7,""physical_error_rate"":0.005}","{""detection_events"":2716,""detectors_checked"":115584}"
        40,        24,         0,    2.28,exact_mw,f9150cfe85f50f836847c36ad2ae87630c9c57ffb089ec5b7bc3bfd70d60b4e6,"{""distance"":7,""physical_error_rate"":0.1}","{""detection_events"":7121,""detectors_checked"":24080,""obs_mistake_mask=E"":24}"
       192,         0,         0,    3.05,exact_mw,6534c274fb8721060716b040ba5484c43e0fb249b656ad44721a05b8b1f26839,"{""distance"":7,""physical_error_rate"":0.005}","{""detection_events"":2720,""detectors_checked"":115584}"
     20480,         0,         0,    3.13,exact_mw,09f626b7d1c8765fd231bc36902f9c5557d3909c4644565b971bdb2bfb186061,"{""distance"":7,""physical_error_rate"":0.0005}","{""detection_events"":30139,""detectors_checked"":12328960}"
        48,         2,         0,    2.05,exact_mw,b41993e7ca3a4c05067df83ef8f718f9a600cbd2ba374313e90f16e7f7d75967,"{""distance"":7,""physical_error_rate"":0.02}","{""detection_events"":2541,""detectors_checked"":28896,""obs_mistake_mask=E"":2}"
    167936,         0,         0,    3.00,exact_mw,3793e887e6c3b4d5eff59c5eb9bbee88cf92e7a28a48243659e8f8373a61c55f,"{""distance"":7,""physical_error_rate"":5e-05}","{""detection_events"":24779,""detectors_checked"":101097472}"
        96,         6,         0,    3.58,exact_mw,b41993e7ca3a4c05067df83ef8f718f9a600cbd2ba374313e90f16e7f7d75967,"{""distance"":7,""physical_error_rate"":0.02}","{""detection_events"":5100,""detectors_checked"":57792,""obs_mistake_mask=E"":6}"
        80,        34,         0,    3.37,exact_mw,7d64b8fd090c698681db305e92f59b9c863e7db993aba97a5e8c48562d7de8f2,"{""distance"":7,""physical_error_rate"":0.05}","{""detection_events"":9010,""detectors_checked"":48160,""obs_mistake_mask=E"":34}"
     19456,         0,         0,    3.08,exact_mw,09f626b7d1c8765fd231bc36902f9c5557d3909c4644565b971bdb2bfb186061,"{""distance"":7,""physical_error_rate"":0.0005}","{""detection_events"":28623,""detectors_checked"":11712512}"
        72,        19,         0,    3.33,exact_mw,7d64b8fd090c698681db305e92f59b9c863e7db993aba97a5e8c48562d7de8f2,"{""distance"":7,""physical_error_rate"":0.05}","{""detection_events"":8240,""detectors_checked"":43344,""obs_mistake_mask=E"":19}"
        32,        15,         0,    2.32,exact_mw,1139365a790276c3ba84287e63684848c12003621d3197abf32cb0073f10eb73,"{""distance"":7,""physical_error_rate"":0.5}","{""detection_events"":9593,""detectors_checked"":19264,""obs_mistake_mask=E"":15}"
        80,         4,         0,    3.05,exact_mw,b41993e7ca3a4c05067df83ef8f718f9a600cbd2ba374313e90f16e7f7d75967,"{""distance"":7,""physical_error_rate"":0.02}","{""detection_events"":4200,""detectors_checked"":48160,""obs_mistake_mask=E"":4}"
         8,         0,         0,    1.58,exact_mw,f4817e2f6bf0dfc41195700a9244a7f66964db0e79ea1302ca6e9f2465062a32,"{""distance"":7,""physical_error_rate"":0.01}","{""detection_events"":251,""detectors_checked"":4816}"
       384,         1,         0,    1.59,exact_mw,8842ec4fe0f86aba00650008f7f408db45344cfb5a30f76b1f2c0fb50a8d5069,"{""distance"":7,""physical_error_rate"":0.002}","{""detection_events"":2206,""detectors_checked"":231168,""obs_mistake_mask=E"":1}"
        80,         3,         0,    3.06,exact_mw,b41993e7ca3a4c05067df83ef8f718f9a600cbd2ba374313e90f16e7f7d75967,"{""distance"":7,""physical_error_rate"":0.02}","{""detection_events"":4239,""detectors_checked"":48160,""obs_mistake_mask=E"":3}"
     20480,         0,         0,    3.19,exact_mw,09f626b7d1c8765fd231bc36902f9c5557d3909c4644565b971bdb2bfb186061,"{""distance"":7,""physical_error_rate"":0.0005}","{""detection_events"":30133,""detectors_checked"":12328960}"
       256,         1,         0,    3.81,exact_mw,6534c274fb8721060716b040ba5484c43e0fb249b656ad44721a05b8b1f26839,"{""distance"":7,""physical_error_rate"":0.005}","{""detection_events"":3553,""detectors_checked"":154112,""obs_mistake_mask=E"":1}"
      4096,         1,         0,    3.26,exact_mw,fe773c48422346d89ea42b7ea8a90aa3034802874175ef2bfbcd9fbedf677903,"{""distance"":7,""physical_error_rate"":0.001}","{""detection_events"":12301,""detectors_checked"":2465792,""obs_mistake_mask=E"":1}"
        40,        17,         0,    2.31,exact_mw,71f8db422891223299ae011becf33408912e3bc5d092c7605a1191bb559146e7,"{""distance"":7,""physical_error_rate"":0.2}","{""detection_events"":9864,""detectors_checked"":24080,""obs_mistake_mask=E"":17}"
         4,         0,         0,   0.382,exact_mw,f4817e2f6bf0dfc41195700a9244a7f66964db0e79ea1302ca6e9f2465062a32,"{""distance"":7,""physical_error_rate"":0.01}","{""detection_events"":85,""detectors_checked"":2408}"
         4,         0,         0,   0.070,exact_mw,f4817e2f6bf0dfc41195700a9244a7f66964db0e79ea1302ca6e9f2465062a32,"{""distance"":7,""physical_error_rate"":0.01}","{""detection_events"":125,""detectors_checked"":2408}"
       128,         0,         0,    2.29,exact_mw,6534c274fb8721060716b040ba5484c43e0fb249b656ad44721a05b8b1f26839,"{""distance"":7,""physical_error_rate"":0.005}","{""detection_events"":1624,""detectors_checked"":77056}"
      5120,         0,         0,    4.27,exact_mw,fe773c48422346d89ea42b7ea8a90aa3034802874175ef2bfbcd9fbedf677903,"{""distance"":7,""physical_error_rate"":0.001}","{""detection_events"":15089,""detectors_checked"":3082240}"
        32,        13,         0,    1.70,exact_mw,f9150cfe85f50f836847c36ad2ae87630c9c57ffb089ec5b7bc3bfd70d60b4e6,"{""distance"":7,""physical_error_rate"":0.1}","{""detection_events"":5508,""detectors_checked"":19264,""obs_mistake_mask=E"":13}"
     19456,         0,         0,    3.12,exact_mw,09f626b7d1c8765fd231bc36902f9c5557d3909c4644565b971bdb2bfb186061,"{""distance"":7,""physical_error_rate"":0.0005}","{""detection_events"":28497,""detectors_checked"":11712512}"
        48,        30,         0,    2.51,exact_mw,71f8db422891223299ae011becf33408912e3bc5d092c7605a1191bb559146e7,"{""distance"":7,""physical_error_rate"":0.2}","{""detection_events"":11691,""detectors_checked"":28896,""obs_mistake_mask=E"":30}"
        88,        41,         0,    4.60,exact_mw,71f8db422891223299ae011becf33408912e3bc5d092c7605a1191bb559146e7,"{""distance"":7,""physical_error_rate"":0.2}","{""detection_events"":21806,""detectors_checked"":52976,""obs_mistake_mask=E"":41}"
      3072,         0,         0,    2.72,exact_mw,fe773c48422346d89ea42b7ea8a90aa3034802874175ef2bfbcd9fbedf677903,"{""distance"":7,""physical_error_rate"":0.001}","{""detection_events"":9188,""detectors_checked"":1849344}"
        64,        29,         0,    3.29,exact_mw,1139365a790276c3ba84287e63684848c12003621d3197abf32cb0073f10eb73,"{""distance"":7,""physical_error_rate"":0.5}","{""detection_events"":19358,""detectors_checked"":38528,""obs_mistake_mask=E"":29}"
        32,        13,         0,    2.34,exact_mw,f9150cfe85f50f836847c36ad2ae87630c9c57ffb089ec5b7bc3bfd70d60b4e6,"{""distance"":7,""physical_error_rate"":0.1}","{""detection_events"":5604,""detectors_checked"":19264,""obs_mistake_mask=E"":13}"
        64,        24,         0,    3.33,exact_mw,71f8db422891223299ae011becf33408912e3bc5d092c7605a1191bb559146e7,"{""distance"":7,""physical_error_rate"":0.2}","{""detection_events"":15562,""detectors_checked"":38528,""obs_mistake_mask=E"":24}"
       104,        24,         0,    4.54,exact_mw,7d64b8fd090c698681db305e92f59b9c863e7db993aba97a5e8c48562d7de8f2,"{""distance"":7,""physical_error_rate"":0.05}","{""detection_events"":11390,""detectors_checked"":62608,""obs_mistake_mask=E"":24}"
        72,        34,         0,    4.29,exact_mw,1139365a790276c3ba84287e63684848c12003621d3197abf32cb0073f10eb73,"{""distance"":7,""physical_error_rate"":0.5}","{""detection_events"":21646,""detectors_checked"":43344,""obs_mistake_mask=E"":34}"
       768,         0,         0,    2.93,exact_mw,8842ec4fe0f86aba00650008f7f408db45344cfb5a30f76b1f2c0fb50a8d5069,"{""distance"":7,""physical_error_rate"":0.002}","{""detection_events"":4356,""detectors_checked"":462336}"
        32,         1,         0,    1.33,exact_mw,f4817e2f6bf0dfc41195700a9244a7f66964db0e79ea1302ca6e9f2465062a32,"{""distance"":7,""physical_error_rate"":0.01}","{""detection_events"":1011,""detectors_checked"":19264,""obs_mistake_mask=E"":1}"
    224256,         0,         0,    5.97,exact_mw,a6f040f5268ba168f94c6ccce4ff822b1b844608631bba2e2b8dc7ec85b1e503,"{""distance"":7,""physical_error_rate"":0.0002}","{""detection_events"":132197,""detectors_checked"":135002112}"
       896,         0,         0,    3.12,exact_mw,8842ec4fe0f86aba00650008f7f408db45344cfb5a30f76b1f2c0fb50a8d5069,"{""distance"":7,""physical_error_rate"":0.002}","{""detection_events"":5251,""detectors_checked"":539392}"
        56,        26,         0,    3.06,exact_mw,f9150cfe85f50f836847c36ad2ae87630c9c57ffb089ec5b7bc3bfd70d60b4e6,"{""distance"":7,""physical_error_rate"":0.1}","{""detection_events"":9779,""detectors_checked"":33712,""obs_mistake_mask=E"":26}"
       176,         2,         0,    4.52,exact_mw,f4817e2f6bf0dfc41195700a9244a7f66964db0e79ea1302ca6e9f2465062a32,"{""distance"":7,""physical_error_rate"":0.01}","{""detection_events"":4809,""detectors_checked"":105952,""obs_mistake_mask=E"":2}"
    177152,         0,         0,    4.29,exact_mw,a6f040f5268ba168f94c6ccce4ff822b1b844608631bba2e2b8dc7ec85b1e503,"{""distance"":7,""physical_error_rate"":0.0002}","{""detection_events"":104540,""detectors_checked"":106645504}"
    314368,         0,         0,    4.21,exact_mw,3793e887e6c3b4d5eff59c5eb9bbee88cf92e7a28a48243659e8f8373a61c55f,"{""distance"":7,""physical_error_rate"":5e-05}","{""detection_events"":46753,""detectors_checked"":189249536}"
        72,        19,         0,    3.27,exact_mw,7d64b8fd090c698681db305e92f59b9c863e7db993aba97a5e8c48562d7de8f2,"{""distance"":7,""physical_error_rate"":0.05}","{""detection_events"":7831,""detectors_checked"":43344,""obs_mistake_mask=E"":19}"
        48,         2,         0,    2.72,exact_mw,b41993e7ca3a4c05067df83ef8f718f9a600cbd2ba374313e90f16e7f7d75967,"{""distance"":7,""physical_error_rate"":0.02}","{""detection_events"":2496,""detectors_checked"":28896,""obs_mistake_mask=E"":2}"
        56,        29,         0,    3.29,exact_mw,71f8db422891223299ae011becf33408912e3bc5d092c7605a1191bb559146e7,"{""distance"":7,""physical_error_rate"":0.2}","{""detection_events"":13631,""detectors_checked"":33712,""obs_mistake_mask=E"":29}"
        64,        29,         0,    3.31,exact_mw,f9150cfe85f50f836847c36ad2ae87630c9c57ffb089ec5b7bc3bfd70d60b4e6,"{""distance"":7,""physical_error_rate"":0.1}","{""detection_events"":11252,""detectors_checked"":38528,""obs_mistake_mask=E"":29}"
        16,         1,         0,   0.714,exact_mw,f4817e2f6bf0dfc41195700a9244a7f66964db0e79ea1302ca6e9f2465062a32,"{""distance"":7,""physical_error_rate"":0.01}","{""detection_events"":481,""detectors_checked"":9632,""obs_mistake_mask=E"":1}"
        64,        33,         0,    3.36,exact_mw,f9150cfe85f50f836847c36ad2ae87630c9c57ffb089ec5b7bc3bfd70d60b4e6,"{""distance"":7,""physical_error_rate"":0.1}","{""detection_events"":11160,""detectors_checked"":38528,""obs_mistake_mask=E"":33}"
       256,         0,         0,    3.64,exact_mw,6534c274fb8721060716b040ba5484c43e0fb249b656ad44721a05b8b1f26839,"{""distance"":7,""physical_error_rate"":0.005}","{""detection_events"":3618,""detectors_checked"":154112}"
    493568,         0,         0,    5.97,exact_mw,3793e887e6c3b4d5eff59c5eb9bbee88cf92e7a28a48243659e8f8373a61c55f,"{""distance"":7,""physical_error_rate"":5e-05}","{""detection_events"":73553,""detectors_checked"":297127936}"
       640,         0,         0,    2.79,exact_mw,8842ec4fe0f86aba00650008f7f408db45344cfb5a30f76b1f2c0fb50a8d5069,"{""distance"":7,""physical_error_rate"":0.002}","{""detection_events"":3831,""detectors_checked"":385280}"
        32,        14,         0,    2.33,exact_mw,f9150cfe85f50f836847c36ad2ae87630c9c57ffb089ec5b7bc3bfd70d60b4e6,"{""distance"":7,""physical_error_rate"":0.1}","{""detection_events"":5743,""detectors_checked"":19264,""obs_mistake_mask=E"":14}"
    183296,         0,         0,    4.28,exact_mw,a6f040f5268ba168f94c6ccce4ff822b1b844608631bba2e2b8dc7ec85b1e503,"{""distance"":7,""physical_error_rate"":0.0002}","{""detection_events"":107973,""detectors_checked"":110344192}"
        96,        46,         0,    4.61,exact_mw,1139365a790276c3ba84287e63684848c12003621d3197abf32cb0073f10eb73,"{""distance"":7,""physical_error_rate"":0.5}","{""detection_events"":28889,""detectors_checked"":57792,""obs_mistake_mask=E"":46}"
       176,         6,         0,    4.58,exact_mw,f4817e2f6bf0dfc41195700a9244a7f66964db0e79ea1302ca6e9f2465062a32,"{""distance"":7,""physical_error_rate"":0.01}","{""detection_events"":4917,""detectors_checked"":105952,""obs_mistake_mask=E"":6}"
    264192,         1,         0,    6.01,exact_mw,a6f040f5268ba168f94c6ccce4ff822b1b844608631bba2e2b8dc7ec85b1e503,"{""distance"":7,""physical_error_rate"":0.0002}","{""detection_events"":156506,""detectors_checked"":159043584,""obs_mistake_mask=E"":1}"
    231424,         0,         0,    4.21,exact_mw,3793e887e6c3b4d5eff59c5eb9bbee88cf92e7a28a48243659e8f8373a61c55f,"{""distance"":7,""physical_error_rate"":5e-05}","{""detection_events"":34460,""detectors_checked"":139317248}"
        16,         0,         0,   0.650,exact_mw,f4817e2f6bf0dfc41195700a9244a7f66964db0e79ea1302ca6e9f2465062a32,"{""distance"":7,""physical_error_rate"":0.01}","{""detection_events"":385,""detectors_checked"":9632}"
    297984,         0,         0,    4.23,exact_mw,894a5a708293b7bd3951925e43ae0371ba83736430ed1970399611b4deb8498b,"{""distance"":7,""physical_error_rate"":0.0001}","{""detection_events"":87961,""detectors_checked"":179386368}"
        56,        29,         0,    3.38,exact_mw,1139365a790276c3ba84287e63684848c12003621d3197abf32cb0073f10eb73,"{""distance"":7,""physical_error_rate"":0.5}","{""detection_events"":16761,""detectors_checked"":33712,""obs_mistake_mask=E"":29}"
    450560,         0,         0,    5.94,exact_mw,894a5a708293b7bd3951925e43ae0371ba83736430ed1970399611b4deb8498b,"{""distance"":7,""physical_error_rate"":0.0001}","{""detection_events"":132930,""detectors_checked"":271237120}"
      1152,         0,         0,    4.33,exact_mw,8842ec4fe0f86aba00650008f7f408db45344cfb5a30f76b1f2c0fb50a8d5069,"{""distance"":7,""physical_error_rate"":0.002}","{""detection_events"":6712,""detectors_checked"":693504}"
        40,        18,         0,    3.10,exact_mw,71f8db422891223299ae011becf33408912e3bc5d092c7605a1191bb559146e7,"{""distance"":7,""physical_error_rate"":0.2}","{""detection_events"":9880,""detectors_checked"":24080,""obs_mistake_mask=E"":18}"
      1280,         0,         0,    4.86,exact_mw,8842ec4fe0f86aba00650008f7f408db45344cfb5a30f76b1f2c0fb50a8d5069,"{""distance"":7,""physical_error_rate"":0.002}","{""detection_events"":7356,""detectors_checked"":770560}"
     25600,         0,         0,    4.32,exact_mw,09f626b7d1c8765fd231bc36902f9c5557d3909c4644565b971bdb2bfb186061,"{""distance"":7,""physical_error_rate"":0.0005}","{""detection_events"":37474,""detectors_checked"":15411200}"
    282624,         0,         0,    4.19,exact_mw,3793e887e6c3b4d5eff59c5eb9bbee88cf92e7a28a48243659e8f8373a61c55f,"{""distance"":7,""physical_error_rate"":5e-05}","{""detection_events"":42366,""detectors_checked"":170139648}"
        16,         0,         0,   0.652,exact_mw,f4817e2f6bf0dfc41195700a9244a7f66964db0e79ea1302ca6e9f2465062a32,"{""distance"":7,""physical_error_rate"":0.01}","{""detection_events"":450,""detectors_checked"":9632}"
       288,         0,         0,    4.64,exact_mw,6534c274fb8721060716b040ba5484c43e0fb249b656ad44721a05b8b1f26839,"{""distance"":7,""physical_error_rate"":0.005}","{""detection_events"":3933,""detectors_checked"":173376}"
       224,         0,         0,    3.38,exact_mw,6534c274fb8721060716b040ba5484c43e0fb249b656ad44721a05b8b1f26839,"{""distance"":7,""physical_error_rate"":0.005}","{""detection_events"":3076,""detectors_checked"":134848}"
       192,         4,         0,    4.91,exact_mw,f4817e2f6bf0dfc41195700a9244a7f66964db0e79ea1302ca6e9f2465062a32,"{""distance"":7,""physical_error_rate"":0.01}","{""detection_events"":5257,""detectors_checked"":115584,""obs_mistake_mask=E"":4}"
        56,        22,         0,    3.16,exact_mw,71f8db422891223299ae011becf33408912e3bc5d092c7605a1191bb559146e7,"{""distance"":7,""physical_error_rate"":0.2}","{""detection_events"":13747,""detectors_checked"":33712,""obs_mistake_mask=E"":22}"
       104,        30,         0,    4.53,exact_mw,7d64b8fd090c698681db305e92f59b9c863e7db993aba97a5e8c48562d7de8f2,"{""distance"":7,""physical_error_rate"":0.05}","{""detection_events"":11671,""detectors_checked"":62608,""obs_mistake_mask=E"":30}"
        96,        20,         0,    4.29,exact_mw,7d64b8fd090c698681db305e92f59b9c863e7db993aba97a5e8c48562d7de8f2,"{""distance"":7,""physical_error_rate"":0.05}","{""detection_events"":10664,""detectors_checked"":57792,""obs_mistake_mask=E"":20}"
     28672,         0,         0,    4.30,exact_mw,09f626b7d1c8765fd231bc36902f9c5557d3909c4644565b971bdb2bfb186061,"{""distance"":7,""physical_error_rate"":0.0005}","{""detection_events"":42831,""detectors_checked"":17260544}"
       128,         5,         0,    4.64,exact_mw,b41993e7ca3a4c05067df83ef8f718f9a600cbd2ba374313e90f16e7f7d75967,"{""distance"":7,""physical_error_rate"":0.02}","{""detection_events"":6564,""detectors_checked"":77056,""obs_mistake_mask=E"":5}"
       112,         3,         0,    4.26,exact_mw,b41993e7ca3a4c05067df83ef8f718f9a600cbd2ba374313e90f16e7f7d75967,"{""distance"":7,""physical_error_rate"":0.02}","{""detection_events"":5816,""detectors_checked"":67424,""obs_mistake_mask=E"":3}"
        16,         1,         0,   0.650,exact_mw,f4817e2f6bf0dfc41195700a9244a7f66964db0e79ea1302ca6e9f2465062a32,"{""distance"":7,""physical_error_rate"":0.01}","{""detection_events"":439,""detectors_checked"":9632,""obs_mistake_mask=E"":1}"
      4096,         0,         0,    3.47,exact_mw,fe773c48422346d89ea42b7ea8a90aa3034802874175ef2bfbcd9fbedf677903,"{""distance"":7,""physical_error_rate"":0.001}","{""detection_events"":12180,""detectors_checked"":2465792}"
       128,        11,         0,    4.62,exact_mw,b41993e7ca3a4c05067df83ef8f718f9a600cbd2ba374313e90f16e7f7d75967,"{""distance"":7,""physical_error_rate"":0.02}","{""detection_events"":6875,""detectors_checked"":77056,""obs_mistake_mask=E"":11}"
      5120,         0,         0,    4.33,exact_mw,fe773c48422346d89ea42b7ea8a90aa3034802874175ef2bfbcd9fbedf677903,"{""distance"":7,""physical_error_rate"":0.001}","{""detection_events"":15688,""detectors_checked"":3082240}"
     26624,         0,         0,    4.44,exact_mw,09f626b7d1c8765fd231bc36902f9c5557d3909c4644565b971bdb2bfb186061,"{""distance"":7,""physical_error_rate"":0.0005}","{""detection_events"":39305,""detectors_checked"":16027648}"
        64,        29,         0,    3.35,exact_mw,f9150cfe85f50f836847c36ad2ae87630c9c57ffb089ec5b7bc3bfd70d60b4e6,"{""distance"":7,""physical_error_rate"":0.1}","{""detection_events"":11316,""detectors_checked"":38528,""obs_mistake_mask=E"":29}"
     44032,         0,         0,    6.02,exact_mw,09f626b7d1c8765fd231bc36902f9c5557d3909c4644565b971bdb2bfb186061,"{""distance"":7,""physical_error_rate"":0.0005}","{""detection_events"":65902,""detectors_checked"":26507264}"
     27648,         0,         0,    4.27,exact_mw,09f626b7d1c8765fd231bc36902f9c5557d3909c4644565b971bdb2bfb186061,"{""distance"":7,""physical_error_rate"":0.0005}","{""detection_events"":40998,""detectors_checked"":16644096}"
       320,         0,         0,    4.78,exact_mw,6534c274fb8721060716b040ba5484c43e0fb249b656ad44721a05b8b1f26839,"{""distance"":7,""physical_error_rate"":0.005}","{""detection_events"":4490,""detectors_checked"":192640}"
        16,         1,         0,   0.568,exact_mw,f4817e2f6bf0dfc41195700a9244a7f66964db0e79ea1302ca6e9f2465062a32,"{""distance"":7,""physical_error_rate"":0.01}","{""detection_events"":459,""detectors_checked"":9632,""obs_mistake_mask=E"":1}"
         1,         0,         0,   0.021,exact_mw,894a5a708293b7bd3951925e43ae0371ba83736430ed1970399611b4deb8498b,"{""distance"":7,""physical_error_rate"":0.0001}","{""detectors_checked"":602}"
       272,         0,         0,   0.044,exact_mw,894a5a708293b7bd3951925e43ae0371ba83736430ed1970399611b4deb8498b,"{""distance"":7,""physical_error_rate"":0.0001}","{""detection_events"":80,""detectors_checked"":163744}"
      1024,         0,         0,   0.086,exact_mw,894a5a708293b7bd3951925e43ae0371ba83736430ed1970399611b4deb8498b,"{""distance"":7,""physical_error_rate"":0.0001}","{""detection_events"":239,""detectors_checked"":616448}"
      1024,         0,         0,    3.58,exact_mw,8842ec4fe0f86aba00650008f7f408db45344cfb5a30f76b1f2c0fb50a8d5069,"{""distance"":7,""physical_error_rate"":0.002}","{""detection_events"":6050,""detectors_checked"":616448}"
      1024,         0,         0,   0.089,exact_mw,894a5a708293b7bd3951925e43ae0371ba83736430ed1970399611b4deb8498b,"{""distance"":7,""physical_error_rate"":0.0001}","{""detection_events"":332,""detectors_checked"":616448}"
      1024,         0,         0,   0.132,exact_mw,894a5a708293b7bd3951925e43ae0371ba83736430ed1970399611b4deb8498b,"{""distance"":7,""physical_error_rate"":0.0001}","{""detection_events"":333,""detectors_checked"":616448}"
      1024,         0,         0,   0.089,exact_mw,894a5a708293b7bd3951925e43ae0371ba83736430ed1970399611b4deb8498b,"{""distance"":7,""physical_error_rate"":0.0001}","{""detection_events"":306,""detectors_checked"":616448}"
        16,         0,         0,   0.653,exact_mw,f4817e2f6bf0dfc41195700a9244a7f66964db0e79ea1302ca6e9f2465062a32,"{""distance"":7,""physical_error_rate"":0.01}","{""detection_events"":451,""detectors_checked"":9632}"
      1024,         0,         0,   0.084,exact_mw,894a5a708293b7bd3951925e43ae0371ba83736430ed1970399611b4deb8498b,"{""distance"":7,""physical_error_rate"":0.0001}","{""detection_events"":288,""detectors_checked"":616448}"
        64,        34,         0,    4.71,exact_mw,1139365a790276c3ba84287e63684848c12003621d3197abf32cb0073f10eb73,"{""distance"":7,""physical_error_rate"":0.5}","{""detection_events"":19285,""detectors_checked"":38528,""obs_mistake_mask=E"":34}"
        64,         3,         0,    3.68,exact_mw,b41993e7ca3a4c05067df83ef8f718f9a600cbd2ba374313e90f16e7f7d75967,"{""distance"":7,""physical_error_rate"":0.02}","{""detection_events"":3600,""detectors_checked"":38528,""obs_mistake_mask=E"":3}"
      2048,         0,         0,   0.175,exact_mw,894a5a708293b7bd3951925e43ae0371ba83736430ed1970399611b4deb8498b,"{""distance"":7,""physical_error_rate"":0.0001}","{""detection_events"":638,""detectors_checked"":1232896}"
      2048,         0,         0,   0.176,exact_mw,894a5a708293b7bd3951925e43ae0371ba83736430ed1970399611b4deb8498b,"{""distance"":7,""physical_error_rate"":0.0001}","{""detection_events"":578,""detectors_checked"":1232896}"
       896,         0,         0,    3.31,exact_mw,8842ec4fe0f86aba00650008f7f408db45344cfb5a30f76b1f2c0fb50a8d5069,"{""distance"":7,""physical_error_rate"":0.002}","{""detection_events"":5086,""detectors_checked"":539392}"
        48,        21,         0,    3.41,exact_mw,f9150cfe85f50f836847c36ad2ae87630c9c57ffb089ec5b7bc3bfd70d60b4e6,"{""distance"":7,""physical_error_rate"":0.1}","{""detection_events"":8434,""detectors_checked"":28896,""obs_mistake_mask=E"":21}"
      4096,         0,         0,   0.309,exact_mw,894a5a708293b7bd3951925e43ae0371ba83736430ed1970399611b4deb8498b,"{""distance"":7,""physical_error_rate"":0.0001}","{""detection_events"":1217,""detectors_checked"":2465792}"
        96,        47,         0,    5.00,exact_mw,71f8db422891223299ae011becf33408912e3bc5d092c7605a1191bb559146e7,"{""distance"":7,""physical_error_rate"":0.2}","{""detection_events"":23376,""detectors_checked"":57792,""obs_mistake_mask=E"":47}"
        88,        43,         0,    4.69,exact_mw,f9150cfe85f50f836847c36ad2ae87630c9c57ffb089ec5b7bc3bfd70d60b4e6,"{""distance"":7,""physical_error_rate"":0.1}","{""detection_events"":15481,""detectors_checked"":52976,""obs_mistake_mask=E"":43}"
        96,        27,         0,    4.55,exact_mw,7d64b8fd090c698681db305e92f59b9c863e7db993aba97a5e8c48562d7de8f2,"{""distance"":7,""physical_error_rate"":0.05}","{""detection_events"":10667,""detectors_checked"":57792,""obs_mistake_mask=E"":27}"
      5120,         0,         0,   0.354,exact_mw,894a5a708293b7bd3951925e43ae0371ba83736430ed1970399611b4deb8498b,"{""distance"":7,""physical_error_rate"":0.0001}","{""detection_events"":1521,""detectors_checked"":3082240}"
        72,        30,         0,    4.52,exact_mw,71f8db422891223299ae011becf33408912e3bc5d092c7605a1191bb559146e7,"{""distance"":7,""physical_error_rate"":0.2}","{""detection_events"":17546,""detectors_checked"":43344,""obs_mistake_mask=E"":30}"
      7680,         0,         0,    6.30,exact_mw,fe773c48422346d89ea42b7ea8a90aa3034802874175ef2bfbcd9fbedf677903,"{""distance"":7,""physical_error_rate"":0.001}","{""detection_events"":23133,""detectors_checked"":4623360}"
        32,         1,         0,    1.22,exact_mw,f4817e2f6bf0dfc41195700a9244a7f66964db0e79ea1302ca6e9f2465062a32,"{""distance"":7,""physical_error_rate"":0.01}","{""detection_events"":912,""detectors_checked"":19264,""obs_mistake_mask=E"":1}"
        80,        39,         0,    4.62,exact_mw,f9150cfe85f50f836847c36ad2ae87630c9c57ffb089ec5b7bc3bfd70d60b4e6,"{""distance"":7,""physical_error_rate"":0.1}","{""detection_events"":14086,""detectors_checked"":48160,""obs_mistake_mask=E"":39}"
        88,        48,         0,    4.45,exact_mw,f9150cfe85f50f836847c36ad2ae87630c9c57ffb089ec5b7bc3bfd70d60b4e6,"{""distance"":7,""physical_error_rate"":0.1}","{""detection_events"":15486,""detectors_checked"":52976,""obs_mistake_mask=E"":48}"
      1280,         1,         0,    5.05,exact_mw,8842ec4fe0f86aba00650008f7f408db45344cfb5a30f76b1f2c0fb50a8d5069,"{""distance"":7,""physical_error_rate"":0.002}","{""detection_events"":7280,""detectors_checked"":770560,""obs_mistake_mask=E"":1}"
       120,        65,         0,    6.19,exact_mw,71f8db422891223299ae011becf33408912e3bc5d092c7605a1191bb559146e7,"{""distance"":7,""physical_error_rate"":0.2}","{""detection_events"":29392,""detectors_checked"":72240,""obs_mistake_mask=E"":65}"
     20480,         0,         0,   0.403,exact_mw,894a5a708293b7bd3951925e43ae0371ba83736430ed1970399611b4deb8498b,"{""distance"":7,""physical_error_rate"":0.0001}","{""detection_events"":6058,""detectors_checked"":12328960}"
        80,        41,         0,    4.38,exact_mw,1139365a790276c3ba84287e63684848c12003621d3197abf32cb0073f10eb73,"{""distance"":7,""physical_error_rate"":0.5}","{""detection_events"":24091,""detectors_checked"":48160,""obs_mistake_mask=E"":41}"
       320,         0,         0,    5.00,exact_mw,6534c274fb8721060716b040ba5484c43e0fb249b656ad44721a05b8b1f26839,"{""distance"":7,""physical_error_rate"":0.005}","{""detection_events"":4575,""detectors_checked"":192640}"
     29696,         0,         0,   0.580,exact_mw,894a5a708293b7bd3951925e43ae0371ba83736430ed1970399611b4deb8498b,"{""distance"":7,""physical_error_rate"":0.0001}","{""detection_events"":8468,""detectors_checked"":17876992}"
        56,        34,         0,    4.32,exact_mw,71f8db422891223299ae011becf33408912e3bc5d092c7605a1191bb559146e7,"{""distance"":7,""physical_error_rate"":0.2}","{""detection_events"":13743,""detectors_checked"":33712,""obs_mistake_mask=E"":34}"
       144,        37,         0,    6.31,exact_mw,7d64b8fd090c698681db305e92f59b9c863e7db993aba97a5e8c48562d7de8f2,"{""distance"":7,""physical_error_rate"":0.05}","{""detection_events"":16248,""detectors_checked"":86688,""obs_mistake_mask=E"":37}"
       120,        64,         0,    6.36,exact_mw,1139365a790276c3ba84287e63684848c12003621d3197abf32cb0073f10eb73,"{""distance"":7,""physical_error_rate"":0.5}","{""detection_events"":36052,""detectors_checked"":72240,""obs_mistake_mask=E"":64}"
       224,         0,         0,    5.99,exact_mw,f4817e2f6bf0dfc41195700a9244a7f66964db0e79ea1302ca6e9f2465062a32,"{""distance"":7,""physical_error_rate"":0.01}","{""detection_events"":6376,""detectors_checked"":134848}"
    209920,         0,         0,    5.98,exact_mw,a6f040f5268ba168f94c6ccce4ff822b1b844608631bba2e2b8dc7ec85b1e503,"{""distance"":7,""physical_error_rate"":0.0002}","{""detection_events"":125727,""detectors_checked"":126371840}"
    447488,         0,         0,    5.95,exact_mw,3793e887e6c3b4d5eff59c5eb9bbee88cf92e7a28a48243659e8f8373a61c55f,"{""distance"":7,""physical_error_rate"":5e-05}","{""detection_events"":66741,""detectors_checked"":269387776}"
        32,         0,         0,    1.29,exact_mw,f4817e2f6bf0dfc41195700a9244a7f66964db0e79ea1302ca6e9f2465062a32,"{""distance"":7,""physical_error_rate"":0.01}","{""detection_events"":1005,""detectors_checked"":19264}"
        80,        49,         0,    4.30,exact_mw,71f8db422891223299ae011becf33408912e3bc5d092c7605a1191bb559146e7,"{""distance"":7,""physical_error_rate"":0.2}","{""detection_events"":19585,""detectors_checked"":48160,""obs_mistake_mask=E"":49}"
     39936,         0,         0,   0.785,exact_mw,894a5a708293b7bd3951925e43ae0371ba83736430ed1970399611b4deb8498b,"{""distance"":7,""physical_error_rate"":0.0001}","{""detection_events"":11593,""detectors_checked"":24041472}"
       288,         0,         0,    4.80,exact_mw,6534c274fb8721060716b040ba5484c43e0fb249b656ad44721a05b8b1f26839,"{""distance"":7,""physical_error_rate"":0.005}","{""detection_events"":4130,""detectors_checked"":173376}"
    244736,         1,         0,    5.94,exact_mw,a6f040f5268ba168f94c6ccce4ff822b1b844608631bba2e2b8dc7ec85b1e503,"{""distance"":7,""physical_error_rate"":0.0002}","{""detection_events"":145874,""detectors_checked"":147331072,""obs_mistake_mask=E"":1}"
        80,        40,         0,    4.33,exact_mw,f9150cfe85f50f836847c36ad2ae87630c9c57ffb089ec5b7bc3bfd70d60b4e6,"{""distance"":7,""physical_error_rate"":0.1}","{""detection_events"":14222,""detectors_checked"":48160,""obs_mistake_mask=E"":40}"
    326656,         0,         0,    5.91,exact_mw,3793e887e6c3b4d5eff59c5eb9bbee88cf92e7a28a48243659e8f8373a61c55f,"{""distance"":7,""physical_error_rate"":5e-05}","{""detection_events"":49836,""detectors_checked"":196646912}"
    410624,         0,         0,    5.95,exact_mw,894a5a708293b7bd3951925e43ae0371ba83736430ed1970399611b4deb8498b,"{""distance"":7,""physical_error_rate"":0.0001}","{""detection_events"":122181,""detectors_checked"":247195648}"
       128,        68,         0,    6.26,exact_mw,1139365a790276c3ba84287e63684848c12003621d3197abf32cb0073f10eb73,"{""distance"":7,""physical_error_rate"":0.5}","{""detection_events"":38584,""detectors_checked"":77056,""obs_mistake_mask=E"":68}"
      1536,         0,         0,    6.01,exact_mw,8842ec4fe0f86aba00650008f7f408db45344cfb5a30f76b1f2c0fb50a8d5069,"{""distance"":7,""physical_error_rate"":0.002}","{""detection_events"":8930,""detectors_checked"":924672}"
      6144,         0,         0,    5.07,exact_mw,fe773c48422346d89ea42b7ea8a90aa3034802874175ef2bfbcd9fbedf677903,"{""distance"":7,""physical_error_rate"":0.001}","{""detection_events"":18234,""detectors_checked"":3698688}"
      1024,         0,         0,    4.32,exact_mw,8842ec4fe0f86aba00650008f7f408db45344cfb5a30f76b1f2c0fb50a8d5069,"{""distance"":7,""physical_error_rate"":0.002}","{""detection_events"":6207,""detectors_checked"":616448}"
     38912,         0,         0,    6.07,exact_mw,09f626b7d1c8765fd231bc36902f9c5557d3909c4644565b971bdb2bfb186061,"{""distance"":7,""physical_error_rate"":0.0005}","{""detection_events"":57990,""detectors_checked"":23425024}"
     56320,         0,         0,    1.13,exact_mw,894a5a708293b7bd3951925e43ae0371ba83736430ed1970399611b4deb8498b,"{""distance"":7,""physical_error_rate"":0.0001}","{""detection_events"":16743,""detectors_checked"":33904640}"
    386048,         0,         0,    5.91,exact_mw,3793e887e6c3b4d5eff59c5eb9bbee88cf92e7a28a48243659e8f8373a61c55f,"{""distance"":7,""physical_error_rate"":5e-05}","{""detection_events"":57810,""detectors_checked"":232400896}"
        48,         0,         0,    1.57,exact_mw,f4817e2f6bf0dfc41195700a9244a7f66964db0e79ea1302ca6e9f2465062a32,"{""distance"":7,""physical_error_rate"":0.01}","{""detection_events"":1451,""detectors_checked"":28896}"
      1536,         0,         0,    6.23,exact_mw,8842ec4fe0f86aba00650008f7f408db45344cfb5a30f76b1f2c0fb50a8d5069,"{""distance"":7,""physical_error_rate"":0.002}","{""detection_events"":9289,""detectors_checked"":924672}"
       416,         0,         0,    6.22,exact_mw,6534c274fb8721060716b040ba5484c43e0fb249b656ad44721a05b8b1f26839,"{""distance"":7,""physical_error_rate"":0.005}","{""detection_events"":6066,""detectors_checked"":250432}"
    257024,         0,         0,    8.30,exact_mw,a6f040f5268ba168f94c6ccce4ff822b1b844608631bba2e2b8dc7ec85b1e503,"{""distance"":7,""physical_error_rate"":0.0002}","{""detection_events"":152909,""detectors_checked"":154728448}"
     36864,         0,         0,    6.09,exact_mw,09f626b7d1c8765fd231bc36902f9c5557d3909c4644565b971bdb2bfb186061,"{""distance"":7,""physical_error_rate"":0.0005}","{""detection_events"":54716,""detectors_checked"":22192128}"
       128,        37,         0,    6.11,exact_mw,7d64b8fd090c698681db305e92f59b9c863e7db993aba97a5e8c48562d7de8f2,"{""distance"":7,""physical_error_rate"":0.05}","{""detection_events"":14026,""detectors_checked"":77056,""obs_mistake_mask=E"":37}"
       256,         1,         0,    6.38,exact_mw,f4817e2f6bf0dfc41195700a9244a7f66964db0e79ea1302ca6e9f2465062a32,"{""distance"":7,""physical_error_rate"":0.01}","{""detection_events"":7389,""detectors_checked"":154112,""obs_mistake_mask=E"":1}"
       144,        47,         0,    6.18,exact_mw,7d64b8fd090c698681db305e92f59b9c863e7db993aba97a5e8c48562d7de8f2,"{""distance"":7,""physical_error_rate"":0.05}","{""detection_events"":16451,""detectors_checked"":86688,""obs_mistake_mask=E"":47}"
        80,         2,         0,    4.47,exact_mw,b41993e7ca3a4c05067df83ef8f718f9a600cbd2ba374313e90f16e7f7d75967,"{""distance"":7,""physical_error_rate"":0.02}","{""detection_events"":4157,""detectors_checked"":48160,""obs_mistake_mask=E"":2}"
       160,         4,         0,    6.05,exact_mw,b41993e7ca3a4c05067df83ef8f718f9a600cbd2ba374313e90f16e7f7d75967,"{""distance"":7,""physical_error_rate"":0.02}","{""detection_events"":8571,""detectors_checked"":96320,""obs_mistake_mask=E"":4}"
       176,         9,         0,    6.31,exact_mw,b41993e7ca3a4c05067df83ef8f718f9a600cbd2ba374313e90f16e7f7d75967,"{""distance"":7,""physical_error_rate"":0.02}","{""detection_events"":9249,""detectors_checked"":105952,""obs_mistake_mask=E"":9}"
       160,         5,         0,    6.00,exact_mw,b41993e7ca3a4c05067df83ef8f718f9a600cbd2ba374313e90f16e7f7d75967,"{""distance"":7,""physical_error_rate"":0.02}","{""detection_events"":8656,""detectors_checked"":96320,""obs_mistake_mask=E"":5}"
     38912,         0,         0,    6.01,exact_mw,09f626b7d1c8765fd231bc36902f9c5557d3909c4644565b971bdb2bfb186061,"{""distance"":7,""physical_error_rate"":0.0005}","{""detection_events"":57503,""detectors_checked"":23425024}"
      1152,         0,         0,    4.76,exact_mw,8842ec4fe0f86aba00650008f7f408db45344cfb5a30f76b1f2c0fb50a8d5069,"{""distance"":7,""physical_error_rate"":0.002}","{""detection_events"":6556,""detectors_checked"":693504}"
        80,        39,         0,    4.60,exact_mw,f9150cfe85f50f836847c36ad2ae87630c9c57ffb089ec5b7bc3bfd70d60b4e6,"{""distance"":7,""physical_error_rate"":0.1}","{""detection_events"":14074,""detectors_checked"":48160,""obs_mistake_mask=E"":39}"
     44032,         1,         0,    6.01,exact_mw,09f626b7d1c8765fd231bc36902f9c5557d3909c4644565b971bdb2bfb186061,"{""distance"":7,""physical_error_rate"":0.0005}","{""detection_events"":64085,""detectors_checked"":26507264,""obs_mistake_mask=E"":1}"
       384,         4,         0,    6.07,exact_mw,6534c274fb8721060716b040ba5484c43e0fb249b656ad44721a05b8b1f26839,"{""distance"":7,""physical_error_rate"":0.005}","{""detection_events"":5582,""detectors_checked"":231168,""obs_mistake_mask=E"":4}"
    673792,         0,         0,    8.31,exact_mw,3793e887e6c3b4d5eff59c5eb9bbee88cf92e7a28a48243659e8f8373a61c55f,"{""distance"":7,""physical_error_rate"":5e-05}","{""detection_events"":99456,""detectors_checked"":405622784}"
     76800,         0,         0,    1.55,exact_mw,894a5a708293b7bd3951925e43ae0371ba83736430ed1970399611b4deb8498b,"{""distance"":7,""physical_error_rate"":0.0001}","{""detection_events"":22829,""detectors_checked"":46233600}"
       224,         0,         0,    8.39,exact_mw,f4817e2f6bf0dfc41195700a9244a7f66964db0e79ea1302ca6e9f2465062a32,"{""distance"":7,""physical_error_rate"":0.01}","{""detection_events"":6274,""detectors_checked"":134848}"
      8192,         1,         0,    6.80,exact_mw,fe773c48422346d89ea42b7ea8a90aa3034802874175ef2bfbcd9fbedf677903,"{""distance"":7,""physical_error_rate"":0.001}","{""detection_events"":24114,""detectors_checked"":4931584,""obs_mistake_mask=E"":1}"
    366592,         0,         0,    8.36,exact_mw,a6f040f5268ba168f94c6ccce4ff822b1b844608631bba2e2b8dc7ec85b1e503,"{""distance"":7,""physical_error_rate"":0.0002}","{""detection_events"":217226,""detectors_checked"":220688384}"
    620544,         0,         0,    8.33,exact_mw,894a5a708293b7bd3951925e43ae0371ba83736430ed1970399611b4deb8498b,"{""distance"":7,""physical_error_rate"":0.0001}","{""detection_events"":184301,""detectors_checked"":373567488}"
         1,         0,         0,   0.016,exact_mw,a6f040f5268ba168f94c6ccce4ff822b1b844608631bba2e2b8dc7ec85b1e503,"{""distance"":7,""physical_error_rate"":0.0002}","{""detectors_checked"":602}"
        88,        42,         0,    6.17,exact_mw,1139365a790276c3ba84287e63684848c12003621d3197abf32cb0073f10eb73,"{""distance"":7,""physical_error_rate"":0.5}","{""detection_events"":26616,""detectors_checked"":52976,""obs_mistake_mask=E"":42}"
        80,         0,         0,    2.40,exact_mw,f4817e2f6bf0dfc41195700a9244a7f66964db0e79ea1302ca6e9f2465062a32,"{""distance"":7,""physical_error_rate"":0.01}","{""detection_events"":2254,""detectors_checked"":48160}"
      1296,         0,         0,   0.137,exact_mw,a6f040f5268ba168f94c6ccce4ff822b1b844608631bba2e2b8dc7ec85b1e503,"{""distance"":7,""physical_error_rate"":0.0002}","{""detection_events"":810,""detectors_checked"":780192}"
      1024,         0,         0,   0.132,exact_mw,a6f040f5268ba168f94c6ccce4ff822b1b844608631bba2e2b8dc7ec85b1e503,"{""distance"":7,""physical_error_rate"":0.0002}","{""detection_events"":577,""detectors_checked"":616448}"
      1024,         0,         0,   0.087,exact_mw,a6f040f5268ba168f94c6ccce4ff822b1b844608631bba2e2b8dc7ec85b1e503,"{""distance"":7,""physical_error_rate"":0.0002}","{""detection_events"":598,""detectors_checked"":616448}"
      1024,         0,         0,   0.087,exact_mw,a6f040f5268ba168f94c6ccce4ff822b1b844608631bba2e2b8dc7ec85b1e503,"{""distance"":7,""physical_error_rate"":0.0002}","{""detection_events"":668,""detectors_checked"":616448}"
      1024,         0,         0,   0.133,exact_mw,a6f040f5268ba168f94c6ccce4ff822b1b844608631bba2e2b8dc7ec85b1e503,"{""distance"":7,""physical_error_rate"":0.0002}","{""detection_events"":492,""detectors_checked"":616448}"
      1024,         0,         0,   0.132,exact_mw,a6f040f5268ba168f94c6ccce4ff822b1b844608631bba2e2b8dc7ec85b1e503,"{""distance"":7,""physical_error_rate"":0.0002}","{""detection_events"":609,""detectors_checked"":616448}"
       104,        32,         0,    6.02,exact_mw,7d64b8fd090c698681db305e92f59b9c863e7db993aba97a5e8c48562d7de8f2,"{""distance"":7,""physical_error_rate"":0.05}","{""detection_events"":11474,""detectors_checked"":62608,""obs_mistake_mask=E"":32}"
       112,        64,         0,    6.08,exact_mw,71f8db422891223299ae011becf33408912e3bc5d092c7605a1191bb559146e7,"{""distance"":7,""physical_error_rate"":0.2}","{""detection_events"":27496,""detectors_checked"":67424,""obs_mistake_mask=E"":64}"
      1024,         0,         0,   0.175,exact_mw,a6f040f5268ba168f94c6ccce4ff822b1b844608631bba2e2b8dc7ec85b1e503,"{""distance"":7,""physical_error_rate"":0.0002}","{""detection_events"":640,""detectors_checked"":616448}"
        88,        46,         0,    6.02,exact_mw,f9150cfe85f50f836847c36ad2ae87630c9c57ffb089ec5b7bc3bfd70d60b4e6,"{""distance"":7,""physical_error_rate"":0.1}","{""detection_events"":15478,""detectors_checked"":52976,""obs_mistake_mask=E"":46}"
       112,        56,         0,    6.00,exact_mw,f9150cfe85f50f836847c36ad2ae87630c9c57ffb089ec5b7bc3bfd70d60b4e6,"{""distance"":7,""physical_error_rate"":0.1}","{""detection_events"":19597,""detectors_checked"":67424,""obs_mistake_mask=E"":56}"
       128,        57,         0,    6.34,exact_mw,f9150cfe85f50f836847c36ad2ae87630c9c57ffb089ec5b7bc3bfd70d60b4e6,"{""distance"":7,""physical_error_rate"":0.1}","{""detection_events"":22372,""detectors_checked"":77056,""obs_mistake_mask=E"":57}"
        56,        28,         0,    4.02,exact_mw,f9150cfe85f50f836847c36ad2ae87630c9c57ffb089ec5b7bc3bfd70d60b4e6,"{""distance"":7,""physical_error_rate"":0.1}","{""detection_events"":9852,""detectors_checked"":33712,""obs_mistake_mask=E"":28}"
       128,        64,         0,    6.71,exact_mw,71f8db422891223299ae011becf33408912e3bc5d092c7605a1191bb559146e7,"{""distance"":7,""physical_error_rate"":0.2}","{""detection_events"":31595,""detectors_checked"":77056,""obs_mistake_mask=E"":64}"
     58368,         0,         0,    8.40,exact_mw,09f626b7d1c8765fd231bc36902f9c5557d3909c4644565b971bdb2bfb186061,"{""distance"":7,""physical_error_rate"":0.0005}","{""detection_events"":86045,""detectors_checked"":35137536}"
        32,        21,         0,    2.33,exact_mw,f9150cfe85f50f836847c36ad2ae87630c9c57ffb089ec5b7bc3bfd70d60b4e6,"{""distance"":7,""physical_error_rate"":0.1}","{""detection_events"":5788,""detectors_checked"":19264,""obs_mistake_mask=E"":21}"
      2048,         0,         0,   0.310,exact_mw,a6f040f5268ba168f94c6ccce4ff822b1b844608631bba2e2b8dc7ec85b1e503,"{""distance"":7,""physical_error_rate"":0.0002}","{""detection_events"":1391,""detectors_checked"":1232896}"
         8,         2,         0,   0.301,exact_mw,f9150cfe85f50f836847c36ad2ae87630c9c57ffb089ec5b7bc3bfd70d60b4e6,"{""distance"":7,""physical_error_rate"":0.1}","{""detection_events"":1384,""detectors_checked"":4816,""obs_mistake_mask=E"":2}"
         8,         2,         0,   0.446,exact_mw,71f8db422891223299ae011becf33408912e3bc5d092c7605a1191bb559146e7,"{""distance"":7,""physical_error_rate"":0.2}","{""detection_events"":1978,""detectors_checked"":4816,""obs_mistake_mask=E"":2}"
       120,        60,         0,    6.26,exact_mw,71f8db422891223299ae011becf33408912e3bc5d092c7605a1191bb559146e7,"{""distance"":7,""physical_error_rate"":0.2}","{""detection_events"":29376,""detectors_checked"":72240,""obs_mistake_mask=E"":60}"
         8,         2,         0,   0.420,exact_mw,f9150cfe85f50f836847c36ad2ae87630c9c57ffb089ec5b7bc3bfd70d60b4e6,"{""distance"":7,""physical_error_rate"":0.1}","{""detection_events"":1399,""detectors_checked"":4816,""obs_mistake_mask=E"":2}"
         8,         3,         0,   0.387,exact_mw,f9150cfe85f50f836847c36ad2ae87630c9c57ffb089ec5b7bc3bfd70d60b4e6,"{""distance"":7,""physical_error_rate"":0.1}","{""detection_events"":1397,""detectors_checked"":4816,""obs_mistake_mask=E"":3}"
        88,        36,         0,    5.67,exact_mw,71f8db422891223299ae011becf33408912e3bc5d092c7605a1191bb559146e7,"{""distance"":7,""physical_error_rate"":0.2}","{""detection_events"":21615,""detectors_checked"":52976,""obs_mistake_mask=E"":36}"
    119808,         0,         0,    2.17,exact_mw,894a5a708293b7bd3951925e43ae0371ba83736430ed1970399611b4deb8498b,"{""distance"":7,""physical_error_rate"":0.0001}","{""detection_events"":35035,""detectors_checked"":72124416}"
        96,        50,         0,    5.14,exact_mw,71f8db422891223299ae011becf33408912e3bc5d092c7605a1191bb559146e7,"{""distance"":7,""physical_error_rate"":0.2}","{""detection_events"":23487,""detectors_checked"":57792,""obs_mistake_mask=E"":50}"
      1792,         0,         0,    6.59,exact_mw,8842ec4fe0f86aba00650008f7f408db45344cfb5a30f76b1f2c0fb50a8d5069,"{""distance"":7,""physical_error_rate"":0.002}","{""detection_events"":10401,""detectors_checked"":1078784}"
      2048,         0,         0,   0.351,exact_mw,a6f040f5268ba168f94c6ccce4ff822b1b844608631bba2e2b8dc7ec85b1e503,"{""distance"":7,""physical_error_rate"":0.0002}","{""detection_events"":1412,""detectors_checked"":1232896}"
     10240,         0,         0,   0.278,exact_mw,a6f040f5268ba168f94c6ccce4ff822b1b844608631bba2e2b8dc7ec85b1e503,"{""distance"":7,""physical_error_rate"":0.0002}","{""detection_events"":5797,""detectors_checked"":6164480}"
       112,        56,         0,    6.32,exact_mw,1139365a790276c3ba84287e63684848c12003621d3197abf32cb0073f10eb73,"{""distance"":7,""physical_error_rate"":0.5}","{""detection_events"":33509,""detectors_checked"":67424,""obs_mistake_mask=E"":56}"
       448,         1,         0,    6.39,exact_mw,6534c274fb8721060716b040ba5484c43e0fb249b656ad44721a05b8b1f26839,"{""distance"":7,""physical_error_rate"":0.005}","{""detection_events"":6317,""detectors_checked"":269696,""obs_mistake_mask=E"":1}"
     16384,         0,         0,   0.407,exact_mw,a6f040f5268ba168f94c6ccce4ff822b1b844608631bba2e2b8dc7ec85b1e503,"{""distance"":7,""physical_error_rate"":0.0002}","{""detection_events"":10242,""detectors_checked"":9863168}"
     24576,         0,         0,   0.581,exact_mw,a6f040f5268ba168f94c6ccce4ff822b1b844608631bba2e2b8dc7ec85b1e503,"{""distance"":7,""physical_error_rate"":0.0002}","{""detection_events"":14659,""detectors_checked"":14794752}"
       384,         0,         0,    6.43,exact_mw,6534c274fb8721060716b040ba5484c43e0fb249b656ad44721a05b8b1f26839,"{""distance"":7,""physical_error_rate"":0.005}","{""detection_events"":5552,""detectors_checked"":231168}"
       112,         0,         0,    3.20,exact_mw,f4817e2f6bf0dfc41195700a9244a7f66964db0e79ea1302ca6e9f2465062a32,"{""distance"":7,""physical_error_rate"":0.01}","{""detection_events"":3190,""detectors_checked"":67424}"
     11776,         1,         0,    8.83,exact_mw,fe773c48422346d89ea42b7ea8a90aa3034802874175ef2bfbcd9fbedf677903,"{""distance"":7,""physical_error_rate"":0.001}","{""detection_events"":34344,""detectors_checked"":7089152,""obs_mistake_mask=E"":1}"
     32768,         0,         0,   0.791,exact_mw,a6f040f5268ba168f94c6ccce4ff822b1b844608631bba2e2b8dc7ec85b1e503,"{""distance"":7,""physical_error_rate"":0.0002}","{""detection_events"":19354,""detectors_checked"":19726336}"
      8192,         0,         0,    6.34,exact_mw,fe773c48422346d89ea42b7ea8a90aa3034802874175ef2bfbcd9fbedf677903,"{""distance"":7,""physical_error_rate"":0.001}","{""detection_events"":24784,""detectors_checked"":4931584}"
      1536,         0,         0,    6.50,exact_mw,8842ec4fe0f86aba00650008f7f408db45344cfb5a30f76b1f2c0fb50a8d5069,"{""distance"":7,""physical_error_rate"":0.002}","{""detection_events"":9258,""detectors_checked"":924672}"
       184,        64,         0,    8.43,exact_mw,7d64b8fd090c698681db305e92f59b9c863e7db993aba97a5e8c48562d7de8f2,"{""distance"":7,""physical_error_rate"":0.05}","{""detection_events"":20416,""detectors_checked"":110768,""obs_mistake_mask=E"":64}"
       304,         2,         0,    8.48,exact_mw,f4817e2f6bf0dfc41195700a9244a7f66964db0e79ea1302ca6e9f2465062a32,"{""distance"":7,""physical_error_rate"":0.01}","{""detection_events"":8071,""detectors_checked"":183008,""obs_mistake_mask=E"":2}"
    326656,         0,         0,    8.32,exact_mw,a6f040f5268ba168f94c6ccce4ff822b1b844608631bba2e2b8dc7ec85b1e503,"{""distance"":7,""physical_error_rate"":0.0002}","{""detection_events"":193027,""detectors_checked"":196646912}"
    652288,         0,         0,    8.28,exact_mw,3793e887e6c3b4d5eff59c5eb9bbee88cf92e7a28a48243659e8f8373a61c55f,"{""distance"":7,""physical_error_rate"":5e-05}","{""detection_events"":96454,""detectors_checked"":392677376}"
       160,        80,         0,    8.56,exact_mw,1139365a790276c3ba84287e63684848c12003621d3197abf32cb0073f10eb73,"{""distance"":7,""physical_error_rate"":0.5}","{""detection_events"":47939,""detectors_checked"":96320,""obs_mistake_mask=E"":80}"
    151552,         0,         0,    3.02,exact_mw,894a5a708293b7bd3951925e43ae0371ba83736430ed1970399611b4deb8498b,"{""distance"":7,""physical_error_rate"":0.0001}","{""detection_events"":45423,""detectors_checked"":91234304}"
       160,         6,         0,    6.21,exact_mw,b41993e7ca3a4c05067df83ef8f718f9a600cbd2ba374313e90f16e7f7d75967,"{""distance"":7,""physical_error_rate"":0.02}","{""detection_events"":8325,""detectors_checked"":96320,""obs_mistake_mask=E"":6}"
        48,        24,         0,    2.68,exact_mw,1139365a790276c3ba84287e63684848c12003621d3197abf32cb0073f10eb73,"{""distance"":7,""physical_error_rate"":0.5}","{""detection_events"":14518,""detectors_checked"":28896,""obs_mistake_mask=E"":24}"
        80,        40,         0,    4.69,exact_mw,1139365a790276c3ba84287e63684848c12003621d3197abf32cb0073f10eb73,"{""distance"":7,""physical_error_rate"":0.5}","{""detection_events"":23976,""detectors_checked"":48160,""obs_mistake_mask=E"":40}"
     48128,         0,         0,    1.11,exact_mw,a6f040f5268ba168f94c6ccce4ff822b1b844608631bba2e2b8dc7ec85b1e503,"{""distance"":7,""physical_error_rate"":0.0002}","{""detection_events"":28353,""detectors_checked"":28973056}"
      1280,         0,         0,    6.01,exact_mw,8842ec4fe0f86aba00650008f7f408db45344cfb5a30f76b1f2c0fb50a8d5069,"{""distance"":7,""physical_error_rate"":0.002}","{""detection_events"":7410,""detectors_checked"":770560}"
         8,         5,         0,   0.433,exact_mw,1139365a790276c3ba84287e63684848c12003621d3197abf32cb0073f10eb73,"{""distance"":7,""physical_error_rate"":0.5}","{""detection_events"":2413,""detectors_checked"":4816,""obs_mistake_mask=E"":5}"
       144,        75,         0,    7.66,exact_mw,1139365a790276c3ba84287e63684848c12003621d3197abf32cb0073f10eb73,"{""distance"":7,""physical_error_rate"":0.5}","{""detection_events"":43533,""detectors_checked"":86688,""obs_mistake_mask=E"":75}"
    336896,         1,         0,    8.32,exact_mw,a6f040f5268ba168f94c6ccce4ff822b1b844608631bba2e2b8dc7ec85b1e503,"{""distance"":7,""physical_error_rate"":0.0002}","{""detection_events"":200875,""detectors_checked"":202811392,""obs_mistake_mask=E"":1}"
    623616,         0,         0,    8.32,exact_mw,3793e887e6c3b4d5eff59c5eb9bbee88cf92e7a28a48243659e8f8373a61c55f,"{""distance"":7,""physical_error_rate"":5e-05}","{""detection_events"":91616,""detectors_checked"":375416832}"
    594944,         0,         0,    8.31,exact_mw,894a5a708293b7bd3951925e43ae0371ba83736430ed1970399611b4deb8498b,"{""distance"":7,""physical_error_rate"":0.0001}","{""detection_events"":176493,""detectors_checked"":358156288}"
      2048,         0,         0,    8.42,exact_mw,8842ec4fe0f86aba00650008f7f408db45344cfb5a30f76b1f2c0fb50a8d5069,"{""distance"":7,""physical_error_rate"":0.002}","{""detection_events"":12093,""detectors_checked"":1232896}"
    485376,         0,         0,    8.22,exact_mw,3793e887e6c3b4d5eff59c5eb9bbee88cf92e7a28a48243659e8f8373a61c55f,"{""distance"":7,""physical_error_rate"":5e-05}","{""detection_events"":72691,""detectors_checked"":292196352}"
     49152,         0,         0,    8.53,exact_mw,09f626b7d1c8765fd231bc36902f9c5557d3909c4644565b971bdb2bfb186061,"{""distance"":7,""physical_error_rate"":0.0005}","{""detection_events"":73228,""detectors_checked"":29589504}"
     70656,         0,         0,    1.53,exact_mw,a6f040f5268ba168f94c6ccce4ff822b1b844608631bba2e2b8dc7ec85b1e503,"{""distance"":7,""physical_error_rate"":0.0002}","{""detection_events"":41421,""detectors_checked"":42534912}"
       544,         0,         0,    8.38,exact_mw,6534c274fb8721060716b040ba5484c43e0fb249b656ad44721a05b8b1f26839,"{""distance"":7,""physical_error_rate"":0.005}","{""detection_events"":7606,""detectors_checked"":327488}"
     59392,         1,         0,    8.37,exact_mw,09f626b7d1c8765fd231bc36902f9c5557d3909c4644565b971bdb2bfb186061,"{""distance"":7,""physical_error_rate"":0.0005}","{""detection_events"":86639,""detectors_checked"":35753984,""obs_mistake_mask=E"":1}"
       200,        59,         0,    8.38,exact_mw,7d64b8fd090c698681db305e92f59b9c863e7db993aba97a5e8c48562d7de8f2,"{""distance"":7,""physical_error_rate"":0.05}","{""detection_events"":22273,""detectors_checked"":120400,""obs_mistake_mask=E"":59}"
       320,         5,         0,    8.51,exact_mw,f4817e2f6bf0dfc41195700a9244a7f66964db0e79ea1302ca6e9f2465062a32,"{""distance"":7,""physical_error_rate"":0.01}","{""detection_events"":8925,""detectors_checked"":192640,""obs_mistake_mask=E"":5}"
       200,        62,         0,    8.59,exact_mw,7d64b8fd090c698681db305e92f59b9c863e7db993aba97a5e8c48562d7de8f2,"{""distance"":7,""physical_error_rate"":0.05}","{""detection_events"":22316,""detectors_checked"":120400,""obs_mistake_mask=E"":62}"
       224,        10,         0,    8.45,exact_mw,b41993e7ca3a4c05067df83ef8f718f9a600cbd2ba374313e90f16e7f7d75967,"{""distance"":7,""physical_error_rate"":0.02}","{""detection_events"":11574,""detectors_checked"":134848,""obs_mistake_mask=E"":10}"
       224,         9,         0,    8.50,exact_mw,b41993e7ca3a4c05067df83ef8f718f9a600cbd2ba374313e90f16e7f7d75967,"{""distance"":7,""physical_error_rate"":0.02}","{""detection_events"":12085,""detectors_checked"":134848,""obs_mistake_mask=E"":9}"
     57344,         1,         0,    8.39,exact_mw,09f626b7d1c8765fd231bc36902f9c5557d3909c4644565b971bdb2bfb186061,"{""distance"":7,""physical_error_rate"":0.0005}","{""detection_events"":85691,""detectors_checked"":34521088,""obs_mistake_mask=E"":1}"
      2560,         0,         0,    9.31,exact_mw,8842ec4fe0f86aba00650008f7f408db45344cfb5a30f76b1f2c0fb50a8d5069,"{""distance"":7,""physical_error_rate"":0.002}","{""detection_events"":14736,""detectors_checked"":1541120}"
       240,        12,         0,    8.78,exact_mw,b41993e7ca3a4c05067df83ef8f718f9a600cbd2ba374313e90f16e7f7d75967,"{""distance"":7,""physical_error_rate"":0.02}","{""detection_events"":12416,""detectors_checked"":144480,""obs_mistake_mask=E"":12}"
     48128,         0,         0,    8.43,exact_mw,09f626b7d1c8765fd231bc36902f9c5557d3909c4644565b971bdb2bfb186061,"{""distance"":7,""physical_error_rate"":0.0005}","{""detection_events"":71250,""detectors_checked"":28973056}"
       576,         2,         0,    8.81,exact_mw,6534c274fb8721060716b040ba5484c43e0fb249b656ad44721a05b8b1f26839,"{""distance"":7,""physical_error_rate"":0.005}","{""detection_events"":8418,""detectors_checked"":346752,""obs_mistake_mask=E"":2}"
       160,         0,         0,    4.68,exact_mw,f4817e2f6bf0dfc41195700a9244a7f66964db0e79ea1302ca6e9f2465062a32,"{""distance"":7,""physical_error_rate"":0.01}","{""detection_events"":4423,""detectors_checked"":96320}"
     11264,         0,         0,    9.00,exact_mw,fe773c48422346d89ea42b7ea8a90aa3034802874175ef2bfbcd9fbedf677903,"{""distance"":7,""physical_error_rate"":0.001}","{""detection_events"":32547,""detectors_checked"":6780928}"
        68,         0,         0,    9.15,exact_mw,f4817e2f6bf0dfc41195700a9244a7f66964db0e79ea1302ca6e9f2465062a32,"{""distance"":7,""physical_error_rate"":0.01}","{""detection_events"":1848,""detectors_checked"":40936}"
    101376,         1,         0,    2.18,exact_mw,a6f040f5268ba168f94c6ccce4ff822b1b844608631bba2e2b8dc7ec85b1e503,"{""distance"":7,""physical_error_rate"":0.0002}","{""detection_events"":60134,""detectors_checked"":61028352,""obs_mistake_mask=E"":1}"
    286720,         0,         0,    4.24,exact_mw,894a5a708293b7bd3951925e43ae0371ba83736430ed1970399611b4deb8498b,"{""distance"":7,""physical_error_rate"":0.0001}","{""detection_events"":85146,""detectors_checked"":172605440}"
       192,        61,         0,    8.56,exact_mw,7d64b8fd090c698681db305e92f59b9c863e7db993aba97a5e8c48562d7de8f2,"{""distance"":7,""physical_error_rate"":0.05}","{""detection_events"":21048,""detectors_checked"":115584,""obs_mistake_mask=E"":61}"
    531456,         0,         0,    11.7,exact_mw,a6f040f5268ba168f94c6ccce4ff822b1b844608631bba2e2b8dc7ec85b1e503,"{""distance"":7,""physical_error_rate"":0.0002}","{""detection_events"":314212,""detectors_checked"":319936512}"
      2176,         0,         0,    8.66,exact_mw,8842ec4fe0f86aba00650008f7f408db45344cfb5a30f76b1f2c0fb50a8d5069,"{""distance"":7,""physical_error_rate"":0.002}","{""detection_events"":12748,""detectors_checked"":1309952}"
    967680,         0,         0,    11.7,exact_mw,3793e887e6c3b4d5eff59c5eb9bbee88cf92e7a28a48243659e8f8373a61c55f,"{""distance"":7,""physical_error_rate"":5e-05}","{""detection_events"":142782,""detectors_checked"":582543360}"
       576,         0,         0,    9.07,exact_mw,6534c274fb8721060716b040ba5484c43e0fb249b656ad44721a05b8b1f26839,"{""distance"":7,""physical_error_rate"":0.005}","{""detection_events"":8546,""detectors_checked"":346752}"
    526336,         0,         0,    11.6,exact_mw,a6f040f5268ba168f94c6ccce4ff822b1b844608631bba2e2b8dc7ec85b1e503,"{""distance"":7,""physical_error_rate"":0.0002}","{""detection_events"":313592,""detectors_checked"":316854272}"
    866304,         0,         0,    11.6,exact_mw,894a5a708293b7bd3951925e43ae0371ba83736430ed1970399611b4deb8498b,"{""distance"":7,""physical_error_rate"":0.0001}","{""detection_events"":255576,""detectors_checked"":521515008}"
       512,         4,         0,    8.47,exact_mw,6534c274fb8721060716b040ba5484c43e0fb249b656ad44721a05b8b1f26839,"{""distance"":7,""physical_error_rate"":0.005}","{""detection_events"":7466,""detectors_checked"":308224,""obs_mistake_mask=E"":4}"
    146432,         0,         0,    3.05,exact_mw,a6f040f5268ba168f94c6ccce4ff822b1b844608631bba2e2b8dc7ec85b1e503,"{""distance"":7,""physical_error_rate"":0.0002}","{""detection_events"":85561,""detectors_checked"":88152064}"
     10240,         0,         0,    8.50,exact_mw,fe773c48422346d89ea42b7ea8a90aa3034802874175ef2bfbcd9fbedf677903,"{""distance"":7,""physical_error_rate"":0.001}","{""detection_events"":30135,""detectors_checked"":6164480}"
     80896,         0,         0,    11.8,exact_mw,09f626b7d1c8765fd231bc36902f9c5557d3909c4644565b971bdb2bfb186061,"{""distance"":7,""physical_error_rate"":0.0005}","{""detection_events"":117888,""detectors_checked"":48699392}"
      2304,         0,         0,    8.83,exact_mw,8842ec4fe0f86aba00650008f7f408db45344cfb5a30f76b1f2c0fb50a8d5069,"{""distance"":7,""physical_error_rate"":0.002}","{""detection_events"":13605,""detectors_checked"":1387008}"
      2048,         0,         0,    8.53,exact_mw,8842ec4fe0f86aba00650008f7f408db45344cfb5a30f76b1f2c0fb50a8d5069,"{""distance"":7,""physical_error_rate"":0.002}","{""detection_events"":11908,""detectors_checked"":1232896}"
        52,         1,         0,    9.04,exact_mw,b41993e7ca3a4c05067df83ef8f718f9a600cbd2ba374313e90f16e7f7d75967,"{""distance"":7,""physical_error_rate"":0.02}","{""detection_events"":2749,""detectors_checked"":31304,""obs_mistake_mask=E"":1}"
       240,         6,         0,    6.32,exact_mw,f4817e2f6bf0dfc41195700a9244a7f66964db0e79ea1302ca6e9f2465062a32,"{""distance"":7,""physical_error_rate"":0.01}","{""detection_events"":6541,""detectors_checked"":144480,""obs_mistake_mask=E"":6}"
    442368,         0,         0,    5.91,exact_mw,894a5a708293b7bd3951925e43ae0371ba83736430ed1970399611b4deb8498b,"{""distance"":7,""physical_error_rate"":0.0001}","{""detection_events"":130392,""detectors_checked"":266305536}"
    189440,         0,         0,    4.23,exact_mw,a6f040f5268ba168f94c6ccce4ff822b1b844608631bba2e2b8dc7ec85b1e503,"{""distance"":7,""physical_error_rate"":0.0002}","{""detection_events"":111413,""detectors_checked"":114042880}"
     16384,         1,         0,    12.3,exact_mw,fe773c48422346d89ea42b7ea8a90aa3034802874175ef2bfbcd9fbedf677903,"{""distance"":7,""physical_error_rate"":0.001}","{""detection_events"":47601,""detectors_checked"":9863168,""obs_mistake_mask=E"":1}"
    541696,         0,         0,    11.6,exact_mw,a6f040f5268ba168f94c6ccce4ff822b1b844608631bba2e2b8dc7ec85b1e503,"{""distance"":7,""physical_error_rate"":0.0002}","{""detection_events"":322440,""detectors_checked"":326100992}"
    947200,         0,         0,    11.6,exact_mw,3793e887e6c3b4d5eff59c5eb9bbee88cf92e7a28a48243659e8f8373a61c55f,"{""distance"":7,""physical_error_rate"":5e-05}","{""detection_events"":142922,""detectors_checked"":570214400}"
       288,        92,         0,    12.3,exact_mw,7d64b8fd090c698681db305e92f59b9c863e7db993aba97a5e8c48562d7de8f2,"{""distance"":7,""physical_error_rate"":0.05}","{""detection_events"":32239,""detectors_checked"":173376,""obs_mistake_mask=E"":92}"
       496,         9,         0,    12.1,exact_mw,f4817e2f6bf0dfc41195700a9244a7f66964db0e79ea1302ca6e9f2465062a32,"{""distance"":7,""physical_error_rate"":0.01}","{""detection_events"":13689,""detectors_checked"":298592,""obs_mistake_mask=E"":9}"
    522240,         0,         0,    11.7,exact_mw,a6f040f5268ba168f94c6ccce4ff822b1b844608631bba2e2b8dc7ec85b1e503,"{""distance"":7,""physical_error_rate"":0.0002}","{""detection_events"":307925,""detectors_checked"":314388480}"
    949248,         0,         0,    11.6,exact_mw,3793e887e6c3b4d5eff59c5eb9bbee88cf92e7a28a48243659e8f8373a61c55f,"{""distance"":7,""physical_error_rate"":5e-05}","{""detection_events"":139777,""detectors_checked"":571447296}"
    874496,         0,         0,    11.7,exact_mw,894a5a708293b7bd3951925e43ae0371ba83736430ed1970399611b4deb8498b,"{""distance"":7,""physical_error_rate"":0.0001}","{""detection_events"":258590,""detectors_checked"":526446592}"
    215040,         0,         0,    11.6,exact_mw,3793e887e6c3b4d5eff59c5eb9bbee88cf92e7a28a48243659e8f8373a61c55f,"{""distance"":7,""physical_error_rate"":5e-05}","{""detection_events"":31959,""detectors_checked"":129454080}"
      3200,         0,         0,    12.2,exact_mw,8842ec4fe0f86aba00650008f7f408db45344cfb5a30f76b1f2c0fb50a8d5069,"{""distance"":7,""physical_error_rate"":0.002}","{""detection_events"":18660,""detectors_checked"":1926400}"
     83968,         1,         0,    11.8,exact_mw,09f626b7d1c8765fd231bc36902f9c5557d3909c4644565b971bdb2bfb186061,"{""distance"":7,""physical_error_rate"":0.0005}","{""detection_events"":124606,""detectors_checked"":50548736,""obs_mistake_mask=E"":1}"
     79872,         0,         0,    11.7,exact_mw,09f626b7d1c8765fd231bc36902f9c5557d3909c4644565b971bdb2bfb186061,"{""distance"":7,""physical_error_rate"":0.0005}","{""detection_events"":117765,""detectors_checked"":48082944}"
       280,        89,         0,    11.7,exact_mw,7d64b8fd090c698681db305e92f59b9c863e7db993aba97a5e8c48562d7de8f2,"{""distance"":7,""physical_error_rate"":0.05}","{""detection_events"":30748,""detectors_checked"":168560,""obs_mistake_mask=E"":89}"
       832,         1,         0,    12.0,exact_mw,6534c274fb8721060716b040ba5484c43e0fb249b656ad44721a05b8b1f26839,"{""distance"":7,""physical_error_rate"":0.005}","{""detection_events"":12030,""detectors_checked"":500864,""obs_mistake_mask=E"":1}"
        48,        14,         0,    2.04,exact_mw,7d64b8fd090c698681db305e92f59b9c863e7db993aba97a5e8c48562d7de8f2,"{""distance"":7,""physical_error_rate"":0.05}","{""detection_events"":5327,""detectors_checked"":28896,""obs_mistake_mask=E"":14}"
       280,        90,         0,    11.9,exact_mw,7d64b8fd090c698681db305e92f59b9c863e7db993aba97a5e8c48562d7de8f2,"{""distance"":7,""physical_error_rate"":0.05}","{""detection_events"":30805,""detectors_checked"":168560,""obs_mistake_mask=E"":90}"
     79872,         0,         0,    11.8,exact_mw,09f626b7d1c8765fd231bc36902f9c5557d3909c4644565b971bdb2bfb186061,"{""distance"":7,""physical_error_rate"":0.0005}","{""detection_events"":118097,""detectors_checked"":48082944}"
       336,        17,         0,    12.0,exact_mw,b41993e7ca3a4c05067df83ef8f718f9a600cbd2ba374313e90f16e7f7d75967,"{""distance"":7,""physical_error_rate"":0.02}","{""detection_events"":17586,""detectors_checked"":202272,""obs_mistake_mask=E"":17}"
       224,        56,         0,    9.67,exact_mw,7d64b8fd090c698681db305e92f59b9c863e7db993aba97a5e8c48562d7de8f2,"{""distance"":7,""physical_error_rate"":0.05}","{""detection_events"":25209,""detectors_checked"":134848,""obs_mistake_mask=E"":56}"
       320,        14,         0,    12.2,exact_mw,b41993e7ca3a4c05067df83ef8f718f9a600cbd2ba374313e90f16e7f7d75967,"{""distance"":7,""physical_error_rate"":0.02}","{""detection_events"":16824,""detectors_checked"":192640,""obs_mistake_mask=E"":14}"
     79872,         0,         0,    11.7,exact_mw,09f626b7d1c8765fd231bc36902f9c5557d3909c4644565b971bdb2bfb186061,"{""distance"":7,""physical_error_rate"":0.0005}","{""detection_events"":119116,""detectors_checked"":48082944}"
      3072,         1,         0,    12.0,exact_mw,8842ec4fe0f86aba00650008f7f408db45344cfb5a30f76b1f2c0fb50a8d5069,"{""distance"":7,""physical_error_rate"":0.002}","{""detection_events"":17722,""detectors_checked"":1849344,""obs_mistake_mask=E"":1}"
       336,        16,         0,    11.9,exact_mw,b41993e7ca3a4c05067df83ef8f718f9a600cbd2ba374313e90f16e7f7d75967,"{""distance"":7,""physical_error_rate"":0.02}","{""detection_events"":17614,""detectors_checked"":202272,""obs_mistake_mask=E"":16}"
       480,         3,         0,    12.4,exact_mw,f4817e2f6bf0dfc41195700a9244a7f66964db0e79ea1302ca6e9f2465062a32,"{""distance"":7,""physical_error_rate"":0.01}","{""detection_events"":13082,""detectors_checked"":288960,""obs_mistake_mask=E"":3}"
       832,         1,         0,    12.4,exact_mw,6534c274fb8721060716b040ba5484c43e0fb249b656ad44721a05b8b1f26839,"{""distance"":7,""physical_error_rate"":0.005}","{""detection_events"":11961,""detectors_checked"":500864,""obs_mistake_mask=E"":1}"
     14336,         0,         0,    12.1,exact_mw,fe773c48422346d89ea42b7ea8a90aa3034802874175ef2bfbcd9fbedf677903,"{""distance"":7,""physical_error_rate"":0.001}","{""detection_events"":42909,""detectors_checked"":8630272}"
      1297,         0,         0,   0.029,exact_mw,a6f040f5268ba168f94c6ccce4ff822b1b844608631bba2e2b8dc7ec85b1e503,"{""distance"":7,""physical_error_rate"":0.0002}","{""detection_events"":787,""detectors_checked"":780794}"
      1024,         0,         0,   0.026,exact_mw,a6f040f5268ba168f94c6ccce4ff822b1b844608631bba2e2b8dc7ec85b1e503,"{""distance"":7,""physical_error_rate"":0.0002}","{""detection_events"":582,""detectors_checked"":616448}"
      1024,         0,         0,   0.024,exact_mw,a6f040f5268ba168f94c6ccce4ff822b1b844608631bba2e2b8dc7ec85b1e503,"{""distance"":7,""physical_error_rate"":0.0002}","{""detection_events"":537,""detectors_checked"":616448}"
      1024,         0,         0,   0.066,exact_mw,a6f040f5268ba168f94c6ccce4ff822b1b844608631bba2e2b8dc7ec85b1e503,"{""distance"":7,""physical_error_rate"":0.0002}","{""detection_events"":664,""detectors_checked"":616448}"
      2048,         0,         0,   0.064,exact_mw,a6f040f5268ba168f94c6ccce4ff822b1b844608631bba2e2b8dc7ec85b1e503,"{""distance"":7,""physical_error_rate"":0.0002}","{""detection_events"":1200,""detectors_checked"":1232896}"
      3072,         0,         0,   0.079,exact_mw,a6f040f5268ba168f94c6ccce4ff822b1b844608631bba2e2b8dc7ec85b1e503,"{""distance"":7,""physical_error_rate"":0.0002}","{""detection_events"":1835,""detectors_checked"":1849344}"
      3072,         0,         0,   0.078,exact_mw,a6f040f5268ba168f94c6ccce4ff822b1b844608631bba2e2b8dc7ec85b1e503,"{""distance"":7,""physical_error_rate"":0.0002}","{""detection_events"":1851,""detectors_checked"":1849344}"
        80,         0,         0,    12.4,exact_mw,f4817e2f6bf0dfc41195700a9244a7f66964db0e79ea1302ca6e9f2465062a32,"{""distance"":7,""physical_error_rate"":0.01}","{""detection_events"":2073,""detectors_checked"":48160}"
      5120,         0,         0,   0.107,exact_mw,a6f040f5268ba168f94c6ccce4ff822b1b844608631bba2e2b8dc7ec85b1e503,"{""distance"":7,""physical_error_rate"":0.0002}","{""detection_events"":2983,""detectors_checked"":3082240}"
       273,         0,         0,   0.049,exact_mw,09f626b7d1c8765fd231bc36902f9c5557d3909c4644565b971bdb2bfb186061,"{""distance"":7,""physical_error_rate"":0.0005}","{""detection_events"":394,""detectors_checked"":164346}"
      1024,         0,         0,   0.078,exact_mw,09f626b7d1c8765fd231bc36902f9c5557d3909c4644565b971bdb2bfb186061,"{""distance"":7,""physical_error_rate"":0.0005}","{""detection_events"":1621,""detectors_checked"":616448}"
      7168,         0,         0,   0.142,exact_mw,a6f040f5268ba168f94c6ccce4ff822b1b844608631bba2e2b8dc7ec85b1e503,"{""distance"":7,""physical_error_rate"":0.0002}","{""detection_events"":3982,""detectors_checked"":4315136}"
      1024,         0,         0,   0.117,exact_mw,09f626b7d1c8765fd231bc36902f9c5557d3909c4644565b971bdb2bfb186061,"{""distance"":7,""physical_error_rate"":0.0005}","{""detection_events"":1561,""detectors_checked"":616448}"
         1,         0,         0,   0.222,exact_mw,b41993e7ca3a4c05067df83ef8f718f9a600cbd2ba374313e90f16e7f7d75967,"{""distance"":7,""physical_error_rate"":0.02}","{""detection_events"":32,""detectors_checked"":602}"
      1024,         0,         0,   0.066,exact_mw,09f626b7d1c8765fd231bc36902f9c5557d3909c4644565b971bdb2bfb186061,"{""distance"":7,""physical_error_rate"":0.0005}","{""detection_events"":1342,""detectors_checked"":616448}"
     10240,         0,         0,   0.224,exact_mw,a6f040f5268ba168f94c6ccce4ff822b1b844608631bba2e2b8dc7ec85b1e503,"{""distance"":7,""physical_error_rate"":0.0002}","{""detection_events"":6277,""detectors_checked"":6164480}"
      1024,         0,         0,   0.107,exact_mw,09f626b7d1c8765fd231bc36902f9c5557d3909c4644565b971bdb2bfb186061,"{""distance"":7,""physical_error_rate"":0.0005}","{""detection_events"":1640,""detectors_checked"":616448}"
      1024,         0,         0,   0.110,exact_mw,09f626b7d1c8765fd231bc36902f9c5557d3909c4644565b971bdb2bfb186061,"{""distance"":7,""physical_error_rate"":0.0005}","{""detection_events"":1422,""detectors_checked"":616448}"
        17,         0,         0,   0.369,exact_mw,f4817e2f6bf0dfc41195700a9244a7f66964db0e79ea1302ca6e9f2465062a32,"{""distance"":7,""physical_error_rate"":0.01}","{""detection_events"":400,""detectors_checked"":10234}"
      1024,         0,         0,   0.128,exact_mw,09f626b7d1c8765fd231bc36902f9c5557d3909c4644565b971bdb2bfb186061,"{""distance"":7,""physical_error_rate"":0.0005}","{""detection_events"":1600,""detectors_checked"":616448}"
     14336,         0,         0,   0.310,exact_mw,a6f040f5268ba168f94c6ccce4ff822b1b844608631bba2e2b8dc7ec85b1e503,"{""distance"":7,""physical_error_rate"":0.0002}","{""detection_events"":8570,""detectors_checked"":8630272}"
         1,         0,         0,   0.014,exact_mw,8842ec4fe0f86aba00650008f7f408db45344cfb5a30f76b1f2c0fb50a8d5069,"{""distance"":7,""physical_error_rate"":0.002}","{""detection_events"":7,""detectors_checked"":602}"
         2,         0,         0,   0.476,exact_mw,b41993e7ca3a4c05067df83ef8f718f9a600cbd2ba374313e90f16e7f7d75967,"{""distance"":7,""physical_error_rate"":0.02}","{""detection_events"":96,""detectors_checked"":1204}"
      2048,         0,         0,   0.134,exact_mw,09f626b7d1c8765fd231bc36902f9c5557d3909c4644565b971bdb2bfb186061,"{""distance"":7,""physical_error_rate"":0.0005}","{""detection_events"":2969,""detectors_checked"":1232896}"
        16,         0,         0,   0.066,exact_mw,8842ec4fe0f86aba00650008f7f408db45344cfb5a30f76b1f2c0fb50a8d5069,"{""distance"":7,""physical_error_rate"":0.002}","{""detection_events"":94,""detectors_checked"":9632}"
    259072,         0,         0,    5.95,exact_mw,a6f040f5268ba168f94c6ccce4ff822b1b844608631bba2e2b8dc7ec85b1e503,"{""distance"":7,""physical_error_rate"":0.0002}","{""detection_events"":153839,""detectors_checked"":155961344}"
      2048,         0,         0,   0.152,exact_mw,09f626b7d1c8765fd231bc36902f9c5557d3909c4644565b971bdb2bfb186061,"{""distance"":7,""physical_error_rate"":0.0005}","{""detection_events"":3201,""detectors_checked"":1232896}"
      3072,         0,         0,    11.8,exact_mw,8842ec4fe0f86aba00650008f7f408db45344cfb5a30f76b1f2c0fb50a8d5069,"{""distance"":7,""physical_error_rate"":0.002}","{""detection_events"":18114,""detectors_checked"":1849344}"
        16,         0,         0,   0.439,exact_mw,f4817e2f6bf0dfc41195700a9244a7f66964db0e79ea1302ca6e9f2465062a32,"{""distance"":7,""physical_error_rate"":0.01}","{""detection_events"":446,""detectors_checked"":9632}"
     34816,         0,         0,   0.412,exact_mw,a6f040f5268ba168f94c6ccce4ff822b1b844608631bba2e2b8dc7ec85b1e503,"{""distance"":7,""physical_error_rate"":0.0002}","{""detection_events"":20769,""detectors_checked"":20959232}"
         2,         0,         0,   0.431,exact_mw,b41993e7ca3a4c05067df83ef8f718f9a600cbd2ba374313e90f16e7f7d75967,"{""distance"":7,""physical_error_rate"":0.02}","{""detection_events"":111,""detectors_checked"":1204}"
      2048,         0,         0,   0.334,exact_mw,09f626b7d1c8765fd231bc36902f9c5557d3909c4644565b971bdb2bfb186061,"{""distance"":7,""physical_error_rate"":0.0005}","{""detection_events"":2802,""detectors_checked"":1232896}"
       128,         0,         0,   0.607,exact_mw,8842ec4fe0f86aba00650008f7f408db45344cfb5a30f76b1f2c0fb50a8d5069,"{""distance"":7,""physical_error_rate"":0.002}","{""detection_events"":773,""detectors_checked"":77056}"
        16,         0,         0,   0.345,exact_mw,f4817e2f6bf0dfc41195700a9244a7f66964db0e79ea1302ca6e9f2465062a32,"{""distance"":7,""physical_error_rate"":0.01}","{""detection_events"":418,""detectors_checked"":9632}"
     49152,         0,         0,   0.556,exact_mw,a6f040f5268ba168f94c6ccce4ff822b1b844608631bba2e2b8dc7ec85b1e503,"{""distance"":7,""physical_error_rate"":0.0002}","{""detection_events"":28984,""detectors_checked"":29589504}"
         2,         0,         0,   0.525,exact_mw,b41993e7ca3a4c05067df83ef8f718f9a600cbd2ba374313e90f16e7f7d75967,"{""distance"":7,""physical_error_rate"":0.02}","{""detection_events"":126,""detectors_checked"":1204}"
      2048,         0,         0,   0.448,exact_mw,09f626b7d1c8765fd231bc36902f9c5557d3909c4644565b971bdb2bfb186061,"{""distance"":7,""physical_error_rate"":0.0005}","{""detection_events"":3048,""detectors_checked"":1232896}"
        16,         0,         0,   0.289,exact_mw,f4817e2f6bf0dfc41195700a9244a7f66964db0e79ea1302ca6e9f2465062a32,"{""distance"":7,""physical_error_rate"":0.01}","{""detection_events"":421,""detectors_checked"":9632}"
         1,         0,         0,   0.001,exact_mw,3793e887e6c3b4d5eff59c5eb9bbee88cf92e7a28a48243659e8f8373a61c55f,"{""distance"":7,""physical_error_rate"":5e-05}","{""detectors_checked"":602}"
      2320,         0,         0,   0.029,exact_mw,3793e887e6c3b4d5eff59c5eb9bbee88cf92e7a28a48243659e8f8373a61c55f,"{""distance"":7,""physical_error_rate"":5e-05}","{""detection_events"":364,""detectors_checked"":1396640}"
      2048,         0,         0,   0.026,exact_mw,3793e887e6c3b4d5eff59c5eb9bbee88cf92e7a28a48243659e8f8373a61c55f,"{""distance"":7,""physical_error_rate"":5e-05}","{""detection_events"":257,""detectors_checked"":1232896}"
       128,         0,         0,   0.451,exact_mw,8842ec4fe0f86aba00650008f7f408db45344cfb5a30f76b1f2c0fb50a8d5069,"{""distance"":7,""physical_error_rate"":0.002}","{""detection_events"":715,""detectors_checked"":77056}"
      3072,         0,         0,   0.050,exact_mw,3793e887e6c3b4d5eff59c5eb9bbee88cf92e7a28a48243659e8f8373a61c55f,"{""distance"":7,""physical_error_rate"":5e-05}","{""detection_events"":360,""detectors_checked"":1849344}"
       320,         2,         0,    8.55,exact_mw,f4817e2f6bf0dfc41195700a9244a7f66964db0e79ea1302ca6e9f2465062a32,"{""distance"":7,""physical_error_rate"":0.01}","{""detection_events"":9150,""detectors_checked"":192640,""obs_mistake_mask=E"":2}"
      4096,         0,         0,   0.051,exact_mw,3793e887e6c3b4d5eff59c5eb9bbee88cf92e7a28a48243659e8f8373a61c55f,"{""distance"":7,""physical_error_rate"":5e-05}","{""detection_events"":646,""detectors_checked"":2465792}"
      4096,         0,         0,   0.048,exact_mw,3793e887e6c3b4d5eff59c5eb9bbee88cf92e7a28a48243659e8f8373a61c55f,"{""distance"":7,""physical_error_rate"":5e-05}","{""detection_events"":621,""detectors_checked"":2465792}"
      7168,         0,         0,   0.083,exact_mw,3793e887e6c3b4d5eff59c5eb9bbee88cf92e7a28a48243659e8f8373a61c55f,"{""distance"":7,""physical_error_rate"":5e-05}","{""detection_events"":950,""detectors_checked"":4315136}"
    601088,         0,         0,    8.30,exact_mw,894a5a708293b7bd3951925e43ae0371ba83736430ed1970399611b4deb8498b,"{""distance"":7,""physical_error_rate"":0.0001}","{""detection_events"":179056,""detectors_checked"":361854976}"
         2,         0,         0,   0.435,exact_mw,b41993e7ca3a4c05067df83ef8f718f9a600cbd2ba374313e90f16e7f7d75967,"{""distance"":7,""physical_error_rate"":0.02}","{""detection_events"":108,""detectors_checked"":1204}"
      5120,         0,         0,   0.440,exact_mw,09f626b7d1c8765fd231bc36902f9c5557d3909c4644565b971bdb2bfb186061,"{""distance"":7,""physical_error_rate"":0.0005}","{""detection_events"":7826,""detectors_checked"":3082240}"
      9216,         0,         0,   0.121,exact_mw,3793e887e6c3b4d5eff59c5eb9bbee88cf92e7a28a48243659e8f8373a61c55f,"{""distance"":7,""physical_error_rate"":5e-05}","{""detection_events"":1433,""detectors_checked"":5548032}"
      1297,         0,         0,   0.016,exact_mw,894a5a708293b7bd3951925e43ae0371ba83736430ed1970399611b4deb8498b,"{""distance"":7,""physical_error_rate"":0.0001}","{""detection_events"":345,""detectors_checked"":780794}"
      3072,         0,         0,   0.019,exact_mw,894a5a708293b7bd3951925e43ae0371ba83736430ed1970399611b4deb8498b,"{""distance"":7,""physical_error_rate"":0.0001}","{""detection_events"":817,""detectors_checked"":1849344}"
        17,         0,         0,   0.201,exact_mw,6534c274fb8721060716b040ba5484c43e0fb249b656ad44721a05b8b1f26839,"{""distance"":7,""physical_error_rate"":0.005}","{""detection_events"":198,""detectors_checked"":10234}"
      3072,         0,         0,   0.022,exact_mw,894a5a708293b7bd3951925e43ae0371ba83736430ed1970399611b4deb8498b,"{""distance"":7,""physical_error_rate"":0.0001}","{""detection_events"":920,""detectors_checked"":1849344}"
         1,         0,         0,   0.020,exact_mw,6534c274fb8721060716b040ba5484c43e0fb249b656ad44721a05b8b1f26839,"{""distance"":7,""physical_error_rate"":0.005}","{""detection_events"":9,""detectors_checked"":602}"
      4096,         0,         0,   0.028,exact_mw,894a5a708293b7bd3951925e43ae0371ba83736430ed1970399611b4deb8498b,"{""distance"":7,""physical_error_rate"":0.0001}","{""detection_events"":1313,""detectors_checked"":2465792}"
       768,         0,         0,    11.8,exact_mw,6534c274fb8721060716b040ba5484c43e0fb249b656ad44721a05b8b1f26839,"{""distance"":7,""physical_error_rate"":0.005}","{""detection_events"":10629,""detectors_checked"":462336}"
       128,         0,         0,   0.486,exact_mw,8842ec4fe0f86aba00650008f7f408db45344cfb5a30f76b1f2c0fb50a8d5069,"{""distance"":7,""physical_error_rate"":0.002}","{""detection_events"":758,""detectors_checked"":77056}"
       800,         0,         0,    12.2,exact_mw,6534c274fb8721060716b040ba5484c43e0fb249b656ad44721a05b8b1f26839,"{""distance"":7,""physical_error_rate"":0.005}","{""detection_events"":12056,""detectors_checked"":481600}"
      7168,         0,         0,   0.047,exact_mw,894a5a708293b7bd3951925e43ae0371ba83736430ed1970399611b4deb8498b,"{""distance"":7,""physical_error_rate"":0.0001}","{""detection_events"":2183,""detectors_checked"":4315136}"
     13312,         0,         0,   0.159,exact_mw,3793e887e6c3b4d5eff59c5eb9bbee88cf92e7a28a48243659e8f8373a61c55f,"{""distance"":7,""physical_error_rate"":5e-05}","{""detection_events"":1804,""detectors_checked"":8013824}"
      9216,         0,         0,   0.059,exact_mw,894a5a708293b7bd3951925e43ae0371ba83736430ed1970399611b4deb8498b,"{""distance"":7,""physical_error_rate"":0.0001}","{""detection_events"":2693,""detectors_checked"":5548032}"
     37888,         0,         0,   0.794,exact_mw,a6f040f5268ba168f94c6ccce4ff822b1b844608631bba2e2b8dc7ec85b1e503,"{""distance"":7,""physical_error_rate"":0.0002}","{""detection_events"":22915,""detectors_checked"":22808576}"
     11264,         0,         0,   0.078,exact_mw,894a5a708293b7bd3951925e43ae0371ba83736430ed1970399611b4deb8498b,"{""distance"":7,""physical_error_rate"":0.0001}","{""detection_events"":3190,""detectors_checked"":6780928}"
     17408,         0,         0,   0.209,exact_mw,3793e887e6c3b4d5eff59c5eb9bbee88cf92e7a28a48243659e8f8373a61c55f,"{""distance"":7,""physical_error_rate"":5e-05}","{""detection_events"":2901,""detectors_checked"":10479616}"
        32,         0,         0,   0.851,exact_mw,f4817e2f6bf0dfc41195700a9244a7f66964db0e79ea1302ca6e9f2465062a32,"{""distance"":7,""physical_error_rate"":0.01}","{""detection_events"":974,""detectors_checked"":19264}"
         2,         0,         0,   0.484,exact_mw,b41993e7ca3a4c05067df83ef8f718f9a600cbd2ba374313e90f16e7f7d75967,"{""distance"":7,""physical_error_rate"":0.02}","{""detection_events"":78,""detectors_checked"":1204}"
     15360,         0,         0,   0.118,exact_mw,894a5a708293b7bd3951925e43ae0371ba83736430ed1970399611b4deb8498b,"{""distance"":7,""physical_error_rate"":0.0001}","{""detection_events"":4553,""detectors_checked"":9246720}"
        32,         0,         0,   0.377,exact_mw,6534c274fb8721060716b040ba5484c43e0fb249b656ad44721a05b8b1f26839,"{""distance"":7,""physical_error_rate"":0.005}","{""detection_events"":435,""detectors_checked"":19264}"
      7168,         0,         0,   0.569,exact_mw,09f626b7d1c8765fd231bc36902f9c5557d3909c4644565b971bdb2bfb186061,"{""distance"":7,""physical_error_rate"":0.0005}","{""detection_events"":10627,""detectors_checked"":4315136}"
     10240,         0,         0,   0.148,exact_mw,894a5a708293b7bd3951925e43ae0371ba83736430ed1970399611b4deb8498b,"{""distance"":7,""physical_error_rate"":0.0001}","{""detection_events"":2982,""detectors_checked"":6164480}"
     25600,         0,         0,   0.293,exact_mw,3793e887e6c3b4d5eff59c5eb9bbee88cf92e7a28a48243659e8f8373a61c55f,"{""distance"":7,""physical_error_rate"":5e-05}","{""detection_events"":3817,""detectors_checked"":15411200}"
     15360,         0,         0,   0.207,exact_mw,894a5a708293b7bd3951925e43ae0371ba83736430ed1970399611b4deb8498b,"{""distance"":7,""physical_error_rate"":0.0001}","{""detection_events"":4407,""detectors_checked"":9246720}"
         1,         0,         0,   0.001,exact_mw,fe773c48422346d89ea42b7ea8a90aa3034802874175ef2bfbcd9fbedf677903,"{""distance"":7,""physical_error_rate"":0.001}","{""detection_events"":5,""detectors_checked"":602}"
        32,         0,         0,   0.467,exact_mw,f4817e2f6bf0dfc41195700a9244a7f66964db0e79ea1302ca6e9f2465062a32,"{""distance"":7,""physical_error_rate"":0.01}","{""detection_events"":816,""detectors_checked"":19264}"
         2,         0,         0,   0.479,exact_mw,b41993e7ca3a4c05067df83ef8f718f9a600cbd2ba374313e90f16e7f7d75967,"{""distance"":7,""physical_error_rate"":0.02}","{""detection_events"":109,""detectors_checked"":1204}"
       128,         0,         0,   0.757,exact_mw,8842ec4fe0f86aba00650008f7f408db45344cfb5a30f76b1f2c0fb50a8d5069,"{""distance"":7,""physical_error_rate"":0.002}","{""detection_events"":727,""detectors_checked"":77056}"
        32,         0,         0,   0.543,exact_mw,6534c274fb8721060716b040ba5484c43e0fb249b656ad44721a05b8b1f26839,"{""distance"":7,""physical_error_rate"":0.005}","{""detection_events"":446,""detectors_checked"":19264}"
       272,         0,         0,   0.253,exact_mw,fe773c48422346d89ea42b7ea8a90aa3034802874175ef2bfbcd9fbedf677903,"{""distance"":7,""physical_error_rate"":0.001}","{""detection_events"":843,""detectors_checked"":163744}"
     20480,         0,         0,   0.276,exact_mw,894a5a708293b7bd3951925e43ae0371ba83736430ed1970399611b4deb8498b,"{""distance"":7,""physical_error_rate"":0.0001}","{""detection_events"":5991,""detectors_checked"":12328960}"
     32768,         0,         0,   0.404,exact_mw,3793e887e6c3b4d5eff59c5eb9bbee88cf92e7a28a48243659e8f8373a61c55f,"{""distance"":7,""physical_error_rate"":5e-05}","{""detection_events"":5033,""detectors_checked"":19726336}"
        32,         1,         0,   0.424,exact_mw,f4817e2f6bf0dfc41195700a9244a7f66964db0e79ea1302ca6e9f2465062a32,"{""distance"":7,""physical_error_rate"":0.01}","{""detection_events"":937,""detectors_checked"":19264,""obs_mistake_mask=E"":1}"
     15360,         0,         0,    12.1,exact_mw,fe773c48422346d89ea42b7ea8a90aa3034802874175ef2bfbcd9fbedf677903,"{""distance"":7,""physical_error_rate"":0.001}","{""detection_events"":45641,""detectors_checked"":9246720}"
         2,         0,         0,   0.483,exact_mw,b41993e7ca3a4c05067df83ef8f718f9a600cbd2ba374313e90f16e7f7d75967,"{""distance"":7,""physical_error_rate"":0.02}","{""detection_events"":121,""detectors_checked"":1204}"
     47104,         1,         0,    1.12,exact_mw,a6f040f5268ba168f94c6ccce4ff822b1b844608631bba2e2b8dc7ec85b1e503,"{""distance"":7,""physical_error_rate"":0.0002}","{""detection_events"":28045,""detectors_checked"":28356608,""obs_mistake_mask=E"":1}"
      6144,         0,         0,   0.896,exact_mw,09f626b7d1c8765fd231bc36902f9c5557d3909c4644565b971bdb2bfb186061,"{""distance"":7,""physical_error_rate"":0.0005}","{""detection_events"":8975,""detectors_checked"":3698688}"
     29696,         0,         0,   0.404,exact_mw,894a5a708293b7bd3951925e43ae0371ba83736430ed1970399611b4deb8498b,"{""distance"":7,""physical_error_rate"":0.0001}","{""detection_events"":8773,""detectors_checked"":17876992}"
       512,         0,         0,   0.423,exact_mw,fe773c48422346d89ea42b7ea8a90aa3034802874175ef2bfbcd9fbedf677903,"{""distance"":7,""physical_error_rate"":0.001}","{""detection_events"":1547,""detectors_checked"":308224}"
        32,         0,         0,   0.568,exact_mw,6534c274fb8721060716b040ba5484c43e0fb249b656ad44721a05b8b1f26839,"{""distance"":7,""physical_error_rate"":0.005}","{""detection_events"":498,""detectors_checked"":19264}"
        16,         0,         0,    1.50,exact_mw,6534c274fb8721060716b040ba5484c43e0fb249b656ad44721a05b8b1f26839,"{""distance"":7,""physical_error_rate"":0.005}","{""detection_events"":264,""detectors_checked"":9632}"
     38912,         0,         0,   0.574,exact_mw,3793e887e6c3b4d5eff59c5eb9bbee88cf92e7a28a48243659e8f8373a61c55f,"{""distance"":7,""physical_error_rate"":5e-05}","{""detection_events"":5450,""detectors_checked"":23425024}"
       128,         0,         0,   0.784,exact_mw,8842ec4fe0f86aba00650008f7f408db45344cfb5a30f76b1f2c0fb50a8d5069,"{""distance"":7,""physical_error_rate"":0.002}","{""detection_events"":680,""detectors_checked"":77056}"
         2,         0,         0,   0.478,exact_mw,b41993e7ca3a4c05067df83ef8f718f9a600cbd2ba374313e90f16e7f7d75967,"{""distance"":7,""physical_error_rate"":0.02}","{""detection_events"":103,""detectors_checked"":1204}"
        32,         1,         0,   0.658,exact_mw,f4817e2f6bf0dfc41195700a9244a7f66964db0e79ea1302ca6e9f2465062a32,"{""distance"":7,""physical_error_rate"":0.01}","{""detection_events"":850,""detectors_checked"":19264,""obs_mistake_mask=E"":1}"
     43008,         0,         0,   0.568,exact_mw,894a5a708293b7bd3951925e43ae0371ba83736430ed1970399611b4deb8498b,"{""distance"":7,""physical_error_rate"":0.0001}","{""detection_events"":13079,""detectors_checked"":25890816}"
      2816,         2,         0,    11.9,exact_mw,8842ec4fe0f86aba00650008f7f408db45344cfb5a30f76b1f2c0fb50a8d5069,"{""distance"":7,""physical_error_rate"":0.002}","{""detection_events"":16820,""detectors_checked"":1695232,""obs_mistake_mask=E"":2}"
       512,         0,         0,   0.627,exact_mw,fe773c48422346d89ea42b7ea8a90aa3034802874175ef2bfbcd9fbedf677903,"{""distance"":7,""physical_error_rate"":0.001}","{""detection_events"":1560,""detectors_checked"":308224}"
        52,         1,         0,    11.7,exact_mw,b41993e7ca3a4c05067df83ef8f718f9a600cbd2ba374313e90f16e7f7d75967,"{""distance"":7,""physical_error_rate"":0.02}","{""detection_events"":2897,""detectors_checked"":31304,""obs_mistake_mask=E"":1}"
         2,         0,         0,   0.434,exact_mw,b41993e7ca3a4c05067df83ef8f718f9a600cbd2ba374313e90f16e7f7d75967,"{""distance"":7,""physical_error_rate"":0.02}","{""detection_events"":98,""detectors_checked"":1204}"
      3328,         1,         0,    12.5,exact_mw,8842ec4fe0f86aba00650008f7f408db45344cfb5a30f76b1f2c0fb50a8d5069,"{""distance"":7,""physical_error_rate"":0.002}","{""detection_events"":19675,""detectors_checked"":2003456,""obs_mistake_mask=E"":1}"
        32,         0,         0,   0.739,exact_mw,6534c274fb8721060716b040ba5484c43e0fb249b656ad44721a05b8b1f26839,"{""distance"":7,""physical_error_rate"":0.005}","{""detection_events"":525,""detectors_checked"":19264}"
        32,         0,         0,   0.439,exact_mw,f4817e2f6bf0dfc41195700a9244a7f66964db0e79ea1302ca6e9f2465062a32,"{""distance"":7,""physical_error_rate"":0.01}","{""detection_events"":888,""detectors_checked"":19264}"
         8,         0,         0,   0.812,exact_mw,6534c274fb8721060716b040ba5484c43e0fb249b656ad44721a05b8b1f26839,"{""distance"":7,""physical_error_rate"":0.005}","{""detection_events"":108,""detectors_checked"":4816}"
     60416,         0,         0,   0.804,exact_mw,3793e887e6c3b4d5eff59c5eb9bbee88cf92e7a28a48243659e8f8373a61c55f,"{""distance"":7,""physical_error_rate"":5e-05}","{""detection_events"":8762,""detectors_checked"":36370432}"
       128,         0,         0,   0.811,exact_mw,8842ec4fe0f86aba00650008f7f408db45344cfb5a30f76b1f2c0fb50a8d5069,"{""distance"":7,""physical_error_rate"":0.002}","{""detection_events"":730,""detectors_checked"":77056}"
       512,         0,         0,   0.387,exact_mw,fe773c48422346d89ea42b7ea8a90aa3034802874175ef2bfbcd9fbedf677903,"{""distance"":7,""physical_error_rate"":0.001}","{""detection_events"":1507,""detectors_checked"":308224}"
      8192,         0,         0,    1.16,exact_mw,09f626b7d1c8765fd231bc36902f9c5557d3909c4644565b971bdb2bfb186061,"{""distance"":7,""physical_error_rate"":0.0005}","{""detection_events"":12106,""detectors_checked"":4931584}"
        32,         0,         0,   0.356,exact_mw,6534c274fb8721060716b040ba5484c43e0fb249b656ad44721a05b8b1f26839,"{""distance"":7,""physical_error_rate"":0.005}","{""detection_events"":411,""detectors_checked"":19264}"
        32,         0,         0,   0.348,exact_mw,f4817e2f6bf0dfc41195700a9244a7f66964db0e79ea1302ca6e9f2465062a32,"{""distance"":7,""physical_error_rate"":0.01}","{""detection_events"":821,""detectors_checked"":19264}"
         2,         0,         0,   0.478,exact_mw,b41993e7ca3a4c05067df83ef8f718f9a600cbd2ba374313e90f16e7f7d75967,"{""distance"":7,""physical_error_rate"":0.02}","{""detection_events"":125,""detectors_checked"":1204}"
     51200,         0,         0,   0.792,exact_mw,894a5a708293b7bd3951925e43ae0371ba83736430ed1970399611b4deb8498b,"{""distance"":7,""physical_error_rate"":0.0001}","{""detection_events"":15129,""detectors_checked"":30822400}"
     69632,         0,         0,    1.57,exact_mw,a6f040f5268ba168f94c6ccce4ff822b1b844608631bba2e2b8dc7ec85b1e503,"{""distance"":7,""physical_error_rate"":0.0002}","{""detection_events"":41768,""detectors_checked"":41918464}"
       512,         0,         0,   0.463,exact_mw,fe773c48422346d89ea42b7ea8a90aa3034802874175ef2bfbcd9fbedf677903,"{""distance"":7,""physical_error_rate"":0.001}","{""detection_events"":1568,""detectors_checked"":308224}"
        32,         1,         0,   0.350,exact_mw,f4817e2f6bf0dfc41195700a9244a7f66964db0e79ea1302ca6e9f2465062a32,"{""distance"":7,""physical_error_rate"":0.01}","{""detection_events"":853,""detectors_checked"":19264,""obs_mistake_mask=E"":1}"
         8,         0,         0,   0.709,exact_mw,6534c274fb8721060716b040ba5484c43e0fb249b656ad44721a05b8b1f26839,"{""distance"":7,""physical_error_rate"":0.005}","{""detection_events"":131,""detectors_checked"":4816}"
        32,         0,         0,   0.468,exact_mw,6534c274fb8721060716b040ba5484c43e0fb249b656ad44721a05b8b1f26839,"{""distance"":7,""physical_error_rate"":0.005}","{""detection_events"":424,""detectors_checked"":19264}"
    891904,         0,         0,    16.3,exact_mw,a6f040f5268ba168f94c6ccce4ff822b1b844608631bba2e2b8dc7ec85b1e503,"{""distance"":7,""physical_error_rate"":0.0002}","{""detection_events"":529519,""detectors_checked"":536926208}"
       128,         0,         0,   0.709,exact_mw,8842ec4fe0f86aba00650008f7f408db45344cfb5a30f76b1f2c0fb50a8d5069,"{""distance"":7,""physical_error_rate"":0.002}","{""detection_events"":785,""detectors_checked"":77056}"
         2,         1,         0,   0.476,exact_mw,b41993e7ca3a4c05067df83ef8f718f9a600cbd2ba374313e90f16e7f7d75967,"{""distance"":7,""physical_error_rate"":0.02}","{""detection_events"":92,""detectors_checked"":1204,""obs_mistake_mask=E"":1}"
       512,         0,         0,   0.450,exact_mw,fe773c48422346d89ea42b7ea8a90aa3034802874175ef2bfbcd9fbedf677903,"{""distance"":7,""physical_error_rate"":0.001}","{""detection_events"":1581,""detectors_checked"":308224}"
         8,         0,         0,   0.334,exact_mw,6534c274fb8721060716b040ba5484c43e0fb249b656ad44721a05b8b1f26839,"{""distance"":7,""physical_error_rate"":0.005}","{""detection_events"":121,""detectors_checked"":4816}"
        32,         0,         0,   0.470,exact_mw,f4817e2f6bf0dfc41195700a9244a7f66964db0e79ea1302ca6e9f2465062a32,"{""distance"":7,""physical_error_rate"":0.01}","{""detection_events"":844,""detectors_checked"":19264}"
     82944,         0,         0,    1.12,exact_mw,3793e887e6c3b4d5eff59c5eb9bbee88cf92e7a28a48243659e8f8373a61c55f,"{""distance"":7,""physical_error_rate"":5e-05}","{""detection_events"":12543,""detectors_checked"":49932288}"
        32,         0,         0,   0.689,exact_mw,6534c274fb8721060716b040ba5484c43e0fb249b656ad44721a05b8b1f26839,"{""distance"":7,""physical_error_rate"":0.005}","{""detection_events"":495,""detectors_checked"":19264}"
       128,         0,         0,   0.702,exact_mw,8842ec4fe0f86aba00650008f7f408db45344cfb5a30f76b1f2c0fb50a8d5069,"{""distance"":7,""physical_error_rate"":0.002}","{""detection_events"":726,""detectors_checked"":77056}"
       512,         0,         0,   0.488,exact_mw,fe773c48422346d89ea42b7ea8a90aa3034802874175ef2bfbcd9fbedf677903,"{""distance"":7,""physical_error_rate"":0.001}","{""detection_events"":1438,""detectors_checked"":308224}"
     75776,         0,         0,    1.11,exact_mw,894a5a708293b7bd3951925e43ae0371ba83736430ed1970399611b4deb8498b,"{""distance"":7,""physical_error_rate"":0.0001}","{""detection_events"":23089,""detectors_checked"":45617152}"
   1311744,         0,         0,    16.3,exact_mw,3793e887e6c3b4d5eff59c5eb9bbee88cf92e7a28a48243659e8f8373a61c55f,"{""distance"":7,""physical_error_rate"":5e-05}","{""detection_events"":192905,""detectors_checked"":789669888}"
     11264,         0,         0,    1.56,exact_mw,09f626b7d1c8765fd231bc36902f9c5557d3909c4644565b971bdb2bfb186061,"{""distance"":7,""physical_error_rate"":0.0005}","{""detection_events"":16568,""detectors_checked"":6780928}"
         4,         1,         0,   0.961,exact_mw,b41993e7ca3a4c05067df83ef8f718f9a600cbd2ba374313e90f16e7f7d75967,"{""distance"":7,""physical_error_rate"":0.02}","{""detection_events"":196,""detectors_checked"":2408,""obs_mistake_mask=E"":1}"
        32,         1,         0,   0.679,exact_mw,f4817e2f6bf0dfc41195700a9244a7f66964db0e79ea1302ca6e9f2465062a32,"{""distance"":7,""physical_error_rate"":0.01}","{""detection_events"":869,""detectors_checked"":19264,""obs_mistake_mask=E"":1}"
        32,         0,         0,   0.408,exact_mw,6534c274fb8721060716b040ba5484c43e0fb249b656ad44721a05b8b1f26839,"{""distance"":7,""physical_error_rate"":0.005}","{""detection_events"":503,""detectors_checked"":19264}"
         8,         0,         0,   0.818,exact_mw,6534c274fb8721060716b040ba5484c43e0fb249b656ad44721a05b8b1f26839,"{""distance"":7,""physical_error_rate"":0.005}","{""detection_events"":142,""detectors_checked"":4816}"
       512,         0,         0,   0.422,exact_mw,fe773c48422346d89ea42b7ea8a90aa3034802874175ef2bfbcd9fbedf677903,"{""distance"":7,""physical_error_rate"":0.001}","{""detection_events"":1533,""detectors_checked"":308224}"
    743424,         0,         0,    16.3,exact_mw,a6f040f5268ba168f94c6ccce4ff822b1b844608631bba2e2b8dc7ec85b1e503,"{""distance"":7,""physical_error_rate"":0.0002}","{""detection_events"":441719,""detectors_checked"":447541248}"
       128,         0,         0,   0.614,exact_mw,8842ec4fe0f86aba00650008f7f408db45344cfb5a30f76b1f2c0fb50a8d5069,"{""distance"":7,""physical_error_rate"":0.002}","{""detection_events"":672,""detectors_checked"":77056}"
   1189888,         0,         0,    16.2,exact_mw,894a5a708293b7bd3951925e43ae0371ba83736430ed1970399611b4deb8498b,"{""distance"":7,""physical_error_rate"":0.0001}","{""detection_events"":354385,""detectors_checked"":716312576}"
       512,         0,         0,   0.384,exact_mw,fe773c48422346d89ea42b7ea8a90aa3034802874175ef2bfbcd9fbedf677903,"{""distance"":7,""physical_error_rate"":0.001}","{""detection_events"":1515,""detectors_checked"":308224}"
        32,         0,         0,   0.502,exact_mw,6534c274fb8721060716b040ba5484c43e0fb249b656ad44721a05b8b1f26839,"{""distance"":7,""physical_error_rate"":0.005}","{""detection_events"":424,""detectors_checked"":19264}"
       128,         0,         0,   0.510,exact_mw,8842ec4fe0f86aba00650008f7f408db45344cfb5a30f76b1f2c0fb50a8d5069,"{""distance"":7,""physical_error_rate"":0.002}","{""detection_events"":659,""detectors_checked"":77056}"
         8,         0,         0,   0.828,exact_mw,6534c274fb8721060716b040ba5484c43e0fb249b656ad44721a05b8b1f26839,"{""distance"":7,""physical_error_rate"":0.005}","{""detection_events"":84,""detectors_checked"":4816}"
    117760,         0,         0,    1.56,exact_mw,3793e887e6c3b4d5eff59c5eb9bbee88cf92e7a28a48243659e8f8373a61c55f,"{""distance"":7,""physical_error_rate"":5e-05}","{""detection_events"":17940,""detectors_checked"":70891520}"
    103424,         0,         0,    2.16,exact_mw,a6f040f5268ba168f94c6ccce4ff822b1b844608631bba2e2b8dc7ec85b1e503,"{""distance"":7,""physical_error_rate"":0.0002}","{""detection_events"":60711,""detectors_checked"":62261248}"
         4,         1,         0,   0.988,exact_mw,b41993e7ca3a4c05067df83ef8f718f9a600cbd2ba374313e90f16e7f7d75967,"{""distance"":7,""physical_error_rate"":0.02}","{""detection_events"":250,""detectors_checked"":2408,""obs_mistake_mask=E"":1}"
       512,         0,         0,   0.503,exact_mw,fe773c48422346d89ea42b7ea8a90aa3034802874175ef2bfbcd9fbedf677903,"{""distance"":7,""physical_error_rate"":0.001}","{""detection_events"":1525,""detectors_checked"":308224}"
    106496,         0,         0,    1.56,exact_mw,894a5a708293b7bd3951925e43ae0371ba83736430ed1970399611b4deb8498b,"{""distance"":7,""physical_error_rate"":0.0001}","{""detection_events"":31524,""detectors_checked"":64110592}"
        32,         0,         0,   0.823,exact_mw,6534c274fb8721060716b040ba5484c43e0fb249b656ad44721a05b8b1f26839,"{""distance"":7,""physical_error_rate"":0.005}","{""detection_events"":435,""detectors_checked"":19264}"
       128,         0,         0,   0.555,exact_mw,8842ec4fe0f86aba00650008f7f408db45344cfb5a30f76b1f2c0fb50a8d5069,"{""distance"":7,""physical_error_rate"":0.002}","{""detection_events"":711,""detectors_checked"":77056}"
       512,         0,         0,   0.405,exact_mw,fe773c48422346d89ea42b7ea8a90aa3034802874175ef2bfbcd9fbedf677903,"{""distance"":7,""physical_error_rate"":0.001}","{""detection_events"":1544,""detectors_checked"":308224}"
        64,         0,         0,    1.48,exact_mw,f4817e2f6bf0dfc41195700a9244a7f66964db0e79ea1302ca6e9f2465062a32,"{""distance"":7,""physical_error_rate"":0.01}","{""detection_events"":1679,""detectors_checked"":38528}"
        32,         0,         0,   0.500,exact_mw,6534c274fb8721060716b040ba5484c43e0fb249b656ad44721a05b8b1f26839,"{""distance"":7,""physical_error_rate"":0.005}","{""detection_events"":450,""detectors_checked"":19264}"
    111616,         1,         0,    16.4,exact_mw,09f626b7d1c8765fd231bc36902f9c5557d3909c4644565b971bdb2bfb186061,"{""distance"":7,""physical_error_rate"":0.0005}","{""detection_events"":166182,""detectors_checked"":67192832,""obs_mistake_mask=E"":1}"
     13312,         0,         0,    2.22,exact_mw,09f626b7d1c8765fd231bc36902f9c5557d3909c4644565b971bdb2bfb186061,"{""distance"":7,""physical_error_rate"":0.0005}","{""detection_events"":19439,""detectors_checked"":8013824}"
         8,         0,         0,    1.32,exact_mw,6534c274fb8721060716b040ba5484c43e0fb249b656ad44721a05b8b1f26839,"{""distance"":7,""physical_error_rate"":0.005}","{""detection_events"":99,""detectors_checked"":4816}"
       256,         0,         0,   0.979,exact_mw,8842ec4fe0f86aba00650008f7f408db45344cfb5a30f76b1f2c0fb50a8d5069,"{""distance"":7,""physical_error_rate"":0.002}","{""detection_events"":1369,""detectors_checked"":154112}"
      1024,         0,         0,   0.939,exact_mw,fe773c48422346d89ea42b7ea8a90aa3034802874175ef2bfbcd9fbedf677903,"{""distance"":7,""physical_error_rate"":0.001}","{""detection_events"":3072,""detectors_checked"":616448}"
         4,         0,         0,   0.221,exact_mw,6534c274fb8721060716b040ba5484c43e0fb249b656ad44721a05b8b1f26839,"{""distance"":7,""physical_error_rate"":0.005}","{""detection_events"":58,""detectors_checked"":2408}"
        32,         0,         0,   0.614,exact_mw,6534c274fb8721060716b040ba5484c43e0fb249b656ad44721a05b8b1f26839,"{""distance"":7,""physical_error_rate"":0.005}","{""detection_events"":442,""detectors_checked"":19264}"
         6,         1,         0,    1.56,exact_mw,b41993e7ca3a4c05067df83ef8f718f9a600cbd2ba374313e90f16e7f7d75967,"{""distance"":7,""physical_error_rate"":0.02}","{""detection_events"":298,""detectors_checked"":3612,""obs_mistake_mask=E"":1}"
    365568,         0,         0,    8.27,exact_mw,a6f040f5268ba168f94c6ccce4ff822b1b844608631bba2e2b8dc7ec85b1e503,"{""distance"":7,""physical_error_rate"":0.0002}","{""detection_events"":217347,""detectors_checked"":220071936}"
    163840,         0,         0,    2.17,exact_mw,3793e887e6c3b4d5eff59c5eb9bbee88cf92e7a28a48243659e8f8373a61c55f,"{""distance"":7,""physical_error_rate"":5e-05}","{""detection_events"":24327,""detectors_checked"":98631680}"
        64,         0,         0,    1.75,exact_mw,f4817e2f6bf0dfc41195700a9244a7f66964db0e79ea1302ca6e9f2465062a32,"{""distance"":7,""physical_error_rate"":0.01}","{""detection_events"":1800,""detectors_checked"":38528}"
      1024,         0,         0,    1.04,exact_mw,fe773c48422346d89ea42b7ea8a90aa3034802874175ef2bfbcd9fbedf677903,"{""distance"":7,""physical_error_rate"":0.001}","{""detection_events"":3100,""detectors_checked"":616448}"
     24576,         0,         0,    2.22,exact_mw,894a5a708293b7bd3951925e43ae0371ba83736430ed1970399611b4deb8498b,"{""distance"":7,""physical_error_rate"":0.0001}","{""detection_events"":7661,""detectors_checked"":14794752}"
         8,         0,         0,    1.13,exact_mw,6534c274fb8721060716b040ba5484c43e0fb249b656ad44721a05b8b1f26839,"{""distance"":7,""physical_error_rate"":0.005}","{""detection_events"":94,""detectors_checked"":4816}"
        64,         0,         0,    1.25,exact_mw,6534c274fb8721060716b040ba5484c43e0fb249b656ad44721a05b8b1f26839,"{""distance"":7,""physical_error_rate"":0.005}","{""detection_events"":899,""detectors_checked"":38528}"
       384,         0,         0,    1.63,exact_mw,8842ec4fe0f86aba00650008f7f408db45344cfb5a30f76b1f2c0fb50a8d5069,"{""distance"":7,""physical_error_rate"":0.002}","{""detection_events"":2310,""detectors_checked"":231168}"
    134144,         0,         0,    3.03,exact_mw,a6f040f5268ba168f94c6ccce4ff822b1b844608631bba2e2b8dc7ec85b1e503,"{""distance"":7,""physical_error_rate"":0.0002}","{""detection_events"":79098,""detectors_checked"":80754688}"
         8,         0,         0,   0.479,exact_mw,6534c274fb8721060716b040ba5484c43e0fb249b656ad44721a05b8b1f26839,"{""distance"":7,""physical_error_rate"":0.005}","{""detection_events"":67,""detectors_checked"":4816}"
         6,         1,         0,    1.68,exact_mw,b41993e7ca3a4c05067df83ef8f718f9a600cbd2ba374313e90f16e7f7d75967,"{""distance"":7,""physical_error_rate"":0.02}","{""detection_events"":337,""detectors_checked"":3612,""obs_mistake_mask=E"":1}"
      1536,         0,         0,    1.26,exact_mw,fe773c48422346d89ea42b7ea8a90aa3034802874175ef2bfbcd9fbedf677903,"{""distance"":7,""physical_error_rate"":0.001}","{""detection_events"":4587,""detectors_checked"":924672}"
        64,         1,         0,    1.19,exact_mw,6534c274fb8721060716b040ba5484c43e0fb249b656ad44721a05b8b1f26839,"{""distance"":7,""physical_error_rate"":0.005}","{""detection_events"":997,""detectors_checked"":38528,""obs_mistake_mask=E"":1}"
        64,         1,         0,    1.62,exact_mw,f4817e2f6bf0dfc41195700a9244a7f66964db0e79ea1302ca6e9f2465062a32,"{""distance"":7,""physical_error_rate"":0.01}","{""detection_events"":1615,""detectors_checked"":38528,""obs_mistake_mask=E"":1}"
         8,         0,         0,    1.02,exact_mw,6534c274fb8721060716b040ba5484c43e0fb249b656ad44721a05b8b1f26839,"{""distance"":7,""physical_error_rate"":0.005}","{""detection_events"":91,""detectors_checked"":4816}"
   1334272,         0,         0,    16.2,exact_mw,3793e887e6c3b4d5eff59c5eb9bbee88cf92e7a28a48243659e8f8373a61c55f,"{""distance"":7,""physical_error_rate"":5e-05}","{""detection_events"":198112,""detectors_checked"":803231744}"
    675840,         1,         0,    16.4,exact_mw,a6f040f5268ba168f94c6ccce4ff822b1b844608631bba2e2b8dc7ec85b1e503,"{""distance"":7,""physical_error_rate"":0.0002}","{""detection_events"":399630,""detectors_checked"":406855680,""obs_mistake_mask=E"":1}"
     19456,         0,         0,    3.19,exact_mw,09f626b7d1c8765fd231bc36902f9c5557d3909c4644565b971bdb2bfb186061,"{""distance"":7,""physical_error_rate"":0.0005}","{""detection_events"":29099,""detectors_checked"":11712512}"
       512,         0,         0,    1.76,exact_mw,8842ec4fe0f86aba00650008f7f408db45344cfb5a30f76b1f2c0fb50a8d5069,"{""distance"":7,""physical_error_rate"":0.002}","{""detection_events"":2936,""detectors_checked"":308224}"
     18432,         0,         0,    17.2,exact_mw,fe773c48422346d89ea42b7ea8a90aa3034802874175ef2bfbcd9fbedf677903,"{""distance"":7,""physical_error_rate"":0.001}","{""detection_events"":55696,""detectors_checked"":11096064}"
         8,         0,         0,   0.840,exact_mw,6534c274fb8721060716b040ba5484c43e0fb249b656ad44721a05b8b1f26839,"{""distance"":7,""physical_error_rate"":0.005}","{""detection_events"":108,""detectors_checked"":4816}"
    702464,         0,         0,    16.3,exact_mw,a6f040f5268ba168f94c6ccce4ff822b1b844608631bba2e2b8dc7ec85b1e503,"{""distance"":7,""physical_error_rate"":0.0002}","{""detection_events"":415701,""detectors_checked"":422883328}"
   1291264,         0,         0,    16.3,exact_mw,3793e887e6c3b4d5eff59c5eb9bbee88cf92e7a28a48243659e8f8373a61c55f,"{""distance"":7,""physical_error_rate"":5e-05}","{""detection_events"":193331,""detectors_checked"":777340928}"
       640,         6,         0,    17.0,exact_mw,f4817e2f6bf0dfc41195700a9244a7f66964db0e79ea1302ca6e9f2465062a32,"{""distance"":7,""physical_error_rate"":0.01}","{""detection_events"":17813,""detectors_checked"":385280,""obs_mistake_mask=E"":6}"
    219136,         0,         0,    3.01,exact_mw,3793e887e6c3b4d5eff59c5eb9bbee88cf92e7a28a48243659e8f8373a61c55f,"{""distance"":7,""physical_error_rate"":5e-05}","{""detection_events"":32276,""detectors_checked"":131919872}"
   1324032,         0,         0,    16.3,exact_mw,894a5a708293b7bd3951925e43ae0371ba83736430ed1970399611b4deb8498b,"{""distance"":7,""physical_error_rate"":0.0001}","{""detection_events"":392183,""detectors_checked"":797067264}"
      2048,         0,         0,    1.76,exact_mw,fe773c48422346d89ea42b7ea8a90aa3034802874175ef2bfbcd9fbedf677903,"{""distance"":7,""physical_error_rate"":0.001}","{""detection_events"":6168,""detectors_checked"":1232896}"
     29696,         0,         0,    3.13,exact_mw,894a5a708293b7bd3951925e43ae0371ba83736430ed1970399611b4deb8498b,"{""distance"":7,""physical_error_rate"":0.0001}","{""detection_events"":8707,""detectors_checked"":17876992}"
        10,         1,         0,    2.51,exact_mw,b41993e7ca3a4c05067df83ef8f718f9a600cbd2ba374313e90f16e7f7d75967,"{""distance"":7,""physical_error_rate"":0.02}","{""detection_events"":515,""detectors_checked"":6020,""obs_mistake_mask=E"":1}"
    208896,         0,         0,    16.3,exact_mw,3793e887e6c3b4d5eff59c5eb9bbee88cf92e7a28a48243659e8f8373a61c55f,"{""distance"":7,""physical_error_rate"":5e-05}","{""detection_events"":31365,""detectors_checked"":125755392}"
       128,         0,         0,    2.03,exact_mw,6534c274fb8721060716b040ba5484c43e0fb249b656ad44721a05b8b1f26839,"{""distance"":7,""physical_error_rate"":0.005}","{""detection_events"":1761,""detectors_checked"":77056}"
    111616,         3,         0,    16.5,exact_mw,09f626b7d1c8765fd231bc36902f9c5557d3909c4644565b971bdb2bfb186061,"{""distance"":7,""physical_error_rate"":0.0005}","{""detection_events"":165207,""detectors_checked"":67192832,""obs_mistake_mask=E"":3}"
       416,         6,         0,    11.8,exact_mw,f4817e2f6bf0dfc41195700a9244a7f66964db0e79ea1302ca6e9f2465062a32,"{""distance"":7,""physical_error_rate"":0.01}","{""detection_events"":11346,""detectors_checked"":250432,""obs_mistake_mask=E"":6}"
    775168,         0,         0,    11.6,exact_mw,894a5a708293b7bd3951925e43ae0371ba83736430ed1970399611b4deb8498b,"{""distance"":7,""physical_error_rate"":0.0001}","{""detection_events"":230223,""detectors_checked"":466651136}"
         8,         0,         0,    1.50,exact_mw,6534c274fb8721060716b040ba5484c43e0fb249b656ad44721a05b8b1f26839,"{""distance"":7,""physical_error_rate"":0.005}","{""detection_events"":139,""detectors_checked"":4816}"
        96,         3,         0,    2.56,exact_mw,f4817e2f6bf0dfc41195700a9244a7f66964db0e79ea1302ca6e9f2465062a32,"{""distance"":7,""physical_error_rate"":0.01}","{""detection_events"":2728,""detectors_checked"":57792,""obs_mistake_mask=E"":3}"
      4352,         0,         0,    16.9,exact_mw,8842ec4fe0f86aba00650008f7f408db45344cfb5a30f76b1f2c0fb50a8d5069,"{""distance"":7,""physical_error_rate"":0.002}","{""detection_events"":25595,""detectors_checked"":2619904}"
    153600,         1,         0,    16.6,exact_mw,09f626b7d1c8765fd231bc36902f9c5557d3909c4644565b971bdb2bfb186061,"{""distance"":7,""physical_error_rate"":0.0005}","{""detection_events"":227853,""detectors_checked"":92467200,""obs_mistake_mask=E"":1}"
      1056,         1,         0,    16.8,exact_mw,6534c274fb8721060716b040ba5484c43e0fb249b656ad44721a05b8b1f26839,"{""distance"":7,""physical_error_rate"":0.005}","{""detection_events"":15005,""detectors_checked"":635712,""obs_mistake_mask=E"":1}"
    122880,         0,         0,    16.5,exact_mw,09f626b7d1c8765fd231bc36902f9c5557d3909c4644565b971bdb2bfb186061,"{""distance"":7,""physical_error_rate"":0.0005}","{""detection_events"":182945,""detectors_checked"":73973760}"
    121856,         0,         0,    16.4,exact_mw,09f626b7d1c8765fd231bc36902f9c5557d3909c4644565b971bdb2bfb186061,"{""distance"":7,""physical_error_rate"":0.0005}","{""detection_events"":180758,""detectors_checked"":73357312}"
       624,        37,         0,    16.4,exact_mw,b41993e7ca3a4c05067df83ef8f718f9a600cbd2ba374313e90f16e7f7d75967,"{""distance"":7,""physical_error_rate"":0.02}","{""detection_events"":32985,""detectors_checked"":375648,""obs_mistake_mask=E"":37}"
       768,        10,         0,    16.5,exact_mw,f4817e2f6bf0dfc41195700a9244a7f66964db0e79ea1302ca6e9f2465062a32,"{""distance"":7,""physical_error_rate"":0.01}","{""detection_events"":21264,""detectors_checked"":462336,""obs_mistake_mask=E"":10}"
    185344,         0,         0,    4.23,exact_mw,a6f040f5268ba168f94c6ccce4ff822b1b844608631bba2e2b8dc7ec85b1e503,"{""distance"":7,""physical_error_rate"":0.0002}","{""detection_events"":110371,""detectors_checked"":111577088}"
       432,        20,         0,    16.7,exact_mw,b41993e7ca3a4c05067df83ef8f718f9a600cbd2ba374313e90f16e7f7d75967,"{""distance"":7,""physical_error_rate"":0.02}","{""detection_events"":22391,""detectors_checked"":260064,""obs_mistake_mask=E"":20}"
       640,         0,         0,    2.62,exact_mw,8842ec4fe0f86aba00650008f7f408db45344cfb5a30f76b1f2c0fb50a8d5069,"{""distance"":7,""physical_error_rate"":0.002}","{""detection_events"":3863,""detectors_checked"":385280}"
       448,        17,         0,    17.0,exact_mw,b41993e7ca3a4c05067df83ef8f718f9a600cbd2ba374313e90f16e7f7d75967,"{""distance"":7,""physical_error_rate"":0.02}","{""detection_events"":23224,""detectors_checked"":269696,""obs_mistake_mask=E"":17}"
      4096,         1,         0,    17.3,exact_mw,8842ec4fe0f86aba00650008f7f408db45344cfb5a30f76b1f2c0fb50a8d5069,"{""distance"":7,""physical_error_rate"":0.002}","{""detection_events"":24122,""detectors_checked"":2465792,""obs_mistake_mask=E"":1}"
      3072,         0,         0,    2.55,exact_mw,fe773c48422346d89ea42b7ea8a90aa3034802874175ef2bfbcd9fbedf677903,"{""distance"":7,""physical_error_rate"":0.001}","{""detection_events"":8871,""detectors_checked"":1849344}"
      1024,         6,         0,    16.6,exact_mw,6534c274fb8721060716b040ba5484c43e0fb249b656ad44721a05b8b1f26839,"{""distance"":7,""physical_error_rate"":0.005}","{""detection_events"":14825,""detectors_checked"":616448,""obs_mistake_mask=E"":6}"
        16,         0,         0,    1.92,exact_mw,6534c274fb8721060716b040ba5484c43e0fb249b656ad44721a05b8b1f26839,"{""distance"":7,""physical_error_rate"":0.005}","{""detection_events"":239,""detectors_checked"":9632}"
     29696,         0,         0,    4.43,exact_mw,09f626b7d1c8765fd231bc36902f9c5557d3909c4644565b971bdb2bfb186061,"{""distance"":7,""physical_error_rate"":0.0005}","{""detection_events"":44122,""detectors_checked"":17876992}"
       192,         0,         0,    2.91,exact_mw,6534c274fb8721060716b040ba5484c43e0fb249b656ad44721a05b8b1f26839,"{""distance"":7,""physical_error_rate"":0.005}","{""detection_events"":2820,""detectors_checked"":115584}"
        12,         0,         0,    3.22,exact_mw,b41993e7ca3a4c05067df83ef8f718f9a600cbd2ba374313e90f16e7f7d75967,"{""distance"":7,""physical_error_rate"":0.02}","{""detection_events"":608,""detectors_checked"":7224}"
        96,         1,         0,    16.6,exact_mw,f4817e2f6bf0dfc41195700a9244a7f66964db0e79ea1302ca6e9f2465062a32,"{""distance"":7,""physical_error_rate"":0.01}","{""detection_events"":2527,""detectors_checked"":57792,""obs_mistake_mask=E"":1}"
     19456,         0,         0,    17.2,exact_mw,fe773c48422346d89ea42b7ea8a90aa3034802874175ef2bfbcd9fbedf677903,"{""distance"":7,""physical_error_rate"":0.001}","{""detection_events"":57866,""detectors_checked"":11712512}"
    292864,         0,         0,    4.24,exact_mw,3793e887e6c3b4d5eff59c5eb9bbee88cf92e7a28a48243659e8f8373a61c55f,"{""distance"":7,""physical_error_rate"":5e-05}","{""detection_events"":43505,""detectors_checked"":176304128}"
       128,         1,         0,    3.44,exact_mw,f4817e2f6bf0dfc41195700a9244a7f66964db0e79ea1302ca6e9f2465062a32,"{""distance"":7,""physical_error_rate"":0.01}","{""detection_events"":3667,""detectors_checked"":77056,""obs_mistake_mask=E"":1}"
     39936,         0,         0,    4.28,exact_mw,894a5a708293b7bd3951925e43ae0371ba83736430ed1970399611b4deb8498b,"{""distance"":7,""physical_error_rate"":0.0001}","{""detection_events"":11787,""detectors_checked"":24041472}"
        16,         0,         0,    1.86,exact_mw,6534c274fb8721060716b040ba5484c43e0fb249b656ad44721a05b8b1f26839,"{""distance"":7,""physical_error_rate"":0.005}","{""detection_events"":246,""detectors_checked"":9632}"
      5376,         2,         0,    16.8,exact_mw,8842ec4fe0f86aba00650008f7f408db45344cfb5a30f76b1f2c0fb50a8d5069,"{""distance"":7,""physical_error_rate"":0.002}","{""detection_events"":31237,""detectors_checked"":3236352,""obs_mistake_mask=E"":2}"
       896,         0,         0,    3.29,exact_mw,8842ec4fe0f86aba00650008f7f408db45344cfb5a30f76b1f2c0fb50a8d5069,"{""distance"":7,""physical_error_rate"":0.002}","{""detection_events"":5090,""detectors_checked"":539392}"
      1152,         3,         0,    16.5,exact_mw,6534c274fb8721060716b040ba5484c43e0fb249b656ad44721a05b8b1f26839,"{""distance"":7,""physical_error_rate"":0.005}","{""detection_events"":16232,""detectors_checked"":693504,""obs_mistake_mask=E"":3}"
      3584,         0,         0,    3.55,exact_mw,fe773c48422346d89ea42b7ea8a90aa3034802874175ef2bfbcd9fbedf677903,"{""distance"":7,""physical_error_rate"":0.001}","{""detection_events"":10568,""detectors_checked"":2157568}"
      1088,         3,         0,    16.8,exact_mw,6534c274fb8721060716b040ba5484c43e0fb249b656ad44721a05b8b1f26839,"{""distance"":7,""physical_error_rate"":0.005}","{""detection_events"":16028,""detectors_checked"":654976,""obs_mistake_mask=E"":3}"
       192,         1,         0,    3.18,exact_mw,6534c274fb8721060716b040ba5484c43e0fb249b656ad44721a05b8b1f26839,"{""distance"":7,""physical_error_rate"":0.005}","{""detection_events"":2764,""detectors_checked"":115584,""obs_mistake_mask=E"":1}"
     20480,         0,         0,    16.5,exact_mw,fe773c48422346d89ea42b7ea8a90aa3034802874175ef2bfbcd9fbedf677903,"{""distance"":7,""physical_error_rate"":0.001}","{""detection_events"":60293,""detectors_checked"":12328960}"
        24,         0,         0,    2.97,exact_mw,6534c274fb8721060716b040ba5484c43e0fb249b656ad44721a05b8b1f26839,"{""distance"":7,""physical_error_rate"":0.005}","{""detection_events"":369,""detectors_checked"":14448}"
    277504,         0,         0,    5.95,exact_mw,a6f040f5268ba168f94c6ccce4ff822b1b844608631bba2e2b8dc7ec85b1e503,"{""distance"":7,""physical_error_rate"":0.0002}","{""detection_events"":163660,""detectors_checked"":167057408}"
        16,         1,         0,    4.50,exact_mw,b41993e7ca3a4c05067df83ef8f718f9a600cbd2ba374313e90f16e7f7d75967,"{""distance"":7,""physical_error_rate"":0.02}","{""detection_events"":846,""detectors_checked"":9632,""obs_mistake_mask=E"":1}"
    537600,         0,         0,    11.6,exact_mw,a6f040f5268ba168f94c6ccce4ff822b1b844608631bba2e2b8dc7ec85b1e503,"{""distance"":7,""physical_error_rate"":0.0002}","{""detection_events"":318933,""detectors_checked"":323635200}"
       816,         0,         0,    16.5,exact_mw,8842ec4fe0f86aba00650008f7f408db45344cfb5a30f76b1f2c0fb50a8d5069,"{""distance"":7,""physical_error_rate"":0.002}","{""detection_events"":4964,""detectors_checked"":491232}"
        60,         1,         0,    16.7,exact_mw,b41993e7ca3a4c05067df83ef8f718f9a600cbd2ba374313e90f16e7f7d75967,"{""distance"":7,""physical_error_rate"":0.02}","{""detection_events"":2996,""detectors_checked"":36120,""obs_mistake_mask=E"":1}"
      1376,         1,         0,    17.2,exact_mw,8842ec4fe0f86aba00650008f7f408db45344cfb5a30f76b1f2c0fb50a8d5069,"{""distance"":7,""physical_error_rate"":0.002}","{""detection_events"":7707,""detectors_checked"":828352,""obs_mistake_mask=E"":1}"
     36864,         0,         0,    6.03,exact_mw,09f626b7d1c8765fd231bc36902f9c5557d3909c4644565b971bdb2bfb186061,"{""distance"":7,""physical_error_rate"":0.0005}","{""detection_events"":54875,""detectors_checked"":22192128}"
       192,         0,         0,    4.93,exact_mw,f4817e2f6bf0dfc41195700a9244a7f66964db0e79ea1302ca6e9f2465062a32,"{""distance"":7,""physical_error_rate"":0.01}","{""detection_events"":5499,""detectors_checked"":115584}"
         1,         0,         0,   0.001,exact_mw,894a5a708293b7bd3951925e43ae0371ba83736430ed1970399611b4deb8498b,"{""distance"":7,""physical_error_rate"":0.0001}","{""detectors_checked"":602}"
      2320,         0,         0,   0.028,exact_mw,894a5a708293b7bd3951925e43ae0371ba83736430ed1970399611b4deb8498b,"{""distance"":7,""physical_error_rate"":0.0001}","{""detection_events"":638,""detectors_checked"":1396640}"
      2048,         0,         0,   0.026,exact_mw,894a5a708293b7bd3951925e43ae0371ba83736430ed1970399611b4deb8498b,"{""distance"":7,""physical_error_rate"":0.0001}","{""detection_events"":630,""detectors_checked"":1232896}"
      2048,         0,         0,   0.028,exact_mw,894a5a708293b7bd3951925e43ae0371ba83736430ed1970399611b4deb8498b,"{""distance"":7,""physical_error_rate"":0.0001}","{""detection_events"":610,""detectors_checked"":1232896}"
      2048,         0,         0,   0.051,exact_mw,894a5a708293b7bd3951925e43ae0371ba83736430ed1970399611b4deb8498b,"{""distance"":7,""physical_error_rate"":0.0001}","{""detection_events"":600,""detectors_checked"":1232896}"
      1024,         0,         0,    4.74,exact_mw,8842ec4fe0f86aba00650008f7f408db45344cfb5a30f76b1f2c0fb50a8d5069,"{""distance"":7,""physical_error_rate"":0.002}","{""detection_events"":5917,""detectors_checked"":616448}"
      4096,         0,         0,   0.054,exact_mw,894a5a708293b7bd3951925e43ae0371ba83736430ed1970399611b4deb8498b,"{""distance"":7,""physical_error_rate"":0.0001}","{""detection_events"":1331,""detectors_checked"":2465792}"
    431104,         0,         0,    5.87,exact_mw,3793e887e6c3b4d5eff59c5eb9bbee88cf92e7a28a48243659e8f8373a61c55f,"{""distance"":7,""physical_error_rate"":5e-05}","{""detection_events"":63509,""detectors_checked"":259524608}"
      6144,         0,         0,   0.081,exact_mw,894a5a708293b7bd3951925e43ae0371ba83736430ed1970399611b4deb8498b,"{""distance"":7,""physical_error_rate"":0.0001}","{""detection_events"":1701,""detectors_checked"":3698688}"
      9216,         0,         0,   0.115,exact_mw,894a5a708293b7bd3951925e43ae0371ba83736430ed1970399611b4deb8498b,"{""distance"":7,""physical_error_rate"":0.0001}","{""detection_events"":2659,""detectors_checked"":5548032}"
     11264,         0,         0,   0.150,exact_mw,894a5a708293b7bd3951925e43ae0371ba83736430ed1970399611b4deb8498b,"{""distance"":7,""physical_error_rate"":0.0001}","{""detection_events"":3390,""detectors_checked"":6780928}"
     15360,         0,         0,   0.206,exact_mw,894a5a708293b7bd3951925e43ae0371ba83736430ed1970399611b4deb8498b,"{""distance"":7,""physical_error_rate"":0.0001}","{""detection_events"":4471,""detectors_checked"":9246720}"
         1,         0,         0,   0.033,exact_mw,b41993e7ca3a4c05067df83ef8f718f9a600cbd2ba374313e90f16e7f7d75967,"{""distance"":7,""physical_error_rate"":0.02}","{""detection_events"":60,""detectors_checked"":602}"
     62464,         0,         0,    6.08,exact_mw,894a5a708293b7bd3951925e43ae0371ba83736430ed1970399611b4deb8498b,"{""distance"":7,""physical_error_rate"":0.0001}","{""detection_events"":18334,""detectors_checked"":37603328}"
      5120,         0,         0,    4.70,exact_mw,fe773c48422346d89ea42b7ea8a90aa3034802874175ef2bfbcd9fbedf677903,"{""distance"":7,""physical_error_rate"":0.001}","{""detection_events"":15139,""detectors_checked"":3082240}"
     21504,         0,         0,   0.272,exact_mw,894a5a708293b7bd3951925e43ae0371ba83736430ed1970399611b4deb8498b,"{""distance"":7,""physical_error_rate"":0.0001}","{""detection_events"":6338,""detectors_checked"":12945408}"
        24,         0,         0,    3.44,exact_mw,6534c274fb8721060716b040ba5484c43e0fb249b656ad44721a05b8b1f26839,"{""distance"":7,""physical_error_rate"":0.005}","{""detection_events"":368,""detectors_checked"":14448}"
        16,         1,         0,   0.596,exact_mw,b41993e7ca3a4c05067df83ef8f718f9a600cbd2ba374313e90f16e7f7d75967,"{""distance"":7,""physical_error_rate"":0.02}","{""detection_events"":862,""detectors_checked"":9632,""obs_mistake_mask=E"":1}"
        17,         0,         0,   0.037,exact_mw,8842ec4fe0f86aba00650008f7f408db45344cfb5a30f76b1f2c0fb50a8d5069,"{""distance"":7,""physical_error_rate"":0.002}","{""detection_events"":109,""detectors_checked"":10234}"
     31744,         0,         0,   0.417,exact_mw,894a5a708293b7bd3951925e43ae0371ba83736430ed1970399611b4deb8498b,"{""distance"":7,""physical_error_rate"":0.0001}","{""detection_events"":9286,""detectors_checked"":19109888}"
         1,         0,         0,   0.001,exact_mw,a6f040f5268ba168f94c6ccce4ff822b1b844608631bba2e2b8dc7ec85b1e503,"{""distance"":7,""physical_error_rate"":0.0002}","{""detectors_checked"":602}"
      1296,         0,         0,   0.030,exact_mw,a6f040f5268ba168f94c6ccce4ff822b1b844608631bba2e2b8dc7ec85b1e503,"{""distance"":7,""physical_error_rate"":0.0002}","{""detection_events"":727,""detectors_checked"":780192}"
         1,         0,         0,   0.033,exact_mw,b41993e7ca3a4c05067df83ef8f718f9a600cbd2ba374313e90f16e7f7d75967,"{""distance"":7,""physical_error_rate"":0.02}","{""detection_events"":58,""detectors_checked"":602}"
      2048,         0,         0,   0.041,exact_mw,a6f040f5268ba168f94c6ccce4ff822b1b844608631bba2e2b8dc7ec85b1e503,"{""distance"":7,""physical_error_rate"":0.0002}","{""detection_events"":1214,""detectors_checked"":1232896}"
      2048,         0,         0,   0.037,exact_mw,a6f040f5268ba168f94c6ccce4ff822b1b844608631bba2e2b8dc7ec85b1e503,"{""distance"":7,""physical_error_rate"":0.0002}","{""detection_events"":1262,""detectors_checked"":1232896}"
      2048,         0,         0,   0.034,exact_mw,a6f040f5268ba168f94c6ccce4ff822b1b844608631bba2e2b8dc7ec85b1e503,"{""distance"":7,""physical_error_rate"":0.0002}","{""detection_events"":1249,""detectors_checked"":1232896}"
         1,         0,         0,   0.001,exact_mw,09f626b7d1c8765fd231bc36902f9c5557d3909c4644565b971bdb2bfb186061,"{""distance"":7,""physical_error_rate"":0.0005}","{""detection_events"":2,""detectors_checked"":602}"
       320,         0,         0,    5.15,exact_mw,6534c274fb8721060716b040ba5484c43e0fb249b656ad44721a05b8b1f26839,"{""distance"":7,""physical_error_rate"":0.005}","{""detection_events"":4610,""detectors_checked"":192640}"
      2048,         0,         0,   0.059,exact_mw,a6f040f5268ba168f94c6ccce4ff822b1b844608631bba2e2b8dc7ec85b1e503,"{""distance"":7,""physical_error_rate"":0.0002}","{""detection_events"":1308,""detectors_checked"":1232896}"
       272,         0,         0,   0.047,exact_mw,09f626b7d1c8765fd231bc36902f9c5557d3909c4644565b971bdb2bfb186061,"{""distance"":7,""physical_error_rate"":0.0005}","{""detection_events"":424,""detectors_checked"":163744}"
        16,         3,         0,   0.631,exact_mw,b41993e7ca3a4c05067df83ef8f718f9a600cbd2ba374313e90f16e7f7d75967,"{""distance"":7,""physical_error_rate"":0.02}","{""detection_events"":874,""detectors_checked"":9632,""obs_mistake_mask=E"":3}"
     40960,         0,         0,   0.583,exact_mw,894a5a708293b7bd3951925e43ae0371ba83736430ed1970399611b4deb8498b,"{""distance"":7,""physical_error_rate"":0.0001}","{""detection_events"":11919,""detectors_checked"":24657920}"
      4096,         0,         0,   0.089,exact_mw,a6f040f5268ba168f94c6ccce4ff822b1b844608631bba2e2b8dc7ec85b1e503,"{""distance"":7,""physical_error_rate"":0.0002}","{""detection_events"":2519,""detectors_checked"":2465792}"
      1024,         0,         0,   0.163,exact_mw,09f626b7d1c8765fd231bc36902f9c5557d3909c4644565b971bdb2bfb186061,"{""distance"":7,""physical_error_rate"":0.0005}","{""detection_events"":1572,""detectors_checked"":616448}"
      5120,         0,         0,   0.127,exact_mw,a6f040f5268ba168f94c6ccce4ff822b1b844608631bba2e2b8dc7ec85b1e503,"{""distance"":7,""physical_error_rate"":0.0002}","{""detection_events"":2967,""detectors_checked"":3082240}"
         1,         0,         0,   0.001,exact_mw,3793e887e6c3b4d5eff59c5eb9bbee88cf92e7a28a48243659e8f8373a61c55f,"{""distance"":7,""physical_error_rate"":5e-05}","{""detectors_checked"":602}"
      2320,         0,         0,   0.031,exact_mw,3793e887e6c3b4d5eff59c5eb9bbee88cf92e7a28a48243659e8f8373a61c55f,"{""distance"":7,""physical_error_rate"":5e-05}","{""detection_events"":297,""detectors_checked"":1396640}"
      3072,         0,         0,   0.038,exact_mw,3793e887e6c3b4d5eff59c5eb9bbee88cf92e7a28a48243659e8f8373a61c55f,"{""distance"":7,""physical_error_rate"":5e-05}","{""detection_events"":491,""detectors_checked"":1849344}"
      3072,         0,         0,   0.032,exact_mw,3793e887e6c3b4d5eff59c5eb9bbee88cf92e7a28a48243659e8f8373a61c55f,"{""distance"":7,""physical_error_rate"":5e-05}","{""detection_events"":435,""detectors_checked"":1849344}"
      8192,         0,         0,   0.153,exact_mw,a6f040f5268ba168f94c6ccce4ff822b1b844608631bba2e2b8dc7ec85b1e503,"{""distance"":7,""physical_error_rate"":0.0002}","{""detection_events"":4522,""detectors_checked"":4931584}"
      1024,         0,         0,   0.149,exact_mw,09f626b7d1c8765fd231bc36902f9c5557d3909c4644565b971bdb2bfb186061,"{""distance"":7,""physical_error_rate"":0.0005}","{""detection_events"":1430,""detectors_checked"":616448}"
       256,         0,         0,   0.896,exact_mw,8842ec4fe0f86aba00650008f7f408db45344cfb5a30f76b1f2c0fb50a8d5069,"{""distance"":7,""physical_error_rate"":0.002}","{""detection_events"":1395,""detectors_checked"":154112}"
      3072,         0,         0,   0.032,exact_mw,3793e887e6c3b4d5eff59c5eb9bbee88cf92e7a28a48243659e8f8373a61c55f,"{""distance"":7,""physical_error_rate"":5e-05}","{""detection_events"":458,""detectors_checked"":1849344}"
        16,         0,         0,   0.616,exact_mw,b41993e7ca3a4c05067df83ef8f718f9a600cbd2ba374313e90f16e7f7d75967,"{""distance"":7,""physical_error_rate"":0.02}","{""detection_events"":772,""detectors_checked"":9632}"
      5120,         0,         0,   0.070,exact_mw,3793e887e6c3b4d5eff59c5eb9bbee88cf92e7a28a48243659e8f8373a61c55f,"{""distance"":7,""physical_error_rate"":5e-05}","{""detection_events"":773,""detectors_checked"":3082240}"
      7168,         0,         0,   0.080,exact_mw,3793e887e6c3b4d5eff59c5eb9bbee88cf92e7a28a48243659e8f8373a61c55f,"{""distance"":7,""physical_error_rate"":5e-05}","{""detection_events"":1068,""detectors_checked"":4315136}"
      1024,         0,         0,   0.202,exact_mw,09f626b7d1c8765fd231bc36902f9c5557d3909c4644565b971bdb2bfb186061,"{""distance"":7,""physical_error_rate"":0.0005}","{""detection_events"":1499,""detectors_checked"":616448}"
     10240,         0,         0,   0.204,exact_mw,a6f040f5268ba168f94c6ccce4ff822b1b844608631bba2e2b8dc7ec85b1e503,"{""distance"":7,""physical_error_rate"":0.0002}","{""detection_events"":6461,""detectors_checked"":6164480}"
      9216,         0,         0,   0.109,exact_mw,3793e887e6c3b4d5eff59c5eb9bbee88cf92e7a28a48243659e8f8373a61c55f,"{""distance"":7,""physical_error_rate"":5e-05}","{""detection_events"":1297,""detectors_checked"":5548032}"
        16,         1,         0,   0.610,exact_mw,b41993e7ca3a4c05067df83ef8f718f9a600cbd2ba374313e90f16e7f7d75967,"{""distance"":7,""physical_error_rate"":0.02}","{""detection_events"":886,""detectors_checked"":9632,""obs_mistake_mask=E"":1}"
      1024,         0,         0,   0.103,exact_mw,09f626b7d1c8765fd231bc36902f9c5557d3909c4644565b971bdb2bfb186061,"{""distance"":7,""physical_error_rate"":0.0005}","{""detection_events"":1432,""detectors_checked"":616448}"
      1024,         0,         0,   0.104,exact_mw,09f626b7d1c8765fd231bc36902f9c5557d3909c4644565b971bdb2bfb186061,"{""distance"":7,""physical_error_rate"":0.0005}","{""detection_events"":1432,""detectors_checked"":616448}"
     11264,         0,         0,   0.137,exact_mw,3793e887e6c3b4d5eff59c5eb9bbee88cf92e7a28a48243659e8f8373a61c55f,"{""distance"":7,""physical_error_rate"":5e-05}","{""detection_events"":1793,""detectors_checked"":6780928}"
     14336,         0,         0,   0.293,exact_mw,a6f040f5268ba168f94c6ccce4ff822b1b844608631bba2e2b8dc7ec85b1e503,"{""distance"":7,""physical_error_rate"":0.0002}","{""detection_events"":8657,""detectors_checked"":8630272}"
     56320,         0,         0,   0.800,exact_mw,894a5a708293b7bd3951925e43ae0371ba83736430ed1970399611b4deb8498b,"{""distance"":7,""physical_error_rate"":0.0001}","{""detection_events"":16810,""detectors_checked"":33904640}"
      1024,         0,         0,   0.136,exact_mw,09f626b7d1c8765fd231bc36902f9c5557d3909c4644565b971bdb2bfb186061,"{""distance"":7,""physical_error_rate"":0.0005}","{""detection_events"":1621,""detectors_checked"":616448}"
        16,         1,         0,   0.543,exact_mw,b41993e7ca3a4c05067df83ef8f718f9a600cbd2ba374313e90f16e7f7d75967,"{""distance"":7,""physical_error_rate"":0.02}","{""detection_events"":834,""detectors_checked"":9632,""obs_mistake_mask=E"":1}"
     17408,         0,         0,   0.210,exact_mw,3793e887e6c3b4d5eff59c5eb9bbee88cf92e7a28a48243659e8f8373a61c55f,"{""distance"":7,""physical_error_rate"":5e-05}","{""detection_events"":2477,""detectors_checked"":10479616}"
       256,         0,         0,   0.684,exact_mw,8842ec4fe0f86aba00650008f7f408db45344cfb5a30f76b1f2c0fb50a8d5069,"{""distance"":7,""physical_error_rate"":0.002}","{""detection_events"":1374,""detectors_checked"":154112}"
      1024,         0,         0,   0.161,exact_mw,09f626b7d1c8765fd231bc36902f9c5557d3909c4644565b971bdb2bfb186061,"{""distance"":7,""physical_error_rate"":0.0005}","{""detection_events"":1679,""detectors_checked"":616448}"
         1,         0,         0,   0.048,exact_mw,3793e887e6c3b4d5eff59c5eb9bbee88cf92e7a28a48243659e8f8373a61c55f,"{""distance"":7,""physical_error_rate"":5e-05}","{""detectors_checked"":602}"
        16,         0,         0,   0.541,exact_mw,b41993e7ca3a4c05067df83ef8f718f9a600cbd2ba374313e90f16e7f7d75967,"{""distance"":7,""physical_error_rate"":0.02}","{""detection_events"":894,""detectors_checked"":9632}"
     18432,         0,         0,   0.403,exact_mw,a6f040f5268ba168f94c6ccce4ff822b1b844608631bba2e2b8dc7ec85b1e503,"{""distance"":7,""physical_error_rate"":0.0002}","{""detection_events"":10612,""detectors_checked"":11096064}"
      1160,         0,         0,   0.116,exact_mw,3793e887e6c3b4d5eff59c5eb9bbee88cf92e7a28a48243659e8f8373a61c55f,"{""distance"":7,""physical_error_rate"":5e-05}","{""detection_events"":199,""detectors_checked"":698320}"
     23552,         0,         0,   0.280,exact_mw,3793e887e6c3b4d5eff59c5eb9bbee88cf92e7a28a48243659e8f8373a61c55f,"{""distance"":7,""physical_error_rate"":5e-05}","{""detection_events"":3547,""detectors_checked"":14178304}"
      2048,         0,         0,   0.212,exact_mw,09f626b7d1c8765fd231bc36902f9c5557d3909c4644565b971bdb2bfb186061,"{""distance"":7,""physical_error_rate"":0.0005}","{""detection_events"":2917,""detectors_checked"":1232896}"
      1024,         0,         0,   0.062,exact_mw,3793e887e6c3b4d5eff59c5eb9bbee88cf92e7a28a48243659e8f8373a61c55f,"{""distance"":7,""physical_error_rate"":5e-05}","{""detection_events"":101,""detectors_checked"":616448}"
      1024,         0,         0,   0.146,exact_mw,3793e887e6c3b4d5eff59c5eb9bbee88cf92e7a28a48243659e8f8373a61c55f,"{""distance"":7,""physical_error_rate"":5e-05}","{""detection_events"":107,""detectors_checked"":616448}"
        16,         0,         0,   0.570,exact_mw,b41993e7ca3a4c05067df83ef8f718f9a600cbd2ba374313e90f16e7f7d75967,"{""distance"":7,""physical_error_rate"":0.02}","{""detection_events"":784,""detectors_checked"":9632}"
      1024,         0,         0,   0.062,exact_mw,3793e887e6c3b4d5eff59c5eb9bbee88cf92e7a28a48243659e8f8373a61c55f,"{""distance"":7,""physical_error_rate"":5e-05}","{""detection_events"":129,""detectors_checked"":616448}"
      1024,         0,         0,   0.118,exact_mw,3793e887e6c3b4d5eff59c5eb9bbee88cf92e7a28a48243659e8f8373a61c55f,"{""distance"":7,""physical_error_rate"":5e-05}","{""detection_events"":133,""detectors_checked"":616448}"
     32768,         0,         0,   0.400,exact_mw,3793e887e6c3b4d5eff59c5eb9bbee88cf92e7a28a48243659e8f8373a61c55f,"{""distance"":7,""physical_error_rate"":5e-05}","{""detection_events"":4949,""detectors_checked"":19726336}"
      3072,         0,         0,   0.439,exact_mw,09f626b7d1c8765fd231bc36902f9c5557d3909c4644565b971bdb2bfb186061,"{""distance"":7,""physical_error_rate"":0.0005}","{""detection_events"":4554,""detectors_checked"":1849344}"
        16,         0,         0,   0.608,exact_mw,b41993e7ca3a4c05067df83ef8f718f9a600cbd2ba374313e90f16e7f7d75967,"{""distance"":7,""physical_error_rate"":0.02}","{""detection_events"":862,""detectors_checked"":9632}"
      2048,         0,         0,   0.181,exact_mw,3793e887e6c3b4d5eff59c5eb9bbee88cf92e7a28a48243659e8f8373a61c55f,"{""distance"":7,""physical_error_rate"":5e-05}","{""detection_events"":242,""detectors_checked"":1232896}"
     22528,         0,         0,   0.572,exact_mw,a6f040f5268ba168f94c6ccce4ff822b1b844608631bba2e2b8dc7ec85b1e503,"{""distance"":7,""physical_error_rate"":0.0002}","{""detection_events"":13299,""detectors_checked"":13561856}"
      1024,         0,         0,   0.116,exact_mw,3793e887e6c3b4d5eff59c5eb9bbee88cf92e7a28a48243659e8f8373a61c55f,"{""distance"":7,""physical_error_rate"":5e-05}","{""detection_events"":151,""detectors_checked"":616448}"
     86016,         0,         0,    1.12,exact_mw,894a5a708293b7bd3951925e43ae0371ba83736430ed1970399611b4deb8498b,"{""distance"":7,""physical_error_rate"":0.0001}","{""detection_events"":25999,""detectors_checked"":51781632}"
      2048,         0,         0,   0.181,exact_mw,3793e887e6c3b4d5eff59c5eb9bbee88cf92e7a28a48243659e8f8373a61c55f,"{""distance"":7,""physical_error_rate"":5e-05}","{""detection_events"":330,""detectors_checked"":1232896}"
         1,         0,         0,   0.264,exact_mw,f4817e2f6bf0dfc41195700a9244a7f66964db0e79ea1302ca6e9f2465062a32,"{""distance"":7,""physical_error_rate"":0.01}","{""detection_events"":35,""detectors_checked"":602}"
        16,         1,         0,   0.611,exact_mw,b41993e7ca3a4c05067df83ef8f718f9a600cbd2ba374313e90f16e7f7d75967,"{""distance"":7,""physical_error_rate"":0.02}","{""detection_events"":880,""detectors_checked"":9632,""obs_mistake_mask=E"":1}"
         1,         0,         0,   0.028,exact_mw,894a5a708293b7bd3951925e43ae0371ba83736430ed1970399611b4deb8498b,"{""distance"":7,""physical_error_rate"":0.0001}","{""detectors_checked"":602}"
     46080,         0,         0,   0.555,exact_mw,3793e887e6c3b4d5eff59c5eb9bbee88cf92e7a28a48243659e8f8373a61c55f,"{""distance"":7,""physical_error_rate"":5e-05}","{""detection_events"":6963,""detectors_checked"":27740160}"
      4096,         0,         0,   0.532,exact_mw,09f626b7d1c8765fd231bc36902f9c5557d3909c4644565b971bdb2bfb186061,"{""distance"":7,""physical_error_rate"":0.0005}","{""detection_events"":6131,""detectors_checked"":2465792}"
       256,         0,         0,    1.26,exact_mw,8842ec4fe0f86aba00650008f7f408db45344cfb5a30f76b1f2c0fb50a8d5069,"{""distance"":7,""physical_error_rate"":0.002}","{""detection_events"":1677,""detectors_checked"":154112}"
         1,         0,         0,   0.004,exact_mw,f4817e2f6bf0dfc41195700a9244a7f66964db0e79ea1302ca6e9f2465062a32,"{""distance"":7,""physical_error_rate"":0.01}","{""detection_events"":15,""detectors_checked"":602}"
        16,         0,         0,   0.550,exact_mw,b41993e7ca3a4c05067df83ef8f718f9a600cbd2ba374313e90f16e7f7d75967,"{""distance"":7,""physical_error_rate"":0.02}","{""detection_events"":785,""detectors_checked"":9632}"
        22,         0,         0,    6.13,exact_mw,b41993e7ca3a4c05067df83ef8f718f9a600cbd2ba374313e90f16e7f7d75967,"{""distance"":7,""physical_error_rate"":0.02}","{""detection_events"":1120,""detectors_checked"":13244}"
      1296,         0,         0,   0.122,exact_mw,894a5a708293b7bd3951925e43ae0371ba83736430ed1970399611b4deb8498b,"{""distance"":7,""physical_error_rate"":0.0001}","{""detection_events"":329,""detectors_checked"":780192}"
      3072,         0,         0,   0.293,exact_mw,3793e887e6c3b4d5eff59c5eb9bbee88cf92e7a28a48243659e8f8373a61c55f,"{""distance"":7,""physical_error_rate"":5e-05}","{""detection_events"":427,""detectors_checked"":1849344}"
      1024,         0,         0,   0.062,exact_mw,894a5a708293b7bd3951925e43ae0371ba83736430ed1970399611b4deb8498b,"{""distance"":7,""physical_error_rate"":0.0001}","{""detection_events"":212,""detectors_checked"":616448}"
         2,         0,         0,   0.357,exact_mw,f4817e2f6bf0dfc41195700a9244a7f66964db0e79ea1302ca6e9f2465062a32,"{""distance"":7,""physical_error_rate"":0.01}","{""detection_events"":71,""detectors_checked"":1204}"
      1024,         0,         0,   0.118,exact_mw,894a5a708293b7bd3951925e43ae0371ba83736430ed1970399611b4deb8498b,"{""distance"":7,""physical_error_rate"":0.0001}","{""detection_events"":333,""detectors_checked"":616448}"
     33792,         0,         0,   0.796,exact_mw,a6f040f5268ba168f94c6ccce4ff822b1b844608631bba2e2b8dc7ec85b1e503,"{""distance"":7,""physical_error_rate"":0.0002}","{""detection_events"":19946,""detectors_checked"":20342784}"
      1024,         0,         0,   0.121,exact_mw,894a5a708293b7bd3951925e43ae0371ba83736430ed1970399611b4deb8498b,"{""distance"":7,""physical_error_rate"":0.0001}","{""detection_events"":342,""detectors_checked"":616448}"
      3072,         0,         0,   0.299,exact_mw,3793e887e6c3b4d5eff59c5eb9bbee88cf92e7a28a48243659e8f8373a61c55f,"{""distance"":7,""physical_error_rate"":5e-05}","{""detection_events"":433,""detectors_checked"":1849344}"
        16,         1,         0,   0.599,exact_mw,b41993e7ca3a4c05067df83ef8f718f9a600cbd2ba374313e90f16e7f7d75967,"{""distance"":7,""physical_error_rate"":0.02}","{""detection_events"":930,""detectors_checked"":9632,""obs_mistake_mask=E"":1}"
         1,         0,         0,   0.025,exact_mw,fe773c48422346d89ea42b7ea8a90aa3034802874175ef2bfbcd9fbedf677903,"{""distance"":7,""physical_error_rate"":0.001}","{""detection_events"":4,""detectors_checked"":602}"
      1024,         0,         0,   0.118,exact_mw,894a5a708293b7bd3951925e43ae0371ba83736430ed1970399611b4deb8498b,"{""distance"":7,""physical_error_rate"":0.0001}","{""detection_events"":283,""detectors_checked"":616448}"
      4096,         0,         0,   0.557,exact_mw,09f626b7d1c8765fd231bc36902f9c5557d3909c4644565b971bdb2bfb186061,"{""distance"":7,""physical_error_rate"":0.0005}","{""detection_events"":6239,""detectors_checked"":2465792}"
        16,         0,         0,   0.490,exact_mw,f4817e2f6bf0dfc41195700a9244a7f66964db0e79ea1302ca6e9f2465062a32,"{""distance"":7,""physical_error_rate"":0.01}","{""detection_events"":474,""detectors_checked"":9632}"
         2,         0,         0,   0.367,exact_mw,f4817e2f6bf0dfc41195700a9244a7f66964db0e79ea1302ca6e9f2465062a32,"{""distance"":7,""physical_error_rate"":0.01}","{""detection_events"":59,""detectors_checked"":1204}"
      1024,         0,         0,   0.124,exact_mw,894a5a708293b7bd3951925e43ae0371ba83736430ed1970399611b4deb8498b,"{""distance"":7,""physical_error_rate"":0.0001}","{""detection_events"":357,""detectors_checked"":616448}"
        16,         0,         0,   0.589,exact_mw,b41993e7ca3a4c05067df83ef8f718f9a600cbd2ba374313e90f16e7f7d75967,"{""distance"":7,""physical_error_rate"":0.02}","{""detection_events"":776,""detectors_checked"":9632}"
      1024,         0,         0,   0.118,exact_mw,894a5a708293b7bd3951925e43ae0371ba83736430ed1970399611b4deb8498b,"{""distance"":7,""physical_error_rate"":0.0001}","{""detection_events"":304,""detectors_checked"":616448}"
     64512,         0,         0,   0.793,exact_mw,3793e887e6c3b4d5eff59c5eb9bbee88cf92e7a28a48243659e8f8373a61c55f,"{""distance"":7,""physical_error_rate"":5e-05}","{""detection_events"":9515,""detectors_checked"":38836224}"
         1,         0,         0,   0.001,exact_mw,fe773c48422346d89ea42b7ea8a90aa3034802874175ef2bfbcd9fbedf677903,"{""distance"":7,""physical_error_rate"":0.001}","{""detection_events"":2,""detectors_checked"":602}"
      4096,         0,         0,   0.423,exact_mw,3793e887e6c3b4d5eff59c5eb9bbee88cf92e7a28a48243659e8f8373a61c55f,"{""distance"":7,""physical_error_rate"":5e-05}","{""detection_events"":576,""detectors_checked"":2465792}"
        16,         0,         0,   0.315,exact_mw,f4817e2f6bf0dfc41195700a9244a7f66964db0e79ea1302ca6e9f2465062a32,"{""distance"":7,""physical_error_rate"":0.01}","{""detection_events"":454,""detectors_checked"":9632}"
      2048,         0,         0,   0.227,exact_mw,894a5a708293b7bd3951925e43ae0371ba83736430ed1970399611b4deb8498b,"{""distance"":7,""physical_error_rate"":0.0001}","{""detection_events"":567,""detectors_checked"":1232896}"
       256,         0,         0,    1.06,exact_mw,8842ec4fe0f86aba00650008f7f408db45344cfb5a30f76b1f2c0fb50a8d5069,"{""distance"":7,""physical_error_rate"":0.002}","{""detection_events"":1609,""detectors_checked"":154112}"
        16,         1,         0,   0.616,exact_mw,b41993e7ca3a4c05067df83ef8f718f9a600cbd2ba374313e90f16e7f7d75967,"{""distance"":7,""physical_error_rate"":0.02}","{""detection_events"":884,""detectors_checked"":9632,""obs_mistake_mask=E"":1}"
         2,         0,         0,   0.575,exact_mw,f4817e2f6bf0dfc41195700a9244a7f66964db0e79ea1302ca6e9f2465062a32,"{""distance"":7,""physical_error_rate"":0.01}","{""detection_events"":66,""detectors_checked"":1204}"
        16,         0,         0,   0.311,exact_mw,f4817e2f6bf0dfc41195700a9244a7f66964db0e79ea1302ca6e9f2465062a32,"{""distance"":7,""physical_error_rate"":0.01}","{""detection_events"":443,""detectors_checked"":9632}"
      2048,         0,         0,   0.223,exact_mw,894a5a708293b7bd3951925e43ae0371ba83736430ed1970399611b4deb8498b,"{""distance"":7,""physical_error_rate"":0.0001}","{""detection_events"":614,""detectors_checked"":1232896}"
        16,         0,         0,   0.550,exact_mw,b41993e7ca3a4c05067df83ef8f718f9a600cbd2ba374313e90f16e7f7d75967,"{""distance"":7,""physical_error_rate"":0.02}","{""detection_events"":730,""detectors_checked"":9632}"
       272,         0,         0,   0.368,exact_mw,fe773c48422346d89ea42b7ea8a90aa3034802874175ef2bfbcd9fbedf677903,"{""distance"":7,""physical_error_rate"":0.001}","{""detection_events"":762,""detectors_checked"":163744}"
    118784,         0,         0,    1.55,exact_mw,894a5a708293b7bd3951925e43ae0371ba83736430ed1970399611b4deb8498b,"{""distance"":7,""physical_error_rate"":0.0001}","{""detection_events"":34838,""detectors_checked"":71507968}"
   1168384,         0,         0,    22.8,exact_mw,a6f040f5268ba168f94c6ccce4ff822b1b844608631bba2e2b8dc7ec85b1e503,"{""distance"":7,""physical_error_rate"":0.0002}","{""detection_events"":693876,""detectors_checked"":703367168}"
      5120,         0,         0,   0.798,exact_mw,09f626b7d1c8765fd231bc36902f9c5557d3909c4644565b971bdb2bfb186061,"{""distance"":7,""physical_error_rate"":0.0005}","{""detection_events"":7565,""detectors_checked"":3082240}"
       272,         0,         0,   0.871,exact_mw,fe773c48422346d89ea42b7ea8a90aa3034802874175ef2bfbcd9fbedf677903,"{""distance"":7,""physical_error_rate"":0.001}","{""detection_events"":781,""detectors_checked"":163744}"
     38912,         0,         0,   0.553,exact_mw,3793e887e6c3b4d5eff59c5eb9bbee88cf92e7a28a48243659e8f8373a61c55f,"{""distance"":7,""physical_error_rate"":5e-05}","{""detection_events"":5790,""detectors_checked"":23425024}"
     49152,         0,         0,    1.11,exact_mw,a6f040f5268ba168f94c6ccce4ff822b1b844608631bba2e2b8dc7ec85b1e503,"{""distance"":7,""physical_error_rate"":0.0002}","{""detection_events"":29087,""detectors_checked"":29589504}"
       256,         0,         0,   0.261,exact_mw,fe773c48422346d89ea42b7ea8a90aa3034802874175ef2bfbcd9fbedf677903,"{""distance"":7,""physical_error_rate"":0.001}","{""detection_events"":764,""detectors_checked"":154112}"
      4096,         0,         0,   0.337,exact_mw,894a5a708293b7bd3951925e43ae0371ba83736430ed1970399611b4deb8498b,"{""distance"":7,""physical_error_rate"":0.0001}","{""detection_events"":1138,""detectors_checked"":2465792}"
        16,         0,         0,   0.401,exact_mw,f4817e2f6bf0dfc41195700a9244a7f66964db0e79ea1302ca6e9f2465062a32,"{""distance"":7,""physical_error_rate"":0.01}","{""detection_events"":491,""detectors_checked"":9632}"
         2,         0,         0,   0.504,exact_mw,f4817e2f6bf0dfc41195700a9244a7f66964db0e79ea1302ca6e9f2465062a32,"{""distance"":7,""physical_error_rate"":0.01}","{""detection_events"":40,""detectors_checked"":1204}"
        16,         0,         0,   0.587,exact_mw,b41993e7ca3a4c05067df83ef8f718f9a600cbd2ba374313e90f16e7f7d75967,"{""distance"":7,""physical_error_rate"":0.02}","{""detection_events"":875,""detectors_checked"":9632}"
        16,         0,         0,   0.567,exact_mw,b41993e7ca3a4c05067df83ef8f718f9a600cbd2ba374313e90f16e7f7d75967,"{""distance"":7,""physical_error_rate"":0.02}","{""detection_events"":780,""detectors_checked"":9632}"
        40,         0,         0,    4.75,exact_mw,6534c274fb8721060716b040ba5484c43e0fb249b656ad44721a05b8b1f26839,"{""distance"":7,""physical_error_rate"":0.005}","{""detection_events"":554,""detectors_checked"":24080}"
       256,         0,         0,   0.780,exact_mw,8842ec4fe0f86aba00650008f7f408db45344cfb5a30f76b1f2c0fb50a8d5069,"{""distance"":7,""physical_error_rate"":0.002}","{""detection_events"":1500,""detectors_checked"":154112}"
     78848,         0,         0,    1.09,exact_mw,3793e887e6c3b4d5eff59c5eb9bbee88cf92e7a28a48243659e8f8373a61c55f,"{""distance"":7,""physical_error_rate"":5e-05}","{""detection_events"":11775,""detectors_checked"":47466496}"
       256,         2,         0,    6.61,exact_mw,f4817e2f6bf0dfc41195700a9244a7f66964db0e79ea1302ca6e9f2465062a32,"{""distance"":7,""physical_error_rate"":0.01}","{""detection_events"":7018,""detectors_checked"":154112,""obs_mistake_mask=E"":2}"
       512,         0,         0,   0.445,exact_mw,fe773c48422346d89ea42b7ea8a90aa3034802874175ef2bfbcd9fbedf677903,"{""distance"":7,""physical_error_rate"":0.001}","{""detection_events"":1557,""detectors_checked"":308224}"
         1,         0,         0,   0.029,exact_mw,894a5a708293b7bd3951925e43ae0371ba83736430ed1970399611b4deb8498b,"{""distance"":7,""physical_error_rate"":0.0001}","{""detectors_checked"":602}"
        16,         0,         0,   0.001,exact_mw,894a5a708293b7bd3951925e43ae0371ba83736430ed1970399611b4deb8498b,"{""distance"":7,""physical_error_rate"":0.0001}","{""detection_events"":6,""detectors_checked"":9632}"
      5120,         0,         0,   0.438,exact_mw,894a5a708293b7bd3951925e43ae0371ba83736430ed1970399611b4deb8498b,"{""distance"":7,""physical_error_rate"":0.0001}","{""detection_events"":1317,""detectors_checked"":3082240}"
        16,         0,         0,   0.395,exact_mw,f4817e2f6bf0dfc41195700a9244a7f66964db0e79ea1302ca6e9f2465062a32,"{""distance"":7,""physical_error_rate"":0.01}","{""detection_events"":467,""detectors_checked"":9632}"
      3328,         0,         0,   0.041,exact_mw,894a5a708293b7bd3951925e43ae0371ba83736430ed1970399611b4deb8498b,"{""distance"":7,""physical_error_rate"":0.0001}","{""detection_events"":1001,""detectors_checked"":2003456}"
        17,         0,         0,   0.312,exact_mw,6534c274fb8721060716b040ba5484c43e0fb249b656ad44721a05b8b1f26839,"{""distance"":7,""physical_error_rate"":0.005}","{""detection_events"":221,""detectors_checked"":10234}"
      2048,         0,         0,   0.031,exact_mw,894a5a708293b7bd3951925e43ae0371ba83736430ed1970399611b4deb8498b,"{""distance"":7,""physical_error_rate"":0.0001}","{""detection_events"":610,""detectors_checked"":1232896}"
         1,         0,         0,   0.038,exact_mw,f4817e2f6bf0dfc41195700a9244a7f66964db0e79ea1302ca6e9f2465062a32,"{""distance"":7,""physical_error_rate"":0.01}","{""detection_events"":25,""detectors_checked"":602}"
      2048,         0,         0,   0.049,exact_mw,894a5a708293b7bd3951925e43ae0371ba83736430ed1970399611b4deb8498b,"{""distance"":7,""physical_error_rate"":0.0001}","{""detection_events"":549,""detectors_checked"":1232896}"
    356352,         0,         0,    8.31,exact_mw,a6f040f5268ba168f94c6ccce4ff822b1b844608631bba2e2b8dc7ec85b1e503,"{""distance"":7,""physical_error_rate"":0.0002}","{""detection_events"":210951,""detectors_checked"":214523904}"
         2,         0,         0,   0.485,exact_mw,f4817e2f6bf0dfc41195700a9244a7f66964db0e79ea1302ca6e9f2465062a32,"{""distance"":7,""physical_error_rate"":0.01}","{""detection_events"":51,""detectors_checked"":1204}"
      3072,         0,         0,   0.058,exact_mw,894a5a708293b7bd3951925e43ae0371ba83736430ed1970399611b4deb8498b,"{""distance"":7,""physical_error_rate"":0.0001}","{""detection_events"":973,""detectors_checked"":1849344}"
      4096,         0,         0,   0.076,exact_mw,894a5a708293b7bd3951925e43ae0371ba83736430ed1970399611b4deb8498b,"{""distance"":7,""physical_error_rate"":0.0001}","{""detection_events"":1227,""detectors_checked"":2465792}"
     57344,         0,         0,   0.782,exact_mw,3793e887e6c3b4d5eff59c5eb9bbee88cf92e7a28a48243659e8f8373a61c55f,"{""distance"":7,""physical_error_rate"":5e-05}","{""detection_events"":8392,""detectors_checked"":34521088}"
      1664,         0,         0,    6.39,exact_mw,8842ec4fe0f86aba00650008f7f408db45344cfb5a30f76b1f2c0fb50a8d5069,"{""distance"":7,""physical_error_rate"":0.002}","{""detection_events"":9579,""detectors_checked"":1001728}"
   1873920,         0,         0,    22.8,exact_mw,3793e887e6c3b4d5eff59c5eb9bbee88cf92e7a28a48243659e8f8373a61c55f,"{""distance"":7,""physical_error_rate"":5e-05}","{""detection_events"":277070,""detectors_checked"":1128099840}"
         8,         0,         0,   0.222,exact_mw,f4817e2f6bf0dfc41195700a9244a7f66964db0e79ea1302ca6e9f2465062a32,"{""distance"":7,""physical_error_rate"":0.01}","{""detection_events"":200,""detectors_checked"":4816}"
         1,         0,         0,   0.052,exact_mw,fe773c48422346d89ea42b7ea8a90aa3034802874175ef2bfbcd9fbedf677903,"{""distance"":7,""physical_error_rate"":0.001}","{""detectors_checked"":602}"
        16,         0,         0,   0.651,exact_mw,b41993e7ca3a4c05067df83ef8f718f9a600cbd2ba374313e90f16e7f7d75967,"{""distance"":7,""physical_error_rate"":0.02}","{""detection_events"":787,""detectors_checked"":9632}"
      7168,         0,         0,   0.121,exact_mw,894a5a708293b7bd3951925e43ae0371ba83736430ed1970399611b4deb8498b,"{""distance"":7,""physical_error_rate"":0.0001}","{""detection_events"":2180,""detectors_checked"":4315136}"
        16,         0,         0,   0.367,exact_mw,6534c274fb8721060716b040ba5484c43e0fb249b656ad44721a05b8b1f26839,"{""distance"":7,""physical_error_rate"":0.005}","{""detection_events"":278,""detectors_checked"":9632}"
        16,         0,         0,   0.624,exact_mw,b41993e7ca3a4c05067df83ef8f718f9a600cbd2ba374313e90f16e7f7d75967,"{""distance"":7,""physical_error_rate"":0.02}","{""detection_events"":881,""detectors_checked"":9632}"
       512,         0,         0,   0.460,exact_mw,fe773c48422346d89ea42b7ea8a90aa3034802874175ef2bfbcd9fbedf677903,"{""distance"":7,""physical_error_rate"":0.001}","{""detection_events"":1568,""detectors_checked"":308224}"
       256,         0,         0,    1.07,exact_mw,fe773c48422346d89ea42b7ea8a90aa3034802874175ef2bfbcd9fbedf677903,"{""distance"":7,""physical_error_rate"":0.001}","{""detection_events"":626,""detectors_checked"":154112}"
        16,         0,         0,   0.439,exact_mw,f4817e2f6bf0dfc41195700a9244a7f66964db0e79ea1302ca6e9f2465062a32,"{""distance"":7,""physical_error_rate"":0.01}","{""detection_events"":430,""detectors_checked"":9632}"
     11264,         0,         0,   0.143,exact_mw,894a5a708293b7bd3951925e43ae0371ba83736430ed1970399611b4deb8498b,"{""distance"":7,""physical_error_rate"":0.0001}","{""detection_events"":3296,""detectors_checked"":6780928}"
        16,         0,         0,   0.205,exact_mw,6534c274fb8721060716b040ba5484c43e0fb249b656ad44721a05b8b1f26839,"{""distance"":7,""physical_error_rate"":0.005}","{""detection_events"":225,""detectors_checked"":9632}"
      8192,         0,         0,   0.612,exact_mw,894a5a708293b7bd3951925e43ae0371ba83736430ed1970399611b4deb8498b,"{""distance"":7,""physical_error_rate"":0.0001}","{""detection_events"":2409,""detectors_checked"":4931584}"
   1011712,         0,         0,    22.9,exact_mw,a6f040f5268ba168f94c6ccce4ff822b1b844608631bba2e2b8dc7ec85b1e503,"{""distance"":7,""physical_error_rate"":0.0002}","{""detection_events"":599399,""detectors_checked"":609050624}"
        16,         0,         0,   0.342,exact_mw,f4817e2f6bf0dfc41195700a9244a7f66964db0e79ea1302ca6e9f2465062a32,"{""distance"":7,""physical_error_rate"":0.01}","{""detection_events"":449,""detectors_checked"":9632}"
      7168,         0,         0,    1.29,exact_mw,09f626b7d1c8765fd231bc36902f9c5557d3909c4644565b971bdb2bfb186061,"{""distance"":7,""physical_error_rate"":0.0005}","{""detection_events"":10597,""detectors_checked"":4315136}"
         2,         0,         0,   0.521,exact_mw,f4817e2f6bf0dfc41195700a9244a7f66964db0e79ea1302ca6e9f2465062a32,"{""distance"":7,""physical_error_rate"":0.01}","{""detection_events"":73,""detectors_checked"":1204}"
     16384,         0,         0,   0.198,exact_mw,894a5a708293b7bd3951925e43ae0371ba83736430ed1970399611b4deb8498b,"{""distance"":7,""physical_error_rate"":0.0001}","{""detection_events"":4917,""detectors_checked"":9863168}"
   1581056,         0,         0,    22.8,exact_mw,894a5a708293b7bd3951925e43ae0371ba83736430ed1970399611b4deb8498b,"{""distance"":7,""physical_error_rate"":0.0001}","{""detection_events"":472642,""detectors_checked"":951795712}"
       136,         0,         0,   0.464,exact_mw,fe773c48422346d89ea42b7ea8a90aa3034802874175ef2bfbcd9fbedf677903,"{""distance"":7,""physical_error_rate"":0.001}","{""detection_events"":356,""detectors_checked"":81872}"
       512,         0,         0,   0.357,exact_mw,fe773c48422346d89ea42b7ea8a90aa3034802874175ef2bfbcd9fbedf677903,"{""distance"":7,""physical_error_rate"":0.001}","{""detection_events"":1434,""detectors_checked"":308224}"
       256,         0,         0,   0.987,exact_mw,8842ec4fe0f86aba00650008f7f408db45344cfb5a30f76b1f2c0fb50a8d5069,"{""distance"":7,""physical_error_rate"":0.002}","{""detection_events"":1392,""detectors_checked"":154112}"
        16,         0,         0,   0.513,exact_mw,f4817e2f6bf0dfc41195700a9244a7f66964db0e79ea1302ca6e9f2465062a32,"{""distance"":7,""physical_error_rate"":0.01}","{""detection_events"":429,""detectors_checked"":9632}"
        16,         0,         0,   0.643,exact_mw,b41993e7ca3a4c05067df83ef8f718f9a600cbd2ba374313e90f16e7f7d75967,"{""distance"":7,""physical_error_rate"":0.02}","{""detection_events"":896,""detectors_checked"":9632}"
        16,         0,         0,   0.377,exact_mw,f4817e2f6bf0dfc41195700a9244a7f66964db0e79ea1302ca6e9f2465062a32,"{""distance"":7,""physical_error_rate"":0.01}","{""detection_events"":400,""detectors_checked"":9632}"
     21504,         0,         0,   0.291,exact_mw,894a5a708293b7bd3951925e43ae0371ba83736430ed1970399611b4deb8498b,"{""distance"":7,""physical_error_rate"":0.0001}","{""detection_events"":6433,""detectors_checked"":12945408}"
        16,         1,         0,   0.616,exact_mw,b41993e7ca3a4c05067df83ef8f718f9a600cbd2ba374313e90f16e7f7d75967,"{""distance"":7,""physical_error_rate"":0.02}","{""detection_events"":921,""detectors_checked"":9632,""obs_mistake_mask=E"":1}"
     65536,         0,         0,    1.56,exact_mw,a6f040f5268ba168f94c6ccce4ff822b1b844608631bba2e2b8dc7ec85b1e503,"{""distance"":7,""physical_error_rate"":0.0002}","{""detection_events"":39084,""detectors_checked"":39452672}"
        32,         0,         0,   0.491,exact_mw,6534c274fb8721060716b040ba5484c43e0fb249b656ad44721a05b8b1f26839,"{""distance"":7,""physical_error_rate"":0.005}","{""detection_events"":474,""detectors_checked"":19264}"
       512,         0,         0,   0.474,exact_mw,fe773c48422346d89ea42b7ea8a90aa3034802874175ef2bfbcd9fbedf677903,"{""distance"":7,""physical_error_rate"":0.001}","{""detection_events"":1511,""detectors_checked"":308224}"
      7168,         0,         0,    6.51,exact_mw,fe773c48422346d89ea42b7ea8a90aa3034802874175ef2bfbcd9fbedf677903,"{""distance"":7,""physical_error_rate"":0.001}","{""detection_events"":20618,""detectors_checked"":4315136}"
   1122304,         0,         0,    16.3,exact_mw,894a5a708293b7bd3951925e43ae0371ba83736430ed1970399611b4deb8498b,"{""distance"":7,""physical_error_rate"":0.0001}","{""detection_events"":333751,""detectors_checked"":675627008}"
        16,         0,         0,   0.337,exact_mw,f4817e2f6bf0dfc41195700a9244a7f66964db0e79ea1302ca6e9f2465062a32,"{""distance"":7,""physical_error_rate"":0.01}","{""detection_events"":444,""detectors_checked"":9632}"
     90112,         0,         0,    1.11,exact_mw,3793e887e6c3b4d5eff59c5eb9bbee88cf92e7a28a48243659e8f8373a61c55f,"{""distance"":7,""physical_error_rate"":5e-05}","{""detection_events"":13348,""detectors_checked"":54247424}"
       128,         0,         0,   0.623,exact_mw,fe773c48422346d89ea42b7ea8a90aa3034802874175ef2bfbcd9fbedf677903,"{""distance"":7,""physical_error_rate"":0.001}","{""detection_events"":353,""detectors_checked"":77056}"
        16,         0,         0,   0.428,exact_mw,f4817e2f6bf0dfc41195700a9244a7f66964db0e79ea1302ca6e9f2465062a32,"{""distance"":7,""physical_error_rate"":0.01}","{""detection_events"":446,""detectors_checked"":9632}"
     29696,         0,         0,   0.416,exact_mw,894a5a708293b7bd3951925e43ae0371ba83736430ed1970399611b4deb8498b,"{""distance"":7,""physical_error_rate"":0.0001}","{""detection_events"":8825,""detectors_checked"":17876992}"
    162816,         0,         0,    2.18,exact_mw,894a5a708293b7bd3951925e43ae0371ba83736430ed1970399611b4deb8498b,"{""distance"":7,""physical_error_rate"":0.0001}","{""detection_events"":47867,""detectors_checked"":98015232}"
    119808,         0,         0,    1.54,exact_mw,3793e887e6c3b4d5eff59c5eb9bbee88cf92e7a28a48243659e8f8373a61c55f,"{""distance"":7,""physical_error_rate"":5e-05}","{""detection_events"":17809,""detectors_checked"":72124416}"
      9216,         0,         0,   0.869,exact_mw,894a5a708293b7bd3951925e43ae0371ba83736430ed1970399611b4deb8498b,"{""distance"":7,""physical_error_rate"":0.0001}","{""detection_events"":2813,""detectors_checked"":5548032}"
        32,         0,         0,   0.435,exact_mw,6534c274fb8721060716b040ba5484c43e0fb249b656ad44721a05b8b1f26839,"{""distance"":7,""physical_error_rate"":0.005}","{""detection_events"":430,""detectors_checked"":19264}"
       512,         0,         0,   0.369,exact_mw,fe773c48422346d89ea42b7ea8a90aa3034802874175ef2bfbcd9fbedf677903,"{""distance"":7,""physical_error_rate"":0.001}","{""detection_events"":1389,""detectors_checked"":308224}"
        34,         1,         0,   0.940,exact_mw,f4817e2f6bf0dfc41195700a9244a7f66964db0e79ea1302ca6e9f2465062a32,"{""distance"":7,""physical_error_rate"":0.01}","{""detection_events"":865,""detectors_checked"":20468,""obs_mistake_mask=E"":1}"
        16,         0,         0,   0.689,exact_mw,b41993e7ca3a4c05067df83ef8f718f9a600cbd2ba374313e90f16e7f7d75967,"{""distance"":7,""physical_error_rate"":0.02}","{""detection_events"":920,""detectors_checked"":9632}"
     55296,         0,         0,    8.37,exact_mw,09f626b7d1c8765fd231bc36902f9c5557d3909c4644565b971bdb2bfb186061,"{""distance"":7,""physical_error_rate"":0.0005}","{""detection_events"":82328,""detectors_checked"":33288192}"
       256,         0,         0,   0.870,exact_mw,8842ec4fe0f86aba00650008f7f408db45344cfb5a30f76b1f2c0fb50a8d5069,"{""distance"":7,""physical_error_rate"":0.002}","{""detection_events"":1394,""detectors_checked"":154112}"
       256,         0,         0,    1.37,exact_mw,fe773c48422346d89ea42b7ea8a90aa3034802874175ef2bfbcd9fbedf677903,"{""distance"":7,""physical_error_rate"":0.001}","{""detection_events"":770,""detectors_checked"":154112}"
        16,         0,         0,   0.597,exact_mw,f4817e2f6bf0dfc41195700a9244a7f66964db0e79ea1302ca6e9f2465062a32,"{""distance"":7,""physical_error_rate"":0.01}","{""detection_events"":427,""detectors_checked"":9632}"
        16,         0,         0,   0.512,exact_mw,f4817e2f6bf0dfc41195700a9244a7f66964db0e79ea1302ca6e9f2465062a32,"{""distance"":7,""physical_error_rate"":0.01}","{""detection_events"":432,""detectors_checked"":9632}"
        32,         0,         0,   0.446,exact_mw,6534c274fb8721060716b040ba5484c43e0fb249b656ad44721a05b8b1f26839,"{""distance"":7,""physical_error_rate"":0.005}","{""detection_events"":466,""detectors_checked"":19264}"
       608,        10,         0,    17.2,exact_mw,f4817e2f6bf0dfc41195700a9244a7f66964db0e79ea1302ca6e9f2465062a32,"{""distance"":7,""physical_error_rate"":0.01}","{""detection_events"":16507,""detectors_checked"":366016,""obs_mistake_mask=E"":10}"
     41984,         0,         0,   0.567,exact_mw,894a5a708293b7bd3951925e43ae0371ba83736430ed1970399611b4deb8498b,"{""distance"":7,""physical_error_rate"":0.0001}","{""detection_events"":12404,""detectors_checked"":25274368}"
       512,         1,         0,   0.531,exact_mw,fe773c48422346d89ea42b7ea8a90aa3034802874175ef2bfbcd9fbedf677903,"{""distance"":7,""physical_error_rate"":0.001}","{""detection_events"":1530,""detectors_checked"":308224,""obs_mistake_mask=E"":1}"
        32,         2,         0,    1.14,exact_mw,b41993e7ca3a4c05067df83ef8f718f9a600cbd2ba374313e90f16e7f7d75967,"{""distance"":7,""physical_error_rate"":0.02}","{""detection_events"":1687,""detectors_checked"":19264,""obs_mistake_mask=E"":2}"
       128,         0,         0,   0.387,exact_mw,fe773c48422346d89ea42b7ea8a90aa3034802874175ef2bfbcd9fbedf677903,"{""distance"":7,""physical_error_rate"":0.001}","{""detection_events"":367,""detectors_checked"":77056}"
        16,         0,         0,   0.312,exact_mw,f4817e2f6bf0dfc41195700a9244a7f66964db0e79ea1302ca6e9f2465062a32,"{""distance"":7,""physical_error_rate"":0.01}","{""detection_events"":427,""detectors_checked"":9632}"
    606208,         0,         0,    8.32,exact_mw,3793e887e6c3b4d5eff59c5eb9bbee88cf92e7a28a48243659e8f8373a61c55f,"{""distance"":7,""physical_error_rate"":5e-05}","{""detection_events"":90136,""detectors_checked"":364937216}"
     10240,         0,         0,    1.61,exact_mw,09f626b7d1c8765fd231bc36902f9c5557d3909c4644565b971bdb2bfb186061,"{""distance"":7,""physical_error_rate"":0.0005}","{""detection_events"":15238,""detectors_checked"":6164480}"
       128,         0,         0,   0.910,exact_mw,fe773c48422346d89ea42b7ea8a90aa3034802874175ef2bfbcd9fbedf677903,"{""distance"":7,""physical_error_rate"":0.001}","{""detection_events"":341,""detectors_checked"":77056}"
        16,         1,         0,   0.400,exact_mw,f4817e2f6bf0dfc41195700a9244a7f66964db0e79ea1302ca6e9f2465062a32,"{""distance"":7,""physical_error_rate"":0.01}","{""detection_events"":478,""detectors_checked"":9632,""obs_mistake_mask=E"":1}"
    164864,         2,         0,    22.9,exact_mw,09f626b7d1c8765fd231bc36902f9c5557d3909c4644565b971bdb2bfb186061,"{""distance"":7,""physical_error_rate"":0.0005}","{""detection_events"":242464,""detectors_checked"":99248128,""obs_mistake_mask=E"":2}"
       448,         0,         0,    6.79,exact_mw,6534c274fb8721060716b040ba5484c43e0fb249b656ad44721a05b8b1f26839,"{""distance"":7,""physical_error_rate"":0.005}","{""detection_events"":6285,""detectors_checked"":269696}"
        32,         0,         0,   0.509,exact_mw,6534c274fb8721060716b040ba5484c43e0fb249b656ad44721a05b8b1f26839,"{""distance"":7,""physical_error_rate"":0.005}","{""detection_events"":485,""detectors_checked"":19264}"
        16,         2,         0,   0.834,exact_mw,b41993e7ca3a4c05067df83ef8f718f9a600cbd2ba374313e90f16e7f7d75967,"{""distance"":7,""physical_error_rate"":0.02}","{""detection_events"":776,""detectors_checked"":9632,""obs_mistake_mask=E"":2}"
        32,         0,         0,   0.983,exact_mw,f4817e2f6bf0dfc41195700a9244a7f66964db0e79ea1302ca6e9f2465062a32,"{""distance"":7,""physical_error_rate"":0.01}","{""detection_events"":885,""detectors_checked"":19264}"
     15360,         0,         0,    1.15,exact_mw,894a5a708293b7bd3951925e43ae0371ba83736430ed1970399611b4deb8498b,"{""distance"":7,""physical_error_rate"":0.0001}","{""detection_events"":4546,""detectors_checked"":9246720}"
       256,         1,         0,   0.921,exact_mw,8842ec4fe0f86aba00650008f7f408db45344cfb5a30f76b1f2c0fb50a8d5069,"{""distance"":7,""physical_error_rate"":0.002}","{""detection_events"":1410,""detectors_checked"":154112,""obs_mistake_mask=E"":1}"
        16,         1,         0,   0.434,exact_mw,f4817e2f6bf0dfc41195700a9244a7f66964db0e79ea1302ca6e9f2465062a32,"{""distance"":7,""physical_error_rate"":0.01}","{""detection_events"":427,""detectors_checked"":9632,""obs_mistake_mask=E"":1}"
       512,         0,         0,   0.568,exact_mw,fe773c48422346d89ea42b7ea8a90aa3034802874175ef2bfbcd9fbedf677903,"{""distance"":7,""physical_error_rate"":0.001}","{""detection_events"":1606,""detectors_checked"":308224}"
        16,         1,         0,   0.405,exact_mw,f4817e2f6bf0dfc41195700a9244a7f66964db0e79ea1302ca6e9f2465062a32,"{""distance"":7,""physical_error_rate"":0.01}","{""detection_events"":404,""detectors_checked"":9632,""obs_mistake_mask=E"":1}"
     54272,         0,         0,   0.795,exact_mw,894a5a708293b7bd3951925e43ae0371ba83736430ed1970399611b4deb8498b,"{""distance"":7,""physical_error_rate"":0.0001}","{""detection_events"":16183,""detectors_checked"":32671744}"
       128,         0,         0,   0.625,exact_mw,fe773c48422346d89ea42b7ea8a90aa3034802874175ef2bfbcd9fbedf677903,"{""distance"":7,""physical_error_rate"":0.001}","{""detection_events"":419,""detectors_checked"":77056}"
    112640,         0,         0,    1.52,exact_mw,3793e887e6c3b4d5eff59c5eb9bbee88cf92e7a28a48243659e8f8373a61c55f,"{""distance"":7,""physical_error_rate"":5e-05}","{""detection_events"":16559,""detectors_checked"":67809280}"
     86016,         0,         0,    8.29,exact_mw,894a5a708293b7bd3951925e43ae0371ba83736430ed1970399611b4deb8498b,"{""distance"":7,""physical_error_rate"":0.0001}","{""detection_events"":25447,""detectors_checked"":51781632}"
        32,         0,         0,   0.484,exact_mw,6534c274fb8721060716b040ba5484c43e0fb249b656ad44721a05b8b1f26839,"{""distance"":7,""physical_error_rate"":0.005}","{""detection_events"":463,""detectors_checked"":19264}"
       128,         0,         0,   0.721,exact_mw,fe773c48422346d89ea42b7ea8a90aa3034802874175ef2bfbcd9fbedf677903,"{""distance"":7,""physical_error_rate"":0.001}","{""detection_events"":424,""detectors_checked"":77056}"
       512,         0,         0,   0.431,exact_mw,fe773c48422346d89ea42b7ea8a90aa3034802874175ef2bfbcd9fbedf677903,"{""distance"":7,""physical_error_rate"":0.001}","{""detection_events"":1474,""detectors_checked"":308224}"
     88064,         0,         0,    2.16,exact_mw,a6f040f5268ba168f94c6ccce4ff822b1b844608631bba2e2b8dc7ec85b1e503,"{""distance"":7,""physical_error_rate"":0.0002}","{""detection_events"":51681,""detectors_checked"":53014528}"
       128,         0,         0,   0.435,exact_mw,fe773c48422346d89ea42b7ea8a90aa3034802874175ef2bfbcd9fbedf677903,"{""distance"":7,""physical_error_rate"":0.001}","{""detection_events"":369,""detectors_checked"":77056}"
       128,         0,         0,   0.290,exact_mw,fe773c48422346d89ea42b7ea8a90aa3034802874175ef2bfbcd9fbedf677903,"{""distance"":7,""physical_error_rate"":0.001}","{""detection_events"":429,""detectors_checked"":77056}"
        16,         0,         0,   0.562,exact_mw,f4817e2f6bf0dfc41195700a9244a7f66964db0e79ea1302ca6e9f2465062a32,"{""distance"":7,""physical_error_rate"":0.01}","{""detection_events"":432,""detectors_checked"":9632}"
        32,         0,         0,   0.391,exact_mw,6534c274fb8721060716b040ba5484c43e0fb249b656ad44721a05b8b1f26839,"{""distance"":7,""physical_error_rate"":0.005}","{""detection_events"":373,""detectors_checked"":19264}"
        32,         0,         0,    1.21,exact_mw,b41993e7ca3a4c05067df83ef8f718f9a600cbd2ba374313e90f16e7f7d75967,"{""distance"":7,""physical_error_rate"":0.02}","{""detection_events"":1659,""detectors_checked"":19264}"
        16,         0,         0,   0.911,exact_mw,b41993e7ca3a4c05067df83ef8f718f9a600cbd2ba374313e90f16e7f7d75967,"{""distance"":7,""physical_error_rate"":0.02}","{""detection_events"":795,""detectors_checked"":9632}"
       512,         0,         0,   0.414,exact_mw,fe773c48422346d89ea42b7ea8a90aa3034802874175ef2bfbcd9fbedf677903,"{""distance"":7,""physical_error_rate"":0.001}","{""detection_events"":1512,""detectors_checked"":308224}"
        32,         1,         0,   0.979,exact_mw,f4817e2f6bf0dfc41195700a9244a7f66964db0e79ea1302ca6e9f2465062a32,"{""distance"":7,""physical_error_rate"":0.01}","{""detection_events"":894,""detectors_checked"":19264,""obs_mistake_mask=E"":1}"
    164864,         0,         0,    2.12,exact_mw,3793e887e6c3b4d5eff59c5eb9bbee88cf92e7a28a48243659e8f8373a61c55f,"{""distance"":7,""physical_error_rate"":5e-05}","{""detection_events"":24416,""detectors_checked"":99248128}"
        32,         0,         0,    1.05,exact_mw,f4817e2f6bf0dfc41195700a9244a7f66964db0e79ea1302ca6e9f2465062a32,"{""distance"":7,""physical_error_rate"":0.01}","{""detection_events"":898,""detectors_checked"":19264}"
        16,         0,         0,   0.341,exact_mw,f4817e2f6bf0dfc41195700a9244a7f66964db0e79ea1302ca6e9f2465062a32,"{""distance"":7,""physical_error_rate"":0.01}","{""detection_events"":464,""detectors_checked"":9632}"
        32,         0,         0,   0.492,exact_mw,6534c274fb8721060716b040ba5484c43e0fb249b656ad44721a05b8b1f26839,"{""distance"":7,""physical_error_rate"":0.005}","{""detection_events"":470,""detectors_checked"":19264}"
       128,         0,         0,   0.624,exact_mw,fe773c48422346d89ea42b7ea8a90aa3034802874175ef2bfbcd9fbedf677903,"{""distance"":7,""physical_error_rate"":0.001}","{""detection_events"":410,""detectors_checked"":77056}"
     81920,         0,         0,    1.11,exact_mw,894a5a708293b7bd3951925e43ae0371ba83736430ed1970399611b4deb8498b,"{""distance"":7,""physical_error_rate"":0.0001}","{""detection_events"":24619,""detectors_checked"":49315840}"
       256,         0,         0,    1.34,exact_mw,8842ec4fe0f86aba00650008f7f408db45344cfb5a30f76b1f2c0fb50a8d5069,"{""distance"":7,""physical_error_rate"":0.002}","{""detection_events"":1429,""detectors_checked"":154112}"
        16,         0,         0,   0.359,exact_mw,f4817e2f6bf0dfc41195700a9244a7f66964db0e79ea1302ca6e9f2465062a32,"{""distance"":7,""physical_error_rate"":0.01}","{""detection_events"":383,""detectors_checked"":9632}"
       256,         0,         0,   0.882,exact_mw,fe773c48422346d89ea42b7ea8a90aa3034802874175ef2bfbcd9fbedf677903,"{""distance"":7,""physical_error_rate"":0.001}","{""detection_events"":740,""detectors_checked"":154112}"
     18432,         0,         0,    1.59,exact_mw,894a5a708293b7bd3951925e43ae0371ba83736430ed1970399611b4deb8498b,"{""distance"":7,""physical_error_rate"":0.0001}","{""detection_events"":5186,""detectors_checked"":11096064}"
        16,         1,         0,   0.915,exact_mw,b41993e7ca3a4c05067df83ef8f718f9a600cbd2ba374313e90f16e7f7d75967,"{""distance"":7,""physical_error_rate"":0.02}","{""detection_events"":828,""detectors_checked"":9632,""obs_mistake_mask=E"":1}"
        32,         0,         0,   0.480,exact_mw,6534c274fb8721060716b040ba5484c43e0fb249b656ad44721a05b8b1f26839,"{""distance"":7,""physical_error_rate"":0.005}","{""detection_events"":418,""detectors_checked"":19264}"
       128,         0,         0,   0.346,exact_mw,8842ec4fe0f86aba00650008f7f408db45344cfb5a30f76b1f2c0fb50a8d5069,"{""distance"":7,""physical_error_rate"":0.002}","{""detection_events"":737,""detectors_checked"":77056}"
      1024,         0,         0,   0.841,exact_mw,fe773c48422346d89ea42b7ea8a90aa3034802874175ef2bfbcd9fbedf677903,"{""distance"":7,""physical_error_rate"":0.001}","{""detection_events"":3010,""detectors_checked"":616448}"
        32,         0,         0,   0.823,exact_mw,f4817e2f6bf0dfc41195700a9244a7f66964db0e79ea1302ca6e9f2465062a32,"{""distance"":7,""physical_error_rate"":0.01}","{""detection_events"":906,""detectors_checked"":19264}"
    224256,         0,         0,    3.03,exact_mw,894a5a708293b7bd3951925e43ae0371ba83736430ed1970399611b4deb8498b,"{""distance"":7,""physical_error_rate"":0.0001}","{""detection_events"":66565,""detectors_checked"":135002112}"
     14336,         0,         0,    2.23,exact_mw,09f626b7d1c8765fd231bc36902f9c5557d3909c4644565b971bdb2bfb186061,"{""distance"":7,""physical_error_rate"":0.0005}","{""detection_events"":21191,""detectors_checked"":8630272}"
       128,         0,         0,   0.716,exact_mw,fe773c48422346d89ea42b7ea8a90aa3034802874175ef2bfbcd9fbedf677903,"{""distance"":7,""physical_error_rate"":0.001}","{""detection_events"":353,""detectors_checked"":77056}"
        16,         3,         0,   0.583,exact_mw,f4817e2f6bf0dfc41195700a9244a7f66964db0e79ea1302ca6e9f2465062a32,"{""distance"":7,""physical_error_rate"":0.01}","{""detection_events"":427,""detectors_checked"":9632,""obs_mistake_mask=E"":3}"
       128,         0,         0,   0.488,exact_mw,8842ec4fe0f86aba00650008f7f408db45344cfb5a30f76b1f2c0fb50a8d5069,"{""distance"":7,""physical_error_rate"":0.002}","{""detection_events"":714,""detectors_checked"":77056}"
        48,         1,         0,    1.23,exact_mw,f4817e2f6bf0dfc41195700a9244a7f66964db0e79ea1302ca6e9f2465062a32,"{""distance"":7,""physical_error_rate"":0.01}","{""detection_events"":1300,""detectors_checked"":28896,""obs_mistake_mask=E"":1}"
        32,         0,         0,   0.697,exact_mw,6534c274fb8721060716b040ba5484c43e0fb249b656ad44721a05b8b1f26839,"{""distance"":7,""physical_error_rate"":0.005}","{""detection_events"":478,""detectors_checked"":19264}"
        48,         0,         0,    1.71,exact_mw,b41993e7ca3a4c05067df83ef8f718f9a600cbd2ba374313e90f16e7f7d75967,"{""distance"":7,""physical_error_rate"":0.02}","{""detection_events"":2506,""detectors_checked"":28896}"
    163840,         0,         0,    2.22,exact_mw,3793e887e6c3b4d5eff59c5eb9bbee88cf92e7a28a48243659e8f8373a61c55f,"{""distance"":7,""physical_error_rate"":5e-05}","{""detection_events"":24342,""detectors_checked"":98631680}"
        16,         0,         0,   0.611,exact_mw,f4817e2f6bf0dfc41195700a9244a7f66964db0e79ea1302ca6e9f2465062a32,"{""distance"":7,""physical_error_rate"":0.01}","{""detection_events"":438,""detectors_checked"":9632}"
       128,         0,         0,   0.556,exact_mw,8842ec4fe0f86aba00650008f7f408db45344cfb5a30f76b1f2c0fb50a8d5069,"{""distance"":7,""physical_error_rate"":0.002}","{""detection_events"":706,""detectors_checked"":77056}"
    106496,         0,         0,    1.54,exact_mw,894a5a708293b7bd3951925e43ae0371ba83736430ed1970399611b4deb8498b,"{""distance"":7,""physical_error_rate"":0.0001}","{""detection_events"":31330,""detectors_checked"":64110592}"
        32,         3,         0,    1.18,exact_mw,b41993e7ca3a4c05067df83ef8f718f9a600cbd2ba374313e90f16e7f7d75967,"{""distance"":7,""physical_error_rate"":0.02}","{""detection_events"":1736,""detectors_checked"":19264,""obs_mistake_mask=E"":3}"
      1536,         0,         0,    1.05,exact_mw,fe773c48422346d89ea42b7ea8a90aa3034802874175ef2bfbcd9fbedf677903,"{""distance"":7,""physical_error_rate"":0.001}","{""detection_events"":4594,""detectors_checked"":924672}"
       128,         0,         0,   0.915,exact_mw,fe773c48422346d89ea42b7ea8a90aa3034802874175ef2bfbcd9fbedf677903,"{""distance"":7,""physical_error_rate"":0.001}","{""detection_events"":428,""detectors_checked"":77056}"
       256,         0,         0,    1.32,exact_mw,fe773c48422346d89ea42b7ea8a90aa3034802874175ef2bfbcd9fbedf677903,"{""distance"":7,""physical_error_rate"":0.001}","{""detection_events"":719,""detectors_checked"":154112}"
        32,         0,         0,    1.05,exact_mw,f4817e2f6bf0dfc41195700a9244a7f66964db0e79ea1302ca6e9f2465062a32,"{""distance"":7,""physical_error_rate"":0.01}","{""detection_events"":863,""detectors_checked"":19264}"
   1826816,         0,         0,    22.8,exact_mw,3793e887e6c3b4d5eff59c5eb9bbee88cf92e7a28a48243659e8f8373a61c55f,"{""distance"":7,""physical_error_rate"":5e-05}","{""detection_events"":272961,""detectors_checked"":1099743232}"
        32,         0,         0,   0.574,exact_mw,6534c274fb8721060716b040ba5484c43e0fb249b656ad44721a05b8b1f26839,"{""distance"":7,""physical_error_rate"":0.005}","{""detection_events"":461,""detectors_checked"":19264}"
    154624,         0,         0,    23.0,exact_mw,a6f040f5268ba168f94c6ccce4ff822b1b844608631bba2e2b8dc7ec85b1e503,"{""distance"":7,""physical_error_rate"":0.0002}","{""detection_events"":92042,""detectors_checked"":93083648}"
        56,         0,         0,    6.13,exact_mw,6534c274fb8721060716b040ba5484c43e0fb249b656ad44721a05b8b1f26839,"{""distance"":7,""physical_error_rate"":0.005}","{""detection_events"":916,""detectors_checked"":33712}"
        48,         0,         0,    1.19,exact_mw,f4817e2f6bf0dfc41195700a9244a7f66964db0e79ea1302ca6e9f2465062a32,"{""distance"":7,""physical_error_rate"":0.01}","{""detection_events"":1299,""detectors_checked"":28896}"
        32,         0,         0,   0.942,exact_mw,f4817e2f6bf0dfc41195700a9244a7f66964db0e79ea1302ca6e9f2465062a32,"{""distance"":7,""physical_error_rate"":0.01}","{""detection_events"":902,""detectors_checked"":19264}"
        32,         0,         0,   0.766,exact_mw,f4817e2f6bf0dfc41195700a9244a7f66964db0e79ea1302ca6e9f2465062a32,"{""distance"":7,""physical_error_rate"":0.01}","{""detection_events"":847,""detectors_checked"":19264}"
    124928,         0,         0,    3.08,exact_mw,a6f040f5268ba168f94c6ccce4ff822b1b844608631bba2e2b8dc7ec85b1e503,"{""distance"":7,""physical_error_rate"":0.0002}","{""detection_events"":73058,""detectors_checked"":75206656}"
       128,         0,         0,   0.784,exact_mw,fe773c48422346d89ea42b7ea8a90aa3034802874175ef2bfbcd9fbedf677903,"{""distance"":7,""physical_error_rate"":0.001}","{""detection_events"":461,""detectors_checked"":77056}"
       256,         0,         0,    1.03,exact_mw,8842ec4fe0f86aba00650008f7f408db45344cfb5a30f76b1f2c0fb50a8d5069,"{""distance"":7,""physical_error_rate"":0.002}","{""detection_events"":1454,""detectors_checked"":154112}"
    994304,         0,         0,    22.8,exact_mw,a6f040f5268ba168f94c6ccce4ff822b1b844608631bba2e2b8dc7ec85b1e503,"{""distance"":7,""physical_error_rate"":0.0002}","{""detection_events"":589307,""detectors_checked"":598571008}"
     25600,         0,         0,    2.23,exact_mw,894a5a708293b7bd3951925e43ae0371ba83736430ed1970399611b4deb8498b,"{""distance"":7,""physical_error_rate"":0.0001}","{""detection_events"":7570,""detectors_checked"":15411200}"
       128,         0,         0,    1.05,exact_mw,fe773c48422346d89ea42b7ea8a90aa3034802874175ef2bfbcd9fbedf677903,"{""distance"":7,""physical_error_rate"":0.001}","{""detection_events"":359,""detectors_checked"":77056}"
   1746944,         0,         0,    22.8,exact_mw,3793e887e6c3b4d5eff59c5eb9bbee88cf92e7a28a48243659e8f8373a61c55f,"{""distance"":7,""physical_error_rate"":5e-05}","{""detection_events"":258849,""detectors_checked"":1051660288}"
   1656832,         0,         0,    22.8,exact_mw,894a5a708293b7bd3951925e43ae0371ba83736430ed1970399611b4deb8498b,"{""distance"":7,""physical_error_rate"":0.0001}","{""detection_events"":491419,""detectors_checked"":997412864}"
        64,         0,         0,    1.05,exact_mw,6534c274fb8721060716b040ba5484c43e0fb249b656ad44721a05b8b1f26839,"{""distance"":7,""physical_error_rate"":0.005}","{""detection_events"":1035,""detectors_checked"":38528}"
    240640,         0,         0,    3.04,exact_mw,3793e887e6c3b4d5eff59c5eb9bbee88cf92e7a28a48243659e8f8373a61c55f,"{""distance"":7,""physical_error_rate"":5e-05}","{""detection_events"":35643,""detectors_checked"":144865280}"
        36,         3,         0,    8.73,exact_mw,b41993e7ca3a4c05067df83ef8f718f9a600cbd2ba374313e90f16e7f7d75967,"{""distance"":7,""physical_error_rate"":0.02}","{""detection_events"":2019,""detectors_checked"":21672,""obs_mistake_mask=E"":3}"
        48,         2,         0,    1.75,exact_mw,b41993e7ca3a4c05067df83ef8f718f9a600cbd2ba374313e90f16e7f7d75967,"{""distance"":7,""physical_error_rate"":0.02}","{""detection_events"":2481,""detectors_checked"":28896,""obs_mistake_mask=E"":2}"
      2048,         0,         0,    1.56,exact_mw,fe773c48422346d89ea42b7ea8a90aa3034802874175ef2bfbcd9fbedf677903,"{""distance"":7,""physical_error_rate"":0.001}","{""detection_events"":6073,""detectors_checked"":1232896}"
     27648,         1,         0,    23.8,exact_mw,fe773c48422346d89ea42b7ea8a90aa3034802874175ef2bfbcd9fbedf677903,"{""distance"":7,""physical_error_rate"":0.001}","{""detection_events"":82006,""detectors_checked"":16644096,""obs_mistake_mask=E"":1}"
       832,        11,         0,    23.5,exact_mw,f4817e2f6bf0dfc41195700a9244a7f66964db0e79ea1302ca6e9f2465062a32,"{""distance"":7,""physical_error_rate"":0.01}","{""detection_events"":23406,""detectors_checked"":500864,""obs_mistake_mask=E"":11}"
        32,         0,         0,   0.884,exact_mw,f4817e2f6bf0dfc41195700a9244a7f66964db0e79ea1302ca6e9f2465062a32,"{""distance"":7,""physical_error_rate"":0.01}","{""detection_events"":953,""detectors_checked"":19264}"
        48,         2,         0,    1.72,exact_mw,b41993e7ca3a4c05067df83ef8f718f9a600cbd2ba374313e90f16e7f7d75967,"{""distance"":7,""physical_error_rate"":0.02}","{""detection_events"":2560,""detectors_checked"":28896,""obs_mistake_mask=E"":2}"
    268288,         0,         0,    22.7,exact_mw,3793e887e6c3b4d5eff59c5eb9bbee88cf92e7a28a48243659e8f8373a61c55f,"{""distance"":7,""physical_error_rate"":5e-05}","{""detection_events"":39615,""detectors_checked"":161509376}"
       128,         0,         0,    1.18,exact_mw,fe773c48422346d89ea42b7ea8a90aa3034802874175ef2bfbcd9fbedf677903,"{""distance"":7,""physical_error_rate"":0.001}","{""detection_events"":425,""detectors_checked"":77056}"
        64,         0,         0,    1.44,exact_mw,f4817e2f6bf0dfc41195700a9244a7f66964db0e79ea1302ca6e9f2465062a32,"{""distance"":7,""physical_error_rate"":0.01}","{""detection_events"":1636,""detectors_checked"":38528}"
       128,         0,         0,    1.04,exact_mw,fe773c48422346d89ea42b7ea8a90aa3034802874175ef2bfbcd9fbedf677903,"{""distance"":7,""physical_error_rate"":0.001}","{""detection_events"":372,""detectors_checked"":77056}"
     20480,         0,         0,    3.08,exact_mw,09f626b7d1c8765fd231bc36902f9c5557d3909c4644565b971bdb2bfb186061,"{""distance"":7,""physical_error_rate"":0.0005}","{""detection_events"":30931,""detectors_checked"":12328960}"
    141312,         0,         0,    2.17,exact_mw,894a5a708293b7bd3951925e43ae0371ba83736430ed1970399611b4deb8498b,"{""distance"":7,""physical_error_rate"":0.0001}","{""detection_events"":41762,""detectors_checked"":85069824}"
       256,         0,         0,    1.25,exact_mw,8842ec4fe0f86aba00650008f7f408db45344cfb5a30f76b1f2c0fb50a8d5069,"{""distance"":7,""physical_error_rate"":0.002}","{""detection_events"":1488,""detectors_checked"":154112}"
        64,         1,         0,    1.66,exact_mw,f4817e2f6bf0dfc41195700a9244a7f66964db0e79ea1302ca6e9f2465062a32,"{""distance"":7,""physical_error_rate"":0.01}","{""detection_events"":1801,""detectors_checked"":38528,""obs_mistake_mask=E"":1}"
    132096,         0,         0,    23.2,exact_mw,09f626b7d1c8765fd231bc36902f9c5557d3909c4644565b971bdb2bfb186061,"{""distance"":7,""physical_error_rate"":0.0005}","{""detection_events"":195987,""detectors_checked"":79521792}"
    157696,         0,         0,    23.0,exact_mw,09f626b7d1c8765fd231bc36902f9c5557d3909c4644565b971bdb2bfb186061,"{""distance"":7,""physical_error_rate"":0.0005}","{""detection_events"":233682,""detectors_checked"":94932992}"
        96,         0,         0,    1.50,exact_mw,6534c274fb8721060716b040ba5484c43e0fb249b656ad44721a05b8b1f26839,"{""distance"":7,""physical_error_rate"":0.005}","{""detection_events"":1460,""detectors_checked"":57792}"
     35840,         0,         0,    3.03,exact_mw,3793e887e6c3b4d5eff59c5eb9bbee88cf92e7a28a48243659e8f8373a61c55f,"{""distance"":7,""physical_error_rate"":5e-05}","{""detection_events"":5114,""detectors_checked"":21575680}"
       128,         0,         0,   0.752,exact_mw,fe773c48422346d89ea42b7ea8a90aa3034802874175ef2bfbcd9fbedf677903,"{""distance"":7,""physical_error_rate"":0.001}","{""detection_events"":416,""detectors_checked"":77056}"
       128,         0,         0,   0.893,exact_mw,fe773c48422346d89ea42b7ea8a90aa3034802874175ef2bfbcd9fbedf677903,"{""distance"":7,""physical_error_rate"":0.001}","{""detection_events"":424,""detectors_checked"":77056}"
    692224,         0,         0,    16.3,exact_mw,a6f040f5268ba168f94c6ccce4ff822b1b844608631bba2e2b8dc7ec85b1e503,"{""distance"":7,""physical_error_rate"":0.0002}","{""detection_events"":407706,""detectors_checked"":416718848}"
      5888,         2,         0,    23.5,exact_mw,8842ec4fe0f86aba00650008f7f408db45344cfb5a30f76b1f2c0fb50a8d5069,"{""distance"":7,""physical_error_rate"":0.002}","{""detection_events"":34794,""detectors_checked"":3544576,""obs_mistake_mask=E"":2}"
    149504,         0,         0,    23.1,exact_mw,09f626b7d1c8765fd231bc36902f9c5557d3909c4644565b971bdb2bfb186061,"{""distance"":7,""physical_error_rate"":0.0005}","{""detection_events"":220696,""detectors_checked"":90001408}"
       320,         3,         0,    8.69,exact_mw,f4817e2f6bf0dfc41195700a9244a7f66964db0e79ea1302ca6e9f2465062a32,"{""distance"":7,""physical_error_rate"":0.01}","{""detection_events"":9233,""detectors_checked"":192640,""obs_mistake_mask=E"":3}"
      2048,         0,         0,    8.41,exact_mw,8842ec4fe0f86aba00650008f7f408db45344cfb5a30f76b1f2c0fb50a8d5069,"{""distance"":7,""physical_error_rate"":0.002}","{""detection_events"":11893,""detectors_checked"":1232896}"
    310272,         0,         0,    4.24,exact_mw,894a5a708293b7bd3951925e43ae0371ba83736430ed1970399611b4deb8498b,"{""distance"":7,""physical_error_rate"":0.0001}","{""detection_events"":92554,""detectors_checked"":186783744}"
        64,         0,         0,    1.69,exact_mw,f4817e2f6bf0dfc41195700a9244a7f66964db0e79ea1302ca6e9f2465062a32,"{""distance"":7,""physical_error_rate"":0.01}","{""detection_events"":1688,""detectors_checked"":38528}"
     79872,         1,         0,    23.4,exact_mw,09f626b7d1c8765fd231bc36902f9c5557d3909c4644565b971bdb2bfb186061,"{""distance"":7,""physical_error_rate"":0.0005}","{""detection_events"":117823,""detectors_checked"":48082944,""obs_mistake_mask=E"":1}"
       624,        31,         0,    23.2,exact_mw,b41993e7ca3a4c05067df83ef8f718f9a600cbd2ba374313e90f16e7f7d75967,"{""distance"":7,""physical_error_rate"":0.02}","{""detection_events"":32573,""detectors_checked"":375648,""obs_mistake_mask=E"":31}"
      1504,         1,         0,    23.7,exact_mw,6534c274fb8721060716b040ba5484c43e0fb249b656ad44721a05b8b1f26839,"{""distance"":7,""physical_error_rate"":0.005}","{""detection_events"":21595,""detectors_checked"":905408,""obs_mistake_mask=E"":1}"
        64,         4,         0,    2.30,exact_mw,b41993e7ca3a4c05067df83ef8f718f9a600cbd2ba374313e90f16e7f7d75967,"{""distance"":7,""physical_error_rate"":0.02}","{""detection_events"":3242,""detectors_checked"":38528,""obs_mistake_mask=E"":4}"
       928,         7,         0,    23.6,exact_mw,f4817e2f6bf0dfc41195700a9244a7f66964db0e79ea1302ca6e9f2465062a32,"{""distance"":7,""physical_error_rate"":0.01}","{""detection_events"":25440,""detectors_checked"":558656,""obs_mistake_mask=E"":7}"
      3072,         0,         0,    2.29,exact_mw,fe773c48422346d89ea42b7ea8a90aa3034802874175ef2bfbcd9fbedf677903,"{""distance"":7,""physical_error_rate"":0.001}","{""detection_events"":8959,""detectors_checked"":1849344}"
       608,        21,         0,    23.5,exact_mw,b41993e7ca3a4c05067df83ef8f718f9a600cbd2ba374313e90f16e7f7d75967,"{""distance"":7,""physical_error_rate"":0.02}","{""detection_events"":31877,""detectors_checked"":366016,""obs_mistake_mask=E"":21}"
       384,         0,         0,    1.80,exact_mw,8842ec4fe0f86aba00650008f7f408db45344cfb5a30f76b1f2c0fb50a8d5069,"{""distance"":7,""physical_error_rate"":0.002}","{""detection_events"":2259,""detectors_checked"":231168}"
        64,         3,         0,    2.32,exact_mw,b41993e7ca3a4c05067df83ef8f718f9a600cbd2ba374313e90f16e7f7d75967,"{""distance"":7,""physical_error_rate"":0.02}","{""detection_events"":3183,""detectors_checked"":38528,""obs_mistake_mask=E"":3}"
       128,         0,         0,    1.18,exact_mw,fe773c48422346d89ea42b7ea8a90aa3034802874175ef2bfbcd9fbedf677903,"{""distance"":7,""physical_error_rate"":0.001}","{""detection_events"":377,""detectors_checked"":77056}"
     33792,         0,         0,    3.08,exact_mw,894a5a708293b7bd3951925e43ae0371ba83736430ed1970399611b4deb8498b,"{""distance"":7,""physical_error_rate"":0.0001}","{""detection_events"":9922,""detectors_checked"":20342784}"
       672,        29,         0,    24.0,exact_mw,b41993e7ca3a4c05067df83ef8f718f9a600cbd2ba374313e90f16e7f7d75967,"{""distance"":7,""physical_error_rate"":0.02}","{""detection_events"":35143,""detectors_checked"":404544,""obs_mistake_mask=E"":29}"
      5632,         0,         0,    23.2,exact_mw,8842ec4fe0f86aba00650008f7f408db45344cfb5a30f76b1f2c0fb50a8d5069,"{""distance"":7,""physical_error_rate"":0.002}","{""detection_events"":33164,""detectors_checked"":3390464}"
        96,         0,         0,    1.58,exact_mw,6534c274fb8721060716b040ba5484c43e0fb249b656ad44721a05b8b1f26839,"{""distance"":7,""physical_error_rate"":0.005}","{""detection_events"":1339,""detectors_checked"":57792}"
      1440,         4,         0,    23.0,exact_mw,6534c274fb8721060716b040ba5484c43e0fb249b656ad44721a05b8b1f26839,"{""distance"":7,""physical_error_rate"":0.005}","{""detection_events"":20812,""detectors_checked"":866880,""obs_mistake_mask=E"":4}"
     10240,         1,         0,    8.55,exact_mw,fe773c48422346d89ea42b7ea8a90aa3034802874175ef2bfbcd9fbedf677903,"{""distance"":7,""physical_error_rate"":0.001}","{""detection_events"":29925,""detectors_checked"":6164480,""obs_mistake_mask=E"":1}"
       256,         0,         0,    1.51,exact_mw,fe773c48422346d89ea42b7ea8a90aa3034802874175ef2bfbcd9fbedf677903,"{""distance"":7,""physical_error_rate"":0.001}","{""detection_events"":770,""detectors_checked"":154112}"
        96,         2,         0,    2.30,exact_mw,f4817e2f6bf0dfc41195700a9244a7f66964db0e79ea1302ca6e9f2465062a32,"{""distance"":7,""physical_error_rate"":0.01}","{""detection_events"":2621,""detectors_checked"":57792,""obs_mistake_mask=E"":2}"
        80,         1,         0,    2.34,exact_mw,f4817e2f6bf0dfc41195700a9244a7f66964db0e79ea1302ca6e9f2465062a32,"{""distance"":7,""physical_error_rate"":0.01}","{""detection_events"":2289,""detectors_checked"":48160,""obs_mistake_mask=E"":1}"
       128,         0,         0,   0.894,exact_mw,fe773c48422346d89ea42b7ea8a90aa3034802874175ef2bfbcd9fbedf677903,"{""distance"":7,""physical_error_rate"":0.001}","{""detection_events"":406,""detectors_checked"":77056}"
    178176,         0,         0,    4.26,exact_mw,a6f040f5268ba168f94c6ccce4ff822b1b844608631bba2e2b8dc7ec85b1e503,"{""distance"":7,""physical_error_rate"":0.0002}","{""detection_events"":105473,""detectors_checked"":107261952}"
    221184,         0,         0,    3.00,exact_mw,894a5a708293b7bd3951925e43ae0371ba83736430ed1970399611b4deb8498b,"{""distance"":7,""physical_error_rate"":0.0001}","{""detection_events"":65536,""detectors_checked"":133152768}"
       576,         0,         0,    8.48,exact_mw,6534c274fb8721060716b040ba5484c43e0fb249b656ad44721a05b8b1f26839,"{""distance"":7,""physical_error_rate"":0.005}","{""detection_events"":8120,""detectors_checked"":346752}"
    348160,         0,         0,    4.23,exact_mw,3793e887e6c3b4d5eff59c5eb9bbee88cf92e7a28a48243659e8f8373a61c55f,"{""distance"":7,""physical_error_rate"":5e-05}","{""detection_events"":51679,""detectors_checked"":209592320}"
       256,         0,         0,    1.18,exact_mw,fe773c48422346d89ea42b7ea8a90aa3034802874175ef2bfbcd9fbedf677903,"{""distance"":7,""physical_error_rate"":0.001}","{""detection_events"":667,""detectors_checked"":154112}"
     27648,         0,         0,    23.3,exact_mw,fe773c48422346d89ea42b7ea8a90aa3034802874175ef2bfbcd9fbedf677903,"{""distance"":7,""physical_error_rate"":0.001}","{""detection_events"":81609,""detectors_checked"":16644096}"
        96,         0,         0,    2.30,exact_mw,f4817e2f6bf0dfc41195700a9244a7f66964db0e79ea1302ca6e9f2465062a32,"{""distance"":7,""physical_error_rate"":0.01}","{""detection_events"":2562,""detectors_checked"":57792}"
       128,         3,         0,    23.6,exact_mw,f4817e2f6bf0dfc41195700a9244a7f66964db0e79ea1302ca6e9f2465062a32,"{""distance"":7,""physical_error_rate"":0.01}","{""detection_events"":3402,""detectors_checked"":77056,""obs_mistake_mask=E"":3}"
      3072,         0,         0,    2.32,exact_mw,fe773c48422346d89ea42b7ea8a90aa3034802874175ef2bfbcd9fbedf677903,"{""distance"":7,""physical_error_rate"":0.001}","{""detection_events"":8856,""detectors_checked"":1849344}"
    494592,         0,         0,    11.6,exact_mw,a6f040f5268ba168f94c6ccce4ff822b1b844608631bba2e2b8dc7ec85b1e503,"{""distance"":7,""physical_error_rate"":0.0002}","{""detection_events"":291913,""detectors_checked"":297744384}"
       640,         0,         0,    2.35,exact_mw,8842ec4fe0f86aba00650008f7f408db45344cfb5a30f76b1f2c0fb50a8d5069,"{""distance"":7,""physical_error_rate"":0.002}","{""detection_events"":3727,""detectors_checked"":385280}"
     31744,         0,         0,    4.39,exact_mw,09f626b7d1c8765fd231bc36902f9c5557d3909c4644565b971bdb2bfb186061,"{""distance"":7,""physical_error_rate"":0.0005}","{""detection_events"":46335,""detectors_checked"":19109888}"
       160,         0,         0,    2.27,exact_mw,6534c274fb8721060716b040ba5484c43e0fb249b656ad44721a05b8b1f26839,"{""distance"":7,""physical_error_rate"":0.005}","{""detection_events"":2180,""detectors_checked"":96320}"
       256,         0,         0,    1.62,exact_mw,fe773c48422346d89ea42b7ea8a90aa3034802874175ef2bfbcd9fbedf677903,"{""distance"":7,""physical_error_rate"":0.001}","{""detection_events"":802,""detectors_checked"":154112}"
      6400,         0,         0,    23.3,exact_mw,8842ec4fe0f86aba00650008f7f408db45344cfb5a30f76b1f2c0fb50a8d5069,"{""distance"":7,""physical_error_rate"":0.002}","{""detection_events"":37413,""detectors_checked"":3852800}"
        96,         2,         0,    2.31,exact_mw,f4817e2f6bf0dfc41195700a9244a7f66964db0e79ea1302ca6e9f2465062a32,"{""distance"":7,""physical_error_rate"":0.01}","{""detection_events"":2761,""detectors_checked"":57792,""obs_mistake_mask=E"":2}"
        96,         3,         0,    3.32,exact_mw,b41993e7ca3a4c05067df83ef8f718f9a600cbd2ba374313e90f16e7f7d75967,"{""distance"":7,""physical_error_rate"":0.02}","{""detection_events"":5025,""detectors_checked"":57792,""obs_mistake_mask=E"":3}"
     49152,         0,         0,    4.26,exact_mw,3793e887e6c3b4d5eff59c5eb9bbee88cf92e7a28a48243659e8f8373a61c55f,"{""distance"":7,""physical_error_rate"":5e-05}","{""detection_events"":7192,""detectors_checked"":29589504}"
        96,         5,         0,    3.43,exact_mw,b41993e7ca3a4c05067df83ef8f718f9a600cbd2ba374313e90f16e7f7d75967,"{""distance"":7,""physical_error_rate"":0.02}","{""detection_events"":5060,""detectors_checked"":57792,""obs_mistake_mask=E"":5}"
       112,         1,         0,    3.10,exact_mw,f4817e2f6bf0dfc41195700a9244a7f66964db0e79ea1302ca6e9f2465062a32,"{""distance"":7,""physical_error_rate"":0.01}","{""detection_events"":2960,""detectors_checked"":67424,""obs_mistake_mask=E"":1}"
      1504,         5,         0,    23.1,exact_mw,6534c274fb8721060716b040ba5484c43e0fb249b656ad44721a05b8b1f26839,"{""distance"":7,""physical_error_rate"":0.005}","{""detection_events"":21835,""detectors_checked"":905408,""obs_mistake_mask=E"":5}"
       384,         0,         0,    2.18,exact_mw,fe773c48422346d89ea42b7ea8a90aa3034802874175ef2bfbcd9fbedf677903,"{""distance"":7,""physical_error_rate"":0.001}","{""detection_events"":1019,""detectors_checked"":231168}"
     77824,         0,         0,    11.8,exact_mw,09f626b7d1c8765fd231bc36902f9c5557d3909c4644565b971bdb2bfb186061,"{""distance"":7,""physical_error_rate"":0.0005}","{""detection_events"":116033,""detectors_checked"":46850048}"
        96,         0,         0,    2.34,exact_mw,f4817e2f6bf0dfc41195700a9244a7f66964db0e79ea1302ca6e9f2465062a32,"{""distance"":7,""physical_error_rate"":0.01}","{""detection_events"":2545,""detectors_checked"":57792}"
      1600,         5,         0,    24.0,exact_mw,6534c274fb8721060716b040ba5484c43e0fb249b656ad44721a05b8b1f26839,"{""distance"":7,""physical_error_rate"":0.005}","{""detection_events"":23310,""detectors_checked"":963200,""obs_mistake_mask=E"":5}"
       256,         0,         0,    1.81,exact_mw,fe773c48422346d89ea42b7ea8a90aa3034802874175ef2bfbcd9fbedf677903,"{""distance"":7,""physical_error_rate"":0.001}","{""detection_events"":837,""detectors_checked"":154112}"
     48128,         0,         0,    4.34,exact_mw,894a5a708293b7bd3951925e43ae0371ba83736430ed1970399611b4deb8498b,"{""distance"":7,""physical_error_rate"":0.0001}","{""detection_events"":14474,""detectors_checked"":28973056}"
    906240,         0,         0,    11.7,exact_mw,3793e887e6c3b4d5eff59c5eb9bbee88cf92e7a28a48243659e8f8373a61c55f,"{""distance"":7,""physical_error_rate"":5e-05}","{""detection_events"":134590,""detectors_checked"":545556480}"
     28672,         0,         0,    23.5,exact_mw,fe773c48422346d89ea42b7ea8a90aa3034802874175ef2bfbcd9fbedf677903,"{""distance"":7,""physical_error_rate"":0.001}","{""detection_events"":84238,""detectors_checked"":17260544}"
    450560,         0,         0,    5.91,exact_mw,894a5a708293b7bd3951925e43ae0371ba83736430ed1970399611b4deb8498b,"{""distance"":7,""physical_error_rate"":0.0001}","{""detection_events"":133673,""detectors_checked"":271237120}"
    126976,         0,         0,    11.7,exact_mw,894a5a708293b7bd3951925e43ae0371ba83736430ed1970399611b4deb8498b,"{""distance"":7,""physical_error_rate"":0.0001}","{""detection_events"":37623,""detectors_checked"":76439552}"
    312320,         0,         0,    4.26,exact_mw,894a5a708293b7bd3951925e43ae0371ba83736430ed1970399611b4deb8498b,"{""distance"":7,""physical_error_rate"":0.0001}","{""detection_events"":92489,""detectors_checked"":188016640}"
       104,         1,         0,    8.93,exact_mw,6534c274fb8721060716b040ba5484c43e0fb249b656ad44721a05b8b1f26839,"{""distance"":7,""physical_error_rate"":0.005}","{""detection_events"":1530,""detectors_checked"":62608,""obs_mistake_mask=E"":1}"
       896,         1,         0,    3.19,exact_mw,8842ec4fe0f86aba00650008f7f408db45344cfb5a30f76b1f2c0fb50a8d5069,"{""distance"":7,""physical_error_rate"":0.002}","{""detection_events"":5084,""detectors_checked"":539392,""obs_mistake_mask=E"":1}"
      4096,         0,         0,    3.59,exact_mw,fe773c48422346d89ea42b7ea8a90aa3034802874175ef2bfbcd9fbedf677903,"{""distance"":7,""physical_error_rate"":0.001}","{""detection_events"":12017,""detectors_checked"":2465792}"
        92,         3,         0,    23.1,exact_mw,b41993e7ca3a4c05067df83ef8f718f9a600cbd2ba374313e90f16e7f7d75967,"{""distance"":7,""physical_error_rate"":0.02}","{""detection_events"":4920,""detectors_checked"":55384,""obs_mistake_mask=E"":3}"
       224,         1,         0,    3.37,exact_mw,6534c274fb8721060716b040ba5484c43e0fb249b656ad44721a05b8b1f26839,"{""distance"":7,""physical_error_rate"":0.005}","{""detection_events"":3376,""detectors_checked"":134848,""obs_mistake_mask=E"":1}"
      5520,         1,         0,    23.4,exact_mw,8842ec4fe0f86aba00650008f7f408db45344cfb5a30f76b1f2c0fb50a8d5069,"{""distance"":7,""physical_error_rate"":0.002}","{""detection_events"":32418,""detectors_checked"":3323040,""obs_mistake_mask=E"":1}"
       256,         0,         0,    2.02,exact_mw,fe773c48422346d89ea42b7ea8a90aa3034802874175ef2bfbcd9fbedf677903,"{""distance"":7,""physical_error_rate"":0.001}","{""detection_events"":717,""detectors_checked"":154112}"
       160,         1,         0,    3.76,exact_mw,f4817e2f6bf0dfc41195700a9244a7f66964db0e79ea1302ca6e9f2465062a32,"{""distance"":7,""physical_error_rate"":0.01}","{""detection_events"":4511,""detectors_checked"":96320,""obs_mistake_mask=E"":1}"
      2176,         0,         0,    2.78,exact_mw,fe773c48422346d89ea42b7ea8a90aa3034802874175ef2bfbcd9fbedf677903,"{""distance"":7,""physical_error_rate"":0.001}","{""detection_events"":6395,""detectors_checked"":1309952}"
    254976,         0,         0,    5.97,exact_mw,a6f040f5268ba168f94c6ccce4ff822b1b844608631bba2e2b8dc7ec85b1e503,"{""distance"":7,""physical_error_rate"":0.0002}","{""detection_events"":151023,""detectors_checked"":153495552}"
       864,         0,         0,    24.0,exact_mw,8842ec4fe0f86aba00650008f7f408db45344cfb5a30f76b1f2c0fb50a8d5069,"{""distance"":7,""physical_error_rate"":0.002}","{""detection_events"":5070,""detectors_checked"":520128}"
       128,         1,         0,    3.20,exact_mw,f4817e2f6bf0dfc41195700a9244a7f66964db0e79ea1302ca6e9f2465062a32,"{""distance"":7,""physical_error_rate"":0.01}","{""detection_events"":3432,""detectors_checked"":77056,""obs_mistake_mask=E"":1}"
       128,         7,         0,    4.43,exact_mw,b41993e7ca3a4c05067df83ef8f718f9a600cbd2ba374313e90f16e7f7d75967,"{""distance"":7,""physical_error_rate"":0.02}","{""detection_events"":6877,""detectors_checked"":77056,""obs_mistake_mask=E"":7}"
    487424,         0,         0,    5.93,exact_mw,3793e887e6c3b4d5eff59c5eb9bbee88cf92e7a28a48243659e8f8373a61c55f,"{""distance"":7,""physical_error_rate"":5e-05}","{""detection_events"":73132,""detectors_checked"":293429248}"
       128,         5,         0,    4.58,exact_mw,b41993e7ca3a4c05067df83ef8f718f9a600cbd2ba374313e90f16e7f7d75967,"{""distance"":7,""physical_error_rate"":0.02}","{""detection_events"":6515,""detectors_checked"":77056,""obs_mistake_mask=E"":5}"
       176,         1,         0,    4.48,exact_mw,f4817e2f6bf0dfc41195700a9244a7f66964db0e79ea1302ca6e9f2465062a32,"{""distance"":7,""physical_error_rate"":0.01}","{""detection_events"":4843,""detectors_checked"":105952,""obs_mistake_mask=E"":1}"
     39936,         1,         0,    5.95,exact_mw,09f626b7d1c8765fd231bc36902f9c5557d3909c4644565b971bdb2bfb186061,"{""distance"":7,""physical_error_rate"":0.0005}","{""detection_events"":60055,""detectors_checked"":24041472,""obs_mistake_mask=E"":1}"
       512,         0,         0,    2.57,exact_mw,fe773c48422346d89ea42b7ea8a90aa3034802874175ef2bfbcd9fbedf677903,"{""distance"":7,""physical_error_rate"":0.001}","{""detection_events"":1484,""detectors_checked"":308224}"
     69632,         0,         0,    6.00,exact_mw,3793e887e6c3b4d5eff59c5eb9bbee88cf92e7a28a48243659e8f8373a61c55f,"{""distance"":7,""physical_error_rate"":5e-05}","{""detection_events"":10487,""detectors_checked"":41918464}"
        48,         3,         0,    12.5,exact_mw,b41993e7ca3a4c05067df83ef8f718f9a600cbd2ba374313e90f16e7f7d75967,"{""distance"":7,""physical_error_rate"":0.02}","{""detection_events"":2614,""detectors_checked"":28896,""obs_mistake_mask=E"":3}"
      3584,         0,         0,    3.40,exact_mw,fe773c48422346d89ea42b7ea8a90aa3034802874175ef2bfbcd9fbedf677903,"{""distance"":7,""physical_error_rate"":0.001}","{""detection_events"":10770,""detectors_checked"":2157568}"
      1280,         0,         0,    4.55,exact_mw,8842ec4fe0f86aba00650008f7f408db45344cfb5a30f76b1f2c0fb50a8d5069,"{""distance"":7,""physical_error_rate"":0.002}","{""detection_events"":7581,""detectors_checked"":770560}"
       320,         1,         0,    4.40,exact_mw,6534c274fb8721060716b040ba5484c43e0fb249b656ad44721a05b8b1f26839,"{""distance"":7,""physical_error_rate"":0.005}","{""detection_events"":4490,""detectors_checked"":192640,""obs_mistake_mask=E"":1}"
     63488,         0,         0,    5.96,exact_mw,894a5a708293b7bd3951925e43ae0371ba83736430ed1970399611b4deb8498b,"{""distance"":7,""physical_error_rate"":0.0001}","{""detection_events"":18791,""detectors_checked"":38219776}"
      6144,         0,         0,    4.99,exact_mw,fe773c48422346d89ea42b7ea8a90aa3034802874175ef2bfbcd9fbedf677903,"{""distance"":7,""physical_error_rate"":0.001}","{""detection_events"":18051,""detectors_checked"":3698688}"
       448,         6,         0,    11.7,exact_mw,f4817e2f6bf0dfc41195700a9244a7f66964db0e79ea1302ca6e9f2465062a32,"{""distance"":7,""physical_error_rate"":0.01}","{""detection_events"":12414,""detectors_checked"":269696,""obs_mistake_mask=E"":6}"
      2688,         0,         0,    12.1,exact_mw,8842ec4fe0f86aba00650008f7f408db45344cfb5a30f76b1f2c0fb50a8d5069,"{""distance"":7,""physical_error_rate"":0.002}","{""detection_events"":15663,""detectors_checked"":1618176}"
       192,         2,         0,    4.73,exact_mw,f4817e2f6bf0dfc41195700a9244a7f66964db0e79ea1302ca6e9f2465062a32,"{""distance"":7,""physical_error_rate"":0.01}","{""detection_events"":5392,""detectors_checked"":115584,""obs_mistake_mask=E"":2}"
    447488,         0,         0,    5.95,exact_mw,894a5a708293b7bd3951925e43ae0371ba83736430ed1970399611b4deb8498b,"{""distance"":7,""physical_error_rate"":0.0001}","{""detection_events"":133087,""detectors_checked"":269387776}"
     13824,         0,         0,    11.8,exact_mw,fe773c48422346d89ea42b7ea8a90aa3034802874175ef2bfbcd9fbedf677903,"{""distance"":7,""physical_error_rate"":0.001}","{""detection_events"":40704,""detectors_checked"":8322048}"
       192,         1,         0,    5.07,exact_mw,f4817e2f6bf0dfc41195700a9244a7f66964db0e79ea1302ca6e9f2465062a32,"{""distance"":7,""physical_error_rate"":0.01}","{""detection_events"":5351,""detectors_checked"":115584,""obs_mistake_mask=E"":1}"
       512,         0,         0,    3.59,exact_mw,fe773c48422346d89ea42b7ea8a90aa3034802874175ef2bfbcd9fbedf677903,"{""distance"":7,""physical_error_rate"":0.001}","{""detection_events"":1522,""detectors_checked"":308224}"
       832,         1,         0,    12.0,exact_mw,6534c274fb8721060716b040ba5484c43e0fb249b656ad44721a05b8b1f26839,"{""distance"":7,""physical_error_rate"":0.005}","{""detection_events"":11768,""detectors_checked"":500864,""obs_mistake_mask=E"":1}"
       176,        10,         0,    6.20,exact_mw,b41993e7ca3a4c05067df83ef8f718f9a600cbd2ba374313e90f16e7f7d75967,"{""distance"":7,""physical_error_rate"":0.02}","{""detection_events"":9215,""detectors_checked"":105952,""obs_mistake_mask=E"":10}"
    629760,         0,         0,    8.31,exact_mw,894a5a708293b7bd3951925e43ae0371ba83736430ed1970399611b4deb8498b,"{""distance"":7,""physical_error_rate"":0.0001}","{""detection_events"":187872,""detectors_checked"":379115520}"
       256,         3,         0,    6.16,exact_mw,f4817e2f6bf0dfc41195700a9244a7f66964db0e79ea1302ca6e9f2465062a32,"{""distance"":7,""physical_error_rate"":0.01}","{""detection_events"":6770,""detectors_checked"":154112,""obs_mistake_mask=E"":3}"
       176,        10,         0,    6.38,exact_mw,b41993e7ca3a4c05067df83ef8f718f9a600cbd2ba374313e90f16e7f7d75967,"{""distance"":7,""physical_error_rate"":0.02}","{""detection_events"":9127,""detectors_checked"":105952,""obs_mistake_mask=E"":10}"
      5120,         0,         0,    4.52,exact_mw,fe773c48422346d89ea42b7ea8a90aa3034802874175ef2bfbcd9fbedf677903,"{""distance"":7,""physical_error_rate"":0.001}","{""detection_events"":15335,""detectors_checked"":3082240}"
   1631232,         0,         0,    22.7,exact_mw,894a5a708293b7bd3951925e43ae0371ba83736430ed1970399611b4deb8498b,"{""distance"":7,""physical_error_rate"":0.0001}","{""detection_events"":486668,""detectors_checked"":982001664}"
    346112,         0,         0,    8.34,exact_mw,a6f040f5268ba168f94c6ccce4ff822b1b844608631bba2e2b8dc7ec85b1e503,"{""distance"":7,""physical_error_rate"":0.0002}","{""detection_events"":206462,""detectors_checked"":208359424}"
    677888,         0,         0,    8.29,exact_mw,3793e887e6c3b4d5eff59c5eb9bbee88cf92e7a28a48243659e8f8373a61c55f,"{""distance"":7,""physical_error_rate"":5e-05}","{""detection_events"":101774,""detectors_checked"":408088576}"
       896,         5,         0,    23.5,exact_mw,f4817e2f6bf0dfc41195700a9244a7f66964db0e79ea1302ca6e9f2465062a32,"{""distance"":7,""physical_error_rate"":0.01}","{""detection_events"":25325,""detectors_checked"":539392,""obs_mistake_mask=E"":5}"
      1536,         0,         0,    6.24,exact_mw,8842ec4fe0f86aba00650008f7f408db45344cfb5a30f76b1f2c0fb50a8d5069,"{""distance"":7,""physical_error_rate"":0.002}","{""detection_events"":8923,""detectors_checked"":924672}"
       416,         0,         0,    6.07,exact_mw,6534c274fb8721060716b040ba5484c43e0fb249b656ad44721a05b8b1f26839,"{""distance"":7,""physical_error_rate"":0.005}","{""detection_events"":6097,""detectors_checked"":250432}"
     57344,         0,         0,    8.48,exact_mw,09f626b7d1c8765fd231bc36902f9c5557d3909c4644565b971bdb2bfb186061,"{""distance"":7,""physical_error_rate"":0.0005}","{""detection_events"":85129,""detectors_checked"":34521088}"
       224,         0,         0,    6.04,exact_mw,f4817e2f6bf0dfc41195700a9244a7f66964db0e79ea1302ca6e9f2465062a32,"{""distance"":7,""physical_error_rate"":0.01}","{""detection_events"":6575,""detectors_checked"":134848}"
       896,         0,         0,    4.76,exact_mw,fe773c48422346d89ea42b7ea8a90aa3034802874175ef2bfbcd9fbedf677903,"{""distance"":7,""physical_error_rate"":0.001}","{""detection_events"":2562,""detectors_checked"":539392}"
       112,         0,         0,    11.8,exact_mw,6534c274fb8721060716b040ba5484c43e0fb249b656ad44721a05b8b1f26839,"{""distance"":7,""physical_error_rate"":0.005}","{""detection_events"":1662,""detectors_checked"":67424}"
      8192,         0,         0,    6.67,exact_mw,fe773c48422346d89ea42b7ea8a90aa3034802874175ef2bfbcd9fbedf677903,"{""distance"":7,""physical_error_rate"":0.001}","{""detection_events"":24449,""detectors_checked"":4931584}"
     92160,         0,         0,    8.37,exact_mw,3793e887e6c3b4d5eff59c5eb9bbee88cf92e7a28a48243659e8f8373a61c55f,"{""distance"":7,""physical_error_rate"":5e-05}","{""detection_events"":13434,""detectors_checked"":55480320}"
       224,         2,         0,    6.05,exact_mw,f4817e2f6bf0dfc41195700a9244a7f66964db0e79ea1302ca6e9f2465062a32,"{""distance"":7,""physical_error_rate"":0.01}","{""detection_events"":6156,""detectors_checked"":134848,""obs_mistake_mask=E"":2}"
    720896,         0,         0,    16.3,exact_mw,a6f040f5268ba168f94c6ccce4ff822b1b844608631bba2e2b8dc7ec85b1e503,"{""distance"":7,""physical_error_rate"":0.0002}","{""detection_events"":426538,""detectors_checked"":433979392}"
     86016,         0,         0,    8.33,exact_mw,894a5a708293b7bd3951925e43ae0371ba83736430ed1970399611b4deb8498b,"{""distance"":7,""physical_error_rate"":0.0001}","{""detection_events"":25670,""detectors_checked"":51781632}"
    631808,         0,         0,    8.33,exact_mw,894a5a708293b7bd3951925e43ae0371ba83736430ed1970399611b4deb8498b,"{""distance"":7,""physical_error_rate"":0.0001}","{""detection_events"":188953,""detectors_checked"":380348416}"
    118784,         0,         0,    16.4,exact_mw,09f626b7d1c8765fd231bc36902f9c5557d3909c4644565b971bdb2bfb186061,"{""distance"":7,""physical_error_rate"":0.0005}","{""detection_events"":174961,""detectors_checked"":71507968}"
      7168,         0,         0,    5.99,exact_mw,fe773c48422346d89ea42b7ea8a90aa3034802874175ef2bfbcd9fbedf677903,"{""distance"":7,""physical_error_rate"":0.001}","{""detection_events"":20699,""detectors_checked"":4315136}"
   1348608,         0,         0,    16.3,exact_mw,3793e887e6c3b4d5eff59c5eb9bbee88cf92e7a28a48243659e8f8373a61c55f,"{""distance"":7,""physical_error_rate"":5e-05}","{""detection_events"":201332,""detectors_checked"":811862016}"
    166912,         0,         0,    16.4,exact_mw,894a5a708293b7bd3951925e43ae0371ba83736430ed1970399611b4deb8498b,"{""distance"":7,""physical_error_rate"":0.0001}","{""detection_events"":50520,""detectors_checked"":100481024}"
   1011712,         0,         0,    22.9,exact_mw,a6f040f5268ba168f94c6ccce4ff822b1b844608631bba2e2b8dc7ec85b1e503,"{""distance"":7,""physical_error_rate"":0.0002}","{""detection_events"":602406,""detectors_checked"":609050624}"
   1441792,         0,         0,    32.0,exact_mw,a6f040f5268ba168f94c6ccce4ff822b1b844608631bba2e2b8dc7ec85b1e503,"{""distance"":7,""physical_error_rate"":0.0002}","{""detection_events"":855125,""detectors_checked"":867958784}"
       240,        14,         0,    8.72,exact_mw,b41993e7ca3a4c05067df83ef8f718f9a600cbd2ba374313e90f16e7f7d75967,"{""distance"":7,""physical_error_rate"":0.02}","{""detection_events"":12774,""detectors_checked"":144480,""obs_mistake_mask=E"":14}"
       320,         3,         0,    8.37,exact_mw,f4817e2f6bf0dfc41195700a9244a7f66964db0e79ea1302ca6e9f2465062a32,"{""distance"":7,""physical_error_rate"":0.01}","{""detection_events"":8791,""detectors_checked"":192640,""obs_mistake_mask=E"":3}"
   2589696,         0,         0,    31.9,exact_mw,3793e887e6c3b4d5eff59c5eb9bbee88cf92e7a28a48243659e8f8373a61c55f,"{""distance"":7,""physical_error_rate"":5e-05}","{""detection_events"":383242,""detectors_checked"":1558996992}"
   1408000,         0,         0,    32.0,exact_mw,a6f040f5268ba168f94c6ccce4ff822b1b844608631bba2e2b8dc7ec85b1e503,"{""distance"":7,""physical_error_rate"":0.0002}","{""detection_events"":834996,""detectors_checked"":847616000}"
       240,         7,         0,    8.88,exact_mw,b41993e7ca3a4c05067df83ef8f718f9a600cbd2ba374313e90f16e7f7d75967,"{""distance"":7,""physical_error_rate"":0.02}","{""detection_events"":12521,""detectors_checked"":144480,""obs_mistake_mask=E"":7}"
   2247680,         0,         0,    31.8,exact_mw,894a5a708293b7bd3951925e43ae0371ba83736430ed1970399611b4deb8498b,"{""distance"":7,""physical_error_rate"":0.0001}","{""detection_events"":669091,""detectors_checked"":1353103360}"
      1024,         1,         0,    6.23,exact_mw,fe773c48422346d89ea42b7ea8a90aa3034802874175ef2bfbcd9fbedf677903,"{""distance"":7,""physical_error_rate"":0.001}","{""detection_events"":3193,""detectors_checked"":616448,""obs_mistake_mask=E"":1}"
      2560,         1,         0,    8.61,exact_mw,8842ec4fe0f86aba00650008f7f408db45344cfb5a30f76b1f2c0fb50a8d5069,"{""distance"":7,""physical_error_rate"":0.002}","{""detection_events"":14692,""detectors_checked"":1541120,""obs_mistake_mask=E"":1}"
    223232,         2,         0,    32.1,exact_mw,09f626b7d1c8765fd231bc36902f9c5557d3909c4644565b971bdb2bfb186061,"{""distance"":7,""physical_error_rate"":0.0005}","{""detection_events"":330315,""detectors_checked"":134385664,""obs_mistake_mask=E"":2}"
       576,         0,         0,    8.73,exact_mw,6534c274fb8721060716b040ba5484c43e0fb249b656ad44721a05b8b1f26839,"{""distance"":7,""physical_error_rate"":0.005}","{""detection_events"":8361,""detectors_checked"":346752}"
    879616,         0,         0,    11.6,exact_mw,894a5a708293b7bd3951925e43ae0371ba83736430ed1970399611b4deb8498b,"{""distance"":7,""physical_error_rate"":0.0001}","{""detection_events"":259365,""detectors_checked"":529528832}"
       352,         2,         0,    8.71,exact_mw,f4817e2f6bf0dfc41195700a9244a7f66964db0e79ea1302ca6e9f2465062a32,"{""distance"":7,""physical_error_rate"":0.01}","{""detection_events"":9855,""detectors_checked"":211904,""obs_mistake_mask=E"":2}"
     11264,         0,         0,    8.78,exact_mw,fe773c48422346d89ea42b7ea8a90aa3034802874175ef2bfbcd9fbedf677903,"{""distance"":7,""physical_error_rate"":0.001}","{""detection_events"":33236,""detectors_checked"":6780928}"
        60,         4,         0,    16.6,exact_mw,b41993e7ca3a4c05067df83ef8f718f9a600cbd2ba374313e90f16e7f7d75967,"{""distance"":7,""physical_error_rate"":0.02}","{""detection_events"":3323,""detectors_checked"":36120,""obs_mistake_mask=E"":4}"
       320,         2,         0,    8.38,exact_mw,f4817e2f6bf0dfc41195700a9244a7f66964db0e79ea1302ca6e9f2465062a32,"{""distance"":7,""physical_error_rate"":0.01}","{""detection_events"":8839,""detectors_checked"":192640,""obs_mistake_mask=E"":2}"
    494592,         1,         0,    11.7,exact_mw,a6f040f5268ba168f94c6ccce4ff822b1b844608631bba2e2b8dc7ec85b1e503,"{""distance"":7,""physical_error_rate"":0.0002}","{""detection_events"":292755,""detectors_checked"":297744384,""obs_mistake_mask=E"":1}"
    954368,         0,         0,    11.6,exact_mw,3793e887e6c3b4d5eff59c5eb9bbee88cf92e7a28a48243659e8f8373a61c55f,"{""distance"":7,""physical_error_rate"":5e-05}","{""detection_events"":140759,""detectors_checked"":574529536}"
       640,         5,         0,    17.0,exact_mw,f4817e2f6bf0dfc41195700a9244a7f66964db0e79ea1302ca6e9f2465062a32,"{""distance"":7,""physical_error_rate"":0.01}","{""detection_events"":18036,""detectors_checked"":385280,""obs_mistake_mask=E"":5}"
      4224,         1,         0,    16.7,exact_mw,8842ec4fe0f86aba00650008f7f408db45344cfb5a30f76b1f2c0fb50a8d5069,"{""distance"":7,""physical_error_rate"":0.002}","{""detection_events"":24623,""detectors_checked"":2542848,""obs_mistake_mask=E"":1}"
   2541568,         0,         0,    31.9,exact_mw,3793e887e6c3b4d5eff59c5eb9bbee88cf92e7a28a48243659e8f8373a61c55f,"{""distance"":7,""physical_error_rate"":5e-05}","{""detection_events"":378738,""detectors_checked"":1530023936}"
    196608,         0,         0,    32.0,exact_mw,a6f040f5268ba168f94c6ccce4ff822b1b844608631bba2e2b8dc7ec85b1e503,"{""distance"":7,""physical_error_rate"":0.0002}","{""detection_events"":117388,""detectors_checked"":118358016}"
     78848,         0,         0,    11.8,exact_mw,09f626b7d1c8765fd231bc36902f9c5557d3909c4644565b971bdb2bfb186061,"{""distance"":7,""physical_error_rate"":0.0005}","{""detection_events"":116169,""detectors_checked"":47466496}"
     19456,         0,         0,    16.6,exact_mw,fe773c48422346d89ea42b7ea8a90aa3034802874175ef2bfbcd9fbedf677903,"{""distance"":7,""physical_error_rate"":0.001}","{""detection_events"":58213,""detectors_checked"":11712512}"
   1359872,         0,         0,    32.0,exact_mw,a6f040f5268ba168f94c6ccce4ff822b1b844608631bba2e2b8dc7ec85b1e503,"{""distance"":7,""physical_error_rate"":0.0002}","{""detection_events"":803932,""detectors_checked"":818642944}"
      9216,         0,         0,    8.66,exact_mw,fe773c48422346d89ea42b7ea8a90aa3034802874175ef2bfbcd9fbedf677903,"{""distance"":7,""physical_error_rate"":0.001}","{""detection_events"":27693,""detectors_checked"":5548032}"
   2411520,         0,         0,    31.9,exact_mw,3793e887e6c3b4d5eff59c5eb9bbee88cf92e7a28a48243659e8f8373a61c55f,"{""distance"":7,""physical_error_rate"":5e-05}","{""detection_events"":358313,""detectors_checked"":1451735040}"
    126976,         0,         0,    11.7,exact_mw,3793e887e6c3b4d5eff59c5eb9bbee88cf92e7a28a48243659e8f8373a61c55f,"{""distance"":7,""physical_error_rate"":5e-05}","{""detection_events"":18570,""detectors_checked"":76439552}"
    766976,         0,         0,    31.9,exact_mw,894a5a708293b7bd3951925e43ae0371ba83736430ed1970399611b4deb8498b,"{""distance"":7,""physical_error_rate"":0.0001}","{""detection_events"":225615,""detectors_checked"":461719552}"
     36864,         0,         0,    32.3,exact_mw,fe773c48422346d89ea42b7ea8a90aa3034802874175ef2bfbcd9fbedf677903,"{""distance"":7,""physical_error_rate"":0.001}","{""detection_events"":109567,""detectors_checked"":22192128}"
    363520,         0,         0,    31.9,exact_mw,3793e887e6c3b4d5eff59c5eb9bbee88cf92e7a28a48243659e8f8373a61c55f,"{""distance"":7,""physical_error_rate"":5e-05}","{""detection_events"":53732,""detectors_checked"":218839040}"
      1152,        13,         0,    32.6,exact_mw,f4817e2f6bf0dfc41195700a9244a7f66964db0e79ea1302ca6e9f2465062a32,"{""distance"":7,""physical_error_rate"":0.01}","{""detection_events"":32499,""detectors_checked"":693504,""obs_mistake_mask=E"":13}"
      1216,         0,         0,    17.1,exact_mw,6534c274fb8721060716b040ba5484c43e0fb249b656ad44721a05b8b1f26839,"{""distance"":7,""physical_error_rate"":0.005}","{""detection_events"":17719,""detectors_checked"":732032}"
    222208,         0,         0,    32.1,exact_mw,09f626b7d1c8765fd231bc36902f9c5557d3909c4644565b971bdb2bfb186061,"{""distance"":7,""physical_error_rate"":0.0005}","{""detection_events"":328700,""detectors_checked"":133769216}"
    116736,         0,         0,    11.7,exact_mw,894a5a708293b7bd3951925e43ae0371ba83736430ed1970399611b4deb8498b,"{""distance"":7,""physical_error_rate"":0.0001}","{""detection_events"":34898,""detectors_checked"":70275072}"
     30208,         0,         0,    32.4,exact_mw,09f626b7d1c8765fd231bc36902f9c5557d3909c4644565b971bdb2bfb186061,"{""distance"":7,""physical_error_rate"":0.0005}","{""detection_events"":45316,""detectors_checked"":18185216}"
    219136,         0,         0,    32.1,exact_mw,09f626b7d1c8765fd231bc36902f9c5557d3909c4644565b971bdb2bfb186061,"{""distance"":7,""physical_error_rate"":0.0005}","{""detection_events"":324076,""detectors_checked"":131919872}"
    877568,         0,         0,    11.6,exact_mw,894a5a708293b7bd3951925e43ae0371ba83736430ed1970399611b4deb8498b,"{""distance"":7,""physical_error_rate"":0.0001}","{""detection_events"":261524,""detectors_checked"":528295936}"
     30208,         0,         0,    32.2,exact_mw,09f626b7d1c8765fd231bc36902f9c5557d3909c4644565b971bdb2bfb186061,"{""distance"":7,""physical_error_rate"":0.0005}","{""detection_events"":45391,""detectors_checked"":18185216}"
      8448,         0,         0,    33.0,exact_mw,8842ec4fe0f86aba00650008f7f408db45344cfb5a30f76b1f2c0fb50a8d5069,"{""distance"":7,""physical_error_rate"":0.002}","{""detection_events"":48559,""detectors_checked"":5085696}"
       732,         1,         0,    32.5,exact_mw,6534c274fb8721060716b040ba5484c43e0fb249b656ad44721a05b8b1f26839,"{""distance"":7,""physical_error_rate"":0.005}","{""detection_events"":10619,""detectors_checked"":440664,""obs_mistake_mask=E"":1}"
       912,        35,         0,    32.5,exact_mw,b41993e7ca3a4c05067df83ef8f718f9a600cbd2ba374313e90f16e7f7d75967,"{""distance"":7,""physical_error_rate"":0.02}","{""detection_events"":47387,""detectors_checked"":549024,""obs_mistake_mask=E"":35}"
      7424,         1,         0,    32.1,exact_mw,8842ec4fe0f86aba00650008f7f408db45344cfb5a30f76b1f2c0fb50a8d5069,"{""distance"":7,""physical_error_rate"":0.002}","{""detection_events"":43570,""detectors_checked"":4469248,""obs_mistake_mask=E"":1}"
       832,        31,         0,    32.6,exact_mw,b41993e7ca3a4c05067df83ef8f718f9a600cbd2ba374313e90f16e7f7d75967,"{""distance"":7,""physical_error_rate"":0.02}","{""detection_events"":43715,""detectors_checked"":500864,""obs_mistake_mask=E"":31}"
      1312,        17,         0,    32.7,exact_mw,f4817e2f6bf0dfc41195700a9244a7f66964db0e79ea1302ca6e9f2465062a32,"{""distance"":7,""physical_error_rate"":0.01}","{""detection_events"":36216,""detectors_checked"":789824,""obs_mistake_mask=E"":17}"
      1536,         0,         0,    8.92,exact_mw,fe773c48422346d89ea42b7ea8a90aa3034802874175ef2bfbcd9fbedf677903,"{""distance"":7,""physical_error_rate"":0.001}","{""detection_events"":4676,""detectors_checked"":924672}"
      2048,         7,         0,    32.4,exact_mw,6534c274fb8721060716b040ba5484c43e0fb249b656ad44721a05b8b1f26839,"{""distance"":7,""physical_error_rate"":0.005}","{""detection_events"":29812,""detectors_checked"":1232896,""obs_mistake_mask=E"":7}"
       928,        32,         0,    32.8,exact_mw,b41993e7ca3a4c05067df83ef8f718f9a600cbd2ba374313e90f16e7f7d75967,"{""distance"":7,""physical_error_rate"":0.02}","{""detection_events"":47945,""detectors_checked"":558656,""obs_mistake_mask=E"":32}"
     37376,         1,         0,    32.2,exact_mw,fe773c48422346d89ea42b7ea8a90aa3034802874175ef2bfbcd9fbedf677903,"{""distance"":7,""physical_error_rate"":0.001}","{""detection_events"":109029,""detectors_checked"":22500352,""obs_mistake_mask=E"":1}"
       164,         1,         0,    32.1,exact_mw,f4817e2f6bf0dfc41195700a9244a7f66964db0e79ea1302ca6e9f2465062a32,"{""distance"":7,""physical_error_rate"":0.01}","{""detection_events"":4853,""detectors_checked"":98728,""obs_mistake_mask=E"":1}"
       176,         0,         0,    17.0,exact_mw,6534c274fb8721060716b040ba5484c43e0fb249b656ad44721a05b8b1f26839,"{""distance"":7,""physical_error_rate"":0.005}","{""detection_events"":2426,""detectors_checked"":105952}"
       336,        17,         0,    12.0,exact_mw,b41993e7ca3a4c05067df83ef8f718f9a600cbd2ba374313e90f16e7f7d75967,"{""distance"":7,""physical_error_rate"":0.02}","{""detection_events"":17467,""detectors_checked"":202272,""obs_mistake_mask=E"":17}"
       480,         8,         0,    12.3,exact_mw,f4817e2f6bf0dfc41195700a9244a7f66964db0e79ea1302ca6e9f2465062a32,"{""distance"":7,""physical_error_rate"":0.01}","{""detection_events"":13384,""detectors_checked"":288960,""obs_mistake_mask=E"":8}"
      8448,         2,         0,    32.7,exact_mw,8842ec4fe0f86aba00650008f7f408db45344cfb5a30f76b1f2c0fb50a8d5069,"{""distance"":7,""physical_error_rate"":0.002}","{""detection_events"":49720,""detectors_checked"":5085696,""obs_mistake_mask=E"":2}"
       336,        10,         0,    12.3,exact_mw,b41993e7ca3a4c05067df83ef8f718f9a600cbd2ba374313e90f16e7f7d75967,"{""distance"":7,""physical_error_rate"":0.02}","{""detection_events"":17715,""detectors_checked"":202272,""obs_mistake_mask=E"":10}"
      1984,         3,         0,    32.3,exact_mw,6534c274fb8721060716b040ba5484c43e0fb249b656ad44721a05b8b1f26839,"{""distance"":7,""physical_error_rate"":0.005}","{""detection_events"":28843,""detectors_checked"":1194368,""obs_mistake_mask=E"":3}"
      2176,         6,         0,    32.3,exact_mw,6534c274fb8721060716b040ba5484c43e0fb249b656ad44721a05b8b1f26839,"{""distance"":7,""physical_error_rate"":0.005}","{""detection_events"":31589,""detectors_checked"":1309952,""obs_mistake_mask=E"":6}"
       736,         1,         0,    11.8,exact_mw,6534c274fb8721060716b040ba5484c43e0fb249b656ad44721a05b8b1f26839,"{""distance"":7,""physical_error_rate"":0.005}","{""detection_events"":10530,""detectors_checked"":443072,""obs_mistake_mask=E"":1}"
      2944,         0,         0,    12.0,exact_mw,8842ec4fe0f86aba00650008f7f408db45344cfb5a30f76b1f2c0fb50a8d5069,"{""distance"":7,""physical_error_rate"":0.002}","{""detection_events"":17321,""detectors_checked"":1772288}"
     38912,         0,         0,    32.2,exact_mw,fe773c48422346d89ea42b7ea8a90aa3034802874175ef2bfbcd9fbedf677903,"{""distance"":7,""physical_error_rate"":0.001}","{""detection_events"":115762,""detectors_checked"":23425024}"
       448,         5,         0,    12.0,exact_mw,f4817e2f6bf0dfc41195700a9244a7f66964db0e79ea1302ca6e9f2465062a32,"{""distance"":7,""physical_error_rate"":0.01}","{""detection_events"":12677,""detectors_checked"":269696,""obs_mistake_mask=E"":5}"
     15360,         0,         0,    11.8,exact_mw,fe773c48422346d89ea42b7ea8a90aa3034802874175ef2bfbcd9fbedf677903,"{""distance"":7,""physical_error_rate"":0.001}","{""detection_events"":45101,""detectors_checked"":9246720}"
      8192,         0,         0,    32.6,exact_mw,8842ec4fe0f86aba00650008f7f408db45344cfb5a30f76b1f2c0fb50a8d5069,"{""distance"":7,""physical_error_rate"":0.002}","{""detection_events"":48218,""detectors_checked"":4931584}"
       124,         7,         0,    32.9,exact_mw,b41993e7ca3a4c05067df83ef8f718f9a600cbd2ba374313e90f16e7f7d75967,"{""distance"":7,""physical_error_rate"":0.02}","{""detection_events"":6511,""detectors_checked"":74648,""obs_mistake_mask=E"":7}"
       480,         3,         0,    12.3,exact_mw,f4817e2f6bf0dfc41195700a9244a7f66964db0e79ea1302ca6e9f2465062a32,"{""distance"":7,""physical_error_rate"":0.01}","{""detection_events"":12984,""detectors_checked"":288960,""obs_mistake_mask=E"":3}"
      1136,         3,         0,    32.3,exact_mw,8842ec4fe0f86aba00650008f7f408db45344cfb5a30f76b1f2c0fb50a8d5069,"{""distance"":7,""physical_error_rate"":0.002}","{""detection_events"":6589,""detectors_checked"":683872,""obs_mistake_mask=E"":3}"
     14848,         0,         0,    12.2,exact_mw,fe773c48422346d89ea42b7ea8a90aa3034802874175ef2bfbcd9fbedf677903,"{""distance"":7,""physical_error_rate"":0.001}","{""detection_events"":43794,""detectors_checked"":8938496}"
   1017856,         0,         0,    22.9,exact_mw,a6f040f5268ba168f94c6ccce4ff822b1b844608631bba2e2b8dc7ec85b1e503,"{""distance"":7,""physical_error_rate"":0.0002}","{""detection_events"":601646,""detectors_checked"":612749312}"
   1212416,         0,         0,    16.3,exact_mw,894a5a708293b7bd3951925e43ae0371ba83736430ed1970399611b4deb8498b,"{""distance"":7,""physical_error_rate"":0.0001}","{""detection_events"":358000,""detectors_checked"":729874432}"
    166912,         2,         0,    23.1,exact_mw,09f626b7d1c8765fd231bc36902f9c5557d3909c4644565b971bdb2bfb186061,"{""distance"":7,""physical_error_rate"":0.0005}","{""detection_events"":245096,""detectors_checked"":100481024,""obs_mistake_mask=E"":2}"
    714752,         0,         0,    16.3,exact_mw,a6f040f5268ba168f94c6ccce4ff822b1b844608631bba2e2b8dc7ec85b1e503,"{""distance"":7,""physical_error_rate"":0.0002}","{""detection_events"":422667,""detectors_checked"":430280704}"
   1819648,         0,         0,    22.8,exact_mw,3793e887e6c3b4d5eff59c5eb9bbee88cf92e7a28a48243659e8f8373a61c55f,"{""distance"":7,""physical_error_rate"":5e-05}","{""detection_events"":270520,""detectors_checked"":1095428096}"
   1291264,         0,         0,    16.3,exact_mw,3793e887e6c3b4d5eff59c5eb9bbee88cf92e7a28a48243659e8f8373a61c55f,"{""distance"":7,""physical_error_rate"":5e-05}","{""detection_events"":191919,""detectors_checked"":777340928}"
    236544,         0,         0,    22.9,exact_mw,894a5a708293b7bd3951925e43ae0371ba83736430ed1970399611b4deb8498b,"{""distance"":7,""physical_error_rate"":0.0001}","{""detection_events"":70326,""detectors_checked"":142399488}"
     14208,         0,         0,    12.3,exact_mw,fe773c48422346d89ea42b7ea8a90aa3034802874175ef2bfbcd9fbedf677903,"{""distance"":7,""physical_error_rate"":0.001}","{""detection_events"":41661,""detectors_checked"":8553216}"
    110592,         1,         0,    16.5,exact_mw,09f626b7d1c8765fd231bc36902f9c5557d3909c4644565b971bdb2bfb186061,"{""distance"":7,""physical_error_rate"":0.0005}","{""detection_events"":162641,""detectors_checked"":66576384,""obs_mistake_mask=E"":1}"
    188416,         0,         0,    16.5,exact_mw,3793e887e6c3b4d5eff59c5eb9bbee88cf92e7a28a48243659e8f8373a61c55f,"{""distance"":7,""physical_error_rate"":5e-05}","{""detection_events"":27428,""detectors_checked"":113426432}"
   2337792,         0,         0,    31.9,exact_mw,894a5a708293b7bd3951925e43ae0371ba83736430ed1970399611b4deb8498b,"{""distance"":7,""physical_error_rate"":0.0001}","{""detection_events"":692350,""detectors_checked"":1407350784}"
    173056,         0,         0,    16.3,exact_mw,894a5a708293b7bd3951925e43ae0371ba83736430ed1970399611b4deb8498b,"{""distance"":7,""physical_error_rate"":0.0001}","{""detection_events"":51511,""detectors_checked"":104179712}"
   1188864,         0,         0,    16.3,exact_mw,894a5a708293b7bd3951925e43ae0371ba83736430ed1970399611b4deb8498b,"{""distance"":7,""physical_error_rate"":0.0001}","{""detection_events"":351705,""detectors_checked"":715696128}"
      1248,        11,         0,    32.2,exact_mw,f4817e2f6bf0dfc41195700a9244a7f66964db0e79ea1302ca6e9f2465062a32,"{""distance"":7,""physical_error_rate"":0.01}","{""detection_events"":34476,""detectors_checked"":751296,""obs_mistake_mask=E"":11}"
        92,         3,         0,    23.2,exact_mw,b41993e7ca3a4c05067df83ef8f718f9a600cbd2ba374313e90f16e7f7d75967,"{""distance"":7,""physical_error_rate"":0.02}","{""detection_events"":4769,""detectors_checked"":55384,""obs_mistake_mask=E"":3}"
      6144,         0,         0,    23.0,exact_mw,8842ec4fe0f86aba00650008f7f408db45344cfb5a30f76b1f2c0fb50a8d5069,"{""distance"":7,""physical_error_rate"":0.002}","{""detection_events"":35622,""detectors_checked"":3698688}"
       448,        23,         0,    16.9,exact_mw,b41993e7ca3a4c05067df83ef8f718f9a600cbd2ba374313e90f16e7f7d75967,"{""distance"":7,""physical_error_rate"":0.02}","{""detection_events"":23388,""detectors_checked"":269696,""obs_mistake_mask=E"":23}"
       832,         8,         0,    23.4,exact_mw,f4817e2f6bf0dfc41195700a9244a7f66964db0e79ea1302ca6e9f2465062a32,"{""distance"":7,""physical_error_rate"":0.01}","{""detection_events"":23299,""detectors_checked"":500864,""obs_mistake_mask=E"":8}"
       640,        10,         0,    16.9,exact_mw,f4817e2f6bf0dfc41195700a9244a7f66964db0e79ea1302ca6e9f2465062a32,"{""distance"":7,""physical_error_rate"":0.01}","{""detection_events"":17885,""detectors_checked"":385280,""obs_mistake_mask=E"":10}"
     28160,         0,         0,    23.2,exact_mw,fe773c48422346d89ea42b7ea8a90aa3034802874175ef2bfbcd9fbedf677903,"{""distance"":7,""physical_error_rate"":0.001}","{""detection_events"":83361,""detectors_checked"":16952320}"
       448,        20,         0,    16.6,exact_mw,b41993e7ca3a4c05067df83ef8f718f9a600cbd2ba374313e90f16e7f7d75967,"{""distance"":7,""physical_error_rate"":0.02}","{""detection_events"":23577,""detectors_checked"":269696,""obs_mistake_mask=E"":20}"
      4096,         1,         0,    16.4,exact_mw,8842ec4fe0f86aba00650008f7f408db45344cfb5a30f76b1f2c0fb50a8d5069,"{""distance"":7,""physical_error_rate"":0.002}","{""detection_events"":24219,""detectors_checked"":2465792,""obs_mistake_mask=E"":1}"
      1024,         2,         0,    16.5,exact_mw,6534c274fb8721060716b040ba5484c43e0fb249b656ad44721a05b8b1f26839,"{""distance"":7,""physical_error_rate"":0.005}","{""detection_events"":14504,""detectors_checked"":616448,""obs_mistake_mask=E"":2}"
      1472,         3,         0,    22.9,exact_mw,6534c274fb8721060716b040ba5484c43e0fb249b656ad44721a05b8b1f26839,"{""distance"":7,""physical_error_rate"":0.005}","{""detection_events"":21189,""detectors_checked"":886144,""obs_mistake_mask=E"":3}"
   1380352,         0,         0,    32.0,exact_mw,a6f040f5268ba168f94c6ccce4ff822b1b844608631bba2e2b8dc7ec85b1e503,"{""distance"":7,""physical_error_rate"":0.0002}","{""detection_events"":818094,""detectors_checked"":830971904}"
     20480,         0,         0,    16.7,exact_mw,fe773c48422346d89ea42b7ea8a90aa3034802874175ef2bfbcd9fbedf677903,"{""distance"":7,""physical_error_rate"":0.001}","{""detection_events"":60420,""detectors_checked"":12328960}"
       640,         4,         0,    17.2,exact_mw,f4817e2f6bf0dfc41195700a9244a7f66964db0e79ea1302ca6e9f2465062a32,"{""distance"":7,""physical_error_rate"":0.01}","{""detection_events"":17432,""detectors_checked"":385280,""obs_mistake_mask=E"":4}"
       608,        11,         0,    17.0,exact_mw,f4817e2f6bf0dfc41195700a9244a7f66964db0e79ea1302ca6e9f2465062a32,"{""distance"":7,""physical_error_rate"":0.01}","{""detection_events"":17117,""detectors_checked"":366016,""obs_mistake_mask=E"":11}"
       228,         0,         0,    23.4,exact_mw,6534c274fb8721060716b040ba5484c43e0fb249b656ad44721a05b8b1f26839,"{""distance"":7,""physical_error_rate"":0.005}","{""detection_events"":3379,""detectors_checked"":137256}"
     20480,         3,         0,    16.6,exact_mw,fe773c48422346d89ea42b7ea8a90aa3034802874175ef2bfbcd9fbedf677903,"{""distance"":7,""physical_error_rate"":0.001}","{""detection_events"":60414,""detectors_checked"":12328960,""obs_mistake_mask=E"":3}"
     19456,         1,         0,    17.0,exact_mw,fe773c48422346d89ea42b7ea8a90aa3034802874175ef2bfbcd9fbedf677903,"{""distance"":7,""physical_error_rate"":0.001}","{""detection_events"":57678,""detectors_checked"":11712512,""obs_mistake_mask=E"":1}"
   1623040,         0,         0,    22.8,exact_mw,894a5a708293b7bd3951925e43ae0371ba83736430ed1970399611b4deb8498b,"{""distance"":7,""physical_error_rate"":0.0001}","{""detection_events"":483650,""detectors_checked"":977070080}"
   1054720,         0,         0,    22.9,exact_mw,a6f040f5268ba168f94c6ccce4ff822b1b844608631bba2e2b8dc7ec85b1e503,"{""distance"":7,""physical_error_rate"":0.0002}","{""detection_events"":623376,""detectors_checked"":634941440}"
   1738752,         0,         0,    22.8,exact_mw,3793e887e6c3b4d5eff59c5eb9bbee88cf92e7a28a48243659e8f8373a61c55f,"{""distance"":7,""physical_error_rate"":5e-05}","{""detection_events"":258729,""detectors_checked"":1046728704}"
   2045952,         0,         0,    44.8,exact_mw,a6f040f5268ba168f94c6ccce4ff822b1b844608631bba2e2b8dc7ec85b1e503,"{""distance"":7,""physical_error_rate"":0.0002}","{""detection_events"":1211550,""detectors_checked"":1231663104}"
   3766272,         0,         0,    44.7,exact_mw,3793e887e6c3b4d5eff59c5eb9bbee88cf92e7a28a48243659e8f8373a61c55f,"{""distance"":7,""physical_error_rate"":5e-05}","{""detection_events"":558531,""detectors_checked"":2267295744}"
    147456,         0,         0,    23.0,exact_mw,09f626b7d1c8765fd231bc36902f9c5557d3909c4644565b971bdb2bfb186061,"{""distance"":7,""physical_error_rate"":0.0005}","{""detection_events"":218170,""detectors_checked"":88768512}"
   1997824,         1,         0,    44.7,exact_mw,a6f040f5268ba168f94c6ccce4ff822b1b844608631bba2e2b8dc7ec85b1e503,"{""distance"":7,""physical_error_rate"":0.0002}","{""detection_events"":1186381,""detectors_checked"":1202690048,""obs_mistake_mask=E"":1}"
   3297280,         0,         0,    44.6,exact_mw,894a5a708293b7bd3951925e43ae0371ba83736430ed1970399611b4deb8498b,"{""distance"":7,""physical_error_rate"":0.0001}","{""detection_events"":976413,""detectors_checked"":1984962560}"
    262144,         0,         0,    22.8,exact_mw,3793e887e6c3b4d5eff59c5eb9bbee88cf92e7a28a48243659e8f8373a61c55f,"{""distance"":7,""physical_error_rate"":5e-05}","{""detection_events"":38993,""detectors_checked"":157810688}"
    319488,         0,         0,    45.0,exact_mw,09f626b7d1c8765fd231bc36902f9c5557d3909c4644565b971bdb2bfb186061,"{""distance"":7,""physical_error_rate"":0.0005}","{""detection_events"":472141,""detectors_checked"":192331776}"
    233472,         0,         0,    22.9,exact_mw,894a5a708293b7bd3951925e43ae0371ba83736430ed1970399611b4deb8498b,"{""distance"":7,""physical_error_rate"":0.0001}","{""detection_events"":69847,""detectors_checked"":140550144}"
    927744,         0,         0,    22.8,exact_mw,894a5a708293b7bd3951925e43ae0371ba83736430ed1970399611b4deb8498b,"{""distance"":7,""physical_error_rate"":0.0001}","{""detection_events"":275875,""detectors_checked"":558501888}"
   3496960,         0,         0,    44.7,exact_mw,3793e887e6c3b4d5eff59c5eb9bbee88cf92e7a28a48243659e8f8373a61c55f,"{""distance"":7,""physical_error_rate"":5e-05}","{""detection_events"":522016,""detectors_checked"":2105169920}"
    300032,         0,         0,    44.7,exact_mw,a6f040f5268ba168f94c6ccce4ff822b1b844608631bba2e2b8dc7ec85b1e503,"{""distance"":7,""physical_error_rate"":0.0002}","{""detection_events"":177749,""detectors_checked"":180619264}"
   1363968,         0,         0,    32.0,exact_mw,a6f040f5268ba168f94c6ccce4ff822b1b844608631bba2e2b8dc7ec85b1e503,"{""distance"":7,""physical_error_rate"":0.0002}","{""detection_events"":807266,""detectors_checked"":821108736}"
   1840128,         0,         0,    44.7,exact_mw,a6f040f5268ba168f94c6ccce4ff822b1b844608631bba2e2b8dc7ec85b1e503,"{""distance"":7,""physical_error_rate"":0.0002}","{""detection_events"":1092852,""detectors_checked"":1107757056}"
   3654656,         0,         0,    44.6,exact_mw,3793e887e6c3b4d5eff59c5eb9bbee88cf92e7a28a48243659e8f8373a61c55f,"{""distance"":7,""physical_error_rate"":5e-05}","{""detection_events"":539833,""detectors_checked"":2200102912}"
    477184,         0,         0,    44.8,exact_mw,894a5a708293b7bd3951925e43ae0371ba83736430ed1970399611b4deb8498b,"{""distance"":7,""physical_error_rate"":0.0001}","{""detection_events"":142575,""detectors_checked"":287264768}"
       624,        33,         0,    23.6,exact_mw,b41993e7ca3a4c05067df83ef8f718f9a600cbd2ba374313e90f16e7f7d75967,"{""distance"":7,""physical_error_rate"":0.02}","{""detection_events"":32474,""detectors_checked"":375648,""obs_mistake_mask=E"":33}"
    514048,         0,         0,    44.5,exact_mw,3793e887e6c3b4d5eff59c5eb9bbee88cf92e7a28a48243659e8f8373a61c55f,"{""distance"":7,""physical_error_rate"":5e-05}","{""detection_events"":75674,""detectors_checked"":309456896}"
       896,         9,         0,    23.0,exact_mw,f4817e2f6bf0dfc41195700a9244a7f66964db0e79ea1302ca6e9f2465062a32,"{""distance"":7,""physical_error_rate"":0.01}","{""detection_events"":24997,""detectors_checked"":539392,""obs_mistake_mask=E"":9}"
       624,        25,         0,    23.1,exact_mw,b41993e7ca3a4c05067df83ef8f718f9a600cbd2ba374313e90f16e7f7d75967,"{""distance"":7,""physical_error_rate"":0.02}","{""detection_events"":32750,""detectors_checked"":375648,""obs_mistake_mask=E"":25}"
     55296,         1,         0,    45.5,exact_mw,fe773c48422346d89ea42b7ea8a90aa3034802874175ef2bfbcd9fbedf677903,"{""distance"":7,""physical_error_rate"":0.001}","{""detection_events"":163758,""detectors_checked"":33288192,""obs_mistake_mask=E"":1}"
      1760,        16,         0,    45.3,exact_mw,f4817e2f6bf0dfc41195700a9244a7f66964db0e79ea1302ca6e9f2465062a32,"{""distance"":7,""physical_error_rate"":0.01}","{""detection_events"":49734,""detectors_checked"":1059520,""obs_mistake_mask=E"":16}"
    310272,         0,         0,    44.9,exact_mw,09f626b7d1c8765fd231bc36902f9c5557d3909c4644565b971bdb2bfb186061,"{""distance"":7,""physical_error_rate"":0.0005}","{""detection_events"":459990,""detectors_checked"":186783744}"
    221184,         1,         0,    32.3,exact_mw,09f626b7d1c8765fd231bc36902f9c5557d3909c4644565b971bdb2bfb186061,"{""distance"":7,""physical_error_rate"":0.0005}","{""detection_events"":326862,""detectors_checked"":133152768,""obs_mistake_mask=E"":1}"
   2428928,         0,         0,    32.0,exact_mw,3793e887e6c3b4d5eff59c5eb9bbee88cf92e7a28a48243659e8f8373a61c55f,"{""distance"":7,""physical_error_rate"":5e-05}","{""detection_events"":359480,""detectors_checked"":1462214656}"
     44032,         0,         0,    45.3,exact_mw,09f626b7d1c8765fd231bc36902f9c5557d3909c4644565b971bdb2bfb186061,"{""distance"":7,""physical_error_rate"":0.0005}","{""detection_events"":65392,""detectors_checked"":26507264}"
    287744,         2,         0,    45.0,exact_mw,09f626b7d1c8765fd231bc36902f9c5557d3909c4644565b971bdb2bfb186061,"{""distance"":7,""physical_error_rate"":0.0005}","{""detection_events"":427009,""detectors_checked"":173221888,""obs_mistake_mask=E"":2}"
      1312,         0,         0,    23.0,exact_mw,6534c274fb8721060716b040ba5484c43e0fb249b656ad44721a05b8b1f26839,"{""distance"":7,""physical_error_rate"":0.005}","{""detection_events"":19230,""detectors_checked"":789824}"
     46592,         0,         0,    44.9,exact_mw,09f626b7d1c8765fd231bc36902f9c5557d3909c4644565b971bdb2bfb186061,"{""distance"":7,""physical_error_rate"":0.0005}","{""detection_events"":68658,""detectors_checked"":28048384}"
      6016,         2,         0,    23.5,exact_mw,8842ec4fe0f86aba00650008f7f408db45344cfb5a30f76b1f2c0fb50a8d5069,"{""distance"":7,""physical_error_rate"":0.002}","{""detection_events"":35192,""detectors_checked"":3621632,""obs_mistake_mask=E"":2}"
    326656,         0,         0,    32.1,exact_mw,894a5a708293b7bd3951925e43ae0371ba83736430ed1970399611b4deb8498b,"{""distance"":7,""physical_error_rate"":0.0001}","{""detection_events"":97289,""detectors_checked"":196646912}"
       412,         2,         0,    45.0,exact_mw,6534c274fb8721060716b040ba5484c43e0fb249b656ad44721a05b8b1f26839,"{""distance"":7,""physical_error_rate"":0.005}","{""detection_events"":6076,""detectors_checked"":248024,""obs_mistake_mask=E"":2}"
      1152,        49,         0,    45.0,exact_mw,b41993e7ca3a4c05067df83ef8f718f9a600cbd2ba374313e90f16e7f7d75967,"{""distance"":7,""physical_error_rate"":0.02}","{""detection_events"":60495,""detectors_checked"":693504,""obs_mistake_mask=E"":49}"
     11648,         1,         0,    45.3,exact_mw,8842ec4fe0f86aba00650008f7f408db45344cfb5a30f76b1f2c0fb50a8d5069,"{""distance"":7,""physical_error_rate"":0.002}","{""detection_events"":67830,""detectors_checked"":7012096,""obs_mistake_mask=E"":1}"
      1152,        53,         0,    45.0,exact_mw,b41993e7ca3a4c05067df83ef8f718f9a600cbd2ba374313e90f16e7f7d75967,"{""distance"":7,""physical_error_rate"":0.02}","{""detection_events"":59433,""detectors_checked"":693504,""obs_mistake_mask=E"":53}"
     11776,         2,         0,    45.2,exact_mw,8842ec4fe0f86aba00650008f7f408db45344cfb5a30f76b1f2c0fb50a8d5069,"{""distance"":7,""physical_error_rate"":0.002}","{""detection_events"":69876,""detectors_checked"":7089152,""obs_mistake_mask=E"":2}"
      1728,        13,         0,    45.5,exact_mw,f4817e2f6bf0dfc41195700a9244a7f66964db0e79ea1302ca6e9f2465062a32,"{""distance"":7,""physical_error_rate"":0.01}","{""detection_events"":47918,""detectors_checked"":1040256,""obs_mistake_mask=E"":13}"
      1248,        48,         0,    45.1,exact_mw,b41993e7ca3a4c05067df83ef8f718f9a600cbd2ba374313e90f16e7f7d75967,"{""distance"":7,""physical_error_rate"":0.02}","{""detection_events"":65932,""detectors_checked"":751296,""obs_mistake_mask=E"":48}"
      3104,        11,         0,    45.3,exact_mw,6534c274fb8721060716b040ba5484c43e0fb249b656ad44721a05b8b1f26839,"{""distance"":7,""physical_error_rate"":0.005}","{""detection_events"":44308,""detectors_checked"":1868608,""obs_mistake_mask=E"":11}"
     28672,         0,         0,    23.4,exact_mw,fe773c48422346d89ea42b7ea8a90aa3034802874175ef2bfbcd9fbedf677903,"{""distance"":7,""physical_error_rate"":0.001}","{""detection_events"":84925,""detectors_checked"":17260544}"
       832,         8,         0,    23.8,exact_mw,f4817e2f6bf0dfc41195700a9244a7f66964db0e79ea1302ca6e9f2465062a32,"{""distance"":7,""physical_error_rate"":0.01}","{""detection_events"":23725,""detectors_checked"":500864,""obs_mistake_mask=E"":8}"
       240,         0,         0,    45.2,exact_mw,f4817e2f6bf0dfc41195700a9244a7f66964db0e79ea1302ca6e9f2465062a32,"{""distance"":7,""physical_error_rate"":0.01}","{""detection_events"":6505,""detectors_checked"":144480}"
     53248,         1,         0,    45.4,exact_mw,fe773c48422346d89ea42b7ea8a90aa3034802874175ef2bfbcd9fbedf677903,"{""distance"":7,""physical_error_rate"":0.001}","{""detection_events"":157292,""detectors_checked"":32055296,""obs_mistake_mask=E"":1}"
       832,         9,         0,    23.4,exact_mw,f4817e2f6bf0dfc41195700a9244a7f66964db0e79ea1302ca6e9f2465062a32,"{""distance"":7,""physical_error_rate"":0.01}","{""detection_events"":23617,""detectors_checked"":500864,""obs_mistake_mask=E"":9}"
     12032,         2,         0,    45.6,exact_mw,8842ec4fe0f86aba00650008f7f408db45344cfb5a30f76b1f2c0fb50a8d5069,"{""distance"":7,""physical_error_rate"":0.002}","{""detection_events"":70753,""detectors_checked"":7243264,""obs_mistake_mask=E"":2}"
     29696,         0,         0,    23.1,exact_mw,fe773c48422346d89ea42b7ea8a90aa3034802874175ef2bfbcd9fbedf677903,"{""distance"":7,""physical_error_rate"":0.001}","{""detection_events"":86729,""detectors_checked"":17876992}"
      3136,         6,         0,    45.7,exact_mw,6534c274fb8721060716b040ba5484c43e0fb249b656ad44721a05b8b1f26839,"{""distance"":7,""physical_error_rate"":0.005}","{""detection_events"":45304,""detectors_checked"":1887872,""obs_mistake_mask=E"":6}"
       124,         6,         0,    32.2,exact_mw,b41993e7ca3a4c05067df83ef8f718f9a600cbd2ba374313e90f16e7f7d75967,"{""distance"":7,""physical_error_rate"":0.02}","{""detection_events"":6405,""detectors_checked"":74648,""obs_mistake_mask=E"":6}"
      3008,         6,         0,    45.8,exact_mw,6534c274fb8721060716b040ba5484c43e0fb249b656ad44721a05b8b1f26839,"{""distance"":7,""physical_error_rate"":0.005}","{""detection_events"":43156,""detectors_checked"":1810816,""obs_mistake_mask=E"":6}"
     56320,         2,         0,    45.8,exact_mw,fe773c48422346d89ea42b7ea8a90aa3034802874175ef2bfbcd9fbedf677903,"{""distance"":7,""physical_error_rate"":0.001}","{""detection_events"":164802,""detectors_checked"":33904640,""obs_mistake_mask=E"":2}"
      8448,         2,         0,    32.4,exact_mw,8842ec4fe0f86aba00650008f7f408db45344cfb5a30f76b1f2c0fb50a8d5069,"{""distance"":7,""physical_error_rate"":0.002}","{""detection_events"":49165,""detectors_checked"":5085696,""obs_mistake_mask=E"":2}"
      1280,        12,         0,    32.2,exact_mw,f4817e2f6bf0dfc41195700a9244a7f66964db0e79ea1302ca6e9f2465062a32,"{""distance"":7,""physical_error_rate"":0.01}","{""detection_events"":35031,""detectors_checked"":770560,""obs_mistake_mask=E"":12}"
     11008,         1,         0,    45.1,exact_mw,8842ec4fe0f86aba00650008f7f408db45344cfb5a30f76b1f2c0fb50a8d5069,"{""distance"":7,""physical_error_rate"":0.002}","{""detection_events"":64854,""detectors_checked"":6626816,""obs_mistake_mask=E"":1}"
       172,         5,         0,    45.7,exact_mw,b41993e7ca3a4c05067df83ef8f718f9a600cbd2ba374313e90f16e7f7d75967,"{""distance"":7,""physical_error_rate"":0.02}","{""detection_events"":9234,""detectors_checked"":103544,""obs_mistake_mask=E"":5}"
     39936,         0,         0,    32.7,exact_mw,fe773c48422346d89ea42b7ea8a90aa3034802874175ef2bfbcd9fbedf677903,"{""distance"":7,""physical_error_rate"":0.001}","{""detection_events"":117603,""detectors_checked"":24041472}"
     27648,         0,         0,    23.1,exact_mw,fe773c48422346d89ea42b7ea8a90aa3034802874175ef2bfbcd9fbedf677903,"{""distance"":7,""physical_error_rate"":0.001}","{""detection_events"":81648,""detectors_checked"":16644096}"
      1584,         1,         0,    45.3,exact_mw,8842ec4fe0f86aba00650008f7f408db45344cfb5a30f76b1f2c0fb50a8d5069,"{""distance"":7,""physical_error_rate"":0.002}","{""detection_events"":9537,""detectors_checked"":953568,""obs_mistake_mask=E"":1}"
      2176,         2,         0,    32.8,exact_mw,6534c274fb8721060716b040ba5484c43e0fb249b656ad44721a05b8b1f26839,"{""distance"":7,""physical_error_rate"":0.005}","{""detection_events"":30839,""detectors_checked"":1309952,""obs_mistake_mask=E"":2}"
       324,         0,         0,    32.2,exact_mw,6534c274fb8721060716b040ba5484c43e0fb249b656ad44721a05b8b1f26839,"{""distance"":7,""physical_error_rate"":0.005}","{""detection_events"":4670,""detectors_checked"":195048}"
   3153920,         0,         0,    44.6,exact_mw,894a5a708293b7bd3951925e43ae0371ba83736430ed1970399611b4deb8498b,"{""distance"":7,""physical_error_rate"":0.0001}","{""detection_events"":937004,""detectors_checked"":1898659840}"
      1792,        10,         0,    45.0,exact_mw,f4817e2f6bf0dfc41195700a9244a7f66964db0e79ea1302ca6e9f2465062a32,"{""distance"":7,""physical_error_rate"":0.01}","{""detection_events"":50584,""detectors_checked"":1078784,""obs_mistake_mask=E"":10}"
   2350080,         0,         0,    31.9,exact_mw,894a5a708293b7bd3951925e43ae0371ba83736430ed1970399611b4deb8498b,"{""distance"":7,""physical_error_rate"":0.0001}","{""detection_events"":697589,""detectors_checked"":1414748160}"
   1478656,         1,         0,    32.0,exact_mw,a6f040f5268ba168f94c6ccce4ff822b1b844608631bba2e2b8dc7ec85b1e503,"{""distance"":7,""physical_error_rate"":0.0002}","{""detection_events"":876042,""detectors_checked"":890150912,""obs_mistake_mask=E"":1}"
   2500608,         0,         0,    32.0,exact_mw,3793e887e6c3b4d5eff59c5eb9bbee88cf92e7a28a48243659e8f8373a61c55f,"{""distance"":7,""physical_error_rate"":5e-05}","{""detection_events"":371217,""detectors_checked"":1505366016}"
   2028544,         2,         0,    44.7,exact_mw,a6f040f5268ba168f94c6ccce4ff822b1b844608631bba2e2b8dc7ec85b1e503,"{""distance"":7,""physical_error_rate"":0.0002}","{""detection_events"":1200580,""detectors_checked"":1221183488,""obs_mistake_mask=E"":2}"
    218112,         0,         0,    32.1,exact_mw,09f626b7d1c8765fd231bc36902f9c5557d3909c4644565b971bdb2bfb186061,"{""distance"":7,""physical_error_rate"":0.0005}","{""detection_events"":324253,""detectors_checked"":131303424}"
    337920,         0,         0,    31.9,exact_mw,3793e887e6c3b4d5eff59c5eb9bbee88cf92e7a28a48243659e8f8373a61c55f,"{""distance"":7,""physical_error_rate"":5e-05}","{""detection_events"":50673,""detectors_checked"":203427840}"
    316416,         0,         0,    31.8,exact_mw,894a5a708293b7bd3951925e43ae0371ba83736430ed1970399611b4deb8498b,"{""distance"":7,""physical_error_rate"":0.0001}","{""detection_events"":93070,""detectors_checked"":190482432}"
    315392,         0,         0,    32.1,exact_mw,894a5a708293b7bd3951925e43ae0371ba83736430ed1970399611b4deb8498b,"{""distance"":7,""physical_error_rate"":0.0001}","{""detection_events"":94914,""detectors_checked"":189865984}"
       880,        41,         0,    32.1,exact_mw,b41993e7ca3a4c05067df83ef8f718f9a600cbd2ba374313e90f16e7f7d75967,"{""distance"":7,""physical_error_rate"":0.02}","{""detection_events"":46212,""detectors_checked"":529760,""obs_mistake_mask=E"":41}"
      1312,        11,         0,    32.4,exact_mw,f4817e2f6bf0dfc41195700a9244a7f66964db0e79ea1302ca6e9f2465062a32,"{""distance"":7,""physical_error_rate"":0.01}","{""detection_events"":35450,""detectors_checked"":789824,""obs_mistake_mask=E"":11}"
       880,        49,         0,    32.4,exact_mw,b41993e7ca3a4c05067df83ef8f718f9a600cbd2ba374313e90f16e7f7d75967,"{""distance"":7,""physical_error_rate"":0.02}","{""detection_events"":46869,""detectors_checked"":529760,""obs_mistake_mask=E"":49}"
       736,         0,         0,    32.3,exact_mw,6534c274fb8721060716b040ba5484c43e0fb249b656ad44721a05b8b1f26839,"{""distance"":7,""physical_error_rate"":0.005}","{""detection_events"":10578,""detectors_checked"":443072}"
      8448,         2,         0,    32.9,exact_mw,8842ec4fe0f86aba00650008f7f408db45344cfb5a30f76b1f2c0fb50a8d5069,"{""distance"":7,""physical_error_rate"":0.002}","{""detection_events"":49921,""detectors_checked"":5085696,""obs_mistake_mask=E"":2}"
     38912,         0,         0,    32.5,exact_mw,fe773c48422346d89ea42b7ea8a90aa3034802874175ef2bfbcd9fbedf677903,"{""distance"":7,""physical_error_rate"":0.001}","{""detection_events"":114783,""detectors_checked"":23425024}"
      1280,        13,         0,    33.0,exact_mw,f4817e2f6bf0dfc41195700a9244a7f66964db0e79ea1302ca6e9f2465062a32,"{""distance"":7,""physical_error_rate"":0.01}","{""detection_events"":35787,""detectors_checked"":770560,""obs_mistake_mask=E"":13}"
      1216,        13,         0,    32.7,exact_mw,f4817e2f6bf0dfc41195700a9244a7f66964db0e79ea1302ca6e9f2465062a32,"{""distance"":7,""physical_error_rate"":0.01}","{""detection_events"":34571,""detectors_checked"":732032,""obs_mistake_mask=E"":13}"
     39936,         1,         0,    32.7,exact_mw,fe773c48422346d89ea42b7ea8a90aa3034802874175ef2bfbcd9fbedf677903,"{""distance"":7,""physical_error_rate"":0.001}","{""detection_events"":118092,""detectors_checked"":24041472,""obs_mistake_mask=E"":1}"
     41984,         0,         0,    32.8,exact_mw,fe773c48422346d89ea42b7ea8a90aa3034802874175ef2bfbcd9fbedf677903,"{""distance"":7,""physical_error_rate"":0.001}","{""detection_events"":124638,""detectors_checked"":25274368}"
   1998848,         0,         0,    44.7,exact_mw,a6f040f5268ba168f94c6ccce4ff822b1b844608631bba2e2b8dc7ec85b1e503,"{""distance"":7,""physical_error_rate"":0.0002}","{""detection_events"":1187603,""detectors_checked"":1203306496}"
    313344,         1,         0,    45.1,exact_mw,09f626b7d1c8765fd231bc36902f9c5557d3909c4644565b971bdb2bfb186061,"{""distance"":7,""physical_error_rate"":0.0005}","{""detection_events"":465162,""detectors_checked"":188633088,""obs_mistake_mask=E"":1}"
   3612672,         0,         0,    44.6,exact_mw,3793e887e6c3b4d5eff59c5eb9bbee88cf92e7a28a48243659e8f8373a61c55f,"{""distance"":7,""physical_error_rate"":5e-05}","{""detection_events"":538116,""detectors_checked"":2174828544}"
    431104,         0,         0,    44.6,exact_mw,894a5a708293b7bd3951925e43ae0371ba83736430ed1970399611b4deb8498b,"{""distance"":7,""physical_error_rate"":0.0001}","{""detection_events"":128556,""detectors_checked"":259524608}"
       164,        10,         0,    45.9,exact_mw,b41993e7ca3a4c05067df83ef8f718f9a600cbd2ba374313e90f16e7f7d75967,"{""distance"":7,""physical_error_rate"":0.02}","{""detection_events"":8658,""detectors_checked"":98728,""obs_mistake_mask=E"":10}"
     11776,         3,         0,    45.4,exact_mw,8842ec4fe0f86aba00650008f7f408db45344cfb5a30f76b1f2c0fb50a8d5069,"{""distance"":7,""physical_error_rate"":0.002}","{""detection_events"":69144,""detectors_checked"":7089152,""obs_mistake_mask=E"":3}"
      1792,        16,         0,    45.5,exact_mw,f4817e2f6bf0dfc41195700a9244a7f66964db0e79ea1302ca6e9f2465062a32,"{""distance"":7,""physical_error_rate"":0.01}","{""detection_events"":50129,""detectors_checked"":1078784,""obs_mistake_mask=E"":16}"
   2874368,         1,         0,    62.7,exact_mw,a6f040f5268ba168f94c6ccce4ff822b1b844608631bba2e2b8dc7ec85b1e503,"{""distance"":7,""physical_error_rate"":0.0002}","{""detection_events"":1703627,""detectors_checked"":1730369536,""obs_mistake_mask=E"":1}"
     55296,         2,         0,    45.5,exact_mw,fe773c48422346d89ea42b7ea8a90aa3034802874175ef2bfbcd9fbedf677903,"{""distance"":7,""physical_error_rate"":0.001}","{""detection_events"":163070,""detectors_checked"":33288192,""obs_mistake_mask=E"":2}"
   5202944,         0,         0,    62.5,exact_mw,3793e887e6c3b4d5eff59c5eb9bbee88cf92e7a28a48243659e8f8373a61c55f,"{""distance"":7,""physical_error_rate"":5e-05}","{""detection_events"":769883,""detectors_checked"":3132172288}"
   2836480,         1,         0,    62.6,exact_mw,a6f040f5268ba168f94c6ccce4ff822b1b844608631bba2e2b8dc7ec85b1e503,"{""distance"":7,""physical_error_rate"":0.0002}","{""detection_events"":1679760,""detectors_checked"":1707560960,""obs_mistake_mask=E"":1}"
   4690944,         0,         0,    62.5,exact_mw,894a5a708293b7bd3951925e43ae0371ba83736430ed1970399611b4deb8498b,"{""distance"":7,""physical_error_rate"":0.0001}","{""detection_events"":1392771,""detectors_checked"":2823948288}"
      3200,         4,         0,    45.8,exact_mw,6534c274fb8721060716b040ba5484c43e0fb249b656ad44721a05b8b1f26839,"{""distance"":7,""physical_error_rate"":0.005}","{""detection_events"":45845,""detectors_checked"":1926400,""obs_mistake_mask=E"":4}"
    446464,         1,         0,    62.9,exact_mw,09f626b7d1c8765fd231bc36902f9c5557d3909c4644565b971bdb2bfb186061,"{""distance"":7,""physical_error_rate"":0.0005}","{""detection_events"":662206,""detectors_checked"":268771328,""obs_mistake_mask=E"":1}"
       392,         1,         0,    45.6,exact_mw,6534c274fb8721060716b040ba5484c43e0fb249b656ad44721a05b8b1f26839,"{""distance"":7,""physical_error_rate"":0.005}","{""detection_events"":5447,""detectors_checked"":235984,""obs_mistake_mask=E"":1}"
   5165056,         0,         0,    62.5,exact_mw,3793e887e6c3b4d5eff59c5eb9bbee88cf92e7a28a48243659e8f8373a61c55f,"{""distance"":7,""physical_error_rate"":5e-05}","{""detection_events"":765446,""detectors_checked"":3109363712}"
    361472,         0,         0,    62.4,exact_mw,a6f040f5268ba168f94c6ccce4ff822b1b844608631bba2e2b8dc7ec85b1e503,"{""distance"":7,""physical_error_rate"":0.0002}","{""detection_events"":215380,""detectors_checked"":217606144}"
   2833408,         3,         0,    62.7,exact_mw,a6f040f5268ba168f94c6ccce4ff822b1b844608631bba2e2b8dc7ec85b1e503,"{""distance"":7,""physical_error_rate"":0.0002}","{""detection_events"":1677797,""detectors_checked"":1705711616,""obs_mistake_mask=E"":3}"
   5159936,         0,         0,    62.6,exact_mw,3793e887e6c3b4d5eff59c5eb9bbee88cf92e7a28a48243659e8f8373a61c55f,"{""distance"":7,""physical_error_rate"":5e-05}","{""detection_events"":762006,""detectors_checked"":3106281472}"
    605184,         0,         0,    62.8,exact_mw,894a5a708293b7bd3951925e43ae0371ba83736430ed1970399611b4deb8498b,"{""distance"":7,""physical_error_rate"":0.0001}","{""detection_events"":180537,""detectors_checked"":364320768}"
    658432,         0,         0,    62.5,exact_mw,3793e887e6c3b4d5eff59c5eb9bbee88cf92e7a28a48243659e8f8373a61c55f,"{""distance"":7,""physical_error_rate"":5e-05}","{""detection_events"":97655,""detectors_checked"":396376064}"
      2432,        21,         0,    63.0,exact_mw,f4817e2f6bf0dfc41195700a9244a7f66964db0e79ea1302ca6e9f2465062a32,"{""distance"":7,""physical_error_rate"":0.01}","{""detection_events"":68032,""detectors_checked"":1464064,""obs_mistake_mask=E"":21}"
     76800,         2,         0,    63.3,exact_mw,fe773c48422346d89ea42b7ea8a90aa3034802874175ef2bfbcd9fbedf677903,"{""distance"":7,""physical_error_rate"":0.001}","{""detection_events"":225979,""detectors_checked"":46233600,""obs_mistake_mask=E"":2}"
    448512,         1,         0,    63.0,exact_mw,09f626b7d1c8765fd231bc36902f9c5557d3909c4644565b971bdb2bfb186061,"{""distance"":7,""physical_error_rate"":0.0005}","{""detection_events"":660992,""detectors_checked"":270004224,""obs_mistake_mask=E"":1}"
    436224,         1,         0,    63.0,exact_mw,09f626b7d1c8765fd231bc36902f9c5557d3909c4644565b971bdb2bfb186061,"{""distance"":7,""physical_error_rate"":0.0005}","{""detection_events"":646359,""detectors_checked"":262606848,""obs_mistake_mask=E"":1}"
     58368,         0,         0,    63.4,exact_mw,09f626b7d1c8765fd231bc36902f9c5557d3909c4644565b971bdb2bfb186061,"{""distance"":7,""physical_error_rate"":0.0005}","{""detection_events"":85908,""detectors_checked"":35137536}"
     54784,         0,         0,    63.3,exact_mw,09f626b7d1c8765fd231bc36902f9c5557d3909c4644565b971bdb2bfb186061,"{""distance"":7,""physical_error_rate"":0.0005}","{""detection_events"":80948,""detectors_checked"":32979968}"
      1744,        72,         0,    63.2,exact_mw,b41993e7ca3a4c05067df83ef8f718f9a600cbd2ba374313e90f16e7f7d75967,"{""distance"":7,""physical_error_rate"":0.02}","{""detection_events"":90847,""detectors_checked"":1049888,""obs_mistake_mask=E"":72}"
       912,        33,         0,    32.7,exact_mw,b41993e7ca3a4c05067df83ef8f718f9a600cbd2ba374313e90f16e7f7d75967,"{""distance"":7,""physical_error_rate"":0.02}","{""detection_events"":47374,""detectors_checked"":549024,""obs_mistake_mask=E"":33}"
      1744,        70,         0,    63.0,exact_mw,b41993e7ca3a4c05067df83ef8f718f9a600cbd2ba374313e90f16e7f7d75967,"{""distance"":7,""physical_error_rate"":0.02}","{""detection_events"":91440,""detectors_checked"":1049888,""obs_mistake_mask=E"":70}"
     16640,         2,         0,    63.3,exact_mw,8842ec4fe0f86aba00650008f7f408db45344cfb5a30f76b1f2c0fb50a8d5069,"{""distance"":7,""physical_error_rate"":0.002}","{""detection_events"":97081,""detectors_checked"":10017280,""obs_mistake_mask=E"":2}"
     16128,         4,         0,    63.0,exact_mw,8842ec4fe0f86aba00650008f7f408db45344cfb5a30f76b1f2c0fb50a8d5069,"{""distance"":7,""physical_error_rate"":0.002}","{""detection_events"":94471,""detectors_checked"":9709056,""obs_mistake_mask=E"":4}"
       960,        39,         0,    33.9,exact_mw,b41993e7ca3a4c05067df83ef8f718f9a600cbd2ba374313e90f16e7f7d75967,"{""distance"":7,""physical_error_rate"":0.02}","{""detection_events"":50676,""detectors_checked"":577920,""obs_mistake_mask=E"":39}"
      1760,        82,         0,    62.9,exact_mw,b41993e7ca3a4c05067df83ef8f718f9a600cbd2ba374313e90f16e7f7d75967,"{""distance"":7,""physical_error_rate"":0.02}","{""detection_events"":91979,""detectors_checked"":1059520,""obs_mistake_mask=E"":82}"
        44,         0,         0,    13.3,exact_mw,b41993e7ca3a4c05067df83ef8f718f9a600cbd2ba374313e90f16e7f7d75967,"{""distance"":7,""physical_error_rate"":0.02}","{""detection_events"":2308,""detectors_checked"":26488}"
       528,         1,         0,    64.0,exact_mw,6534c274fb8721060716b040ba5484c43e0fb249b656ad44721a05b8b1f26839,"{""distance"":7,""physical_error_rate"":0.005}","{""detection_events"":7446,""detectors_checked"":317856,""obs_mistake_mask=E"":1}"
      2560,        20,         0,    63.3,exact_mw,f4817e2f6bf0dfc41195700a9244a7f66964db0e79ea1302ca6e9f2465062a32,"{""distance"":7,""physical_error_rate"":0.01}","{""detection_events"":70907,""detectors_checked"":1541120,""obs_mistake_mask=E"":20}"
       192,         9,         0,    56.8,exact_mw,b41993e7ca3a4c05067df83ef8f718f9a600cbd2ba374313e90f16e7f7d75967,"{""distance"":7,""physical_error_rate"":0.02}","{""detection_events"":9930,""detectors_checked"":115584,""obs_mistake_mask=E"":9}"
      4288,         6,         0,    63.3,exact_mw,6534c274fb8721060716b040ba5484c43e0fb249b656ad44721a05b8b1f26839,"{""distance"":7,""physical_error_rate"":0.005}","{""detection_events"":61340,""detectors_checked"":2581376,""obs_mistake_mask=E"":6}"
   3378176,         0,         0,    44.7,exact_mw,894a5a708293b7bd3951925e43ae0371ba83736430ed1970399611b4deb8498b,"{""distance"":7,""physical_error_rate"":0.0001}","{""detection_events"":999996,""detectors_checked"":2033661952}"
     74752,         0,         0,    63.1,exact_mw,fe773c48422346d89ea42b7ea8a90aa3034802874175ef2bfbcd9fbedf677903,"{""distance"":7,""physical_error_rate"":0.001}","{""detection_events"":221069,""detectors_checked"":45000704}"
       312,         7,         0,    63.3,exact_mw,f4817e2f6bf0dfc41195700a9244a7f66964db0e79ea1302ca6e9f2465062a32,"{""distance"":7,""physical_error_rate"":0.01}","{""detection_events"":8790,""detectors_checked"":187824,""obs_mistake_mask=E"":7}"
   2051072,         1,         0,    44.8,exact_mw,a6f040f5268ba168f94c6ccce4ff822b1b844608631bba2e2b8dc7ec85b1e503,"{""distance"":7,""physical_error_rate"":0.0002}","{""detection_events"":1214004,""detectors_checked"":1234745344,""obs_mistake_mask=E"":1}"
   3677184,         0,         0,    44.7,exact_mw,3793e887e6c3b4d5eff59c5eb9bbee88cf92e7a28a48243659e8f8373a61c55f,"{""distance"":7,""physical_error_rate"":5e-05}","{""detection_events"":545339,""detectors_checked"":2213664768}"
     16512,         6,         0,    63.5,exact_mw,8842ec4fe0f86aba00650008f7f408db45344cfb5a30f76b1f2c0fb50a8d5069,"{""distance"":7,""physical_error_rate"":0.002}","{""detection_events"":97588,""detectors_checked"":9940224,""obs_mistake_mask=E"":6}"
      4352,         4,         0,    63.4,exact_mw,6534c274fb8721060716b040ba5484c43e0fb249b656ad44721a05b8b1f26839,"{""distance"":7,""physical_error_rate"":0.005}","{""detection_events"":62043,""detectors_checked"":2619904,""obs_mistake_mask=E"":4}"
    319488,         0,         0,    45.0,exact_mw,09f626b7d1c8765fd231bc36902f9c5557d3909c4644565b971bdb2bfb186061,"{""distance"":7,""physical_error_rate"":0.0005}","{""detection_events"":474468,""detectors_checked"":192331776}"
      4224,        13,         0,    63.4,exact_mw,6534c274fb8721060716b040ba5484c43e0fb249b656ad44721a05b8b1f26839,"{""distance"":7,""physical_error_rate"":0.005}","{""detection_events"":61203,""detectors_checked"":2542848,""obs_mistake_mask=E"":13}"
    462848,         0,         0,    44.6,exact_mw,3793e887e6c3b4d5eff59c5eb9bbee88cf92e7a28a48243659e8f8373a61c55f,"{""distance"":7,""physical_error_rate"":5e-05}","{""detection_events"":69152,""detectors_checked"":278634496}"
     78848,         1,         0,    63.9,exact_mw,fe773c48422346d89ea42b7ea8a90aa3034802874175ef2bfbcd9fbedf677903,"{""distance"":7,""physical_error_rate"":0.001}","{""detection_events"":233112,""detectors_checked"":47466496,""obs_mistake_mask=E"":1}"
     15872,         4,         0,    63.5,exact_mw,8842ec4fe0f86aba00650008f7f408db45344cfb5a30f76b1f2c0fb50a8d5069,"{""distance"":7,""physical_error_rate"":0.002}","{""detection_events"":94058,""detectors_checked"":9554944,""obs_mistake_mask=E"":4}"
    424960,         0,         0,    44.6,exact_mw,894a5a708293b7bd3951925e43ae0371ba83736430ed1970399611b4deb8498b,"{""distance"":7,""physical_error_rate"":0.0001}","{""detection_events"":125600,""detectors_checked"":255825920}"
    427008,         0,         0,    44.7,exact_mw,894a5a708293b7bd3951925e43ae0371ba83736430ed1970399611b4deb8498b,"{""distance"":7,""physical_error_rate"":0.0001}","{""detection_events"":125754,""detectors_checked"":257058816}"
      1952,         0,         0,    63.0,exact_mw,8842ec4fe0f86aba00650008f7f408db45344cfb5a30f76b1f2c0fb50a8d5069,"{""distance"":7,""physical_error_rate"":0.002}","{""detection_events"":12074,""detectors_checked"":1175104}"
      1792,        14,         0,    45.8,exact_mw,f4817e2f6bf0dfc41195700a9244a7f66964db0e79ea1302ca6e9f2465062a32,"{""distance"":7,""physical_error_rate"":0.01}","{""detection_events"":50236,""detectors_checked"":1078784,""obs_mistake_mask=E"":14}"
       368,         1,         0,    45.0,exact_mw,6534c274fb8721060716b040ba5484c43e0fb249b656ad44721a05b8b1f26839,"{""distance"":7,""physical_error_rate"":0.005}","{""detection_events"":5466,""detectors_checked"":221536,""obs_mistake_mask=E"":1}"
   4079616,         0,         0,    62.6,exact_mw,894a5a708293b7bd3951925e43ae0371ba83736430ed1970399611b4deb8498b,"{""distance"":7,""physical_error_rate"":0.0001}","{""detection_events"":1208503,""detectors_checked"":2455928832}"
     12288,         1,         0,    45.9,exact_mw,8842ec4fe0f86aba00650008f7f408db45344cfb5a30f76b1f2c0fb50a8d5069,"{""distance"":7,""physical_error_rate"":0.002}","{""detection_events"":71446,""detectors_checked"":7397376,""obs_mistake_mask=E"":1}"
     53760,         1,         0,    45.0,exact_mw,fe773c48422346d89ea42b7ea8a90aa3034802874175ef2bfbcd9fbedf677903,"{""distance"":7,""physical_error_rate"":0.001}","{""detection_events"":159789,""detectors_checked"":32363520,""obs_mistake_mask=E"":1}"
      2496,        23,         0,    63.2,exact_mw,f4817e2f6bf0dfc41195700a9244a7f66964db0e79ea1302ca6e9f2465062a32,"{""distance"":7,""physical_error_rate"":0.01}","{""detection_events"":69636,""detectors_checked"":1502592,""obs_mistake_mask=E"":23}"
      1728,        14,         0,    45.0,exact_mw,f4817e2f6bf0dfc41195700a9244a7f66964db0e79ea1302ca6e9f2465062a32,"{""distance"":7,""physical_error_rate"":0.01}","{""detection_events"":47945,""detectors_checked"":1040256,""obs_mistake_mask=E"":14}"
      1696,        12,         0,    45.0,exact_mw,f4817e2f6bf0dfc41195700a9244a7f66964db0e79ea1302ca6e9f2465062a32,"{""distance"":7,""physical_error_rate"":0.01}","{""detection_events"":47914,""detectors_checked"":1020992,""obs_mistake_mask=E"":12}"
     57344,         0,         0,    45.4,exact_mw,fe773c48422346d89ea42b7ea8a90aa3034802874175ef2bfbcd9fbedf677903,"{""distance"":7,""physical_error_rate"":0.001}","{""detection_events"":169023,""detectors_checked"":34521088}"
       273,         0,         0,   0.054,exact_mw,09f626b7d1c8765fd231bc36902f9c5557d3909c4644565b971bdb2bfb186061,"{""distance"":7,""physical_error_rate"":0.0005}","{""detection_events"":378,""detectors_checked"":164346}"
      1024,         0,         0,   0.167,exact_mw,09f626b7d1c8765fd231bc36902f9c5557d3909c4644565b971bdb2bfb186061,"{""distance"":7,""physical_error_rate"":0.0005}","{""detection_events"":1483,""detectors_checked"":616448}"
         1,         0,         0,   0.001,exact_mw,a6f040f5268ba168f94c6ccce4ff822b1b844608631bba2e2b8dc7ec85b1e503,"{""distance"":7,""physical_error_rate"":0.0002}","{""detection_events"":2,""detectors_checked"":602}"
      1024,         0,         0,   0.160,exact_mw,09f626b7d1c8765fd231bc36902f9c5557d3909c4644565b971bdb2bfb186061,"{""distance"":7,""physical_error_rate"":0.0005}","{""detection_events"":1532,""detectors_checked"":616448}"
      2320,         0,         0,   0.032,exact_mw,a6f040f5268ba168f94c6ccce4ff822b1b844608631bba2e2b8dc7ec85b1e503,"{""distance"":7,""physical_error_rate"":0.0002}","{""detection_events"":1338,""detectors_checked"":1396640}"
      1024,         0,         0,   0.025,exact_mw,a6f040f5268ba168f94c6ccce4ff822b1b844608631bba2e2b8dc7ec85b1e503,"{""distance"":7,""physical_error_rate"":0.0002}","{""detection_events"":633,""detectors_checked"":616448}"
      2048,         0,         0,   0.035,exact_mw,a6f040f5268ba168f94c6ccce4ff822b1b844608631bba2e2b8dc7ec85b1e503,"{""distance"":7,""physical_error_rate"":0.0002}","{""detection_events"":1284,""detectors_checked"":1232896}"
      2048,         0,         0,   0.035,exact_mw,a6f040f5268ba168f94c6ccce4ff822b1b844608631bba2e2b8dc7ec85b1e503,"{""distance"":7,""physical_error_rate"":0.0002}","{""detection_events"":1177,""detectors_checked"":1232896}"
      1024,         0,         0,   0.160,exact_mw,09f626b7d1c8765fd231bc36902f9c5557d3909c4644565b971bdb2bfb186061,"{""distance"":7,""physical_error_rate"":0.0005}","{""detection_events"":1565,""detectors_checked"":616448}"
      3072,         0,         0,   0.059,exact_mw,a6f040f5268ba168f94c6ccce4ff822b1b844608631bba2e2b8dc7ec85b1e503,"{""distance"":7,""physical_error_rate"":0.0002}","{""detection_events"":1813,""detectors_checked"":1849344}"
      1024,         0,         0,   0.113,exact_mw,09f626b7d1c8765fd231bc36902f9c5557d3909c4644565b971bdb2bfb186061,"{""distance"":7,""physical_error_rate"":0.0005}","{""detection_events"":1425,""detectors_checked"":616448}"
      4096,         0,         0,   0.068,exact_mw,a6f040f5268ba168f94c6ccce4ff822b1b844608631bba2e2b8dc7ec85b1e503,"{""distance"":7,""physical_error_rate"":0.0002}","{""detection_events"":2373,""detectors_checked"":2465792}"
      6144,         0,         0,   0.115,exact_mw,a6f040f5268ba168f94c6ccce4ff822b1b844608631bba2e2b8dc7ec85b1e503,"{""distance"":7,""physical_error_rate"":0.0002}","{""detection_events"":3571,""detectors_checked"":3698688}"
      1024,         0,         0,   0.159,exact_mw,09f626b7d1c8765fd231bc36902f9c5557d3909c4644565b971bdb2bfb186061,"{""distance"":7,""physical_error_rate"":0.0005}","{""detection_events"":1602,""detectors_checked"":616448}"
         1,         0,         0,   0.001,exact_mw,894a5a708293b7bd3951925e43ae0371ba83736430ed1970399611b4deb8498b,"{""distance"":7,""physical_error_rate"":0.0001}","{""detectors_checked"":602}"
      2320,         0,         0,   0.029,exact_mw,894a5a708293b7bd3951925e43ae0371ba83736430ed1970399611b4deb8498b,"{""distance"":7,""physical_error_rate"":0.0001}","{""detection_events"":661,""detectors_checked"":1396640}"
      2048,         0,         0,   0.022,exact_mw,894a5a708293b7bd3951925e43ae0371ba83736430ed1970399611b4deb8498b,"{""distance"":7,""physical_error_rate"":0.0001}","{""detection_events"":615,""detectors_checked"":1232896}"
      2048,         0,         0,   0.029,exact_mw,894a5a708293b7bd3951925e43ae0371ba83736430ed1970399611b4deb8498b,"{""distance"":7,""physical_error_rate"":0.0001}","{""detection_events"":586,""detectors_checked"":1232896}"
      7168,         0,         0,   0.139,exact_mw,a6f040f5268ba168f94c6ccce4ff822b1b844608631bba2e2b8dc7ec85b1e503,"{""distance"":7,""physical_error_rate"":0.0002}","{""detection_events"":4211,""detectors_checked"":4315136}"
      1024,         0,         0,   0.118,exact_mw,09f626b7d1c8765fd231bc36902f9c5557d3909c4644565b971bdb2bfb186061,"{""distance"":7,""physical_error_rate"":0.0005}","{""detection_events"":1445,""detectors_checked"":616448}"
      4096,         0,         0,   0.055,exact_mw,894a5a708293b7bd3951925e43ae0371ba83736430ed1970399611b4deb8498b,"{""distance"":7,""physical_error_rate"":0.0001}","{""detection_events"":1265,""detectors_checked"":2465792}"
      4096,         0,         0,   0.058,exact_mw,894a5a708293b7bd3951925e43ae0371ba83736430ed1970399611b4deb8498b,"{""distance"":7,""physical_error_rate"":0.0001}","{""detection_events"":1194,""detectors_checked"":2465792}"
      5120,         0,         0,   0.080,exact_mw,894a5a708293b7bd3951925e43ae0371ba83736430ed1970399611b4deb8498b,"{""distance"":7,""physical_error_rate"":0.0001}","{""detection_events"":1430,""detectors_checked"":3082240}"
      9216,         0,         0,   0.216,exact_mw,a6f040f5268ba168f94c6ccce4ff822b1b844608631bba2e2b8dc7ec85b1e503,"{""distance"":7,""physical_error_rate"":0.0002}","{""detection_events"":5239,""detectors_checked"":5548032}"
      7168,         0,         0,   0.115,exact_mw,894a5a708293b7bd3951925e43ae0371ba83736430ed1970399611b4deb8498b,"{""distance"":7,""physical_error_rate"":0.0001}","{""detection_events"":2185,""detectors_checked"":4315136}"
      2048,         0,         0,   0.295,exact_mw,09f626b7d1c8765fd231bc36902f9c5557d3909c4644565b971bdb2bfb186061,"{""distance"":7,""physical_error_rate"":0.0005}","{""detection_events"":3263,""detectors_checked"":1232896}"
     11264,         0,         0,   0.135,exact_mw,894a5a708293b7bd3951925e43ae0371ba83736430ed1970399611b4deb8498b,"{""distance"":7,""physical_error_rate"":0.0001}","{""detection_events"":3332,""detectors_checked"":6780928}"
      1024,         0,         0,   0.175,exact_mw,09f626b7d1c8765fd231bc36902f9c5557d3909c4644565b971bdb2bfb186061,"{""distance"":7,""physical_error_rate"":0.0005}","{""detection_events"":1520,""detectors_checked"":616448}"
     14336,         0,         0,   0.306,exact_mw,a6f040f5268ba168f94c6ccce4ff822b1b844608631bba2e2b8dc7ec85b1e503,"{""distance"":7,""physical_error_rate"":0.0002}","{""detection_events"":8695,""detectors_checked"":8630272}"
      2321,         0,         0,   0.029,exact_mw,3793e887e6c3b4d5eff59c5eb9bbee88cf92e7a28a48243659e8f8373a61c55f,"{""distance"":7,""physical_error_rate"":5e-05}","{""detection_events"":309,""detectors_checked"":1397242}"
     14336,         0,         0,   0.215,exact_mw,894a5a708293b7bd3951925e43ae0371ba83736430ed1970399611b4deb8498b,"{""distance"":7,""physical_error_rate"":0.0001}","{""detection_events"":4290,""detectors_checked"":8630272}"
      2048,         0,         0,   0.026,exact_mw,3793e887e6c3b4d5eff59c5eb9bbee88cf92e7a28a48243659e8f8373a61c55f,"{""distance"":7,""physical_error_rate"":5e-05}","{""detection_events"":252,""detectors_checked"":1232896}"
      2048,         0,         0,   0.218,exact_mw,09f626b7d1c8765fd231bc36902f9c5557d3909c4644565b971bdb2bfb186061,"{""distance"":7,""physical_error_rate"":0.0005}","{""detection_events"":2973,""detectors_checked"":1232896}"
      3072,         0,         0,   0.032,exact_mw,3793e887e6c3b4d5eff59c5eb9bbee88cf92e7a28a48243659e8f8373a61c55f,"{""distance"":7,""physical_error_rate"":5e-05}","{""detection_events"":531,""detectors_checked"":1849344}"
      3072,         0,         0,   0.032,exact_mw,3793e887e6c3b4d5eff59c5eb9bbee88cf92e7a28a48243659e8f8373a61c55f,"{""distance"":7,""physical_error_rate"":5e-05}","{""detection_events"":524,""detectors_checked"":1849344}"
      4096,         0,         0,   0.038,exact_mw,3793e887e6c3b4d5eff59c5eb9bbee88cf92e7a28a48243659e8f8373a61c55f,"{""distance"":7,""physical_error_rate"":5e-05}","{""detection_events"":654,""detectors_checked"":2465792}"
      5120,         0,         0,   0.057,exact_mw,3793e887e6c3b4d5eff59c5eb9bbee88cf92e7a28a48243659e8f8373a61c55f,"{""distance"":7,""physical_error_rate"":5e-05}","{""detection_events"":775,""detectors_checked"":3082240}"
   2852864,         0,         0,    62.8,exact_mw,a6f040f5268ba168f94c6ccce4ff822b1b844608631bba2e2b8dc7ec85b1e503,"{""distance"":7,""physical_error_rate"":0.0002}","{""detection_events"":1691561,""detectors_checked"":1717424128}"
     16384,         0,         0,   0.421,exact_mw,a6f040f5268ba168f94c6ccce4ff822b1b844608631bba2e2b8dc7ec85b1e503,"{""distance"":7,""physical_error_rate"":0.0002}","{""detection_events"":9620,""detectors_checked"":9863168}"
      7168,         0,         0,   0.082,exact_mw,3793e887e6c3b4d5eff59c5eb9bbee88cf92e7a28a48243659e8f8373a61c55f,"{""distance"":7,""physical_error_rate"":5e-05}","{""detection_events"":1020,""detectors_checked"":4315136}"
     21504,         0,         0,   0.297,exact_mw,894a5a708293b7bd3951925e43ae0371ba83736430ed1970399611b4deb8498b,"{""distance"":7,""physical_error_rate"":0.0001}","{""detection_events"":6291,""detectors_checked"":12945408}"
      9216,         0,         0,   0.108,exact_mw,3793e887e6c3b4d5eff59c5eb9bbee88cf92e7a28a48243659e8f8373a61c55f,"{""distance"":7,""physical_error_rate"":5e-05}","{""detection_events"":1291,""detectors_checked"":5548032}"
      3072,         0,         0,   0.393,exact_mw,09f626b7d1c8765fd231bc36902f9c5557d3909c4644565b971bdb2bfb186061,"{""distance"":7,""physical_error_rate"":0.0005}","{""detection_events"":4633,""detectors_checked"":1849344}"
     12288,         0,         0,   0.140,exact_mw,3793e887e6c3b4d5eff59c5eb9bbee88cf92e7a28a48243659e8f8373a61c55f,"{""distance"":7,""physical_error_rate"":5e-05}","{""detection_events"":1973,""detectors_checked"":7397376}"
         1,         0,         0,   0.004,exact_mw,6534c274fb8721060716b040ba5484c43e0fb249b656ad44721a05b8b1f26839,"{""distance"":7,""physical_error_rate"":0.005}","{""detection_events"":9,""detectors_checked"":602}"
     32768,         0,         0,   0.416,exact_mw,894a5a708293b7bd3951925e43ae0371ba83736430ed1970399611b4deb8498b,"{""distance"":7,""physical_error_rate"":0.0001}","{""detection_events"":9364,""detectors_checked"":19726336}"
     17408,         0,         0,   0.209,exact_mw,3793e887e6c3b4d5eff59c5eb9bbee88cf92e7a28a48243659e8f8373a61c55f,"{""distance"":7,""physical_error_rate"":5e-05}","{""detection_events"":2622,""detectors_checked"":10479616}"
        16,         0,         0,   0.192,exact_mw,6534c274fb8721060716b040ba5484c43e0fb249b656ad44721a05b8b1f26839,"{""distance"":7,""physical_error_rate"":0.005}","{""detection_events"":209,""detectors_checked"":9632}"
     22528,         0,         0,   0.594,exact_mw,a6f040f5268ba168f94c6ccce4ff822b1b844608631bba2e2b8dc7ec85b1e503,"{""distance"":7,""physical_error_rate"":0.0002}","{""detection_events"":13207,""detectors_checked"":13561856}"
      3072,         1,         0,   0.459,exact_mw,09f626b7d1c8765fd231bc36902f9c5557d3909c4644565b971bdb2bfb186061,"{""distance"":7,""physical_error_rate"":0.0005}","{""detection_events"":4664,""detectors_checked"":1849344,""obs_mistake_mask=E"":1}"
     22528,         0,         0,   0.288,exact_mw,3793e887e6c3b4d5eff59c5eb9bbee88cf92e7a28a48243659e8f8373a61c55f,"{""distance"":7,""physical_error_rate"":5e-05}","{""detection_events"":3531,""detectors_checked"":13561856}"
     55296,         2,         0,    45.3,exact_mw,fe773c48422346d89ea42b7ea8a90aa3034802874175ef2bfbcd9fbedf677903,"{""distance"":7,""physical_error_rate"":0.001}","{""detection_events"":162778,""detectors_checked"":33288192,""obs_mistake_mask=E"":2}"
     41984,         0,         0,   0.573,exact_mw,894a5a708293b7bd3951925e43ae0371ba83736430ed1970399611b4deb8498b,"{""distance"":7,""physical_error_rate"":0.0001}","{""detection_events"":12155,""detectors_checked"":25274368}"
        32,         0,         0,   0.544,exact_mw,6534c274fb8721060716b040ba5484c43e0fb249b656ad44721a05b8b1f26839,"{""distance"":7,""physical_error_rate"":0.005}","{""detection_events"":491,""detectors_checked"":19264}"
     31744,         0,         0,   0.395,exact_mw,3793e887e6c3b4d5eff59c5eb9bbee88cf92e7a28a48243659e8f8373a61c55f,"{""distance"":7,""physical_error_rate"":5e-05}","{""detection_events"":4379,""detectors_checked"":19109888}"
      5120,         0,         0,   0.636,exact_mw,09f626b7d1c8765fd231bc36902f9c5557d3909c4644565b971bdb2bfb186061,"{""distance"":7,""physical_error_rate"":0.0005}","{""detection_events"":7635,""detectors_checked"":3082240}"
     39936,         0,         0,   0.795,exact_mw,a6f040f5268ba168f94c6ccce4ff822b1b844608631bba2e2b8dc7ec85b1e503,"{""distance"":7,""physical_error_rate"":0.0002}","{""detection_events"":23632,""detectors_checked"":24041472}"
        17,         0,         0,   0.029,exact_mw,8842ec4fe0f86aba00650008f7f408db45344cfb5a30f76b1f2c0fb50a8d5069,"{""distance"":7,""physical_error_rate"":0.002}","{""detection_events"":89,""detectors_checked"":10234}"
        32,         0,         0,   0.520,exact_mw,6534c274fb8721060716b040ba5484c43e0fb249b656ad44721a05b8b1f26839,"{""distance"":7,""physical_error_rate"":0.005}","{""detection_events"":516,""detectors_checked"":19264}"
     46080,         0,         0,   0.578,exact_mw,3793e887e6c3b4d5eff59c5eb9bbee88cf92e7a28a48243659e8f8373a61c55f,"{""distance"":7,""physical_error_rate"":5e-05}","{""detection_events"":7120,""detectors_checked"":27740160}"
     60416,         0,         0,   0.802,exact_mw,894a5a708293b7bd3951925e43ae0371ba83736430ed1970399611b4deb8498b,"{""distance"":7,""physical_error_rate"":0.0001}","{""detection_events"":17993,""detectors_checked"":36370432}"
        32,         0,         0,   0.374,exact_mw,6534c274fb8721060716b040ba5484c43e0fb249b656ad44721a05b8b1f26839,"{""distance"":7,""physical_error_rate"":0.005}","{""detection_events"":388,""detectors_checked"":19264}"
      6144,         0,         0,   0.916,exact_mw,09f626b7d1c8765fd231bc36902f9c5557d3909c4644565b971bdb2bfb186061,"{""distance"":7,""physical_error_rate"":0.0005}","{""detection_events"":9318,""detectors_checked"":3698688}"
     51200,         0,         0,    1.12,exact_mw,a6f040f5268ba168f94c6ccce4ff822b1b844608631bba2e2b8dc7ec85b1e503,"{""distance"":7,""physical_error_rate"":0.0002}","{""detection_events"":30733,""detectors_checked"":30822400}"
        32,         0,         0,   0.491,exact_mw,6534c274fb8721060716b040ba5484c43e0fb249b656ad44721a05b8b1f26839,"{""distance"":7,""physical_error_rate"":0.005}","{""detection_events"":497,""detectors_checked"":19264}"
       256,         0,         0,    1.01,exact_mw,8842ec4fe0f86aba00650008f7f408db45344cfb5a30f76b1f2c0fb50a8d5069,"{""distance"":7,""physical_error_rate"":0.002}","{""detection_events"":1477,""detectors_checked"":154112}"
     65536,         0,         0,   0.801,exact_mw,3793e887e6c3b4d5eff59c5eb9bbee88cf92e7a28a48243659e8f8373a61c55f,"{""distance"":7,""physical_error_rate"":5e-05}","{""detection_events"":9474,""detectors_checked"":39452672}"
     83968,         0,         0,    1.12,exact_mw,894a5a708293b7bd3951925e43ae0371ba83736430ed1970399611b4deb8498b,"{""distance"":7,""physical_error_rate"":0.0001}","{""detection_events"":24986,""detectors_checked"":50548736}"
        32,         0,         0,   0.562,exact_mw,6534c274fb8721060716b040ba5484c43e0fb249b656ad44721a05b8b1f26839,"{""distance"":7,""physical_error_rate"":0.005}","{""detection_events"":457,""detectors_checked"":19264}"
       256,         0,         0,   0.839,exact_mw,8842ec4fe0f86aba00650008f7f408db45344cfb5a30f76b1f2c0fb50a8d5069,"{""distance"":7,""physical_error_rate"":0.002}","{""detection_events"":1494,""detectors_checked"":154112}"
      8192,         0,         0,    1.24,exact_mw,09f626b7d1c8765fd231bc36902f9c5557d3909c4644565b971bdb2bfb186061,"{""distance"":7,""physical_error_rate"":0.0005}","{""detection_events"":12266,""detectors_checked"":4931584}"
        32,         0,         0,   0.503,exact_mw,6534c274fb8721060716b040ba5484c43e0fb249b656ad44721a05b8b1f26839,"{""distance"":7,""physical_error_rate"":0.005}","{""detection_events"":558,""detectors_checked"":19264}"
     92160,         0,         0,    1.11,exact_mw,3793e887e6c3b4d5eff59c5eb9bbee88cf92e7a28a48243659e8f8373a61c55f,"{""distance"":7,""physical_error_rate"":5e-05}","{""detection_events"":13689,""detectors_checked"":55480320}"
        32,         0,         0,   0.462,exact_mw,6534c274fb8721060716b040ba5484c43e0fb249b656ad44721a05b8b1f26839,"{""distance"":7,""physical_error_rate"":0.005}","{""detection_events"":481,""detectors_checked"":19264}"
     71680,         0,         0,    1.55,exact_mw,a6f040f5268ba168f94c6ccce4ff822b1b844608631bba2e2b8dc7ec85b1e503,"{""distance"":7,""physical_error_rate"":0.0002}","{""detection_events"":42664,""detectors_checked"":43151360}"
       256,         0,         0,    1.04,exact_mw,8842ec4fe0f86aba00650008f7f408db45344cfb5a30f76b1f2c0fb50a8d5069,"{""distance"":7,""physical_error_rate"":0.002}","{""detection_events"":1433,""detectors_checked"":154112}"
    113664,         0,         0,    1.55,exact_mw,894a5a708293b7bd3951925e43ae0371ba83736430ed1970399611b4deb8498b,"{""distance"":7,""physical_error_rate"":0.0001}","{""detection_events"":34059,""detectors_checked"":68425728}"
        32,         0,         0,   0.617,exact_mw,6534c274fb8721060716b040ba5484c43e0fb249b656ad44721a05b8b1f26839,"{""distance"":7,""physical_error_rate"":0.005}","{""detection_events"":545,""detectors_checked"":19264}"
     10240,         0,         0,    1.68,exact_mw,09f626b7d1c8765fd231bc36902f9c5557d3909c4644565b971bdb2bfb186061,"{""distance"":7,""physical_error_rate"":0.0005}","{""detection_events"":15396,""detectors_checked"":6164480}"
        32,         0,         0,   0.506,exact_mw,6534c274fb8721060716b040ba5484c43e0fb249b656ad44721a05b8b1f26839,"{""distance"":7,""physical_error_rate"":0.005}","{""detection_events"":480,""detectors_checked"":19264}"
    128000,         0,         0,    1.56,exact_mw,3793e887e6c3b4d5eff59c5eb9bbee88cf92e7a28a48243659e8f8373a61c55f,"{""distance"":7,""physical_error_rate"":5e-05}","{""detection_events"":19114,""detectors_checked"":77056000}"
       256,         0,         0,   0.976,exact_mw,8842ec4fe0f86aba00650008f7f408db45344cfb5a30f76b1f2c0fb50a8d5069,"{""distance"":7,""physical_error_rate"":0.002}","{""detection_events"":1559,""detectors_checked"":154112}"
        32,         0,         0,   0.480,exact_mw,6534c274fb8721060716b040ba5484c43e0fb249b656ad44721a05b8b1f26839,"{""distance"":7,""physical_error_rate"":0.005}","{""detection_events"":412,""detectors_checked"":19264}"
    100352,         0,         0,    2.18,exact_mw,a6f040f5268ba168f94c6ccce4ff822b1b844608631bba2e2b8dc7ec85b1e503,"{""distance"":7,""physical_error_rate"":0.0002}","{""detection_events"":59372,""detectors_checked"":60411904}"
       256,         0,         0,    1.05,exact_mw,8842ec4fe0f86aba00650008f7f408db45344cfb5a30f76b1f2c0fb50a8d5069,"{""distance"":7,""physical_error_rate"":0.002}","{""detection_events"":1550,""detectors_checked"":154112}"
        64,         0,         0,   0.808,exact_mw,6534c274fb8721060716b040ba5484c43e0fb249b656ad44721a05b8b1f26839,"{""distance"":7,""physical_error_rate"":0.005}","{""detection_events"":886,""detectors_checked"":38528}"
    158720,         0,         0,    2.18,exact_mw,894a5a708293b7bd3951925e43ae0371ba83736430ed1970399611b4deb8498b,"{""distance"":7,""physical_error_rate"":0.0001}","{""detection_events"":46957,""detectors_checked"":95549440}"
        64,         1,         0,   0.821,exact_mw,6534c274fb8721060716b040ba5484c43e0fb249b656ad44721a05b8b1f26839,"{""distance"":7,""physical_error_rate"":0.005}","{""detection_events"":934,""detectors_checked"":38528,""obs_mistake_mask=E"":1}"
     16384,         0,         0,    2.23,exact_mw,09f626b7d1c8765fd231bc36902f9c5557d3909c4644565b971bdb2bfb186061,"{""distance"":7,""physical_error_rate"":0.0005}","{""detection_events"":24173,""detectors_checked"":9863168}"
    179200,         0,         0,    2.17,exact_mw,3793e887e6c3b4d5eff59c5eb9bbee88cf92e7a28a48243659e8f8373a61c55f,"{""distance"":7,""physical_error_rate"":5e-05}","{""detection_events"":26823,""detectors_checked"":107878400}"
       256,         0,         0,    1.18,exact_mw,8842ec4fe0f86aba00650008f7f408db45344cfb5a30f76b1f2c0fb50a8d5069,"{""distance"":7,""physical_error_rate"":0.002}","{""detection_events"":1482,""detectors_checked"":154112}"
       256,         0,         0,   0.943,exact_mw,8842ec4fe0f86aba00650008f7f408db45344cfb5a30f76b1f2c0fb50a8d5069,"{""distance"":7,""physical_error_rate"":0.002}","{""detection_events"":1413,""detectors_checked"":154112}"
        96,         0,         0,    1.53,exact_mw,6534c274fb8721060716b040ba5484c43e0fb249b656ad44721a05b8b1f26839,"{""distance"":7,""physical_error_rate"":0.005}","{""detection_events"":1343,""detectors_checked"":57792}"
    135168,         0,         0,    3.05,exact_mw,a6f040f5268ba168f94c6ccce4ff822b1b844608631bba2e2b8dc7ec85b1e503,"{""distance"":7,""physical_error_rate"":0.0002}","{""detection_events"":80916,""detectors_checked"":81371136}"
       256,         0,         0,    1.00,exact_mw,8842ec4fe0f86aba00650008f7f408db45344cfb5a30f76b1f2c0fb50a8d5069,"{""distance"":7,""physical_error_rate"":0.002}","{""detection_events"":1483,""detectors_checked"":154112}"
    227328,         0,         0,    3.06,exact_mw,894a5a708293b7bd3951925e43ae0371ba83736430ed1970399611b4deb8498b,"{""distance"":7,""physical_error_rate"":0.0001}","{""detection_events"":67500,""detectors_checked"":136851456}"
       256,         0,         0,   0.810,exact_mw,8842ec4fe0f86aba00650008f7f408db45344cfb5a30f76b1f2c0fb50a8d5069,"{""distance"":7,""physical_error_rate"":0.002}","{""detection_events"":1482,""detectors_checked"":154112}"
     21504,         0,         0,    3.05,exact_mw,09f626b7d1c8765fd231bc36902f9c5557d3909c4644565b971bdb2bfb186061,"{""distance"":7,""physical_error_rate"":0.0005}","{""detection_events"":31269,""detectors_checked"":12945408}"
    250880,         0,         0,    3.04,exact_mw,3793e887e6c3b4d5eff59c5eb9bbee88cf92e7a28a48243659e8f8373a61c55f,"{""distance"":7,""physical_error_rate"":5e-05}","{""detection_events"":36730,""detectors_checked"":151029760}"
       128,         0,         0,    1.88,exact_mw,6534c274fb8721060716b040ba5484c43e0fb249b656ad44721a05b8b1f26839,"{""distance"":7,""physical_error_rate"":0.005}","{""detection_events"":1896,""detectors_checked"":77056}"
       256,         0,         0,    1.13,exact_mw,8842ec4fe0f86aba00650008f7f408db45344cfb5a30f76b1f2c0fb50a8d5069,"{""distance"":7,""physical_error_rate"":0.002}","{""detection_events"":1601,""detectors_checked"":154112}"
       256,         0,         0,   0.903,exact_mw,8842ec4fe0f86aba00650008f7f408db45344cfb5a30f76b1f2c0fb50a8d5069,"{""distance"":7,""physical_error_rate"":0.002}","{""detection_events"":1467,""detectors_checked"":154112}"
       160,         0,         0,    2.27,exact_mw,6534c274fb8721060716b040ba5484c43e0fb249b656ad44721a05b8b1f26839,"{""distance"":7,""physical_error_rate"":0.005}","{""detection_events"":2119,""detectors_checked"":96320}"
       256,         0,         0,    1.07,exact_mw,8842ec4fe0f86aba00650008f7f408db45344cfb5a30f76b1f2c0fb50a8d5069,"{""distance"":7,""physical_error_rate"":0.002}","{""detection_events"":1600,""detectors_checked"":154112}"
    197632,         0,         0,    4.23,exact_mw,a6f040f5268ba168f94c6ccce4ff822b1b844608631bba2e2b8dc7ec85b1e503,"{""distance"":7,""physical_error_rate"":0.0002}","{""detection_events"":118958,""detectors_checked"":118974464}"
    317440,         0,         0,    4.25,exact_mw,894a5a708293b7bd3951925e43ae0371ba83736430ed1970399611b4deb8498b,"{""distance"":7,""physical_error_rate"":0.0001}","{""detection_events"":94437,""detectors_checked"":191098880}"
       256,         1,         0,    1.08,exact_mw,8842ec4fe0f86aba00650008f7f408db45344cfb5a30f76b1f2c0fb50a8d5069,"{""distance"":7,""physical_error_rate"":0.002}","{""detection_events"":1528,""detectors_checked"":154112,""obs_mistake_mask=E"":1}"
    346112,         0,         0,    4.25,exact_mw,3793e887e6c3b4d5eff59c5eb9bbee88cf92e7a28a48243659e8f8373a61c55f,"{""distance"":7,""physical_error_rate"":5e-05}","{""detection_events"":51067,""detectors_checked"":208359424}"
     31744,         0,         0,    4.38,exact_mw,09f626b7d1c8765fd231bc36902f9c5557d3909c4644565b971bdb2bfb186061,"{""distance"":7,""physical_error_rate"":0.0005}","{""detection_events"":46419,""detectors_checked"":19109888}"
       224,         1,         0,    3.42,exact_mw,6534c274fb8721060716b040ba5484c43e0fb249b656ad44721a05b8b1f26839,"{""distance"":7,""physical_error_rate"":0.005}","{""detection_events"":3307,""detectors_checked"":134848,""obs_mistake_mask=E"":1}"
       512,         0,         0,    1.92,exact_mw,8842ec4fe0f86aba00650008f7f408db45344cfb5a30f76b1f2c0fb50a8d5069,"{""distance"":7,""physical_error_rate"":0.002}","{""detection_events"":2863,""detectors_checked"":308224}"
       512,         0,         0,    2.06,exact_mw,8842ec4fe0f86aba00650008f7f408db45344cfb5a30f76b1f2c0fb50a8d5069,"{""distance"":7,""physical_error_rate"":0.002}","{""detection_events"":2933,""detectors_checked"":308224}"
    282624,         0,         0,    5.93,exact_mw,a6f040f5268ba168f94c6ccce4ff822b1b844608631bba2e2b8dc7ec85b1e503,"{""distance"":7,""physical_error_rate"":0.0002}","{""detection_events"":169046,""detectors_checked"":170139648}"
   2805760,         0,         0,    62.7,exact_mw,a6f040f5268ba168f94c6ccce4ff822b1b844608631bba2e2b8dc7ec85b1e503,"{""distance"":7,""physical_error_rate"":0.0002}","{""detection_events"":1663530,""detectors_checked"":1689067520}"
    442368,         0,         0,    5.93,exact_mw,894a5a708293b7bd3951925e43ae0371ba83736430ed1970399611b4deb8498b,"{""distance"":7,""physical_error_rate"":0.0001}","{""detection_events"":131245,""detectors_checked"":266305536}"
    492544,         0,         0,    5.92,exact_mw,3793e887e6c3b4d5eff59c5eb9bbee88cf92e7a28a48243659e8f8373a61c55f,"{""distance"":7,""physical_error_rate"":5e-05}","{""detection_events"":73086,""detectors_checked"":296511488}"
     43008,         0,         0,    6.10,exact_mw,09f626b7d1c8765fd231bc36902f9c5557d3909c4644565b971bdb2bfb186061,"{""distance"":7,""physical_error_rate"":0.0005}","{""detection_events"":63943,""detectors_checked"":25890816}"
       320,         0,         0,    4.55,exact_mw,6534c274fb8721060716b040ba5484c43e0fb249b656ad44721a05b8b1f26839,"{""distance"":7,""physical_error_rate"":0.005}","{""detection_events"":4343,""detectors_checked"":192640}"
       768,         0,         0,    2.85,exact_mw,8842ec4fe0f86aba00650008f7f408db45344cfb5a30f76b1f2c0fb50a8d5069,"{""distance"":7,""physical_error_rate"":0.002}","{""detection_events"":4438,""detectors_checked"":462336}"
   5061632,         0,         0,    62.4,exact_mw,3793e887e6c3b4d5eff59c5eb9bbee88cf92e7a28a48243659e8f8373a61c55f,"{""distance"":7,""physical_error_rate"":5e-05}","{""detection_events"":753239,""detectors_checked"":3047102464}"
    444416,         1,         0,    63.1,exact_mw,09f626b7d1c8765fd231bc36902f9c5557d3909c4644565b971bdb2bfb186061,"{""distance"":7,""physical_error_rate"":0.0005}","{""detection_events"":662995,""detectors_checked"":267538432,""obs_mistake_mask=E"":1}"
    628736,         0,         0,    62.5,exact_mw,894a5a708293b7bd3951925e43ae0371ba83736430ed1970399611b4deb8498b,"{""distance"":7,""physical_error_rate"":0.0001}","{""detection_events"":186455,""detectors_checked"":378499072}"
      1024,         0,         0,    3.86,exact_mw,8842ec4fe0f86aba00650008f7f408db45344cfb5a30f76b1f2c0fb50a8d5069,"{""distance"":7,""physical_error_rate"":0.002}","{""detection_events"":5826,""detectors_checked"":616448}"
         1,         0,         0,   0.001,exact_mw,fe773c48422346d89ea42b7ea8a90aa3034802874175ef2bfbcd9fbedf677903,"{""distance"":7,""physical_error_rate"":0.001}","{""detectors_checked"":602}"
       384,         0,         0,    6.25,exact_mw,6534c274fb8721060716b040ba5484c43e0fb249b656ad44721a05b8b1f26839,"{""distance"":7,""physical_error_rate"":0.005}","{""detection_events"":5648,""detectors_checked"":231168}"
       272,         0,         0,   0.236,exact_mw,fe773c48422346d89ea42b7ea8a90aa3034802874175ef2bfbcd9fbedf677903,"{""distance"":7,""physical_error_rate"":0.001}","{""detection_events"":778,""detectors_checked"":163744}"
       512,         0,         0,   0.367,exact_mw,fe773c48422346d89ea42b7ea8a90aa3034802874175ef2bfbcd9fbedf677903,"{""distance"":7,""physical_error_rate"":0.001}","{""detection_events"":1507,""detectors_checked"":308224}"
    384000,         1,         0,    8.32,exact_mw,a6f040f5268ba168f94c6ccce4ff822b1b844608631bba2e2b8dc7ec85b1e503,"{""distance"":7,""physical_error_rate"":0.0002}","{""detection_events"":227881,""detectors_checked"":231168000,""obs_mistake_mask=E"":1}"
       512,         0,         0,   0.607,exact_mw,fe773c48422346d89ea42b7ea8a90aa3034802874175ef2bfbcd9fbedf677903,"{""distance"":7,""physical_error_rate"":0.001}","{""detection_events"":1475,""detectors_checked"":308224}"
    626688,         0,         0,    8.27,exact_mw,894a5a708293b7bd3951925e43ae0371ba83736430ed1970399611b4deb8498b,"{""distance"":7,""physical_error_rate"":0.0001}","{""detection_events"":184742,""detectors_checked"":377266176}"
       512,         0,         0,   0.444,exact_mw,fe773c48422346d89ea42b7ea8a90aa3034802874175ef2bfbcd9fbedf677903,"{""distance"":7,""physical_error_rate"":0.001}","{""detection_events"":1428,""detectors_checked"":308224}"
    683008,         0,         0,    8.27,exact_mw,3793e887e6c3b4d5eff59c5eb9bbee88cf92e7a28a48243659e8f8373a61c55f,"{""distance"":7,""physical_error_rate"":5e-05}","{""detection_events"":100836,""detectors_checked"":411170816}"
       512,         0,         0,   0.397,exact_mw,fe773c48422346d89ea42b7ea8a90aa3034802874175ef2bfbcd9fbedf677903,"{""distance"":7,""physical_error_rate"":0.001}","{""detection_events"":1436,""detectors_checked"":308224}"
     55296,         0,         0,    8.37,exact_mw,09f626b7d1c8765fd231bc36902f9c5557d3909c4644565b971bdb2bfb186061,"{""distance"":7,""physical_error_rate"":0.0005}","{""detection_events"":82094,""detectors_checked"":33288192}"
       512,         0,         0,   0.374,exact_mw,fe773c48422346d89ea42b7ea8a90aa3034802874175ef2bfbcd9fbedf677903,"{""distance"":7,""physical_error_rate"":0.001}","{""detection_events"":1563,""detectors_checked"":308224}"
      1024,         0,         0,    4.33,exact_mw,8842ec4fe0f86aba00650008f7f408db45344cfb5a30f76b1f2c0fb50a8d5069,"{""distance"":7,""physical_error_rate"":0.002}","{""detection_events"":5905,""detectors_checked"":616448}"
     16768,         1,         0,    63.3,exact_mw,8842ec4fe0f86aba00650008f7f408db45344cfb5a30f76b1f2c0fb50a8d5069,"{""distance"":7,""physical_error_rate"":0.002}","{""detection_events"":96510,""detectors_checked"":10094336,""obs_mistake_mask=E"":1}"
       512,         0,         0,   0.339,exact_mw,fe773c48422346d89ea42b7ea8a90aa3034802874175ef2bfbcd9fbedf677903,"{""distance"":7,""physical_error_rate"":0.001}","{""detection_events"":1473,""detectors_checked"":308224}"
      2400,        17,         0,    63.1,exact_mw,f4817e2f6bf0dfc41195700a9244a7f66964db0e79ea1302ca6e9f2465062a32,"{""distance"":7,""physical_error_rate"":0.01}","{""detection_events"":66716,""detectors_checked"":1444800,""obs_mistake_mask=E"":17}"
       512,         0,         0,   0.457,exact_mw,fe773c48422346d89ea42b7ea8a90aa3034802874175ef2bfbcd9fbedf677903,"{""distance"":7,""physical_error_rate"":0.001}","{""detection_events"":1451,""detectors_checked"":308224}"
       512,         0,         0,   0.483,exact_mw,fe773c48422346d89ea42b7ea8a90aa3034802874175ef2bfbcd9fbedf677903,"{""distance"":7,""physical_error_rate"":0.001}","{""detection_events"":1442,""detectors_checked"":308224}"
       512,         0,         0,   0.587,exact_mw,fe773c48422346d89ea42b7ea8a90aa3034802874175ef2bfbcd9fbedf677903,"{""distance"":7,""physical_error_rate"":0.001}","{""detection_events"":1481,""detectors_checked"":308224}"
     76800,         2,         0,    63.6,exact_mw,fe773c48422346d89ea42b7ea8a90aa3034802874175ef2bfbcd9fbedf677903,"{""distance"":7,""physical_error_rate"":0.001}","{""detection_events"":226792,""detectors_checked"":46233600,""obs_mistake_mask=E"":2}"
      1024,         0,         0,   0.790,exact_mw,fe773c48422346d89ea42b7ea8a90aa3034802874175ef2bfbcd9fbedf677903,"{""distance"":7,""physical_error_rate"":0.001}","{""detection_events"":3029,""detectors_checked"":616448}"
      1024,         0,         0,   0.896,exact_mw,fe773c48422346d89ea42b7ea8a90aa3034802874175ef2bfbcd9fbedf677903,"{""distance"":7,""physical_error_rate"":0.001}","{""detection_events"":3008,""detectors_checked"":616448}"
      4288,         9,         0,    63.4,exact_mw,6534c274fb8721060716b040ba5484c43e0fb249b656ad44721a05b8b1f26839,"{""distance"":7,""physical_error_rate"":0.005}","{""detection_events"":61562,""detectors_checked"":2581376,""obs_mistake_mask=E"":9}"
      1024,         0,         0,   0.960,exact_mw,fe773c48422346d89ea42b7ea8a90aa3034802874175ef2bfbcd9fbedf677903,"{""distance"":7,""physical_error_rate"":0.001}","{""detection_events"":2913,""detectors_checked"":616448}"
      1536,         0,         0,    1.58,exact_mw,fe773c48422346d89ea42b7ea8a90aa3034802874175ef2bfbcd9fbedf677903,"{""distance"":7,""physical_error_rate"":0.001}","{""detection_events"":4751,""detectors_checked"":924672}"
       608,         0,         0,    8.70,exact_mw,6534c274fb8721060716b040ba5484c43e0fb249b656ad44721a05b8b1f26839,"{""distance"":7,""physical_error_rate"":0.005}","{""detection_events"":8481,""detectors_checked"":366016}"
       604,         0,         0,    63.0,exact_mw,6534c274fb8721060716b040ba5484c43e0fb249b656ad44721a05b8b1f26839,"{""distance"":7,""physical_error_rate"":0.005}","{""detection_events"":8894,""detectors_checked"":363608}"
      1792,         1,         0,    6.92,exact_mw,8842ec4fe0f86aba00650008f7f408db45344cfb5a30f76b1f2c0fb50a8d5069,"{""distance"":7,""physical_error_rate"":0.002}","{""detection_events"":10782,""detectors_checked"":1078784,""obs_mistake_mask=E"":1}"
      2048,         0,         0,    1.92,exact_mw,fe773c48422346d89ea42b7ea8a90aa3034802874175ef2bfbcd9fbedf677903,"{""distance"":7,""physical_error_rate"":0.001}","{""detection_events"":5871,""detectors_checked"":1232896}"
    536576,         0,         0,    11.7,exact_mw,a6f040f5268ba168f94c6ccce4ff822b1b844608631bba2e2b8dc7ec85b1e503,"{""distance"":7,""physical_error_rate"":0.0002}","{""detection_events"":319914,""detectors_checked"":323018752}"
      3072,         0,         0,    2.54,exact_mw,fe773c48422346d89ea42b7ea8a90aa3034802874175ef2bfbcd9fbedf677903,"{""distance"":7,""physical_error_rate"":0.001}","{""detection_events"":8900,""detectors_checked"":1849344}"
    879616,         0,         0,    11.6,exact_mw,894a5a708293b7bd3951925e43ae0371ba83736430ed1970399611b4deb8498b,"{""distance"":7,""physical_error_rate"":0.0001}","{""detection_events"":261398,""detectors_checked"":529528832}"
    954368,         0,         0,    11.6,exact_mw,3793e887e6c3b4d5eff59c5eb9bbee88cf92e7a28a48243659e8f8373a61c55f,"{""distance"":7,""physical_error_rate"":5e-05}","{""detection_events"":142167,""detectors_checked"":574529536}"
     78848,         1,         0,    11.7,exact_mw,09f626b7d1c8765fd231bc36902f9c5557d3909c4644565b971bdb2bfb186061,"{""distance"":7,""physical_error_rate"":0.0005}","{""detection_events"":117595,""detectors_checked"":47466496,""obs_mistake_mask=E"":1}"
   4676608,         0,         0,    62.6,exact_mw,894a5a708293b7bd3951925e43ae0371ba83736430ed1970399611b4deb8498b,"{""distance"":7,""physical_error_rate"":0.0001}","{""detection_events"":1389559,""detectors_checked"":2815318016}"
      3584,         1,         0,    3.46,exact_mw,fe773c48422346d89ea42b7ea8a90aa3034802874175ef2bfbcd9fbedf677903,"{""distance"":7,""physical_error_rate"":0.001}","{""detection_events"":10617,""detectors_checked"":2157568,""obs_mistake_mask=E"":1}"
   2716672,         0,         0,    62.7,exact_mw,a6f040f5268ba168f94c6ccce4ff822b1b844608631bba2e2b8dc7ec85b1e503,"{""distance"":7,""physical_error_rate"":0.0002}","{""detection_events"":1612645,""detectors_checked"":1635436544}"
   5045248,         0,         0,    62.5,exact_mw,3793e887e6c3b4d5eff59c5eb9bbee88cf92e7a28a48243659e8f8373a61c55f,"{""distance"":7,""physical_error_rate"":5e-05}","{""detection_events"":750431,""detectors_checked"":3037239296}"
      2304,         0,         0,    8.89,exact_mw,8842ec4fe0f86aba00650008f7f408db45344cfb5a30f76b1f2c0fb50a8d5069,"{""distance"":7,""physical_error_rate"":0.002}","{""detection_events"":13475,""detectors_checked"":1387008}"
    435200,         0,         0,    63.1,exact_mw,09f626b7d1c8765fd231bc36902f9c5557d3909c4644565b971bdb2bfb186061,"{""distance"":7,""physical_error_rate"":0.0005}","{""detection_events"":646102,""detectors_checked"":261990400}"
   2040832,         0,         0,    62.4,exact_mw,3793e887e6c3b4d5eff59c5eb9bbee88cf92e7a28a48243659e8f8373a61c55f,"{""distance"":7,""physical_error_rate"":5e-05}","{""detection_events"":301524,""detectors_checked"":1228580864}"
       768,         2,         0,    12.0,exact_mw,6534c274fb8721060716b040ba5484c43e0fb249b656ad44721a05b8b1f26839,"{""distance"":7,""physical_error_rate"":0.005}","{""detection_events"":10946,""detectors_checked"":462336,""obs_mistake_mask=E"":2}"
    837632,         0,         0,    62.5,exact_mw,894a5a708293b7bd3951925e43ae0371ba83736430ed1970399611b4deb8498b,"{""distance"":7,""physical_error_rate"":0.0001}","{""detection_events"":248417,""detectors_checked"":504254464}"
      5120,         0,         0,    4.68,exact_mw,fe773c48422346d89ea42b7ea8a90aa3034802874175ef2bfbcd9fbedf677903,"{""distance"":7,""physical_error_rate"":0.001}","{""detection_events"":15154,""detectors_checked"":3082240}"
   2053120,         0,         0,    62.6,exact_mw,894a5a708293b7bd3951925e43ae0371ba83736430ed1970399611b4deb8498b,"{""distance"":7,""physical_error_rate"":0.0001}","{""detection_events"":609507,""detectors_checked"":1235978240}"
      2096,        22,         0,    63.5,exact_mw,f4817e2f6bf0dfc41195700a9244a7f66964db0e79ea1302ca6e9f2465062a32,"{""distance"":7,""physical_error_rate"":0.01}","{""detection_events"":57834,""detectors_checked"":1261792,""obs_mistake_mask=E"":22}"
      7168,         1,         0,    6.73,exact_mw,fe773c48422346d89ea42b7ea8a90aa3034802874175ef2bfbcd9fbedf677903,"{""distance"":7,""physical_error_rate"":0.001}","{""detection_events"":21127,""detectors_checked"":4315136,""obs_mistake_mask=E"":1}"
      1068,         1,         0,    63.5,exact_mw,6534c274fb8721060716b040ba5484c43e0fb249b656ad44721a05b8b1f26839,"{""distance"":7,""physical_error_rate"":0.005}","{""detection_events"":15402,""detectors_checked"":642936,""obs_mistake_mask=E"":1}"
   3564544,         1,         0,    87.8,exact_mw,a6f040f5268ba168f94c6ccce4ff822b1b844608631bba2e2b8dc7ec85b1e503,"{""distance"":7,""physical_error_rate"":0.0002}","{""detection_events"":2114590,""detectors_checked"":2145855488,""obs_mistake_mask=E"":1}"
    724992,         0,         0,    16.3,exact_mw,a6f040f5268ba168f94c6ccce4ff822b1b844608631bba2e2b8dc7ec85b1e503,"{""distance"":7,""physical_error_rate"":0.0002}","{""detection_events"":429544,""detectors_checked"":436445184}"
   1176576,         0,         0,    16.3,exact_mw,894a5a708293b7bd3951925e43ae0371ba83736430ed1970399611b4deb8498b,"{""distance"":7,""physical_error_rate"":0.0001}","{""detection_events"":348505,""detectors_checked"":708298752}"
     14592,         4,         0,    63.4,exact_mw,8842ec4fe0f86aba00650008f7f408db45344cfb5a30f76b1f2c0fb50a8d5069,"{""distance"":7,""physical_error_rate"":0.002}","{""detection_events"":86216,""detectors_checked"":8784384,""obs_mistake_mask=E"":4}"
   6429696,         0,         0,    87.5,exact_mw,3793e887e6c3b4d5eff59c5eb9bbee88cf92e7a28a48243659e8f8373a61c55f,"{""distance"":7,""physical_error_rate"":5e-05}","{""detection_events"":949851,""detectors_checked"":3870676992}"
     74240,         1,         0,    63.5,exact_mw,fe773c48422346d89ea42b7ea8a90aa3034802874175ef2bfbcd9fbedf677903,"{""distance"":7,""physical_error_rate"":0.001}","{""detection_events"":218859,""detectors_checked"":44692480,""obs_mistake_mask=E"":1}"
    982016,         0,         0,    16.2,exact_mw,3793e887e6c3b4d5eff59c5eb9bbee88cf92e7a28a48243659e8f8373a61c55f,"{""distance"":7,""physical_error_rate"":5e-05}","{""detection_events"":145096,""detectors_checked"":591173632}"
   3906560,         1,         0,    87.6,exact_mw,a6f040f5268ba168f94c6ccce4ff822b1b844608631bba2e2b8dc7ec85b1e503,"{""distance"":7,""physical_error_rate"":0.0002}","{""detection_events"":2313338,""detectors_checked"":2351749120,""obs_mistake_mask=E"":1}"
   5942272,         0,         0,    87.4,exact_mw,894a5a708293b7bd3951925e43ae0371ba83736430ed1970399611b4deb8498b,"{""distance"":7,""physical_error_rate"":0.0001}","{""detection_events"":1756030,""detectors_checked"":3577247744}"
      2816,         1,         0,    12.0,exact_mw,8842ec4fe0f86aba00650008f7f408db45344cfb5a30f76b1f2c0fb50a8d5069,"{""distance"":7,""physical_error_rate"":0.002}","{""detection_events"":16292,""detectors_checked"":1695232,""obs_mistake_mask=E"":1}"
    112640,         2,         0,    16.5,exact_mw,09f626b7d1c8765fd231bc36902f9c5557d3909c4644565b971bdb2bfb186061,"{""distance"":7,""physical_error_rate"":0.0005}","{""detection_events"":166655,""detectors_checked"":67809280,""obs_mistake_mask=E"":2}"
      2400,        22,         0,    63.5,exact_mw,f4817e2f6bf0dfc41195700a9244a7f66964db0e79ea1302ca6e9f2465062a32,"{""distance"":7,""physical_error_rate"":0.01}","{""detection_events"":66242,""detectors_checked"":1444800,""obs_mistake_mask=E"":22}"
      2432,        21,         0,    63.7,exact_mw,f4817e2f6bf0dfc41195700a9244a7f66964db0e79ea1302ca6e9f2465062a32,"{""distance"":7,""physical_error_rate"":0.01}","{""detection_events"":67073,""detectors_checked"":1464064,""obs_mistake_mask=E"":21}"
    598016,         3,         0,    88.1,exact_mw,09f626b7d1c8765fd231bc36902f9c5557d3909c4644565b971bdb2bfb186061,"{""distance"":7,""physical_error_rate"":0.0005}","{""detection_events"":885400,""detectors_checked"":360005632,""obs_mistake_mask=E"":3}"
     59776,         0,         0,    63.4,exact_mw,fe773c48422346d89ea42b7ea8a90aa3034802874175ef2bfbcd9fbedf677903,"{""distance"":7,""physical_error_rate"":0.001}","{""detection_events"":176356,""detectors_checked"":35985152}"
   6424576,         0,         0,    87.6,exact_mw,3793e887e6c3b4d5eff59c5eb9bbee88cf92e7a28a48243659e8f8373a61c55f,"{""distance"":7,""physical_error_rate"":5e-05}","{""detection_events"":952381,""detectors_checked"":3867594752}"
   1894400,         0,         0,    87.6,exact_mw,a6f040f5268ba168f94c6ccce4ff822b1b844608631bba2e2b8dc7ec85b1e503,"{""distance"":7,""physical_error_rate"":0.0002}","{""detection_events"":1128333,""detectors_checked"":1140428800}"
   3718144,         3,         0,    87.8,exact_mw,a6f040f5268ba168f94c6ccce4ff822b1b844608631bba2e2b8dc7ec85b1e503,"{""distance"":7,""physical_error_rate"":0.0002}","{""detection_events"":2201638,""detectors_checked"":2238322688,""obs_mistake_mask=E"":3}"
   6817792,         0,         0,    87.6,exact_mw,3793e887e6c3b4d5eff59c5eb9bbee88cf92e7a28a48243659e8f8373a61c55f,"{""distance"":7,""physical_error_rate"":5e-05}","{""detection_events"":1008816,""detectors_checked"":4104310784}"
   1932288,         0,         0,    87.5,exact_mw,894a5a708293b7bd3951925e43ae0371ba83736430ed1970399611b4deb8498b,"{""distance"":7,""physical_error_rate"":0.0001}","{""detection_events"":572083,""detectors_checked"":1163237376}"
   3074048,         0,         0,    87.3,exact_mw,3793e887e6c3b4d5eff59c5eb9bbee88cf92e7a28a48243659e8f8373a61c55f,"{""distance"":7,""physical_error_rate"":5e-05}","{""detection_events"":455821,""detectors_checked"":1850576896}"
     36992,         1,         0,    63.1,exact_mw,fe773c48422346d89ea42b7ea8a90aa3034802874175ef2bfbcd9fbedf677903,"{""distance"":7,""physical_error_rate"":0.001}","{""detection_events"":109286,""detectors_checked"":22269184,""obs_mistake_mask=E"":1}"
     10240,         0,         0,    9.17,exact_mw,fe773c48422346d89ea42b7ea8a90aa3034802874175ef2bfbcd9fbedf677903,"{""distance"":7,""physical_error_rate"":0.001}","{""detection_events"":29497,""detectors_checked"":6164480}"
       584,         0,         0,    16.4,exact_mw,6534c274fb8721060716b040ba5484c43e0fb249b656ad44721a05b8b1f26839,"{""distance"":7,""physical_error_rate"":0.005}","{""detection_events"":8505,""detectors_checked"":351568}"
    552960,         1,         0,    88.2,exact_mw,09f626b7d1c8765fd231bc36902f9c5557d3909c4644565b971bdb2bfb186061,"{""distance"":7,""physical_error_rate"":0.0005}","{""detection_events"":819285,""detectors_checked"":332881920,""obs_mistake_mask=E"":1}"
    106496,         3,         0,    88.5,exact_mw,fe773c48422346d89ea42b7ea8a90aa3034802874175ef2bfbcd9fbedf677903,"{""distance"":7,""physical_error_rate"":0.001}","{""detection_events"":312627,""detectors_checked"":64110592,""obs_mistake_mask=E"":3}"
    538624,         1,         0,    88.1,exact_mw,09f626b7d1c8765fd231bc36902f9c5557d3909c4644565b971bdb2bfb186061,"{""distance"":7,""physical_error_rate"":0.0005}","{""detection_events"":796231,""detectors_checked"":324251648,""obs_mistake_mask=E"":1}"
      3328,        28,         0,    88.9,exact_mw,f4817e2f6bf0dfc41195700a9244a7f66964db0e79ea1302ca6e9f2465062a32,"{""distance"":7,""physical_error_rate"":0.01}","{""detection_events"":93135,""detectors_checked"":2003456,""obs_mistake_mask=E"":28}"
    323584,         0,         0,    87.7,exact_mw,09f626b7d1c8765fd231bc36902f9c5557d3909c4644565b971bdb2bfb186061,"{""distance"":7,""physical_error_rate"":0.0005}","{""detection_events"":477963,""detectors_checked"":194797568}"
    199680,         0,         0,    88.2,exact_mw,09f626b7d1c8765fd231bc36902f9c5557d3909c4644565b971bdb2bfb186061,"{""distance"":7,""physical_error_rate"":0.0005}","{""detection_events"":295410,""detectors_checked"":120207360}"
     20992,         1,         0,    88.4,exact_mw,8842ec4fe0f86aba00650008f7f408db45344cfb5a30f76b1f2c0fb50a8d5069,"{""distance"":7,""physical_error_rate"":0.002}","{""detection_events"":123578,""detectors_checked"":12637184,""obs_mistake_mask=E"":1}"
     22528,         2,         0,    88.9,exact_mw,8842ec4fe0f86aba00650008f7f408db45344cfb5a30f76b1f2c0fb50a8d5069,"{""distance"":7,""physical_error_rate"":0.002}","{""detection_events"":132005,""detectors_checked"":13561856,""obs_mistake_mask=E"":2}"
      1804,        11,         0,    88.7,exact_mw,6534c274fb8721060716b040ba5484c43e0fb249b656ad44721a05b8b1f26839,"{""distance"":7,""physical_error_rate"":0.005}","{""detection_events"":25966,""detectors_checked"":1086008,""obs_mistake_mask=E"":11}"
      3424,        33,         0,    88.7,exact_mw,f4817e2f6bf0dfc41195700a9244a7f66964db0e79ea1302ca6e9f2465062a32,"{""distance"":7,""physical_error_rate"":0.01}","{""detection_events"":95252,""detectors_checked"":2061248,""obs_mistake_mask=E"":33}"
      5312,        11,         0,    88.7,exact_mw,6534c274fb8721060716b040ba5484c43e0fb249b656ad44721a05b8b1f26839,"{""distance"":7,""physical_error_rate"":0.005}","{""detection_events"":76428,""detectors_checked"":3197824,""obs_mistake_mask=E"":11}"
     98816,         2,         0,    88.6,exact_mw,fe773c48422346d89ea42b7ea8a90aa3034802874175ef2bfbcd9fbedf677903,"{""distance"":7,""physical_error_rate"":0.001}","{""detection_events"":293465,""detectors_checked"":59487232,""obs_mistake_mask=E"":2}"
      1476,        14,         0,    88.6,exact_mw,f4817e2f6bf0dfc41195700a9244a7f66964db0e79ea1302ca6e9f2465062a32,"{""distance"":7,""physical_error_rate"":0.01}","{""detection_events"":40783,""detectors_checked"":888552,""obs_mistake_mask=E"":14}"
     20224,         4,         0,    88.3,exact_mw,8842ec4fe0f86aba00650008f7f408db45344cfb5a30f76b1f2c0fb50a8d5069,"{""distance"":7,""physical_error_rate"":0.002}","{""detection_events"":118430,""detectors_checked"":12174848,""obs_mistake_mask=E"":4}"
      5504,         9,         0,    88.4,exact_mw,6534c274fb8721060716b040ba5484c43e0fb249b656ad44721a05b8b1f26839,"{""distance"":7,""physical_error_rate"":0.005}","{""detection_events"":79049,""detectors_checked"":3313408,""obs_mistake_mask=E"":9}"
      5504,         5,         0,    88.7,exact_mw,6534c274fb8721060716b040ba5484c43e0fb249b656ad44721a05b8b1f26839,"{""distance"":7,""physical_error_rate"":0.005}","{""detection_events"":78873,""detectors_checked"":3313408,""obs_mistake_mask=E"":5}"
     19072,         3,         0,    88.6,exact_mw,8842ec4fe0f86aba00650008f7f408db45344cfb5a30f76b1f2c0fb50a8d5069,"{""distance"":7,""physical_error_rate"":0.002}","{""detection_events"":112500,""detectors_checked"":11481344,""obs_mistake_mask=E"":3}"
    106496,         4,         0,    88.8,exact_mw,fe773c48422346d89ea42b7ea8a90aa3034802874175ef2bfbcd9fbedf677903,"{""distance"":7,""physical_error_rate"":0.001}","{""detection_events"":314635,""detectors_checked"":64110592,""obs_mistake_mask=E"":4}"
     10144,         4,         0,    88.2,exact_mw,8842ec4fe0f86aba00650008f7f408db45344cfb5a30f76b1f2c0fb50a8d5069,"{""distance"":7,""physical_error_rate"":0.002}","{""detection_events"":59157,""detectors_checked"":6106688,""obs_mistake_mask=E"":4}"
      3968,         1,         0,    17.0,exact_mw,8842ec4fe0f86aba00650008f7f408db45344cfb5a30f76b1f2c0fb50a8d5069,"{""distance"":7,""physical_error_rate"":0.002}","{""detection_events"":23541,""detectors_checked"":2388736,""obs_mistake_mask=E"":1}"
     14336,         1,         0,    12.7,exact_mw,fe773c48422346d89ea42b7ea8a90aa3034802874175ef2bfbcd9fbedf677903,"{""distance"":7,""physical_error_rate"":0.001}","{""detection_events"":41955,""detectors_checked"":8630272,""obs_mistake_mask=E"":1}"
    998400,         2,         0,    22.8,exact_mw,a6f040f5268ba168f94c6ccce4ff822b1b844608631bba2e2b8dc7ec85b1e503,"{""distance"":7,""physical_error_rate"":0.0002}","{""detection_events"":590757,""detectors_checked"":601036800,""obs_mistake_mask=E"":2}"
   1591296,         0,         0,    22.8,exact_mw,894a5a708293b7bd3951925e43ae0371ba83736430ed1970399611b4deb8498b,"{""distance"":7,""physical_error_rate"":0.0001}","{""detection_events"":471050,""detectors_checked"":957960192}"
   1617920,         0,         0,    22.7,exact_mw,3793e887e6c3b4d5eff59c5eb9bbee88cf92e7a28a48243659e8f8373a61c55f,"{""distance"":7,""physical_error_rate"":5e-05}","{""detection_events"":240287,""detectors_checked"":973987840}"
    157696,         0,         0,    22.9,exact_mw,09f626b7d1c8765fd231bc36902f9c5557d3909c4644565b971bdb2bfb186061,"{""distance"":7,""physical_error_rate"":0.0005}","{""detection_events"":234786,""detectors_checked"":94932992}"
   1644544,         0,         0,    87.5,exact_mw,894a5a708293b7bd3951925e43ae0371ba83736430ed1970399611b4deb8498b,"{""distance"":7,""physical_error_rate"":0.0001}","{""detection_events"":485495,""detectors_checked"":990015488}"
      2456,        19,         0,    88.8,exact_mw,f4817e2f6bf0dfc41195700a9244a7f66964db0e79ea1302ca6e9f2465062a32,"{""distance"":7,""physical_error_rate"":0.01}","{""detection_events"":69020,""detectors_checked"":1478512,""obs_mistake_mask=E"":19}"
       352,         0,         0,    23.0,exact_mw,6534c274fb8721060716b040ba5484c43e0fb249b656ad44721a05b8b1f26839,"{""distance"":7,""physical_error_rate"":0.005}","{""detection_events"":5016,""detectors_checked"":211904}"
   2288640,         0,         0,    87.9,exact_mw,a6f040f5268ba168f94c6ccce4ff822b1b844608631bba2e2b8dc7ec85b1e503,"{""distance"":7,""physical_error_rate"":0.0002}","{""detection_events"":1355731,""detectors_checked"":1377761280}"
     19456,         0,         0,    17.1,exact_mw,fe773c48422346d89ea42b7ea8a90aa3034802874175ef2bfbcd9fbedf677903,"{""distance"":7,""physical_error_rate"":0.001}","{""detection_events"":57475,""detectors_checked"":11712512}"
      4864,         0,         0,    23.3,exact_mw,8842ec4fe0f86aba00650008f7f408db45344cfb5a30f76b1f2c0fb50a8d5069,"{""distance"":7,""physical_error_rate"":0.002}","{""detection_events"":28398,""detectors_checked"":2928128}"
   1854464,         0,         0,    87.8,exact_mw,a6f040f5268ba168f94c6ccce4ff822b1b844608631bba2e2b8dc7ec85b1e503,"{""distance"":7,""physical_error_rate"":0.0002}","{""detection_events"":1099662,""detectors_checked"":1116387328}"
   6561792,         2,         0,    87.5,exact_mw,3793e887e6c3b4d5eff59c5eb9bbee88cf92e7a28a48243659e8f8373a61c55f,"{""distance"":7,""physical_error_rate"":5e-05}","{""detection_events"":974325,""detectors_checked"":3950198784,""obs_mistake_mask=E"":2}"
    608256,         0,         0,    88.2,exact_mw,09f626b7d1c8765fd231bc36902f9c5557d3909c4644565b971bdb2bfb186061,"{""distance"":7,""physical_error_rate"":0.0005}","{""detection_events"":899981,""detectors_checked"":366170112}"
   4363264,         0,         0,    87.5,exact_mw,894a5a708293b7bd3951925e43ae0371ba83736430ed1970399611b4deb8498b,"{""distance"":7,""physical_error_rate"":0.0001}","{""detection_events"":1293296,""detectors_checked"":2626684928}"
   1308672,         0,         0,    31.9,exact_mw,a6f040f5268ba168f94c6ccce4ff822b1b844608631bba2e2b8dc7ec85b1e503,"{""distance"":7,""physical_error_rate"":0.0002}","{""detection_events"":776826,""detectors_checked"":787820544}"
   2279424,         0,         0,    31.8,exact_mw,894a5a708293b7bd3951925e43ae0371ba83736430ed1970399611b4deb8498b,"{""distance"":7,""physical_error_rate"":0.0001}","{""detection_events"":678867,""detectors_checked"":1372213248}"
   2377728,         0,         0,    31.8,exact_mw,3793e887e6c3b4d5eff59c5eb9bbee88cf92e7a28a48243659e8f8373a61c55f,"{""distance"":7,""physical_error_rate"":5e-05}","{""detection_events"":351734,""detectors_checked"":1431392256}"
    196608,         0,         0,    32.1,exact_mw,09f626b7d1c8765fd231bc36902f9c5557d3909c4644565b971bdb2bfb186061,"{""distance"":7,""physical_error_rate"":0.0005}","{""detection_events"":289668,""detectors_checked"":118358016}"
     24576,         2,         0,    23.7,exact_mw,fe773c48422346d89ea42b7ea8a90aa3034802874175ef2bfbcd9fbedf677903,"{""distance"":7,""physical_error_rate"":0.001}","{""detection_events"":73370,""detectors_checked"":14794752,""obs_mistake_mask=E"":2}"
     20736,         6,         0,    88.2,exact_mw,8842ec4fe0f86aba00650008f7f408db45344cfb5a30f76b1f2c0fb50a8d5069,"{""distance"":7,""physical_error_rate"":0.002}","{""detection_events"":121414,""detectors_checked"":12483072,""obs_mistake_mask=E"":6}"
      2720,        18,         0,    88.8,exact_mw,f4817e2f6bf0dfc41195700a9244a7f66964db0e79ea1302ca6e9f2465062a32,"{""distance"":7,""physical_error_rate"":0.01}","{""detection_events"":75808,""detectors_checked"":1637440,""obs_mistake_mask=E"":18}"
    102912,         0,         0,    88.3,exact_mw,fe773c48422346d89ea42b7ea8a90aa3034802874175ef2bfbcd9fbedf677903,"{""distance"":7,""physical_error_rate"":0.001}","{""detection_events"":303638,""detectors_checked"":61953024}"
       456,         1,         0,    32.5,exact_mw,6534c274fb8721060716b040ba5484c43e0fb249b656ad44721a05b8b1f26839,"{""distance"":7,""physical_error_rate"":0.005}","{""detection_events"":6558,""detectors_checked"":274512,""obs_mistake_mask=E"":1}"
      1856,         5,         0,    88.9,exact_mw,6534c274fb8721060716b040ba5484c43e0fb249b656ad44721a05b8b1f26839,"{""distance"":7,""physical_error_rate"":0.005}","{""detection_events"":26115,""detectors_checked"":1117312,""obs_mistake_mask=E"":5}"
      4888,         8,         0,    88.6,exact_mw,6534c274fb8721060716b040ba5484c43e0fb249b656ad44721a05b8b1f26839,"{""distance"":7,""physical_error_rate"":0.005}","{""detection_events"":69734,""detectors_checked"":2942576,""obs_mistake_mask=E"":8}"
      7296,         1,         0,    32.7,exact_mw,8842ec4fe0f86aba00650008f7f408db45344cfb5a30f76b1f2c0fb50a8d5069,"{""distance"":7,""physical_error_rate"":0.002}","{""detection_events"":42636,""detectors_checked"":4392192,""obs_mistake_mask=E"":1}"
   6329344,         0,         0,    87.5,exact_mw,894a5a708293b7bd3951925e43ae0371ba83736430ed1970399611b4deb8498b,"{""distance"":7,""physical_error_rate"":0.0001}","{""detection_events"":1875005,""detectors_checked"":3810265088}"
   3721216,         1,         0,    87.6,exact_mw,a6f040f5268ba168f94c6ccce4ff822b1b844608631bba2e2b8dc7ec85b1e503,"{""distance"":7,""physical_error_rate"":0.0002}","{""detection_events"":2204603,""detectors_checked"":2240172032,""obs_mistake_mask=E"":1}"
   6402048,         0,         0,    87.3,exact_mw,3793e887e6c3b4d5eff59c5eb9bbee88cf92e7a28a48243659e8f8373a61c55f,"{""distance"":7,""physical_error_rate"":5e-05}","{""detection_events"":947447,""detectors_checked"":3854032896}"
    542720,         1,         0,    88.2,exact_mw,09f626b7d1c8765fd231bc36902f9c5557d3909c4644565b971bdb2bfb186061,"{""distance"":7,""physical_error_rate"":0.0005}","{""detection_events"":803850,""detectors_checked"":326717440,""obs_mistake_mask=E"":1}"
   1588224,         0,         0,    87.5,exact_mw,3793e887e6c3b4d5eff59c5eb9bbee88cf92e7a28a48243659e8f8373a61c55f,"{""distance"":7,""physical_error_rate"":5e-05}","{""detection_events"":236418,""detectors_checked"":956110848}"
   1420288,         0,         0,    87.5,exact_mw,894a5a708293b7bd3951925e43ae0371ba83736430ed1970399611b4deb8498b,"{""distance"":7,""physical_error_rate"":0.0001}","{""detection_events"":421178,""detectors_checked"":855013376}"
   5382144,         0,         0,    87.4,exact_mw,894a5a708293b7bd3951925e43ae0371ba83736430ed1970399611b4deb8498b,"{""distance"":7,""physical_error_rate"":0.0001}","{""detection_events"":1595653,""detectors_checked"":3240050688}"
      2640,        23,         0,    88.8,exact_mw,f4817e2f6bf0dfc41195700a9244a7f66964db0e79ea1302ca6e9f2465062a32,"{""distance"":7,""physical_error_rate"":0.01}","{""detection_events"":73417,""detectors_checked"":1589280,""obs_mistake_mask=E"":23}"
      5120,        14,         0,    88.5,exact_mw,6534c274fb8721060716b040ba5484c43e0fb249b656ad44721a05b8b1f26839,"{""distance"":7,""physical_error_rate"":0.005}","{""detection_events"":73571,""detectors_checked"":3082240,""obs_mistake_mask=E"":14}"
     21760,         6,         0,    88.3,exact_mw,8842ec4fe0f86aba00650008f7f408db45344cfb5a30f76b1f2c0fb50a8d5069,"{""distance"":7,""physical_error_rate"":0.002}","{""detection_events"":126951,""detectors_checked"":13099520,""obs_mistake_mask=E"":6}"
     97792,         1,         0,    88.4,exact_mw,fe773c48422346d89ea42b7ea8a90aa3034802874175ef2bfbcd9fbedf677903,"{""distance"":7,""physical_error_rate"":0.001}","{""detection_events"":287343,""detectors_checked"":58870784,""obs_mistake_mask=E"":1}"
      3008,        34,         0,    88.7,exact_mw,f4817e2f6bf0dfc41195700a9244a7f66964db0e79ea1302ca6e9f2465062a32,"{""distance"":7,""physical_error_rate"":0.01}","{""detection_events"":84037,""detectors_checked"":1810816,""obs_mistake_mask=E"":34}"
      3232,        24,         0,    89.0,exact_mw,f4817e2f6bf0dfc41195700a9244a7f66964db0e79ea1302ca6e9f2465062a32,"{""distance"":7,""physical_error_rate"":0.01}","{""detection_events"":90280,""detectors_checked"":1945664,""obs_mistake_mask=E"":24}"
     21632,         1,         0,    88.4,exact_mw,fe773c48422346d89ea42b7ea8a90aa3034802874175ef2bfbcd9fbedf677903,"{""distance"":7,""physical_error_rate"":0.001}","{""detection_events"":63863,""detectors_checked"":13022464,""obs_mistake_mask=E"":1}"
     26624,         3,         0,    32.9,exact_mw,fe773c48422346d89ea42b7ea8a90aa3034802874175ef2bfbcd9fbedf677903,"{""distance"":7,""physical_error_rate"":0.001}","{""detection_events"":78782,""detectors_checked"":16027648,""obs_mistake_mask=E"":3}"
     35584,         0,         0,    88.6,exact_mw,fe773c48422346d89ea42b7ea8a90aa3034802874175ef2bfbcd9fbedf677903,"{""distance"":7,""physical_error_rate"":0.001}","{""detection_events"":105034,""detectors_checked"":21421568}"
   1889280,         0,         0,    44.7,exact_mw,a6f040f5268ba168f94c6ccce4ff822b1b844608631bba2e2b8dc7ec85b1e503,"{""distance"":7,""physical_error_rate"":0.0002}","{""detection_events"":1121878,""detectors_checked"":1137346560}"
   3255296,         0,         0,    44.6,exact_mw,894a5a708293b7bd3951925e43ae0371ba83736430ed1970399611b4deb8498b,"{""distance"":7,""physical_error_rate"":0.0001}","{""detection_events"":968046,""detectors_checked"":1959688192}"
   3607552,         0,         0,    44.7,exact_mw,3793e887e6c3b4d5eff59c5eb9bbee88cf92e7a28a48243659e8f8373a61c55f,"{""distance"":7,""physical_error_rate"":5e-05}","{""detection_events"":533525,""detectors_checked"":2171746304}"
    218112,         1,         0,    45.0,exact_mw,09f626b7d1c8765fd231bc36902f9c5557d3909c4644565b971bdb2bfb186061,"{""distance"":7,""physical_error_rate"":0.0005}","{""detection_events"":322106,""detectors_checked"":131303424,""obs_mistake_mask=E"":1}"
      2016,         8,         0,    45.0,exact_mw,6534c274fb8721060716b040ba5484c43e0fb249b656ad44721a05b8b1f26839,"{""distance"":7,""physical_error_rate"":0.005}","{""detection_events"":28443,""detectors_checked"":1213632,""obs_mistake_mask=E"":8}"
     11264,         2,         0,    45.2,exact_mw,8842ec4fe0f86aba00650008f7f408db45344cfb5a30f76b1f2c0fb50a8d5069,"{""distance"":7,""physical_error_rate"":0.002}","{""detection_events"":66376,""detectors_checked"":6780928,""obs_mistake_mask=E"":2}"
   3827712,         0,         0,   119.3,exact_mw,a6f040f5268ba168f94c6ccce4ff822b1b844608631bba2e2b8dc7ec85b1e503,"{""distance"":7,""physical_error_rate"":0.0002}","{""detection_events"":2268447,""detectors_checked"":2304282624}"
   9480192,         2,         0,   118.9,exact_mw,3793e887e6c3b4d5eff59c5eb9bbee88cf92e7a28a48243659e8f8373a61c55f,"{""distance"":7,""physical_error_rate"":5e-05}","{""detection_events"":1404198,""detectors_checked"":5707075584,""obs_mistake_mask=E"":2}"
   5371904,         0,         0,   119.4,exact_mw,a6f040f5268ba168f94c6ccce4ff822b1b844608631bba2e2b8dc7ec85b1e503,"{""distance"":7,""physical_error_rate"":0.0002}","{""detection_events"":3185796,""detectors_checked"":3233886208}"
   8615936,         2,         0,   119.0,exact_mw,894a5a708293b7bd3951925e43ae0371ba83736430ed1970399611b4deb8498b,"{""distance"":7,""physical_error_rate"":0.0001}","{""detection_events"":2555837,""detectors_checked"":5186793472,""obs_mistake_mask=E"":2}"
    821248,         0,         0,   120.0,exact_mw,09f626b7d1c8765fd231bc36902f9c5557d3909c4644565b971bdb2bfb186061,"{""distance"":7,""physical_error_rate"":0.0005}","{""detection_events"":1214152,""detectors_checked"":494391296}"
   8358912,         0,         0,   119.1,exact_mw,3793e887e6c3b4d5eff59c5eb9bbee88cf92e7a28a48243659e8f8373a61c55f,"{""distance"":7,""physical_error_rate"":5e-05}","{""detection_events"":1234836,""detectors_checked"":5032065024}"
   5185536,         4,         0,   119.3,exact_mw,a6f040f5268ba168f94c6ccce4ff822b1b844608631bba2e2b8dc7ec85b1e503,"{""distance"":7,""physical_error_rate"":0.0002}","{""detection_events"":3073200,""detectors_checked"":3121692672,""obs_mistake_mask=E"":4}"
   4793344,         2,         0,   119.4,exact_mw,a6f040f5268ba168f94c6ccce4ff822b1b844608631bba2e2b8dc7ec85b1e503,"{""distance"":7,""physical_error_rate"":0.0002}","{""detection_events"":2837747,""detectors_checked"":2885593088,""obs_mistake_mask=E"":2}"
   8953856,         0,         0,   119.2,exact_mw,3793e887e6c3b4d5eff59c5eb9bbee88cf92e7a28a48243659e8f8373a61c55f,"{""distance"":7,""physical_error_rate"":5e-05}","{""detection_events"":1327379,""detectors_checked"":5390221312}"
   5359616,         0,         0,   119.1,exact_mw,894a5a708293b7bd3951925e43ae0371ba83736430ed1970399611b4deb8498b,"{""distance"":7,""physical_error_rate"":0.0001}","{""detection_events"":1594460,""detectors_checked"":3226488832}"
   6641664,         0,         0,   118.9,exact_mw,3793e887e6c3b4d5eff59c5eb9bbee88cf92e7a28a48243659e8f8373a61c55f,"{""distance"":7,""physical_error_rate"":5e-05}","{""detection_events"":986014,""detectors_checked"":3998281728}"
    691200,         1,         0,   119.9,exact_mw,09f626b7d1c8765fd231bc36902f9c5557d3909c4644565b971bdb2bfb186061,"{""distance"":7,""physical_error_rate"":0.0005}","{""detection_events"":1019567,""detectors_checked"":416102400,""obs_mistake_mask=E"":1}"
    805888,         3,         0,   119.9,exact_mw,09f626b7d1c8765fd231bc36902f9c5557d3909c4644565b971bdb2bfb186061,"{""distance"":7,""physical_error_rate"":0.0005}","{""detection_events"":1188458,""detectors_checked"":485144576,""obs_mistake_mask=E"":3}"
    145408,         5,         0,   120.8,exact_mw,fe773c48422346d89ea42b7ea8a90aa3034802874175ef2bfbcd9fbedf677903,"{""distance"":7,""physical_error_rate"":0.001}","{""detection_events"":428696,""detectors_checked"":87535616,""obs_mistake_mask=E"":5}"
    587776,         2,         0,   120.2,exact_mw,09f626b7d1c8765fd231bc36902f9c5557d3909c4644565b971bdb2bfb186061,"{""distance"":7,""physical_error_rate"":0.0005}","{""detection_events"":866467,""detectors_checked"":353841152,""obs_mistake_mask=E"":2}"
      4576,        33,         0,   120.7,exact_mw,f4817e2f6bf0dfc41195700a9244a7f66964db0e79ea1302ca6e9f2465062a32,"{""distance"":7,""physical_error_rate"":0.01}","{""detection_events"":127094,""detectors_checked"":2754752,""obs_mistake_mask=E"":33}"
    456192,         0,         0,   120.5,exact_mw,09f626b7d1c8765fd231bc36902f9c5557d3909c4644565b971bdb2bfb186061,"{""distance"":7,""physical_error_rate"":0.0005}","{""detection_events"":673256,""detectors_checked"":274627584}"
     18928,         4,         0,   120.3,exact_mw,8842ec4fe0f86aba00650008f7f408db45344cfb5a30f76b1f2c0fb50a8d5069,"{""distance"":7,""physical_error_rate"":0.002}","{""detection_events"":111330,""detectors_checked"":11394656,""obs_mistake_mask=E"":4}"
     30720,         4,         0,   120.2,exact_mw,8842ec4fe0f86aba00650008f7f408db45344cfb5a30f76b1f2c0fb50a8d5069,"{""distance"":7,""physical_error_rate"":0.002}","{""detection_events"":181258,""detectors_checked"":18493440,""obs_mistake_mask=E"":4}"
      7232,        13,         0,   120.1,exact_mw,6534c274fb8721060716b040ba5484c43e0fb249b656ad44721a05b8b1f26839,"{""distance"":7,""physical_error_rate"":0.005}","{""detection_events"":104217,""detectors_checked"":4353664,""obs_mistake_mask=E"":13}"
      7744,        13,         0,   120.1,exact_mw,6534c274fb8721060716b040ba5484c43e0fb249b656ad44721a05b8b1f26839,"{""distance"":7,""physical_error_rate"":0.005}","{""detection_events"":110243,""detectors_checked"":4661888,""obs_mistake_mask=E"":13}"
      4448,        40,         0,   120.2,exact_mw,f4817e2f6bf0dfc41195700a9244a7f66964db0e79ea1302ca6e9f2465062a32,"{""distance"":7,""physical_error_rate"":0.01}","{""detection_events"":122924,""detectors_checked"":2677696,""obs_mistake_mask=E"":40}"
     95808,         4,         0,   120.0,exact_mw,fe773c48422346d89ea42b7ea8a90aa3034802874175ef2bfbcd9fbedf677903,"{""distance"":7,""physical_error_rate"":0.001}","{""detection_events"":281803,""detectors_checked"":57676416,""obs_mistake_mask=E"":4}"
      3344,        33,         0,   120.2,exact_mw,f4817e2f6bf0dfc41195700a9244a7f66964db0e79ea1302ca6e9f2465062a32,"{""distance"":7,""physical_error_rate"":0.01}","{""detection_events"":93007,""detectors_checked"":2013088,""obs_mistake_mask=E"":33}"
     29440,         4,         0,   119.9,exact_mw,8842ec4fe0f86aba00650008f7f408db45344cfb5a30f76b1f2c0fb50a8d5069,"{""distance"":7,""physical_error_rate"":0.002}","{""detection_events"":173151,""detectors_checked"":17722880,""obs_mistake_mask=E"":4}"
      7584,        11,         0,   120.2,exact_mw,6534c274fb8721060716b040ba5484c43e0fb249b656ad44721a05b8b1f26839,"{""distance"":7,""physical_error_rate"":0.005}","{""detection_events"":108264,""detectors_checked"":4565568,""obs_mistake_mask=E"":11}"
      7488,        16,         0,   120.3,exact_mw,6534c274fb8721060716b040ba5484c43e0fb249b656ad44721a05b8b1f26839,"{""distance"":7,""physical_error_rate"":0.005}","{""detection_events"":108047,""detectors_checked"":4507776,""obs_mistake_mask=E"":16}"
    140288,         3,         0,   120.5,exact_mw,fe773c48422346d89ea42b7ea8a90aa3034802874175ef2bfbcd9fbedf677903,"{""distance"":7,""physical_error_rate"":0.001}","{""detection_events"":414227,""detectors_checked"":84453376,""obs_mistake_mask=E"":3}"
     15904,         3,         0,   120.6,exact_mw,8842ec4fe0f86aba00650008f7f408db45344cfb5a30f76b1f2c0fb50a8d5069,"{""distance"":7,""physical_error_rate"":0.002}","{""detection_events"":92207,""detectors_checked"":9574208,""obs_mistake_mask=E"":3}"
     28288,         3,         0,   120.4,exact_mw,8842ec4fe0f86aba00650008f7f408db45344cfb5a30f76b1f2c0fb50a8d5069,"{""distance"":7,""physical_error_rate"":0.002}","{""detection_events"":166456,""detectors_checked"":17029376,""obs_mistake_mask=E"":3}"
     51712,         0,         0,    45.1,exact_mw,fe773c48422346d89ea42b7ea8a90aa3034802874175ef2bfbcd9fbedf677903,"{""distance"":7,""physical_error_rate"":0.001}","{""detection_events"":153151,""detectors_checked"":31130624}"
   2973696,         0,         0,   119.0,exact_mw,894a5a708293b7bd3951925e43ae0371ba83736430ed1970399611b4deb8498b,"{""distance"":7,""physical_error_rate"":0.0001}","{""detection_events"":881653,""detectors_checked"":1790164992}"
       832,         6,         0,   120.0,exact_mw,f4817e2f6bf0dfc41195700a9244a7f66964db0e79ea1302ca6e9f2465062a32,"{""distance"":7,""physical_error_rate"":0.01}","{""detection_events"":23112,""detectors_checked"":500864,""obs_mistake_mask=E"":6}"
    948224,         0,         0,   119.6,exact_mw,a6f040f5268ba168f94c6ccce4ff822b1b844608631bba2e2b8dc7ec85b1e503,"{""distance"":7,""physical_error_rate"":0.0002}","{""detection_events"":564146,""detectors_checked"":570830848}"
   2772992,         0,         0,    62.7,exact_mw,a6f040f5268ba168f94c6ccce4ff822b1b844608631bba2e2b8dc7ec85b1e503,"{""distance"":7,""physical_error_rate"":0.0002}","{""detection_events"":1640647,""detectors_checked"":1669341184}"
   4552704,         2,         0,    62.5,exact_mw,894a5a708293b7bd3951925e43ae0371ba83736430ed1970399611b4deb8498b,"{""distance"":7,""physical_error_rate"":0.0001}","{""detection_events"":1352665,""detectors_checked"":2740727808,""obs_mistake_mask=E"":2}"
   5064704,         0,         0,    62.5,exact_mw,3793e887e6c3b4d5eff59c5eb9bbee88cf92e7a28a48243659e8f8373a61c55f,"{""distance"":7,""physical_error_rate"":5e-05}","{""detection_events"":751548,""detectors_checked"":3048951808}"
    421888,         0,         0,    63.0,exact_mw,09f626b7d1c8765fd231bc36902f9c5557d3909c4644565b971bdb2bfb186061,"{""distance"":7,""physical_error_rate"":0.0005}","{""detection_events"":625869,""detectors_checked"":253976576}"
    889856,         0,         0,   119.2,exact_mw,a6f040f5268ba168f94c6ccce4ff822b1b844608631bba2e2b8dc7ec85b1e503,"{""distance"":7,""physical_error_rate"":0.0002}","{""detection_events"":529855,""detectors_checked"":535693312}"
      4224,         1,         0,    63.5,exact_mw,6534c274fb8721060716b040ba5484c43e0fb249b656ad44721a05b8b1f26839,"{""distance"":7,""physical_error_rate"":0.005}","{""detection_events"":60209,""detectors_checked"":2542848,""obs_mistake_mask=E"":1}"
   9385984,         0,         0,   119.1,exact_mw,3793e887e6c3b4d5eff59c5eb9bbee88cf92e7a28a48243659e8f8373a61c55f,"{""distance"":7,""physical_error_rate"":5e-05}","{""detection_events"":1397132,""detectors_checked"":5650362368}"
    826368,         0,         0,   119.9,exact_mw,09f626b7d1c8765fd231bc36902f9c5557d3909c4644565b971bdb2bfb186061,"{""distance"":7,""physical_error_rate"":0.0005}","{""detection_events"":1223146,""detectors_checked"":497473536}"
   8416256,         0,         0,   119.1,exact_mw,894a5a708293b7bd3951925e43ae0371ba83736430ed1970399611b4deb8498b,"{""distance"":7,""physical_error_rate"":0.0001}","{""detection_events"":2497940,""detectors_checked"":5066586112}"
     31104,         2,         0,   120.9,exact_mw,8842ec4fe0f86aba00650008f7f408db45344cfb5a30f76b1f2c0fb50a8d5069,"{""distance"":7,""physical_error_rate"":0.002}","{""detection_events"":182370,""detectors_checked"":18724608,""obs_mistake_mask=E"":2}"
     16384,         1,         0,    63.6,exact_mw,8842ec4fe0f86aba00650008f7f408db45344cfb5a30f76b1f2c0fb50a8d5069,"{""distance"":7,""physical_error_rate"":0.002}","{""detection_events"":96345,""detectors_checked"":9863168,""obs_mistake_mask=E"":1}"
      1136,         6,         0,   120.3,exact_mw,f4817e2f6bf0dfc41195700a9244a7f66964db0e79ea1302ca6e9f2465062a32,"{""distance"":7,""physical_error_rate"":0.01}","{""detection_events"":31434,""detectors_checked"":683872,""obs_mistake_mask=E"":6}"
    139776,         3,         0,   120.2,exact_mw,fe773c48422346d89ea42b7ea8a90aa3034802874175ef2bfbcd9fbedf677903,"{""distance"":7,""physical_error_rate"":0.001}","{""detection_events"":413799,""detectors_checked"":84145152,""obs_mistake_mask=E"":3}"
      6808,        14,         0,   120.0,exact_mw,6534c274fb8721060716b040ba5484c43e0fb249b656ad44721a05b8b1f26839,"{""distance"":7,""physical_error_rate"":0.005}","{""detection_events"":97951,""detectors_checked"":4098416,""obs_mistake_mask=E"":14}"
      5488,        12,         0,   120.2,exact_mw,6534c274fb8721060716b040ba5484c43e0fb249b656ad44721a05b8b1f26839,"{""distance"":7,""physical_error_rate"":0.005}","{""detection_events"":78056,""detectors_checked"":3303776,""obs_mistake_mask=E"":12}"
   8750080,         0,         0,   119.0,exact_mw,894a5a708293b7bd3951925e43ae0371ba83736430ed1970399611b4deb8498b,"{""distance"":7,""physical_error_rate"":0.0001}","{""detection_events"":2592907,""detectors_checked"":5267548160}"
   5310464,         1,         0,   119.3,exact_mw,a6f040f5268ba168f94c6ccce4ff822b1b844608631bba2e2b8dc7ec85b1e503,"{""distance"":7,""physical_error_rate"":0.0002}","{""detection_events"":3147375,""detectors_checked"":3196899328,""obs_mistake_mask=E"":1}"
   9641984,         0,         0,   118.9,exact_mw,3793e887e6c3b4d5eff59c5eb9bbee88cf92e7a28a48243659e8f8373a61c55f,"{""distance"":7,""physical_error_rate"":5e-05}","{""detection_events"":1431519,""detectors_checked"":5804474368}"
    832512,         0,         0,   119.9,exact_mw,09f626b7d1c8765fd231bc36902f9c5557d3909c4644565b971bdb2bfb186061,"{""distance"":7,""physical_error_rate"":0.0005}","{""detection_events"":1229313,""detectors_checked"":501172224}"
   8944640,         1,         0,   119.1,exact_mw,3793e887e6c3b4d5eff59c5eb9bbee88cf92e7a28a48243659e8f8373a61c55f,"{""distance"":7,""physical_error_rate"":5e-05}","{""detection_events"":1326431,""detectors_checked"":5384673280,""obs_mistake_mask=E"":1}"
   1313792,         0,         0,   119.2,exact_mw,894a5a708293b7bd3951925e43ae0371ba83736430ed1970399611b4deb8498b,"{""distance"":7,""physical_error_rate"":0.0001}","{""detection_events"":388083,""detectors_checked"":790902784}"
   8174592,         0,         0,   119.0,exact_mw,894a5a708293b7bd3951925e43ae0371ba83736430ed1970399611b4deb8498b,"{""distance"":7,""physical_error_rate"":0.0001}","{""detection_events"":2422973,""detectors_checked"":4921104384}"
     78848,         0,         0,    63.4,exact_mw,fe773c48422346d89ea42b7ea8a90aa3034802874175ef2bfbcd9fbedf677903,"{""distance"":7,""physical_error_rate"":0.001}","{""detection_events"":233260,""detectors_checked"":47466496}"
      4512,        47,         0,   120.5,exact_mw,f4817e2f6bf0dfc41195700a9244a7f66964db0e79ea1302ca6e9f2465062a32,"{""distance"":7,""physical_error_rate"":0.01}","{""detection_events"":125534,""detectors_checked"":2716224,""obs_mistake_mask=E"":47}"
      7744,        12,         0,   120.6,exact_mw,6534c274fb8721060716b040ba5484c43e0fb249b656ad44721a05b8b1f26839,"{""distance"":7,""physical_error_rate"":0.005}","{""detection_events"":111895,""detectors_checked"":4661888,""obs_mistake_mask=E"":12}"
    148480,         6,         0,   120.0,exact_mw,fe773c48422346d89ea42b7ea8a90aa3034802874175ef2bfbcd9fbedf677903,"{""distance"":7,""physical_error_rate"":0.001}","{""detection_events"":437540,""detectors_checked"":89384960,""obs_mistake_mask=E"":6}"
     30208,         6,         0,   120.2,exact_mw,8842ec4fe0f86aba00650008f7f408db45344cfb5a30f76b1f2c0fb50a8d5069,"{""distance"":7,""physical_error_rate"":0.002}","{""detection_events"":176363,""detectors_checked"":18185216,""obs_mistake_mask=E"":6}"
      4544,        49,         0,   120.0,exact_mw,f4817e2f6bf0dfc41195700a9244a7f66964db0e79ea1302ca6e9f2465062a32,"{""distance"":7,""physical_error_rate"":0.01}","{""detection_events"":126329,""detectors_checked"":2735488,""obs_mistake_mask=E"":49}"
       316,         2,         0,    64.0,exact_mw,f4817e2f6bf0dfc41195700a9244a7f66964db0e79ea1302ca6e9f2465062a32,"{""distance"":7,""physical_error_rate"":0.01}","{""detection_events"":8799,""detectors_checked"":190232,""obs_mistake_mask=E"":2}"
      3072,        23,         0,    79.4,exact_mw,f4817e2f6bf0dfc41195700a9244a7f66964db0e79ea1302ca6e9f2465062a32,"{""distance"":7,""physical_error_rate"":0.01}","{""detection_events"":85575,""detectors_checked"":1849344,""obs_mistake_mask=E"":23}"
      3104,        26,         0,    81.8,exact_mw,f4817e2f6bf0dfc41195700a9244a7f66964db0e79ea1302ca6e9f2465062a32,"{""distance"":7,""physical_error_rate"":0.01}","{""detection_events"":86888,""detectors_checked"":1868608,""obs_mistake_mask=E"":26}"
      3072,        28,         0,    78.6,exact_mw,f4817e2f6bf0dfc41195700a9244a7f66964db0e79ea1302ca6e9f2465062a32,"{""distance"":7,""physical_error_rate"":0.01}","{""detection_events"":85851,""detectors_checked"":1849344,""obs_mistake_mask=E"":28}"
      4704,        43,         0,   120.3,exact_mw,f4817e2f6bf0dfc41195700a9244a7f66964db0e79ea1302ca6e9f2465062a32,"{""distance"":7,""physical_error_rate"":0.01}","{""detection_events"":130836,""detectors_checked"":2831808,""obs_mistake_mask=E"":43}"
       160,         4,         0,    3.99,exact_mw,f4817e2f6bf0dfc41195700a9244a7f66964db0e79ea1302ca6e9f2465062a32,"{""distance"":7,""physical_error_rate"":0.01}","{""detection_events"":4497,""detectors_checked"":96320,""obs_mistake_mask=E"":4}"
        32,         0,         0,   0.945,exact_mw,f4817e2f6bf0dfc41195700a9244a7f66964db0e79ea1302ca6e9f2465062a32,"{""distance"":7,""physical_error_rate"":0.01}","{""detection_events"":979,""detectors_checked"":19264}"
       140,         0,         0,    28.8,exact_mw,f4817e2f6bf0dfc41195700a9244a7f66964db0e79ea1302ca6e9f2465062a32,"{""distance"":7,""physical_error_rate"":0.01}","{""detection_events"":3877,""detectors_checked"":84280}"
     20608,         0,         0,   120.3,exact_mw,fe773c48422346d89ea42b7ea8a90aa3034802874175ef2bfbcd9fbedf677903,"{""distance"":7,""physical_error_rate"":0.001}","{""detection_events"":61567,""detectors_checked"":12406016}"
    142848,         5,         0,   121.0,exact_mw,fe773c48422346d89ea42b7ea8a90aa3034802874175ef2bfbcd9fbedf677903,"{""distance"":7,""physical_error_rate"":0.001}","{""detection_events"":423556,""detectors_checked"":85994496,""obs_mistake_mask=E"":5}"
      2321,         0,         0,   0.029,exact_mw,894a5a708293b7bd3951925e43ae0371ba83736430ed1970399611b4deb8498b,"{""distance"":7,""physical_error_rate"":0.0001}","{""detection_events"":756,""detectors_checked"":1397242}"
      3072,         0,         0,   0.032,exact_mw,894a5a708293b7bd3951925e43ae0371ba83736430ed1970399611b4deb8498b,"{""distance"":7,""physical_error_rate"":0.0001}","{""detection_events"":943,""detectors_checked"":1849344}"
      1024,         0,         0,   0.009,exact_mw,894a5a708293b7bd3951925e43ae0371ba83736430ed1970399611b4deb8498b,"{""distance"":7,""physical_error_rate"":0.0001}","{""detection_events"":286,""detectors_checked"":616448}"
      2048,         0,         0,   0.029,exact_mw,894a5a708293b7bd3951925e43ae0371ba83736430ed1970399611b4deb8498b,"{""distance"":7,""physical_error_rate"":0.0001}","{""detection_events"":577,""detectors_checked"":1232896}"
      4096,         0,         0,   0.052,exact_mw,894a5a708293b7bd3951925e43ae0371ba83736430ed1970399611b4deb8498b,"{""distance"":7,""physical_error_rate"":0.0001}","{""detection_events"":1202,""detectors_checked"":2465792}"
      4096,         0,         0,   0.055,exact_mw,894a5a708293b7bd3951925e43ae0371ba83736430ed1970399611b4deb8498b,"{""distance"":7,""physical_error_rate"":0.0001}","{""detection_events"":1312,""detectors_checked"":2465792}"
      5120,         0,         0,   0.077,exact_mw,894a5a708293b7bd3951925e43ae0371ba83736430ed1970399611b4deb8498b,"{""distance"":7,""physical_error_rate"":0.0001}","{""detection_events"":1545,""detectors_checked"":3082240}"
      4096,         0,         0,   0.108,exact_mw,894a5a708293b7bd3951925e43ae0371ba83736430ed1970399611b4deb8498b,"{""distance"":7,""physical_error_rate"":0.0001}","{""detection_events"":1274,""detectors_checked"":2465792}"
      9216,         0,         0,   0.150,exact_mw,894a5a708293b7bd3951925e43ae0371ba83736430ed1970399611b4deb8498b,"{""distance"":7,""physical_error_rate"":0.0001}","{""detection_events"":2859,""detectors_checked"":5548032}"
     16384,         0,         0,   0.195,exact_mw,894a5a708293b7bd3951925e43ae0371ba83736430ed1970399611b4deb8498b,"{""distance"":7,""physical_error_rate"":0.0001}","{""detection_events"":4884,""detectors_checked"":9863168}"
     20480,         0,         0,   0.293,exact_mw,894a5a708293b7bd3951925e43ae0371ba83736430ed1970399611b4deb8498b,"{""distance"":7,""physical_error_rate"":0.0001}","{""detection_events"":6243,""detectors_checked"":12328960}"
     29696,         0,         0,   0.413,exact_mw,894a5a708293b7bd3951925e43ae0371ba83736430ed1970399611b4deb8498b,"{""distance"":7,""physical_error_rate"":0.0001}","{""detection_events"":8323,""detectors_checked"":17876992}"
         1,         0,         0,   0.001,exact_mw,09f626b7d1c8765fd231bc36902f9c5557d3909c4644565b971bdb2bfb186061,"{""distance"":7,""physical_error_rate"":0.0005}","{""detectors_checked"":602}"
       272,         0,         0,   0.035,exact_mw,09f626b7d1c8765fd231bc36902f9c5557d3909c4644565b971bdb2bfb186061,"{""distance"":7,""physical_error_rate"":0.0005}","{""detection_events"":431,""detectors_checked"":163744}"
      1024,         0,         0,   0.095,exact_mw,09f626b7d1c8765fd231bc36902f9c5557d3909c4644565b971bdb2bfb186061,"{""distance"":7,""physical_error_rate"":0.0005}","{""detection_events"":1433,""detectors_checked"":616448}"
         1,         0,         0,   0.004,exact_mw,6534c274fb8721060716b040ba5484c43e0fb249b656ad44721a05b8b1f26839,"{""distance"":7,""physical_error_rate"":0.005}","{""detection_events"":7,""detectors_checked"":602}"
      1024,         0,         0,   0.080,exact_mw,09f626b7d1c8765fd231bc36902f9c5557d3909c4644565b971bdb2bfb186061,"{""distance"":7,""physical_error_rate"":0.0005}","{""detection_events"":1460,""detectors_checked"":616448}"
     43008,         0,         0,   0.566,exact_mw,894a5a708293b7bd3951925e43ae0371ba83736430ed1970399611b4deb8498b,"{""distance"":7,""physical_error_rate"":0.0001}","{""detection_events"":12467,""detectors_checked"":25890816}"
        16,         0,         0,   0.214,exact_mw,6534c274fb8721060716b040ba5484c43e0fb249b656ad44721a05b8b1f26839,"{""distance"":7,""physical_error_rate"":0.005}","{""detection_events"":272,""detectors_checked"":9632}"
      1024,         0,         0,   0.186,exact_mw,09f626b7d1c8765fd231bc36902f9c5557d3909c4644565b971bdb2bfb186061,"{""distance"":7,""physical_error_rate"":0.0005}","{""detection_events"":1623,""detectors_checked"":616448}"
        17,         0,         0,   0.055,exact_mw,8842ec4fe0f86aba00650008f7f408db45344cfb5a30f76b1f2c0fb50a8d5069,"{""distance"":7,""physical_error_rate"":0.002}","{""detection_events"":67,""detectors_checked"":10234}"
      1024,         0,         0,   0.174,exact_mw,09f626b7d1c8765fd231bc36902f9c5557d3909c4644565b971bdb2bfb186061,"{""distance"":7,""physical_error_rate"":0.0005}","{""detection_events"":1398,""detectors_checked"":616448}"
      1024,         0,         0,   0.131,exact_mw,09f626b7d1c8765fd231bc36902f9c5557d3909c4644565b971bdb2bfb186061,"{""distance"":7,""physical_error_rate"":0.0005}","{""detection_events"":1518,""detectors_checked"":616448}"
      1024,         0,         0,   0.134,exact_mw,09f626b7d1c8765fd231bc36902f9c5557d3909c4644565b971bdb2bfb186061,"{""distance"":7,""physical_error_rate"":0.0005}","{""detection_events"":1451,""detectors_checked"":616448}"
        32,         0,         0,   0.493,exact_mw,6534c274fb8721060716b040ba5484c43e0fb249b656ad44721a05b8b1f26839,"{""distance"":7,""physical_error_rate"":0.005}","{""detection_events"":451,""detectors_checked"":19264}"
         1,         0,         0,   0.001,exact_mw,a6f040f5268ba168f94c6ccce4ff822b1b844608631bba2e2b8dc7ec85b1e503,"{""distance"":7,""physical_error_rate"":0.0002}","{""detectors_checked"":602}"
     62464,         0,         0,   0.808,exact_mw,894a5a708293b7bd3951925e43ae0371ba83736430ed1970399611b4deb8498b,"{""distance"":7,""physical_error_rate"":0.0001}","{""detection_events"":18314,""detectors_checked"":37603328}"
      2320,         0,         0,   0.035,exact_mw,a6f040f5268ba168f94c6ccce4ff822b1b844608631bba2e2b8dc7ec85b1e503,"{""distance"":7,""physical_error_rate"":0.0002}","{""detection_events"":1443,""detectors_checked"":1396640}"
      2048,         0,         0,   0.245,exact_mw,09f626b7d1c8765fd231bc36902f9c5557d3909c4644565b971bdb2bfb186061,"{""distance"":7,""physical_error_rate"":0.0005}","{""detection_events"":2942,""detectors_checked"":1232896}"
      2048,         0,         0,   0.081,exact_mw,a6f040f5268ba168f94c6ccce4ff822b1b844608631bba2e2b8dc7ec85b1e503,"{""distance"":7,""physical_error_rate"":0.0002}","{""detection_events"":1171,""detectors_checked"":1232896}"
       128,         0,         0,   0.607,exact_mw,8842ec4fe0f86aba00650008f7f408db45344cfb5a30f76b1f2c0fb50a8d5069,"{""distance"":7,""physical_error_rate"":0.002}","{""detection_events"":747,""detectors_checked"":77056}"
      2048,         0,         0,   0.032,exact_mw,a6f040f5268ba168f94c6ccce4ff822b1b844608631bba2e2b8dc7ec85b1e503,"{""distance"":7,""physical_error_rate"":0.0002}","{""detection_events"":1304,""detectors_checked"":1232896}"
      2048,         0,         0,   0.041,exact_mw,a6f040f5268ba168f94c6ccce4ff822b1b844608631bba2e2b8dc7ec85b1e503,"{""distance"":7,""physical_error_rate"":0.0002}","{""detection_events"":1170,""detectors_checked"":1232896}"
        32,         0,         0,   0.345,exact_mw,6534c274fb8721060716b040ba5484c43e0fb249b656ad44721a05b8b1f26839,"{""distance"":7,""physical_error_rate"":0.005}","{""detection_events"":444,""detectors_checked"":19264}"
         1,         0,         0,   0.001,exact_mw,3793e887e6c3b4d5eff59c5eb9bbee88cf92e7a28a48243659e8f8373a61c55f,"{""distance"":7,""physical_error_rate"":5e-05}","{""detectors_checked"":602}"
         1,         0,         0,   0.001,exact_mw,fe773c48422346d89ea42b7ea8a90aa3034802874175ef2bfbcd9fbedf677903,"{""distance"":7,""physical_error_rate"":0.001}","{""detection_events"":4,""detectors_checked"":602}"
      3072,         0,         0,   0.059,exact_mw,a6f040f5268ba168f94c6ccce4ff822b1b844608631bba2e2b8dc7ec85b1e503,"{""distance"":7,""physical_error_rate"":0.0002}","{""detection_events"":1845,""detectors_checked"":1849344}"
      2320,         0,         0,   0.028,exact_mw,3793e887e6c3b4d5eff59c5eb9bbee88cf92e7a28a48243659e8f8373a61c55f,"{""distance"":7,""physical_error_rate"":5e-05}","{""detection_events"":336,""detectors_checked"":1396640}"
      2048,         0,         0,   0.028,exact_mw,3793e887e6c3b4d5eff59c5eb9bbee88cf92e7a28a48243659e8f8373a61c55f,"{""distance"":7,""physical_error_rate"":5e-05}","{""detection_events"":321,""detectors_checked"":1232896}"
      3072,         0,         0,   0.032,exact_mw,3793e887e6c3b4d5eff59c5eb9bbee88cf92e7a28a48243659e8f8373a61c55f,"{""distance"":7,""physical_error_rate"":5e-05}","{""detection_events"":476,""detectors_checked"":1849344}"
      4096,         0,         0,   0.081,exact_mw,a6f040f5268ba168f94c6ccce4ff822b1b844608631bba2e2b8dc7ec85b1e503,"{""distance"":7,""physical_error_rate"":0.0002}","{""detection_events"":2248,""detectors_checked"":2465792}"
      3072,         0,         0,   0.032,exact_mw,3793e887e6c3b4d5eff59c5eb9bbee88cf92e7a28a48243659e8f8373a61c55f,"{""distance"":7,""physical_error_rate"":5e-05}","{""detection_events"":428,""detectors_checked"":1849344}"
      2048,         0,         0,   0.318,exact_mw,09f626b7d1c8765fd231bc36902f9c5557d3909c4644565b971bdb2bfb186061,"{""distance"":7,""physical_error_rate"":0.0005}","{""detection_events"":2990,""detectors_checked"":1232896}"
      5120,         0,         0,   0.044,exact_mw,3793e887e6c3b4d5eff59c5eb9bbee88cf92e7a28a48243659e8f8373a61c55f,"{""distance"":7,""physical_error_rate"":5e-05}","{""detection_events"":800,""detectors_checked"":3082240}"
      5120,         0,         0,   0.110,exact_mw,a6f040f5268ba168f94c6ccce4ff822b1b844608631bba2e2b8dc7ec85b1e503,"{""distance"":7,""physical_error_rate"":0.0002}","{""detection_events"":3119,""detectors_checked"":3082240}"
       272,         0,         0,   0.223,exact_mw,fe773c48422346d89ea42b7ea8a90aa3034802874175ef2bfbcd9fbedf677903,"{""distance"":7,""physical_error_rate"":0.001}","{""detection_events"":818,""detectors_checked"":163744}"
      6144,         0,         0,   0.064,exact_mw,3793e887e6c3b4d5eff59c5eb9bbee88cf92e7a28a48243659e8f8373a61c55f,"{""distance"":7,""physical_error_rate"":5e-05}","{""detection_events"":984,""detectors_checked"":3698688}"
       128,         0,         0,   0.450,exact_mw,8842ec4fe0f86aba00650008f7f408db45344cfb5a30f76b1f2c0fb50a8d5069,"{""distance"":7,""physical_error_rate"":0.002}","{""detection_events"":693,""detectors_checked"":77056}"
      9216,         0,         0,   0.160,exact_mw,a6f040f5268ba168f94c6ccce4ff822b1b844608631bba2e2b8dc7ec85b1e503,"{""distance"":7,""physical_error_rate"":0.0002}","{""detection_events"":5516,""detectors_checked"":5548032}"
        32,         0,         0,   0.428,exact_mw,6534c274fb8721060716b040ba5484c43e0fb249b656ad44721a05b8b1f26839,"{""distance"":7,""physical_error_rate"":0.005}","{""detection_events"":501,""detectors_checked"":19264}"
      9216,         0,         0,   0.108,exact_mw,3793e887e6c3b4d5eff59c5eb9bbee88cf92e7a28a48243659e8f8373a61c55f,"{""distance"":7,""physical_error_rate"":5e-05}","{""detection_events"":1410,""detectors_checked"":5548032}"
      2048,         0,         0,   0.313,exact_mw,09f626b7d1c8765fd231bc36902f9c5557d3909c4644565b971bdb2bfb186061,"{""distance"":7,""physical_error_rate"":0.0005}","{""detection_events"":3069,""detectors_checked"":1232896}"
     12288,         0,         0,   0.140,exact_mw,3793e887e6c3b4d5eff59c5eb9bbee88cf92e7a28a48243659e8f8373a61c55f,"{""distance"":7,""physical_error_rate"":5e-05}","{""detection_events"":1770,""detectors_checked"":7397376}"
       512,         0,         0,   0.323,exact_mw,fe773c48422346d89ea42b7ea8a90aa3034802874175ef2bfbcd9fbedf677903,"{""distance"":7,""physical_error_rate"":0.001}","{""detection_events"":1576,""detectors_checked"":308224}"
     10240,         0,         0,   0.218,exact_mw,a6f040f5268ba168f94c6ccce4ff822b1b844608631bba2e2b8dc7ec85b1e503,"{""distance"":7,""physical_error_rate"":0.0002}","{""detection_events"":5880,""detectors_checked"":6164480}"
     17408,         0,         0,   0.209,exact_mw,3793e887e6c3b4d5eff59c5eb9bbee88cf92e7a28a48243659e8f8373a61c55f,"{""distance"":7,""physical_error_rate"":5e-05}","{""detection_events"":2564,""detectors_checked"":10479616}"
       128,         0,         0,   0.495,exact_mw,8842ec4fe0f86aba00650008f7f408db45344cfb5a30f76b1f2c0fb50a8d5069,"{""distance"":7,""physical_error_rate"":0.002}","{""detection_events"":793,""detectors_checked"":77056}"
     83968,         0,         0,    1.11,exact_mw,894a5a708293b7bd3951925e43ae0371ba83736430ed1970399611b4deb8498b,"{""distance"":7,""physical_error_rate"":0.0001}","{""detection_events"":24717,""detectors_checked"":50548736}"
     10240,         0,         0,   0.283,exact_mw,a6f040f5268ba168f94c6ccce4ff822b1b844608631bba2e2b8dc7ec85b1e503,"{""distance"":7,""physical_error_rate"":0.0002}","{""detection_events"":6180,""detectors_checked"":6164480}"
        32,         0,         0,   0.533,exact_mw,6534c274fb8721060716b040ba5484c43e0fb249b656ad44721a05b8b1f26839,"{""distance"":7,""physical_error_rate"":0.005}","{""detection_events"":465,""detectors_checked"":19264}"
      4096,         0,         0,   0.465,exact_mw,09f626b7d1c8765fd231bc36902f9c5557d3909c4644565b971bdb2bfb186061,"{""distance"":7,""physical_error_rate"":0.0005}","{""detection_events"":5729,""detectors_checked"":2465792}"
       512,         0,         0,   0.439,exact_mw,fe773c48422346d89ea42b7ea8a90aa3034802874175ef2bfbcd9fbedf677903,"{""distance"":7,""physical_error_rate"":0.001}","{""detection_events"":1482,""detectors_checked"":308224}"
     22528,         0,         0,   0.298,exact_mw,3793e887e6c3b4d5eff59c5eb9bbee88cf92e7a28a48243659e8f8373a61c55f,"{""distance"":7,""physical_error_rate"":5e-05}","{""detection_events"":3390,""detectors_checked"":13561856}"
       128,         0,         0,   0.418,exact_mw,8842ec4fe0f86aba00650008f7f408db45344cfb5a30f76b1f2c0fb50a8d5069,"{""distance"":7,""physical_error_rate"":0.002}","{""detection_events"":694,""detectors_checked"":77056}"
     16384,         0,         0,   0.419,exact_mw,a6f040f5268ba168f94c6ccce4ff822b1b844608631bba2e2b8dc7ec85b1e503,"{""distance"":7,""physical_error_rate"":0.0002}","{""detection_events"":9762,""detectors_checked"":9863168}"
     33792,         0,         0,   0.415,exact_mw,3793e887e6c3b4d5eff59c5eb9bbee88cf92e7a28a48243659e8f8373a61c55f,"{""distance"":7,""physical_error_rate"":5e-05}","{""detection_events"":4914,""detectors_checked"":20342784}"
       512,         0,         0,   0.479,exact_mw,fe773c48422346d89ea42b7ea8a90aa3034802874175ef2bfbcd9fbedf677903,"{""distance"":7,""physical_error_rate"":0.001}","{""detection_events"":1470,""detectors_checked"":308224}"
        32,         0,         0,   0.575,exact_mw,6534c274fb8721060716b040ba5484c43e0fb249b656ad44721a05b8b1f26839,"{""distance"":7,""physical_error_rate"":0.005}","{""detection_events"":508,""detectors_checked"":19264}"
      4096,         0,         0,   0.581,exact_mw,09f626b7d1c8765fd231bc36902f9c5557d3909c4644565b971bdb2bfb186061,"{""distance"":7,""physical_error_rate"":0.0005}","{""detection_events"":6382,""detectors_checked"":2465792}"
     31744,         0,         0,   0.575,exact_mw,a6f040f5268ba168f94c6ccce4ff822b1b844608631bba2e2b8dc7ec85b1e503,"{""distance"":7,""physical_error_rate"":0.0002}","{""detection_events"":18647,""detectors_checked"":19109888}"
       512,         0,         0,   0.461,exact_mw,fe773c48422346d89ea42b7ea8a90aa3034802874175ef2bfbcd9fbedf677903,"{""distance"":7,""physical_error_rate"":0.001}","{""detection_events"":1621,""detectors_checked"":308224}"
        32,         0,         0,   0.468,exact_mw,6534c274fb8721060716b040ba5484c43e0fb249b656ad44721a05b8b1f26839,"{""distance"":7,""physical_error_rate"":0.005}","{""detection_events"":484,""detectors_checked"":19264}"
       128,         0,         0,   0.766,exact_mw,8842ec4fe0f86aba00650008f7f408db45344cfb5a30f76b1f2c0fb50a8d5069,"{""distance"":7,""physical_error_rate"":0.002}","{""detection_events"":853,""detectors_checked"":77056}"
     48128,         0,         0,   0.579,exact_mw,3793e887e6c3b4d5eff59c5eb9bbee88cf92e7a28a48243659e8f8373a61c55f,"{""distance"":7,""physical_error_rate"":5e-05}","{""detection_events"":7237,""detectors_checked"":28973056}"
        32,         0,         0,   0.316,exact_mw,6534c274fb8721060716b040ba5484c43e0fb249b656ad44721a05b8b1f26839,"{""distance"":7,""physical_error_rate"":0.005}","{""detection_events"":389,""detectors_checked"":19264}"
      6144,         0,         0,   0.816,exact_mw,09f626b7d1c8765fd231bc36902f9c5557d3909c4644565b971bdb2bfb186061,"{""distance"":7,""physical_error_rate"":0.0005}","{""detection_events"":8866,""detectors_checked"":3698688}"
       512,         0,         0,   0.400,exact_mw,fe773c48422346d89ea42b7ea8a90aa3034802874175ef2bfbcd9fbedf677903,"{""distance"":7,""physical_error_rate"":0.001}","{""detection_events"":1510,""detectors_checked"":308224}"
       128,         0,         0,   0.409,exact_mw,8842ec4fe0f86aba00650008f7f408db45344cfb5a30f76b1f2c0fb50a8d5069,"{""distance"":7,""physical_error_rate"":0.002}","{""detection_events"":712,""detectors_checked"":77056}"
    112640,         0,         0,    1.56,exact_mw,894a5a708293b7bd3951925e43ae0371ba83736430ed1970399611b4deb8498b,"{""distance"":7,""physical_error_rate"":0.0001}","{""detection_events"":33720,""detectors_checked"":67809280}"
     39936,         0,         0,   0.832,exact_mw,a6f040f5268ba168f94c6ccce4ff822b1b844608631bba2e2b8dc7ec85b1e503,"{""distance"":7,""physical_error_rate"":0.0002}","{""detection_events"":22947,""detectors_checked"":24041472}"
       512,         0,         0,   0.410,exact_mw,fe773c48422346d89ea42b7ea8a90aa3034802874175ef2bfbcd9fbedf677903,"{""distance"":7,""physical_error_rate"":0.001}","{""detection_events"":1533,""detectors_checked"":308224}"
        32,         0,         0,   0.503,exact_mw,6534c274fb8721060716b040ba5484c43e0fb249b656ad44721a05b8b1f26839,"{""distance"":7,""physical_error_rate"":0.005}","{""detection_events"":446,""detectors_checked"":19264}"
       128,         0,         0,   0.394,exact_mw,8842ec4fe0f86aba00650008f7f408db45344cfb5a30f76b1f2c0fb50a8d5069,"{""distance"":7,""physical_error_rate"":0.002}","{""detection_events"":708,""detectors_checked"":77056}"
     63488,         0,         0,   0.778,exact_mw,3793e887e6c3b4d5eff59c5eb9bbee88cf92e7a28a48243659e8f8373a61c55f,"{""distance"":7,""physical_error_rate"":5e-05}","{""detection_events"":9406,""detectors_checked"":38219776}"
       512,         0,         0,   0.364,exact_mw,fe773c48422346d89ea42b7ea8a90aa3034802874175ef2bfbcd9fbedf677903,"{""distance"":7,""physical_error_rate"":0.001}","{""detection_events"":1350,""detectors_checked"":308224}"
        32,         0,         0,   0.368,exact_mw,6534c274fb8721060716b040ba5484c43e0fb249b656ad44721a05b8b1f26839,"{""distance"":7,""physical_error_rate"":0.005}","{""detection_events"":416,""detectors_checked"":19264}"
       128,         0,         0,   0.538,exact_mw,8842ec4fe0f86aba00650008f7f408db45344cfb5a30f76b1f2c0fb50a8d5069,"{""distance"":7,""physical_error_rate"":0.002}","{""detection_events"":742,""detectors_checked"":77056}"
       512,         0,         0,   0.316,exact_mw,fe773c48422346d89ea42b7ea8a90aa3034802874175ef2bfbcd9fbedf677903,"{""distance"":7,""physical_error_rate"":0.001}","{""detection_events"":1404,""detectors_checked"":308224}"
      8192,         0,         0,    1.19,exact_mw,09f626b7d1c8765fd231bc36902f9c5557d3909c4644565b971bdb2bfb186061,"{""distance"":7,""physical_error_rate"":0.0005}","{""detection_events"":11927,""detectors_checked"":4931584}"
        32,         0,         0,   0.433,exact_mw,6534c274fb8721060716b040ba5484c43e0fb249b656ad44721a05b8b1f26839,"{""distance"":7,""physical_error_rate"":0.005}","{""detection_events"":404,""detectors_checked"":19264}"
     53248,         0,         0,    1.10,exact_mw,a6f040f5268ba168f94c6ccce4ff822b1b844608631bba2e2b8dc7ec85b1e503,"{""distance"":7,""physical_error_rate"":0.0002}","{""detection_events"":31590,""detectors_checked"":32055296}"
     92160,         0,         0,    1.12,exact_mw,3793e887e6c3b4d5eff59c5eb9bbee88cf92e7a28a48243659e8f8373a61c55f,"{""distance"":7,""physical_error_rate"":5e-05}","{""detection_events"":13830,""detectors_checked"":55480320}"
       512,         0,         0,   0.574,exact_mw,fe773c48422346d89ea42b7ea8a90aa3034802874175ef2bfbcd9fbedf677903,"{""distance"":7,""physical_error_rate"":0.001}","{""detection_events"":1572,""detectors_checked"":308224}"
       128,         0,         0,   0.845,exact_mw,8842ec4fe0f86aba00650008f7f408db45344cfb5a30f76b1f2c0fb50a8d5069,"{""distance"":7,""physical_error_rate"":0.002}","{""detection_events"":748,""detectors_checked"":77056}"
        32,         0,         0,   0.753,exact_mw,6534c274fb8721060716b040ba5484c43e0fb249b656ad44721a05b8b1f26839,"{""distance"":7,""physical_error_rate"":0.005}","{""detection_events"":447,""detectors_checked"":19264}"
       512,         0,         0,   0.450,exact_mw,fe773c48422346d89ea42b7ea8a90aa3034802874175ef2bfbcd9fbedf677903,"{""distance"":7,""physical_error_rate"":0.001}","{""detection_events"":1534,""detectors_checked"":308224}"
    131072,         0,         0,    2.17,exact_mw,894a5a708293b7bd3951925e43ae0371ba83736430ed1970399611b4deb8498b,"{""distance"":7,""physical_error_rate"":0.0001}","{""detection_events"":38325,""detectors_checked"":78905344}"
       128,         0,         0,   0.677,exact_mw,8842ec4fe0f86aba00650008f7f408db45344cfb5a30f76b1f2c0fb50a8d5069,"{""distance"":7,""physical_error_rate"":0.002}","{""detection_events"":747,""detectors_checked"":77056}"
     13312,         0,         0,    1.68,exact_mw,09f626b7d1c8765fd231bc36902f9c5557d3909c4644565b971bdb2bfb186061,"{""distance"":7,""physical_error_rate"":0.0005}","{""detection_events"":19456,""detectors_checked"":8013824}"
      1024,         0,         0,   0.801,exact_mw,fe773c48422346d89ea42b7ea8a90aa3034802874175ef2bfbcd9fbedf677903,"{""distance"":7,""physical_error_rate"":0.001}","{""detection_events"":3054,""detectors_checked"":616448}"
     69632,         0,         0,    1.54,exact_mw,a6f040f5268ba168f94c6ccce4ff822b1b844608631bba2e2b8dc7ec85b1e503,"{""distance"":7,""physical_error_rate"":0.0002}","{""detection_events"":41678,""detectors_checked"":41918464}"
    125952,         0,         0,    1.57,exact_mw,3793e887e6c3b4d5eff59c5eb9bbee88cf92e7a28a48243659e8f8373a61c55f,"{""distance"":7,""physical_error_rate"":5e-05}","{""detection_events"":18616,""detectors_checked"":75823104}"
        64,         0,         0,    1.22,exact_mw,6534c274fb8721060716b040ba5484c43e0fb249b656ad44721a05b8b1f26839,"{""distance"":7,""physical_error_rate"":0.005}","{""detection_events"":867,""detectors_checked"":38528}"
       128,         0,         0,   0.774,exact_mw,8842ec4fe0f86aba00650008f7f408db45344cfb5a30f76b1f2c0fb50a8d5069,"{""distance"":7,""physical_error_rate"":0.002}","{""detection_events"":762,""detectors_checked"":77056}"
       128,         0,         0,   0.851,exact_mw,8842ec4fe0f86aba00650008f7f408db45344cfb5a30f76b1f2c0fb50a8d5069,"{""distance"":7,""physical_error_rate"":0.002}","{""detection_events"":834,""detectors_checked"":77056}"
      2048,         0,         0,    1.29,exact_mw,fe773c48422346d89ea42b7ea8a90aa3034802874175ef2bfbcd9fbedf677903,"{""distance"":7,""physical_error_rate"":0.001}","{""detection_events"":6252,""detectors_checked"":1232896}"
        64,         0,         0,    1.40,exact_mw,6534c274fb8721060716b040ba5484c43e0fb249b656ad44721a05b8b1f26839,"{""distance"":7,""physical_error_rate"":0.005}","{""detection_events"":938,""detectors_checked"":38528}"
   5638144,         2,         0,   119.3,exact_mw,a6f040f5268ba168f94c6ccce4ff822b1b844608631bba2e2b8dc7ec85b1e503,"{""distance"":7,""physical_error_rate"":0.0002}","{""detection_events"":3343965,""detectors_checked"":3394162688,""obs_mistake_mask=E"":2}"
     17408,         0,         0,    2.33,exact_mw,09f626b7d1c8765fd231bc36902f9c5557d3909c4644565b971bdb2bfb186061,"{""distance"":7,""physical_error_rate"":0.0005}","{""detection_events"":25815,""detectors_checked"":10479616}"
    102400,         0,         0,    2.15,exact_mw,a6f040f5268ba168f94c6ccce4ff822b1b844608631bba2e2b8dc7ec85b1e503,"{""distance"":7,""physical_error_rate"":0.0002}","{""detection_events"":60735,""detectors_checked"":61644800}"
    192512,         0,         0,    3.03,exact_mw,894a5a708293b7bd3951925e43ae0371ba83736430ed1970399611b4deb8498b,"{""distance"":7,""physical_error_rate"":0.0001}","{""detection_events"":57531,""detectors_checked"":115892224}"
    192512,         0,         0,    2.18,exact_mw,3793e887e6c3b4d5eff59c5eb9bbee88cf92e7a28a48243659e8f8373a61c55f,"{""distance"":7,""physical_error_rate"":5e-05}","{""detection_events"":28770,""detectors_checked"":115892224}"
       256,         0,         0,    1.26,exact_mw,8842ec4fe0f86aba00650008f7f408db45344cfb5a30f76b1f2c0fb50a8d5069,"{""distance"":7,""physical_error_rate"":0.002}","{""detection_events"":1397,""detectors_checked"":154112}"
      2048,         0,         0,    1.52,exact_mw,fe773c48422346d89ea42b7ea8a90aa3034802874175ef2bfbcd9fbedf677903,"{""distance"":7,""physical_error_rate"":0.001}","{""detection_events"":5788,""detectors_checked"":1232896}"
   9874432,         0,         0,   119.1,exact_mw,3793e887e6c3b4d5eff59c5eb9bbee88cf92e7a28a48243659e8f8373a61c55f,"{""distance"":7,""physical_error_rate"":5e-05}","{""detection_events"":1471082,""detectors_checked"":5944408064}"
   5389312,         2,         0,   119.3,exact_mw,a6f040f5268ba168f94c6ccce4ff822b1b844608631bba2e2b8dc7ec85b1e503,"{""distance"":7,""physical_error_rate"":0.0002}","{""detection_events"":3196399,""detectors_checked"":3244365824,""obs_mistake_mask=E"":2}"
        96,         0,         0,    1.69,exact_mw,6534c274fb8721060716b040ba5484c43e0fb249b656ad44721a05b8b1f26839,"{""distance"":7,""physical_error_rate"":0.005}","{""detection_events"":1360,""detectors_checked"":57792}"
   8903680,         0,         0,   119.0,exact_mw,894a5a708293b7bd3951925e43ae0371ba83736430ed1970399611b4deb8498b,"{""distance"":7,""physical_error_rate"":0.0001}","{""detection_events"":2640040,""detectors_checked"":5360015360}"
       256,         0,         0,    1.37,exact_mw,8842ec4fe0f86aba00650008f7f408db45344cfb5a30f76b1f2c0fb50a8d5069,"{""distance"":7,""physical_error_rate"":0.002}","{""detection_events"":1471,""detectors_checked"":154112}"
      2048,         0,         0,    1.73,exact_mw,fe773c48422346d89ea42b7ea8a90aa3034802874175ef2bfbcd9fbedf677903,"{""distance"":7,""physical_error_rate"":0.001}","{""detection_events"":6194,""detectors_checked"":1232896}"
    134144,         0,         0,    3.04,exact_mw,a6f040f5268ba168f94c6ccce4ff822b1b844608631bba2e2b8dc7ec85b1e503,"{""distance"":7,""physical_error_rate"":0.0002}","{""detection_events"":79208,""detectors_checked"":80754688}"
     22528,         0,         0,    3.10,exact_mw,09f626b7d1c8765fd231bc36902f9c5557d3909c4644565b971bdb2bfb186061,"{""distance"":7,""physical_error_rate"":0.0005}","{""detection_events"":32964,""detectors_checked"":13561856}"
    837632,         3,         0,   119.8,exact_mw,09f626b7d1c8765fd231bc36902f9c5557d3909c4644565b971bdb2bfb186061,"{""distance"":7,""physical_error_rate"":0.0005}","{""detection_events"":1241607,""detectors_checked"":504254464,""obs_mistake_mask=E"":3}"
    247808,         0,         0,    3.01,exact_mw,3793e887e6c3b4d5eff59c5eb9bbee88cf92e7a28a48243659e8f8373a61c55f,"{""distance"":7,""physical_error_rate"":5e-05}","{""detection_events"":37131,""detectors_checked"":149180416}"
       384,         0,         0,    1.85,exact_mw,8842ec4fe0f86aba00650008f7f408db45344cfb5a30f76b1f2c0fb50a8d5069,"{""distance"":7,""physical_error_rate"":0.002}","{""detection_events"":2155,""detectors_checked"":231168}"
    306176,         0,         0,    4.24,exact_mw,894a5a708293b7bd3951925e43ae0371ba83736430ed1970399611b4deb8498b,"{""distance"":7,""physical_error_rate"":0.0001}","{""detection_events"":90936,""detectors_checked"":184317952}"
      3072,         0,         0,    2.66,exact_mw,fe773c48422346d89ea42b7ea8a90aa3034802874175ef2bfbcd9fbedf677903,"{""distance"":7,""physical_error_rate"":0.001}","{""detection_events"":9207,""detectors_checked"":1849344}"
        96,         0,         0,    4.04,exact_mw,6534c274fb8721060716b040ba5484c43e0fb249b656ad44721a05b8b1f26839,"{""distance"":7,""physical_error_rate"":0.005}","{""detection_events"":1383,""detectors_checked"":57792}"
       640,         0,         0,    2.59,exact_mw,8842ec4fe0f86aba00650008f7f408db45344cfb5a30f76b1f2c0fb50a8d5069,"{""distance"":7,""physical_error_rate"":0.002}","{""detection_events"":3656,""detectors_checked"":385280}"
   9140224,         0,         0,   119.2,exact_mw,3793e887e6c3b4d5eff59c5eb9bbee88cf92e7a28a48243659e8f8373a61c55f,"{""distance"":7,""physical_error_rate"":5e-05}","{""detection_events"":1356139,""detectors_checked"":5502414848}"
   5494784,         0,         0,   119.2,exact_mw,a6f040f5268ba168f94c6ccce4ff822b1b844608631bba2e2b8dc7ec85b1e503,"{""distance"":7,""physical_error_rate"":0.0002}","{""detection_events"":3260372,""detectors_checked"":3307859968}"
   5337088,         2,         0,   119.3,exact_mw,a6f040f5268ba168f94c6ccce4ff822b1b844608631bba2e2b8dc7ec85b1e503,"{""distance"":7,""physical_error_rate"":0.0002}","{""detection_events"":3165098,""detectors_checked"":3212926976,""obs_mistake_mask=E"":2}"
   1879040,         1,         0,   119.0,exact_mw,3793e887e6c3b4d5eff59c5eb9bbee88cf92e7a28a48243659e8f8373a61c55f,"{""distance"":7,""physical_error_rate"":5e-05}","{""detection_events"":280271,""detectors_checked"":1131182080,""obs_mistake_mask=E"":1}"
   1231872,         0,         0,   119.2,exact_mw,894a5a708293b7bd3951925e43ae0371ba83736430ed1970399611b4deb8498b,"{""distance"":7,""physical_error_rate"":0.0001}","{""detection_events"":365996,""detectors_checked"":741586944}"
    202752,         0,         0,    4.25,exact_mw,a6f040f5268ba168f94c6ccce4ff822b1b844608631bba2e2b8dc7ec85b1e503,"{""distance"":7,""physical_error_rate"":0.0002}","{""detection_events"":120176,""detectors_checked"":122056704}"
    346112,         0,         0,    4.23,exact_mw,3793e887e6c3b4d5eff59c5eb9bbee88cf92e7a28a48243659e8f8373a61c55f,"{""distance"":7,""physical_error_rate"":5e-05}","{""detection_events"":52103,""detectors_checked"":208359424}"
     30720,         0,         0,    4.36,exact_mw,09f626b7d1c8765fd231bc36902f9c5557d3909c4644565b971bdb2bfb186061,"{""distance"":7,""physical_error_rate"":0.0005}","{""detection_events"":44799,""detectors_checked"":18493440}"
   5755904,         1,         0,   118.9,exact_mw,3793e887e6c3b4d5eff59c5eb9bbee88cf92e7a28a48243659e8f8373a61c55f,"{""distance"":7,""physical_error_rate"":5e-05}","{""detection_events"":855944,""detectors_checked"":3465054208,""obs_mistake_mask=E"":1}"
      4096,         0,         0,    3.49,exact_mw,fe773c48422346d89ea42b7ea8a90aa3034802874175ef2bfbcd9fbedf677903,"{""distance"":7,""physical_error_rate"":0.001}","{""detection_events"":12082,""detectors_checked"":2465792}"
        32,         0,         0,    3.54,exact_mw,6534c274fb8721060716b040ba5484c43e0fb249b656ad44721a05b8b1f26839,"{""distance"":7,""physical_error_rate"":0.005}","{""detection_events"":500,""detectors_checked"":19264}"
    867328,         3,         0,   119.9,exact_mw,09f626b7d1c8765fd231bc36902f9c5557d3909c4644565b971bdb2bfb186061,"{""distance"":7,""physical_error_rate"":0.0005}","{""detection_events"":1281224,""detectors_checked"":522131456,""obs_mistake_mask=E"":3}"
    830464,         1,         0,   119.9,exact_mw,09f626b7d1c8765fd231bc36902f9c5557d3909c4644565b971bdb2bfb186061,"{""distance"":7,""physical_error_rate"":0.0005}","{""detection_events"":1229746,""detectors_checked"":499939328,""obs_mistake_mask=E"":1}"
       768,         1,         0,    3.10,exact_mw,8842ec4fe0f86aba00650008f7f408db45344cfb5a30f76b1f2c0fb50a8d5069,"{""distance"":7,""physical_error_rate"":0.002}","{""detection_events"":4594,""detectors_checked"":462336,""obs_mistake_mask=E"":1}"
        17,         1,         0,   0.299,exact_mw,6534c274fb8721060716b040ba5484c43e0fb249b656ad44721a05b8b1f26839,"{""distance"":7,""physical_error_rate"":0.005}","{""detection_events"":292,""detectors_checked"":10234,""obs_mistake_mask=E"":1}"
        32,         0,         0,   0.379,exact_mw,6534c274fb8721060716b040ba5484c43e0fb249b656ad44721a05b8b1f26839,"{""distance"":7,""physical_error_rate"":0.005}","{""detection_events"":460,""detectors_checked"":19264}"
    159232,         0,         0,   119.7,exact_mw,09f626b7d1c8765fd231bc36902f9c5557d3909c4644565b971bdb2bfb186061,"{""distance"":7,""physical_error_rate"":0.0005}","{""detection_events"":235547,""detectors_checked"":95857664}"
    423936,         0,         0,    5.94,exact_mw,894a5a708293b7bd3951925e43ae0371ba83736430ed1970399611b4deb8498b,"{""distance"":7,""physical_error_rate"":0.0001}","{""detection_events"":127159,""detectors_checked"":255209472}"
        32,         1,         0,   0.593,exact_mw,6534c274fb8721060716b040ba5484c43e0fb249b656ad44721a05b8b1f26839,"{""distance"":7,""physical_error_rate"":0.005}","{""detection_events"":492,""detectors_checked"":19264,""obs_mistake_mask=E"":1}"
    112128,         1,         0,   120.0,exact_mw,09f626b7d1c8765fd231bc36902f9c5557d3909c4644565b971bdb2bfb186061,"{""distance"":7,""physical_error_rate"":0.0005}","{""detection_events"":166315,""detectors_checked"":67501056,""obs_mistake_mask=E"":1}"
        32,         0,         0,   0.345,exact_mw,6534c274fb8721060716b040ba5484c43e0fb249b656ad44721a05b8b1f26839,"{""distance"":7,""physical_error_rate"":0.005}","{""detection_events"":429,""detectors_checked"":19264}"
    147456,         2,         0,   121.0,exact_mw,fe773c48422346d89ea42b7ea8a90aa3034802874175ef2bfbcd9fbedf677903,"{""distance"":7,""physical_error_rate"":0.001}","{""detection_events"":434805,""detectors_checked"":88768512,""obs_mistake_mask=E"":2}"
        32,         0,         0,   0.466,exact_mw,6534c274fb8721060716b040ba5484c43e0fb249b656ad44721a05b8b1f26839,"{""distance"":7,""physical_error_rate"":0.005}","{""detection_events"":445,""detectors_checked"":19264}"
   4312064,         1,         0,    87.7,exact_mw,a6f040f5268ba168f94c6ccce4ff822b1b844608631bba2e2b8dc7ec85b1e503,"{""distance"":7,""physical_error_rate"":0.0002}","{""detection_events"":2559755,""detectors_checked"":2595862528,""obs_mistake_mask=E"":1}"
      4176,         0,         0,   120.2,exact_mw,8842ec4fe0f86aba00650008f7f408db45344cfb5a30f76b1f2c0fb50a8d5069,"{""distance"":7,""physical_error_rate"":0.002}","{""detection_events"":23975,""detectors_checked"":2513952}"
     32000,         5,         0,   120.1,exact_mw,8842ec4fe0f86aba00650008f7f408db45344cfb5a30f76b1f2c0fb50a8d5069,"{""distance"":7,""physical_error_rate"":0.002}","{""detection_events"":186733,""detectors_checked"":19264000,""obs_mistake_mask=E"":5}"
   6873088,         0,         0,    87.4,exact_mw,894a5a708293b7bd3951925e43ae0371ba83736430ed1970399611b4deb8498b,"{""distance"":7,""physical_error_rate"":0.0001}","{""detection_events"":2037742,""detectors_checked"":4137598976}"
        32,         0,         0,   0.520,exact_mw,6534c274fb8721060716b040ba5484c43e0fb249b656ad44721a05b8b1f26839,"{""distance"":7,""physical_error_rate"":0.005}","{""detection_events"":440,""detectors_checked"":19264}"
      6064,        13,         0,   120.6,exact_mw,6534c274fb8721060716b040ba5484c43e0fb249b656ad44721a05b8b1f26839,"{""distance"":7,""physical_error_rate"":0.005}","{""detection_events"":87428,""detectors_checked"":3650528,""obs_mistake_mask=E"":13}"
        32,         0,         0,   0.541,exact_mw,6534c274fb8721060716b040ba5484c43e0fb249b656ad44721a05b8b1f26839,"{""distance"":7,""physical_error_rate"":0.005}","{""detection_events"":460,""detectors_checked"":19264}"
      8032,        13,         0,   120.4,exact_mw,6534c274fb8721060716b040ba5484c43e0fb249b656ad44721a05b8b1f26839,"{""distance"":7,""physical_error_rate"":0.005}","{""detection_events"":114514,""detectors_checked"":4835264,""obs_mistake_mask=E"":13}"
   7372800,         0,         0,    87.6,exact_mw,3793e887e6c3b4d5eff59c5eb9bbee88cf92e7a28a48243659e8f8373a61c55f,"{""distance"":7,""physical_error_rate"":5e-05}","{""detection_events"":1092895,""detectors_checked"":4438425600}"
        32,         0,         0,   0.476,exact_mw,6534c274fb8721060716b040ba5484c43e0fb249b656ad44721a05b8b1f26839,"{""distance"":7,""physical_error_rate"":0.005}","{""detection_events"":436,""detectors_checked"":19264}"
     19072,         0,         0,   120.1,exact_mw,fe773c48422346d89ea42b7ea8a90aa3034802874175ef2bfbcd9fbedf677903,"{""distance"":7,""physical_error_rate"":0.001}","{""detection_events"":56264,""detectors_checked"":11481344}"
        32,         0,         0,   0.314,exact_mw,6534c274fb8721060716b040ba5484c43e0fb249b656ad44721a05b8b1f26839,"{""distance"":7,""physical_error_rate"":0.005}","{""detection_events"":414,""detectors_checked"":19264}"
    622592,         0,         0,    88.3,exact_mw,09f626b7d1c8765fd231bc36902f9c5557d3909c4644565b971bdb2bfb186061,"{""distance"":7,""physical_error_rate"":0.0005}","{""detection_events"":918903,""detectors_checked"":374800384}"
      6144,         0,         0,    4.70,exact_mw,fe773c48422346d89ea42b7ea8a90aa3034802874175ef2bfbcd9fbedf677903,"{""distance"":7,""physical_error_rate"":0.001}","{""detection_events"":17587,""detectors_checked"":3698688}"
    272384,         0,         0,    5.98,exact_mw,a6f040f5268ba168f94c6ccce4ff822b1b844608631bba2e2b8dc7ec85b1e503,"{""distance"":7,""physical_error_rate"":0.0002}","{""detection_events"":161491,""detectors_checked"":163975168}"
    497664,         0,         0,    5.95,exact_mw,3793e887e6c3b4d5eff59c5eb9bbee88cf92e7a28a48243659e8f8373a61c55f,"{""distance"":7,""physical_error_rate"":5e-05}","{""detection_events"":72561,""detectors_checked"":299593728}"
        32,         0,         0,   0.453,exact_mw,6534c274fb8721060716b040ba5484c43e0fb249b656ad44721a05b8b1f26839,"{""distance"":7,""physical_error_rate"":0.005}","{""detection_events"":493,""detectors_checked"":19264}"
     43008,         2,         0,    6.03,exact_mw,09f626b7d1c8765fd231bc36902f9c5557d3909c4644565b971bdb2bfb186061,"{""distance"":7,""physical_error_rate"":0.0005}","{""detection_events"":63524,""detectors_checked"":25890816,""obs_mistake_mask=E"":2}"
      1152,         0,         0,    4.50,exact_mw,8842ec4fe0f86aba00650008f7f408db45344cfb5a30f76b1f2c0fb50a8d5069,"{""distance"":7,""physical_error_rate"":0.002}","{""detection_events"":6648,""detectors_checked"":693504}"
        48,         0,         0,    4.93,exact_mw,6534c274fb8721060716b040ba5484c43e0fb249b656ad44721a05b8b1f26839,"{""distance"":7,""physical_error_rate"":0.005}","{""detection_events"":728,""detectors_checked"":28896}"
        32,         0,         0,   0.443,exact_mw,6534c274fb8721060716b040ba5484c43e0fb249b656ad44721a05b8b1f26839,"{""distance"":7,""physical_error_rate"":0.005}","{""detection_events"":467,""detectors_checked"":19264}"
        32,         0,         0,   0.480,exact_mw,6534c274fb8721060716b040ba5484c43e0fb249b656ad44721a05b8b1f26839,"{""distance"":7,""physical_error_rate"":0.005}","{""detection_events"":555,""detectors_checked"":19264}"
     31104,         8,         0,   120.2,exact_mw,8842ec4fe0f86aba00650008f7f408db45344cfb5a30f76b1f2c0fb50a8d5069,"{""distance"":7,""physical_error_rate"":0.002}","{""detection_events"":180993,""detectors_checked"":18724608,""obs_mistake_mask=E"":8}"
      8160,        10,         0,   120.1,exact_mw,6534c274fb8721060716b040ba5484c43e0fb249b656ad44721a05b8b1f26839,"{""distance"":7,""physical_error_rate"":0.005}","{""detection_events"":117397,""detectors_checked"":4912320,""obs_mistake_mask=E"":10}"
        64,         0,         0,    1.36,exact_mw,6534c274fb8721060716b040ba5484c43e0fb249b656ad44721a05b8b1f26839,"{""distance"":7,""physical_error_rate"":0.005}","{""detection_events"":929,""detectors_checked"":38528}"
      8064,        11,         0,   120.3,exact_mw,6534c274fb8721060716b040ba5484c43e0fb249b656ad44721a05b8b1f26839,"{""distance"":7,""physical_error_rate"":0.005}","{""detection_events"":116125,""detectors_checked"":4854528,""obs_mistake_mask=E"":11}"
        64,         1,         0,    1.02,exact_mw,6534c274fb8721060716b040ba5484c43e0fb249b656ad44721a05b8b1f26839,"{""distance"":7,""physical_error_rate"":0.005}","{""detection_events"":858,""detectors_checked"":38528,""obs_mistake_mask=E"":1}"
    139776,         4,         0,   120.0,exact_mw,fe773c48422346d89ea42b7ea8a90aa3034802874175ef2bfbcd9fbedf677903,"{""distance"":7,""physical_error_rate"":0.001}","{""detection_events"":414009,""detectors_checked"":84145152,""obs_mistake_mask=E"":4}"
      7632,         1,         0,   119.8,exact_mw,8842ec4fe0f86aba00650008f7f408db45344cfb5a30f76b1f2c0fb50a8d5069,"{""distance"":7,""physical_error_rate"":0.002}","{""detection_events"":44018,""detectors_checked"":4594464,""obs_mistake_mask=E"":1}"
        96,         0,         0,    1.50,exact_mw,6534c274fb8721060716b040ba5484c43e0fb249b656ad44721a05b8b1f26839,"{""distance"":7,""physical_error_rate"":0.005}","{""detection_events"":1393,""detectors_checked"":57792}"
    618496,         0,         0,    8.31,exact_mw,894a5a708293b7bd3951925e43ae0371ba83736430ed1970399611b4deb8498b,"{""distance"":7,""physical_error_rate"":0.0001}","{""detection_events"":183774,""detectors_checked"":372334592}"
     19432,         2,         0,   120.4,exact_mw,8842ec4fe0f86aba00650008f7f408db45344cfb5a30f76b1f2c0fb50a8d5069,"{""distance"":7,""physical_error_rate"":0.002}","{""detection_events"":113305,""detectors_checked"":11698064,""obs_mistake_mask=E"":2}"
       360,         1,         0,    6.18,exact_mw,6534c274fb8721060716b040ba5484c43e0fb249b656ad44721a05b8b1f26839,"{""distance"":7,""physical_error_rate"":0.005}","{""detection_events"":5265,""detectors_checked"":216720,""obs_mistake_mask=E"":1}"
      1408,         0,         0,    6.22,exact_mw,8842ec4fe0f86aba00650008f7f408db45344cfb5a30f76b1f2c0fb50a8d5069,"{""distance"":7,""physical_error_rate"":0.002}","{""detection_events"":8186,""detectors_checked"":847616}"
      8192,         0,         0,    6.81,exact_mw,fe773c48422346d89ea42b7ea8a90aa3034802874175ef2bfbcd9fbedf677903,"{""distance"":7,""physical_error_rate"":0.001}","{""detection_events"":23944,""detectors_checked"":4931584}"
       128,         0,         0,    1.76,exact_mw,6534c274fb8721060716b040ba5484c43e0fb249b656ad44721a05b8b1f26839,"{""distance"":7,""physical_error_rate"":0.005}","{""detection_events"":1905,""detectors_checked"":77056}"
      4312,         5,         0,    88.5,exact_mw,6534c274fb8721060716b040ba5484c43e0fb249b656ad44721a05b8b1f26839,"{""distance"":7,""physical_error_rate"":0.005}","{""detection_events"":61835,""detectors_checked"":2595824,""obs_mistake_mask=E"":5}"
    371712,         0,         0,    8.31,exact_mw,a6f040f5268ba168f94c6ccce4ff822b1b844608631bba2e2b8dc7ec85b1e503,"{""distance"":7,""physical_error_rate"":0.0002}","{""detection_events"":219695,""detectors_checked"":223770624}"
    680960,         0,         0,    8.29,exact_mw,3793e887e6c3b4d5eff59c5eb9bbee88cf92e7a28a48243659e8f8373a61c55f,"{""distance"":7,""physical_error_rate"":5e-05}","{""detection_events"":100907,""detectors_checked"":409937920}"
     60416,         0,         0,    8.45,exact_mw,09f626b7d1c8765fd231bc36902f9c5557d3909c4644565b971bdb2bfb186061,"{""distance"":7,""physical_error_rate"":0.0005}","{""detection_events"":89472,""detectors_checked"":36370432}"
       160,         0,         0,    2.66,exact_mw,6534c274fb8721060716b040ba5484c43e0fb249b656ad44721a05b8b1f26839,"{""distance"":7,""physical_error_rate"":0.005}","{""detection_events"":2145,""detectors_checked"":96320}"
   4485120,         1,         0,   119.2,exact_mw,894a5a708293b7bd3951925e43ae0371ba83736430ed1970399611b4deb8498b,"{""distance"":7,""physical_error_rate"":0.0001}","{""detection_events"":1331986,""detectors_checked"":2700042240,""obs_mistake_mask=E"":1}"
       192,         0,         0,    3.15,exact_mw,6534c274fb8721060716b040ba5484c43e0fb249b656ad44721a05b8b1f26839,"{""distance"":7,""physical_error_rate"":0.005}","{""detection_events"":2545,""detectors_checked"":115584}"
      1792,         0,         0,    8.53,exact_mw,8842ec4fe0f86aba00650008f7f408db45344cfb5a30f76b1f2c0fb50a8d5069,"{""distance"":7,""physical_error_rate"":0.002}","{""detection_events"":10147,""detectors_checked"":1078784}"
       544,         1,         0,    8.62,exact_mw,6534c274fb8721060716b040ba5484c43e0fb249b656ad44721a05b8b1f26839,"{""distance"":7,""physical_error_rate"":0.005}","{""detection_events"":7999,""detectors_checked"":327488,""obs_mistake_mask=E"":1}"
     10240,         0,         0,    9.06,exact_mw,fe773c48422346d89ea42b7ea8a90aa3034802874175ef2bfbcd9fbedf677903,"{""distance"":7,""physical_error_rate"":0.001}","{""detection_events"":30365,""detectors_checked"":6164480}"
    816128,         0,         0,    11.6,exact_mw,894a5a708293b7bd3951925e43ae0371ba83736430ed1970399611b4deb8498b,"{""distance"":7,""physical_error_rate"":0.0001}","{""detection_events"":243735,""detectors_checked"":491309056}"
       288,         2,         0,    4.63,exact_mw,6534c274fb8721060716b040ba5484c43e0fb249b656ad44721a05b8b1f26839,"{""distance"":7,""physical_error_rate"":0.005}","{""detection_events"":4246,""detectors_checked"":173376,""obs_mistake_mask=E"":2}"
     22656,         1,         0,    88.4,exact_mw,8842ec4fe0f86aba00650008f7f408db45344cfb5a30f76b1f2c0fb50a8d5069,"{""distance"":7,""physical_error_rate"":0.002}","{""detection_events"":131120,""detectors_checked"":13638912,""obs_mistake_mask=E"":1}"
    957440,         0,         0,   119.3,exact_mw,a6f040f5268ba168f94c6ccce4ff822b1b844608631bba2e2b8dc7ec85b1e503,"{""distance"":7,""physical_error_rate"":0.0002}","{""detection_events"":568684,""detectors_checked"":576378880}"
    480256,         0,         0,    11.7,exact_mw,a6f040f5268ba168f94c6ccce4ff822b1b844608631bba2e2b8dc7ec85b1e503,"{""distance"":7,""physical_error_rate"":0.0002}","{""detection_events"":286963,""detectors_checked"":289114112}"
    863232,         0,         0,    11.6,exact_mw,3793e887e6c3b4d5eff59c5eb9bbee88cf92e7a28a48243659e8f8373a61c55f,"{""distance"":7,""physical_error_rate"":5e-05}","{""detection_events"":128476,""detectors_checked"":519665664}"
     75776,         0,         0,    11.7,exact_mw,09f626b7d1c8765fd231bc36902f9c5557d3909c4644565b971bdb2bfb186061,"{""distance"":7,""physical_error_rate"":0.0005}","{""detection_events"":112639,""detectors_checked"":45617152}"
       384,         0,         0,    6.01,exact_mw,6534c274fb8721060716b040ba5484c43e0fb249b656ad44721a05b8b1f26839,"{""distance"":7,""physical_error_rate"":0.005}","{""detection_events"":5226,""detectors_checked"":231168}"
      2816,         0,         0,    11.7,exact_mw,8842ec4fe0f86aba00650008f7f408db45344cfb5a30f76b1f2c0fb50a8d5069,"{""distance"":7,""physical_error_rate"":0.002}","{""detection_events"":16746,""detectors_checked"":1695232}"
       768,         2,         0,    12.2,exact_mw,6534c274fb8721060716b040ba5484c43e0fb249b656ad44721a05b8b1f26839,"{""distance"":7,""physical_error_rate"":0.005}","{""detection_events"":10710,""detectors_checked"":462336,""obs_mistake_mask=E"":2}"
     12288,         0,         0,    12.5,exact_mw,fe773c48422346d89ea42b7ea8a90aa3034802874175ef2bfbcd9fbedf677903,"{""distance"":7,""physical_error_rate"":0.001}","{""detection_events"":36707,""detectors_checked"":7397376}"
       608,         0,         0,    8.81,exact_mw,6534c274fb8721060716b040ba5484c43e0fb249b656ad44721a05b8b1f26839,"{""distance"":7,""physical_error_rate"":0.005}","{""detection_events"":8571,""detectors_checked"":366016}"
   1203200,         0,         0,    16.3,exact_mw,894a5a708293b7bd3951925e43ae0371ba83736430ed1970399611b4deb8498b,"{""distance"":7,""physical_error_rate"":0.0001}","{""detection_events"":356038,""detectors_checked"":724326400}"
    684032,         0,         0,    16.3,exact_mw,a6f040f5268ba168f94c6ccce4ff822b1b844608631bba2e2b8dc7ec85b1e503,"{""distance"":7,""physical_error_rate"":0.0002}","{""detection_events"":406759,""detectors_checked"":411787264}"
   1242112,         0,         0,    16.3,exact_mw,3793e887e6c3b4d5eff59c5eb9bbee88cf92e7a28a48243659e8f8373a61c55f,"{""distance"":7,""physical_error_rate"":5e-05}","{""detection_events"":184924,""detectors_checked"":747751424}"
    109568,         0,         0,    16.5,exact_mw,09f626b7d1c8765fd231bc36902f9c5557d3909c4644565b971bdb2bfb186061,"{""distance"":7,""physical_error_rate"":0.0005}","{""detection_events"":162183,""detectors_checked"":65959936}"
     58496,         1,         0,    88.2,exact_mw,fe773c48422346d89ea42b7ea8a90aa3034802874175ef2bfbcd9fbedf677903,"{""distance"":7,""physical_error_rate"":0.001}","{""detection_events"":172251,""detectors_checked"":35214592,""obs_mistake_mask=E"":1}"
   1165312,         0,         0,   119.3,exact_mw,a6f040f5268ba168f94c6ccce4ff822b1b844608631bba2e2b8dc7ec85b1e503,"{""distance"":7,""physical_error_rate"":0.0002}","{""detection_events"":690867,""detectors_checked"":701517824}"
   7965696,         0,         0,   119.1,exact_mw,3793e887e6c3b4d5eff59c5eb9bbee88cf92e7a28a48243659e8f8373a61c55f,"{""distance"":7,""physical_error_rate"":5e-05}","{""detection_events"":1183495,""detectors_checked"":4795348992}"
    877568,         3,         0,   120.1,exact_mw,09f626b7d1c8765fd231bc36902f9c5557d3909c4644565b971bdb2bfb186061,"{""distance"":7,""physical_error_rate"":0.0005}","{""detection_events"":1297129,""detectors_checked"":528295936,""obs_mistake_mask=E"":3}"
   5429248,         0,         0,   119.3,exact_mw,894a5a708293b7bd3951925e43ae0371ba83736430ed1970399611b4deb8498b,"{""distance"":7,""physical_error_rate"":0.0001}","{""detection_events"":1614528,""detectors_checked"":3268407296}"
      4224,         0,         0,    16.4,exact_mw,8842ec4fe0f86aba00650008f7f408db45344cfb5a30f76b1f2c0fb50a8d5069,"{""distance"":7,""physical_error_rate"":0.002}","{""detection_events"":25166,""detectors_checked"":2542848}"
      1152,         2,         0,    16.8,exact_mw,6534c274fb8721060716b040ba5484c43e0fb249b656ad44721a05b8b1f26839,"{""distance"":7,""physical_error_rate"":0.005}","{""detection_events"":16688,""detectors_checked"":693504,""obs_mistake_mask=E"":2}"
       832,         4,         0,    12.5,exact_mw,6534c274fb8721060716b040ba5484c43e0fb249b656ad44721a05b8b1f26839,"{""distance"":7,""physical_error_rate"":0.005}","{""detection_events"":11736,""detectors_checked"":500864,""obs_mistake_mask=E"":4}"
     18432,         0,         0,    17.3,exact_mw,fe773c48422346d89ea42b7ea8a90aa3034802874175ef2bfbcd9fbedf677903,"{""distance"":7,""physical_error_rate"":0.001}","{""detection_events"":54975,""detectors_checked"":11096064}"
     22848,         5,         0,   120.4,exact_mw,8842ec4fe0f86aba00650008f7f408db45344cfb5a30f76b1f2c0fb50a8d5069,"{""distance"":7,""physical_error_rate"":0.002}","{""detection_events"":134780,""detectors_checked"":13754496,""obs_mistake_mask=E"":5}"
    149504,         4,         0,   120.1,exact_mw,fe773c48422346d89ea42b7ea8a90aa3034802874175ef2bfbcd9fbedf677903,"{""distance"":7,""physical_error_rate"":0.001}","{""detection_events"":439279,""detectors_checked"":90001408,""obs_mistake_mask=E"":4}"
      7776,        13,         0,   120.0,exact_mw,6534c274fb8721060716b040ba5484c43e0fb249b656ad44721a05b8b1f26839,"{""distance"":7,""physical_error_rate"":0.005}","{""detection_events"":112064,""detectors_checked"":4681152,""obs_mistake_mask=E"":13}"
   1718272,         0,         0,    22.7,exact_mw,894a5a708293b7bd3951925e43ae0371ba83736430ed1970399611b4deb8498b,"{""distance"":7,""physical_error_rate"":0.0001}","{""detection_events"":511422,""detectors_checked"":1034399744}"
      1744,         5,         0,   121.7,exact_mw,6534c274fb8721060716b040ba5484c43e0fb249b656ad44721a05b8b1f26839,"{""distance"":7,""physical_error_rate"":0.005}","{""detection_events"":24958,""detectors_checked"":1049888,""obs_mistake_mask=E"":5}"
    923648,         0,         0,    22.8,exact_mw,a6f040f5268ba168f94c6ccce4ff822b1b844608631bba2e2b8dc7ec85b1e503,"{""distance"":7,""physical_error_rate"":0.0002}","{""detection_events"":547180,""detectors_checked"":556036096}"
   1728512,         1,         0,    22.8,exact_mw,3793e887e6c3b4d5eff59c5eb9bbee88cf92e7a28a48243659e8f8373a61c55f,"{""distance"":7,""physical_error_rate"":5e-05}","{""detection_events"":256239,""detectors_checked"":1040564224,""obs_mistake_mask=E"":1}"
    147456,         0,         0,    23.0,exact_mw,09f626b7d1c8765fd231bc36902f9c5557d3909c4644565b971bdb2bfb186061,"{""distance"":7,""physical_error_rate"":0.0005}","{""detection_events"":217822,""detectors_checked"":88768512}"
      1152,         4,         0,    16.6,exact_mw,6534c274fb8721060716b040ba5484c43e0fb249b656ad44721a05b8b1f26839,"{""distance"":7,""physical_error_rate"":0.005}","{""detection_events"":16093,""detectors_checked"":693504,""obs_mistake_mask=E"":4}"
   8976384,         0,         0,   119.2,exact_mw,894a5a708293b7bd3951925e43ae0371ba83736430ed1970399611b4deb8498b,"{""distance"":7,""physical_error_rate"":0.0001}","{""detection_events"":2665664,""detectors_checked"":5403783168}"
   5254144,         0,         0,   119.3,exact_mw,a6f040f5268ba168f94c6ccce4ff822b1b844608631bba2e2b8dc7ec85b1e503,"{""distance"":7,""physical_error_rate"":0.0002}","{""detection_events"":3117724,""detectors_checked"":3162994688}"
  10089472,         0,         0,   118.9,exact_mw,3793e887e6c3b4d5eff59c5eb9bbee88cf92e7a28a48243659e8f8373a61c55f,"{""distance"":7,""physical_error_rate"":5e-05}","{""detection_events"":1491165,""detectors_checked"":6073862144}"
    823296,         5,         0,   119.9,exact_mw,09f626b7d1c8765fd231bc36902f9c5557d3909c4644565b971bdb2bfb186061,"{""distance"":7,""physical_error_rate"":0.0005}","{""detection_events"":1218293,""detectors_checked"":495624192,""obs_mistake_mask=E"":5}"
   9285632,         0,         0,   119.0,exact_mw,3793e887e6c3b4d5eff59c5eb9bbee88cf92e7a28a48243659e8f8373a61c55f,"{""distance"":7,""physical_error_rate"":5e-05}","{""detection_events"":1375650,""detectors_checked"":5589950464}"
      6016,         2,         0,    23.1,exact_mw,8842ec4fe0f86aba00650008f7f408db45344cfb5a30f76b1f2c0fb50a8d5069,"{""distance"":7,""physical_error_rate"":0.002}","{""detection_events"":34749,""detectors_checked"":3621632,""obs_mistake_mask=E"":2}"
   1320960,         0,         0,   119.5,exact_mw,894a5a708293b7bd3951925e43ae0371ba83736430ed1970399611b4deb8498b,"{""distance"":7,""physical_error_rate"":0.0001}","{""detection_events"":389330,""detectors_checked"":795217920}"
      1600,         2,         0,    23.4,exact_mw,6534c274fb8721060716b040ba5484c43e0fb249b656ad44721a05b8b1f26839,"{""distance"":7,""physical_error_rate"":0.005}","{""detection_events"":23081,""detectors_checked"":963200,""obs_mistake_mask=E"":2}"
   2485248,         0,         0,   119.2,exact_mw,894a5a708293b7bd3951925e43ae0371ba83736430ed1970399611b4deb8498b,"{""distance"":7,""physical_error_rate"":0.0001}","{""detection_events"":737398,""detectors_checked"":1496119296}"
     27648,         0,         0,    23.9,exact_mw,fe773c48422346d89ea42b7ea8a90aa3034802874175ef2bfbcd9fbedf677903,"{""distance"":7,""physical_error_rate"":0.001}","{""detection_events"":81919,""detectors_checked"":16644096}"
      7424,         7,         0,   120.1,exact_mw,6534c274fb8721060716b040ba5484c43e0fb249b656ad44721a05b8b1f26839,"{""distance"":7,""physical_error_rate"":0.005}","{""detection_events"":107101,""detectors_checked"":4469248,""obs_mistake_mask=E"":7}"
    146944,         2,         0,   120.3,exact_mw,fe773c48422346d89ea42b7ea8a90aa3034802874175ef2bfbcd9fbedf677903,"{""distance"":7,""physical_error_rate"":0.001}","{""detection_events"":432607,""detectors_checked"":88460288,""obs_mistake_mask=E"":2}"
     31872,         5,         0,   120.4,exact_mw,8842ec4fe0f86aba00650008f7f408db45344cfb5a30f76b1f2c0fb50a8d5069,"{""distance"":7,""physical_error_rate"":0.002}","{""detection_events"":185522,""detectors_checked"":19186944,""obs_mistake_mask=E"":5}"
     86848,         1,         0,   119.9,exact_mw,fe773c48422346d89ea42b7ea8a90aa3034802874175ef2bfbcd9fbedf677903,"{""distance"":7,""physical_error_rate"":0.001}","{""detection_events"":256399,""detectors_checked"":52282496,""obs_mistake_mask=E"":1}"
     60544,         1,         0,   120.5,exact_mw,fe773c48422346d89ea42b7ea8a90aa3034802874175ef2bfbcd9fbedf677903,"{""distance"":7,""physical_error_rate"":0.001}","{""detection_events"":178654,""detectors_checked"":36447488,""obs_mistake_mask=E"":1}"
      1600,         4,         0,    23.5,exact_mw,6534c274fb8721060716b040ba5484c43e0fb249b656ad44721a05b8b1f26839,"{""distance"":7,""physical_error_rate"":0.005}","{""detection_events"":23147,""detectors_checked"":963200,""obs_mistake_mask=E"":4}"
   2381824,         0,         0,    31.9,exact_mw,894a5a708293b7bd3951925e43ae0371ba83736430ed1970399611b4deb8498b,"{""distance"":7,""physical_error_rate"":0.0001}","{""detection_events"":708528,""detectors_checked"":1433858048}"
   1443840,         1,         0,    32.0,exact_mw,a6f040f5268ba168f94c6ccce4ff822b1b844608631bba2e2b8dc7ec85b1e503,"{""distance"":7,""physical_error_rate"":0.0002}","{""detection_events"":856449,""detectors_checked"":869191680,""obs_mistake_mask=E"":1}"
   2757632,         0,         0,    31.9,exact_mw,3793e887e6c3b4d5eff59c5eb9bbee88cf92e7a28a48243659e8f8373a61c55f,"{""distance"":7,""physical_error_rate"":5e-05}","{""detection_events"":410480,""detectors_checked"":1660094464}"
    208896,         1,         0,    32.1,exact_mw,09f626b7d1c8765fd231bc36902f9c5557d3909c4644565b971bdb2bfb186061,"{""distance"":7,""physical_error_rate"":0.0005}","{""detection_events"":309097,""detectors_checked"":125755392,""obs_mistake_mask=E"":1}"
      8064,         1,         0,    32.2,exact_mw,8842ec4fe0f86aba00650008f7f408db45344cfb5a30f76b1f2c0fb50a8d5069,"{""distance"":7,""physical_error_rate"":0.002}","{""detection_events"":47795,""detectors_checked"":4854528,""obs_mistake_mask=E"":1}"
      2112,         4,         0,    32.4,exact_mw,6534c274fb8721060716b040ba5484c43e0fb249b656ad44721a05b8b1f26839,"{""distance"":7,""physical_error_rate"":0.005}","{""detection_events"":31712,""detectors_checked"":1271424,""obs_mistake_mask=E"":4}"
     40960,         1,         0,    33.1,exact_mw,fe773c48422346d89ea42b7ea8a90aa3034802874175ef2bfbcd9fbedf677903,"{""distance"":7,""physical_error_rate"":0.001}","{""detection_events"":121796,""detectors_checked"":24657920,""obs_mistake_mask=E"":1}"
   5313536,         1,         0,   119.2,exact_mw,a6f040f5268ba168f94c6ccce4ff822b1b844608631bba2e2b8dc7ec85b1e503,"{""distance"":7,""physical_error_rate"":0.0002}","{""detection_events"":3151342,""detectors_checked"":3198748672,""obs_mistake_mask=E"":1}"
  10571776,         0,         0,   119.2,exact_mw,3793e887e6c3b4d5eff59c5eb9bbee88cf92e7a28a48243659e8f8373a61c55f,"{""distance"":7,""physical_error_rate"":5e-05}","{""detection_events"":1572991,""detectors_checked"":6364209152}"
   5637120,         2,         0,   119.3,exact_mw,a6f040f5268ba168f94c6ccce4ff822b1b844608631bba2e2b8dc7ec85b1e503,"{""distance"":7,""physical_error_rate"":0.0002}","{""detection_events"":3343433,""detectors_checked"":3393546240,""obs_mistake_mask=E"":2}"
   9166848,         0,         0,   119.1,exact_mw,894a5a708293b7bd3951925e43ae0371ba83736430ed1970399611b4deb8498b,"{""distance"":7,""physical_error_rate"":0.0001}","{""detection_events"":2720738,""detectors_checked"":5518442496}"
    873472,         1,         0,   120.0,exact_mw,09f626b7d1c8765fd231bc36902f9c5557d3909c4644565b971bdb2bfb186061,"{""distance"":7,""physical_error_rate"":0.0005}","{""detection_events"":1293132,""detectors_checked"":525830144,""obs_mistake_mask=E"":1}"
   1384448,         0,         0,   119.4,exact_mw,3793e887e6c3b4d5eff59c5eb9bbee88cf92e7a28a48243659e8f8373a61c55f,"{""distance"":7,""physical_error_rate"":5e-05}","{""detection_events"":206750,""detectors_checked"":833437696}"
   5299200,         1,         0,   119.5,exact_mw,a6f040f5268ba168f94c6ccce4ff822b1b844608631bba2e2b8dc7ec85b1e503,"{""distance"":7,""physical_error_rate"":0.0002}","{""detection_events"":3142540,""detectors_checked"":3190118400,""obs_mistake_mask=E"":1}"
   5285888,         2,         0,   119.2,exact_mw,a6f040f5268ba168f94c6ccce4ff822b1b844608631bba2e2b8dc7ec85b1e503,"{""distance"":7,""physical_error_rate"":0.0002}","{""detection_events"":3129254,""detectors_checked"":3182104576,""obs_mistake_mask=E"":2}"
   1702912,         0,         0,   119.4,exact_mw,3793e887e6c3b4d5eff59c5eb9bbee88cf92e7a28a48243659e8f8373a61c55f,"{""distance"":7,""physical_error_rate"":5e-05}","{""detection_events"":251609,""detectors_checked"":1025153024}"
   4302848,         0,         0,   119.2,exact_mw,894a5a708293b7bd3951925e43ae0371ba83736430ed1970399611b4deb8498b,"{""distance"":7,""physical_error_rate"":0.0001}","{""detection_events"":1276004,""detectors_checked"":2590314496}"
   9508864,         0,         0,   119.1,exact_mw,3793e887e6c3b4d5eff59c5eb9bbee88cf92e7a28a48243659e8f8373a61c55f,"{""distance"":7,""physical_error_rate"":5e-05}","{""detection_events"":1413051,""detectors_checked"":5724336128}"
    821248,         0,         0,   120.1,exact_mw,09f626b7d1c8765fd231bc36902f9c5557d3909c4644565b971bdb2bfb186061,"{""distance"":7,""physical_error_rate"":0.0005}","{""detection_events"":1213297,""detectors_checked"":494391296}"
    508416,         3,         0,   119.8,exact_mw,09f626b7d1c8765fd231bc36902f9c5557d3909c4644565b971bdb2bfb186061,"{""distance"":7,""physical_error_rate"":0.0005}","{""detection_events"":752976,""detectors_checked"":306066432,""obs_mistake_mask=E"":3}"
    147968,         0,         0,   120.0,exact_mw,09f626b7d1c8765fd231bc36902f9c5557d3909c4644565b971bdb2bfb186061,"{""distance"":7,""physical_error_rate"":0.0005}","{""detection_events"":217667,""detectors_checked"":89076736}"
      2144,         3,         0,    32.4,exact_mw,6534c274fb8721060716b040ba5484c43e0fb249b656ad44721a05b8b1f26839,"{""distance"":7,""physical_error_rate"":0.005}","{""detection_events"":30970,""detectors_checked"":1290688,""obs_mistake_mask=E"":3}"
    247808,         0,         0,   120.0,exact_mw,09f626b7d1c8765fd231bc36902f9c5557d3909c4644565b971bdb2bfb186061,"{""distance"":7,""physical_error_rate"":0.0005}","{""detection_events"":365199,""detectors_checked"":149180416}"
   5422080,         1,         0,   119.3,exact_mw,a6f040f5268ba168f94c6ccce4ff822b1b844608631bba2e2b8dc7ec85b1e503,"{""distance"":7,""physical_error_rate"":0.0002}","{""detection_events"":3212766,""detectors_checked"":3264092160,""obs_mistake_mask=E"":1}"
    152576,         2,         0,   120.8,exact_mw,fe773c48422346d89ea42b7ea8a90aa3034802874175ef2bfbcd9fbedf677903,"{""distance"":7,""physical_error_rate"":0.001}","{""detection_events"":450746,""detectors_checked"":91850752,""obs_mistake_mask=E"":2}"
   8905728,         0,         0,   119.0,exact_mw,894a5a708293b7bd3951925e43ae0371ba83736430ed1970399611b4deb8498b,"{""distance"":7,""physical_error_rate"":0.0001}","{""detection_events"":2644972,""detectors_checked"":5361248256}"
      7020,         5,         0,   120.0,exact_mw,6534c274fb8721060716b040ba5484c43e0fb249b656ad44721a05b8b1f26839,"{""distance"":7,""physical_error_rate"":0.005}","{""detection_events"":100799,""detectors_checked"":4226040,""obs_mistake_mask=E"":5}"
   9478144,         0,         0,   119.1,exact_mw,3793e887e6c3b4d5eff59c5eb9bbee88cf92e7a28a48243659e8f8373a61c55f,"{""distance"":7,""physical_error_rate"":5e-05}","{""detection_events"":1407620,""detectors_checked"":5705842688}"
      5136,         3,         0,   121.2,exact_mw,8842ec4fe0f86aba00650008f7f408db45344cfb5a30f76b1f2c0fb50a8d5069,"{""distance"":7,""physical_error_rate"":0.002}","{""detection_events"":30104,""detectors_checked"":3091872,""obs_mistake_mask=E"":3}"
     33024,         6,         0,   121.1,exact_mw,8842ec4fe0f86aba00650008f7f408db45344cfb5a30f76b1f2c0fb50a8d5069,"{""distance"":7,""physical_error_rate"":0.002}","{""detection_events"":193444,""detectors_checked"":19880448,""obs_mistake_mask=E"":6}"
      7680,        13,         0,   120.4,exact_mw,6534c274fb8721060716b040ba5484c43e0fb249b656ad44721a05b8b1f26839,"{""distance"":7,""physical_error_rate"":0.005}","{""detection_events"":109564,""detectors_checked"":4623360,""obs_mistake_mask=E"":13}"
    824320,         0,         0,   119.9,exact_mw,09f626b7d1c8765fd231bc36902f9c5557d3909c4644565b971bdb2bfb186061,"{""distance"":7,""physical_error_rate"":0.0005}","{""detection_events"":1220967,""detectors_checked"":496240640}"
    131840,         3,         0,   120.1,exact_mw,fe773c48422346d89ea42b7ea8a90aa3034802874175ef2bfbcd9fbedf677903,"{""distance"":7,""physical_error_rate"":0.001}","{""detection_events"":389755,""detectors_checked"":79367680,""obs_mistake_mask=E"":3}"
     30208,         6,         0,   120.5,exact_mw,8842ec4fe0f86aba00650008f7f408db45344cfb5a30f76b1f2c0fb50a8d5069,"{""distance"":7,""physical_error_rate"":0.002}","{""detection_events"":178000,""detectors_checked"":18185216,""obs_mistake_mask=E"":6}"
      8096,         8,         0,   120.1,exact_mw,6534c274fb8721060716b040ba5484c43e0fb249b656ad44721a05b8b1f26839,"{""distance"":7,""physical_error_rate"":0.005}","{""detection_events"":115802,""detectors_checked"":4873792,""obs_mistake_mask=E"":8}"
      7712,        16,         0,   120.3,exact_mw,6534c274fb8721060716b040ba5484c43e0fb249b656ad44721a05b8b1f26839,"{""distance"":7,""physical_error_rate"":0.005}","{""detection_events"":110537,""detectors_checked"":4642624,""obs_mistake_mask=E"":16}"
    140288,         3,         0,   120.0,exact_mw,fe773c48422346d89ea42b7ea8a90aa3034802874175ef2bfbcd9fbedf677903,"{""distance"":7,""physical_error_rate"":0.001}","{""detection_events"":414740,""detectors_checked"":84453376,""obs_mistake_mask=E"":3}"
     29440,         9,         0,   120.3,exact_mw,8842ec4fe0f86aba00650008f7f408db45344cfb5a30f76b1f2c0fb50a8d5069,"{""distance"":7,""physical_error_rate"":0.002}","{""detection_events"":173527,""detectors_checked"":17722880,""obs_mistake_mask=E"":9}"
     28368,         5,         0,   120.1,exact_mw,8842ec4fe0f86aba00650008f7f408db45344cfb5a30f76b1f2c0fb50a8d5069,"{""distance"":7,""physical_error_rate"":0.002}","{""detection_events"":164978,""detectors_checked"":17077536,""obs_mistake_mask=E"":5}"
      7552,        15,         0,   120.0,exact_mw,6534c274fb8721060716b040ba5484c43e0fb249b656ad44721a05b8b1f26839,"{""distance"":7,""physical_error_rate"":0.005}","{""detection_events"":107976,""detectors_checked"":4546304,""obs_mistake_mask=E"":15}"
   8693760,         0,         0,   119.1,exact_mw,894a5a708293b7bd3951925e43ae0371ba83736430ed1970399611b4deb8498b,"{""distance"":7,""physical_error_rate"":0.0001}","{""detection_events"":2576348,""detectors_checked"":5233643520}"
   3127296,         0,         0,    44.7,exact_mw,894a5a708293b7bd3951925e43ae0371ba83736430ed1970399611b4deb8498b,"{""distance"":7,""physical_error_rate"":0.0001}","{""detection_events"":928726,""detectors_checked"":1882632192}"
   2015232,         0,         0,    44.7,exact_mw,a6f040f5268ba168f94c6ccce4ff822b1b844608631bba2e2b8dc7ec85b1e503,"{""distance"":7,""physical_error_rate"":0.0002}","{""detection_events"":1193896,""detectors_checked"":1213169664}"
   3730432,         0,         0,    44.6,exact_mw,3793e887e6c3b4d5eff59c5eb9bbee88cf92e7a28a48243659e8f8373a61c55f,"{""distance"":7,""physical_error_rate"":5e-05}","{""detection_events"":555016,""detectors_checked"":2245720064}"
    307200,         5,         0,    45.0,exact_mw,09f626b7d1c8765fd231bc36902f9c5557d3909c4644565b971bdb2bfb186061,"{""distance"":7,""physical_error_rate"":0.0005}","{""detection_events"":454676,""detectors_checked"":184934400,""obs_mistake_mask=E"":5}"
   5127168,         1,         0,   119.4,exact_mw,a6f040f5268ba168f94c6ccce4ff822b1b844608631bba2e2b8dc7ec85b1e503,"{""distance"":7,""physical_error_rate"":0.0002}","{""detection_events"":3039444,""detectors_checked"":3086555136,""obs_mistake_mask=E"":1}"
     29440,         5,         0,   120.6,exact_mw,8842ec4fe0f86aba00650008f7f408db45344cfb5a30f76b1f2c0fb50a8d5069,"{""distance"":7,""physical_error_rate"":0.002}","{""detection_events"":173844,""detectors_checked"":17722880,""obs_mistake_mask=E"":5}"
      9856,         1,         0,    45.0,exact_mw,8842ec4fe0f86aba00650008f7f408db45344cfb5a30f76b1f2c0fb50a8d5069,"{""distance"":7,""physical_error_rate"":0.002}","{""detection_events"":57641,""detectors_checked"":5933312,""obs_mistake_mask=E"":1}"
      2688,         9,         0,    45.0,exact_mw,6534c274fb8721060716b040ba5484c43e0fb249b656ad44721a05b8b1f26839,"{""distance"":7,""physical_error_rate"":0.005}","{""detection_events"":38626,""detectors_checked"":1618176,""obs_mistake_mask=E"":9}"
     50176,         0,         0,    45.3,exact_mw,fe773c48422346d89ea42b7ea8a90aa3034802874175ef2bfbcd9fbedf677903,"{""distance"":7,""physical_error_rate"":0.001}","{""detection_events"":148276,""detectors_checked"":30205952}"
     57280,         0,         0,   120.1,exact_mw,fe773c48422346d89ea42b7ea8a90aa3034802874175ef2bfbcd9fbedf677903,"{""distance"":7,""physical_error_rate"":0.001}","{""detection_events"":169021,""detectors_checked"":34482560}"
   2056192,         1,         0,   119.2,exact_mw,a6f040f5268ba168f94c6ccce4ff822b1b844608631bba2e2b8dc7ec85b1e503,"{""distance"":7,""physical_error_rate"":0.0002}","{""detection_events"":1219690,""detectors_checked"":1237827584,""obs_mistake_mask=E"":1}"
   3819520,         0,         0,   118.7,exact_mw,3793e887e6c3b4d5eff59c5eb9bbee88cf92e7a28a48243659e8f8373a61c55f,"{""distance"":7,""physical_error_rate"":5e-05}","{""detection_events"":566839,""detectors_checked"":2299351040}"
    838656,         4,         0,   119.9,exact_mw,09f626b7d1c8765fd231bc36902f9c5557d3909c4644565b971bdb2bfb186061,"{""distance"":7,""physical_error_rate"":0.0005}","{""detection_events"":1243566,""detectors_checked"":504870912,""obs_mistake_mask=E"":4}"
   3512320,         1,         0,   119.2,exact_mw,894a5a708293b7bd3951925e43ae0371ba83736430ed1970399611b4deb8498b,"{""distance"":7,""physical_error_rate"":0.0001}","{""detection_events"":1045285,""detectors_checked"":2114416640,""obs_mistake_mask=E"":1}"
       992,         3,         0,    45.3,exact_mw,6534c274fb8721060716b040ba5484c43e0fb249b656ad44721a05b8b1f26839,"{""distance"":7,""physical_error_rate"":0.005}","{""detection_events"":14386,""detectors_checked"":597184,""obs_mistake_mask=E"":3}"
      6112,         1,         0,   120.1,exact_mw,8842ec4fe0f86aba00650008f7f408db45344cfb5a30f76b1f2c0fb50a8d5069,"{""distance"":7,""physical_error_rate"":0.002}","{""detection_events"":35950,""detectors_checked"":3679424,""obs_mistake_mask=E"":1}"
    141312,         0,         0,   120.2,exact_mw,fe773c48422346d89ea42b7ea8a90aa3034802874175ef2bfbcd9fbedf677903,"{""distance"":7,""physical_error_rate"":0.001}","{""detection_events"":416810,""detectors_checked"":85069824}"
      7840,        18,         0,   120.2,exact_mw,6534c274fb8721060716b040ba5484c43e0fb249b656ad44721a05b8b1f26839,"{""distance"":7,""physical_error_rate"":0.005}","{""detection_events"":111984,""detectors_checked"":4719680,""obs_mistake_mask=E"":18}"
      1544,         2,         0,   120.4,exact_mw,6534c274fb8721060716b040ba5484c43e0fb249b656ad44721a05b8b1f26839,"{""distance"":7,""physical_error_rate"":0.005}","{""detection_events"":22252,""detectors_checked"":929488,""obs_mistake_mask=E"":2}"
   8407040,         0,         0,   119.2,exact_mw,894a5a708293b7bd3951925e43ae0371ba83736430ed1970399611b4deb8498b,"{""distance"":7,""physical_error_rate"":0.0001}","{""detection_events"":2492313,""detectors_checked"":5061038080}"
   2820096,         0,         0,   119.4,exact_mw,a6f040f5268ba168f94c6ccce4ff822b1b844608631bba2e2b8dc7ec85b1e503,"{""distance"":7,""physical_error_rate"":0.0002}","{""detection_events"":1674679,""detectors_checked"":1697697792}"
   9408512,         0,         0,   118.9,exact_mw,3793e887e6c3b4d5eff59c5eb9bbee88cf92e7a28a48243659e8f8373a61c55f,"{""distance"":7,""physical_error_rate"":5e-05}","{""detection_events"":1393193,""detectors_checked"":5663924224}"
    734720,         1,         0,   119.9,exact_mw,09f626b7d1c8765fd231bc36902f9c5557d3909c4644565b971bdb2bfb186061,"{""distance"":7,""physical_error_rate"":0.0005}","{""detection_events"":1088276,""detectors_checked"":442301440,""obs_mistake_mask=E"":1}"
   9111552,         0,         0,   119.1,exact_mw,3793e887e6c3b4d5eff59c5eb9bbee88cf92e7a28a48243659e8f8373a61c55f,"{""distance"":7,""physical_error_rate"":5e-05}","{""detection_events"":1348381,""detectors_checked"":5485154304}"
   1807360,         0,         0,   119.0,exact_mw,894a5a708293b7bd3951925e43ae0371ba83736430ed1970399611b4deb8498b,"{""distance"":7,""physical_error_rate"":0.0001}","{""detection_events"":535506,""detectors_checked"":1088030720}"
   2641920,         1,         0,   119.2,exact_mw,894a5a708293b7bd3951925e43ae0371ba83736430ed1970399611b4deb8498b,"{""distance"":7,""physical_error_rate"":0.0001}","{""detection_events"":783631,""detectors_checked"":1590435840,""obs_mistake_mask=E"":1}"
      5540,         9,         0,   120.2,exact_mw,6534c274fb8721060716b040ba5484c43e0fb249b656ad44721a05b8b1f26839,"{""distance"":7,""physical_error_rate"":0.005}","{""detection_events"":80249,""detectors_checked"":3335080,""obs_mistake_mask=E"":9}"
   4524032,         4,         0,    62.5,exact_mw,894a5a708293b7bd3951925e43ae0371ba83736430ed1970399611b4deb8498b,"{""distance"":7,""physical_error_rate"":0.0001}","{""detection_events"":1339505,""detectors_checked"":2723467264,""obs_mistake_mask=E"":4}"
    132608,         5,         0,   120.6,exact_mw,fe773c48422346d89ea42b7ea8a90aa3034802874175ef2bfbcd9fbedf677903,"{""distance"":7,""physical_error_rate"":0.001}","{""detection_events"":392564,""detectors_checked"":79830016,""obs_mistake_mask=E"":5}"
     27648,         4,         0,   120.7,exact_mw,8842ec4fe0f86aba00650008f7f408db45344cfb5a30f76b1f2c0fb50a8d5069,"{""distance"":7,""physical_error_rate"":0.002}","{""detection_events"":162194,""detectors_checked"":16644096,""obs_mistake_mask=E"":4}"
   2654208,         1,         0,    62.5,exact_mw,a6f040f5268ba168f94c6ccce4ff822b1b844608631bba2e2b8dc7ec85b1e503,"{""distance"":7,""physical_error_rate"":0.0002}","{""detection_events"":1575405,""detectors_checked"":1597833216,""obs_mistake_mask=E"":1}"
   4744192,         0,         0,    62.3,exact_mw,3793e887e6c3b4d5eff59c5eb9bbee88cf92e7a28a48243659e8f8373a61c55f,"{""distance"":7,""physical_error_rate"":5e-05}","{""detection_events"":705614,""detectors_checked"":2856003584}"
    139264,         2,         0,   120.0,exact_mw,fe773c48422346d89ea42b7ea8a90aa3034802874175ef2bfbcd9fbedf677903,"{""distance"":7,""physical_error_rate"":0.001}","{""detection_events"":408363,""detectors_checked"":83836928,""obs_mistake_mask=E"":2}"
    392192,         1,         0,    63.0,exact_mw,09f626b7d1c8765fd231bc36902f9c5557d3909c4644565b971bdb2bfb186061,"{""distance"":7,""physical_error_rate"":0.0005}","{""detection_events"":581829,""detectors_checked"":236099584,""obs_mistake_mask=E"":1}"
     88384,         1,         0,   119.9,exact_mw,fe773c48422346d89ea42b7ea8a90aa3034802874175ef2bfbcd9fbedf677903,"{""distance"":7,""physical_error_rate"":0.001}","{""detection_events"":262397,""detectors_checked"":53207168,""obs_mistake_mask=E"":1}"
      8704,         0,         0,    63.2,exact_mw,8842ec4fe0f86aba00650008f7f408db45344cfb5a30f76b1f2c0fb50a8d5069,"{""distance"":7,""physical_error_rate"":0.002}","{""detection_events"":50463,""detectors_checked"":5239808}"
      3840,         6,         0,    63.2,exact_mw,6534c274fb8721060716b040ba5484c43e0fb249b656ad44721a05b8b1f26839,"{""distance"":7,""physical_error_rate"":0.005}","{""detection_events"":55280,""detectors_checked"":2311680,""obs_mistake_mask=E"":6}"
     66560,         4,         0,    63.4,exact_mw,fe773c48422346d89ea42b7ea8a90aa3034802874175ef2bfbcd9fbedf677903,"{""distance"":7,""physical_error_rate"":0.001}","{""detection_events"":195591,""detectors_checked"":40069120,""obs_mistake_mask=E"":4}"
      1056,         1,         0,    63.1,exact_mw,6534c274fb8721060716b040ba5484c43e0fb249b656ad44721a05b8b1f26839,"{""distance"":7,""physical_error_rate"":0.005}","{""detection_events"":15135,""detectors_checked"":635712,""obs_mistake_mask=E"":1}"
   5021696,         2,         0,   119.3,exact_mw,a6f040f5268ba168f94c6ccce4ff822b1b844608631bba2e2b8dc7ec85b1e503,"{""distance"":7,""physical_error_rate"":0.0002}","{""detection_events"":2971951,""detectors_checked"":3023060992,""obs_mistake_mask=E"":2}"
   9560064,         1,         0,   119.0,exact_mw,3793e887e6c3b4d5eff59c5eb9bbee88cf92e7a28a48243659e8f8373a61c55f,"{""distance"":7,""physical_error_rate"":5e-05}","{""detection_events"":1418460,""detectors_checked"":5755158528,""obs_mistake_mask=E"":1}"
   5196800,         0,         0,   119.5,exact_mw,a6f040f5268ba168f94c6ccce4ff822b1b844608631bba2e2b8dc7ec85b1e503,"{""distance"":7,""physical_error_rate"":0.0002}","{""detection_events"":3082566,""detectors_checked"":3128473600}"
   8839168,         0,         0,   119.2,exact_mw,894a5a708293b7bd3951925e43ae0371ba83736430ed1970399611b4deb8498b,"{""distance"":7,""physical_error_rate"":0.0001}","{""detection_events"":2628357,""detectors_checked"":5321179136}"
    796672,         5,         0,   119.9,exact_mw,09f626b7d1c8765fd231bc36902f9c5557d3909c4644565b971bdb2bfb186061,"{""distance"":7,""physical_error_rate"":0.0005}","{""detection_events"":1176582,""detectors_checked"":479596544,""obs_mistake_mask=E"":5}"
   2707456,         0,         0,   119.2,exact_mw,3793e887e6c3b4d5eff59c5eb9bbee88cf92e7a28a48243659e8f8373a61c55f,"{""distance"":7,""physical_error_rate"":5e-05}","{""detection_events"":400942,""detectors_checked"":1629888512}"
   5146624,         2,         0,   119.3,exact_mw,a6f040f5268ba168f94c6ccce4ff822b1b844608631bba2e2b8dc7ec85b1e503,"{""distance"":7,""physical_error_rate"":0.0002}","{""detection_events"":3047529,""detectors_checked"":3098267648,""obs_mistake_mask=E"":2}"
   4854784,         0,         0,   119.4,exact_mw,a6f040f5268ba168f94c6ccce4ff822b1b844608631bba2e2b8dc7ec85b1e503,"{""distance"":7,""physical_error_rate"":0.0002}","{""detection_events"":2880944,""detectors_checked"":2922579968}"
   5513216,         0,         0,   118.9,exact_mw,3793e887e6c3b4d5eff59c5eb9bbee88cf92e7a28a48243659e8f8373a61c55f,"{""distance"":7,""physical_error_rate"":5e-05}","{""detection_events"":818980,""detectors_checked"":3318956032}"
   5425152,         1,         0,   119.1,exact_mw,894a5a708293b7bd3951925e43ae0371ba83736430ed1970399611b4deb8498b,"{""distance"":7,""physical_error_rate"":0.0001}","{""detection_events"":1604251,""detectors_checked"":3265941504,""obs_mistake_mask=E"":1}"
   8562688,         0,         0,   119.0,exact_mw,3793e887e6c3b4d5eff59c5eb9bbee88cf92e7a28a48243659e8f8373a61c55f,"{""distance"":7,""physical_error_rate"":5e-05}","{""detection_events"":1272807,""detectors_checked"":5154738176}"
    796672,         3,         0,   120.0,exact_mw,09f626b7d1c8765fd231bc36902f9c5557d3909c4644565b971bdb2bfb186061,"{""distance"":7,""physical_error_rate"":0.0005}","{""detection_events"":1182231,""detectors_checked"":479596544,""obs_mistake_mask=E"":3}"
    711680,         7,         0,   120.0,exact_mw,09f626b7d1c8765fd231bc36902f9c5557d3909c4644565b971bdb2bfb186061,"{""distance"":7,""physical_error_rate"":0.0005}","{""detection_events"":1051162,""detectors_checked"":428431360,""obs_mistake_mask=E"":7}"
    656384,         0,         0,   120.0,exact_mw,09f626b7d1c8765fd231bc36902f9c5557d3909c4644565b971bdb2bfb186061,"{""distance"":7,""physical_error_rate"":0.0005}","{""detection_events"":969802,""detectors_checked"":395143168}"
    195072,         4,         0,   120.0,exact_mw,09f626b7d1c8765fd231bc36902f9c5557d3909c4644565b971bdb2bfb186061,"{""distance"":7,""physical_error_rate"":0.0005}","{""detection_events"":290104,""detectors_checked"":117433344,""obs_mistake_mask=E"":4}"
   5047296,         2,         0,   119.3,exact_mw,a6f040f5268ba168f94c6ccce4ff822b1b844608631bba2e2b8dc7ec85b1e503,"{""distance"":7,""physical_error_rate"":0.0002}","{""detection_events"":2994395,""detectors_checked"":3038472192,""obs_mistake_mask=E"":2}"
   7793664,         0,         0,   119.0,exact_mw,894a5a708293b7bd3951925e43ae0371ba83736430ed1970399611b4deb8498b,"{""distance"":7,""physical_error_rate"":0.0001}","{""detection_events"":2311891,""detectors_checked"":4691785728}"
    132096,         6,         0,   120.1,exact_mw,fe773c48422346d89ea42b7ea8a90aa3034802874175ef2bfbcd9fbedf677903,"{""distance"":7,""physical_error_rate"":0.001}","{""detection_events"":391039,""detectors_checked"":79521792,""obs_mistake_mask=E"":6}"
      7040,        12,         0,   120.0,exact_mw,6534c274fb8721060716b040ba5484c43e0fb249b656ad44721a05b8b1f26839,"{""distance"":7,""physical_error_rate"":0.005}","{""detection_events"":100286,""detectors_checked"":4238080,""obs_mistake_mask=E"":12}"
   8373248,         0,         0,   118.9,exact_mw,3793e887e6c3b4d5eff59c5eb9bbee88cf92e7a28a48243659e8f8373a61c55f,"{""distance"":7,""physical_error_rate"":5e-05}","{""detection_events"":1240524,""detectors_checked"":5040695296}"
     23552,         3,         0,   120.0,exact_mw,8842ec4fe0f86aba00650008f7f408db45344cfb5a30f76b1f2c0fb50a8d5069,"{""distance"":7,""physical_error_rate"":0.002}","{""detection_events"":138614,""detectors_checked"":14178304,""obs_mistake_mask=E"":3}"
     30464,         7,         0,   120.1,exact_mw,8842ec4fe0f86aba00650008f7f408db45344cfb5a30f76b1f2c0fb50a8d5069,"{""distance"":7,""physical_error_rate"":0.002}","{""detection_events"":178036,""detectors_checked"":18339328,""obs_mistake_mask=E"":7}"
    691200,         2,         0,   120.1,exact_mw,09f626b7d1c8765fd231bc36902f9c5557d3909c4644565b971bdb2bfb186061,"{""distance"":7,""physical_error_rate"":0.0005}","{""detection_events"":1023534,""detectors_checked"":416102400,""obs_mistake_mask=E"":2}"
      4360,        10,         0,   120.4,exact_mw,6534c274fb8721060716b040ba5484c43e0fb249b656ad44721a05b8b1f26839,"{""distance"":7,""physical_error_rate"":0.005}","{""detection_events"":61748,""detectors_checked"":2624720,""obs_mistake_mask=E"":10}"
     88896,         0,         0,   120.7,exact_mw,fe773c48422346d89ea42b7ea8a90aa3034802874175ef2bfbcd9fbedf677903,"{""distance"":7,""physical_error_rate"":0.001}","{""detection_events"":262442,""detectors_checked"":53515392}"
     29056,         1,         0,   120.4,exact_mw,8842ec4fe0f86aba00650008f7f408db45344cfb5a30f76b1f2c0fb50a8d5069,"{""distance"":7,""physical_error_rate"":0.002}","{""detection_events"":168999,""detectors_checked"":17491712,""obs_mistake_mask=E"":1}"
      7872,        18,         0,   120.2,exact_mw,6534c274fb8721060716b040ba5484c43e0fb249b656ad44721a05b8b1f26839,"{""distance"":7,""physical_error_rate"":0.005}","{""detection_events"":113758,""detectors_checked"":4738944,""obs_mistake_mask=E"":18}"
      6688,        12,         0,   120.3,exact_mw,6534c274fb8721060716b040ba5484c43e0fb249b656ad44721a05b8b1f26839,"{""distance"":7,""physical_error_rate"":0.005}","{""detection_events"":95540,""detectors_checked"":4026176,""obs_mistake_mask=E"":12}"
    135168,         5,         0,   120.0,exact_mw,fe773c48422346d89ea42b7ea8a90aa3034802874175ef2bfbcd9fbedf677903,"{""distance"":7,""physical_error_rate"":0.001}","{""detection_events"":400785,""detectors_checked"":81371136,""obs_mistake_mask=E"":5}"
     16064,         2,         0,   120.6,exact_mw,8842ec4fe0f86aba00650008f7f408db45344cfb5a30f76b1f2c0fb50a8d5069,"{""distance"":7,""physical_error_rate"":0.002}","{""detection_events"":94278,""detectors_checked"":9670528,""obs_mistake_mask=E"":2}"
     14576,         3,         0,   120.9,exact_mw,8842ec4fe0f86aba00650008f7f408db45344cfb5a30f76b1f2c0fb50a8d5069,"{""distance"":7,""physical_error_rate"":0.002}","{""detection_events"":85880,""detectors_checked"":8774752,""obs_mistake_mask=E"":3}"
      6688,         9,         0,   120.2,exact_mw,6534c274fb8721060716b040ba5484c43e0fb249b656ad44721a05b8b1f26839,"{""distance"":7,""physical_error_rate"":0.005}","{""detection_events"":95395,""detectors_checked"":4026176,""obs_mistake_mask=E"":9}"
   8015872,         1,         0,   119.1,exact_mw,894a5a708293b7bd3951925e43ae0371ba83736430ed1970399611b4deb8498b,"{""distance"":7,""physical_error_rate"":0.0001}","{""detection_events"":2379724,""detectors_checked"":4825554944,""obs_mistake_mask=E"":1}"
   4193280,         0,         0,   119.3,exact_mw,a6f040f5268ba168f94c6ccce4ff822b1b844608631bba2e2b8dc7ec85b1e503,"{""distance"":7,""physical_error_rate"":0.0002}","{""detection_events"":2480619,""detectors_checked"":2524354560}"
     26816,         5,         0,   121.3,exact_mw,8842ec4fe0f86aba00650008f7f408db45344cfb5a30f76b1f2c0fb50a8d5069,"{""distance"":7,""physical_error_rate"":0.002}","{""detection_events"":156157,""detectors_checked"":16143232,""obs_mistake_mask=E"":5}"
    135168,         4,         0,   120.0,exact_mw,fe773c48422346d89ea42b7ea8a90aa3034802874175ef2bfbcd9fbedf677903,"{""distance"":7,""physical_error_rate"":0.001}","{""detection_events"":396670,""detectors_checked"":81371136,""obs_mistake_mask=E"":4}"
   3941376,         1,         0,   119.2,exact_mw,a6f040f5268ba168f94c6ccce4ff822b1b844608631bba2e2b8dc7ec85b1e503,"{""distance"":7,""physical_error_rate"":0.0002}","{""detection_events"":2337937,""detectors_checked"":2372708352,""obs_mistake_mask=E"":1}"
   8759296,         0,         0,   118.9,exact_mw,3793e887e6c3b4d5eff59c5eb9bbee88cf92e7a28a48243659e8f8373a61c55f,"{""distance"":7,""physical_error_rate"":5e-05}","{""detection_events"":1300704,""detectors_checked"":5273096192}"
    816128,         0,         0,   120.0,exact_mw,09f626b7d1c8765fd231bc36902f9c5557d3909c4644565b971bdb2bfb186061,"{""distance"":7,""physical_error_rate"":0.0005}","{""detection_events"":1206977,""detectors_checked"":491309056}"
   8099840,         1,         0,   119.2,exact_mw,894a5a708293b7bd3951925e43ae0371ba83736430ed1970399611b4deb8498b,"{""distance"":7,""physical_error_rate"":0.0001}","{""detection_events"":2401996,""detectors_checked"":4876103680,""obs_mistake_mask=E"":1}"
   6451200,         0,         0,    87.6,exact_mw,894a5a708293b7bd3951925e43ae0371ba83736430ed1970399611b4deb8498b,"{""distance"":7,""physical_error_rate"":0.0001}","{""detection_events"":1912160,""detectors_checked"":3883622400}"
   7013376,         0,         0,    87.5,exact_mw,3793e887e6c3b4d5eff59c5eb9bbee88cf92e7a28a48243659e8f8373a61c55f,"{""distance"":7,""physical_error_rate"":5e-05}","{""detection_events"":1042218,""detectors_checked"":4222052352}"
   3154944,         0,         0,    87.9,exact_mw,a6f040f5268ba168f94c6ccce4ff822b1b844608631bba2e2b8dc7ec85b1e503,"{""distance"":7,""physical_error_rate"":0.0002}","{""detection_events"":1867800,""detectors_checked"":1899276288}"
    556032,         1,         0,    88.1,exact_mw,09f626b7d1c8765fd231bc36902f9c5557d3909c4644565b971bdb2bfb186061,"{""distance"":7,""physical_error_rate"":0.0005}","{""detection_events"":820819,""detectors_checked"":334731264,""obs_mistake_mask=E"":1}"
     24832,         4,         0,   120.3,exact_mw,8842ec4fe0f86aba00650008f7f408db45344cfb5a30f76b1f2c0fb50a8d5069,"{""distance"":7,""physical_error_rate"":0.002}","{""detection_events"":144504,""detectors_checked"":14948864,""obs_mistake_mask=E"":4}"
    142336,         3,         0,   120.6,exact_mw,fe773c48422346d89ea42b7ea8a90aa3034802874175ef2bfbcd9fbedf677903,"{""distance"":7,""physical_error_rate"":0.001}","{""detection_events"":420784,""detectors_checked"":85686272,""obs_mistake_mask=E"":3}"
      5956,        13,         0,   121.2,exact_mw,6534c274fb8721060716b040ba5484c43e0fb249b656ad44721a05b8b1f26839,"{""distance"":7,""physical_error_rate"":0.005}","{""detection_events"":86331,""detectors_checked"":3585512,""obs_mistake_mask=E"":13}"
     10208,         2,         0,    88.7,exact_mw,8842ec4fe0f86aba00650008f7f408db45344cfb5a30f76b1f2c0fb50a8d5069,"{""distance"":7,""physical_error_rate"":0.002}","{""detection_events"":59749,""detectors_checked"":6145216,""obs_mistake_mask=E"":2}"
      2572,         4,         0,    88.5,exact_mw,6534c274fb8721060716b040ba5484c43e0fb249b656ad44721a05b8b1f26839,"{""distance"":7,""physical_error_rate"":0.005}","{""detection_events"":36724,""detectors_checked"":1548344,""obs_mistake_mask=E"":4}"
      1444,         1,         0,   120.2,exact_mw,6534c274fb8721060716b040ba5484c43e0fb249b656ad44721a05b8b1f26839,"{""distance"":7,""physical_error_rate"":0.005}","{""detection_events"":21077,""detectors_checked"":869288,""obs_mistake_mask=E"":1}"
    100352,         1,         0,    88.4,exact_mw,fe773c48422346d89ea42b7ea8a90aa3034802874175ef2bfbcd9fbedf677903,"{""distance"":7,""physical_error_rate"":0.001}","{""detection_events"":293780,""detectors_checked"":60411904,""obs_mistake_mask=E"":1}"
   8260608,         0,         0,   119.1,exact_mw,894a5a708293b7bd3951925e43ae0371ba83736430ed1970399611b4deb8498b,"{""distance"":7,""physical_error_rate"":0.0001}","{""detection_events"":2451231,""detectors_checked"":4972886016}"
   3856384,         3,         0,   119.6,exact_mw,a6f040f5268ba168f94c6ccce4ff822b1b844608631bba2e2b8dc7ec85b1e503,"{""distance"":7,""physical_error_rate"":0.0002}","{""detection_events"":2289313,""detectors_checked"":2321543168,""obs_mistake_mask=E"":3}"
   9257984,         0,         0,   118.9,exact_mw,3793e887e6c3b4d5eff59c5eb9bbee88cf92e7a28a48243659e8f8373a61c55f,"{""distance"":7,""physical_error_rate"":5e-05}","{""detection_events"":1372597,""detectors_checked"":5573306368}"
    771072,         1,         0,   120.0,exact_mw,09f626b7d1c8765fd231bc36902f9c5557d3909c4644565b971bdb2bfb186061,"{""distance"":7,""physical_error_rate"":0.0005}","{""detection_events"":1139811,""detectors_checked"":464185344,""obs_mistake_mask=E"":1}"
   9201664,         0,         0,   118.9,exact_mw,3793e887e6c3b4d5eff59c5eb9bbee88cf92e7a28a48243659e8f8373a61c55f,"{""distance"":7,""physical_error_rate"":5e-05}","{""detection_events"":1365015,""detectors_checked"":5539401728}"
   1530880,         0,         0,   119.2,exact_mw,894a5a708293b7bd3951925e43ae0371ba83736430ed1970399611b4deb8498b,"{""distance"":7,""physical_error_rate"":0.0001}","{""detection_events"":454495,""detectors_checked"":921589760}"
   6072320,         0,         0,   119.2,exact_mw,894a5a708293b7bd3951925e43ae0371ba83736430ed1970399611b4deb8498b,"{""distance"":7,""physical_error_rate"":0.0001}","{""detection_events"":1801107,""detectors_checked"":3655536640}"
      3460,         5,         0,    88.5,exact_mw,6534c274fb8721060716b040ba5484c43e0fb249b656ad44721a05b8b1f26839,"{""distance"":7,""physical_error_rate"":0.005}","{""detection_events"":49848,""detectors_checked"":2082920,""obs_mistake_mask=E"":5}"
      5992,        10,         0,   120.7,exact_mw,6534c274fb8721060716b040ba5484c43e0fb249b656ad44721a05b8b1f26839,"{""distance"":7,""physical_error_rate"":0.005}","{""detection_events"":85893,""detectors_checked"":3607184,""obs_mistake_mask=E"":10}"
     30208,         5,         0,   120.0,exact_mw,8842ec4fe0f86aba00650008f7f408db45344cfb5a30f76b1f2c0fb50a8d5069,"{""distance"":7,""physical_error_rate"":0.002}","{""detection_events"":178330,""detectors_checked"":18185216,""obs_mistake_mask=E"":5}"
    137728,         5,         0,   120.5,exact_mw,fe773c48422346d89ea42b7ea8a90aa3034802874175ef2bfbcd9fbedf677903,"{""distance"":7,""physical_error_rate"":0.001}","{""detection_events"":408257,""detectors_checked"":82912256,""obs_mistake_mask=E"":5}"
     32896,         1,         0,   120.1,exact_mw,fe773c48422346d89ea42b7ea8a90aa3034802874175ef2bfbcd9fbedf677903,"{""distance"":7,""physical_error_rate"":0.001}","{""detection_events"":97725,""detectors_checked"":19803392,""obs_mistake_mask=E"":1}"
    136192,         1,         0,   120.8,exact_mw,fe773c48422346d89ea42b7ea8a90aa3034802874175ef2bfbcd9fbedf677903,"{""distance"":7,""physical_error_rate"":0.001}","{""detection_events"":401364,""detectors_checked"":81987584,""obs_mistake_mask=E"":1}"
   5695488,         3,         0,   119.4,exact_mw,a6f040f5268ba168f94c6ccce4ff822b1b844608631bba2e2b8dc7ec85b1e503,"{""distance"":7,""physical_error_rate"":0.0002}","{""detection_events"":3375211,""detectors_checked"":3428683776,""obs_mistake_mask=E"":3}"
   9657344,         0,         0,   119.1,exact_mw,3793e887e6c3b4d5eff59c5eb9bbee88cf92e7a28a48243659e8f8373a61c55f,"{""distance"":7,""physical_error_rate"":5e-05}","{""detection_events"":1436603,""detectors_checked"":5813721088}"
   5422080,         1,         0,   119.4,exact_mw,a6f040f5268ba168f94c6ccce4ff822b1b844608631bba2e2b8dc7ec85b1e503,"{""distance"":7,""physical_error_rate"":0.0002}","{""detection_events"":3218960,""detectors_checked"":3264092160,""obs_mistake_mask=E"":1}"
   8866816,         0,         0,   119.0,exact_mw,894a5a708293b7bd3951925e43ae0371ba83736430ed1970399611b4deb8498b,"{""distance"":7,""physical_error_rate"":0.0001}","{""detection_events"":2631125,""detectors_checked"":5337823232}"
    831488,         4,         0,   119.9,exact_mw,09f626b7d1c8765fd231bc36902f9c5557d3909c4644565b971bdb2bfb186061,"{""distance"":7,""physical_error_rate"":0.0005}","{""detection_events"":1229848,""detectors_checked"":500555776,""obs_mistake_mask=E"":4}"
   1424384,         0,         0,   119.2,exact_mw,3793e887e6c3b4d5eff59c5eb9bbee88cf92e7a28a48243659e8f8373a61c55f,"{""distance"":7,""physical_error_rate"":5e-05}","{""detection_events"":212114,""detectors_checked"":857479168}"
   5293056,         1,         0,   119.3,exact_mw,a6f040f5268ba168f94c6ccce4ff822b1b844608631bba2e2b8dc7ec85b1e503,"{""distance"":7,""physical_error_rate"":0.0002}","{""detection_events"":3144851,""detectors_checked"":3186419712,""obs_mistake_mask=E"":1}"
   7099392,         0,         0,   119.0,exact_mw,3793e887e6c3b4d5eff59c5eb9bbee88cf92e7a28a48243659e8f8373a61c55f,"{""distance"":7,""physical_error_rate"":5e-05}","{""detection_events"":1056442,""detectors_checked"":4273833984}"
   2200576,         0,         0,   119.6,exact_mw,a6f040f5268ba168f94c6ccce4ff822b1b844608631bba2e2b8dc7ec85b1e503,"{""distance"":7,""physical_error_rate"":0.0002}","{""detection_events"":1304392,""detectors_checked"":1324746752}"
   8777728,         0,         0,   119.0,exact_mw,894a5a708293b7bd3951925e43ae0371ba83736430ed1970399611b4deb8498b,"{""distance"":7,""physical_error_rate"":0.0001}","{""detection_events"":2604998,""detectors_checked"":5284192256}"
   7960576,         0,         0,   119.0,exact_mw,3793e887e6c3b4d5eff59c5eb9bbee88cf92e7a28a48243659e8f8373a61c55f,"{""distance"":7,""physical_error_rate"":5e-05}","{""detection_events"":1179850,""detectors_checked"":4792266752}"
    894976,         4,         0,   120.1,exact_mw,09f626b7d1c8765fd231bc36902f9c5557d3909c4644565b971bdb2bfb186061,"{""distance"":7,""physical_error_rate"":0.0005}","{""detection_events"":1328554,""detectors_checked"":538775552,""obs_mistake_mask=E"":4}"
    816128,         2,         0,   120.0,exact_mw,09f626b7d1c8765fd231bc36902f9c5557d3909c4644565b971bdb2bfb186061,"{""distance"":7,""physical_error_rate"":0.0005}","{""detection_events"":1206139,""detectors_checked"":491309056,""obs_mistake_mask=E"":2}"
    557056,         2,         0,   120.1,exact_mw,09f626b7d1c8765fd231bc36902f9c5557d3909c4644565b971bdb2bfb186061,"{""distance"":7,""physical_error_rate"":0.0005}","{""detection_events"":824330,""detectors_checked"":335347712,""obs_mistake_mask=E"":2}"
    414208,         6,         0,   119.8,exact_mw,09f626b7d1c8765fd231bc36902f9c5557d3909c4644565b971bdb2bfb186061,"{""distance"":7,""physical_error_rate"":0.0005}","{""detection_events"":612195,""detectors_checked"":249353216,""obs_mistake_mask=E"":6}"
   5148672,         0,         0,   119.3,exact_mw,a6f040f5268ba168f94c6ccce4ff822b1b844608631bba2e2b8dc7ec85b1e503,"{""distance"":7,""physical_error_rate"":0.0002}","{""detection_events"":3051440,""detectors_checked"":3099500544}"
   8105984,         0,         0,   119.0,exact_mw,894a5a708293b7bd3951925e43ae0371ba83736430ed1970399611b4deb8498b,"{""distance"":7,""physical_error_rate"":0.0001}","{""detection_events"":2410835,""detectors_checked"":4879802368}"
    145408,         1,         0,   120.4,exact_mw,fe773c48422346d89ea42b7ea8a90aa3034802874175ef2bfbcd9fbedf677903,"{""distance"":7,""physical_error_rate"":0.001}","{""detection_events"":426598,""detectors_checked"":87535616,""obs_mistake_mask=E"":1}"
   9271296,         1,         0,   119.1,exact_mw,3793e887e6c3b4d5eff59c5eb9bbee88cf92e7a28a48243659e8f8373a61c55f,"{""distance"":7,""physical_error_rate"":5e-05}","{""detection_events"":1376373,""detectors_checked"":5581320192,""obs_mistake_mask=E"":1}"
      7680,        15,         0,   120.3,exact_mw,6534c274fb8721060716b040ba5484c43e0fb249b656ad44721a05b8b1f26839,"{""distance"":7,""physical_error_rate"":0.005}","{""detection_events"":110152,""detectors_checked"":4623360,""obs_mistake_mask=E"":15}"
     31744,         5,         0,   120.2,exact_mw,8842ec4fe0f86aba00650008f7f408db45344cfb5a30f76b1f2c0fb50a8d5069,"{""distance"":7,""physical_error_rate"":0.002}","{""detection_events"":184819,""detectors_checked"":19109888,""obs_mistake_mask=E"":5}"
     24496,         6,         0,   120.3,exact_mw,8842ec4fe0f86aba00650008f7f408db45344cfb5a30f76b1f2c0fb50a8d5069,"{""distance"":7,""physical_error_rate"":0.002}","{""detection_events"":143848,""detectors_checked"":14746592,""obs_mistake_mask=E"":6}"
    854016,         3,         0,   120.0,exact_mw,09f626b7d1c8765fd231bc36902f9c5557d3909c4644565b971bdb2bfb186061,"{""distance"":7,""physical_error_rate"":0.0005}","{""detection_events"":1263140,""detectors_checked"":514117632,""obs_mistake_mask=E"":3}"
      1180,         2,         0,   120.6,exact_mw,6534c274fb8721060716b040ba5484c43e0fb249b656ad44721a05b8b1f26839,"{""distance"":7,""physical_error_rate"":0.005}","{""detection_events"":16640,""detectors_checked"":710360,""obs_mistake_mask=E"":2}"
    145408,         0,         0,   120.5,exact_mw,fe773c48422346d89ea42b7ea8a90aa3034802874175ef2bfbcd9fbedf677903,"{""distance"":7,""physical_error_rate"":0.001}","{""detection_events"":429265,""detectors_checked"":87535616}"
     34048,         4,         0,   120.4,exact_mw,8842ec4fe0f86aba00650008f7f408db45344cfb5a30f76b1f2c0fb50a8d5069,"{""distance"":7,""physical_error_rate"":0.002}","{""detection_events"":199229,""detectors_checked"":20496896,""obs_mistake_mask=E"":4}"
      8192,        13,         0,   120.7,exact_mw,6534c274fb8721060716b040ba5484c43e0fb249b656ad44721a05b8b1f26839,"{""distance"":7,""physical_error_rate"":0.005}","{""detection_events"":117115,""detectors_checked"":4931584,""obs_mistake_mask=E"":13}"
      8672,        14,         0,   120.6,exact_mw,6534c274fb8721060716b040ba5484c43e0fb249b656ad44721a05b8b1f26839,"{""distance"":7,""physical_error_rate"":0.005}","{""detection_events"":124304,""detectors_checked"":5220544,""obs_mistake_mask=E"":14}"
    163840,         2,         0,   120.5,exact_mw,fe773c48422346d89ea42b7ea8a90aa3034802874175ef2bfbcd9fbedf677903,"{""distance"":7,""physical_error_rate"":0.001}","{""detection_events"":481523,""detectors_checked"":98631680,""obs_mistake_mask=E"":2}"
      4576,         1,         0,   120.1,exact_mw,8842ec4fe0f86aba00650008f7f408db45344cfb5a30f76b1f2c0fb50a8d5069,"{""distance"":7,""physical_error_rate"":0.002}","{""detection_events"":26191,""detectors_checked"":2754752,""obs_mistake_mask=E"":1}"
     14160,         4,         0,   120.1,exact_mw,8842ec4fe0f86aba00650008f7f408db45344cfb5a30f76b1f2c0fb50a8d5069,"{""distance"":7,""physical_error_rate"":0.002}","{""detection_events"":82449,""detectors_checked"":8524320,""obs_mistake_mask=E"":4}"
      2968,         4,         0,   120.6,exact_mw,6534c274fb8721060716b040ba5484c43e0fb249b656ad44721a05b8b1f26839,"{""distance"":7,""physical_error_rate"":0.005}","{""detection_events"":42555,""detectors_checked"":1786736,""obs_mistake_mask=E"":4}"
   8783872,         0,         0,   119.2,exact_mw,894a5a708293b7bd3951925e43ae0371ba83736430ed1970399611b4deb8498b,"{""distance"":7,""physical_error_rate"":0.0001}","{""detection_events"":2613546,""detectors_checked"":5287890944}"
   4920320,         4,         0,   119.4,exact_mw,a6f040f5268ba168f94c6ccce4ff822b1b844608631bba2e2b8dc7ec85b1e503,"{""distance"":7,""physical_error_rate"":0.0002}","{""detection_events"":2917576,""detectors_checked"":2962032640,""obs_mistake_mask=E"":4}"
     28192,         7,         0,   120.5,exact_mw,8842ec4fe0f86aba00650008f7f408db45344cfb5a30f76b1f2c0fb50a8d5069,"{""distance"":7,""physical_error_rate"":0.002}","{""detection_events"":164764,""detectors_checked"":16971584,""obs_mistake_mask=E"":7}"
   3714048,         0,         0,   119.2,exact_mw,a6f040f5268ba168f94c6ccce4ff822b1b844608631bba2e2b8dc7ec85b1e503,"{""distance"":7,""physical_error_rate"":0.0002}","{""detection_events"":2202749,""detectors_checked"":2235856896}"
    147456,         3,         0,   120.6,exact_mw,fe773c48422346d89ea42b7ea8a90aa3034802874175ef2bfbcd9fbedf677903,"{""distance"":7,""physical_error_rate"":0.001}","{""detection_events"":435090,""detectors_checked"":88768512,""obs_mistake_mask=E"":3}"
   9740288,         0,         0,   118.9,exact_mw,3793e887e6c3b4d5eff59c5eb9bbee88cf92e7a28a48243659e8f8373a61c55f,"{""distance"":7,""physical_error_rate"":5e-05}","{""detection_events"":1441061,""detectors_checked"":5863653376}"
    741376,         2,         0,   120.0,exact_mw,09f626b7d1c8765fd231bc36902f9c5557d3909c4644565b971bdb2bfb186061,"{""distance"":7,""physical_error_rate"":0.0005}","{""detection_events"":1102063,""detectors_checked"":446308352,""obs_mistake_mask=E"":2}"
   8839168,         0,         0,   119.3,exact_mw,894a5a708293b7bd3951925e43ae0371ba83736430ed1970399611b4deb8498b,"{""distance"":7,""physical_error_rate"":0.0001}","{""detection_events"":2623145,""detectors_checked"":5321179136}"
  10128384,         0,         0,   119.3,exact_mw,894a5a708293b7bd3951925e43ae0371ba83736430ed1970399611b4deb8498b,"{""distance"":7,""physical_error_rate"":0.0001}","{""detection_events"":3005028,""detectors_checked"":6097287168}"
   9482240,         0,         0,   119.0,exact_mw,3793e887e6c3b4d5eff59c5eb9bbee88cf92e7a28a48243659e8f8373a61c55f,"{""distance"":7,""physical_error_rate"":5e-05}","{""detection_events"":1409200,""detectors_checked"":5708308480}"
   2106368,         2,         0,   119.3,exact_mw,a6f040f5268ba168f94c6ccce4ff822b1b844608631bba2e2b8dc7ec85b1e503,"{""distance"":7,""physical_error_rate"":0.0002}","{""detection_events"":1249816,""detectors_checked"":1268033536,""obs_mistake_mask=E"":2}"
    763904,         1,         0,   119.9,exact_mw,09f626b7d1c8765fd231bc36902f9c5557d3909c4644565b971bdb2bfb186061,"{""distance"":7,""physical_error_rate"":0.0005}","{""detection_events"":1129732,""detectors_checked"":459870208,""obs_mistake_mask=E"":1}"
     30720,         7,         0,   120.3,exact_mw,8842ec4fe0f86aba00650008f7f408db45344cfb5a30f76b1f2c0fb50a8d5069,"{""distance"":7,""physical_error_rate"":0.002}","{""detection_events"":181400,""detectors_checked"":18493440,""obs_mistake_mask=E"":7}"
    139776,         4,         0,   120.3,exact_mw,fe773c48422346d89ea42b7ea8a90aa3034802874175ef2bfbcd9fbedf677903,"{""distance"":7,""physical_error_rate"":0.001}","{""detection_events"":412611,""detectors_checked"":84145152,""obs_mistake_mask=E"":4}"
      1176,         5,         0,   120.0,exact_mw,6534c274fb8721060716b040ba5484c43e0fb249b656ad44721a05b8b1f26839,"{""distance"":7,""physical_error_rate"":0.005}","{""detection_events"":17129,""detectors_checked"":707952,""obs_mistake_mask=E"":5}"
     29952,         1,         0,   120.3,exact_mw,8842ec4fe0f86aba00650008f7f408db45344cfb5a30f76b1f2c0fb50a8d5069,"{""distance"":7,""physical_error_rate"":0.002}","{""detection_events"":175802,""detectors_checked"":18031104,""obs_mistake_mask=E"":1}"
      6532,        10,         0,   120.0,exact_mw,6534c274fb8721060716b040ba5484c43e0fb249b656ad44721a05b8b1f26839,"{""distance"":7,""physical_error_rate"":0.005}","{""detection_events"":95153,""detectors_checked"":3932264,""obs_mistake_mask=E"":10}"
      1184,         4,         0,   120.2,exact_mw,6534c274fb8721060716b040ba5484c43e0fb249b656ad44721a05b8b1f26839,"{""distance"":7,""physical_error_rate"":0.005}","{""detection_events"":17162,""detectors_checked"":712768,""obs_mistake_mask=E"":4}"
    134144,         1,         0,   120.4,exact_mw,fe773c48422346d89ea42b7ea8a90aa3034802874175ef2bfbcd9fbedf677903,"{""distance"":7,""physical_error_rate"":0.001}","{""detection_events"":392941,""detectors_checked"":80754688,""obs_mistake_mask=E"":1}"
   8753152,         0,         0,   119.1,exact_mw,894a5a708293b7bd3951925e43ae0371ba83736430ed1970399611b4deb8498b,"{""distance"":7,""physical_error_rate"":0.0001}","{""detection_events"":2592143,""detectors_checked"":5269397504}"
   2579456,         0,         0,   119.3,exact_mw,a6f040f5268ba168f94c6ccce4ff822b1b844608631bba2e2b8dc7ec85b1e503,"{""distance"":7,""physical_error_rate"":0.0002}","{""detection_events"":1531744,""detectors_checked"":1552832512}"
   9302016,         0,         0,   118.9,exact_mw,3793e887e6c3b4d5eff59c5eb9bbee88cf92e7a28a48243659e8f8373a61c55f,"{""distance"":7,""physical_error_rate"":5e-05}","{""detection_events"":1384522,""detectors_checked"":5599813632}"
    688128,         0,         0,   120.0,exact_mw,09f626b7d1c8765fd231bc36902f9c5557d3909c4644565b971bdb2bfb186061,"{""distance"":7,""physical_error_rate"":0.0005}","{""detection_events"":1018312,""detectors_checked"":414253056}"
   8961024,         0,         0,   119.0,exact_mw,3793e887e6c3b4d5eff59c5eb9bbee88cf92e7a28a48243659e8f8373a61c55f,"{""distance"":7,""physical_error_rate"":5e-05}","{""detection_events"":1329674,""detectors_checked"":5394536448}"
   1386496,         0,         0,   118.8,exact_mw,894a5a708293b7bd3951925e43ae0371ba83736430ed1970399611b4deb8498b,"{""distance"":7,""physical_error_rate"":0.0001}","{""detection_events"":410738,""detectors_checked"":834670592}"
   1375232,         0,         0,   119.3,exact_mw,894a5a708293b7bd3951925e43ae0371ba83736430ed1970399611b4deb8498b,"{""distance"":7,""physical_error_rate"":0.0001}","{""detection_events"":409012,""detectors_checked"":827889664}"
      8032,        12,         0,   120.2,exact_mw,6534c274fb8721060716b040ba5484c43e0fb249b656ad44721a05b8b1f26839,"{""distance"":7,""physical_error_rate"":0.005}","{""detection_events"":115422,""detectors_checked"":4835264,""obs_mistake_mask=E"":12}"
      1208,         0,         0,   120.0,exact_mw,6534c274fb8721060716b040ba5484c43e0fb249b656ad44721a05b8b1f26839,"{""distance"":7,""physical_error_rate"":0.005}","{""detection_events"":16794,""detectors_checked"":727216}"
     32384,         6,         0,   120.2,exact_mw,8842ec4fe0f86aba00650008f7f408db45344cfb5a30f76b1f2c0fb50a8d5069,"{""distance"":7,""physical_error_rate"":0.002}","{""detection_events"":190253,""detectors_checked"":19495168,""obs_mistake_mask=E"":6}"
    146432,         2,         0,   120.1,exact_mw,fe773c48422346d89ea42b7ea8a90aa3034802874175ef2bfbcd9fbedf677903,"{""distance"":7,""physical_error_rate"":0.001}","{""detection_events"":430674,""detectors_checked"":88152064,""obs_mistake_mask=E"":2}"
     89152,         3,         0,   120.3,exact_mw,fe773c48422346d89ea42b7ea8a90aa3034802874175ef2bfbcd9fbedf677903,"{""distance"":7,""physical_error_rate"":0.001}","{""detection_events"":263571,""detectors_checked"":53669504,""obs_mistake_mask=E"":3}"
    133120,         5,         0,   120.2,exact_mw,fe773c48422346d89ea42b7ea8a90aa3034802874175ef2bfbcd9fbedf677903,"{""distance"":7,""physical_error_rate"":0.001}","{""detection_events"":391124,""detectors_checked"":80138240,""obs_mistake_mask=E"":5}"
   5725184,         1,         0,   119.4,exact_mw,a6f040f5268ba168f94c6ccce4ff822b1b844608631bba2e2b8dc7ec85b1e503,"{""distance"":7,""physical_error_rate"":0.0002}","{""detection_events"":3401068,""detectors_checked"":3446560768,""obs_mistake_mask=E"":1}"
   8585216,         0,         0,   118.9,exact_mw,3793e887e6c3b4d5eff59c5eb9bbee88cf92e7a28a48243659e8f8373a61c55f,"{""distance"":7,""physical_error_rate"":5e-05}","{""detection_events"":1274025,""detectors_checked"":5168300032}"
   5067776,         0,         0,   119.4,exact_mw,a6f040f5268ba168f94c6ccce4ff822b1b844608631bba2e2b8dc7ec85b1e503,"{""distance"":7,""physical_error_rate"":0.0002}","{""detection_events"":2998064,""detectors_checked"":3050801152}"
   8741888,         2,         0,   119.1,exact_mw,894a5a708293b7bd3951925e43ae0371ba83736430ed1970399611b4deb8498b,"{""distance"":7,""physical_error_rate"":0.0001}","{""detection_events"":2596504,""detectors_checked"":5262616576,""obs_mistake_mask=E"":2}"
    832512,         1,         0,   119.9,exact_mw,09f626b7d1c8765fd231bc36902f9c5557d3909c4644565b971bdb2bfb186061,"{""distance"":7,""physical_error_rate"":0.0005}","{""detection_events"":1231478,""detectors_checked"":501172224,""obs_mistake_mask=E"":1}"
   1490944,         0,         0,   118.8,exact_mw,3793e887e6c3b4d5eff59c5eb9bbee88cf92e7a28a48243659e8f8373a61c55f,"{""distance"":7,""physical_error_rate"":5e-05}","{""detection_events"":222449,""detectors_checked"":897548288}"
   5194752,         2,         0,   119.2,exact_mw,a6f040f5268ba168f94c6ccce4ff822b1b844608631bba2e2b8dc7ec85b1e503,"{""distance"":7,""physical_error_rate"":0.0002}","{""detection_events"":3082637,""detectors_checked"":3127240704,""obs_mistake_mask=E"":2}"
   9237504,         0,         0,   118.8,exact_mw,3793e887e6c3b4d5eff59c5eb9bbee88cf92e7a28a48243659e8f8373a61c55f,"{""distance"":7,""physical_error_rate"":5e-05}","{""detection_events"":1370317,""detectors_checked"":5560977408}"
    849920,         0,         0,   119.3,exact_mw,a6f040f5268ba168f94c6ccce4ff822b1b844608631bba2e2b8dc7ec85b1e503,"{""distance"":7,""physical_error_rate"":0.0002}","{""detection_events"":501204,""detectors_checked"":511651840}"
   3263488,         0,         0,   119.3,exact_mw,894a5a708293b7bd3951925e43ae0371ba83736430ed1970399611b4deb8498b,"{""distance"":7,""physical_error_rate"":0.0001}","{""detection_events"":967310,""detectors_checked"":1964619776}"
   1490944,         0,         0,   119.0,exact_mw,3793e887e6c3b4d5eff59c5eb9bbee88cf92e7a28a48243659e8f8373a61c55f,"{""distance"":7,""physical_error_rate"":5e-05}","{""detection_events"":220901,""detectors_checked"":897548288}"
    884736,         6,         0,   119.9,exact_mw,09f626b7d1c8765fd231bc36902f9c5557d3909c4644565b971bdb2bfb186061,"{""distance"":7,""physical_error_rate"":0.0005}","{""detection_events"":1305217,""detectors_checked"":532611072,""obs_mistake_mask=E"":6}"
    684544,         0,         0,   120.1,exact_mw,09f626b7d1c8765fd231bc36902f9c5557d3909c4644565b971bdb2bfb186061,"{""distance"":7,""physical_error_rate"":0.0005}","{""detection_events"":1012293,""detectors_checked"":412095488}"
    334336,         1,         0,   120.1,exact_mw,09f626b7d1c8765fd231bc36902f9c5557d3909c4644565b971bdb2bfb186061,"{""distance"":7,""physical_error_rate"":0.0005}","{""detection_events"":494359,""detectors_checked"":201270272,""obs_mistake_mask=E"":1}"
    827392,         4,         0,   120.0,exact_mw,09f626b7d1c8765fd231bc36902f9c5557d3909c4644565b971bdb2bfb186061,"{""distance"":7,""physical_error_rate"":0.0005}","{""detection_events"":1219593,""detectors_checked"":498089984,""obs_mistake_mask=E"":4}"
   5269504,         2,         0,   119.4,exact_mw,a6f040f5268ba168f94c6ccce4ff822b1b844608631bba2e2b8dc7ec85b1e503,"{""distance"":7,""physical_error_rate"":0.0002}","{""detection_events"":3120521,""detectors_checked"":3172241408,""obs_mistake_mask=E"":2}"
   8906752,         2,         0,   119.1,exact_mw,894a5a708293b7bd3951925e43ae0371ba83736430ed1970399611b4deb8498b,"{""distance"":7,""physical_error_rate"":0.0001}","{""detection_events"":2641381,""detectors_checked"":5361864704,""obs_mistake_mask=E"":2}"
    135680,         2,         0,   120.1,exact_mw,fe773c48422346d89ea42b7ea8a90aa3034802874175ef2bfbcd9fbedf677903,"{""distance"":7,""physical_error_rate"":0.001}","{""detection_events"":397109,""detectors_checked"":81679360,""obs_mistake_mask=E"":2}"
   9525248,         0,         0,   119.1,exact_mw,3793e887e6c3b4d5eff59c5eb9bbee88cf92e7a28a48243659e8f8373a61c55f,"{""distance"":7,""physical_error_rate"":5e-05}","{""detection_events"":1412290,""detectors_checked"":5734199296}"
      7808,        11,         0,   120.3,exact_mw,6534c274fb8721060716b040ba5484c43e0fb249b656ad44721a05b8b1f26839,"{""distance"":7,""physical_error_rate"":0.005}","{""detection_events"":112364,""detectors_checked"":4700416,""obs_mistake_mask=E"":11}"
     26944,         2,         0,   120.1,exact_mw,8842ec4fe0f86aba00650008f7f408db45344cfb5a30f76b1f2c0fb50a8d5069,"{""distance"":7,""physical_error_rate"":0.002}","{""detection_events"":157721,""detectors_checked"":16220288,""obs_mistake_mask=E"":2}"
     31104,         5,         0,   120.3,exact_mw,8842ec4fe0f86aba00650008f7f408db45344cfb5a30f76b1f2c0fb50a8d5069,"{""distance"":7,""physical_error_rate"":0.002}","{""detection_events"":181502,""detectors_checked"":18724608,""obs_mistake_mask=E"":5}"
    840704,         4,         0,   119.9,exact_mw,09f626b7d1c8765fd231bc36902f9c5557d3909c4644565b971bdb2bfb186061,"{""distance"":7,""physical_error_rate"":0.0005}","{""detection_events"":1245698,""detectors_checked"":506103808,""obs_mistake_mask=E"":4}"
      1204,         2,         0,   120.7,exact_mw,6534c274fb8721060716b040ba5484c43e0fb249b656ad44721a05b8b1f26839,"{""distance"":7,""physical_error_rate"":0.005}","{""detection_events"":17347,""detectors_checked"":724808,""obs_mistake_mask=E"":2}"
     45888,         2,         0,   120.8,exact_mw,fe773c48422346d89ea42b7ea8a90aa3034802874175ef2bfbcd9fbedf677903,"{""distance"":7,""physical_error_rate"":0.001}","{""detection_events"":134617,""detectors_checked"":27624576,""obs_mistake_mask=E"":2}"
     32384,         9,         0,   120.0,exact_mw,8842ec4fe0f86aba00650008f7f408db45344cfb5a30f76b1f2c0fb50a8d5069,"{""distance"":7,""physical_error_rate"":0.002}","{""detection_events"":189606,""detectors_checked"":19495168,""obs_mistake_mask=E"":9}"
      7456,        13,         0,   120.9,exact_mw,6534c274fb8721060716b040ba5484c43e0fb249b656ad44721a05b8b1f26839,"{""distance"":7,""physical_error_rate"":0.005}","{""detection_events"":106438,""detectors_checked"":4488512,""obs_mistake_mask=E"":13}"
      7968,         5,         0,   120.1,exact_mw,6534c274fb8721060716b040ba5484c43e0fb249b656ad44721a05b8b1f26839,"{""distance"":7,""physical_error_rate"":0.005}","{""detection_events"":114081,""detectors_checked"":4796736,""obs_mistake_mask=E"":5}"
    149504,         0,         0,   120.0,exact_mw,fe773c48422346d89ea42b7ea8a90aa3034802874175ef2bfbcd9fbedf677903,"{""distance"":7,""physical_error_rate"":0.001}","{""detection_events"":440237,""detectors_checked"":90001408}"
     24032,         1,         0,   120.5,exact_mw,8842ec4fe0f86aba00650008f7f408db45344cfb5a30f76b1f2c0fb50a8d5069,"{""distance"":7,""physical_error_rate"":0.002}","{""detection_events"":141192,""detectors_checked"":14467264,""obs_mistake_mask=E"":1}"
     17312,         7,         0,   120.8,exact_mw,8842ec4fe0f86aba00650008f7f408db45344cfb5a30f76b1f2c0fb50a8d5069,"{""distance"":7,""physical_error_rate"":0.002}","{""detection_events"":101932,""detectors_checked"":10421824,""obs_mistake_mask=E"":7}"
      1224,         2,         0,   120.6,exact_mw,6534c274fb8721060716b040ba5484c43e0fb249b656ad44721a05b8b1f26839,"{""distance"":7,""physical_error_rate"":0.005}","{""detection_events"":17736,""detectors_checked"":736848,""obs_mistake_mask=E"":2}"
   7932928,         2,         0,   119.2,exact_mw,894a5a708293b7bd3951925e43ae0371ba83736430ed1970399611b4deb8498b,"{""distance"":7,""physical_error_rate"":0.0001}","{""detection_events"":2352309,""detectors_checked"":4775622656,""obs_mistake_mask=E"":2}"
   4994048,         1,         0,   119.3,exact_mw,a6f040f5268ba168f94c6ccce4ff822b1b844608631bba2e2b8dc7ec85b1e503,"{""distance"":7,""physical_error_rate"":0.0002}","{""detection_events"":2959512,""detectors_checked"":3006416896,""obs_mistake_mask=E"":1}"
     28672,         7,         0,   120.8,exact_mw,8842ec4fe0f86aba00650008f7f408db45344cfb5a30f76b1f2c0fb50a8d5069,"{""distance"":7,""physical_error_rate"":0.002}","{""detection_events"":167930,""detectors_checked"":17260544,""obs_mistake_mask=E"":7}"
   5005312,         1,         0,   119.2,exact_mw,a6f040f5268ba168f94c6ccce4ff822b1b844608631bba2e2b8dc7ec85b1e503,"{""distance"":7,""physical_error_rate"":0.0002}","{""detection_events"":2968223,""detectors_checked"":3013197824,""obs_mistake_mask=E"":1}"
     49920,         1,         0,   120.4,exact_mw,fe773c48422346d89ea42b7ea8a90aa3034802874175ef2bfbcd9fbedf677903,"{""distance"":7,""physical_error_rate"":0.001}","{""detection_events"":147553,""detectors_checked"":30051840,""obs_mistake_mask=E"":1}"
   8641536,         0,         0,   119.1,exact_mw,3793e887e6c3b4d5eff59c5eb9bbee88cf92e7a28a48243659e8f8373a61c55f,"{""distance"":7,""physical_error_rate"":5e-05}","{""detection_events"":1282918,""detectors_checked"":5202204672}"
    817152,         3,         0,   120.0,exact_mw,09f626b7d1c8765fd231bc36902f9c5557d3909c4644565b971bdb2bfb186061,"{""distance"":7,""physical_error_rate"":0.0005}","{""detection_events"":1209255,""detectors_checked"":491925504,""obs_mistake_mask=E"":3}"
   8529920,         2,         0,   119.3,exact_mw,894a5a708293b7bd3951925e43ae0371ba83736430ed1970399611b4deb8498b,"{""distance"":7,""physical_error_rate"":0.0001}","{""detection_events"":2528315,""detectors_checked"":5135011840,""obs_mistake_mask=E"":2}"
   8635392,         0,         0,   119.1,exact_mw,894a5a708293b7bd3951925e43ae0371ba83736430ed1970399611b4deb8498b,"{""distance"":7,""physical_error_rate"":0.0001}","{""detection_events"":2562012,""detectors_checked"":5198505984}"
   9700352,         1,         0,   119.0,exact_mw,3793e887e6c3b4d5eff59c5eb9bbee88cf92e7a28a48243659e8f8373a61c55f,"{""distance"":7,""physical_error_rate"":5e-05}","{""detection_events"":1439395,""detectors_checked"":5839611904,""obs_mistake_mask=E"":1}"
   5157888,         0,         0,   119.5,exact_mw,a6f040f5268ba168f94c6ccce4ff822b1b844608631bba2e2b8dc7ec85b1e503,"{""distance"":7,""physical_error_rate"":0.0002}","{""detection_events"":3057635,""detectors_checked"":3105048576}"
    777216,         5,         0,   119.9,exact_mw,09f626b7d1c8765fd231bc36902f9c5557d3909c4644565b971bdb2bfb186061,"{""distance"":7,""physical_error_rate"":0.0005}","{""detection_events"":1149401,""detectors_checked"":467884032,""obs_mistake_mask=E"":5}"
     30080,         6,         0,   120.4,exact_mw,8842ec4fe0f86aba00650008f7f408db45344cfb5a30f76b1f2c0fb50a8d5069,"{""distance"":7,""physical_error_rate"":0.002}","{""detection_events"":175351,""detectors_checked"":18108160,""obs_mistake_mask=E"":6}"
    144384,         2,         0,   120.4,exact_mw,fe773c48422346d89ea42b7ea8a90aa3034802874175ef2bfbcd9fbedf677903,"{""distance"":7,""physical_error_rate"":0.001}","{""detection_events"":426682,""detectors_checked"":86919168,""obs_mistake_mask=E"":2}"
      1836,         6,         0,   120.4,exact_mw,6534c274fb8721060716b040ba5484c43e0fb249b656ad44721a05b8b1f26839,"{""distance"":7,""physical_error_rate"":0.005}","{""detection_events"":26802,""detectors_checked"":1105272,""obs_mistake_mask=E"":6}"
     30336,         8,         0,   120.4,exact_mw,8842ec4fe0f86aba00650008f7f408db45344cfb5a30f76b1f2c0fb50a8d5069,"{""distance"":7,""physical_error_rate"":0.002}","{""detection_events"":177080,""detectors_checked"":18262272,""obs_mistake_mask=E"":8}"
      7520,        17,         0,   120.0,exact_mw,6534c274fb8721060716b040ba5484c43e0fb249b656ad44721a05b8b1f26839,"{""distance"":7,""physical_error_rate"":0.005}","{""detection_events"":108142,""detectors_checked"":4527040,""obs_mistake_mask=E"":17}"
      1312,         3,         0,   120.3,exact_mw,6534c274fb8721060716b040ba5484c43e0fb249b656ad44721a05b8b1f26839,"{""distance"":7,""physical_error_rate"":0.005}","{""detection_events"":19167,""detectors_checked"":789824,""obs_mistake_mask=E"":3}"
    132096,         1,         0,   120.2,exact_mw,fe773c48422346d89ea42b7ea8a90aa3034802874175ef2bfbcd9fbedf677903,"{""distance"":7,""physical_error_rate"":0.001}","{""detection_events"":389520,""detectors_checked"":79521792,""obs_mistake_mask=E"":1}"
   8243200,         2,         0,   119.1,exact_mw,894a5a708293b7bd3951925e43ae0371ba83736430ed1970399611b4deb8498b,"{""distance"":7,""physical_error_rate"":0.0001}","{""detection_events"":2441401,""detectors_checked"":4962406400,""obs_mistake_mask=E"":2}"
   5358592,         0,         0,   119.2,exact_mw,a6f040f5268ba168f94c6ccce4ff822b1b844608631bba2e2b8dc7ec85b1e503,"{""distance"":7,""physical_error_rate"":0.0002}","{""detection_events"":3180897,""detectors_checked"":3225872384}"
   9931776,         0,         0,   119.0,exact_mw,3793e887e6c3b4d5eff59c5eb9bbee88cf92e7a28a48243659e8f8373a61c55f,"{""distance"":7,""physical_error_rate"":5e-05}","{""detection_events"":1474528,""detectors_checked"":5978929152}"
    831488,         2,         0,   119.9,exact_mw,09f626b7d1c8765fd231bc36902f9c5557d3909c4644565b971bdb2bfb186061,"{""distance"":7,""physical_error_rate"":0.0005}","{""detection_events"":1230828,""detectors_checked"":500555776,""obs_mistake_mask=E"":2}"
   9416704,         0,         0,   119.1,exact_mw,3793e887e6c3b4d5eff59c5eb9bbee88cf92e7a28a48243659e8f8373a61c55f,"{""distance"":7,""physical_error_rate"":5e-05}","{""detection_events"":1394089,""detectors_checked"":5668855808}"
   1685504,         1,         0,   119.2,exact_mw,894a5a708293b7bd3951925e43ae0371ba83736430ed1970399611b4deb8498b,"{""distance"":7,""physical_error_rate"":0.0001}","{""detection_events"":502854,""detectors_checked"":1014673408,""obs_mistake_mask=E"":1}"
   1499136,         0,         0,   119.1,exact_mw,894a5a708293b7bd3951925e43ae0371ba83736430ed1970399611b4deb8498b,"{""distance"":7,""physical_error_rate"":0.0001}","{""detection_events"":446869,""detectors_checked"":902479872}"
      2832,         5,         0,   119.8,exact_mw,6534c274fb8721060716b040ba5484c43e0fb249b656ad44721a05b8b1f26839,"{""distance"":7,""physical_error_rate"":0.005}","{""detection_events"":40789,""detectors_checked"":1704864,""obs_mistake_mask=E"":5}"
     30848,         3,         0,   120.2,exact_mw,8842ec4fe0f86aba00650008f7f408db45344cfb5a30f76b1f2c0fb50a8d5069,"{""distance"":7,""physical_error_rate"":0.002}","{""detection_events"":181185,""detectors_checked"":18570496,""obs_mistake_mask=E"":3}"
    154624,         2,         0,   120.3,exact_mw,fe773c48422346d89ea42b7ea8a90aa3034802874175ef2bfbcd9fbedf677903,"{""distance"":7,""physical_error_rate"":0.001}","{""detection_events"":455649,""detectors_checked"":93083648,""obs_mistake_mask=E"":2}"
      7840,        22,         0,   123.4,exact_mw,6534c274fb8721060716b040ba5484c43e0fb249b656ad44721a05b8b1f26839,"{""distance"":7,""physical_error_rate"":0.005}","{""detection_events"":114183,""detectors_checked"":4719680,""obs_mistake_mask=E"":22}"
    142848,         4,         0,   120.3,exact_mw,fe773c48422346d89ea42b7ea8a90aa3034802874175ef2bfbcd9fbedf677903,"{""distance"":7,""physical_error_rate"":0.001}","{""detection_events"":423673,""detectors_checked"":85994496,""obs_mistake_mask=E"":4}"
     93440,         0,         0,   120.0,exact_mw,fe773c48422346d89ea42b7ea8a90aa3034802874175ef2bfbcd9fbedf677903,"{""distance"":7,""physical_error_rate"":0.001}","{""detection_events"":275125,""detectors_checked"":56250880}"
   5394432,         1,         0,   119.4,exact_mw,a6f040f5268ba168f94c6ccce4ff822b1b844608631bba2e2b8dc7ec85b1e503,"{""distance"":7,""physical_error_rate"":0.0002}","{""detection_events"":3204227,""detectors_checked"":3247448064,""obs_mistake_mask=E"":1}"
  10475520,         0,         0,   119.1,exact_mw,3793e887e6c3b4d5eff59c5eb9bbee88cf92e7a28a48243659e8f8373a61c55f,"{""distance"":7,""physical_error_rate"":5e-05}","{""detection_events"":1555445,""detectors_checked"":6306263040}"
   5772288,         0,         0,   119.4,exact_mw,a6f040f5268ba168f94c6ccce4ff822b1b844608631bba2e2b8dc7ec85b1e503,"{""distance"":7,""physical_error_rate"":0.0002}","{""detection_events"":3420234,""detectors_checked"":3474917376}"
   9342976,         0,         0,   119.2,exact_mw,894a5a708293b7bd3951925e43ae0371ba83736430ed1970399611b4deb8498b,"{""distance"":7,""physical_error_rate"":0.0001}","{""detection_events"":2771806,""detectors_checked"":5624471552}"
    880640,         4,         0,   119.8,exact_mw,09f626b7d1c8765fd231bc36902f9c5557d3909c4644565b971bdb2bfb186061,"{""distance"":7,""physical_error_rate"":0.0005}","{""detection_events"":1304370,""detectors_checked"":530145280,""obs_mistake_mask=E"":4}"
   6391808,         0,         0,   119.2,exact_mw,3793e887e6c3b4d5eff59c5eb9bbee88cf92e7a28a48243659e8f8373a61c55f,"{""distance"":7,""physical_error_rate"":5e-05}","{""detection_events"":947751,""detectors_checked"":3847868416}"
   3126272,         1,         0,   119.3,exact_mw,a6f040f5268ba168f94c6ccce4ff822b1b844608631bba2e2b8dc7ec85b1e503,"{""distance"":7,""physical_error_rate"":0.0002}","{""detection_events"":1851052,""detectors_checked"":1882015744,""obs_mistake_mask=E"":1}"
   9710592,         0,         0,   119.0,exact_mw,3793e887e6c3b4d5eff59c5eb9bbee88cf92e7a28a48243659e8f8373a61c55f,"{""distance"":7,""physical_error_rate"":5e-05}","{""detection_events"":1439301,""detectors_checked"":5845776384}"
   3204096,         1,         0,   119.3,exact_mw,a6f040f5268ba168f94c6ccce4ff822b1b844608631bba2e2b8dc7ec85b1e503,"{""distance"":7,""physical_error_rate"":0.0002}","{""detection_events"":1894491,""detectors_checked"":1928865792,""obs_mistake_mask=E"":1}"
   5164032,         0,         0,   118.9,exact_mw,894a5a708293b7bd3951925e43ae0371ba83736430ed1970399611b4deb8498b,"{""distance"":7,""physical_error_rate"":0.0001}","{""detection_events"":1534638,""detectors_checked"":3108747264}"
   1885184,         0,         0,   119.1,exact_mw,3793e887e6c3b4d5eff59c5eb9bbee88cf92e7a28a48243659e8f8373a61c55f,"{""distance"":7,""physical_error_rate"":5e-05}","{""detection_events"":281274,""detectors_checked"":1134880768}"
    828416,         2,         0,   119.9,exact_mw,09f626b7d1c8765fd231bc36902f9c5557d3909c4644565b971bdb2bfb186061,"{""distance"":7,""physical_error_rate"":0.0005}","{""detection_events"":1224505,""detectors_checked"":498706432,""obs_mistake_mask=E"":2}"
    514048,         4,         0,   119.8,exact_mw,09f626b7d1c8765fd231bc36902f9c5557d3909c4644565b971bdb2bfb186061,"{""distance"":7,""physical_error_rate"":0.0005}","{""detection_events"":760972,""detectors_checked"":309456896,""obs_mistake_mask=E"":4}"
    146944,         0,         0,   120.2,exact_mw,09f626b7d1c8765fd231bc36902f9c5557d3909c4644565b971bdb2bfb186061,"{""distance"":7,""physical_error_rate"":0.0005}","{""detection_events"":216868,""detectors_checked"":88460288}"
    728064,         2,         0,   119.8,exact_mw,09f626b7d1c8765fd231bc36902f9c5557d3909c4644565b971bdb2bfb186061,"{""distance"":7,""physical_error_rate"":0.0005}","{""detection_events"":1076270,""detectors_checked"":438294528,""obs_mistake_mask=E"":2}"
   4775936,         1,         0,   119.3,exact_mw,a6f040f5268ba168f94c6ccce4ff822b1b844608631bba2e2b8dc7ec85b1e503,"{""distance"":7,""physical_error_rate"":0.0002}","{""detection_events"":2833876,""detectors_checked"":2875113472,""obs_mistake_mask=E"":1}"
   7828480,         1,         0,   119.1,exact_mw,894a5a708293b7bd3951925e43ae0371ba83736430ed1970399611b4deb8498b,"{""distance"":7,""physical_error_rate"":0.0001}","{""detection_events"":2326799,""detectors_checked"":4712744960,""obs_mistake_mask=E"":1}"
   9062400,         0,         0,   119.1,exact_mw,3793e887e6c3b4d5eff59c5eb9bbee88cf92e7a28a48243659e8f8373a61c55f,"{""distance"":7,""physical_error_rate"":5e-05}","{""detection_events"":1342797,""detectors_checked"":5455564800}"
    156160,         6,         0,   120.3,exact_mw,fe773c48422346d89ea42b7ea8a90aa3034802874175ef2bfbcd9fbedf677903,"{""distance"":7,""physical_error_rate"":0.001}","{""detection_events"":461718,""detectors_checked"":94008320,""obs_mistake_mask=E"":6}"
      7648,        16,         0,   120.3,exact_mw,6534c274fb8721060716b040ba5484c43e0fb249b656ad44721a05b8b1f26839,"{""distance"":7,""physical_error_rate"":0.005}","{""detection_events"":109731,""detectors_checked"":4604096,""obs_mistake_mask=E"":16}"
     29056,         4,         0,   120.2,exact_mw,8842ec4fe0f86aba00650008f7f408db45344cfb5a30f76b1f2c0fb50a8d5069,"{""distance"":7,""physical_error_rate"":0.002}","{""detection_events"":169371,""detectors_checked"":17491712,""obs_mistake_mask=E"":4}"
     35072,         9,         0,   120.1,exact_mw,8842ec4fe0f86aba00650008f7f408db45344cfb5a30f76b1f2c0fb50a8d5069,"{""distance"":7,""physical_error_rate"":0.002}","{""detection_events"":206417,""detectors_checked"":21113344,""obs_mistake_mask=E"":9}"
    801792,         2,         0,   119.9,exact_mw,09f626b7d1c8765fd231bc36902f9c5557d3909c4644565b971bdb2bfb186061,"{""distance"":7,""physical_error_rate"":0.0005}","{""detection_events"":1185839,""detectors_checked"":482678784,""obs_mistake_mask=E"":2}"
      1404,         2,         0,   120.0,exact_mw,6534c274fb8721060716b040ba5484c43e0fb249b656ad44721a05b8b1f26839,"{""distance"":7,""physical_error_rate"":0.005}","{""detection_events"":20028,""detectors_checked"":845208,""obs_mistake_mask=E"":2}"
     95808,         0,         0,   120.3,exact_mw,fe773c48422346d89ea42b7ea8a90aa3034802874175ef2bfbcd9fbedf677903,"{""distance"":7,""physical_error_rate"":0.001}","{""detection_events"":284560,""detectors_checked"":57676416}"
     30720,         4,         0,   120.8,exact_mw,8842ec4fe0f86aba00650008f7f408db45344cfb5a30f76b1f2c0fb50a8d5069,"{""distance"":7,""physical_error_rate"":0.002}","{""detection_events"":180933,""detectors_checked"":18493440,""obs_mistake_mask=E"":4}"
      8256,        10,         0,   120.0,exact_mw,6534c274fb8721060716b040ba5484c43e0fb249b656ad44721a05b8b1f26839,"{""distance"":7,""physical_error_rate"":0.005}","{""detection_events"":118660,""detectors_checked"":4970112,""obs_mistake_mask=E"":10}"
    146432,         5,         0,   120.1,exact_mw,fe773c48422346d89ea42b7ea8a90aa3034802874175ef2bfbcd9fbedf677903,"{""distance"":7,""physical_error_rate"":0.001}","{""detection_events"":431717,""detectors_checked"":88152064,""obs_mistake_mask=E"":5}"
      7872,        11,         0,   120.5,exact_mw,6534c274fb8721060716b040ba5484c43e0fb249b656ad44721a05b8b1f26839,"{""distance"":7,""physical_error_rate"":0.005}","{""detection_events"":112521,""detectors_checked"":4738944,""obs_mistake_mask=E"":11}"
     28544,         5,         0,   119.9,exact_mw,8842ec4fe0f86aba00650008f7f408db45344cfb5a30f76b1f2c0fb50a8d5069,"{""distance"":7,""physical_error_rate"":0.002}","{""detection_events"":167393,""detectors_checked"":17183488,""obs_mistake_mask=E"":5}"
     21552,         0,         0,   120.8,exact_mw,8842ec4fe0f86aba00650008f7f408db45344cfb5a30f76b1f2c0fb50a8d5069,"{""distance"":7,""physical_error_rate"":0.002}","{""detection_events"":127024,""detectors_checked"":12974304}"
      5468,        11,         0,   120.0,exact_mw,6534c274fb8721060716b040ba5484c43e0fb249b656ad44721a05b8b1f26839,"{""distance"":7,""physical_error_rate"":0.005}","{""detection_events"":78444,""detectors_checked"":3291736,""obs_mistake_mask=E"":11}"
   7375872,         0,         0,   119.0,exact_mw,894a5a708293b7bd3951925e43ae0371ba83736430ed1970399611b4deb8498b,"{""distance"":7,""physical_error_rate"":0.0001}","{""detection_events"":2188011,""detectors_checked"":4440274944}"
   5352448,         1,         0,   119.3,exact_mw,a6f040f5268ba168f94c6ccce4ff822b1b844608631bba2e2b8dc7ec85b1e503,"{""distance"":7,""physical_error_rate"":0.0002}","{""detection_events"":3176283,""detectors_checked"":3222173696,""obs_mistake_mask=E"":1}"
     10384,         0,         0,   120.3,exact_mw,8842ec4fe0f86aba00650008f7f408db45344cfb5a30f76b1f2c0fb50a8d5069,"{""distance"":7,""physical_error_rate"":0.002}","{""detection_events"":61261,""detectors_checked"":6251168}"
   2463744,         0,         0,   119.3,exact_mw,a6f040f5268ba168f94c6ccce4ff822b1b844608631bba2e2b8dc7ec85b1e503,"{""distance"":7,""physical_error_rate"":0.0002}","{""detection_events"":1461865,""detectors_checked"":1483173888}"
    123008,         3,         0,   120.2,exact_mw,fe773c48422346d89ea42b7ea8a90aa3034802874175ef2bfbcd9fbedf677903,"{""distance"":7,""physical_error_rate"":0.001}","{""detection_events"":362810,""detectors_checked"":74050816,""obs_mistake_mask=E"":3}"
   8122368,         0,         0,   119.0,exact_mw,3793e887e6c3b4d5eff59c5eb9bbee88cf92e7a28a48243659e8f8373a61c55f,"{""distance"":7,""physical_error_rate"":5e-05}","{""detection_events"":1207246,""detectors_checked"":4889665536}"
    697344,         1,         0,   120.0,exact_mw,09f626b7d1c8765fd231bc36902f9c5557d3909c4644565b971bdb2bfb186061,"{""distance"":7,""physical_error_rate"":0.0005}","{""detection_events"":1033398,""detectors_checked"":419801088,""obs_mistake_mask=E"":1}"
   7556096,         1,         0,   119.1,exact_mw,894a5a708293b7bd3951925e43ae0371ba83736430ed1970399611b4deb8498b,"{""distance"":7,""physical_error_rate"":0.0001}","{""detection_events"":2240544,""detectors_checked"":4548769792,""obs_mistake_mask=E"":1}"
   7724032,         0,         0,   119.1,exact_mw,894a5a708293b7bd3951925e43ae0371ba83736430ed1970399611b4deb8498b,"{""distance"":7,""physical_error_rate"":0.0001}","{""detection_events"":2291481,""detectors_checked"":4649867264}"
  10099712,         0,         0,   119.0,exact_mw,3793e887e6c3b4d5eff59c5eb9bbee88cf92e7a28a48243659e8f8373a61c55f,"{""distance"":7,""physical_error_rate"":5e-05}","{""detection_events"":1497756,""detectors_checked"":6080026624}"
   1855488,         1,         0,   119.5,exact_mw,a6f040f5268ba168f94c6ccce4ff822b1b844608631bba2e2b8dc7ec85b1e503,"{""distance"":7,""physical_error_rate"":0.0002}","{""detection_events"":1099702,""detectors_checked"":1117003776,""obs_mistake_mask=E"":1}"
    841728,         2,         0,   119.9,exact_mw,09f626b7d1c8765fd231bc36902f9c5557d3909c4644565b971bdb2bfb186061,"{""distance"":7,""physical_error_rate"":0.0005}","{""detection_events"":1245947,""detectors_checked"":506720256,""obs_mistake_mask=E"":2}"
     30848,         5,         0,   120.4,exact_mw,8842ec4fe0f86aba00650008f7f408db45344cfb5a30f76b1f2c0fb50a8d5069,"{""distance"":7,""physical_error_rate"":0.002}","{""detection_events"":182077,""detectors_checked"":18570496,""obs_mistake_mask=E"":5}"
    128512,         1,         0,   120.5,exact_mw,fe773c48422346d89ea42b7ea8a90aa3034802874175ef2bfbcd9fbedf677903,"{""distance"":7,""physical_error_rate"":0.001}","{""detection_events"":381690,""detectors_checked"":77364224,""obs_mistake_mask=E"":1}"
      4236,         9,         0,   120.4,exact_mw,6534c274fb8721060716b040ba5484c43e0fb249b656ad44721a05b8b1f26839,"{""distance"":7,""physical_error_rate"":0.005}","{""detection_events"":60984,""detectors_checked"":2550072,""obs_mistake_mask=E"":9}"
     31744,         2,         0,   120.5,exact_mw,8842ec4fe0f86aba00650008f7f408db45344cfb5a30f76b1f2c0fb50a8d5069,"{""distance"":7,""physical_error_rate"":0.002}","{""detection_events"":186272,""detectors_checked"":19109888,""obs_mistake_mask=E"":2}"
      6400,        10,         0,   120.7,exact_mw,6534c274fb8721060716b040ba5484c43e0fb249b656ad44721a05b8b1f26839,"{""distance"":7,""physical_error_rate"":0.005}","{""detection_events"":92271,""detectors_checked"":3852800,""obs_mistake_mask=E"":10}"
      3624,         6,         0,   120.5,exact_mw,6534c274fb8721060716b040ba5484c43e0fb249b656ad44721a05b8b1f26839,"{""distance"":7,""physical_error_rate"":0.005}","{""detection_events"":52307,""detectors_checked"":2181648,""obs_mistake_mask=E"":6}"
     61120,         2,         0,   120.0,exact_mw,fe773c48422346d89ea42b7ea8a90aa3034802874175ef2bfbcd9fbedf677903,"{""distance"":7,""physical_error_rate"":0.001}","{""detection_events"":180292,""detectors_checked"":36794240,""obs_mistake_mask=E"":2}"
   7983104,         0,         0,   119.0,exact_mw,894a5a708293b7bd3951925e43ae0371ba83736430ed1970399611b4deb8498b,"{""distance"":7,""physical_error_rate"":0.0001}","{""detection_events"":2369945,""detectors_checked"":4805828608}"
   5535744,         1,         0,   119.3,exact_mw,a6f040f5268ba168f94c6ccce4ff822b1b844608631bba2e2b8dc7ec85b1e503,"{""distance"":7,""physical_error_rate"":0.0002}","{""detection_events"":3282144,""detectors_checked"":3332517888,""obs_mistake_mask=E"":1}"
   8139776,         0,         0,   118.9,exact_mw,3793e887e6c3b4d5eff59c5eb9bbee88cf92e7a28a48243659e8f8373a61c55f,"{""distance"":7,""physical_error_rate"":5e-05}","{""detection_events"":1203543,""detectors_checked"":4900145152}"
    842752,         5,         0,   120.0,exact_mw,09f626b7d1c8765fd231bc36902f9c5557d3909c4644565b971bdb2bfb186061,"{""distance"":7,""physical_error_rate"":0.0005}","{""detection_events"":1245723,""detectors_checked"":507336704,""obs_mistake_mask=E"":5}"
   2546688,         0,         0,   119.1,exact_mw,3793e887e6c3b4d5eff59c5eb9bbee88cf92e7a28a48243659e8f8373a61c55f,"{""distance"":7,""physical_error_rate"":5e-05}","{""detection_events"":378423,""detectors_checked"":1533106176}"
   1937408,         0,         0,   119.2,exact_mw,894a5a708293b7bd3951925e43ae0371ba83736430ed1970399611b4deb8498b,"{""distance"":7,""physical_error_rate"":0.0001}","{""detection_events"":574178,""detectors_checked"":1166319616}"
   2138112,         0,         0,   119.3,exact_mw,894a5a708293b7bd3951925e43ae0371ba83736430ed1970399611b4deb8498b,"{""distance"":7,""physical_error_rate"":0.0001}","{""detection_events"":632868,""detectors_checked"":1287143424}"
      4876,        12,         0,   120.2,exact_mw,6534c274fb8721060716b040ba5484c43e0fb249b656ad44721a05b8b1f26839,"{""distance"":7,""physical_error_rate"":0.005}","{""detection_events"":70151,""detectors_checked"":2935352,""obs_mistake_mask=E"":12}"
     28544,         5,         0,   120.1,exact_mw,8842ec4fe0f86aba00650008f7f408db45344cfb5a30f76b1f2c0fb50a8d5069,"{""distance"":7,""physical_error_rate"":0.002}","{""detection_events"":166679,""detectors_checked"":17183488,""obs_mistake_mask=E"":5}"
    142336,         3,         0,   120.3,exact_mw,fe773c48422346d89ea42b7ea8a90aa3034802874175ef2bfbcd9fbedf677903,"{""distance"":7,""physical_error_rate"":0.001}","{""detection_events"":418951,""detectors_checked"":85686272,""obs_mistake_mask=E"":3}"
      2680,         5,         0,   120.6,exact_mw,6534c274fb8721060716b040ba5484c43e0fb249b656ad44721a05b8b1f26839,"{""distance"":7,""physical_error_rate"":0.005}","{""detection_events"":38610,""detectors_checked"":1613360,""obs_mistake_mask=E"":5}"
    105984,         4,         0,   120.8,exact_mw,fe773c48422346d89ea42b7ea8a90aa3034802874175ef2bfbcd9fbedf677903,"{""distance"":7,""physical_error_rate"":0.001}","{""detection_events"":313882,""detectors_checked"":63802368,""obs_mistake_mask=E"":4}"
     76608,         4,         0,   120.8,exact_mw,fe773c48422346d89ea42b7ea8a90aa3034802874175ef2bfbcd9fbedf677903,"{""distance"":7,""physical_error_rate"":0.001}","{""detection_events"":225490,""detectors_checked"":46118016,""obs_mistake_mask=E"":4}"
   4909056,         0,         0,   119.4,exact_mw,a6f040f5268ba168f94c6ccce4ff822b1b844608631bba2e2b8dc7ec85b1e503,"{""distance"":7,""physical_error_rate"":0.0002}","{""detection_events"":2907945,""detectors_checked"":2955251712}"
  10065920,         0,         0,   119.1,exact_mw,3793e887e6c3b4d5eff59c5eb9bbee88cf92e7a28a48243659e8f8373a61c55f,"{""distance"":7,""physical_error_rate"":5e-05}","{""detection_events"":1496153,""detectors_checked"":6059683840}"
   5684224,         2,         0,   119.5,exact_mw,a6f040f5268ba168f94c6ccce4ff822b1b844608631bba2e2b8dc7ec85b1e503,"{""distance"":7,""physical_error_rate"":0.0002}","{""detection_events"":3363326,""detectors_checked"":3421902848,""obs_mistake_mask=E"":2}"
   9008128,         0,         0,   119.2,exact_mw,894a5a708293b7bd3951925e43ae0371ba83736430ed1970399611b4deb8498b,"{""distance"":7,""physical_error_rate"":0.0001}","{""detection_events"":2674529,""detectors_checked"":5422893056}"
    874496,         5,         0,   120.0,exact_mw,09f626b7d1c8765fd231bc36902f9c5557d3909c4644565b971bdb2bfb186061,"{""distance"":7,""physical_error_rate"":0.0005}","{""detection_events"":1293414,""detectors_checked"":526446592,""obs_mistake_mask=E"":5}"
   8237056,         0,         0,   119.1,exact_mw,3793e887e6c3b4d5eff59c5eb9bbee88cf92e7a28a48243659e8f8373a61c55f,"{""distance"":7,""physical_error_rate"":5e-05}","{""detection_events"":1219604,""detectors_checked"":4958707712}"
   3863552,         0,         0,   119.2,exact_mw,a6f040f5268ba168f94c6ccce4ff822b1b844608631bba2e2b8dc7ec85b1e503,"{""distance"":7,""physical_error_rate"":0.0002}","{""detection_events"":2293162,""detectors_checked"":2325858304}"
   9274368,         0,         0,   119.1,exact_mw,3793e887e6c3b4d5eff59c5eb9bbee88cf92e7a28a48243659e8f8373a61c55f,"{""distance"":7,""physical_error_rate"":5e-05}","{""detection_events"":1375807,""detectors_checked"":5583169536}"
   4583424,         1,         0,   119.3,exact_mw,a6f040f5268ba168f94c6ccce4ff822b1b844608631bba2e2b8dc7ec85b1e503,"{""distance"":7,""physical_error_rate"":0.0002}","{""detection_events"":2709412,""detectors_checked"":2759221248,""obs_mistake_mask=E"":1}"
   4087808,         1,         0,   119.1,exact_mw,894a5a708293b7bd3951925e43ae0371ba83736430ed1970399611b4deb8498b,"{""distance"":7,""physical_error_rate"":0.0001}","{""detection_events"":1212095,""detectors_checked"":2460860416,""obs_mistake_mask=E"":1}"
   7644160,         0,         0,   119.2,exact_mw,3793e887e6c3b4d5eff59c5eb9bbee88cf92e7a28a48243659e8f8373a61c55f,"{""distance"":7,""physical_error_rate"":5e-05}","{""detection_events"":1134570,""detectors_checked"":4601784320}"
    811008,         1,         0,   119.9,exact_mw,09f626b7d1c8765fd231bc36902f9c5557d3909c4644565b971bdb2bfb186061,"{""distance"":7,""physical_error_rate"":0.0005}","{""detection_events"":1196563,""detectors_checked"":488226816,""obs_mistake_mask=E"":1}"
    705536,         1,         0,   119.9,exact_mw,09f626b7d1c8765fd231bc36902f9c5557d3909c4644565b971bdb2bfb186061,"{""distance"":7,""physical_error_rate"":0.0005}","{""detection_events"":1042943,""detectors_checked"":424732672,""obs_mistake_mask=E"":1}"
    652288,         2,         0,   119.9,exact_mw,09f626b7d1c8765fd231bc36902f9c5557d3909c4644565b971bdb2bfb186061,"{""distance"":7,""physical_error_rate"":0.0005}","{""detection_events"":961797,""detectors_checked"":392677376,""obs_mistake_mask=E"":2}"
   4760576,         2,         0,   119.2,exact_mw,a6f040f5268ba168f94c6ccce4ff822b1b844608631bba2e2b8dc7ec85b1e503,"{""distance"":7,""physical_error_rate"":0.0002}","{""detection_events"":2823109,""detectors_checked"":2865866752,""obs_mistake_mask=E"":2}"
    499712,         0,         0,   120.1,exact_mw,09f626b7d1c8765fd231bc36902f9c5557d3909c4644565b971bdb2bfb186061,"{""distance"":7,""physical_error_rate"":0.0005}","{""detection_events"":739992,""detectors_checked"":300826624}"
   8139776,         1,         0,   119.0,exact_mw,894a5a708293b7bd3951925e43ae0371ba83736430ed1970399611b4deb8498b,"{""distance"":7,""physical_error_rate"":0.0001}","{""detection_events"":2413794,""detectors_checked"":4900145152,""obs_mistake_mask=E"":1}"
   8286208,         0,         0,   118.9,exact_mw,3793e887e6c3b4d5eff59c5eb9bbee88cf92e7a28a48243659e8f8373a61c55f,"{""distance"":7,""physical_error_rate"":5e-05}","{""detection_events"":1227731,""detectors_checked"":4988297216}"
      7232,        15,         0,   120.0,exact_mw,6534c274fb8721060716b040ba5484c43e0fb249b656ad44721a05b8b1f26839,"{""distance"":7,""physical_error_rate"":0.005}","{""detection_events"":103640,""detectors_checked"":4353664,""obs_mistake_mask=E"":15}"
    148480,         0,         0,   120.7,exact_mw,fe773c48422346d89ea42b7ea8a90aa3034802874175ef2bfbcd9fbedf677903,"{""distance"":7,""physical_error_rate"":0.001}","{""detection_events"":439377,""detectors_checked"":89384960}"
     23520,         2,         0,   120.2,exact_mw,8842ec4fe0f86aba00650008f7f408db45344cfb5a30f76b1f2c0fb50a8d5069,"{""distance"":7,""physical_error_rate"":0.002}","{""detection_events"":137380,""detectors_checked"":14159040,""obs_mistake_mask=E"":2}"
     31872,         6,         0,   120.2,exact_mw,8842ec4fe0f86aba00650008f7f408db45344cfb5a30f76b1f2c0fb50a8d5069,"{""distance"":7,""physical_error_rate"":0.002}","{""detection_events"":184720,""detectors_checked"":19186944,""obs_mistake_mask=E"":6}"
    748544,         1,         0,   120.1,exact_mw,09f626b7d1c8765fd231bc36902f9c5557d3909c4644565b971bdb2bfb186061,"{""distance"":7,""physical_error_rate"":0.0005}","{""detection_events"":1108937,""detectors_checked"":450623488,""obs_mistake_mask=E"":1}"
      6892,        12,         0,   120.5,exact_mw,6534c274fb8721060716b040ba5484c43e0fb249b656ad44721a05b8b1f26839,"{""distance"":7,""physical_error_rate"":0.005}","{""detection_events"":97682,""detectors_checked"":4148984,""obs_mistake_mask=E"":12}"
    125952,         4,         0,   120.2,exact_mw,fe773c48422346d89ea42b7ea8a90aa3034802874175ef2bfbcd9fbedf677903,"{""distance"":7,""physical_error_rate"":0.001}","{""detection_events"":371612,""detectors_checked"":75823104,""obs_mistake_mask=E"":4}"
     29056,         7,         0,   120.2,exact_mw,8842ec4fe0f86aba00650008f7f408db45344cfb5a30f76b1f2c0fb50a8d5069,"{""distance"":7,""physical_error_rate"":0.002}","{""detection_events"":171045,""detectors_checked"":17491712,""obs_mistake_mask=E"":7}"
      7776,        16,         0,   120.2,exact_mw,6534c274fb8721060716b040ba5484c43e0fb249b656ad44721a05b8b1f26839,"{""distance"":7,""physical_error_rate"":0.005}","{""detection_events"":111081,""detectors_checked"":4681152,""obs_mistake_mask=E"":16}"
      6816,        12,         0,   120.4,exact_mw,6534c274fb8721060716b040ba5484c43e0fb249b656ad44721a05b8b1f26839,"{""distance"":7,""physical_error_rate"":0.005}","{""detection_events"":97523,""detectors_checked"":4103232,""obs_mistake_mask=E"":12}"
    140288,         2,         0,   120.5,exact_mw,fe773c48422346d89ea42b7ea8a90aa3034802874175ef2bfbcd9fbedf677903,"{""distance"":7,""physical_error_rate"":0.001}","{""detection_events"":415029,""detectors_checked"":84453376,""obs_mistake_mask=E"":2}"
     17280,         1,         0,   120.4,exact_mw,8842ec4fe0f86aba00650008f7f408db45344cfb5a30f76b1f2c0fb50a8d5069,"{""distance"":7,""physical_error_rate"":0.002}","{""detection_events"":101306,""detectors_checked"":10402560,""obs_mistake_mask=E"":1}"
     18880,         2,         0,   120.4,exact_mw,8842ec4fe0f86aba00650008f7f408db45344cfb5a30f76b1f2c0fb50a8d5069,"{""distance"":7,""physical_error_rate"":0.002}","{""detection_events"":109831,""detectors_checked"":11365760,""obs_mistake_mask=E"":2}"
      7168,        14,         0,   120.2,exact_mw,6534c274fb8721060716b040ba5484c43e0fb249b656ad44721a05b8b1f26839,"{""distance"":7,""physical_error_rate"":0.005}","{""detection_events"":103940,""detectors_checked"":4315136,""obs_mistake_mask=E"":14}"
   4739072,         0,         0,   119.0,exact_mw,894a5a708293b7bd3951925e43ae0371ba83736430ed1970399611b4deb8498b,"{""distance"":7,""physical_error_rate"":0.0001}","{""detection_events"":1404593,""detectors_checked"":2852921344}"
   4867072,         3,         0,   119.5,exact_mw,a6f040f5268ba168f94c6ccce4ff822b1b844608631bba2e2b8dc7ec85b1e503,"{""distance"":7,""physical_error_rate"":0.0002}","{""detection_events"":2889806,""detectors_checked"":2929977344,""obs_mistake_mask=E"":3}"
     25728,         7,         0,   120.4,exact_mw,8842ec4fe0f86aba00650008f7f408db45344cfb5a30f76b1f2c0fb50a8d5069,"{""distance"":7,""physical_error_rate"":0.002}","{""detection_events"":150735,""detectors_checked"":15488256,""obs_mistake_mask=E"":7}"
   4560896,         2,         0,   119.2,exact_mw,a6f040f5268ba168f94c6ccce4ff822b1b844608631bba2e2b8dc7ec85b1e503,"{""distance"":7,""physical_error_rate"":0.0002}","{""detection_events"":2700360,""detectors_checked"":2745659392,""obs_mistake_mask=E"":2}"
     83456,         2,         0,   120.2,exact_mw,fe773c48422346d89ea42b7ea8a90aa3034802874175ef2bfbcd9fbedf677903,"{""distance"":7,""physical_error_rate"":0.001}","{""detection_events"":245960,""detectors_checked"":50240512,""obs_mistake_mask=E"":2}"
   6574080,         0,         0,   119.1,exact_mw,3793e887e6c3b4d5eff59c5eb9bbee88cf92e7a28a48243659e8f8373a61c55f,"{""distance"":7,""physical_error_rate"":5e-05}","{""detection_events"":976482,""detectors_checked"":3957596160}"
   4663296,         0,         0,   118.9,exact_mw,894a5a708293b7bd3951925e43ae0371ba83736430ed1970399611b4deb8498b,"{""distance"":7,""physical_error_rate"":0.0001}","{""detection_events"":1380769,""detectors_checked"":2807304192}"
    777216,         1,         0,   120.0,exact_mw,09f626b7d1c8765fd231bc36902f9c5557d3909c4644565b971bdb2bfb186061,"{""distance"":7,""physical_error_rate"":0.0005}","{""detection_events"":1147400,""detectors_checked"":467884032,""obs_mistake_mask=E"":1}"
   7727104,         0,         0,   119.0,exact_mw,894a5a708293b7bd3951925e43ae0371ba83736430ed1970399611b4deb8498b,"{""distance"":7,""physical_error_rate"":0.0001}","{""detection_events"":2292188,""detectors_checked"":4651716608}"
   9725952,         0,         0,   118.9,exact_mw,3793e887e6c3b4d5eff59c5eb9bbee88cf92e7a28a48243659e8f8373a61c55f,"{""distance"":7,""physical_error_rate"":5e-05}","{""detection_events"":1439526,""detectors_checked"":5855023104}"
   2826240,         2,         0,   119.4,exact_mw,a6f040f5268ba168f94c6ccce4ff822b1b844608631bba2e2b8dc7ec85b1e503,"{""distance"":7,""physical_error_rate"":0.0002}","{""detection_events"":1679449,""detectors_checked"":1701396480,""obs_mistake_mask=E"":2}"
    551936,         0,         0,   120.0,exact_mw,09f626b7d1c8765fd231bc36902f9c5557d3909c4644565b971bdb2bfb186061,"{""distance"":7,""physical_error_rate"":0.0005}","{""detection_events"":817105,""detectors_checked"":332265472}"
     28288,         9,         0,   120.5,exact_mw,8842ec4fe0f86aba00650008f7f408db45344cfb5a30f76b1f2c0fb50a8d5069,"{""distance"":7,""physical_error_rate"":0.002}","{""detection_events"":165486,""detectors_checked"":17029376,""obs_mistake_mask=E"":9}"
    138752,         3,         0,   120.0,exact_mw,fe773c48422346d89ea42b7ea8a90aa3034802874175ef2bfbcd9fbedf677903,"{""distance"":7,""physical_error_rate"":0.001}","{""detection_events"":409269,""detectors_checked"":83528704,""obs_mistake_mask=E"":3}"
      5592,        11,         0,   120.4,exact_mw,6534c274fb8721060716b040ba5484c43e0fb249b656ad44721a05b8b1f26839,"{""distance"":7,""physical_error_rate"":0.005}","{""detection_events"":80021,""detectors_checked"":3366384,""obs_mistake_mask=E"":11}"
     28544,         6,         0,   120.5,exact_mw,8842ec4fe0f86aba00650008f7f408db45344cfb5a30f76b1f2c0fb50a8d5069,"{""distance"":7,""physical_error_rate"":0.002}","{""detection_events"":167321,""detectors_checked"":17183488,""obs_mistake_mask=E"":6}"
      1936,         1,         0,   120.0,exact_mw,6534c274fb8721060716b040ba5484c43e0fb249b656ad44721a05b8b1f26839,"{""distance"":7,""physical_error_rate"":0.005}","{""detection_events"":27494,""detectors_checked"":1165472,""obs_mistake_mask=E"":1}"
      7296,        13,         0,   120.1,exact_mw,6534c274fb8721060716b040ba5484c43e0fb249b656ad44721a05b8b1f26839,"{""distance"":7,""physical_error_rate"":0.005}","{""detection_events"":105461,""detectors_checked"":4392192,""obs_mistake_mask=E"":13}"
    103424,         4,         0,   120.7,exact_mw,fe773c48422346d89ea42b7ea8a90aa3034802874175ef2bfbcd9fbedf677903,"{""distance"":7,""physical_error_rate"":0.001}","{""detection_events"":304341,""detectors_checked"":62261248,""obs_mistake_mask=E"":4}"
   8318976,         1,         0,   119.1,exact_mw,894a5a708293b7bd3951925e43ae0371ba83736430ed1970399611b4deb8498b,"{""distance"":7,""physical_error_rate"":0.0001}","{""detection_events"":2471892,""detectors_checked"":5008023552,""obs_mistake_mask=E"":1}"
   3914752,         2,         0,   119.4,exact_mw,a6f040f5268ba168f94c6ccce4ff822b1b844608631bba2e2b8dc7ec85b1e503,"{""distance"":7,""physical_error_rate"":0.0002}","{""detection_events"":2318029,""detectors_checked"":2356680704,""obs_mistake_mask=E"":2}"
   8564736,         0,         0,   119.0,exact_mw,3793e887e6c3b4d5eff59c5eb9bbee88cf92e7a28a48243659e8f8373a61c55f,"{""distance"":7,""physical_error_rate"":5e-05}","{""detection_events"":1268780,""detectors_checked"":5155971072}"
   6603776,         1,         0,   118.7,exact_mw,3793e887e6c3b4d5eff59c5eb9bbee88cf92e7a28a48243659e8f8373a61c55f,"{""distance"":7,""physical_error_rate"":5e-05}","{""detection_events"":979612,""detectors_checked"":3975473152,""obs_mistake_mask=E"":1}"
    719872,         2,         0,   120.0,exact_mw,09f626b7d1c8765fd231bc36902f9c5557d3909c4644565b971bdb2bfb186061,"{""distance"":7,""physical_error_rate"":0.0005}","{""detection_events"":1066298,""detectors_checked"":433362944,""obs_mistake_mask=E"":2}"
   1840128,         0,         0,   119.4,exact_mw,894a5a708293b7bd3951925e43ae0371ba83736430ed1970399611b4deb8498b,"{""distance"":7,""physical_error_rate"":0.0001}","{""detection_events"":546735,""detectors_checked"":1107757056}"
   6430720,         1,         0,   118.9,exact_mw,894a5a708293b7bd3951925e43ae0371ba83736430ed1970399611b4deb8498b,"{""distance"":7,""physical_error_rate"":0.0001}","{""detection_events"":1913882,""detectors_checked"":3871293440,""obs_mistake_mask=E"":1}"
      6320,        15,         0,   121.0,exact_mw,6534c274fb8721060716b040ba5484c43e0fb249b656ad44721a05b8b1f26839,"{""distance"":7,""physical_error_rate"":0.005}","{""detection_events"":91040,""detectors_checked"":3804640,""obs_mistake_mask=E"":15}"
     28672,         9,         0,   120.4,exact_mw,8842ec4fe0f86aba00650008f7f408db45344cfb5a30f76b1f2c0fb50a8d5069,"{""distance"":7,""physical_error_rate"":0.002}","{""detection_events"":169354,""detectors_checked"":17260544,""obs_mistake_mask=E"":9}"
    137728,         3,         0,   120.1,exact_mw,fe773c48422346d89ea42b7ea8a90aa3034802874175ef2bfbcd9fbedf677903,"{""distance"":7,""physical_error_rate"":0.001}","{""detection_events"":405550,""detectors_checked"":82912256,""obs_mistake_mask=E"":3}"
      6464,         9,         0,   120.0,exact_mw,6534c274fb8721060716b040ba5484c43e0fb249b656ad44721a05b8b1f26839,"{""distance"":7,""physical_error_rate"":0.005}","{""detection_events"":93265,""detectors_checked"":3891328,""obs_mistake_mask=E"":9}"
      3936,         5,         0,    69.2,exact_mw,6534c274fb8721060716b040ba5484c43e0fb249b656ad44721a05b8b1f26839,"{""distance"":7,""physical_error_rate"":0.005}","{""detection_events"":56461,""detectors_checked"":2369472,""obs_mistake_mask=E"":5}"
      4832,         9,         0,    76.6,exact_mw,6534c274fb8721060716b040ba5484c43e0fb249b656ad44721a05b8b1f26839,"{""distance"":7,""physical_error_rate"":0.005}","{""detection_events"":69180,""detectors_checked"":2908864,""obs_mistake_mask=E"":9}"
       208,         0,         0,    21.3,exact_mw,6534c274fb8721060716b040ba5484c43e0fb249b656ad44721a05b8b1f26839,"{""distance"":7,""physical_error_rate"":0.005}","{""detection_events"":3102,""detectors_checked"":125216}"
       248,         1,         0,    22.7,exact_mw,6534c274fb8721060716b040ba5484c43e0fb249b656ad44721a05b8b1f26839,"{""distance"":7,""physical_error_rate"":0.005}","{""detection_events"":3282,""detectors_checked"":149296,""obs_mistake_mask=E"":1}"
       544,         2,         0,    19.1,exact_mw,6534c274fb8721060716b040ba5484c43e0fb249b656ad44721a05b8b1f26839,"{""distance"":7,""physical_error_rate"":0.005}","{""detection_events"":7878,""detectors_checked"":327488,""obs_mistake_mask=E"":2}"
      4192,         6,         0,    79.1,exact_mw,6534c274fb8721060716b040ba5484c43e0fb249b656ad44721a05b8b1f26839,"{""distance"":7,""physical_error_rate"":0.005}","{""detection_events"":60074,""detectors_checked"":2523584,""obs_mistake_mask=E"":6}"
       128,         1,         0,    1.83,exact_mw,6534c274fb8721060716b040ba5484c43e0fb249b656ad44721a05b8b1f26839,"{""distance"":7,""physical_error_rate"":0.005}","{""detection_events"":1730,""detectors_checked"":77056,""obs_mistake_mask=E"":1}"
        32,         0,         0,   0.457,exact_mw,6534c274fb8721060716b040ba5484c43e0fb249b656ad44721a05b8b1f26839,"{""distance"":7,""physical_error_rate"":0.005}","{""detection_events"":507,""detectors_checked"":19264}"
      4672,        11,         0,    75.0,exact_mw,6534c274fb8721060716b040ba5484c43e0fb249b656ad44721a05b8b1f26839,"{""distance"":7,""physical_error_rate"":0.005}","{""detection_events"":66891,""detectors_checked"":2812544,""obs_mistake_mask=E"":11}"
      5056,        11,         0,    73.8,exact_mw,6534c274fb8721060716b040ba5484c43e0fb249b656ad44721a05b8b1f26839,"{""distance"":7,""physical_error_rate"":0.005}","{""detection_events"":72410,""detectors_checked"":3043712,""obs_mistake_mask=E"":11}"
     79744,         0,         0,   120.7,exact_mw,fe773c48422346d89ea42b7ea8a90aa3034802874175ef2bfbcd9fbedf677903,"{""distance"":7,""physical_error_rate"":0.001}","{""detection_events"":235387,""detectors_checked"":48005888}"
    132096,         4,         0,   120.7,exact_mw,fe773c48422346d89ea42b7ea8a90aa3034802874175ef2bfbcd9fbedf677903,"{""distance"":7,""physical_error_rate"":0.001}","{""detection_events"":390000,""detectors_checked"":79521792,""obs_mistake_mask=E"":4}"
         1,         0,         0,   0.001,exact_mw,fe773c48422346d89ea42b7ea8a90aa3034802874175ef2bfbcd9fbedf677903,"{""distance"":7,""physical_error_rate"":0.001}","{""detection_events"":9,""detectors_checked"":602}"
       272,         0,         0,   0.187,exact_mw,fe773c48422346d89ea42b7ea8a90aa3034802874175ef2bfbcd9fbedf677903,"{""distance"":7,""physical_error_rate"":0.001}","{""detection_events"":826,""detectors_checked"":163744}"
       273,         0,         0,   0.028,exact_mw,09f626b7d1c8765fd231bc36902f9c5557d3909c4644565b971bdb2bfb186061,"{""distance"":7,""physical_error_rate"":0.0005}","{""detection_events"":406,""detectors_checked"":164346}"
       512,         0,         0,   0.394,exact_mw,fe773c48422346d89ea42b7ea8a90aa3034802874175ef2bfbcd9fbedf677903,"{""distance"":7,""physical_error_rate"":0.001}","{""detection_events"":1647,""detectors_checked"":308224}"
      1024,         0,         0,   0.164,exact_mw,09f626b7d1c8765fd231bc36902f9c5557d3909c4644565b971bdb2bfb186061,"{""distance"":7,""physical_error_rate"":0.0005}","{""detection_events"":1622,""detectors_checked"":616448}"
      1024,         0,         0,   0.146,exact_mw,09f626b7d1c8765fd231bc36902f9c5557d3909c4644565b971bdb2bfb186061,"{""distance"":7,""physical_error_rate"":0.0005}","{""detection_events"":1625,""detectors_checked"":616448}"
       512,         0,         0,   0.295,exact_mw,fe773c48422346d89ea42b7ea8a90aa3034802874175ef2bfbcd9fbedf677903,"{""distance"":7,""physical_error_rate"":0.001}","{""detection_events"":1447,""detectors_checked"":308224}"
      1024,         0,         0,   0.111,exact_mw,09f626b7d1c8765fd231bc36902f9c5557d3909c4644565b971bdb2bfb186061,"{""distance"":7,""physical_error_rate"":0.0005}","{""detection_events"":1404,""detectors_checked"":616448}"
      1024,         0,         0,   0.196,exact_mw,09f626b7d1c8765fd231bc36902f9c5557d3909c4644565b971bdb2bfb186061,"{""distance"":7,""physical_error_rate"":0.0005}","{""detection_events"":1547,""detectors_checked"":616448}"
      1024,         0,         0,   0.107,exact_mw,09f626b7d1c8765fd231bc36902f9c5557d3909c4644565b971bdb2bfb186061,"{""distance"":7,""physical_error_rate"":0.0005}","{""detection_events"":1442,""detectors_checked"":616448}"
      1024,         0,         0,   0.162,exact_mw,09f626b7d1c8765fd231bc36902f9c5557d3909c4644565b971bdb2bfb186061,"{""distance"":7,""physical_error_rate"":0.0005}","{""detection_events"":1451,""detectors_checked"":616448}"
      1024,         0,         0,   0.110,exact_mw,09f626b7d1c8765fd231bc36902f9c5557d3909c4644565b971bdb2bfb186061,"{""distance"":7,""physical_error_rate"":0.0005}","{""detection_events"":1572,""detectors_checked"":616448}"
      1024,         0,         0,   0.702,exact_mw,fe773c48422346d89ea42b7ea8a90aa3034802874175ef2bfbcd9fbedf677903,"{""distance"":7,""physical_error_rate"":0.001}","{""detection_events"":2909,""detectors_checked"":616448}"
      1024,         0,         0,   0.135,exact_mw,09f626b7d1c8765fd231bc36902f9c5557d3909c4644565b971bdb2bfb186061,"{""distance"":7,""physical_error_rate"":0.0005}","{""detection_events"":1586,""detectors_checked"":616448}"
      1024,         0,         0,   0.215,exact_mw,09f626b7d1c8765fd231bc36902f9c5557d3909c4644565b971bdb2bfb186061,"{""distance"":7,""physical_error_rate"":0.0005}","{""detection_events"":1576,""detectors_checked"":616448}"
      2048,         0,         0,   0.344,exact_mw,09f626b7d1c8765fd231bc36902f9c5557d3909c4644565b971bdb2bfb186061,"{""distance"":7,""physical_error_rate"":0.0005}","{""detection_events"":2956,""detectors_checked"":1232896}"
      1024,         0,         0,   0.944,exact_mw,fe773c48422346d89ea42b7ea8a90aa3034802874175ef2bfbcd9fbedf677903,"{""distance"":7,""physical_error_rate"":0.001}","{""detection_events"":3030,""detectors_checked"":616448}"
         1,         0,         0,   0.001,exact_mw,fe773c48422346d89ea42b7ea8a90aa3034802874175ef2bfbcd9fbedf677903,"{""distance"":7,""physical_error_rate"":0.001}","{""detection_events"":2,""detectors_checked"":602}"
      4096,         0,         0,   0.474,exact_mw,09f626b7d1c8765fd231bc36902f9c5557d3909c4644565b971bdb2bfb186061,"{""distance"":7,""physical_error_rate"":0.0005}","{""detection_events"":5963,""detectors_checked"":2465792}"
       272,         0,         0,   0.119,exact_mw,fe773c48422346d89ea42b7ea8a90aa3034802874175ef2bfbcd9fbedf677903,"{""distance"":7,""physical_error_rate"":0.001}","{""detection_events"":726,""detectors_checked"":163744}"
      5120,         0,         0,   0.684,exact_mw,09f626b7d1c8765fd231bc36902f9c5557d3909c4644565b971bdb2bfb186061,"{""distance"":7,""physical_error_rate"":0.0005}","{""detection_events"":7867,""detectors_checked"":3082240}"
      1024,         0,         0,   0.876,exact_mw,fe773c48422346d89ea42b7ea8a90aa3034802874175ef2bfbcd9fbedf677903,"{""distance"":7,""physical_error_rate"":0.001}","{""detection_events"":2991,""detectors_checked"":616448}"
      1024,         0,         0,   0.807,exact_mw,fe773c48422346d89ea42b7ea8a90aa3034802874175ef2bfbcd9fbedf677903,"{""distance"":7,""physical_error_rate"":0.001}","{""detection_events"":3059,""detectors_checked"":616448}"
      2321,         0,         0,   0.026,exact_mw,3793e887e6c3b4d5eff59c5eb9bbee88cf92e7a28a48243659e8f8373a61c55f,"{""distance"":7,""physical_error_rate"":5e-05}","{""detection_events"":359,""detectors_checked"":1397242}"
      1024,         0,         0,   0.019,exact_mw,3793e887e6c3b4d5eff59c5eb9bbee88cf92e7a28a48243659e8f8373a61c55f,"{""distance"":7,""physical_error_rate"":5e-05}","{""detection_events"":130,""detectors_checked"":616448}"
      3072,         0,         0,   0.023,exact_mw,3793e887e6c3b4d5eff59c5eb9bbee88cf92e7a28a48243659e8f8373a61c55f,"{""distance"":7,""physical_error_rate"":5e-05}","{""detection_events"":415,""detectors_checked"":1849344}"
      3072,         0,         0,   0.032,exact_mw,3793e887e6c3b4d5eff59c5eb9bbee88cf92e7a28a48243659e8f8373a61c55f,"{""distance"":7,""physical_error_rate"":5e-05}","{""detection_events"":469,""detectors_checked"":1849344}"
      5120,         0,         0,   0.064,exact_mw,3793e887e6c3b4d5eff59c5eb9bbee88cf92e7a28a48243659e8f8373a61c55f,"{""distance"":7,""physical_error_rate"":5e-05}","{""detection_events"":713,""detectors_checked"":3082240}"
      5120,         0,         0,   0.056,exact_mw,3793e887e6c3b4d5eff59c5eb9bbee88cf92e7a28a48243659e8f8373a61c55f,"{""distance"":7,""physical_error_rate"":5e-05}","{""detection_events"":736,""detectors_checked"":3082240}"
      6144,         0,         0,   0.063,exact_mw,3793e887e6c3b4d5eff59c5eb9bbee88cf92e7a28a48243659e8f8373a61c55f,"{""distance"":7,""physical_error_rate"":5e-05}","{""detection_events"":965,""detectors_checked"":3698688}"
         1,         0,         0,   0.055,exact_mw,8842ec4fe0f86aba00650008f7f408db45344cfb5a30f76b1f2c0fb50a8d5069,"{""distance"":7,""physical_error_rate"":0.002}","{""detection_events"":13,""detectors_checked"":602}"
      8192,         0,         0,   0.097,exact_mw,3793e887e6c3b4d5eff59c5eb9bbee88cf92e7a28a48243659e8f8373a61c55f,"{""distance"":7,""physical_error_rate"":5e-05}","{""detection_events"":1097,""detectors_checked"":4931584}"
       273,         0,         0,   0.024,exact_mw,a6f040f5268ba168f94c6ccce4ff822b1b844608631bba2e2b8dc7ec85b1e503,"{""distance"":7,""physical_error_rate"":0.0002}","{""detection_events"":189,""detectors_checked"":164346}"
      1024,         0,         0,   0.031,exact_mw,a6f040f5268ba168f94c6ccce4ff822b1b844608631bba2e2b8dc7ec85b1e503,"{""distance"":7,""physical_error_rate"":0.0002}","{""detection_events"":599,""detectors_checked"":616448}"
      1024,         0,         0,   0.052,exact_mw,a6f040f5268ba168f94c6ccce4ff822b1b844608631bba2e2b8dc7ec85b1e503,"{""distance"":7,""physical_error_rate"":0.0002}","{""detection_events"":604,""detectors_checked"":616448}"
     12288,         0,         0,   0.150,exact_mw,3793e887e6c3b4d5eff59c5eb9bbee88cf92e7a28a48243659e8f8373a61c55f,"{""distance"":7,""physical_error_rate"":5e-05}","{""detection_events"":1778,""detectors_checked"":7397376}"
      1024,         0,         0,   0.033,exact_mw,a6f040f5268ba168f94c6ccce4ff822b1b844608631bba2e2b8dc7ec85b1e503,"{""distance"":7,""physical_error_rate"":0.0002}","{""detection_events"":486,""detectors_checked"":616448}"
      1024,         0,         0,   0.839,exact_mw,fe773c48422346d89ea42b7ea8a90aa3034802874175ef2bfbcd9fbedf677903,"{""distance"":7,""physical_error_rate"":0.001}","{""detection_events"":3075,""detectors_checked"":616448}"
      6144,         0,         0,   0.858,exact_mw,09f626b7d1c8765fd231bc36902f9c5557d3909c4644565b971bdb2bfb186061,"{""distance"":7,""physical_error_rate"":0.0005}","{""detection_events"":9216,""detectors_checked"":3698688}"
      2048,         0,         0,   0.061,exact_mw,a6f040f5268ba168f94c6ccce4ff822b1b844608631bba2e2b8dc7ec85b1e503,"{""distance"":7,""physical_error_rate"":0.0002}","{""detection_events"":1239,""detectors_checked"":1232896}"
      1024,         0,         0,   0.722,exact_mw,fe773c48422346d89ea42b7ea8a90aa3034802874175ef2bfbcd9fbedf677903,"{""distance"":7,""physical_error_rate"":0.001}","{""detection_events"":3027,""detectors_checked"":616448}"
        17,         0,         0,   0.133,exact_mw,8842ec4fe0f86aba00650008f7f408db45344cfb5a30f76b1f2c0fb50a8d5069,"{""distance"":7,""physical_error_rate"":0.002}","{""detection_events"":121,""detectors_checked"":10234}"
      2048,         0,         0,   0.085,exact_mw,a6f040f5268ba168f94c6ccce4ff822b1b844608631bba2e2b8dc7ec85b1e503,"{""distance"":7,""physical_error_rate"":0.0002}","{""detection_events"":1231,""detectors_checked"":1232896}"
     17408,         0,         0,   0.198,exact_mw,3793e887e6c3b4d5eff59c5eb9bbee88cf92e7a28a48243659e8f8373a61c55f,"{""distance"":7,""physical_error_rate"":5e-05}","{""detection_events"":2611,""detectors_checked"":10479616}"
      2048,         0,         0,   0.084,exact_mw,a6f040f5268ba168f94c6ccce4ff822b1b844608631bba2e2b8dc7ec85b1e503,"{""distance"":7,""physical_error_rate"":0.0002}","{""detection_events"":1228,""detectors_checked"":1232896}"
        64,         0,         0,   0.144,exact_mw,8842ec4fe0f86aba00650008f7f408db45344cfb5a30f76b1f2c0fb50a8d5069,"{""distance"":7,""physical_error_rate"":0.002}","{""detection_events"":339,""detectors_checked"":38528}"
      3072,         0,         0,   0.139,exact_mw,a6f040f5268ba168f94c6ccce4ff822b1b844608631bba2e2b8dc7ec85b1e503,"{""distance"":7,""physical_error_rate"":0.0002}","{""detection_events"":1713,""detectors_checked"":1849344}"
     24576,         0,         0,   0.291,exact_mw,3793e887e6c3b4d5eff59c5eb9bbee88cf92e7a28a48243659e8f8373a61c55f,"{""distance"":7,""physical_error_rate"":5e-05}","{""detection_events"":3487,""detectors_checked"":14794752}"
      3072,         0,         0,   0.197,exact_mw,a6f040f5268ba168f94c6ccce4ff822b1b844608631bba2e2b8dc7ec85b1e503,"{""distance"":7,""physical_error_rate"":0.0002}","{""detection_events"":1707,""detectors_checked"":1849344}"
       273,         0,         0,   0.021,exact_mw,a6f040f5268ba168f94c6ccce4ff822b1b844608631bba2e2b8dc7ec85b1e503,"{""distance"":7,""physical_error_rate"":0.0002}","{""detection_events"":175,""detectors_checked"":164346}"
      1024,         0,         0,   0.028,exact_mw,a6f040f5268ba168f94c6ccce4ff822b1b844608631bba2e2b8dc7ec85b1e503,"{""distance"":7,""physical_error_rate"":0.0002}","{""detection_events"":607,""detectors_checked"":616448}"
      1024,         0,         0,   0.033,exact_mw,a6f040f5268ba168f94c6ccce4ff822b1b844608631bba2e2b8dc7ec85b1e503,"{""distance"":7,""physical_error_rate"":0.0002}","{""detection_events"":570,""detectors_checked"":616448}"
      1024,         0,         0,   0.752,exact_mw,fe773c48422346d89ea42b7ea8a90aa3034802874175ef2bfbcd9fbedf677903,"{""distance"":7,""physical_error_rate"":0.001}","{""detection_events"":3070,""detectors_checked"":616448}"
      1024,         0,         0,   0.032,exact_mw,a6f040f5268ba168f94c6ccce4ff822b1b844608631bba2e2b8dc7ec85b1e503,"{""distance"":7,""physical_error_rate"":0.0002}","{""detection_events"":615,""detectors_checked"":616448}"
      4096,         0,         0,   0.221,exact_mw,a6f040f5268ba168f94c6ccce4ff822b1b844608631bba2e2b8dc7ec85b1e503,"{""distance"":7,""physical_error_rate"":0.0002}","{""detection_events"":2416,""detectors_checked"":2465792}"
      2048,         0,         0,   0.037,exact_mw,a6f040f5268ba168f94c6ccce4ff822b1b844608631bba2e2b8dc7ec85b1e503,"{""distance"":7,""physical_error_rate"":0.0002}","{""detection_events"":1362,""detectors_checked"":1232896}"
       136,         0,         0,    1.02,exact_mw,8842ec4fe0f86aba00650008f7f408db45344cfb5a30f76b1f2c0fb50a8d5069,"{""distance"":7,""physical_error_rate"":0.002}","{""detection_events"":847,""detectors_checked"":81872}"
      2048,         0,         0,   0.085,exact_mw,a6f040f5268ba168f94c6ccce4ff822b1b844608631bba2e2b8dc7ec85b1e503,"{""distance"":7,""physical_error_rate"":0.0002}","{""detection_events"":1333,""detectors_checked"":1232896}"
     32768,         0,         0,   0.421,exact_mw,3793e887e6c3b4d5eff59c5eb9bbee88cf92e7a28a48243659e8f8373a61c55f,"{""distance"":7,""physical_error_rate"":5e-05}","{""detection_events"":5094,""detectors_checked"":19726336}"
       256,         0,         0,   0.747,exact_mw,8842ec4fe0f86aba00650008f7f408db45344cfb5a30f76b1f2c0fb50a8d5069,"{""distance"":7,""physical_error_rate"":0.002}","{""detection_events"":1423,""detectors_checked"":154112}"
      2048,         0,         0,   0.087,exact_mw,a6f040f5268ba168f94c6ccce4ff822b1b844608631bba2e2b8dc7ec85b1e503,"{""distance"":7,""physical_error_rate"":0.0002}","{""detection_events"":1281,""detectors_checked"":1232896}"
      6144,         0,         0,   0.329,exact_mw,a6f040f5268ba168f94c6ccce4ff822b1b844608631bba2e2b8dc7ec85b1e503,"{""distance"":7,""physical_error_rate"":0.0002}","{""detection_events"":3684,""detectors_checked"":3698688}"
      4096,         0,         0,   0.136,exact_mw,a6f040f5268ba168f94c6ccce4ff822b1b844608631bba2e2b8dc7ec85b1e503,"{""distance"":7,""physical_error_rate"":0.0002}","{""detection_events"":2518,""detectors_checked"":2465792}"
      1024,         0,         0,    1.08,exact_mw,fe773c48422346d89ea42b7ea8a90aa3034802874175ef2bfbcd9fbedf677903,"{""distance"":7,""physical_error_rate"":0.001}","{""detection_events"":3211,""detectors_checked"":616448}"
      8192,         0,         0,    1.14,exact_mw,09f626b7d1c8765fd231bc36902f9c5557d3909c4644565b971bdb2bfb186061,"{""distance"":7,""physical_error_rate"":0.0005}","{""detection_events"":11880,""detectors_checked"":4931584}"
      4096,         0,         0,   0.162,exact_mw,a6f040f5268ba168f94c6ccce4ff822b1b844608631bba2e2b8dc7ec85b1e503,"{""distance"":7,""physical_error_rate"":0.0002}","{""detection_events"":2432,""detectors_checked"":2465792}"
     48128,         0,         0,   0.566,exact_mw,3793e887e6c3b4d5eff59c5eb9bbee88cf92e7a28a48243659e8f8373a61c55f,"{""distance"":7,""physical_error_rate"":5e-05}","{""detection_events"":7200,""detectors_checked"":28973056}"
      9216,         0,         0,   0.424,exact_mw,a6f040f5268ba168f94c6ccce4ff822b1b844608631bba2e2b8dc7ec85b1e503,"{""distance"":7,""physical_error_rate"":0.0002}","{""detection_events"":5273,""detectors_checked"":5548032}"
      6144,         0,         0,   0.274,exact_mw,a6f040f5268ba168f94c6ccce4ff822b1b844608631bba2e2b8dc7ec85b1e503,"{""distance"":7,""physical_error_rate"":0.0002}","{""detection_events"":3783,""detectors_checked"":3698688}"
       128,         0,         0,   0.871,exact_mw,8842ec4fe0f86aba00650008f7f408db45344cfb5a30f76b1f2c0fb50a8d5069,"{""distance"":7,""physical_error_rate"":0.002}","{""detection_events"":752,""detectors_checked"":77056}"
      1024,         0,         0,   0.996,exact_mw,fe773c48422346d89ea42b7ea8a90aa3034802874175ef2bfbcd9fbedf677903,"{""distance"":7,""physical_error_rate"":0.001}","{""detection_events"":3031,""detectors_checked"":616448}"
      5120,         0,         0,   0.317,exact_mw,a6f040f5268ba168f94c6ccce4ff822b1b844608631bba2e2b8dc7ec85b1e503,"{""distance"":7,""physical_error_rate"":0.0002}","{""detection_events"":3104,""detectors_checked"":3082240}"
      1024,         0,         0,   0.766,exact_mw,fe773c48422346d89ea42b7ea8a90aa3034802874175ef2bfbcd9fbedf677903,"{""distance"":7,""physical_error_rate"":0.001}","{""detection_events"":2827,""detectors_checked"":616448}"
       273,         0,         0,   0.083,exact_mw,09f626b7d1c8765fd231bc36902f9c5557d3909c4644565b971bdb2bfb186061,"{""distance"":7,""physical_error_rate"":0.0005}","{""detection_events"":375,""detectors_checked"":164346}"
     13312,         0,         0,   0.591,exact_mw,a6f040f5268ba168f94c6ccce4ff822b1b844608631bba2e2b8dc7ec85b1e503,"{""distance"":7,""physical_error_rate"":0.0002}","{""detection_events"":7905,""detectors_checked"":8013824}"
       256,         0,         0,    1.21,exact_mw,8842ec4fe0f86aba00650008f7f408db45344cfb5a30f76b1f2c0fb50a8d5069,"{""distance"":7,""physical_error_rate"":0.002}","{""detection_events"":1548,""detectors_checked"":154112}"
     64512,         0,         0,   0.781,exact_mw,3793e887e6c3b4d5eff59c5eb9bbee88cf92e7a28a48243659e8f8373a61c55f,"{""distance"":7,""physical_error_rate"":5e-05}","{""detection_events"":9735,""detectors_checked"":38836224}"
     12288,         0,         0,   0.411,exact_mw,a6f040f5268ba168f94c6ccce4ff822b1b844608631bba2e2b8dc7ec85b1e503,"{""distance"":7,""physical_error_rate"":0.0002}","{""detection_events"":7164,""detectors_checked"":7397376}"
      1024,         0,         0,   0.332,exact_mw,09f626b7d1c8765fd231bc36902f9c5557d3909c4644565b971bdb2bfb186061,"{""distance"":7,""physical_error_rate"":0.0005}","{""detection_events"":1476,""detectors_checked"":616448}"
      1024,         0,         0,   0.842,exact_mw,fe773c48422346d89ea42b7ea8a90aa3034802874175ef2bfbcd9fbedf677903,"{""distance"":7,""physical_error_rate"":0.001}","{""detection_events"":3006,""detectors_checked"":616448}"
       273,         0,         0,   0.021,exact_mw,894a5a708293b7bd3951925e43ae0371ba83736430ed1970399611b4deb8498b,"{""distance"":7,""physical_error_rate"":0.0001}","{""detection_events"":56,""detectors_checked"":164346}"
      1024,         0,         0,   0.276,exact_mw,09f626b7d1c8765fd231bc36902f9c5557d3909c4644565b971bdb2bfb186061,"{""distance"":7,""physical_error_rate"":0.0005}","{""detection_events"":1500,""detectors_checked"":616448}"
      1024,         0,         0,   0.796,exact_mw,fe773c48422346d89ea42b7ea8a90aa3034802874175ef2bfbcd9fbedf677903,"{""distance"":7,""physical_error_rate"":0.001}","{""detection_events"":3140,""detectors_checked"":616448}"
      2048,         0,         0,   0.031,exact_mw,894a5a708293b7bd3951925e43ae0371ba83736430ed1970399611b4deb8498b,"{""distance"":7,""physical_error_rate"":0.0001}","{""detection_events"":592,""detectors_checked"":1232896}"
     11264,         0,         0,    1.57,exact_mw,09f626b7d1c8765fd231bc36902f9c5557d3909c4644565b971bdb2bfb186061,"{""distance"":7,""physical_error_rate"":0.0005}","{""detection_events"":16375,""detectors_checked"":6780928}"
      1024,         0,         0,   0.026,exact_mw,894a5a708293b7bd3951925e43ae0371ba83736430ed1970399611b4deb8498b,"{""distance"":7,""physical_error_rate"":0.0001}","{""detection_events"":272,""detectors_checked"":616448}"
       128,         0,         0,    1.04,exact_mw,8842ec4fe0f86aba00650008f7f408db45344cfb5a30f76b1f2c0fb50a8d5069,"{""distance"":7,""physical_error_rate"":0.002}","{""detection_events"":760,""detectors_checked"":77056}"
      2048,         0,         0,   0.052,exact_mw,894a5a708293b7bd3951925e43ae0371ba83736430ed1970399611b4deb8498b,"{""distance"":7,""physical_error_rate"":0.0001}","{""detection_events"":672,""detectors_checked"":1232896}"
      3072,         0,         0,   0.055,exact_mw,894a5a708293b7bd3951925e43ae0371ba83736430ed1970399611b4deb8498b,"{""distance"":7,""physical_error_rate"":0.0001}","{""detection_events"":882,""detectors_checked"":1849344}"
     15360,         0,         0,   0.588,exact_mw,a6f040f5268ba168f94c6ccce4ff822b1b844608631bba2e2b8dc7ec85b1e503,"{""distance"":7,""physical_error_rate"":0.0002}","{""detection_events"":9340,""detectors_checked"":9246720}"
     17408,         0,         0,   0.805,exact_mw,a6f040f5268ba168f94c6ccce4ff822b1b844608631bba2e2b8dc7ec85b1e503,"{""distance"":7,""physical_error_rate"":0.0002}","{""detection_events"":10669,""detectors_checked"":10479616}"
      2048,         0,         0,   0.061,exact_mw,894a5a708293b7bd3951925e43ae0371ba83736430ed1970399611b4deb8498b,"{""distance"":7,""physical_error_rate"":0.0001}","{""detection_events"":575,""detectors_checked"":1232896}"
      1024,         0,         0,   0.311,exact_mw,09f626b7d1c8765fd231bc36902f9c5557d3909c4644565b971bdb2bfb186061,"{""distance"":7,""physical_error_rate"":0.0005}","{""detection_events"":1591,""detectors_checked"":616448}"
      5120,         0,         0,   0.086,exact_mw,894a5a708293b7bd3951925e43ae0371ba83736430ed1970399611b4deb8498b,"{""distance"":7,""physical_error_rate"":0.0001}","{""detection_events"":1434,""detectors_checked"":3082240}"
      6144,         0,         0,   0.113,exact_mw,894a5a708293b7bd3951925e43ae0371ba83736430ed1970399611b4deb8498b,"{""distance"":7,""physical_error_rate"":0.0001}","{""detection_events"":1911,""detectors_checked"":3698688}"
      1024,         0,         0,   0.628,exact_mw,fe773c48422346d89ea42b7ea8a90aa3034802874175ef2bfbcd9fbedf677903,"{""distance"":7,""physical_error_rate"":0.001}","{""detection_events"":3011,""detectors_checked"":616448}"
       256,         0,         0,    1.07,exact_mw,8842ec4fe0f86aba00650008f7f408db45344cfb5a30f76b1f2c0fb50a8d5069,"{""distance"":7,""physical_error_rate"":0.002}","{""detection_events"":1608,""detectors_checked"":154112}"
      7168,         0,         0,   0.149,exact_mw,894a5a708293b7bd3951925e43ae0371ba83736430ed1970399611b4deb8498b,"{""distance"":7,""physical_error_rate"":0.0001}","{""detection_events"":2090,""detectors_checked"":4315136}"
      1024,         0,         0,   0.366,exact_mw,09f626b7d1c8765fd231bc36902f9c5557d3909c4644565b971bdb2bfb186061,"{""distance"":7,""physical_error_rate"":0.0005}","{""detection_events"":1561,""detectors_checked"":616448}"
     91136,         0,         0,    1.10,exact_mw,3793e887e6c3b4d5eff59c5eb9bbee88cf92e7a28a48243659e8f8373a61c55f,"{""distance"":7,""physical_error_rate"":5e-05}","{""detection_events"":13519,""detectors_checked"":54863872}"
     10240,         0,         0,   0.214,exact_mw,894a5a708293b7bd3951925e43ae0371ba83736430ed1970399611b4deb8498b,"{""distance"":7,""physical_error_rate"":0.0001}","{""detection_events"":3099,""detectors_checked"":6164480}"
      1024,         0,         0,   0.857,exact_mw,fe773c48422346d89ea42b7ea8a90aa3034802874175ef2bfbcd9fbedf677903,"{""distance"":7,""physical_error_rate"":0.001}","{""detection_events"":2905,""detectors_checked"":616448}"
      1024,         0,         0,   0.225,exact_mw,09f626b7d1c8765fd231bc36902f9c5557d3909c4644565b971bdb2bfb186061,"{""distance"":7,""physical_error_rate"":0.0005}","{""detection_events"":1454,""detectors_checked"":616448}"
       128,         0,         0,   0.915,exact_mw,8842ec4fe0f86aba00650008f7f408db45344cfb5a30f76b1f2c0fb50a8d5069,"{""distance"":7,""physical_error_rate"":0.002}","{""detection_events"":738,""detectors_checked"":77056}"
     19456,         0,         0,   0.803,exact_mw,a6f040f5268ba168f94c6ccce4ff822b1b844608631bba2e2b8dc7ec85b1e503,"{""distance"":7,""physical_error_rate"":0.0002}","{""detection_events"":11838,""detectors_checked"":11712512}"
     13312,         0,         0,   0.292,exact_mw,894a5a708293b7bd3951925e43ae0371ba83736430ed1970399611b4deb8498b,"{""distance"":7,""physical_error_rate"":0.0001}","{""detection_events"":4043,""detectors_checked"":8013824}"
      1024,         0,         0,   0.244,exact_mw,09f626b7d1c8765fd231bc36902f9c5557d3909c4644565b971bdb2bfb186061,"{""distance"":7,""physical_error_rate"":0.0005}","{""detection_events"":1438,""detectors_checked"":616448}"
      1024,         0,         0,   0.143,exact_mw,09f626b7d1c8765fd231bc36902f9c5557d3909c4644565b971bdb2bfb186061,"{""distance"":7,""physical_error_rate"":0.0005}","{""detection_events"":1414,""detectors_checked"":616448}"
     27648,         0,         0,    1.14,exact_mw,a6f040f5268ba168f94c6ccce4ff822b1b844608631bba2e2b8dc7ec85b1e503,"{""distance"":7,""physical_error_rate"":0.0002}","{""detection_events"":16290,""detectors_checked"":16644096}"
   5213184,         0,         0,   119.3,exact_mw,a6f040f5268ba168f94c6ccce4ff822b1b844608631bba2e2b8dc7ec85b1e503,"{""distance"":7,""physical_error_rate"":0.0002}","{""detection_events"":3092139,""detectors_checked"":3138336768}"
       256,         0,         0,   0.899,exact_mw,8842ec4fe0f86aba00650008f7f408db45344cfb5a30f76b1f2c0fb50a8d5069,"{""distance"":7,""physical_error_rate"":0.002}","{""detection_events"":1539,""detectors_checked"":154112}"
      1024,         0,         0,    1.01,exact_mw,fe773c48422346d89ea42b7ea8a90aa3034802874175ef2bfbcd9fbedf677903,"{""distance"":7,""physical_error_rate"":0.001}","{""detection_events"":3100,""detectors_checked"":616448}"
     19456,         0,         0,   0.399,exact_mw,894a5a708293b7bd3951925e43ae0371ba83736430ed1970399611b4deb8498b,"{""distance"":7,""physical_error_rate"":0.0001}","{""detection_events"":5789,""detectors_checked"":11712512}"
      1024,         0,         0,   0.266,exact_mw,09f626b7d1c8765fd231bc36902f9c5557d3909c4644565b971bdb2bfb186061,"{""distance"":7,""physical_error_rate"":0.0005}","{""detection_events"":1588,""detectors_checked"":616448}"
       128,         0,         0,   0.776,exact_mw,8842ec4fe0f86aba00650008f7f408db45344cfb5a30f76b1f2c0fb50a8d5069,"{""distance"":7,""physical_error_rate"":0.002}","{""detection_events"":784,""detectors_checked"":77056}"
      1024,         0,         0,   0.911,exact_mw,fe773c48422346d89ea42b7ea8a90aa3034802874175ef2bfbcd9fbedf677903,"{""distance"":7,""physical_error_rate"":0.001}","{""detection_events"":3098,""detectors_checked"":616448}"
      1024,         0,         0,   0.260,exact_mw,09f626b7d1c8765fd231bc36902f9c5557d3909c4644565b971bdb2bfb186061,"{""distance"":7,""physical_error_rate"":0.0005}","{""detection_events"":1591,""detectors_checked"":616448}"
     27648,         0,         0,   0.586,exact_mw,894a5a708293b7bd3951925e43ae0371ba83736430ed1970399611b4deb8498b,"{""distance"":7,""physical_error_rate"":0.0001}","{""detection_events"":8358,""detectors_checked"":16644096}"
     33792,         0,         0,    1.11,exact_mw,a6f040f5268ba168f94c6ccce4ff822b1b844608631bba2e2b8dc7ec85b1e503,"{""distance"":7,""physical_error_rate"":0.0002}","{""detection_events"":19906,""detectors_checked"":20342784}"
   9141248,         1,         0,   119.0,exact_mw,3793e887e6c3b4d5eff59c5eb9bbee88cf92e7a28a48243659e8f8373a61c55f,"{""distance"":7,""physical_error_rate"":5e-05}","{""detection_events"":1355715,""detectors_checked"":5503031296,""obs_mistake_mask=E"":1}"
      2048,         0,         0,   0.387,exact_mw,09f626b7d1c8765fd231bc36902f9c5557d3909c4644565b971bdb2bfb186061,"{""distance"":7,""physical_error_rate"":0.0005}","{""detection_events"":2813,""detectors_checked"":1232896}"
    126976,         0,         0,    1.55,exact_mw,3793e887e6c3b4d5eff59c5eb9bbee88cf92e7a28a48243659e8f8373a61c55f,"{""distance"":7,""physical_error_rate"":5e-05}","{""detection_events"":18760,""detectors_checked"":76439552}"
     17408,         0,         0,    2.36,exact_mw,09f626b7d1c8765fd231bc36902f9c5557d3909c4644565b971bdb2bfb186061,"{""distance"":7,""physical_error_rate"":0.0005}","{""detection_events"":25613,""detectors_checked"":10479616}"
       128,         0,         0,   0.625,exact_mw,8842ec4fe0f86aba00650008f7f408db45344cfb5a30f76b1f2c0fb50a8d5069,"{""distance"":7,""physical_error_rate"":0.002}","{""detection_events"":671,""detectors_checked"":77056}"
      1024,         0,         0,   0.960,exact_mw,fe773c48422346d89ea42b7ea8a90aa3034802874175ef2bfbcd9fbedf677903,"{""distance"":7,""physical_error_rate"":0.001}","{""detection_events"":3178,""detectors_checked"":616448}"
       256,         0,         0,    1.08,exact_mw,8842ec4fe0f86aba00650008f7f408db45344cfb5a30f76b1f2c0fb50a8d5069,"{""distance"":7,""physical_error_rate"":0.002}","{""detection_events"":1583,""detectors_checked"":154112}"
      2048,         0,         0,   0.391,exact_mw,09f626b7d1c8765fd231bc36902f9c5557d3909c4644565b971bdb2bfb186061,"{""distance"":7,""physical_error_rate"":0.0005}","{""detection_events"":2895,""detectors_checked"":1232896}"
      1024,         0,         0,   0.879,exact_mw,fe773c48422346d89ea42b7ea8a90aa3034802874175ef2bfbcd9fbedf677903,"{""distance"":7,""physical_error_rate"":0.001}","{""detection_events"":3275,""detectors_checked"":616448}"
   5359616,         1,         0,   119.3,exact_mw,a6f040f5268ba168f94c6ccce4ff822b1b844608631bba2e2b8dc7ec85b1e503,"{""distance"":7,""physical_error_rate"":0.0002}","{""detection_events"":3182868,""detectors_checked"":3226488832,""obs_mistake_mask=E"":1}"
   8400896,         1,         0,   119.1,exact_mw,894a5a708293b7bd3951925e43ae0371ba83736430ed1970399611b4deb8498b,"{""distance"":7,""physical_error_rate"":0.0001}","{""detection_events"":2495267,""detectors_checked"":5057339392,""obs_mistake_mask=E"":1}"
     38912,         0,         0,   0.768,exact_mw,894a5a708293b7bd3951925e43ae0371ba83736430ed1970399611b4deb8498b,"{""distance"":7,""physical_error_rate"":0.0001}","{""detection_events"":11848,""detectors_checked"":23425024}"
     47104,         0,         0,    1.58,exact_mw,a6f040f5268ba168f94c6ccce4ff822b1b844608631bba2e2b8dc7ec85b1e503,"{""distance"":7,""physical_error_rate"":0.0002}","{""detection_events"":28256,""detectors_checked"":28356608}"
       128,         0,         0,   0.929,exact_mw,8842ec4fe0f86aba00650008f7f408db45344cfb5a30f76b1f2c0fb50a8d5069,"{""distance"":7,""physical_error_rate"":0.002}","{""detection_events"":776,""detectors_checked"":77056}"
      3072,         0,         0,   0.680,exact_mw,09f626b7d1c8765fd231bc36902f9c5557d3909c4644565b971bdb2bfb186061,"{""distance"":7,""physical_error_rate"":0.0005}","{""detection_events"":4680,""detectors_checked"":1849344}"
      1024,         0,         0,   0.731,exact_mw,fe773c48422346d89ea42b7ea8a90aa3034802874175ef2bfbcd9fbedf677903,"{""distance"":7,""physical_error_rate"":0.001}","{""detection_events"":2891,""detectors_checked"":616448}"
       256,         0,         0,   0.888,exact_mw,8842ec4fe0f86aba00650008f7f408db45344cfb5a30f76b1f2c0fb50a8d5069,"{""distance"":7,""physical_error_rate"":0.002}","{""detection_events"":1409,""detectors_checked"":154112}"
     51200,         0,         0,    1.55,exact_mw,a6f040f5268ba168f94c6ccce4ff822b1b844608631bba2e2b8dc7ec85b1e503,"{""distance"":7,""physical_error_rate"":0.0002}","{""detection_events"":30685,""detectors_checked"":30822400}"
      2048,         0,         0,    1.50,exact_mw,fe773c48422346d89ea42b7ea8a90aa3034802874175ef2bfbcd9fbedf677903,"{""distance"":7,""physical_error_rate"":0.001}","{""detection_events"":6142,""detectors_checked"":1232896}"
     51200,         0,         0,    1.13,exact_mw,894a5a708293b7bd3951925e43ae0371ba83736430ed1970399611b4deb8498b,"{""distance"":7,""physical_error_rate"":0.0001}","{""detection_events"":15494,""detectors_checked"":30822400}"
      1024,         0,         0,   0.668,exact_mw,fe773c48422346d89ea42b7ea8a90aa3034802874175ef2bfbcd9fbedf677903,"{""distance"":7,""physical_error_rate"":0.001}","{""detection_events"":2842,""detectors_checked"":616448}"
       128,         0,         0,   0.826,exact_mw,8842ec4fe0f86aba00650008f7f408db45344cfb5a30f76b1f2c0fb50a8d5069,"{""distance"":7,""physical_error_rate"":0.002}","{""detection_events"":863,""detectors_checked"":77056}"
      4096,         0,         0,   0.893,exact_mw,09f626b7d1c8765fd231bc36902f9c5557d3909c4644565b971bdb2bfb186061,"{""distance"":7,""physical_error_rate"":0.0005}","{""detection_events"":6177,""detectors_checked"":2465792}"
    180224,         0,         0,    2.18,exact_mw,3793e887e6c3b4d5eff59c5eb9bbee88cf92e7a28a48243659e8f8373a61c55f,"{""distance"":7,""physical_error_rate"":5e-05}","{""detection_events"":27066,""detectors_checked"":108494848}"
       256,         0,         0,    1.07,exact_mw,8842ec4fe0f86aba00650008f7f408db45344cfb5a30f76b1f2c0fb50a8d5069,"{""distance"":7,""physical_error_rate"":0.002}","{""detection_events"":1538,""detectors_checked"":154112}"
       128,         0,         0,   0.705,exact_mw,8842ec4fe0f86aba00650008f7f408db45344cfb5a30f76b1f2c0fb50a8d5069,"{""distance"":7,""physical_error_rate"":0.002}","{""detection_events"":807,""detectors_checked"":77056}"
      1024,         0,         0,   0.847,exact_mw,fe773c48422346d89ea42b7ea8a90aa3034802874175ef2bfbcd9fbedf677903,"{""distance"":7,""physical_error_rate"":0.001}","{""detection_events"":3087,""detectors_checked"":616448}"
    827392,         2,         0,   120.0,exact_mw,09f626b7d1c8765fd231bc36902f9c5557d3909c4644565b971bdb2bfb186061,"{""distance"":7,""physical_error_rate"":0.0005}","{""detection_events"":1224437,""detectors_checked"":498089984,""obs_mistake_mask=E"":2}"
     61440,         0,         0,    2.20,exact_mw,a6f040f5268ba168f94c6ccce4ff822b1b844608631bba2e2b8dc7ec85b1e503,"{""distance"":7,""physical_error_rate"":0.0002}","{""detection_events"":35836,""detectors_checked"":36986880}"
     21504,         0,         0,    3.04,exact_mw,09f626b7d1c8765fd231bc36902f9c5557d3909c4644565b971bdb2bfb186061,"{""distance"":7,""physical_error_rate"":0.0005}","{""detection_events"":32010,""detectors_checked"":12945408}"
       128,         0,         0,   0.615,exact_mw,8842ec4fe0f86aba00650008f7f408db45344cfb5a30f76b1f2c0fb50a8d5069,"{""distance"":7,""physical_error_rate"":0.002}","{""detection_events"":748,""detectors_checked"":77056}"
     74752,         0,         0,    1.54,exact_mw,894a5a708293b7bd3951925e43ae0371ba83736430ed1970399611b4deb8498b,"{""distance"":7,""physical_error_rate"":0.0001}","{""detection_events"":22513,""detectors_checked"":45000704}"
       256,         0,         0,    1.08,exact_mw,8842ec4fe0f86aba00650008f7f408db45344cfb5a30f76b1f2c0fb50a8d5069,"{""distance"":7,""physical_error_rate"":0.002}","{""detection_events"":1496,""detectors_checked"":154112}"
      7168,         0,         0,    1.47,exact_mw,09f626b7d1c8765fd231bc36902f9c5557d3909c4644565b971bdb2bfb186061,"{""distance"":7,""physical_error_rate"":0.0005}","{""detection_events"":10545,""detectors_checked"":4315136}"
      2048,         1,         0,    1.77,exact_mw,fe773c48422346d89ea42b7ea8a90aa3034802874175ef2bfbcd9fbedf677903,"{""distance"":7,""physical_error_rate"":0.001}","{""detection_events"":6174,""detectors_checked"":1232896,""obs_mistake_mask=E"":1}"
      1024,         0,         0,   0.853,exact_mw,fe773c48422346d89ea42b7ea8a90aa3034802874175ef2bfbcd9fbedf677903,"{""distance"":7,""physical_error_rate"":0.001}","{""detection_events"":3203,""detectors_checked"":616448}"
     63488,         0,         0,    2.18,exact_mw,a6f040f5268ba168f94c6ccce4ff822b1b844608631bba2e2b8dc7ec85b1e503,"{""distance"":7,""physical_error_rate"":0.0002}","{""detection_events"":37420,""detectors_checked"":38219776}"
       128,         0,         0,   0.439,exact_mw,8842ec4fe0f86aba00650008f7f408db45344cfb5a30f76b1f2c0fb50a8d5069,"{""distance"":7,""physical_error_rate"":0.002}","{""detection_events"":703,""detectors_checked"":77056}"
       256,         0,         0,   0.889,exact_mw,8842ec4fe0f86aba00650008f7f408db45344cfb5a30f76b1f2c0fb50a8d5069,"{""distance"":7,""physical_error_rate"":0.002}","{""detection_events"":1392,""detectors_checked"":154112}"
       128,         0,         0,   0.663,exact_mw,8842ec4fe0f86aba00650008f7f408db45344cfb5a30f76b1f2c0fb50a8d5069,"{""distance"":7,""physical_error_rate"":0.002}","{""detection_events"":731,""detectors_checked"":77056}"
      2048,         0,         0,    1.43,exact_mw,fe773c48422346d89ea42b7ea8a90aa3034802874175ef2bfbcd9fbedf677903,"{""distance"":7,""physical_error_rate"":0.001}","{""detection_events"":5665,""detectors_checked"":1232896}"
      8192,         0,         0,    1.68,exact_mw,09f626b7d1c8765fd231bc36902f9c5557d3909c4644565b971bdb2bfb186061,"{""distance"":7,""physical_error_rate"":0.0005}","{""detection_events"":12383,""detectors_checked"":4931584}"
    251904,         0,         0,    3.04,exact_mw,3793e887e6c3b4d5eff59c5eb9bbee88cf92e7a28a48243659e8f8373a61c55f,"{""distance"":7,""physical_error_rate"":5e-05}","{""detection_events"":37276,""detectors_checked"":151646208}"
       256,         0,         0,    1.10,exact_mw,8842ec4fe0f86aba00650008f7f408db45344cfb5a30f76b1f2c0fb50a8d5069,"{""distance"":7,""physical_error_rate"":0.002}","{""detection_events"":1423,""detectors_checked"":154112}"
    106496,         0,         0,    2.15,exact_mw,894a5a708293b7bd3951925e43ae0371ba83736430ed1970399611b4deb8498b,"{""distance"":7,""physical_error_rate"":0.0001}","{""detection_events"":32130,""detectors_checked"":64110592}"
   7391232,         0,         0,   119.1,exact_mw,3793e887e6c3b4d5eff59c5eb9bbee88cf92e7a28a48243659e8f8373a61c55f,"{""distance"":7,""physical_error_rate"":5e-05}","{""detection_events"":1096086,""detectors_checked"":4449521664}"
       256,         0,         0,    1.61,exact_mw,8842ec4fe0f86aba00650008f7f408db45344cfb5a30f76b1f2c0fb50a8d5069,"{""distance"":7,""physical_error_rate"":0.002}","{""detection_events"":1444,""detectors_checked"":154112}"
   5151744,         3,         0,   119.1,exact_mw,a6f040f5268ba168f94c6ccce4ff822b1b844608631bba2e2b8dc7ec85b1e503,"{""distance"":7,""physical_error_rate"":0.0002}","{""detection_events"":3050855,""detectors_checked"":3101349888,""obs_mistake_mask=E"":3}"
    105472,         0,         0,    3.13,exact_mw,a6f040f5268ba168f94c6ccce4ff822b1b844608631bba2e2b8dc7ec85b1e503,"{""distance"":7,""physical_error_rate"":0.0002}","{""detection_events"":62744,""detectors_checked"":63494144}"
      3072,         0,         0,    2.76,exact_mw,fe773c48422346d89ea42b7ea8a90aa3034802874175ef2bfbcd9fbedf677903,"{""distance"":7,""physical_error_rate"":0.001}","{""detection_events"":9233,""detectors_checked"":1849344}"
       256,         0,         0,   0.890,exact_mw,8842ec4fe0f86aba00650008f7f408db45344cfb5a30f76b1f2c0fb50a8d5069,"{""distance"":7,""physical_error_rate"":0.002}","{""detection_events"":1482,""detectors_checked"":154112}"
   4104192,         0,         0,   119.2,exact_mw,3793e887e6c3b4d5eff59c5eb9bbee88cf92e7a28a48243659e8f8373a61c55f,"{""distance"":7,""physical_error_rate"":5e-05}","{""detection_events"":607893,""detectors_checked"":2470723584}"
   4630528,         1,         0,   119.3,exact_mw,a6f040f5268ba168f94c6ccce4ff822b1b844608631bba2e2b8dc7ec85b1e503,"{""distance"":7,""physical_error_rate"":0.0002}","{""detection_events"":2741015,""detectors_checked"":2787577856,""obs_mistake_mask=E"":1}"
    123904,         0,         0,    3.06,exact_mw,a6f040f5268ba168f94c6ccce4ff822b1b844608631bba2e2b8dc7ec85b1e503,"{""distance"":7,""physical_error_rate"":0.0002}","{""detection_events"":73482,""detectors_checked"":74590208}"
   6834176,         0,         0,   119.1,exact_mw,894a5a708293b7bd3951925e43ae0371ba83736430ed1970399611b4deb8498b,"{""distance"":7,""physical_error_rate"":0.0001}","{""detection_events"":2030176,""detectors_checked"":4114173952}"
       256,         0,         0,   0.851,exact_mw,8842ec4fe0f86aba00650008f7f408db45344cfb5a30f76b1f2c0fb50a8d5069,"{""distance"":7,""physical_error_rate"":0.002}","{""detection_events"":1465,""detectors_checked"":154112}"
   8482816,         0,         0,   118.9,exact_mw,3793e887e6c3b4d5eff59c5eb9bbee88cf92e7a28a48243659e8f8373a61c55f,"{""distance"":7,""physical_error_rate"":5e-05}","{""detection_events"":1256404,""detectors_checked"":5106655232}"
      3072,         0,         0,    2.31,exact_mw,fe773c48422346d89ea42b7ea8a90aa3034802874175ef2bfbcd9fbedf677903,"{""distance"":7,""physical_error_rate"":0.001}","{""detection_events"":9025,""detectors_checked"":1849344}"
       256,         0,         0,    1.31,exact_mw,8842ec4fe0f86aba00650008f7f408db45344cfb5a30f76b1f2c0fb50a8d5069,"{""distance"":7,""physical_error_rate"":0.002}","{""detection_events"":1526,""detectors_checked"":154112}"
     11264,         0,         0,    2.33,exact_mw,09f626b7d1c8765fd231bc36902f9c5557d3909c4644565b971bdb2bfb186061,"{""distance"":7,""physical_error_rate"":0.0005}","{""detection_events"":16511,""detectors_checked"":6780928}"
     32768,         0,         0,    4.38,exact_mw,09f626b7d1c8765fd231bc36902f9c5557d3909c4644565b971bdb2bfb186061,"{""distance"":7,""physical_error_rate"":0.0005}","{""detection_events"":48223,""detectors_checked"":19726336}"
    807936,         1,         0,   119.9,exact_mw,09f626b7d1c8765fd231bc36902f9c5557d3909c4644565b971bdb2bfb186061,"{""distance"":7,""physical_error_rate"":0.0005}","{""detection_events"":1193135,""detectors_checked"":486377472,""obs_mistake_mask=E"":1}"
    212992,         0,         0,    3.00,exact_mw,894a5a708293b7bd3951925e43ae0371ba83736430ed1970399611b4deb8498b,"{""distance"":7,""physical_error_rate"":0.0001}","{""detection_events"":63508,""detectors_checked"":128221184}"
       512,         0,         0,    1.75,exact_mw,8842ec4fe0f86aba00650008f7f408db45344cfb5a30f76b1f2c0fb50a8d5069,"{""distance"":7,""physical_error_rate"":0.002}","{""detection_events"":3057,""detectors_checked"":308224}"
      4096,         0,         0,    3.23,exact_mw,fe773c48422346d89ea42b7ea8a90aa3034802874175ef2bfbcd9fbedf677903,"{""distance"":7,""physical_error_rate"":0.001}","{""detection_events"":12045,""detectors_checked"":2465792}"
    253696,         0,         0,   120.5,exact_mw,09f626b7d1c8765fd231bc36902f9c5557d3909c4644565b971bdb2bfb186061,"{""distance"":7,""physical_error_rate"":0.0005}","{""detection_events"":377504,""detectors_checked"":152724992}"
    350208,         0,         0,    4.24,exact_mw,3793e887e6c3b4d5eff59c5eb9bbee88cf92e7a28a48243659e8f8373a61c55f,"{""distance"":7,""physical_error_rate"":5e-05}","{""detection_events"":52250,""detectors_checked"":210825216}"
      3072,         0,         0,    2.31,exact_mw,fe773c48422346d89ea42b7ea8a90aa3034802874175ef2bfbcd9fbedf677903,"{""distance"":7,""physical_error_rate"":0.001}","{""detection_events"":9104,""detectors_checked"":1849344}"
       192,         0,         0,    2.96,exact_mw,8842ec4fe0f86aba00650008f7f408db45344cfb5a30f76b1f2c0fb50a8d5069,"{""distance"":7,""physical_error_rate"":0.002}","{""detection_events"":1167,""detectors_checked"":115584}"
     35840,         0,         0,    4.42,exact_mw,a6f040f5268ba168f94c6ccce4ff822b1b844608631bba2e2b8dc7ec85b1e503,"{""distance"":7,""physical_error_rate"":0.0002}","{""detection_events"":20891,""detectors_checked"":21575680}"
   5355520,         0,         0,   119.2,exact_mw,a6f040f5268ba168f94c6ccce4ff822b1b844608631bba2e2b8dc7ec85b1e503,"{""distance"":7,""physical_error_rate"":0.0002}","{""detection_events"":3175880,""detectors_checked"":3224023040}"
     15360,         0,         0,    3.07,exact_mw,09f626b7d1c8765fd231bc36902f9c5557d3909c4644565b971bdb2bfb186061,"{""distance"":7,""physical_error_rate"":0.0005}","{""detection_events"":22098,""detectors_checked"":9246720}"
    624640,         2,         0,   119.9,exact_mw,09f626b7d1c8765fd231bc36902f9c5557d3909c4644565b971bdb2bfb186061,"{""distance"":7,""physical_error_rate"":0.0005}","{""detection_events"":923456,""detectors_checked"":376033280,""obs_mistake_mask=E"":2}"
       512,         0,         0,    1.73,exact_mw,8842ec4fe0f86aba00650008f7f408db45344cfb5a30f76b1f2c0fb50a8d5069,"{""distance"":7,""physical_error_rate"":0.002}","{""detection_events"":2975,""detectors_checked"":308224}"
   8307712,         1,         0,   119.2,exact_mw,894a5a708293b7bd3951925e43ae0371ba83736430ed1970399611b4deb8498b,"{""distance"":7,""physical_error_rate"":0.0001}","{""detection_events"":2462105,""detectors_checked"":5001242624,""obs_mistake_mask=E"":1}"
    155648,         0,         0,    4.27,exact_mw,a6f040f5268ba168f94c6ccce4ff822b1b844608631bba2e2b8dc7ec85b1e503,"{""distance"":7,""physical_error_rate"":0.0002}","{""detection_events"":92439,""detectors_checked"":93700096}"
    726016,         3,         0,   120.7,exact_mw,09f626b7d1c8765fd231bc36902f9c5557d3909c4644565b971bdb2bfb186061,"{""distance"":7,""physical_error_rate"":0.0005}","{""detection_events"":1073321,""detectors_checked"":437061632,""obs_mistake_mask=E"":3}"
   9416704,         0,         0,   119.2,exact_mw,3793e887e6c3b4d5eff59c5eb9bbee88cf92e7a28a48243659e8f8373a61c55f,"{""distance"":7,""physical_error_rate"":5e-05}","{""detection_events"":1397345,""detectors_checked"":5668855808}"
      4096,         0,         0,    3.21,exact_mw,fe773c48422346d89ea42b7ea8a90aa3034802874175ef2bfbcd9fbedf677903,"{""distance"":7,""physical_error_rate"":0.001}","{""detection_events"":12044,""detectors_checked"":2465792}"
    299008,         0,         0,    4.23,exact_mw,894a5a708293b7bd3951925e43ae0371ba83736430ed1970399611b4deb8498b,"{""distance"":7,""physical_error_rate"":0.0001}","{""detection_events"":88432,""detectors_checked"":180002816}"
     21728,         5,         0,   120.2,exact_mw,8842ec4fe0f86aba00650008f7f408db45344cfb5a30f76b1f2c0fb50a8d5069,"{""distance"":7,""physical_error_rate"":0.002}","{""detection_events"":127575,""detectors_checked"":13080256,""obs_mistake_mask=E"":5}"
    748544,         3,         0,   120.0,exact_mw,09f626b7d1c8765fd231bc36902f9c5557d3909c4644565b971bdb2bfb186061,"{""distance"":7,""physical_error_rate"":0.0005}","{""detection_events"":1109655,""detectors_checked"":450623488,""obs_mistake_mask=E"":3}"
     30592,         5,         0,   120.2,exact_mw,8842ec4fe0f86aba00650008f7f408db45344cfb5a30f76b1f2c0fb50a8d5069,"{""distance"":7,""physical_error_rate"":0.002}","{""detection_events"":178411,""detectors_checked"":18416384,""obs_mistake_mask=E"":5}"
    142336,         4,         0,   120.6,exact_mw,fe773c48422346d89ea42b7ea8a90aa3034802874175ef2bfbcd9fbedf677903,"{""distance"":7,""physical_error_rate"":0.001}","{""detection_events"":420734,""detectors_checked"":85686272,""obs_mistake_mask=E"":4}"
       128,         1,         0,    2.94,exact_mw,8842ec4fe0f86aba00650008f7f408db45344cfb5a30f76b1f2c0fb50a8d5069,"{""distance"":7,""physical_error_rate"":0.002}","{""detection_events"":754,""detectors_checked"":77056,""obs_mistake_mask=E"":1}"
     44032,         0,         0,    6.10,exact_mw,09f626b7d1c8765fd231bc36902f9c5557d3909c4644565b971bdb2bfb186061,"{""distance"":7,""physical_error_rate"":0.0005}","{""detection_events"":65210,""detectors_checked"":26507264}"
      5120,         0,         0,    4.27,exact_mw,fe773c48422346d89ea42b7ea8a90aa3034802874175ef2bfbcd9fbedf677903,"{""distance"":7,""physical_error_rate"":0.001}","{""detection_events"":15343,""detectors_checked"":3082240}"
       768,         0,         0,    3.25,exact_mw,8842ec4fe0f86aba00650008f7f408db45344cfb5a30f76b1f2c0fb50a8d5069,"{""distance"":7,""physical_error_rate"":0.002}","{""detection_events"":4517,""detectors_checked"":462336}"
     14848,         0,         0,    4.54,exact_mw,09f626b7d1c8765fd231bc36902f9c5557d3909c4644565b971bdb2bfb186061,"{""distance"":7,""physical_error_rate"":0.0005}","{""detection_events"":21726,""detectors_checked"":8938496}"
     48128,         0,         0,   120.0,exact_mw,fe773c48422346d89ea42b7ea8a90aa3034802874175ef2bfbcd9fbedf677903,"{""distance"":7,""physical_error_rate"":0.001}","{""detection_events"":142440,""detectors_checked"":28973056}"
    491520,         0,         0,    5.95,exact_mw,3793e887e6c3b4d5eff59c5eb9bbee88cf92e7a28a48243659e8f8373a61c55f,"{""distance"":7,""physical_error_rate"":5e-05}","{""detection_events"":72079,""detectors_checked"":295895040}"
     36864,         0,         0,    5.98,exact_mw,a6f040f5268ba168f94c6ccce4ff822b1b844608631bba2e2b8dc7ec85b1e503,"{""distance"":7,""physical_error_rate"":0.0002}","{""detection_events"":22063,""detectors_checked"":22192128}"
     29696,         8,         0,   120.2,exact_mw,8842ec4fe0f86aba00650008f7f408db45344cfb5a30f76b1f2c0fb50a8d5069,"{""distance"":7,""physical_error_rate"":0.002}","{""detection_events"":172243,""detectors_checked"":17876992,""obs_mistake_mask=E"":8}"
       160,         0,         0,    3.73,exact_mw,8842ec4fe0f86aba00650008f7f408db45344cfb5a30f76b1f2c0fb50a8d5069,"{""distance"":7,""physical_error_rate"":0.002}","{""detection_events"":853,""detectors_checked"":96320}"
    234496,         0,         0,    5.98,exact_mw,a6f040f5268ba168f94c6ccce4ff822b1b844608631bba2e2b8dc7ec85b1e503,"{""distance"":7,""physical_error_rate"":0.0002}","{""detection_events"":138723,""detectors_checked"":141166592}"
      5120,         0,         0,    4.48,exact_mw,fe773c48422346d89ea42b7ea8a90aa3034802874175ef2bfbcd9fbedf677903,"{""distance"":7,""physical_error_rate"":0.001}","{""detection_events"":15308,""detectors_checked"":3082240}"
      1024,         0,         0,    3.80,exact_mw,8842ec4fe0f86aba00650008f7f408db45344cfb5a30f76b1f2c0fb50a8d5069,"{""distance"":7,""physical_error_rate"":0.002}","{""detection_events"":6076,""detectors_checked"":616448}"
    143360,         5,         0,   120.3,exact_mw,fe773c48422346d89ea42b7ea8a90aa3034802874175ef2bfbcd9fbedf677903,"{""distance"":7,""physical_error_rate"":0.001}","{""detection_events"":423451,""detectors_checked"":86302720,""obs_mistake_mask=E"":5}"
    424960,         0,         0,    5.93,exact_mw,894a5a708293b7bd3951925e43ae0371ba83736430ed1970399611b4deb8498b,"{""distance"":7,""physical_error_rate"":0.0001}","{""detection_events"":126553,""detectors_checked"":255825920}"
      8192,         0,         0,    6.54,exact_mw,fe773c48422346d89ea42b7ea8a90aa3034802874175ef2bfbcd9fbedf677903,"{""distance"":7,""physical_error_rate"":0.001}","{""detection_events"":24426,""detectors_checked"":4931584}"
     26432,         6,         0,   120.5,exact_mw,8842ec4fe0f86aba00650008f7f408db45344cfb5a30f76b1f2c0fb50a8d5069,"{""distance"":7,""physical_error_rate"":0.002}","{""detection_events"":154045,""detectors_checked"":15912064,""obs_mistake_mask=E"":6}"
      4352,         0,         0,    6.36,exact_mw,09f626b7d1c8765fd231bc36902f9c5557d3909c4644565b971bdb2bfb186061,"{""distance"":7,""physical_error_rate"":0.0005}","{""detection_events"":6445,""detectors_checked"":2619904}"
       160,         0,         0,    4.60,exact_mw,8842ec4fe0f86aba00650008f7f408db45344cfb5a30f76b1f2c0fb50a8d5069,"{""distance"":7,""physical_error_rate"":0.002}","{""detection_events"":909,""detectors_checked"":96320}"
      5728,         0,         0,   120.0,exact_mw,8842ec4fe0f86aba00650008f7f408db45344cfb5a30f76b1f2c0fb50a8d5069,"{""distance"":7,""physical_error_rate"":0.002}","{""detection_events"":33091,""detectors_checked"":3448256}"
     58368,         0,         0,    8.43,exact_mw,09f626b7d1c8765fd231bc36902f9c5557d3909c4644565b971bdb2bfb186061,"{""distance"":7,""physical_error_rate"":0.0005}","{""detection_events"":85753,""detectors_checked"":35137536}"
      1280,         0,         0,    4.92,exact_mw,8842ec4fe0f86aba00650008f7f408db45344cfb5a30f76b1f2c0fb50a8d5069,"{""distance"":7,""physical_error_rate"":0.002}","{""detection_events"":7475,""detectors_checked"":770560}"
    685056,         0,         0,    8.33,exact_mw,3793e887e6c3b4d5eff59c5eb9bbee88cf92e7a28a48243659e8f8373a61c55f,"{""distance"":7,""physical_error_rate"":5e-05}","{""detection_events"":101245,""detectors_checked"":412403712}"
      8192,         0,         0,    6.64,exact_mw,fe773c48422346d89ea42b7ea8a90aa3034802874175ef2bfbcd9fbedf677903,"{""distance"":7,""physical_error_rate"":0.001}","{""detection_events"":24263,""detectors_checked"":4931584}"
   1587200,         0,         0,   119.2,exact_mw,894a5a708293b7bd3951925e43ae0371ba83736430ed1970399611b4deb8498b,"{""distance"":7,""physical_error_rate"":0.0001}","{""detection_events"":471433,""detectors_checked"":955494400}"
     50176,         0,         0,    8.39,exact_mw,a6f040f5268ba168f94c6ccce4ff822b1b844608631bba2e2b8dc7ec85b1e503,"{""distance"":7,""physical_error_rate"":0.0002}","{""detection_events"":30021,""detectors_checked"":30205952}"
    336896,         0,         0,    8.35,exact_mw,a6f040f5268ba168f94c6ccce4ff822b1b844608631bba2e2b8dc7ec85b1e503,"{""distance"":7,""physical_error_rate"":0.0002}","{""detection_events"":200982,""detectors_checked"":202811392}"
    608256,         0,         0,    8.33,exact_mw,894a5a708293b7bd3951925e43ae0371ba83736430ed1970399611b4deb8498b,"{""distance"":7,""physical_error_rate"":0.0001}","{""detection_events"":181300,""detectors_checked"":366170112}"
       176,         0,         0,    6.01,exact_mw,8842ec4fe0f86aba00650008f7f408db45344cfb5a30f76b1f2c0fb50a8d5069,"{""distance"":7,""physical_error_rate"":0.002}","{""detection_events"":1118,""detectors_checked"":105952}"
      1536,         0,         0,    6.18,exact_mw,8842ec4fe0f86aba00650008f7f408db45344cfb5a30f76b1f2c0fb50a8d5069,"{""distance"":7,""physical_error_rate"":0.002}","{""detection_events"":9048,""detectors_checked"":924672}"
     11264,         0,         0,    8.99,exact_mw,fe773c48422346d89ea42b7ea8a90aa3034802874175ef2bfbcd9fbedf677903,"{""distance"":7,""physical_error_rate"":0.001}","{""detection_events"":32634,""detectors_checked"":6780928}"
      8704,         0,         0,    8.99,exact_mw,09f626b7d1c8765fd231bc36902f9c5557d3909c4644565b971bdb2bfb186061,"{""distance"":7,""physical_error_rate"":0.0005}","{""detection_events"":12904,""detectors_checked"":5239808}"
    960512,         0,         0,   119.3,exact_mw,a6f040f5268ba168f94c6ccce4ff822b1b844608631bba2e2b8dc7ec85b1e503,"{""distance"":7,""physical_error_rate"":0.0002}","{""detection_events"":569539,""detectors_checked"":578228224}"
     11264,         0,         0,    9.10,exact_mw,fe773c48422346d89ea42b7ea8a90aa3034802874175ef2bfbcd9fbedf677903,"{""distance"":7,""physical_error_rate"":0.001}","{""detection_events"":32913,""detectors_checked"":6780928}"
     84992,         0,         0,    11.8,exact_mw,09f626b7d1c8765fd231bc36902f9c5557d3909c4644565b971bdb2bfb186061,"{""distance"":7,""physical_error_rate"":0.0005}","{""detection_events"":124806,""detectors_checked"":51165184}"
     24736,         4,         0,   120.4,exact_mw,8842ec4fe0f86aba00650008f7f408db45344cfb5a30f76b1f2c0fb50a8d5069,"{""distance"":7,""physical_error_rate"":0.002}","{""detection_events"":144679,""detectors_checked"":14891072,""obs_mistake_mask=E"":4}"
    961536,         0,         0,    11.6,exact_mw,3793e887e6c3b4d5eff59c5eb9bbee88cf92e7a28a48243659e8f8373a61c55f,"{""distance"":7,""physical_error_rate"":5e-05}","{""detection_events"":142406,""detectors_checked"":578844672}"
       272,         0,         0,    8.63,exact_mw,8842ec4fe0f86aba00650008f7f408db45344cfb5a30f76b1f2c0fb50a8d5069,"{""distance"":7,""physical_error_rate"":0.002}","{""detection_events"":1587,""detectors_checked"":163744}"
     71680,         0,         0,    11.6,exact_mw,a6f040f5268ba168f94c6ccce4ff822b1b844608631bba2e2b8dc7ec85b1e503,"{""distance"":7,""physical_error_rate"":0.0002}","{""detection_events"":42618,""detectors_checked"":43151360}"
    481280,         0,         0,    11.6,exact_mw,a6f040f5268ba168f94c6ccce4ff822b1b844608631bba2e2b8dc7ec85b1e503,"{""distance"":7,""physical_error_rate"":0.0002}","{""detection_events"":286619,""detectors_checked"":289730560}"
      2304,         0,         0,    8.92,exact_mw,8842ec4fe0f86aba00650008f7f408db45344cfb5a30f76b1f2c0fb50a8d5069,"{""distance"":7,""physical_error_rate"":0.002}","{""detection_events"":13708,""detectors_checked"":1387008}"
    839680,         0,         0,    11.6,exact_mw,894a5a708293b7bd3951925e43ae0371ba83736430ed1970399611b4deb8498b,"{""distance"":7,""physical_error_rate"":0.0001}","{""detection_events"":248541,""detectors_checked"":505487360}"
     14336,         0,         0,    12.2,exact_mw,fe773c48422346d89ea42b7ea8a90aa3034802874175ef2bfbcd9fbedf677903,"{""distance"":7,""physical_error_rate"":0.001}","{""detection_events"":42350,""detectors_checked"":8630272}"
     11776,         0,         0,    12.3,exact_mw,09f626b7d1c8765fd231bc36902f9c5557d3909c4644565b971bdb2bfb186061,"{""distance"":7,""physical_error_rate"":0.0005}","{""detection_events"":17179,""detectors_checked"":7089152}"
     14336,         1,         0,    12.4,exact_mw,fe773c48422346d89ea42b7ea8a90aa3034802874175ef2bfbcd9fbedf677903,"{""distance"":7,""physical_error_rate"":0.001}","{""detection_events"":41976,""detectors_checked"":8630272,""obs_mistake_mask=E"":1}"
       464,         0,         0,    11.8,exact_mw,8842ec4fe0f86aba00650008f7f408db45344cfb5a30f76b1f2c0fb50a8d5069,"{""distance"":7,""physical_error_rate"":0.002}","{""detection_events"":2571,""detectors_checked"":279328}"
      3072,         0,         0,    12.2,exact_mw,8842ec4fe0f86aba00650008f7f408db45344cfb5a30f76b1f2c0fb50a8d5069,"{""distance"":7,""physical_error_rate"":0.002}","{""detection_events"":18179,""detectors_checked"":1849344}"
    111616,         0,         0,    16.6,exact_mw,09f626b7d1c8765fd231bc36902f9c5557d3909c4644565b971bdb2bfb186061,"{""distance"":7,""physical_error_rate"":0.0005}","{""detection_events"":166395,""detectors_checked"":67192832}"
   2998272,         2,         0,   119.5,exact_mw,a6f040f5268ba168f94c6ccce4ff822b1b844608631bba2e2b8dc7ec85b1e503,"{""distance"":7,""physical_error_rate"":0.0002}","{""detection_events"":1782201,""detectors_checked"":1804959744,""obs_mistake_mask=E"":2}"
   1346560,         0,         0,    16.3,exact_mw,3793e887e6c3b4d5eff59c5eb9bbee88cf92e7a28a48243659e8f8373a61c55f,"{""distance"":7,""physical_error_rate"":5e-05}","{""detection_events"":199944,""detectors_checked"":810629120}"
    146432,         2,         0,   120.4,exact_mw,fe773c48422346d89ea42b7ea8a90aa3034802874175ef2bfbcd9fbedf677903,"{""distance"":7,""physical_error_rate"":0.001}","{""detection_events"":430685,""detectors_checked"":88152064,""obs_mistake_mask=E"":2}"
   5006336,         0,         0,   119.0,exact_mw,3793e887e6c3b4d5eff59c5eb9bbee88cf92e7a28a48243659e8f8373a61c55f,"{""distance"":7,""physical_error_rate"":5e-05}","{""detection_events"":744520,""detectors_checked"":3013814272}"
     98304,         0,         0,    16.4,exact_mw,a6f040f5268ba168f94c6ccce4ff822b1b844608631bba2e2b8dc7ec85b1e503,"{""distance"":7,""physical_error_rate"":0.0002}","{""detection_events"":57881,""detectors_checked"":59179008}"
    693248,         0,         0,    16.3,exact_mw,a6f040f5268ba168f94c6ccce4ff822b1b844608631bba2e2b8dc7ec85b1e503,"{""distance"":7,""physical_error_rate"":0.0002}","{""detection_events"":412712,""detectors_checked"":417335296}"
   8777728,         0,         0,   119.0,exact_mw,894a5a708293b7bd3951925e43ae0371ba83736430ed1970399611b4deb8498b,"{""distance"":7,""physical_error_rate"":0.0001}","{""detection_events"":2599993,""detectors_checked"":5284192256}"
    829440,         3,         0,   119.9,exact_mw,09f626b7d1c8765fd231bc36902f9c5557d3909c4644565b971bdb2bfb186061,"{""distance"":7,""physical_error_rate"":0.0005}","{""detection_events"":1226634,""detectors_checked"":499322880,""obs_mistake_mask=E"":3}"
   1184768,         0,         0,    16.3,exact_mw,894a5a708293b7bd3951925e43ae0371ba83736430ed1970399611b4deb8498b,"{""distance"":7,""physical_error_rate"":0.0001}","{""detection_events"":351888,""detectors_checked"":713230336}"
   8345600,         1,         0,   119.1,exact_mw,894a5a708293b7bd3951925e43ae0371ba83736430ed1970399611b4deb8498b,"{""distance"":7,""physical_error_rate"":0.0001}","{""detection_events"":2477285,""detectors_checked"":5024051200,""obs_mistake_mask=E"":1}"
     20480,         0,         0,    16.4,exact_mw,fe773c48422346d89ea42b7ea8a90aa3034802874175ef2bfbcd9fbedf677903,"{""distance"":7,""physical_error_rate"":0.001}","{""detection_events"":59805,""detectors_checked"":12328960}"
     17920,         0,         0,    16.6,exact_mw,09f626b7d1c8765fd231bc36902f9c5557d3909c4644565b971bdb2bfb186061,"{""distance"":7,""physical_error_rate"":0.0005}","{""detection_events"":26780,""detectors_checked"":10787840}"
   9676800,         0,         0,   119.0,exact_mw,3793e887e6c3b4d5eff59c5eb9bbee88cf92e7a28a48243659e8f8373a61c55f,"{""distance"":7,""physical_error_rate"":5e-05}","{""detection_events"":1435500,""detectors_checked"":5825433600}"
   5401600,         1,         0,   119.3,exact_mw,a6f040f5268ba168f94c6ccce4ff822b1b844608631bba2e2b8dc7ec85b1e503,"{""distance"":7,""physical_error_rate"":0.0002}","{""detection_events"":3208137,""detectors_checked"":3251763200,""obs_mistake_mask=E"":1}"
    834560,         4,         0,   120.0,exact_mw,09f626b7d1c8765fd231bc36902f9c5557d3909c4644565b971bdb2bfb186061,"{""distance"":7,""physical_error_rate"":0.0005}","{""detection_events"":1235050,""detectors_checked"":502405120,""obs_mistake_mask=E"":4}"
     21504,         0,         0,    16.9,exact_mw,fe773c48422346d89ea42b7ea8a90aa3034802874175ef2bfbcd9fbedf677903,"{""distance"":7,""physical_error_rate"":0.001}","{""detection_events"":62415,""detectors_checked"":12945408}"
       640,         1,         0,    16.9,exact_mw,8842ec4fe0f86aba00650008f7f408db45344cfb5a30f76b1f2c0fb50a8d5069,"{""distance"":7,""physical_error_rate"":0.002}","{""detection_events"":3527,""detectors_checked"":385280,""obs_mistake_mask=E"":1}"
     31104,         7,         0,   120.5,exact_mw,8842ec4fe0f86aba00650008f7f408db45344cfb5a30f76b1f2c0fb50a8d5069,"{""distance"":7,""physical_error_rate"":0.002}","{""detection_events"":182291,""detectors_checked"":18724608,""obs_mistake_mask=E"":7}"
    149504,         4,         0,   120.1,exact_mw,fe773c48422346d89ea42b7ea8a90aa3034802874175ef2bfbcd9fbedf677903,"{""distance"":7,""physical_error_rate"":0.001}","{""detection_events"":440606,""detectors_checked"":90001408,""obs_mistake_mask=E"":4}"
      4352,         0,         0,    16.6,exact_mw,8842ec4fe0f86aba00650008f7f408db45344cfb5a30f76b1f2c0fb50a8d5069,"{""distance"":7,""physical_error_rate"":0.002}","{""detection_events"":25253,""detectors_checked"":2619904}"
     23936,         7,         0,   120.2,exact_mw,8842ec4fe0f86aba00650008f7f408db45344cfb5a30f76b1f2c0fb50a8d5069,"{""distance"":7,""physical_error_rate"":0.002}","{""detection_events"":140907,""detectors_checked"":14409472,""obs_mistake_mask=E"":7}"
    165888,         0,         0,    23.0,exact_mw,09f626b7d1c8765fd231bc36902f9c5557d3909c4644565b971bdb2bfb186061,"{""distance"":7,""physical_error_rate"":0.0005}","{""detection_events"":244775,""detectors_checked"":99864576}"
   8960000,         1,         0,   119.0,exact_mw,894a5a708293b7bd3951925e43ae0371ba83736430ed1970399611b4deb8498b,"{""distance"":7,""physical_error_rate"":0.0001}","{""detection_events"":2657836,""detectors_checked"":5393920000,""obs_mistake_mask=E"":1}"
     33920,         0,         0,   121.1,exact_mw,fe773c48422346d89ea42b7ea8a90aa3034802874175ef2bfbcd9fbedf677903,"{""distance"":7,""physical_error_rate"":0.001}","{""detection_events"":99434,""detectors_checked"":20419840}"
   1886208,         0,         0,    22.9,exact_mw,3793e887e6c3b4d5eff59c5eb9bbee88cf92e7a28a48243659e8f8373a61c55f,"{""distance"":7,""physical_error_rate"":5e-05}","{""detection_events"":280860,""detectors_checked"":1135497216}"
    141312,         0,         0,    22.8,exact_mw,a6f040f5268ba168f94c6ccce4ff822b1b844608631bba2e2b8dc7ec85b1e503,"{""distance"":7,""physical_error_rate"":0.0002}","{""detection_events"":84490,""detectors_checked"":85069824}"
   9701376,         0,         0,   118.9,exact_mw,3793e887e6c3b4d5eff59c5eb9bbee88cf92e7a28a48243659e8f8373a61c55f,"{""distance"":7,""physical_error_rate"":5e-05}","{""detection_events"":1438265,""detectors_checked"":5840228352}"
   3546112,         0,         0,   119.4,exact_mw,a6f040f5268ba168f94c6ccce4ff822b1b844608631bba2e2b8dc7ec85b1e503,"{""distance"":7,""physical_error_rate"":0.0002}","{""detection_events"":2104277,""detectors_checked"":2134759424}"
    936960,         0,         0,    22.8,exact_mw,a6f040f5268ba168f94c6ccce4ff822b1b844608631bba2e2b8dc7ec85b1e503,"{""distance"":7,""physical_error_rate"":0.0002}","{""detection_events"":555015,""detectors_checked"":564049920}"
   9531392,         0,         0,   119.0,exact_mw,3793e887e6c3b4d5eff59c5eb9bbee88cf92e7a28a48243659e8f8373a61c55f,"{""distance"":7,""physical_error_rate"":5e-05}","{""detection_events"":1414876,""detectors_checked"":5737897984}"
    256512,         1,         0,   119.9,exact_mw,09f626b7d1c8765fd231bc36902f9c5557d3909c4644565b971bdb2bfb186061,"{""distance"":7,""physical_error_rate"":0.0005}","{""detection_events"":377797,""detectors_checked"":154420224,""obs_mistake_mask=E"":1}"
   1657856,         0,         0,    22.8,exact_mw,894a5a708293b7bd3951925e43ae0371ba83736430ed1970399611b4deb8498b,"{""distance"":7,""physical_error_rate"":0.0001}","{""detection_events"":489546,""detectors_checked"":998029312}"
   1405952,         0,         0,   119.0,exact_mw,894a5a708293b7bd3951925e43ae0371ba83736430ed1970399611b4deb8498b,"{""distance"":7,""physical_error_rate"":0.0001}","{""detection_events"":415949,""detectors_checked"":846383104}"
   7776256,         0,         0,   118.9,exact_mw,894a5a708293b7bd3951925e43ae0371ba83736430ed1970399611b4deb8498b,"{""distance"":7,""physical_error_rate"":0.0001}","{""detection_events"":2310739,""detectors_checked"":4681306112}"
     28672,         2,         0,    23.1,exact_mw,fe773c48422346d89ea42b7ea8a90aa3034802874175ef2bfbcd9fbedf677903,"{""distance"":7,""physical_error_rate"":0.001}","{""detection_events"":84788,""detectors_checked"":17260544,""obs_mistake_mask=E"":2}"
     23040,         0,         0,    23.5,exact_mw,09f626b7d1c8765fd231bc36902f9c5557d3909c4644565b971bdb2bfb186061,"{""distance"":7,""physical_error_rate"":0.0005}","{""detection_events"":33962,""detectors_checked"":13870080}"
     29696,         0,         0,    23.5,exact_mw,fe773c48422346d89ea42b7ea8a90aa3034802874175ef2bfbcd9fbedf677903,"{""distance"":7,""physical_error_rate"":0.001}","{""detection_events"":87447,""detectors_checked"":17876992}"
       848,         0,         0,    23.7,exact_mw,8842ec4fe0f86aba00650008f7f408db45344cfb5a30f76b1f2c0fb50a8d5069,"{""distance"":7,""physical_error_rate"":0.002}","{""detection_events"":4856,""detectors_checked"":510496}"
      5888,         2,         0,    23.0,exact_mw,8842ec4fe0f86aba00650008f7f408db45344cfb5a30f76b1f2c0fb50a8d5069,"{""distance"":7,""physical_error_rate"":0.002}","{""detection_events"":34442,""detectors_checked"":3544576,""obs_mistake_mask=E"":2}"
     28672,         1,         0,   120.0,exact_mw,8842ec4fe0f86aba00650008f7f408db45344cfb5a30f76b1f2c0fb50a8d5069,"{""distance"":7,""physical_error_rate"":0.002}","{""detection_events"":167827,""detectors_checked"":17260544,""obs_mistake_mask=E"":1}"
    156672,         0,         0,   121.0,exact_mw,fe773c48422346d89ea42b7ea8a90aa3034802874175ef2bfbcd9fbedf677903,"{""distance"":7,""physical_error_rate"":0.001}","{""detection_events"":460787,""detectors_checked"":94316544}"
    149504,         1,         0,   120.1,exact_mw,fe773c48422346d89ea42b7ea8a90aa3034802874175ef2bfbcd9fbedf677903,"{""distance"":7,""physical_error_rate"":0.001}","{""detection_events"":440732,""detectors_checked"":90001408,""obs_mistake_mask=E"":1}"
    146432,         3,         0,   120.5,exact_mw,fe773c48422346d89ea42b7ea8a90aa3034802874175ef2bfbcd9fbedf677903,"{""distance"":7,""physical_error_rate"":0.001}","{""detection_events"":434201,""detectors_checked"":88152064,""obs_mistake_mask=E"":3}"
    230400,         0,         0,    32.2,exact_mw,09f626b7d1c8765fd231bc36902f9c5557d3909c4644565b971bdb2bfb186061,"{""distance"":7,""physical_error_rate"":0.0005}","{""detection_events"":339658,""detectors_checked"":138700800}"
   2610176,         0,         0,    31.9,exact_mw,3793e887e6c3b4d5eff59c5eb9bbee88cf92e7a28a48243659e8f8373a61c55f,"{""distance"":7,""physical_error_rate"":5e-05}","{""detection_events"":388959,""detectors_checked"":1571325952}"
    195584,         0,         0,    32.1,exact_mw,a6f040f5268ba168f94c6ccce4ff822b1b844608631bba2e2b8dc7ec85b1e503,"{""distance"":7,""physical_error_rate"":0.0002}","{""detection_events"":116054,""detectors_checked"":117741568}"
   1353728,         0,         0,    32.0,exact_mw,a6f040f5268ba168f94c6ccce4ff822b1b844608631bba2e2b8dc7ec85b1e503,"{""distance"":7,""physical_error_rate"":0.0002}","{""detection_events"":802974,""detectors_checked"":814944256}"
   2301952,         0,         0,    31.8,exact_mw,894a5a708293b7bd3951925e43ae0371ba83736430ed1970399611b4deb8498b,"{""distance"":7,""physical_error_rate"":0.0001}","{""detection_events"":684445,""detectors_checked"":1385775104}"
     38912,         1,         0,    32.3,exact_mw,fe773c48422346d89ea42b7ea8a90aa3034802874175ef2bfbcd9fbedf677903,"{""distance"":7,""physical_error_rate"":0.001}","{""detection_events"":115565,""detectors_checked"":23425024,""obs_mistake_mask=E"":1}"
     33792,         0,         0,    32.6,exact_mw,09f626b7d1c8765fd231bc36902f9c5557d3909c4644565b971bdb2bfb186061,"{""distance"":7,""physical_error_rate"":0.0005}","{""detection_events"":50083,""detectors_checked"":20342784}"
     39936,         0,         0,    32.8,exact_mw,fe773c48422346d89ea42b7ea8a90aa3034802874175ef2bfbcd9fbedf677903,"{""distance"":7,""physical_error_rate"":0.001}","{""detection_events"":116666,""detectors_checked"":24041472}"
   5169152,         0,         0,   119.3,exact_mw,a6f040f5268ba168f94c6ccce4ff822b1b844608631bba2e2b8dc7ec85b1e503,"{""distance"":7,""physical_error_rate"":0.0002}","{""detection_events"":3062748,""detectors_checked"":3111829504}"
   9876480,         0,         0,   119.2,exact_mw,3793e887e6c3b4d5eff59c5eb9bbee88cf92e7a28a48243659e8f8373a61c55f,"{""distance"":7,""physical_error_rate"":5e-05}","{""detection_events"":1460909,""detectors_checked"":5945640960}"
   5500928,         0,         0,   119.4,exact_mw,a6f040f5268ba168f94c6ccce4ff822b1b844608631bba2e2b8dc7ec85b1e503,"{""distance"":7,""physical_error_rate"":0.0002}","{""detection_events"":3263608,""detectors_checked"":3311558656}"
   8908800,         0,         0,   119.1,exact_mw,894a5a708293b7bd3951925e43ae0371ba83736430ed1970399611b4deb8498b,"{""distance"":7,""physical_error_rate"":0.0001}","{""detection_events"":2641638,""detectors_checked"":5363097600}"
      1152,         0,         0,    32.4,exact_mw,8842ec4fe0f86aba00650008f7f408db45344cfb5a30f76b1f2c0fb50a8d5069,"{""distance"":7,""physical_error_rate"":0.002}","{""detection_events"":6808,""detectors_checked"":693504}"
      8960,         1,         0,    32.9,exact_mw,8842ec4fe0f86aba00650008f7f408db45344cfb5a30f76b1f2c0fb50a8d5069,"{""distance"":7,""physical_error_rate"":0.002}","{""detection_events"":52317,""detectors_checked"":5393920,""obs_mistake_mask=E"":1}"
    857088,         1,         0,   120.0,exact_mw,09f626b7d1c8765fd231bc36902f9c5557d3909c4644565b971bdb2bfb186061,"{""distance"":7,""physical_error_rate"":0.0005}","{""detection_events"":1267410,""detectors_checked"":515966976,""obs_mistake_mask=E"":1}"
   1358848,         0,         0,   119.0,exact_mw,3793e887e6c3b4d5eff59c5eb9bbee88cf92e7a28a48243659e8f8373a61c55f,"{""distance"":7,""physical_error_rate"":5e-05}","{""detection_events"":201864,""detectors_checked"":818026496}"
   5299200,         1,         0,   119.4,exact_mw,a6f040f5268ba168f94c6ccce4ff822b1b844608631bba2e2b8dc7ec85b1e503,"{""distance"":7,""physical_error_rate"":0.0002}","{""detection_events"":3136395,""detectors_checked"":3190118400,""obs_mistake_mask=E"":1}"
   8926208,         0,         0,   119.0,exact_mw,3793e887e6c3b4d5eff59c5eb9bbee88cf92e7a28a48243659e8f8373a61c55f,"{""distance"":7,""physical_error_rate"":5e-05}","{""detection_events"":1324619,""detectors_checked"":5373577216}"
    749568,         1,         0,   119.2,exact_mw,a6f040f5268ba168f94c6ccce4ff822b1b844608631bba2e2b8dc7ec85b1e503,"{""distance"":7,""physical_error_rate"":0.0002}","{""detection_events"":445161,""detectors_checked"":451239936,""obs_mistake_mask=E"":1}"
   8964096,         2,         0,   119.1,exact_mw,894a5a708293b7bd3951925e43ae0371ba83736430ed1970399611b4deb8498b,"{""distance"":7,""physical_error_rate"":0.0001}","{""detection_events"":2659400,""detectors_checked"":5396385792,""obs_mistake_mask=E"":2}"
   1903616,         0,         0,   118.8,exact_mw,3793e887e6c3b4d5eff59c5eb9bbee88cf92e7a28a48243659e8f8373a61c55f,"{""distance"":7,""physical_error_rate"":5e-05}","{""detection_events"":281658,""detectors_checked"":1145976832}"
    827392,         3,         0,   119.9,exact_mw,09f626b7d1c8765fd231bc36902f9c5557d3909c4644565b971bdb2bfb186061,"{""distance"":7,""physical_error_rate"":0.0005}","{""detection_events"":1226090,""detectors_checked"":498089984,""obs_mistake_mask=E"":3}"
    140032,         0,         0,   119.9,exact_mw,09f626b7d1c8765fd231bc36902f9c5557d3909c4644565b971bdb2bfb186061,"{""distance"":7,""physical_error_rate"":0.0005}","{""detection_events"":209054,""detectors_checked"":84299264}"
   5439488,         2,         0,   119.2,exact_mw,a6f040f5268ba168f94c6ccce4ff822b1b844608631bba2e2b8dc7ec85b1e503,"{""distance"":7,""physical_error_rate"":0.0002}","{""detection_events"":3227921,""detectors_checked"":3274571776,""obs_mistake_mask=E"":2}"
    821248,         3,         0,   120.0,exact_mw,09f626b7d1c8765fd231bc36902f9c5557d3909c4644565b971bdb2bfb186061,"{""distance"":7,""physical_error_rate"":0.0005}","{""detection_events"":1215979,""detectors_checked"":494391296,""obs_mistake_mask=E"":3}"
   8881152,         0,         0,   119.1,exact_mw,894a5a708293b7bd3951925e43ae0371ba83736430ed1970399611b4deb8498b,"{""distance"":7,""physical_error_rate"":0.0001}","{""detection_events"":2633595,""detectors_checked"":5346453504}"
    117760,         0,         0,   120.1,exact_mw,09f626b7d1c8765fd231bc36902f9c5557d3909c4644565b971bdb2bfb186061,"{""distance"":7,""physical_error_rate"":0.0005}","{""detection_events"":173484,""detectors_checked"":70891520}"
   9451520,         0,         0,   119.0,exact_mw,3793e887e6c3b4d5eff59c5eb9bbee88cf92e7a28a48243659e8f8373a61c55f,"{""distance"":7,""physical_error_rate"":5e-05}","{""detection_events"":1397025,""detectors_checked"":5689815040}"
    811008,         2,         0,   120.0,exact_mw,09f626b7d1c8765fd231bc36902f9c5557d3909c4644565b971bdb2bfb186061,"{""distance"":7,""physical_error_rate"":0.0005}","{""detection_events"":1199570,""detectors_checked"":488226816,""obs_mistake_mask=E"":2}"
     31232,         6,         0,   120.1,exact_mw,8842ec4fe0f86aba00650008f7f408db45344cfb5a30f76b1f2c0fb50a8d5069,"{""distance"":7,""physical_error_rate"":0.002}","{""detection_events"":184058,""detectors_checked"":18801664,""obs_mistake_mask=E"":6}"
    144384,         3,         0,   120.0,exact_mw,fe773c48422346d89ea42b7ea8a90aa3034802874175ef2bfbcd9fbedf677903,"{""distance"":7,""physical_error_rate"":0.001}","{""detection_events"":425904,""detectors_checked"":86919168,""obs_mistake_mask=E"":3}"
     30080,         5,         0,   120.4,exact_mw,8842ec4fe0f86aba00650008f7f408db45344cfb5a30f76b1f2c0fb50a8d5069,"{""distance"":7,""physical_error_rate"":0.002}","{""detection_events"":176451,""detectors_checked"":18108160,""obs_mistake_mask=E"":5}"
     20672,         0,         0,   120.3,exact_mw,fe773c48422346d89ea42b7ea8a90aa3034802874175ef2bfbcd9fbedf677903,"{""distance"":7,""physical_error_rate"":0.001}","{""detection_events"":61425,""detectors_checked"":12444544}"
     30720,         5,         0,   120.1,exact_mw,8842ec4fe0f86aba00650008f7f408db45344cfb5a30f76b1f2c0fb50a8d5069,"{""distance"":7,""physical_error_rate"":0.002}","{""detection_events"":180083,""detectors_checked"":18493440,""obs_mistake_mask=E"":5}"
    146944,         3,         0,   120.3,exact_mw,fe773c48422346d89ea42b7ea8a90aa3034802874175ef2bfbcd9fbedf677903,"{""distance"":7,""physical_error_rate"":0.001}","{""detection_events"":434503,""detectors_checked"":88460288,""obs_mistake_mask=E"":3}"
     29824,         7,         0,   120.5,exact_mw,8842ec4fe0f86aba00650008f7f408db45344cfb5a30f76b1f2c0fb50a8d5069,"{""distance"":7,""physical_error_rate"":0.002}","{""detection_events"":175848,""detectors_checked"":17954048,""obs_mistake_mask=E"":7}"
      4432,         0,         0,   120.0,exact_mw,8842ec4fe0f86aba00650008f7f408db45344cfb5a30f76b1f2c0fb50a8d5069,"{""distance"":7,""physical_error_rate"":0.002}","{""detection_events"":25370,""detectors_checked"":2668064}"
   1284096,         0,         0,   119.1,exact_mw,894a5a708293b7bd3951925e43ae0371ba83736430ed1970399611b4deb8498b,"{""distance"":7,""physical_error_rate"":0.0001}","{""detection_events"":381065,""detectors_checked"":773025792}"
    313344,         1,         0,    44.9,exact_mw,09f626b7d1c8765fd231bc36902f9c5557d3909c4644565b971bdb2bfb186061,"{""distance"":7,""physical_error_rate"":0.0005}","{""detection_events"":464844,""detectors_checked"":188633088,""obs_mistake_mask=E"":1}"
   1696768,         0,         0,   119.2,exact_mw,a6f040f5268ba168f94c6ccce4ff822b1b844608631bba2e2b8dc7ec85b1e503,"{""distance"":7,""physical_error_rate"":0.0002}","{""detection_events"":1006332,""detectors_checked"":1021454336}"
   3673088,         2,         0,    44.6,exact_mw,3793e887e6c3b4d5eff59c5eb9bbee88cf92e7a28a48243659e8f8373a61c55f,"{""distance"":7,""physical_error_rate"":5e-05}","{""detection_events"":543886,""detectors_checked"":2211198976,""obs_mistake_mask=E"":2}"
    325632,         0,         0,    44.9,exact_mw,a6f040f5268ba168f94c6ccce4ff822b1b844608631bba2e2b8dc7ec85b1e503,"{""distance"":7,""physical_error_rate"":0.0002}","{""detection_events"":193921,""detectors_checked"":196030464}"
   1880064,         0,         0,    44.7,exact_mw,a6f040f5268ba168f94c6ccce4ff822b1b844608631bba2e2b8dc7ec85b1e503,"{""distance"":7,""physical_error_rate"":0.0002}","{""detection_events"":1115507,""detectors_checked"":1131798528}"
   3351552,         0,         0,    44.7,exact_mw,894a5a708293b7bd3951925e43ae0371ba83736430ed1970399611b4deb8498b,"{""distance"":7,""physical_error_rate"":0.0001}","{""detection_events"":994998,""detectors_checked"":2017634304}"
     28160,         8,         0,   120.5,exact_mw,8842ec4fe0f86aba00650008f7f408db45344cfb5a30f76b1f2c0fb50a8d5069,"{""distance"":7,""physical_error_rate"":0.002}","{""detection_events"":166197,""detectors_checked"":16952320,""obs_mistake_mask=E"":8}"
     51200,         1,         0,    45.4,exact_mw,fe773c48422346d89ea42b7ea8a90aa3034802874175ef2bfbcd9fbedf677903,"{""distance"":7,""physical_error_rate"":0.001}","{""detection_events"":151604,""detectors_checked"":30822400,""obs_mistake_mask=E"":1}"
     50688,         0,         0,    45.5,exact_mw,09f626b7d1c8765fd231bc36902f9c5557d3909c4644565b971bdb2bfb186061,"{""distance"":7,""physical_error_rate"":0.0005}","{""detection_events"":75276,""detectors_checked"":30514176}"
     56320,         2,         0,    45.5,exact_mw,fe773c48422346d89ea42b7ea8a90aa3034802874175ef2bfbcd9fbedf677903,"{""distance"":7,""physical_error_rate"":0.001}","{""detection_events"":166085,""detectors_checked"":33904640,""obs_mistake_mask=E"":2}"
      1936,         1,         0,    45.4,exact_mw,8842ec4fe0f86aba00650008f7f408db45344cfb5a30f76b1f2c0fb50a8d5069,"{""distance"":7,""physical_error_rate"":0.002}","{""detection_events"":11124,""detectors_checked"":1165472,""obs_mistake_mask=E"":1}"
     10880,         1,         0,    45.4,exact_mw,8842ec4fe0f86aba00650008f7f408db45344cfb5a30f76b1f2c0fb50a8d5069,"{""distance"":7,""physical_error_rate"":0.002}","{""detection_events"":63756,""detectors_checked"":6549760,""obs_mistake_mask=E"":1}"
   4005888,         2,         0,   119.5,exact_mw,a6f040f5268ba168f94c6ccce4ff822b1b844608631bba2e2b8dc7ec85b1e503,"{""distance"":7,""physical_error_rate"":0.0002}","{""detection_events"":2372448,""detectors_checked"":2411544576,""obs_mistake_mask=E"":2}"
   9299968,         0,         0,   119.1,exact_mw,3793e887e6c3b4d5eff59c5eb9bbee88cf92e7a28a48243659e8f8373a61c55f,"{""distance"":7,""physical_error_rate"":5e-05}","{""detection_events"":1384819,""detectors_checked"":5598580736}"
    146432,         1,         0,   120.9,exact_mw,fe773c48422346d89ea42b7ea8a90aa3034802874175ef2bfbcd9fbedf677903,"{""distance"":7,""physical_error_rate"":0.001}","{""detection_events"":431502,""detectors_checked"":88152064,""obs_mistake_mask=E"":1}"
   8847360,         0,         0,   119.0,exact_mw,894a5a708293b7bd3951925e43ae0371ba83736430ed1970399611b4deb8498b,"{""distance"":7,""physical_error_rate"":0.0001}","{""detection_events"":2624881,""detectors_checked"":5326110720}"
    838656,         2,         0,   120.0,exact_mw,09f626b7d1c8765fd231bc36902f9c5557d3909c4644565b971bdb2bfb186061,"{""distance"":7,""physical_error_rate"":0.0005}","{""detection_events"":1239572,""detectors_checked"":504870912,""obs_mistake_mask=E"":2}"
   9081856,         2,         0,   119.0,exact_mw,894a5a708293b7bd3951925e43ae0371ba83736430ed1970399611b4deb8498b,"{""distance"":7,""physical_error_rate"":0.0001}","{""detection_events"":2690808,""detectors_checked"":5467277312,""obs_mistake_mask=E"":2}"
   9686016,         0,         0,   119.0,exact_mw,3793e887e6c3b4d5eff59c5eb9bbee88cf92e7a28a48243659e8f8373a61c55f,"{""distance"":7,""physical_error_rate"":5e-05}","{""detection_events"":1436981,""detectors_checked"":5830981632}"
   5033984,         0,         0,   119.3,exact_mw,a6f040f5268ba168f94c6ccce4ff822b1b844608631bba2e2b8dc7ec85b1e503,"{""distance"":7,""physical_error_rate"":0.0002}","{""detection_events"":2983252,""detectors_checked"":3030458368}"
    820224,         1,         0,   120.0,exact_mw,09f626b7d1c8765fd231bc36902f9c5557d3909c4644565b971bdb2bfb186061,"{""distance"":7,""physical_error_rate"":0.0005}","{""detection_events"":1211674,""detectors_checked"":493774848,""obs_mistake_mask=E"":1}"
     31104,         8,         0,   120.0,exact_mw,8842ec4fe0f86aba00650008f7f408db45344cfb5a30f76b1f2c0fb50a8d5069,"{""distance"":7,""physical_error_rate"":0.002}","{""detection_events"":182701,""detectors_checked"":18724608,""obs_mistake_mask=E"":8}"
    143360,         2,         0,   120.1,exact_mw,fe773c48422346d89ea42b7ea8a90aa3034802874175ef2bfbcd9fbedf677903,"{""distance"":7,""physical_error_rate"":0.001}","{""detection_events"":424096,""detectors_checked"":86302720,""obs_mistake_mask=E"":2}"
     29952,         8,         0,   120.1,exact_mw,8842ec4fe0f86aba00650008f7f408db45344cfb5a30f76b1f2c0fb50a8d5069,"{""distance"":7,""physical_error_rate"":0.002}","{""detection_events"":174876,""detectors_checked"":18031104,""obs_mistake_mask=E"":8}"
   8065024,         1,         0,   119.0,exact_mw,894a5a708293b7bd3951925e43ae0371ba83736430ed1970399611b4deb8498b,"{""distance"":7,""physical_error_rate"":0.0001}","{""detection_events"":2392386,""detectors_checked"":4855144448,""obs_mistake_mask=E"":1}"
     83904,         3,         0,   120.3,exact_mw,fe773c48422346d89ea42b7ea8a90aa3034802874175ef2bfbcd9fbedf677903,"{""distance"":7,""physical_error_rate"":0.001}","{""detection_events"":246773,""detectors_checked"":50510208,""obs_mistake_mask=E"":3}"
   9278464,         0,         0,   118.8,exact_mw,3793e887e6c3b4d5eff59c5eb9bbee88cf92e7a28a48243659e8f8373a61c55f,"{""distance"":7,""physical_error_rate"":5e-05}","{""detection_events"":1374025,""detectors_checked"":5585635328}"
   3221504,         0,         0,   119.3,exact_mw,a6f040f5268ba168f94c6ccce4ff822b1b844608631bba2e2b8dc7ec85b1e503,"{""distance"":7,""physical_error_rate"":0.0002}","{""detection_events"":1912164,""detectors_checked"":1939345408}"
   9432064,         0,         0,   119.1,exact_mw,3793e887e6c3b4d5eff59c5eb9bbee88cf92e7a28a48243659e8f8373a61c55f,"{""distance"":7,""physical_error_rate"":5e-05}","{""detection_events"":1402572,""detectors_checked"":5678102528}"
    120320,         0,         0,   120.1,exact_mw,09f626b7d1c8765fd231bc36902f9c5557d3909c4644565b971bdb2bfb186061,"{""distance"":7,""physical_error_rate"":0.0005}","{""detection_events"":176931,""detectors_checked"":72432640}"
   1304576,         0,         0,   119.2,exact_mw,894a5a708293b7bd3951925e43ae0371ba83736430ed1970399611b4deb8498b,"{""distance"":7,""physical_error_rate"":0.0001}","{""detection_events"":387533,""detectors_checked"":785354752}"
   8493056,         2,         0,   119.1,exact_mw,894a5a708293b7bd3951925e43ae0371ba83736430ed1970399611b4deb8498b,"{""distance"":7,""physical_error_rate"":0.0001}","{""detection_events"":2519077,""detectors_checked"":5112819712,""obs_mistake_mask=E"":2}"
     31744,         8,         0,   120.0,exact_mw,8842ec4fe0f86aba00650008f7f408db45344cfb5a30f76b1f2c0fb50a8d5069,"{""distance"":7,""physical_error_rate"":0.002}","{""detection_events"":186493,""detectors_checked"":19109888,""obs_mistake_mask=E"":8}"
    137728,         4,         0,   120.5,exact_mw,fe773c48422346d89ea42b7ea8a90aa3034802874175ef2bfbcd9fbedf677903,"{""distance"":7,""physical_error_rate"":0.001}","{""detection_events"":406806,""detectors_checked"":82912256,""obs_mistake_mask=E"":4}"
    421888,         1,         0,    63.0,exact_mw,09f626b7d1c8765fd231bc36902f9c5557d3909c4644565b971bdb2bfb186061,"{""distance"":7,""physical_error_rate"":0.0005}","{""detection_events"":623012,""detectors_checked"":253976576,""obs_mistake_mask=E"":1}"
   5114880,         1,         0,    62.5,exact_mw,3793e887e6c3b4d5eff59c5eb9bbee88cf92e7a28a48243659e8f8373a61c55f,"{""distance"":7,""physical_error_rate"":5e-05}","{""detection_events"":760318,""detectors_checked"":3079157760,""obs_mistake_mask=E"":1}"
    142336,         2,         0,   120.2,exact_mw,fe773c48422346d89ea42b7ea8a90aa3034802874175ef2bfbcd9fbedf677903,"{""distance"":7,""physical_error_rate"":0.001}","{""detection_events"":418657,""detectors_checked"":85686272,""obs_mistake_mask=E"":2}"
    412672,         0,         0,    62.5,exact_mw,a6f040f5268ba168f94c6ccce4ff822b1b844608631bba2e2b8dc7ec85b1e503,"{""distance"":7,""physical_error_rate"":0.0002}","{""detection_events"":245457,""detectors_checked"":248428544}"
   2754560,         0,         0,    62.6,exact_mw,a6f040f5268ba168f94c6ccce4ff822b1b844608631bba2e2b8dc7ec85b1e503,"{""distance"":7,""physical_error_rate"":0.0002}","{""detection_events"":1638406,""detectors_checked"":1658245120}"
   4843520,         0,         0,    62.5,exact_mw,894a5a708293b7bd3951925e43ae0371ba83736430ed1970399611b4deb8498b,"{""distance"":7,""physical_error_rate"":0.0001}","{""detection_events"":1436920,""detectors_checked"":2915799040}"
     53632,         0,         0,   120.0,exact_mw,fe773c48422346d89ea42b7ea8a90aa3034802874175ef2bfbcd9fbedf677903,"{""distance"":7,""physical_error_rate"":0.001}","{""detection_events"":158826,""detectors_checked"":32286464}"
     72704,         3,         0,    63.5,exact_mw,fe773c48422346d89ea42b7ea8a90aa3034802874175ef2bfbcd9fbedf677903,"{""distance"":7,""physical_error_rate"":0.001}","{""detection_events"":215566,""detectors_checked"":43767808,""obs_mistake_mask=E"":3}"
     64512,         0,         0,    63.0,exact_mw,09f626b7d1c8765fd231bc36902f9c5557d3909c4644565b971bdb2bfb186061,"{""distance"":7,""physical_error_rate"":0.0005}","{""detection_events"":95430,""detectors_checked"":38836224}"
     74752,         2,         0,    63.3,exact_mw,fe773c48422346d89ea42b7ea8a90aa3034802874175ef2bfbcd9fbedf677903,"{""distance"":7,""physical_error_rate"":0.001}","{""detection_events"":219702,""detectors_checked"":45000704,""obs_mistake_mask=E"":2}"
      2304,         0,         0,    63.4,exact_mw,8842ec4fe0f86aba00650008f7f408db45344cfb5a30f76b1f2c0fb50a8d5069,"{""distance"":7,""physical_error_rate"":0.002}","{""detection_events"":13149,""detectors_checked"":1387008}"
     16000,         1,         0,    63.4,exact_mw,8842ec4fe0f86aba00650008f7f408db45344cfb5a30f76b1f2c0fb50a8d5069,"{""distance"":7,""physical_error_rate"":0.002}","{""detection_events"":94421,""detectors_checked"":9632000,""obs_mistake_mask=E"":1}"
   5641216,         0,         0,   119.3,exact_mw,a6f040f5268ba168f94c6ccce4ff822b1b844608631bba2e2b8dc7ec85b1e503,"{""distance"":7,""physical_error_rate"":0.0002}","{""detection_events"":3342889,""detectors_checked"":3396012032}"
   9638912,         0,         0,   119.0,exact_mw,3793e887e6c3b4d5eff59c5eb9bbee88cf92e7a28a48243659e8f8373a61c55f,"{""distance"":7,""physical_error_rate"":5e-05}","{""detection_events"":1427314,""detectors_checked"":5802625024}"
   5378048,         3,         0,   119.3,exact_mw,a6f040f5268ba168f94c6ccce4ff822b1b844608631bba2e2b8dc7ec85b1e503,"{""distance"":7,""physical_error_rate"":0.0002}","{""detection_events"":3185227,""detectors_checked"":3237584896,""obs_mistake_mask=E"":3}"
   8777728,         0,         0,   119.2,exact_mw,894a5a708293b7bd3951925e43ae0371ba83736430ed1970399611b4deb8498b,"{""distance"":7,""physical_error_rate"":0.0001}","{""detection_events"":2608577,""detectors_checked"":5284192256}"
    837632,         2,         0,   120.0,exact_mw,09f626b7d1c8765fd231bc36902f9c5557d3909c4644565b971bdb2bfb186061,"{""distance"":7,""physical_error_rate"":0.0005}","{""detection_events"":1237858,""detectors_checked"":504254464,""obs_mistake_mask=E"":2}"
   1392640,         0,         0,   119.0,exact_mw,3793e887e6c3b4d5eff59c5eb9bbee88cf92e7a28a48243659e8f8373a61c55f,"{""distance"":7,""physical_error_rate"":5e-05}","{""detection_events"":207269,""detectors_checked"":838369280}"
   5111808,         1,         0,   119.3,exact_mw,a6f040f5268ba168f94c6ccce4ff822b1b844608631bba2e2b8dc7ec85b1e503,"{""distance"":7,""physical_error_rate"":0.0002}","{""detection_events"":3028426,""detectors_checked"":3077308416,""obs_mistake_mask=E"":1}"
   9395200,         0,         0,   119.2,exact_mw,3793e887e6c3b4d5eff59c5eb9bbee88cf92e7a28a48243659e8f8373a61c55f,"{""distance"":7,""physical_error_rate"":5e-05}","{""detection_events"":1391447,""detectors_checked"":5655910400}"
   3064832,         0,         0,   118.9,exact_mw,a6f040f5268ba168f94c6ccce4ff822b1b844608631bba2e2b8dc7ec85b1e503,"{""distance"":7,""physical_error_rate"":0.0002}","{""detection_events"":1816162,""detectors_checked"":1845028864}"
   8494080,         0,         0,   119.1,exact_mw,894a5a708293b7bd3951925e43ae0371ba83736430ed1970399611b4deb8498b,"{""distance"":7,""physical_error_rate"":0.0001}","{""detection_events"":2517080,""detectors_checked"":5113436160}"
   9180160,         0,         0,   119.2,exact_mw,3793e887e6c3b4d5eff59c5eb9bbee88cf92e7a28a48243659e8f8373a61c55f,"{""distance"":7,""physical_error_rate"":5e-05}","{""detection_events"":1362361,""detectors_checked"":5526456320}"
    875520,         2,         0,   119.9,exact_mw,09f626b7d1c8765fd231bc36902f9c5557d3909c4644565b971bdb2bfb186061,"{""distance"":7,""physical_error_rate"":0.0005}","{""detection_events"":1297360,""detectors_checked"":527063040,""obs_mistake_mask=E"":2}"
    773120,         3,         0,   119.9,exact_mw,09f626b7d1c8765fd231bc36902f9c5557d3909c4644565b971bdb2bfb186061,"{""distance"":7,""physical_error_rate"":0.0005}","{""detection_events"":1143954,""detectors_checked"":465418240,""obs_mistake_mask=E"":3}"
   5276672,         4,         0,   119.3,exact_mw,a6f040f5268ba168f94c6ccce4ff822b1b844608631bba2e2b8dc7ec85b1e503,"{""distance"":7,""physical_error_rate"":0.0002}","{""detection_events"":3128699,""detectors_checked"":3176556544,""obs_mistake_mask=E"":4}"
    817152,         3,         0,   120.0,exact_mw,09f626b7d1c8765fd231bc36902f9c5557d3909c4644565b971bdb2bfb186061,"{""distance"":7,""physical_error_rate"":0.0005}","{""detection_events"":1214195,""detectors_checked"":491925504,""obs_mistake_mask=E"":3}"
   8537088,         2,         0,   119.0,exact_mw,894a5a708293b7bd3951925e43ae0371ba83736430ed1970399611b4deb8498b,"{""distance"":7,""physical_error_rate"":0.0001}","{""detection_events"":2534863,""detectors_checked"":5139326976,""obs_mistake_mask=E"":2}"
   9467904,         0,         0,   119.0,exact_mw,3793e887e6c3b4d5eff59c5eb9bbee88cf92e7a28a48243659e8f8373a61c55f,"{""distance"":7,""physical_error_rate"":5e-05}","{""detection_events"":1405910,""detectors_checked"":5699678208}"
    123392,         1,         0,   120.8,exact_mw,09f626b7d1c8765fd231bc36902f9c5557d3909c4644565b971bdb2bfb186061,"{""distance"":7,""physical_error_rate"":0.0005}","{""detection_events"":182884,""detectors_checked"":74281984,""obs_mistake_mask=E"":1}"
    899072,         1,         0,   120.0,exact_mw,09f626b7d1c8765fd231bc36902f9c5557d3909c4644565b971bdb2bfb186061,"{""distance"":7,""physical_error_rate"":0.0005}","{""detection_events"":1328274,""detectors_checked"":541241344,""obs_mistake_mask=E"":1}"
     29440,         5,         0,   120.2,exact_mw,8842ec4fe0f86aba00650008f7f408db45344cfb5a30f76b1f2c0fb50a8d5069,"{""distance"":7,""physical_error_rate"":0.002}","{""detection_events"":172631,""detectors_checked"":17722880,""obs_mistake_mask=E"":5}"
    142336,         8,         0,   120.5,exact_mw,fe773c48422346d89ea42b7ea8a90aa3034802874175ef2bfbcd9fbedf677903,"{""distance"":7,""physical_error_rate"":0.001}","{""detection_events"":419344,""detectors_checked"":85686272,""obs_mistake_mask=E"":8}"
     30208,         2,         0,   120.6,exact_mw,8842ec4fe0f86aba00650008f7f408db45344cfb5a30f76b1f2c0fb50a8d5069,"{""distance"":7,""physical_error_rate"":0.002}","{""detection_events"":177550,""detectors_checked"":18185216,""obs_mistake_mask=E"":2}"
     20608,         0,         0,   120.1,exact_mw,fe773c48422346d89ea42b7ea8a90aa3034802874175ef2bfbcd9fbedf677903,"{""distance"":7,""physical_error_rate"":0.001}","{""detection_events"":60308,""detectors_checked"":12406016}"
     32640,         7,         0,   120.3,exact_mw,8842ec4fe0f86aba00650008f7f408db45344cfb5a30f76b1f2c0fb50a8d5069,"{""distance"":7,""physical_error_rate"":0.002}","{""detection_events"":189526,""detectors_checked"":19649280,""obs_mistake_mask=E"":7}"
    151552,         1,         0,   120.3,exact_mw,fe773c48422346d89ea42b7ea8a90aa3034802874175ef2bfbcd9fbedf677903,"{""distance"":7,""physical_error_rate"":0.001}","{""detection_events"":447761,""detectors_checked"":91234304,""obs_mistake_mask=E"":1}"
      5872,         1,         0,   119.9,exact_mw,8842ec4fe0f86aba00650008f7f408db45344cfb5a30f76b1f2c0fb50a8d5069,"{""distance"":7,""physical_error_rate"":0.002}","{""detection_events"":34636,""detectors_checked"":3534944,""obs_mistake_mask=E"":1}"
   1670373,         0,         0,    22.3,exact_mw,3793e887e6c3b4d5eff59c5eb9bbee88cf92e7a28a48243659e8f8373a61c55f,"{""distance"":7,""physical_error_rate"":5e-05}","{""detection_events"":247112,""detectors_checked"":1005564546}"
      5184,         1,         0,   120.4,exact_mw,8842ec4fe0f86aba00650008f7f408db45344cfb5a30f76b1f2c0fb50a8d5069,"{""distance"":7,""physical_error_rate"":0.002}","{""detection_events"":29939,""detectors_checked"":3120768,""obs_mistake_mask=E"":1}"
   1609728,         0,         0,   118.6,exact_mw,894a5a708293b7bd3951925e43ae0371ba83736430ed1970399611b4deb8498b,"{""distance"":7,""physical_error_rate"":0.0001}","{""detection_events"":476696,""detectors_checked"":969056256}"
   4945920,         1,         0,   119.5,exact_mw,a6f040f5268ba168f94c6ccce4ff822b1b844608631bba2e2b8dc7ec85b1e503,"{""distance"":7,""physical_error_rate"":0.0002}","{""detection_events"":2930609,""detectors_checked"":2977443840,""obs_mistake_mask=E"":1}"
     30464,         4,         0,   120.3,exact_mw,8842ec4fe0f86aba00650008f7f408db45344cfb5a30f76b1f2c0fb50a8d5069,"{""distance"":7,""physical_error_rate"":0.002}","{""detection_events"":178197,""detectors_checked"":18339328,""obs_mistake_mask=E"":4}"
   1977344,         1,         0,   119.4,exact_mw,a6f040f5268ba168f94c6ccce4ff822b1b844608631bba2e2b8dc7ec85b1e503,"{""distance"":7,""physical_error_rate"":0.0002}","{""detection_events"":1170450,""detectors_checked"":1190361088,""obs_mistake_mask=E"":1}"
   9438208,         0,         0,   119.0,exact_mw,3793e887e6c3b4d5eff59c5eb9bbee88cf92e7a28a48243659e8f8373a61c55f,"{""distance"":7,""physical_error_rate"":5e-05}","{""detection_events"":1403713,""detectors_checked"":5681801216}"
   5094400,         0,         0,   119.1,exact_mw,894a5a708293b7bd3951925e43ae0371ba83736430ed1970399611b4deb8498b,"{""distance"":7,""physical_error_rate"":0.0001}","{""detection_events"":1513021,""detectors_checked"":3066828800}"
    821248,         0,         0,   119.9,exact_mw,09f626b7d1c8765fd231bc36902f9c5557d3909c4644565b971bdb2bfb186061,"{""distance"":7,""physical_error_rate"":0.0005}","{""detection_events"":1219071,""detectors_checked"":494391296}"
    138752,         4,         0,   120.6,exact_mw,fe773c48422346d89ea42b7ea8a90aa3034802874175ef2bfbcd9fbedf677903,"{""distance"":7,""physical_error_rate"":0.001}","{""detection_events"":409421,""detectors_checked"":83528704,""obs_mistake_mask=E"":4}"
   8976384,         0,         0,   119.1,exact_mw,894a5a708293b7bd3951925e43ae0371ba83736430ed1970399611b4deb8498b,"{""distance"":7,""physical_error_rate"":0.0001}","{""detection_events"":2659383,""detectors_checked"":5403783168}"
   9211904,         1,         0,   118.9,exact_mw,3793e887e6c3b4d5eff59c5eb9bbee88cf92e7a28a48243659e8f8373a61c55f,"{""distance"":7,""physical_error_rate"":5e-05}","{""detection_events"":1368517,""detectors_checked"":5545566208,""obs_mistake_mask=E"":1}"
   4665344,         0,         0,   119.5,exact_mw,a6f040f5268ba168f94c6ccce4ff822b1b844608631bba2e2b8dc7ec85b1e503,"{""distance"":7,""physical_error_rate"":0.0002}","{""detection_events"":2766720,""detectors_checked"":2808537088}"
    780288,         2,         0,   119.9,exact_mw,09f626b7d1c8765fd231bc36902f9c5557d3909c4644565b971bdb2bfb186061,"{""distance"":7,""physical_error_rate"":0.0005}","{""detection_events"":1152276,""detectors_checked"":469733376,""obs_mistake_mask=E"":2}"
    529408,         1,         0,    88.2,exact_mw,09f626b7d1c8765fd231bc36902f9c5557d3909c4644565b971bdb2bfb186061,"{""distance"":7,""physical_error_rate"":0.0005}","{""detection_events"":781541,""detectors_checked"":318703616,""obs_mistake_mask=E"":1}"
   6901760,         0,         0,    87.5,exact_mw,3793e887e6c3b4d5eff59c5eb9bbee88cf92e7a28a48243659e8f8373a61c55f,"{""distance"":7,""physical_error_rate"":5e-05}","{""detection_events"":1024313,""detectors_checked"":4154859520}"
   1320960,         0,         0,    87.9,exact_mw,a6f040f5268ba168f94c6ccce4ff822b1b844608631bba2e2b8dc7ec85b1e503,"{""distance"":7,""physical_error_rate"":0.0002}","{""detection_events"":784379,""detectors_checked"":795217920}"
    847437,         0,         0,    11.4,exact_mw,3793e887e6c3b4d5eff59c5eb9bbee88cf92e7a28a48243659e8f8373a61c55f,"{""distance"":7,""physical_error_rate"":5e-05}","{""detection_events"":126496,""detectors_checked"":510157074}"
   7749632,         0,         0,   107.5,exact_mw,3793e887e6c3b4d5eff59c5eb9bbee88cf92e7a28a48243659e8f8373a61c55f,"{""distance"":7,""physical_error_rate"":5e-05}","{""detection_events"":1150053,""detectors_checked"":4665278464}"
   3860480,         1,         0,    87.7,exact_mw,a6f040f5268ba168f94c6ccce4ff822b1b844608631bba2e2b8dc7ec85b1e503,"{""distance"":7,""physical_error_rate"":0.0002}","{""detection_events"":2292048,""detectors_checked"":2324008960,""obs_mistake_mask=E"":1}"
     29824,         5,         0,   120.4,exact_mw,8842ec4fe0f86aba00650008f7f408db45344cfb5a30f76b1f2c0fb50a8d5069,"{""distance"":7,""physical_error_rate"":0.002}","{""detection_events"":175041,""detectors_checked"":17954048,""obs_mistake_mask=E"":5}"
    136192,         3,         0,   120.4,exact_mw,fe773c48422346d89ea42b7ea8a90aa3034802874175ef2bfbcd9fbedf677903,"{""distance"":7,""physical_error_rate"":0.001}","{""detection_events"":400923,""detectors_checked"":81987584,""obs_mistake_mask=E"":3}"
   6347776,         2,         0,    87.4,exact_mw,894a5a708293b7bd3951925e43ae0371ba83736430ed1970399611b4deb8498b,"{""distance"":7,""physical_error_rate"":0.0001}","{""detection_events"":1880261,""detectors_checked"":3821361152,""obs_mistake_mask=E"":2}"
     20208,         2,         0,   120.1,exact_mw,8842ec4fe0f86aba00650008f7f408db45344cfb5a30f76b1f2c0fb50a8d5069,"{""distance"":7,""physical_error_rate"":0.002}","{""detection_events"":118597,""detectors_checked"":12165216,""obs_mistake_mask=E"":2}"
     92160,         2,         0,    88.5,exact_mw,fe773c48422346d89ea42b7ea8a90aa3034802874175ef2bfbcd9fbedf677903,"{""distance"":7,""physical_error_rate"":0.001}","{""detection_events"":271156,""detectors_checked"":55480320,""obs_mistake_mask=E"":2}"
    356864,         3,         0,    88.2,exact_mw,09f626b7d1c8765fd231bc36902f9c5557d3909c4644565b971bdb2bfb186061,"{""distance"":7,""physical_error_rate"":0.0005}","{""detection_events"":529840,""detectors_checked"":214832128,""obs_mistake_mask=E"":3}"
   7828480,         0,         0,   119.1,exact_mw,894a5a708293b7bd3951925e43ae0371ba83736430ed1970399611b4deb8498b,"{""distance"":7,""physical_error_rate"":0.0001}","{""detection_events"":2320731,""detectors_checked"":4712744960}"
    131584,         2,         0,   120.3,exact_mw,fe773c48422346d89ea42b7ea8a90aa3034802874175ef2bfbcd9fbedf677903,"{""distance"":7,""physical_error_rate"":0.001}","{""detection_events"":385482,""detectors_checked"":79213568,""obs_mistake_mask=E"":2}"
    102912,         1,         0,    88.5,exact_mw,fe773c48422346d89ea42b7ea8a90aa3034802874175ef2bfbcd9fbedf677903,"{""distance"":7,""physical_error_rate"":0.001}","{""detection_events"":302734,""detectors_checked"":61953024,""obs_mistake_mask=E"":1}"
   2109440,         0,         0,   119.3,exact_mw,a6f040f5268ba168f94c6ccce4ff822b1b844608631bba2e2b8dc7ec85b1e503,"{""distance"":7,""physical_error_rate"":0.0002}","{""detection_events"":1248596,""detectors_checked"":1269882880}"
   5634048,         0,         0,   119.0,exact_mw,3793e887e6c3b4d5eff59c5eb9bbee88cf92e7a28a48243659e8f8373a61c55f,"{""distance"":7,""physical_error_rate"":5e-05}","{""detection_events"":836200,""detectors_checked"":3391696896}"
      5392,         1,         0,    88.5,exact_mw,8842ec4fe0f86aba00650008f7f408db45344cfb5a30f76b1f2c0fb50a8d5069,"{""distance"":7,""physical_error_rate"":0.002}","{""detection_events"":31668,""detectors_checked"":3245984,""obs_mistake_mask=E"":1}"
    150528,         1,         0,   120.7,exact_mw,09f626b7d1c8765fd231bc36902f9c5557d3909c4644565b971bdb2bfb186061,"{""distance"":7,""physical_error_rate"":0.0005}","{""detection_events"":224197,""detectors_checked"":90617856,""obs_mistake_mask=E"":1}"
     19072,         3,         0,    88.4,exact_mw,8842ec4fe0f86aba00650008f7f408db45344cfb5a30f76b1f2c0fb50a8d5069,"{""distance"":7,""physical_error_rate"":0.002}","{""detection_events"":111705,""detectors_checked"":11481344,""obs_mistake_mask=E"":3}"
   1625088,         0,         0,   119.2,exact_mw,894a5a708293b7bd3951925e43ae0371ba83736430ed1970399611b4deb8498b,"{""distance"":7,""physical_error_rate"":0.0001}","{""detection_events"":481620,""detectors_checked"":978302976}"
   5146624,         0,         0,   119.3,exact_mw,894a5a708293b7bd3951925e43ae0371ba83736430ed1970399611b4deb8498b,"{""distance"":7,""physical_error_rate"":0.0001}","{""detection_events"":1524283,""detectors_checked"":3098267648}"
     30592,         5,         0,   120.7,exact_mw,8842ec4fe0f86aba00650008f7f408db45344cfb5a30f76b1f2c0fb50a8d5069,"{""distance"":7,""physical_error_rate"":0.002}","{""detection_events"":179049,""detectors_checked"":18416384,""obs_mistake_mask=E"":5}"
    140288,         0,         0,   120.9,exact_mw,fe773c48422346d89ea42b7ea8a90aa3034802874175ef2bfbcd9fbedf677903,"{""distance"":7,""physical_error_rate"":0.001}","{""detection_events"":413968,""detectors_checked"":84453376}"
    128512,         4,         0,   120.2,exact_mw,fe773c48422346d89ea42b7ea8a90aa3034802874175ef2bfbcd9fbedf677903,"{""distance"":7,""physical_error_rate"":0.001}","{""detection_events"":378230,""detectors_checked"":77364224,""obs_mistake_mask=E"":4}"
    102080,         3,         0,   120.6,exact_mw,fe773c48422346d89ea42b7ea8a90aa3034802874175ef2bfbcd9fbedf677903,"{""distance"":7,""physical_error_rate"":0.001}","{""detection_events"":301787,""detectors_checked"":61452160,""obs_mistake_mask=E"":3}"
   7645714,         1,         0,    97.5,exact_mw,3793e887e6c3b4d5eff59c5eb9bbee88cf92e7a28a48243659e8f8373a61c55f,"{""distance"":7,""physical_error_rate"":5e-05}","{""detection_events"":1134470,""detectors_checked"":4602719828,""obs_mistake_mask=E"":1}"
   6984704,         0,         0,    81.8,exact_mw,3793e887e6c3b4d5eff59c5eb9bbee88cf92e7a28a48243659e8f8373a61c55f,"{""distance"":7,""physical_error_rate"":5e-05}","{""detection_events"":1037743,""detectors_checked"":4204791808}"
   7243776,         0,         0,    92.4,exact_mw,3793e887e6c3b4d5eff59c5eb9bbee88cf92e7a28a48243659e8f8373a61c55f,"{""distance"":7,""physical_error_rate"":5e-05}","{""detection_events"":1075452,""detectors_checked"":4360753152}"
   6078464,         0,         0,    96.8,exact_mw,3793e887e6c3b4d5eff59c5eb9bbee88cf92e7a28a48243659e8f8373a61c55f,"{""distance"":7,""physical_error_rate"":5e-05}","{""detection_events"":899831,""detectors_checked"":3659235328}"
   5299200,         0,         0,   119.3,exact_mw,a6f040f5268ba168f94c6ccce4ff822b1b844608631bba2e2b8dc7ec85b1e503,"{""distance"":7,""physical_error_rate"":0.0002}","{""detection_events"":3149405,""detectors_checked"":3190118400}"
   1169127,         0,         0,    14.7,exact_mw,3793e887e6c3b4d5eff59c5eb9bbee88cf92e7a28a48243659e8f8373a61c55f,"{""distance"":7,""physical_error_rate"":5e-05}","{""detection_events"":172838,""detectors_checked"":703814454}"
   4241408,         0,         0,    54.6,exact_mw,3793e887e6c3b4d5eff59c5eb9bbee88cf92e7a28a48243659e8f8373a61c55f,"{""distance"":7,""physical_error_rate"":5e-05}","{""detection_events"":629847,""detectors_checked"":2553327616}"
   5314560,         0,         0,    56.0,exact_mw,3793e887e6c3b4d5eff59c5eb9bbee88cf92e7a28a48243659e8f8373a61c55f,"{""distance"":7,""physical_error_rate"":5e-05}","{""detection_events"":787426,""detectors_checked"":3199365120}"
   5035008,         0,         0,    58.7,exact_mw,3793e887e6c3b4d5eff59c5eb9bbee88cf92e7a28a48243659e8f8373a61c55f,"{""distance"":7,""physical_error_rate"":5e-05}","{""detection_events"":745766,""detectors_checked"":3031074816}"
   4135936,         0,         0,    54.7,exact_mw,3793e887e6c3b4d5eff59c5eb9bbee88cf92e7a28a48243659e8f8373a61c55f,"{""distance"":7,""physical_error_rate"":5e-05}","{""detection_events"":611519,""detectors_checked"":2489833472}"
   9490432,         1,         0,   119.1,exact_mw,894a5a708293b7bd3951925e43ae0371ba83736430ed1970399611b4deb8498b,"{""distance"":7,""physical_error_rate"":0.0001}","{""detection_events"":2814768,""detectors_checked"":5713240064,""obs_mistake_mask=E"":1}"
   5590016,         1,         0,   119.3,exact_mw,a6f040f5268ba168f94c6ccce4ff822b1b844608631bba2e2b8dc7ec85b1e503,"{""distance"":7,""physical_error_rate"":0.0002}","{""detection_events"":3313219,""detectors_checked"":3365189632,""obs_mistake_mask=E"":1}"
   1471839,         0,         0,    18.0,exact_mw,3793e887e6c3b4d5eff59c5eb9bbee88cf92e7a28a48243659e8f8373a61c55f,"{""distance"":7,""physical_error_rate"":5e-05}","{""detection_events"":219103,""detectors_checked"":886047078}"
   1526784,         0,         0,    44.3,exact_mw,3793e887e6c3b4d5eff59c5eb9bbee88cf92e7a28a48243659e8f8373a61c55f,"{""distance"":7,""physical_error_rate"":5e-05}","{""detection_events"":227074,""detectors_checked"":919123968}"
   1940480,         0,         0,   116.3,exact_mw,3793e887e6c3b4d5eff59c5eb9bbee88cf92e7a28a48243659e8f8373a61c55f,"{""distance"":7,""physical_error_rate"":5e-05}","{""detection_events"":288169,""detectors_checked"":1168168960}"
    925696,         4,         0,   120.0,exact_mw,09f626b7d1c8765fd231bc36902f9c5557d3909c4644565b971bdb2bfb186061,"{""distance"":7,""physical_error_rate"":0.0005}","{""detection_events"":1374123,""detectors_checked"":557268992,""obs_mistake_mask=E"":4}"
   2107392,         0,         0,   119.4,exact_mw,a6f040f5268ba168f94c6ccce4ff822b1b844608631bba2e2b8dc7ec85b1e503,"{""distance"":7,""physical_error_rate"":0.0002}","{""detection_events"":1250744,""detectors_checked"":1268649984}"
   5047296,         3,         0,   119.3,exact_mw,a6f040f5268ba168f94c6ccce4ff822b1b844608631bba2e2b8dc7ec85b1e503,"{""distance"":7,""physical_error_rate"":0.0002}","{""detection_events"":2995057,""detectors_checked"":3038472192,""obs_mistake_mask=E"":3}"
   8689664,         1,         0,   119.1,exact_mw,894a5a708293b7bd3951925e43ae0371ba83736430ed1970399611b4deb8498b,"{""distance"":7,""physical_error_rate"":0.0001}","{""detection_events"":2576122,""detectors_checked"":5231177728,""obs_mistake_mask=E"":1}"
   1375292,         0,         0,    21.7,exact_mw,3793e887e6c3b4d5eff59c5eb9bbee88cf92e7a28a48243659e8f8373a61c55f,"{""distance"":7,""physical_error_rate"":5e-05}","{""detection_events"":204784,""detectors_checked"":827925784}"
    817152,         4,         0,   120.1,exact_mw,09f626b7d1c8765fd231bc36902f9c5557d3909c4644565b971bdb2bfb186061,"{""distance"":7,""physical_error_rate"":0.0005}","{""detection_events"":1209475,""detectors_checked"":491925504,""obs_mistake_mask=E"":4}"
    731136,         4,         0,   120.1,exact_mw,09f626b7d1c8765fd231bc36902f9c5557d3909c4644565b971bdb2bfb186061,"{""distance"":7,""physical_error_rate"":0.0005}","{""detection_events"":1080879,""detectors_checked"":440143872,""obs_mistake_mask=E"":4}"
   5002240,         4,         0,   119.3,exact_mw,a6f040f5268ba168f94c6ccce4ff822b1b844608631bba2e2b8dc7ec85b1e503,"{""distance"":7,""physical_error_rate"":0.0002}","{""detection_events"":2961200,""detectors_checked"":3011348480,""obs_mistake_mask=E"":4}"
    291840,         0,         0,   120.1,exact_mw,09f626b7d1c8765fd231bc36902f9c5557d3909c4644565b971bdb2bfb186061,"{""distance"":7,""physical_error_rate"":0.0005}","{""detection_events"":433342,""detectors_checked"":175687680}"
   8097792,         0,         0,   119.1,exact_mw,894a5a708293b7bd3951925e43ae0371ba83736430ed1970399611b4deb8498b,"{""distance"":7,""physical_error_rate"":0.0001}","{""detection_events"":2400017,""detectors_checked"":4874870784}"
    891036,         0,         0,    11.0,exact_mw,3793e887e6c3b4d5eff59c5eb9bbee88cf92e7a28a48243659e8f8373a61c55f,"{""distance"":7,""physical_error_rate"":5e-05}","{""detection_events"":130341,""detectors_checked"":536403672}"
    891036,         0,         0,    11.1,exact_mw,3793e887e6c3b4d5eff59c5eb9bbee88cf92e7a28a48243659e8f8373a61c55f,"{""distance"":7,""physical_error_rate"":5e-05}","{""detection_events"":132048,""detectors_checked"":536403672}"
    878592,         0,         0,    11.1,exact_mw,3793e887e6c3b4d5eff59c5eb9bbee88cf92e7a28a48243659e8f8373a61c55f,"{""distance"":7,""physical_error_rate"":5e-05}","{""detection_events"":130287,""detectors_checked"":528912384}"
    873472,         0,         0,    11.2,exact_mw,3793e887e6c3b4d5eff59c5eb9bbee88cf92e7a28a48243659e8f8373a61c55f,"{""distance"":7,""physical_error_rate"":5e-05}","{""detection_events"":128954,""detectors_checked"":525830144}"
    819200,         0,         0,    11.1,exact_mw,3793e887e6c3b4d5eff59c5eb9bbee88cf92e7a28a48243659e8f8373a61c55f,"{""distance"":7,""physical_error_rate"":5e-05}","{""detection_events"":122083,""detectors_checked"":493158400}"
    654336,         0,         0,    7.99,exact_mw,3793e887e6c3b4d5eff59c5eb9bbee88cf92e7a28a48243659e8f8373a61c55f,"{""distance"":7,""physical_error_rate"":5e-05}","{""detection_events"":96773,""detectors_checked"":393910272}"
     89103,         0,         0,    1.05,exact_mw,3793e887e6c3b4d5eff59c5eb9bbee88cf92e7a28a48243659e8f8373a61c55f,"{""distance"":7,""physical_error_rate"":5e-05}","{""detection_events"":12784,""detectors_checked"":53640006}"
     89103,         0,         0,    1.05,exact_mw,3793e887e6c3b4d5eff59c5eb9bbee88cf92e7a28a48243659e8f8373a61c55f,"{""distance"":7,""physical_error_rate"":5e-05}","{""detection_events"":13008,""detectors_checked"":53640006}"
    509952,         0,         0,    27.1,exact_mw,3793e887e6c3b4d5eff59c5eb9bbee88cf92e7a28a48243659e8f8373a61c55f,"{""distance"":7,""physical_error_rate"":5e-05}","{""detection_events"":76009,""detectors_checked"":306991104}"
    402432,         0,         0,    5.22,exact_mw,3793e887e6c3b4d5eff59c5eb9bbee88cf92e7a28a48243659e8f8373a61c55f,"{""distance"":7,""physical_error_rate"":5e-05}","{""detection_events"":59590,""detectors_checked"":242264064}"
    541440,         1,         0,   119.8,exact_mw,09f626b7d1c8765fd231bc36902f9c5557d3909c4644565b971bdb2bfb186061,"{""distance"":7,""physical_error_rate"":0.0005}","{""detection_events"":802183,""detectors_checked"":325946880,""obs_mistake_mask=E"":1}"
    160939,         0,         0,    2.05,exact_mw,3793e887e6c3b4d5eff59c5eb9bbee88cf92e7a28a48243659e8f8373a61c55f,"{""distance"":7,""physical_error_rate"":5e-05}","{""detection_events"":23710,""detectors_checked"":96885278}"
    794624,         1,         0,   120.0,exact_mw,09f626b7d1c8765fd231bc36902f9c5557d3909c4644565b971bdb2bfb186061,"{""distance"":7,""physical_error_rate"":0.0005}","{""detection_events"":1173882,""detectors_checked"":478363648,""obs_mistake_mask=E"":1}"
     25552,         1,         0,   120.2,exact_mw,8842ec4fe0f86aba00650008f7f408db45344cfb5a30f76b1f2c0fb50a8d5069,"{""distance"":7,""physical_error_rate"":0.002}","{""detection_events"":150693,""detectors_checked"":15382304,""obs_mistake_mask=E"":1}"
     31104,         5,         0,   120.2,exact_mw,8842ec4fe0f86aba00650008f7f408db45344cfb5a30f76b1f2c0fb50a8d5069,"{""distance"":7,""physical_error_rate"":0.002}","{""detection_events"":183138,""detectors_checked"":18724608,""obs_mistake_mask=E"":5}"
    265116,         0,         0,    3.16,exact_mw,3793e887e6c3b4d5eff59c5eb9bbee88cf92e7a28a48243659e8f8373a61c55f,"{""distance"":7,""physical_error_rate"":5e-05}","{""detection_events"":38959,""detectors_checked"":159599832}"
    260096,         0,         0,    3.15,exact_mw,3793e887e6c3b4d5eff59c5eb9bbee88cf92e7a28a48243659e8f8373a61c55f,"{""distance"":7,""physical_error_rate"":5e-05}","{""detection_events"":38485,""detectors_checked"":156577792}"
    258048,         0,         0,    3.17,exact_mw,3793e887e6c3b4d5eff59c5eb9bbee88cf92e7a28a48243659e8f8373a61c55f,"{""distance"":7,""physical_error_rate"":5e-05}","{""detection_events"":38158,""detectors_checked"":155344896}"
    262144,         0,         0,    11.1,exact_mw,3793e887e6c3b4d5eff59c5eb9bbee88cf92e7a28a48243659e8f8373a61c55f,"{""distance"":7,""physical_error_rate"":5e-05}","{""detection_events"":38927,""detectors_checked"":157810688}"
    147968,         6,         0,   120.6,exact_mw,fe773c48422346d89ea42b7ea8a90aa3034802874175ef2bfbcd9fbedf677903,"{""distance"":7,""physical_error_rate"":0.001}","{""detection_events"":436827,""detectors_checked"":89076736,""obs_mistake_mask=E"":6}"
     33579,         0,         0,   0.400,exact_mw,3793e887e6c3b4d5eff59c5eb9bbee88cf92e7a28a48243659e8f8373a61c55f,"{""distance"":7,""physical_error_rate"":5e-05}","{""detection_events"":5108,""detectors_checked"":20214558}"
    200704,         0,         0,    2.49,exact_mw,3793e887e6c3b4d5eff59c5eb9bbee88cf92e7a28a48243659e8f8373a61c55f,"{""distance"":7,""physical_error_rate"":5e-05}","{""detection_events"":30155,""detectors_checked"":120823808}"
    206848,         0,         0,    2.50,exact_mw,3793e887e6c3b4d5eff59c5eb9bbee88cf92e7a28a48243659e8f8373a61c55f,"{""distance"":7,""physical_error_rate"":5e-05}","{""detection_events"":30662,""detectors_checked"":124522496}"
    206848,         0,         0,    2.49,exact_mw,3793e887e6c3b4d5eff59c5eb9bbee88cf92e7a28a48243659e8f8373a61c55f,"{""distance"":7,""physical_error_rate"":5e-05}","{""detection_events"":30450,""detectors_checked"":124522496}"
     53022,         0,         0,   0.627,exact_mw,3793e887e6c3b4d5eff59c5eb9bbee88cf92e7a28a48243659e8f8373a61c55f,"{""distance"":7,""physical_error_rate"":5e-05}","{""detection_events"":7653,""detectors_checked"":31919244}"
    124928,         0,         0,    1.73,exact_mw,3793e887e6c3b4d5eff59c5eb9bbee88cf92e7a28a48243659e8f8373a61c55f,"{""distance"":7,""physical_error_rate"":5e-05}","{""detection_events"":18323,""detectors_checked"":75206656}"
    140288,         0,         0,    11.7,exact_mw,3793e887e6c3b4d5eff59c5eb9bbee88cf92e7a28a48243659e8f8373a61c55f,"{""distance"":7,""physical_error_rate"":5e-05}","{""detection_events"":20749,""detectors_checked"":84453376}"
     58041,         0,         0,   0.703,exact_mw,3793e887e6c3b4d5eff59c5eb9bbee88cf92e7a28a48243659e8f8373a61c55f,"{""distance"":7,""physical_error_rate"":5e-05}","{""detection_events"":9062,""detectors_checked"":34940682}"
     58150,         0,         0,   0.678,exact_mw,3793e887e6c3b4d5eff59c5eb9bbee88cf92e7a28a48243659e8f8373a61c55f,"{""distance"":7,""physical_error_rate"":5e-05}","{""detection_events"":8697,""detectors_checked"":35006300}"
     53248,         0,         0,   0.701,exact_mw,3793e887e6c3b4d5eff59c5eb9bbee88cf92e7a28a48243659e8f8373a61c55f,"{""distance"":7,""physical_error_rate"":5e-05}","{""detection_events"":7841,""detectors_checked"":32055296}"
     58150,         0,         0,   0.711,exact_mw,3793e887e6c3b4d5eff59c5eb9bbee88cf92e7a28a48243659e8f8373a61c55f,"{""distance"":7,""physical_error_rate"":5e-05}","{""detection_events"":8348,""detectors_checked"":35006300}"
     54272,         0,         0,   0.691,exact_mw,3793e887e6c3b4d5eff59c5eb9bbee88cf92e7a28a48243659e8f8373a61c55f,"{""distance"":7,""physical_error_rate"":5e-05}","{""detection_events"":7843,""detectors_checked"":32671744}"
     44032,         0,         0,    1.25,exact_mw,3793e887e6c3b4d5eff59c5eb9bbee88cf92e7a28a48243659e8f8373a61c55f,"{""distance"":7,""physical_error_rate"":5e-05}","{""detection_events"":6552,""detectors_checked"":26507264}"
     52335,         0,         0,   0.612,exact_mw,3793e887e6c3b4d5eff59c5eb9bbee88cf92e7a28a48243659e8f8373a61c55f,"{""distance"":7,""physical_error_rate"":5e-05}","{""detection_events"":7828,""detectors_checked"":31505670}"
     46080,         0,         0,   0.750,exact_mw,3793e887e6c3b4d5eff59c5eb9bbee88cf92e7a28a48243659e8f8373a61c55f,"{""distance"":7,""physical_error_rate"":5e-05}","{""detection_events"":6632,""detectors_checked"":27740160}"
     36864,         0,         0,   0.648,exact_mw,3793e887e6c3b4d5eff59c5eb9bbee88cf92e7a28a48243659e8f8373a61c55f,"{""distance"":7,""physical_error_rate"":5e-05}","{""detection_events"":5490,""detectors_checked"":22192128}"
     43008,         0,         0,   0.766,exact_mw,3793e887e6c3b4d5eff59c5eb9bbee88cf92e7a28a48243659e8f8373a61c55f,"{""distance"":7,""physical_error_rate"":5e-05}","{""detection_events"":6338,""detectors_checked"":25890816}"
     44032,         0,         0,    3.42,exact_mw,3793e887e6c3b4d5eff59c5eb9bbee88cf92e7a28a48243659e8f8373a61c55f,"{""distance"":7,""physical_error_rate"":5e-05}","{""detection_events"":6579,""detectors_checked"":26507264}"
     11630,         0,         0,   0.135,exact_mw,3793e887e6c3b4d5eff59c5eb9bbee88cf92e7a28a48243659e8f8373a61c55f,"{""distance"":7,""physical_error_rate"":5e-05}","{""detection_events"":1706,""detectors_checked"":7001260}"
     10714,         0,         0,   0.152,exact_mw,3793e887e6c3b4d5eff59c5eb9bbee88cf92e7a28a48243659e8f8373a61c55f,"{""distance"":7,""physical_error_rate"":5e-05}","{""detection_events"":1544,""detectors_checked"":6449828}"
      8303,         0,         0,   0.086,exact_mw,3793e887e6c3b4d5eff59c5eb9bbee88cf92e7a28a48243659e8f8373a61c55f,"{""distance"":7,""physical_error_rate"":5e-05}","{""detection_events"":1271,""detectors_checked"":4998406}"
      6255,         0,         0,   0.064,exact_mw,3793e887e6c3b4d5eff59c5eb9bbee88cf92e7a28a48243659e8f8373a61c55f,"{""distance"":7,""physical_error_rate"":5e-05}","{""detection_events"":964,""detectors_checked"":3765510}"
     11630,         0,         0,   0.170,exact_mw,3793e887e6c3b4d5eff59c5eb9bbee88cf92e7a28a48243659e8f8373a61c55f,"{""distance"":7,""physical_error_rate"":5e-05}","{""detection_events"":1619,""detectors_checked"":7001260}"
       194,         0,         0,   0.001,exact_mw,3793e887e6c3b4d5eff59c5eb9bbee88cf92e7a28a48243659e8f8373a61c55f,"{""distance"":7,""physical_error_rate"":5e-05}","{""detection_events"":15,""detectors_checked"":116788}"
       573,         0,         0,   0.004,exact_mw,3793e887e6c3b4d5eff59c5eb9bbee88cf92e7a28a48243659e8f8373a61c55f,"{""distance"":7,""physical_error_rate"":5e-05}","{""detection_events"":61,""detectors_checked"":344946}"
      8192,         0,         0,   0.105,exact_mw,3793e887e6c3b4d5eff59c5eb9bbee88cf92e7a28a48243659e8f8373a61c55f,"{""distance"":7,""physical_error_rate"":5e-05}","{""detection_events"":1144,""detectors_checked"":4931584}"
       560,         0,         0,   0.004,exact_mw,3793e887e6c3b4d5eff59c5eb9bbee88cf92e7a28a48243659e8f8373a61c55f,"{""distance"":7,""physical_error_rate"":5e-05}","{""detection_events"":39,""detectors_checked"":337120}"
       333,         0,         0,   0.006,exact_mw,3793e887e6c3b4d5eff59c5eb9bbee88cf92e7a28a48243659e8f8373a61c55f,"{""distance"":7,""physical_error_rate"":5e-05}","{""detection_events"":43,""detectors_checked"":200466}"
      7168,         0,         0,   0.101,exact_mw,3793e887e6c3b4d5eff59c5eb9bbee88cf92e7a28a48243659e8f8373a61c55f,"{""distance"":7,""physical_error_rate"":5e-05}","{""detection_events"":1150,""detectors_checked"":4315136}"
        20,         0,         0,   0.001,exact_mw,3793e887e6c3b4d5eff59c5eb9bbee88cf92e7a28a48243659e8f8373a61c55f,"{""distance"":7,""physical_error_rate"":5e-05}","{""detection_events"":2,""detectors_checked"":12040}"
      1935,         0,         0,   0.019,exact_mw,3793e887e6c3b4d5eff59c5eb9bbee88cf92e7a28a48243659e8f8373a61c55f,"{""distance"":7,""physical_error_rate"":5e-05}","{""detection_events"":306,""detectors_checked"":1164870}"
        57,         0,         0,   0.001,exact_mw,3793e887e6c3b4d5eff59c5eb9bbee88cf92e7a28a48243659e8f8373a61c55f,"{""distance"":7,""physical_error_rate"":5e-05}","{""detection_events"":16,""detectors_checked"":34314}"
      2271,         0,         0,   0.027,exact_mw,3793e887e6c3b4d5eff59c5eb9bbee88cf92e7a28a48243659e8f8373a61c55f,"{""distance"":7,""physical_error_rate"":5e-05}","{""detection_events"":306,""detectors_checked"":1367142}"
      4260,         0,         0,   0.058,exact_mw,3793e887e6c3b4d5eff59c5eb9bbee88cf92e7a28a48243659e8f8373a61c55f,"{""distance"":7,""physical_error_rate"":5e-05}","{""detection_events"":708,""detectors_checked"":2564520}"
      4260,         0,         0,   0.034,exact_mw,3793e887e6c3b4d5eff59c5eb9bbee88cf92e7a28a48243659e8f8373a61c55f,"{""distance"":7,""physical_error_rate"":5e-05}","{""detection_events"":655,""detectors_checked"":2564520}"
      4203,         0,         0,   0.050,exact_mw,3793e887e6c3b4d5eff59c5eb9bbee88cf92e7a28a48243659e8f8373a61c55f,"{""distance"":7,""physical_error_rate"":5e-05}","{""detection_events"":594,""detectors_checked"":2530206}"
      3295,         0,         0,   0.044,exact_mw,3793e887e6c3b4d5eff59c5eb9bbee88cf92e7a28a48243659e8f8373a61c55f,"{""distance"":7,""physical_error_rate"":5e-05}","{""detection_events"":445,""detectors_checked"":1983590}"
       822,         0,         0,   0.005,exact_mw,3793e887e6c3b4d5eff59c5eb9bbee88cf92e7a28a48243659e8f8373a61c55f,"{""distance"":7,""physical_error_rate"":5e-05}","{""detection_events"":138,""detectors_checked"":494844}"
       941,         0,         0,   0.006,exact_mw,3793e887e6c3b4d5eff59c5eb9bbee88cf92e7a28a48243659e8f8373a61c55f,"{""distance"":7,""physical_error_rate"":5e-05}","{""detection_events"":127,""detectors_checked"":566482}"
      1024,         0,         0,   0.006,exact_mw,3793e887e6c3b4d5eff59c5eb9bbee88cf92e7a28a48243659e8f8373a61c55f,"{""distance"":7,""physical_error_rate"":5e-05}","{""detection_events"":161,""detectors_checked"":616448}"
      1024,         0,         0,   0.010,exact_mw,3793e887e6c3b4d5eff59c5eb9bbee88cf92e7a28a48243659e8f8373a61c55f,"{""distance"":7,""physical_error_rate"":5e-05}","{""detection_events"":157,""detectors_checked"":616448}"
       176,         0,         0,   0.001,exact_mw,3793e887e6c3b4d5eff59c5eb9bbee88cf92e7a28a48243659e8f8373a61c55f,"{""distance"":7,""physical_error_rate"":5e-05}","{""detection_events"":15,""detectors_checked"":105952}"
       269,         0,         0,   0.002,exact_mw,3793e887e6c3b4d5eff59c5eb9bbee88cf92e7a28a48243659e8f8373a61c55f,"{""distance"":7,""physical_error_rate"":5e-05}","{""detection_events"":23,""detectors_checked"":161938}"
       167,         0,         0,   0.001,exact_mw,3793e887e6c3b4d5eff59c5eb9bbee88cf92e7a28a48243659e8f8373a61c55f,"{""distance"":7,""physical_error_rate"":5e-05}","{""detection_events"":23,""detectors_checked"":100534}"
        13,         0,         0,   0.001,exact_mw,3793e887e6c3b4d5eff59c5eb9bbee88cf92e7a28a48243659e8f8373a61c55f,"{""distance"":7,""physical_error_rate"":5e-05}","{""detection_events"":6,""detectors_checked"":7826}"
       167,         0,         0,   0.001,exact_mw,3793e887e6c3b4d5eff59c5eb9bbee88cf92e7a28a48243659e8f8373a61c55f,"{""distance"":7,""physical_error_rate"":5e-05}","{""detection_events"":10,""detectors_checked"":100534}"
       122,         0,         0,   0.001,exact_mw,3793e887e6c3b4d5eff59c5eb9bbee88cf92e7a28a48243659e8f8373a61c55f,"{""distance"":7,""physical_error_rate"":5e-05}","{""detection_events"":20,""detectors_checked"":73444}"
       167,         0,         0,   0.001,exact_mw,3793e887e6c3b4d5eff59c5eb9bbee88cf92e7a28a48243659e8f8373a61c55f,"{""distance"":7,""physical_error_rate"":5e-05}","{""detection_events"":17,""detectors_checked"":100534}"
        15,         0,         0,   0.001,exact_mw,3793e887e6c3b4d5eff59c5eb9bbee88cf92e7a28a48243659e8f8373a61c55f,"{""distance"":7,""physical_error_rate"":5e-05}","{""detection_events"":5,""detectors_checked"":9030}"
       167,         0,         0,   0.001,exact_mw,3793e887e6c3b4d5eff59c5eb9bbee88cf92e7a28a48243659e8f8373a61c55f,"{""distance"":7,""physical_error_rate"":5e-05}","{""detection_events"":20,""detectors_checked"":100534}"
        87,         0,         0,   0.001,exact_mw,3793e887e6c3b4d5eff59c5eb9bbee88cf92e7a28a48243659e8f8373a61c55f,"{""distance"":7,""physical_error_rate"":5e-05}","{""detection_events"":10,""detectors_checked"":52374}"
        32,         0,         0,   0.001,exact_mw,3793e887e6c3b4d5eff59c5eb9bbee88cf92e7a28a48243659e8f8373a61c55f,"{""distance"":7,""physical_error_rate"":5e-05}","{""detection_events"":6,""detectors_checked"":19264}"
        75,         0,         0,   0.001,exact_mw,3793e887e6c3b4d5eff59c5eb9bbee88cf92e7a28a48243659e8f8373a61c55f,"{""distance"":7,""physical_error_rate"":5e-05}","{""detection_events"":7,""detectors_checked"":45150}"
        15,         0,         0,   0.001,exact_mw,3793e887e6c3b4d5eff59c5eb9bbee88cf92e7a28a48243659e8f8373a61c55f,"{""distance"":7,""physical_error_rate"":5e-05}","{""detectors_checked"":9030}"
         6,         0,         0,   0.001,exact_mw,3793e887e6c3b4d5eff59c5eb9bbee88cf92e7a28a48243659e8f8373a61c55f,"{""distance"":7,""physical_error_rate"":5e-05}","{""detectors_checked"":3612}"
        75,         0,         0,   0.001,exact_mw,3793e887e6c3b4d5eff59c5eb9bbee88cf92e7a28a48243659e8f8373a61c55f,"{""distance"":7,""physical_error_rate"":5e-05}","{""detection_events"":12,""detectors_checked"":45150}"
        21,         0,         0,   0.001,exact_mw,3793e887e6c3b4d5eff59c5eb9bbee88cf92e7a28a48243659e8f8373a61c55f,"{""distance"":7,""physical_error_rate"":5e-05}","{""detection_events"":3,""detectors_checked"":12642}"
        28,         0,         0,   0.001,exact_mw,3793e887e6c3b4d5eff59c5eb9bbee88cf92e7a28a48243659e8f8373a61c55f,"{""distance"":7,""physical_error_rate"":5e-05}","{""detection_events"":7,""detectors_checked"":16856}"
        11,         0,         0,   0.001,exact_mw,3793e887e6c3b4d5eff59c5eb9bbee88cf92e7a28a48243659e8f8373a61c55f,"{""distance"":7,""physical_error_rate"":5e-05}","{""detection_events"":4,""detectors_checked"":6622}"
        11,         0,         0,   0.001,exact_mw,3793e887e6c3b4d5eff59c5eb9bbee88cf92e7a28a48243659e8f8373a61c55f,"{""distance"":7,""physical_error_rate"":5e-05}","{""detection_events"":3,""detectors_checked"":6622}"
         4,         0,         0,   0.001,exact_mw,3793e887e6c3b4d5eff59c5eb9bbee88cf92e7a28a48243659e8f8373a61c55f,"{""distance"":7,""physical_error_rate"":5e-05}","{""detection_events"":2,""detectors_checked"":2408}"
         3,         0,         0,   0.001,exact_mw,3793e887e6c3b4d5eff59c5eb9bbee88cf92e7a28a48243659e8f8373a61c55f,"{""distance"":7,""physical_error_rate"":5e-05}","{""detectors_checked"":1806}"
        11,         0,         0,   0.001,exact_mw,3793e887e6c3b4d5eff59c5eb9bbee88cf92e7a28a48243659e8f8373a61c55f,"{""distance"":7,""physical_error_rate"":5e-05}","{""detectors_checked"":6622}"
         4,         0,         0,   0.001,exact_mw,3793e887e6c3b4d5eff59c5eb9bbee88cf92e7a28a48243659e8f8373a61c55f,"{""distance"":7,""physical_error_rate"":5e-05}","{""detectors_checked"":2408}"
         2,         0,         0,   0.000,exact_mw,3793e887e6c3b4d5eff59c5eb9bbee88cf92e7a28a48243659e8f8373a61c55f,"{""distance"":7,""physical_error_rate"":5e-05}","{""detectors_checked"":1204}"
         2,         0,         0,   0.000,exact_mw,3793e887e6c3b4d5eff59c5eb9bbee88cf92e7a28a48243659e8f8373a61c55f,"{""distance"":7,""physical_error_rate"":5e-05}","{""detectors_checked"":1204}"
         2,         0,         0,   0.000,exact_mw,3793e887e6c3b4d5eff59c5eb9bbee88cf92e7a28a48243659e8f8373a61c55f,"{""distance"":7,""physical_error_rate"":5e-05}","{""detectors_checked"":1204}"
         2,         0,         0,   0.001,exact_mw,3793e887e6c3b4d5eff59c5eb9bbee88cf92e7a28a48243659e8f8373a61c55f,"{""distance"":7,""physical_error_rate"":5e-05}","{""detectors_checked"":1204}"
         1,         0,         0,   0.000,exact_mw,3793e887e6c3b4d5eff59c5eb9bbee88cf92e7a28a48243659e8f8373a61c55f,"{""distance"":7,""physical_error_rate"":5e-05}","{""detectors_checked"":602}"
         1,         0,         0,   0.001,exact_mw,3793e887e6c3b4d5eff59c5eb9bbee88cf92e7a28a48243659e8f8373a61c55f,"{""distance"":7,""physical_error_rate"":5e-05}","{""detectors_checked"":602}"
         2,         0,         0,   0.001,exact_mw,3793e887e6c3b4d5eff59c5eb9bbee88cf92e7a28a48243659e8f8373a61c55f,"{""distance"":7,""physical_error_rate"":5e-05}","{""detectors_checked"":1204}"
         1,         0,         0,   0.000,exact_mw,3793e887e6c3b4d5eff59c5eb9bbee88cf92e7a28a48243659e8f8373a61c55f,"{""distance"":7,""physical_error_rate"":5e-05}","{""detectors_checked"":602}"
         1,         0,         0,   0.000,exact_mw,3793e887e6c3b4d5eff59c5eb9bbee88cf92e7a28a48243659e8f8373a61c55f,"{""distance"":7,""physical_error_rate"":5e-05}","{""detectors_checked"":602}"
         1,         0,         0,   0.000,exact_mw,3793e887e6c3b4d5eff59c5eb9bbee88cf92e7a28a48243659e8f8373a61c55f,"{""distance"":7,""physical_error_rate"":5e-05}","{""detectors_checked"":602}"
    140544,         1,         0,   120.0,exact_mw,fe773c48422346d89ea42b7ea8a90aa3034802874175ef2bfbcd9fbedf677903,"{""distance"":7,""physical_error_rate"":0.001}","{""detection_events"":414728,""detectors_checked"":84607488,""obs_mistake_mask=E"":1}"
         1,         0,         0,   0.001,exact_mw,3793e887e6c3b4d5eff59c5eb9bbee88cf92e7a28a48243659e8f8373a61c55f,"{""distance"":7,""physical_error_rate"":5e-05}","{""detectors_checked"":602}"
     30208,         2,         0,   120.0,exact_mw,8842ec4fe0f86aba00650008f7f408db45344cfb5a30f76b1f2c0fb50a8d5069,"{""distance"":7,""physical_error_rate"":0.002}","{""detection_events"":175209,""detectors_checked"":18185216,""obs_mistake_mask=E"":2}"
    144384,         2,         0,   120.5,exact_mw,fe773c48422346d89ea42b7ea8a90aa3034802874175ef2bfbcd9fbedf677903,"{""distance"":7,""physical_error_rate"":0.001}","{""detection_events"":426650,""detectors_checked"":86919168,""obs_mistake_mask=E"":2}"
     11232,         4,         0,   120.2,exact_mw,8842ec4fe0f86aba00650008f7f408db45344cfb5a30f76b1f2c0fb50a8d5069,"{""distance"":7,""physical_error_rate"":0.002}","{""detection_events"":65423,""detectors_checked"":6761664,""obs_mistake_mask=E"":4}"
     30464,         7,         0,   120.3,exact_mw,8842ec4fe0f86aba00650008f7f408db45344cfb5a30f76b1f2c0fb50a8d5069,"{""distance"":7,""physical_error_rate"":0.002}","{""detection_events"":177601,""detectors_checked"":18339328,""obs_mistake_mask=E"":7}"
   8616960,         1,         0,   119.1,exact_mw,894a5a708293b7bd3951925e43ae0371ba83736430ed1970399611b4deb8498b,"{""distance"":7,""physical_error_rate"":0.0001}","{""detection_events"":2553643,""detectors_checked"":5187409920,""obs_mistake_mask=E"":1}"
   2248704,         0,         0,   119.0,exact_mw,a6f040f5268ba168f94c6ccce4ff822b1b844608631bba2e2b8dc7ec85b1e503,"{""distance"":7,""physical_error_rate"":0.0002}","{""detection_events"":1333802,""detectors_checked"":1353719808}"
         1,         0,         0,   0.001,exact_mw,a6f040f5268ba168f94c6ccce4ff822b1b844608631bba2e2b8dc7ec85b1e503,"{""distance"":7,""physical_error_rate"":0.0002}","{""detectors_checked"":602}"
      1296,         0,         0,   0.031,exact_mw,a6f040f5268ba168f94c6ccce4ff822b1b844608631bba2e2b8dc7ec85b1e503,"{""distance"":7,""physical_error_rate"":0.0002}","{""detection_events"":744,""detectors_checked"":780192}"
      2048,         0,         0,   0.032,exact_mw,a6f040f5268ba168f94c6ccce4ff822b1b844608631bba2e2b8dc7ec85b1e503,"{""distance"":7,""physical_error_rate"":0.0002}","{""detection_events"":1261,""detectors_checked"":1232896}"
      2048,         0,         0,   0.043,exact_mw,a6f040f5268ba168f94c6ccce4ff822b1b844608631bba2e2b8dc7ec85b1e503,"{""distance"":7,""physical_error_rate"":0.0002}","{""detection_events"":1189,""detectors_checked"":1232896}"
      2048,         0,         0,   0.059,exact_mw,a6f040f5268ba168f94c6ccce4ff822b1b844608631bba2e2b8dc7ec85b1e503,"{""distance"":7,""physical_error_rate"":0.0002}","{""detection_events"":1245,""detectors_checked"":1232896}"
      4096,         0,         0,   0.066,exact_mw,a6f040f5268ba168f94c6ccce4ff822b1b844608631bba2e2b8dc7ec85b1e503,"{""distance"":7,""physical_error_rate"":0.0002}","{""detection_events"":2501,""detectors_checked"":2465792}"
        17,         0,         0,   0.017,exact_mw,fe773c48422346d89ea42b7ea8a90aa3034802874175ef2bfbcd9fbedf677903,"{""distance"":7,""physical_error_rate"":0.001}","{""detection_events"":44,""detectors_checked"":10234}"
      4096,         0,         0,   0.082,exact_mw,a6f040f5268ba168f94c6ccce4ff822b1b844608631bba2e2b8dc7ec85b1e503,"{""distance"":7,""physical_error_rate"":0.0002}","{""detection_events"":2416,""detectors_checked"":2465792}"
     27520,         7,         0,   120.4,exact_mw,8842ec4fe0f86aba00650008f7f408db45344cfb5a30f76b1f2c0fb50a8d5069,"{""distance"":7,""physical_error_rate"":0.002}","{""detection_events"":162362,""detectors_checked"":16567040,""obs_mistake_mask=E"":7}"
      5120,         0,         0,   0.101,exact_mw,a6f040f5268ba168f94c6ccce4ff822b1b844608631bba2e2b8dc7ec85b1e503,"{""distance"":7,""physical_error_rate"":0.0002}","{""detection_events"":3048,""detectors_checked"":3082240}"
         1,         0,         0,   0.001,exact_mw,894a5a708293b7bd3951925e43ae0371ba83736430ed1970399611b4deb8498b,"{""distance"":7,""physical_error_rate"":0.0001}","{""detectors_checked"":602}"
      2320,         0,         0,   0.028,exact_mw,894a5a708293b7bd3951925e43ae0371ba83736430ed1970399611b4deb8498b,"{""distance"":7,""physical_error_rate"":0.0001}","{""detection_events"":696,""detectors_checked"":1396640}"
       256,         0,         0,   0.267,exact_mw,fe773c48422346d89ea42b7ea8a90aa3034802874175ef2bfbcd9fbedf677903,"{""distance"":7,""physical_error_rate"":0.001}","{""detection_events"":799,""detectors_checked"":154112}"
      2048,         0,         0,   0.026,exact_mw,894a5a708293b7bd3951925e43ae0371ba83736430ed1970399611b4deb8498b,"{""distance"":7,""physical_error_rate"":0.0001}","{""detection_events"":588,""detectors_checked"":1232896}"
      7168,         0,         0,   0.151,exact_mw,a6f040f5268ba168f94c6ccce4ff822b1b844608631bba2e2b8dc7ec85b1e503,"{""distance"":7,""physical_error_rate"":0.0002}","{""detection_events"":4219,""detectors_checked"":4315136}"
      3072,         0,         0,   0.032,exact_mw,894a5a708293b7bd3951925e43ae0371ba83736430ed1970399611b4deb8498b,"{""distance"":7,""physical_error_rate"":0.0001}","{""detection_events"":851,""detectors_checked"":1849344}"
      4096,         0,         0,   0.053,exact_mw,894a5a708293b7bd3951925e43ae0371ba83736430ed1970399611b4deb8498b,"{""distance"":7,""physical_error_rate"":0.0001}","{""detection_events"":1149,""detectors_checked"":2465792}"
      5120,         0,         0,   0.044,exact_mw,894a5a708293b7bd3951925e43ae0371ba83736430ed1970399611b4deb8498b,"{""distance"":7,""physical_error_rate"":0.0001}","{""detection_events"":1536,""detectors_checked"":3082240}"
         1,         0,         0,   0.031,exact_mw,fe773c48422346d89ea42b7ea8a90aa3034802874175ef2bfbcd9fbedf677903,"{""distance"":7,""physical_error_rate"":0.001}","{""detection_events"":5,""detectors_checked"":602}"
      5120,         0,         0,   0.078,exact_mw,894a5a708293b7bd3951925e43ae0371ba83736430ed1970399611b4deb8498b,"{""distance"":7,""physical_error_rate"":0.0001}","{""detection_events"":1409,""detectors_checked"":3082240}"
     11264,         0,         0,   0.214,exact_mw,a6f040f5268ba168f94c6ccce4ff822b1b844608631bba2e2b8dc7ec85b1e503,"{""distance"":7,""physical_error_rate"":0.0002}","{""detection_events"":6650,""detectors_checked"":6780928}"
         1,         0,         0,   0.001,exact_mw,894a5a708293b7bd3951925e43ae0371ba83736430ed1970399611b4deb8498b,"{""distance"":7,""physical_error_rate"":0.0001}","{""detectors_checked"":602}"
      2320,         0,         0,   0.027,exact_mw,894a5a708293b7bd3951925e43ae0371ba83736430ed1970399611b4deb8498b,"{""distance"":7,""physical_error_rate"":0.0001}","{""detection_events"":736,""detectors_checked"":1396640}"
      8192,         0,         0,   0.111,exact_mw,894a5a708293b7bd3951925e43ae0371ba83736430ed1970399611b4deb8498b,"{""distance"":7,""physical_error_rate"":0.0001}","{""detection_events"":2320,""detectors_checked"":4931584}"
      2048,         0,         0,   0.029,exact_mw,894a5a708293b7bd3951925e43ae0371ba83736430ed1970399611b4deb8498b,"{""distance"":7,""physical_error_rate"":0.0001}","{""detection_events"":555,""detectors_checked"":1232896}"
       272,         0,         0,   0.160,exact_mw,fe773c48422346d89ea42b7ea8a90aa3034802874175ef2bfbcd9fbedf677903,"{""distance"":7,""physical_error_rate"":0.001}","{""detection_events"":710,""detectors_checked"":163744}"
      2048,         0,         0,   0.035,exact_mw,894a5a708293b7bd3951925e43ae0371ba83736430ed1970399611b4deb8498b,"{""distance"":7,""physical_error_rate"":0.0001}","{""detection_events"":611,""detectors_checked"":1232896}"
       512,         0,         0,   0.425,exact_mw,fe773c48422346d89ea42b7ea8a90aa3034802874175ef2bfbcd9fbedf677903,"{""distance"":7,""physical_error_rate"":0.001}","{""detection_events"":1500,""detectors_checked"":308224}"
      4096,         0,         0,   0.054,exact_mw,894a5a708293b7bd3951925e43ae0371ba83736430ed1970399611b4deb8498b,"{""distance"":7,""physical_error_rate"":0.0001}","{""detection_events"":1166,""detectors_checked"":2465792}"
      4096,         0,         0,   0.061,exact_mw,894a5a708293b7bd3951925e43ae0371ba83736430ed1970399611b4deb8498b,"{""distance"":7,""physical_error_rate"":0.0001}","{""detection_events"":1169,""detectors_checked"":2465792}"
     11264,         0,         0,   0.155,exact_mw,894a5a708293b7bd3951925e43ae0371ba83736430ed1970399611b4deb8498b,"{""distance"":7,""physical_error_rate"":0.0001}","{""detection_events"":3583,""detectors_checked"":6780928}"
     16384,         0,         0,   0.306,exact_mw,a6f040f5268ba168f94c6ccce4ff822b1b844608631bba2e2b8dc7ec85b1e503,"{""distance"":7,""physical_error_rate"":0.0002}","{""detection_events"":9451,""detectors_checked"":9863168}"
      5120,         0,         0,   0.083,exact_mw,894a5a708293b7bd3951925e43ae0371ba83736430ed1970399611b4deb8498b,"{""distance"":7,""physical_error_rate"":0.0001}","{""detection_events"":1421,""detectors_checked"":3082240}"
     13312,         0,         0,   0.207,exact_mw,894a5a708293b7bd3951925e43ae0371ba83736430ed1970399611b4deb8498b,"{""distance"":7,""physical_error_rate"":0.0001}","{""detection_events"":3918,""detectors_checked"":8013824}"
      9216,         0,         0,   0.125,exact_mw,894a5a708293b7bd3951925e43ae0371ba83736430ed1970399611b4deb8498b,"{""distance"":7,""physical_error_rate"":0.0001}","{""detection_events"":2767,""detectors_checked"":5548032}"
       512,         0,         0,   0.416,exact_mw,fe773c48422346d89ea42b7ea8a90aa3034802874175ef2bfbcd9fbedf677903,"{""distance"":7,""physical_error_rate"":0.001}","{""detection_events"":1471,""detectors_checked"":308224}"
     11264,         0,         0,   0.137,exact_mw,894a5a708293b7bd3951925e43ae0371ba83736430ed1970399611b4deb8498b,"{""distance"":7,""physical_error_rate"":0.0001}","{""detection_events"":3446,""detectors_checked"":6780928}"
      1297,         0,         0,   0.029,exact_mw,a6f040f5268ba168f94c6ccce4ff822b1b844608631bba2e2b8dc7ec85b1e503,"{""distance"":7,""physical_error_rate"":0.0002}","{""detection_events"":722,""detectors_checked"":780794}"
      2048,         0,         0,   0.029,exact_mw,a6f040f5268ba168f94c6ccce4ff822b1b844608631bba2e2b8dc7ec85b1e503,"{""distance"":7,""physical_error_rate"":0.0002}","{""detection_events"":1227,""detectors_checked"":1232896}"
      1024,         0,         0,   0.020,exact_mw,a6f040f5268ba168f94c6ccce4ff822b1b844608631bba2e2b8dc7ec85b1e503,"{""distance"":7,""physical_error_rate"":0.0002}","{""detection_events"":679,""detectors_checked"":616448}"
      1024,         0,         0,   0.056,exact_mw,a6f040f5268ba168f94c6ccce4ff822b1b844608631bba2e2b8dc7ec85b1e503,"{""distance"":7,""physical_error_rate"":0.0002}","{""detection_events"":577,""detectors_checked"":616448}"
       512,         0,         0,   0.537,exact_mw,fe773c48422346d89ea42b7ea8a90aa3034802874175ef2bfbcd9fbedf677903,"{""distance"":7,""physical_error_rate"":0.001}","{""detection_events"":1594,""detectors_checked"":308224}"
     15360,         0,         0,   0.426,exact_mw,a6f040f5268ba168f94c6ccce4ff822b1b844608631bba2e2b8dc7ec85b1e503,"{""distance"":7,""physical_error_rate"":0.0002}","{""detection_events"":9031,""detectors_checked"":9246720}"
     19456,         0,         0,   0.284,exact_mw,894a5a708293b7bd3951925e43ae0371ba83736430ed1970399611b4deb8498b,"{""distance"":7,""physical_error_rate"":0.0001}","{""detection_events"":5902,""detectors_checked"":11712512}"
      3072,         0,         0,   0.059,exact_mw,a6f040f5268ba168f94c6ccce4ff822b1b844608631bba2e2b8dc7ec85b1e503,"{""distance"":7,""physical_error_rate"":0.0002}","{""detection_events"":1772,""detectors_checked"":1849344}"
       273,         0,         0,   0.061,exact_mw,09f626b7d1c8765fd231bc36902f9c5557d3909c4644565b971bdb2bfb186061,"{""distance"":7,""physical_error_rate"":0.0005}","{""detection_events"":373,""detectors_checked"":164346}"
     16384,         0,         0,   0.214,exact_mw,894a5a708293b7bd3951925e43ae0371ba83736430ed1970399611b4deb8498b,"{""distance"":7,""physical_error_rate"":0.0001}","{""detection_events"":5016,""detectors_checked"":9863168}"
      3072,         0,         0,   0.060,exact_mw,a6f040f5268ba168f94c6ccce4ff822b1b844608631bba2e2b8dc7ec85b1e503,"{""distance"":7,""physical_error_rate"":0.0002}","{""detection_events"":1925,""detectors_checked"":1849344}"
       512,         0,         0,   0.348,exact_mw,fe773c48422346d89ea42b7ea8a90aa3034802874175ef2bfbcd9fbedf677903,"{""distance"":7,""physical_error_rate"":0.001}","{""detection_events"":1419,""detectors_checked"":308224}"
      1024,         0,         0,   0.091,exact_mw,09f626b7d1c8765fd231bc36902f9c5557d3909c4644565b971bdb2bfb186061,"{""distance"":7,""physical_error_rate"":0.0005}","{""detection_events"":1522,""detectors_checked"":616448}"
      3072,         0,         0,   0.123,exact_mw,a6f040f5268ba168f94c6ccce4ff822b1b844608631bba2e2b8dc7ec85b1e503,"{""distance"":7,""physical_error_rate"":0.0002}","{""detection_events"":1946,""detectors_checked"":1849344}"
        17,         0,         0,   0.084,exact_mw,8842ec4fe0f86aba00650008f7f408db45344cfb5a30f76b1f2c0fb50a8d5069,"{""distance"":7,""physical_error_rate"":0.002}","{""detection_events"":103,""detectors_checked"":10234}"
      1024,         0,         0,   0.168,exact_mw,09f626b7d1c8765fd231bc36902f9c5557d3909c4644565b971bdb2bfb186061,"{""distance"":7,""physical_error_rate"":0.0005}","{""detection_events"":1583,""detectors_checked"":616448}"
      6144,         0,         0,   0.119,exact_mw,a6f040f5268ba168f94c6ccce4ff822b1b844608631bba2e2b8dc7ec85b1e503,"{""distance"":7,""physical_error_rate"":0.0002}","{""detection_events"":3620,""detectors_checked"":3698688}"
     20480,         0,         0,   0.281,exact_mw,894a5a708293b7bd3951925e43ae0371ba83736430ed1970399611b4deb8498b,"{""distance"":7,""physical_error_rate"":0.0001}","{""detection_events"":6199,""detectors_checked"":12328960}"
       512,         0,         0,   0.429,exact_mw,fe773c48422346d89ea42b7ea8a90aa3034802874175ef2bfbcd9fbedf677903,"{""distance"":7,""physical_error_rate"":0.001}","{""detection_events"":1596,""detectors_checked"":308224}"
     32768,         0,         0,   0.407,exact_mw,894a5a708293b7bd3951925e43ae0371ba83736430ed1970399611b4deb8498b,"{""distance"":7,""physical_error_rate"":0.0001}","{""detection_events"":9765,""detectors_checked"":19726336}"
      1024,         0,         0,   0.132,exact_mw,09f626b7d1c8765fd231bc36902f9c5557d3909c4644565b971bdb2bfb186061,"{""distance"":7,""physical_error_rate"":0.0005}","{""detection_events"":1524,""detectors_checked"":616448}"
      9216,         0,         0,   0.169,exact_mw,a6f040f5268ba168f94c6ccce4ff822b1b844608631bba2e2b8dc7ec85b1e503,"{""distance"":7,""physical_error_rate"":0.0002}","{""detection_events"":5523,""detectors_checked"":5548032}"
     26624,         0,         0,   0.583,exact_mw,a6f040f5268ba168f94c6ccce4ff822b1b844608631bba2e2b8dc7ec85b1e503,"{""distance"":7,""physical_error_rate"":0.0002}","{""detection_events"":15808,""detectors_checked"":16027648}"
        64,         0,         0,   0.251,exact_mw,8842ec4fe0f86aba00650008f7f408db45344cfb5a30f76b1f2c0fb50a8d5069,"{""distance"":7,""physical_error_rate"":0.002}","{""detection_events"":386,""detectors_checked"":38528}"
      1024,         0,         0,   0.128,exact_mw,09f626b7d1c8765fd231bc36902f9c5557d3909c4644565b971bdb2bfb186061,"{""distance"":7,""physical_error_rate"":0.0005}","{""detection_events"":1386,""detectors_checked"":616448}"
       512,         0,         0,   0.481,exact_mw,fe773c48422346d89ea42b7ea8a90aa3034802874175ef2bfbcd9fbedf677903,"{""distance"":7,""physical_error_rate"":0.001}","{""detection_events"":1550,""detectors_checked"":308224}"
      1024,         0,         0,   0.110,exact_mw,09f626b7d1c8765fd231bc36902f9c5557d3909c4644565b971bdb2bfb186061,"{""distance"":7,""physical_error_rate"":0.0005}","{""detection_events"":1563,""detectors_checked"":616448}"
      7168,         0,         0,   0.223,exact_mw,a6f040f5268ba168f94c6ccce4ff822b1b844608631bba2e2b8dc7ec85b1e503,"{""distance"":7,""physical_error_rate"":0.0002}","{""detection_events"":4237,""detectors_checked"":4315136}"
     29696,         0,         0,   0.408,exact_mw,894a5a708293b7bd3951925e43ae0371ba83736430ed1970399611b4deb8498b,"{""distance"":7,""physical_error_rate"":0.0001}","{""detection_events"":8918,""detectors_checked"":17876992}"
       273,         0,         0,   0.031,exact_mw,09f626b7d1c8765fd231bc36902f9c5557d3909c4644565b971bdb2bfb186061,"{""distance"":7,""physical_error_rate"":0.0005}","{""detection_events"":371,""detectors_checked"":164346}"
       128,         0,         0,   0.315,exact_mw,8842ec4fe0f86aba00650008f7f408db45344cfb5a30f76b1f2c0fb50a8d5069,"{""distance"":7,""physical_error_rate"":0.002}","{""detection_events"":689,""detectors_checked"":77056}"
       512,         0,         0,   0.523,exact_mw,fe773c48422346d89ea42b7ea8a90aa3034802874175ef2bfbcd9fbedf677903,"{""distance"":7,""physical_error_rate"":0.001}","{""detection_events"":1581,""detectors_checked"":308224}"
       512,         1,         0,   0.333,exact_mw,fe773c48422346d89ea42b7ea8a90aa3034802874175ef2bfbcd9fbedf677903,"{""distance"":7,""physical_error_rate"":0.001}","{""detection_events"":1419,""detectors_checked"":308224,""obs_mistake_mask=E"":1}"
     76800,         0,         0,   0.573,exact_mw,894a5a708293b7bd3951925e43ae0371ba83736430ed1970399611b4deb8498b,"{""distance"":7,""physical_error_rate"":0.0001}","{""detection_events"":22474,""detectors_checked"":46233600}"
      1024,         0,         0,   0.155,exact_mw,09f626b7d1c8765fd231bc36902f9c5557d3909c4644565b971bdb2bfb186061,"{""distance"":7,""physical_error_rate"":0.0005}","{""detection_events"":1612,""detectors_checked"":616448}"
      1024,         0,         0,   0.297,exact_mw,09f626b7d1c8765fd231bc36902f9c5557d3909c4644565b971bdb2bfb186061,"{""distance"":7,""physical_error_rate"":0.0005}","{""detection_events"":1599,""detectors_checked"":616448}"
     14336,         0,         0,   0.303,exact_mw,a6f040f5268ba168f94c6ccce4ff822b1b844608631bba2e2b8dc7ec85b1e503,"{""distance"":7,""physical_error_rate"":0.0002}","{""detection_events"":8749,""detectors_checked"":8630272}"
      1024,         0,         0,   0.114,exact_mw,09f626b7d1c8765fd231bc36902f9c5557d3909c4644565b971bdb2bfb186061,"{""distance"":7,""physical_error_rate"":0.0005}","{""detection_events"":1464,""detectors_checked"":616448}"
      1024,         0,         0,   0.173,exact_mw,09f626b7d1c8765fd231bc36902f9c5557d3909c4644565b971bdb2bfb186061,"{""distance"":7,""physical_error_rate"":0.0005}","{""detection_events"":1507,""detectors_checked"":616448}"
      1024,         0,         0,   0.118,exact_mw,09f626b7d1c8765fd231bc36902f9c5557d3909c4644565b971bdb2bfb186061,"{""distance"":7,""physical_error_rate"":0.0005}","{""detection_events"":1396,""detectors_checked"":616448}"
     41984,         0,         0,   0.581,exact_mw,894a5a708293b7bd3951925e43ae0371ba83736430ed1970399611b4deb8498b,"{""distance"":7,""physical_error_rate"":0.0001}","{""detection_events"":12394,""detectors_checked"":25274368}"
       128,         0,         0,   0.476,exact_mw,8842ec4fe0f86aba00650008f7f408db45344cfb5a30f76b1f2c0fb50a8d5069,"{""distance"":7,""physical_error_rate"":0.002}","{""detection_events"":714,""detectors_checked"":77056}"
       512,         0,         0,   0.463,exact_mw,fe773c48422346d89ea42b7ea8a90aa3034802874175ef2bfbcd9fbedf677903,"{""distance"":7,""physical_error_rate"":0.001}","{""detection_events"":1510,""detectors_checked"":308224}"
     35840,         0,         0,   0.806,exact_mw,a6f040f5268ba168f94c6ccce4ff822b1b844608631bba2e2b8dc7ec85b1e503,"{""distance"":7,""physical_error_rate"":0.0002}","{""detection_events"":21166,""detectors_checked"":21575680}"
       512,         0,         0,   0.493,exact_mw,fe773c48422346d89ea42b7ea8a90aa3034802874175ef2bfbcd9fbedf677903,"{""distance"":7,""physical_error_rate"":0.001}","{""detection_events"":1496,""detectors_checked"":308224}"
      1024,         0,         0,   0.158,exact_mw,09f626b7d1c8765fd231bc36902f9c5557d3909c4644565b971bdb2bfb186061,"{""distance"":7,""physical_error_rate"":0.0005}","{""detection_events"":1560,""detectors_checked"":616448}"
     17408,         0,         0,   0.456,exact_mw,a6f040f5268ba168f94c6ccce4ff822b1b844608631bba2e2b8dc7ec85b1e503,"{""distance"":7,""physical_error_rate"":0.0002}","{""detection_events"":10058,""detectors_checked"":10479616}"
      2048,         0,         0,   0.410,exact_mw,09f626b7d1c8765fd231bc36902f9c5557d3909c4644565b971bdb2bfb186061,"{""distance"":7,""physical_error_rate"":0.0005}","{""detection_events"":3026,""detectors_checked"":1232896}"
      1024,         0,         0,   0.103,exact_mw,09f626b7d1c8765fd231bc36902f9c5557d3909c4644565b971bdb2bfb186061,"{""distance"":7,""physical_error_rate"":0.0005}","{""detection_events"":1526,""detectors_checked"":616448}"
      1024,         0,         0,   0.160,exact_mw,09f626b7d1c8765fd231bc36902f9c5557d3909c4644565b971bdb2bfb186061,"{""distance"":7,""physical_error_rate"":0.0005}","{""detection_events"":1523,""detectors_checked"":616448}"
     56320,         0,         0,   0.797,exact_mw,894a5a708293b7bd3951925e43ae0371ba83736430ed1970399611b4deb8498b,"{""distance"":7,""physical_error_rate"":0.0001}","{""detection_events"":16446,""detectors_checked"":33904640}"
      2048,         0,         0,   0.335,exact_mw,09f626b7d1c8765fd231bc36902f9c5557d3909c4644565b971bdb2bfb186061,"{""distance"":7,""physical_error_rate"":0.0005}","{""detection_events"":3035,""detectors_checked"":1232896}"
      1024,         0,         0,   0.164,exact_mw,09f626b7d1c8765fd231bc36902f9c5557d3909c4644565b971bdb2bfb186061,"{""distance"":7,""physical_error_rate"":0.0005}","{""detection_events"":1575,""detectors_checked"":616448}"
       512,         0,         0,   0.523,exact_mw,fe773c48422346d89ea42b7ea8a90aa3034802874175ef2bfbcd9fbedf677903,"{""distance"":7,""physical_error_rate"":0.001}","{""detection_events"":1519,""detectors_checked"":308224}"
       512,         0,         0,   0.518,exact_mw,fe773c48422346d89ea42b7ea8a90aa3034802874175ef2bfbcd9fbedf677903,"{""distance"":7,""physical_error_rate"":0.001}","{""detection_events"":1516,""detectors_checked"":308224}"
     26624,         0,         0,   0.568,exact_mw,a6f040f5268ba168f94c6ccce4ff822b1b844608631bba2e2b8dc7ec85b1e503,"{""distance"":7,""physical_error_rate"":0.0002}","{""detection_events"":15448,""detectors_checked"":16027648}"
      1024,         0,         0,   0.182,exact_mw,09f626b7d1c8765fd231bc36902f9c5557d3909c4644565b971bdb2bfb186061,"{""distance"":7,""physical_error_rate"":0.0005}","{""detection_events"":1491,""detectors_checked"":616448}"
       128,         0,         0,   0.735,exact_mw,8842ec4fe0f86aba00650008f7f408db45344cfb5a30f76b1f2c0fb50a8d5069,"{""distance"":7,""physical_error_rate"":0.002}","{""detection_events"":747,""detectors_checked"":77056}"
     59392,         0,         0,   0.791,exact_mw,894a5a708293b7bd3951925e43ae0371ba83736430ed1970399611b4deb8498b,"{""distance"":7,""physical_error_rate"":0.0001}","{""detection_events"":17517,""detectors_checked"":35753984}"
       512,         0,         0,   0.358,exact_mw,fe773c48422346d89ea42b7ea8a90aa3034802874175ef2bfbcd9fbedf677903,"{""distance"":7,""physical_error_rate"":0.001}","{""detection_events"":1507,""detectors_checked"":308224}"
      2048,         0,         0,   0.229,exact_mw,09f626b7d1c8765fd231bc36902f9c5557d3909c4644565b971bdb2bfb186061,"{""distance"":7,""physical_error_rate"":0.0005}","{""detection_events"":2914,""detectors_checked"":1232896}"
      3072,         0,         0,   0.462,exact_mw,09f626b7d1c8765fd231bc36902f9c5557d3909c4644565b971bdb2bfb186061,"{""distance"":7,""physical_error_rate"":0.0005}","{""detection_events"":4385,""detectors_checked"":1849344}"
       512,         0,         0,   0.527,exact_mw,fe773c48422346d89ea42b7ea8a90aa3034802874175ef2bfbcd9fbedf677903,"{""distance"":7,""physical_error_rate"":0.001}","{""detection_events"":1474,""detectors_checked"":308224}"
     52224,         0,         0,    1.12,exact_mw,a6f040f5268ba168f94c6ccce4ff822b1b844608631bba2e2b8dc7ec85b1e503,"{""distance"":7,""physical_error_rate"":0.0002}","{""detection_events"":31004,""detectors_checked"":31438848}"
       128,         0,         0,   0.518,exact_mw,8842ec4fe0f86aba00650008f7f408db45344cfb5a30f76b1f2c0fb50a8d5069,"{""distance"":7,""physical_error_rate"":0.002}","{""detection_events"":836,""detectors_checked"":77056}"
      3072,         0,         0,   0.389,exact_mw,09f626b7d1c8765fd231bc36902f9c5557d3909c4644565b971bdb2bfb186061,"{""distance"":7,""physical_error_rate"":0.0005}","{""detection_events"":4482,""detectors_checked"":1849344}"
      4096,         0,         0,   0.482,exact_mw,09f626b7d1c8765fd231bc36902f9c5557d3909c4644565b971bdb2bfb186061,"{""distance"":7,""physical_error_rate"":0.0005}","{""detection_events"":6101,""detectors_checked"":2465792}"
       512,         0,         0,   0.531,exact_mw,fe773c48422346d89ea42b7ea8a90aa3034802874175ef2bfbcd9fbedf677903,"{""distance"":7,""physical_error_rate"":0.001}","{""detection_events"":1632,""detectors_checked"":308224}"
     39936,         0,         0,   0.782,exact_mw,a6f040f5268ba168f94c6ccce4ff822b1b844608631bba2e2b8dc7ec85b1e503,"{""distance"":7,""physical_error_rate"":0.0002}","{""detection_events"":23387,""detectors_checked"":24041472}"
     79872,         0,         0,    1.13,exact_mw,894a5a708293b7bd3951925e43ae0371ba83736430ed1970399611b4deb8498b,"{""distance"":7,""physical_error_rate"":0.0001}","{""detection_events"":23702,""detectors_checked"":48082944}"
       512,         0,         0,   0.467,exact_mw,fe773c48422346d89ea42b7ea8a90aa3034802874175ef2bfbcd9fbedf677903,"{""distance"":7,""physical_error_rate"":0.001}","{""detection_events"":1453,""detectors_checked"":308224}"
       128,         0,         0,   0.500,exact_mw,8842ec4fe0f86aba00650008f7f408db45344cfb5a30f76b1f2c0fb50a8d5069,"{""distance"":7,""physical_error_rate"":0.002}","{""detection_events"":773,""detectors_checked"":77056}"
     82944,         0,         0,    1.11,exact_mw,894a5a708293b7bd3951925e43ae0371ba83736430ed1970399611b4deb8498b,"{""distance"":7,""physical_error_rate"":0.0001}","{""detection_events"":24177,""detectors_checked"":49932288}"
      3072,         0,         0,   0.591,exact_mw,09f626b7d1c8765fd231bc36902f9c5557d3909c4644565b971bdb2bfb186061,"{""distance"":7,""physical_error_rate"":0.0005}","{""detection_events"":4871,""detectors_checked"":1849344}"
       512,         0,         0,   0.415,exact_mw,fe773c48422346d89ea42b7ea8a90aa3034802874175ef2bfbcd9fbedf677903,"{""distance"":7,""physical_error_rate"":0.001}","{""detection_events"":1580,""detectors_checked"":308224}"
       512,         0,         0,   0.606,exact_mw,fe773c48422346d89ea42b7ea8a90aa3034802874175ef2bfbcd9fbedf677903,"{""distance"":7,""physical_error_rate"":0.001}","{""detection_events"":1582,""detectors_checked"":308224}"
      5120,         0,         0,   0.677,exact_mw,09f626b7d1c8765fd231bc36902f9c5557d3909c4644565b971bdb2bfb186061,"{""distance"":7,""physical_error_rate"":0.0005}","{""detection_events"":7501,""detectors_checked"":3082240}"
       128,         0,         0,   0.544,exact_mw,8842ec4fe0f86aba00650008f7f408db45344cfb5a30f76b1f2c0fb50a8d5069,"{""distance"":7,""physical_error_rate"":0.002}","{""detection_events"":820,""detectors_checked"":77056}"
       512,         0,         0,   0.427,exact_mw,fe773c48422346d89ea42b7ea8a90aa3034802874175ef2bfbcd9fbedf677903,"{""distance"":7,""physical_error_rate"":0.001}","{""detection_events"":1457,""detectors_checked"":308224}"
      4096,         0,         0,   0.615,exact_mw,09f626b7d1c8765fd231bc36902f9c5557d3909c4644565b971bdb2bfb186061,"{""distance"":7,""physical_error_rate"":0.0005}","{""detection_events"":6082,""detectors_checked"":2465792}"
     41984,         1,         0,    1.11,exact_mw,a6f040f5268ba168f94c6ccce4ff822b1b844608631bba2e2b8dc7ec85b1e503,"{""distance"":7,""physical_error_rate"":0.0002}","{""detection_events"":24973,""detectors_checked"":25274368,""obs_mistake_mask=E"":1}"
       128,         0,         0,   0.395,exact_mw,8842ec4fe0f86aba00650008f7f408db45344cfb5a30f76b1f2c0fb50a8d5069,"{""distance"":7,""physical_error_rate"":0.002}","{""detection_events"":757,""detectors_checked"":77056}"
     67584,         0,         0,    1.54,exact_mw,a6f040f5268ba168f94c6ccce4ff822b1b844608631bba2e2b8dc7ec85b1e503,"{""distance"":7,""physical_error_rate"":0.0002}","{""detection_events"":39471,""detectors_checked"":40685568}"
      1024,         0,         0,   0.787,exact_mw,fe773c48422346d89ea42b7ea8a90aa3034802874175ef2bfbcd9fbedf677903,"{""distance"":7,""physical_error_rate"":0.001}","{""detection_events"":2979,""detectors_checked"":616448}"
      6144,         0,         0,   0.831,exact_mw,09f626b7d1c8765fd231bc36902f9c5557d3909c4644565b971bdb2bfb186061,"{""distance"":7,""physical_error_rate"":0.0005}","{""detection_events"":8931,""detectors_checked"":3698688}"
    114688,         0,         0,    1.56,exact_mw,894a5a708293b7bd3951925e43ae0371ba83736430ed1970399611b4deb8498b,"{""distance"":7,""physical_error_rate"":0.0001}","{""detection_events"":33658,""detectors_checked"":69042176}"
       128,         0,         0,   0.474,exact_mw,8842ec4fe0f86aba00650008f7f408db45344cfb5a30f76b1f2c0fb50a8d5069,"{""distance"":7,""physical_error_rate"":0.002}","{""detection_events"":731,""detectors_checked"":77056}"
      1024,         0,         0,   0.890,exact_mw,fe773c48422346d89ea42b7ea8a90aa3034802874175ef2bfbcd9fbedf677903,"{""distance"":7,""physical_error_rate"":0.001}","{""detection_events"":3078,""detectors_checked"":616448}"
      5120,         0,         0,   0.861,exact_mw,09f626b7d1c8765fd231bc36902f9c5557d3909c4644565b971bdb2bfb186061,"{""distance"":7,""physical_error_rate"":0.0005}","{""detection_events"":7387,""detectors_checked"":3082240}"
    118784,         0,         0,    1.54,exact_mw,894a5a708293b7bd3951925e43ae0371ba83736430ed1970399611b4deb8498b,"{""distance"":7,""physical_error_rate"":0.0001}","{""detection_events"":35435,""detectors_checked"":71507968}"
       128,         0,         0,   0.614,exact_mw,8842ec4fe0f86aba00650008f7f408db45344cfb5a30f76b1f2c0fb50a8d5069,"{""distance"":7,""physical_error_rate"":0.002}","{""detection_events"":757,""detectors_checked"":77056}"
      1536,         0,         0,    1.26,exact_mw,fe773c48422346d89ea42b7ea8a90aa3034802874175ef2bfbcd9fbedf677903,"{""distance"":7,""physical_error_rate"":0.001}","{""detection_events"":4577,""detectors_checked"":924672}"
      8192,         0,         0,    1.15,exact_mw,09f626b7d1c8765fd231bc36902f9c5557d3909c4644565b971bdb2bfb186061,"{""distance"":7,""physical_error_rate"":0.0005}","{""detection_events"":12064,""detectors_checked"":4931584}"
     58368,         0,         0,    1.57,exact_mw,a6f040f5268ba168f94c6ccce4ff822b1b844608631bba2e2b8dc7ec85b1e503,"{""distance"":7,""physical_error_rate"":0.0002}","{""detection_events"":34819,""detectors_checked"":35137536}"
      1024,         0,         0,    1.05,exact_mw,fe773c48422346d89ea42b7ea8a90aa3034802874175ef2bfbcd9fbedf677903,"{""distance"":7,""physical_error_rate"":0.001}","{""detection_events"":3098,""detectors_checked"":616448}"
       256,         0,         0,   0.696,exact_mw,8842ec4fe0f86aba00650008f7f408db45344cfb5a30f76b1f2c0fb50a8d5069,"{""distance"":7,""physical_error_rate"":0.002}","{""detection_events"":1365,""detectors_checked"":154112}"
      7168,         0,         0,    1.11,exact_mw,09f626b7d1c8765fd231bc36902f9c5557d3909c4644565b971bdb2bfb186061,"{""distance"":7,""physical_error_rate"":0.0005}","{""detection_events"":10746,""detectors_checked"":4315136}"
     99328,         0,         0,    2.17,exact_mw,a6f040f5268ba168f94c6ccce4ff822b1b844608631bba2e2b8dc7ec85b1e503,"{""distance"":7,""physical_error_rate"":0.0002}","{""detection_events"":58877,""detectors_checked"":59795456}"
    162816,         0,         0,    2.13,exact_mw,894a5a708293b7bd3951925e43ae0371ba83736430ed1970399611b4deb8498b,"{""distance"":7,""physical_error_rate"":0.0001}","{""detection_events"":48058,""detectors_checked"":98015232}"
       256,         0,         0,    1.12,exact_mw,8842ec4fe0f86aba00650008f7f408db45344cfb5a30f76b1f2c0fb50a8d5069,"{""distance"":7,""physical_error_rate"":0.002}","{""detection_events"":1559,""detectors_checked"":154112}"
      2048,         0,         0,    1.62,exact_mw,fe773c48422346d89ea42b7ea8a90aa3034802874175ef2bfbcd9fbedf677903,"{""distance"":7,""physical_error_rate"":0.001}","{""detection_events"":6248,""detectors_checked"":1232896}"
    161792,         0,         0,    2.17,exact_mw,894a5a708293b7bd3951925e43ae0371ba83736430ed1970399611b4deb8498b,"{""distance"":7,""physical_error_rate"":0.0001}","{""detection_events"":47308,""detectors_checked"":97398784}"
      1536,         0,         0,    1.29,exact_mw,fe773c48422346d89ea42b7ea8a90aa3034802874175ef2bfbcd9fbedf677903,"{""distance"":7,""physical_error_rate"":0.001}","{""detection_events"":4307,""detectors_checked"":924672}"
     11264,         0,         0,    1.69,exact_mw,09f626b7d1c8765fd231bc36902f9c5557d3909c4644565b971bdb2bfb186061,"{""distance"":7,""physical_error_rate"":0.0005}","{""detection_events"":16838,""detectors_checked"":6780928}"
     11264,         0,         0,    1.69,exact_mw,09f626b7d1c8765fd231bc36902f9c5557d3909c4644565b971bdb2bfb186061,"{""distance"":7,""physical_error_rate"":0.0005}","{""detection_events"":16337,""detectors_checked"":6780928}"
     91136,         0,         0,    2.18,exact_mw,a6f040f5268ba168f94c6ccce4ff822b1b844608631bba2e2b8dc7ec85b1e503,"{""distance"":7,""physical_error_rate"":0.0002}","{""detection_events"":53472,""detectors_checked"":54863872}"
       256,         0,         0,    1.02,exact_mw,8842ec4fe0f86aba00650008f7f408db45344cfb5a30f76b1f2c0fb50a8d5069,"{""distance"":7,""physical_error_rate"":0.002}","{""detection_events"":1641,""detectors_checked"":154112}"
      2048,         0,         0,    1.81,exact_mw,fe773c48422346d89ea42b7ea8a90aa3034802874175ef2bfbcd9fbedf677903,"{""distance"":7,""physical_error_rate"":0.001}","{""detection_events"":6241,""detectors_checked"":1232896}"
      2048,         0,         0,    2.00,exact_mw,fe773c48422346d89ea42b7ea8a90aa3034802874175ef2bfbcd9fbedf677903,"{""distance"":7,""physical_error_rate"":0.001}","{""detection_events"":5969,""detectors_checked"":1232896}"
       384,         0,         0,    1.20,exact_mw,8842ec4fe0f86aba00650008f7f408db45344cfb5a30f76b1f2c0fb50a8d5069,"{""distance"":7,""physical_error_rate"":0.002}","{""detection_events"":2120,""detectors_checked"":231168}"
    140288,         0,         0,    3.04,exact_mw,a6f040f5268ba168f94c6ccce4ff822b1b844608631bba2e2b8dc7ec85b1e503,"{""distance"":7,""physical_error_rate"":0.0002}","{""detection_events"":83330,""detectors_checked"":84453376}"
     17408,         0,         0,    2.24,exact_mw,09f626b7d1c8765fd231bc36902f9c5557d3909c4644565b971bdb2bfb186061,"{""distance"":7,""physical_error_rate"":0.0005}","{""detection_events"":25741,""detectors_checked"":10479616}"
    232448,         0,         0,    3.03,exact_mw,894a5a708293b7bd3951925e43ae0371ba83736430ed1970399611b4deb8498b,"{""distance"":7,""physical_error_rate"":0.0001}","{""detection_events"":68484,""detectors_checked"":139933696}"
     14336,         0,         0,    2.17,exact_mw,09f626b7d1c8765fd231bc36902f9c5557d3909c4644565b971bdb2bfb186061,"{""distance"":7,""physical_error_rate"":0.0005}","{""detection_events"":21560,""detectors_checked"":8630272}"
    226304,         0,         0,    3.04,exact_mw,894a5a708293b7bd3951925e43ae0371ba83736430ed1970399611b4deb8498b,"{""distance"":7,""physical_error_rate"":0.0001}","{""detection_events"":67259,""detectors_checked"":136235008}"
      2048,         0,         0,    1.62,exact_mw,fe773c48422346d89ea42b7ea8a90aa3034802874175ef2bfbcd9fbedf677903,"{""distance"":7,""physical_error_rate"":0.001}","{""detection_events"":6045,""detectors_checked"":1232896}"
    124928,         0,         0,    3.00,exact_mw,a6f040f5268ba168f94c6ccce4ff822b1b844608631bba2e2b8dc7ec85b1e503,"{""distance"":7,""physical_error_rate"":0.0002}","{""detection_events"":74140,""detectors_checked"":75206656}"
       512,         0,         0,    1.90,exact_mw,8842ec4fe0f86aba00650008f7f408db45344cfb5a30f76b1f2c0fb50a8d5069,"{""distance"":7,""physical_error_rate"":0.002}","{""detection_events"":2925,""detectors_checked"":308224}"
      2048,         0,         0,    2.64,exact_mw,fe773c48422346d89ea42b7ea8a90aa3034802874175ef2bfbcd9fbedf677903,"{""distance"":7,""physical_error_rate"":0.001}","{""detection_events"":6120,""detectors_checked"":1232896}"
     24576,         0,         0,    3.20,exact_mw,09f626b7d1c8765fd231bc36902f9c5557d3909c4644565b971bdb2bfb186061,"{""distance"":7,""physical_error_rate"":0.0005}","{""detection_events"":36164,""detectors_checked"":14794752}"
      3072,         0,         0,    2.36,exact_mw,fe773c48422346d89ea42b7ea8a90aa3034802874175ef2bfbcd9fbedf677903,"{""distance"":7,""physical_error_rate"":0.001}","{""detection_events"":8853,""detectors_checked"":1849344}"
     22528,         0,         0,    3.10,exact_mw,09f626b7d1c8765fd231bc36902f9c5557d3909c4644565b971bdb2bfb186061,"{""distance"":7,""physical_error_rate"":0.0005}","{""detection_events"":32615,""detectors_checked"":13561856}"
       640,         1,         0,    2.38,exact_mw,8842ec4fe0f86aba00650008f7f408db45344cfb5a30f76b1f2c0fb50a8d5069,"{""distance"":7,""physical_error_rate"":0.002}","{""detection_events"":3725,""detectors_checked"":385280,""obs_mistake_mask=E"":1}"
   4161536,         2,         0,   119.1,exact_mw,a6f040f5268ba168f94c6ccce4ff822b1b844608631bba2e2b8dc7ec85b1e503,"{""distance"":7,""physical_error_rate"":0.0002}","{""detection_events"":2462798,""detectors_checked"":2505244672,""obs_mistake_mask=E"":2}"
    202752,         0,         0,    4.27,exact_mw,a6f040f5268ba168f94c6ccce4ff822b1b844608631bba2e2b8dc7ec85b1e503,"{""distance"":7,""physical_error_rate"":0.0002}","{""detection_events"":120062,""detectors_checked"":122056704}"
    318464,         0,         0,    4.24,exact_mw,894a5a708293b7bd3951925e43ae0371ba83736430ed1970399611b4deb8498b,"{""distance"":7,""physical_error_rate"":0.0001}","{""detection_events"":94841,""detectors_checked"":191715328}"
    314368,         0,         0,    4.24,exact_mw,894a5a708293b7bd3951925e43ae0371ba83736430ed1970399611b4deb8498b,"{""distance"":7,""physical_error_rate"":0.0001}","{""detection_events"":93053,""detectors_checked"":189249536}"
    157696,         0,         0,    4.29,exact_mw,a6f040f5268ba168f94c6ccce4ff822b1b844608631bba2e2b8dc7ec85b1e503,"{""distance"":7,""physical_error_rate"":0.0002}","{""detection_events"":94057,""detectors_checked"":94932992}"
      2560,         0,         0,    3.54,exact_mw,fe773c48422346d89ea42b7ea8a90aa3034802874175ef2bfbcd9fbedf677903,"{""distance"":7,""physical_error_rate"":0.001}","{""detection_events"":7728,""detectors_checked"":1541120}"
      4096,         0,         0,    3.24,exact_mw,fe773c48422346d89ea42b7ea8a90aa3034802874175ef2bfbcd9fbedf677903,"{""distance"":7,""physical_error_rate"":0.001}","{""detection_events"":12155,""detectors_checked"":2465792}"
   6523904,         1,         0,   119.0,exact_mw,894a5a708293b7bd3951925e43ae0371ba83736430ed1970399611b4deb8498b,"{""distance"":7,""physical_error_rate"":0.0001}","{""detection_events"":1930320,""detectors_checked"":3927390208,""obs_mistake_mask=E"":1}"
    819200,         4,         0,   119.9,exact_mw,09f626b7d1c8765fd231bc36902f9c5557d3909c4644565b971bdb2bfb186061,"{""distance"":7,""physical_error_rate"":0.0005}","{""detection_events"":1214342,""detectors_checked"":493158400,""obs_mistake_mask=E"":4}"
       768,         0,         0,    3.17,exact_mw,8842ec4fe0f86aba00650008f7f408db45344cfb5a30f76b1f2c0fb50a8d5069,"{""distance"":7,""physical_error_rate"":0.002}","{""detection_events"":4459,""detectors_checked"":462336}"
     29696,         0,         0,    4.27,exact_mw,09f626b7d1c8765fd231bc36902f9c5557d3909c4644565b971bdb2bfb186061,"{""distance"":7,""physical_error_rate"":0.0005}","{""detection_events"":44637,""detectors_checked"":17876992}"
    130560,         2,         0,   120.3,exact_mw,fe773c48422346d89ea42b7ea8a90aa3034802874175ef2bfbcd9fbedf677903,"{""distance"":7,""physical_error_rate"":0.001}","{""detection_events"":384524,""detectors_checked"":78597120,""obs_mistake_mask=E"":2}"
     25600,         0,         0,    4.26,exact_mw,09f626b7d1c8765fd231bc36902f9c5557d3909c4644565b971bdb2bfb186061,"{""distance"":7,""physical_error_rate"":0.0005}","{""detection_events"":37541,""detectors_checked"":15411200}"
    270336,         0,         0,    5.98,exact_mw,a6f040f5268ba168f94c6ccce4ff822b1b844608631bba2e2b8dc7ec85b1e503,"{""distance"":7,""physical_error_rate"":0.0002}","{""detection_events"":159180,""detectors_checked"":162742272}"
   8361984,         0,         0,   119.2,exact_mw,894a5a708293b7bd3951925e43ae0371ba83736430ed1970399611b4deb8498b,"{""distance"":7,""physical_error_rate"":0.0001}","{""detection_events"":2484353,""detectors_checked"":5033914368}"
      4608,         0,         0,    4.39,exact_mw,fe773c48422346d89ea42b7ea8a90aa3034802874175ef2bfbcd9fbedf677903,"{""distance"":7,""physical_error_rate"":0.001}","{""detection_events"":13546,""detectors_checked"":2774016}"
    456704,         0,         0,    5.94,exact_mw,894a5a708293b7bd3951925e43ae0371ba83736430ed1970399611b4deb8498b,"{""distance"":7,""physical_error_rate"":0.0001}","{""detection_events"":135302,""detectors_checked"":274935808}"
    446464,         0,         0,    5.96,exact_mw,894a5a708293b7bd3951925e43ae0371ba83736430ed1970399611b4deb8498b,"{""distance"":7,""physical_error_rate"":0.0001}","{""detection_events"":133531,""detectors_checked"":268771328}"
      1152,         0,         0,    4.35,exact_mw,8842ec4fe0f86aba00650008f7f408db45344cfb5a30f76b1f2c0fb50a8d5069,"{""distance"":7,""physical_error_rate"":0.002}","{""detection_events"":6833,""detectors_checked"":693504}"
    236544,         0,         0,    5.98,exact_mw,a6f040f5268ba168f94c6ccce4ff822b1b844608631bba2e2b8dc7ec85b1e503,"{""distance"":7,""physical_error_rate"":0.0002}","{""detection_events"":141460,""detectors_checked"":142399488}"
      6144,         1,         0,    5.10,exact_mw,fe773c48422346d89ea42b7ea8a90aa3034802874175ef2bfbcd9fbedf677903,"{""distance"":7,""physical_error_rate"":0.001}","{""detection_events"":18445,""detectors_checked"":3698688,""obs_mistake_mask=E"":1}"
     37888,         0,         0,    6.00,exact_mw,09f626b7d1c8765fd231bc36902f9c5557d3909c4644565b971bdb2bfb186061,"{""distance"":7,""physical_error_rate"":0.0005}","{""detection_events"":56412,""detectors_checked"":22808576}"
   3222528,         2,         0,   119.4,exact_mw,a6f040f5268ba168f94c6ccce4ff822b1b844608631bba2e2b8dc7ec85b1e503,"{""distance"":7,""physical_error_rate"":0.0002}","{""detection_events"":1909511,""detectors_checked"":1939961856,""obs_mistake_mask=E"":2}"
     29696,         0,         0,    6.07,exact_mw,09f626b7d1c8765fd231bc36902f9c5557d3909c4644565b971bdb2bfb186061,"{""distance"":7,""physical_error_rate"":0.0005}","{""detection_events"":43900,""detectors_checked"":17876992}"
    757760,         3,         0,   119.9,exact_mw,09f626b7d1c8765fd231bc36902f9c5557d3909c4644565b971bdb2bfb186061,"{""distance"":7,""physical_error_rate"":0.0005}","{""detection_events"":1122518,""detectors_checked"":456171520,""obs_mistake_mask=E"":3}"
    435712,         2,         0,   121.0,exact_mw,09f626b7d1c8765fd231bc36902f9c5557d3909c4644565b971bdb2bfb186061,"{""distance"":7,""physical_error_rate"":0.0005}","{""detection_events"":646373,""detectors_checked"":262298624,""obs_mistake_mask=E"":2}"
      7168,         0,         0,    5.99,exact_mw,fe773c48422346d89ea42b7ea8a90aa3034802874175ef2bfbcd9fbedf677903,"{""distance"":7,""physical_error_rate"":0.001}","{""detection_events"":21206,""detectors_checked"":4315136}"
   2204672,         1,         0,   119.3,exact_mw,a6f040f5268ba168f94c6ccce4ff822b1b844608631bba2e2b8dc7ec85b1e503,"{""distance"":7,""physical_error_rate"":0.0002}","{""detection_events"":1305250,""detectors_checked"":1327212544,""obs_mistake_mask=E"":1}"
   5103616,         0,         0,   119.4,exact_mw,a6f040f5268ba168f94c6ccce4ff822b1b844608631bba2e2b8dc7ec85b1e503,"{""distance"":7,""physical_error_rate"":0.0002}","{""detection_events"":3029426,""detectors_checked"":3072376832}"
      8192,         0,         0,    6.08,exact_mw,fe773c48422346d89ea42b7ea8a90aa3034802874175ef2bfbcd9fbedf677903,"{""distance"":7,""physical_error_rate"":0.001}","{""detection_events"":23968,""detectors_checked"":4931584}"
      1664,         1,         0,    6.39,exact_mw,8842ec4fe0f86aba00650008f7f408db45344cfb5a30f76b1f2c0fb50a8d5069,"{""distance"":7,""physical_error_rate"":0.002}","{""detection_events"":9560,""detectors_checked"":1001728,""obs_mistake_mask=E"":1}"
    425984,         0,         0,    8.33,exact_mw,a6f040f5268ba168f94c6ccce4ff822b1b844608631bba2e2b8dc7ec85b1e503,"{""distance"":7,""physical_error_rate"":0.0002}","{""detection_events"":252320,""detectors_checked"":256442368}"
    776192,         0,         0,    8.28,exact_mw,894a5a708293b7bd3951925e43ae0371ba83736430ed1970399611b4deb8498b,"{""distance"":7,""physical_error_rate"":0.0001}","{""detection_events"":228152,""detectors_checked"":467267584}"
    138752,         2,         0,   120.2,exact_mw,fe773c48422346d89ea42b7ea8a90aa3034802874175ef2bfbcd9fbedf677903,"{""distance"":7,""physical_error_rate"":0.001}","{""detection_events"":409159,""detectors_checked"":83528704,""obs_mistake_mask=E"":2}"
    818176,         0,         0,    8.31,exact_mw,894a5a708293b7bd3951925e43ae0371ba83736430ed1970399611b4deb8498b,"{""distance"":7,""physical_error_rate"":0.0001}","{""detection_events"":244026,""detectors_checked"":492541952}"
   8372224,         0,         0,   119.0,exact_mw,894a5a708293b7bd3951925e43ae0371ba83736430ed1970399611b4deb8498b,"{""distance"":7,""physical_error_rate"":0.0001}","{""detection_events"":2482829,""detectors_checked"":5040078848}"
     16208,         2,         0,   120.7,exact_mw,8842ec4fe0f86aba00650008f7f408db45344cfb5a30f76b1f2c0fb50a8d5069,"{""distance"":7,""physical_error_rate"":0.002}","{""detection_events"":95395,""detectors_checked"":9757216,""obs_mistake_mask=E"":2}"
    295936,         0,         0,    8.33,exact_mw,a6f040f5268ba168f94c6ccce4ff822b1b844608631bba2e2b8dc7ec85b1e503,"{""distance"":7,""physical_error_rate"":0.0002}","{""detection_events"":178363,""detectors_checked"":178153472}"
     53248,         0,         0,    8.50,exact_mw,09f626b7d1c8765fd231bc36902f9c5557d3909c4644565b971bdb2bfb186061,"{""distance"":7,""physical_error_rate"":0.0005}","{""detection_events"":78247,""detectors_checked"":32055296}"
     57344,         0,         0,    8.48,exact_mw,09f626b7d1c8765fd231bc36902f9c5557d3909c4644565b971bdb2bfb186061,"{""distance"":7,""physical_error_rate"":0.0005}","{""detection_events"":83782,""detectors_checked"":34521088}"
     21216,         1,         0,   120.0,exact_mw,8842ec4fe0f86aba00650008f7f408db45344cfb5a30f76b1f2c0fb50a8d5069,"{""distance"":7,""physical_error_rate"":0.002}","{""detection_events"":124416,""detectors_checked"":12772032,""obs_mistake_mask=E"":1}"
     96512,         2,         0,   120.3,exact_mw,fe773c48422346d89ea42b7ea8a90aa3034802874175ef2bfbcd9fbedf677903,"{""distance"":7,""physical_error_rate"":0.001}","{""detection_events"":284396,""detectors_checked"":58100224,""obs_mistake_mask=E"":2}"
      7680,         0,         0,    8.56,exact_mw,fe773c48422346d89ea42b7ea8a90aa3034802874175ef2bfbcd9fbedf677903,"{""distance"":7,""physical_error_rate"":0.001}","{""detection_events"":22349,""detectors_checked"":4623360}"
    398336,         0,         0,   120.6,exact_mw,09f626b7d1c8765fd231bc36902f9c5557d3909c4644565b971bdb2bfb186061,"{""distance"":7,""physical_error_rate"":0.0005}","{""detection_events"":587806,""detectors_checked"":239798272}"
      2176,         0,         0,    8.37,exact_mw,8842ec4fe0f86aba00650008f7f408db45344cfb5a30f76b1f2c0fb50a8d5069,"{""distance"":7,""physical_error_rate"":0.002}","{""detection_events"":13149,""detectors_checked"":1309952}"
     10240,         0,         0,    8.76,exact_mw,fe773c48422346d89ea42b7ea8a90aa3034802874175ef2bfbcd9fbedf677903,"{""distance"":7,""physical_error_rate"":0.001}","{""detection_events"":29972,""detectors_checked"":6164480}"
   8601600,         1,         0,   118.9,exact_mw,894a5a708293b7bd3951925e43ae0371ba83736430ed1970399611b4deb8498b,"{""distance"":7,""physical_error_rate"":0.0001}","{""detection_events"":2558647,""detectors_checked"":5178163200,""obs_mistake_mask=E"":1}"
    135680,         2,         0,   120.2,exact_mw,fe773c48422346d89ea42b7ea8a90aa3034802874175ef2bfbcd9fbedf677903,"{""distance"":7,""physical_error_rate"":0.001}","{""detection_events"":398454,""detectors_checked"":81679360,""obs_mistake_mask=E"":2}"
    144384,         5,         0,   120.3,exact_mw,fe773c48422346d89ea42b7ea8a90aa3034802874175ef2bfbcd9fbedf677903,"{""distance"":7,""physical_error_rate"":0.001}","{""detection_events"":426062,""detectors_checked"":86919168,""obs_mistake_mask=E"":5}"
   4182016,         1,         0,   119.2,exact_mw,a6f040f5268ba168f94c6ccce4ff822b1b844608631bba2e2b8dc7ec85b1e503,"{""distance"":7,""physical_error_rate"":0.0002}","{""detection_events"":2480692,""detectors_checked"":2517573632,""obs_mistake_mask=E"":1}"
    544768,         0,         0,    11.7,exact_mw,a6f040f5268ba168f94c6ccce4ff822b1b844608631bba2e2b8dc7ec85b1e503,"{""distance"":7,""physical_error_rate"":0.0002}","{""detection_events"":323251,""detectors_checked"":327950336}"
    957440,         0,         0,    11.6,exact_mw,894a5a708293b7bd3951925e43ae0371ba83736430ed1970399611b4deb8498b,"{""distance"":7,""physical_error_rate"":0.0001}","{""detection_events"":283486,""detectors_checked"":576378880}"
    978944,         0,         0,    11.7,exact_mw,894a5a708293b7bd3951925e43ae0371ba83736430ed1970399611b4deb8498b,"{""distance"":7,""physical_error_rate"":0.0001}","{""detection_events"":291474,""detectors_checked"":589324288}"
    457728,         0,         0,    11.7,exact_mw,a6f040f5268ba168f94c6ccce4ff822b1b844608631bba2e2b8dc7ec85b1e503,"{""distance"":7,""physical_error_rate"":0.0002}","{""detection_events"":273073,""detectors_checked"":275552256}"
     21008,         2,         0,   120.4,exact_mw,8842ec4fe0f86aba00650008f7f408db45344cfb5a30f76b1f2c0fb50a8d5069,"{""distance"":7,""physical_error_rate"":0.002}","{""detection_events"":124522,""detectors_checked"":12646816,""obs_mistake_mask=E"":2}"
    173568,         0,         0,   119.9,exact_mw,09f626b7d1c8765fd231bc36902f9c5557d3909c4644565b971bdb2bfb186061,"{""distance"":7,""physical_error_rate"":0.0005}","{""detection_events"":256530,""detectors_checked"":104487936}"
     27008,         6,         0,   120.0,exact_mw,8842ec4fe0f86aba00650008f7f408db45344cfb5a30f76b1f2c0fb50a8d5069,"{""distance"":7,""physical_error_rate"":0.002}","{""detection_events"":157501,""detectors_checked"":16258816,""obs_mistake_mask=E"":6}"
   1547264,         0,         0,   118.9,exact_mw,894a5a708293b7bd3951925e43ae0371ba83736430ed1970399611b4deb8498b,"{""distance"":7,""physical_error_rate"":0.0001}","{""detection_events"":458578,""detectors_checked"":931452928}"
   4777984,         2,         0,   118.7,exact_mw,894a5a708293b7bd3951925e43ae0371ba83736430ed1970399611b4deb8498b,"{""distance"":7,""physical_error_rate"":0.0001}","{""detection_events"":1418915,""detectors_checked"":2876346368,""obs_mistake_mask=E"":2}"
     75776,         0,         0,    11.8,exact_mw,09f626b7d1c8765fd231bc36902f9c5557d3909c4644565b971bdb2bfb186061,"{""distance"":7,""physical_error_rate"":0.0005}","{""detection_events"":112411,""detectors_checked"":45617152}"
     81920,         0,         0,    11.7,exact_mw,09f626b7d1c8765fd231bc36902f9c5557d3909c4644565b971bdb2bfb186061,"{""distance"":7,""physical_error_rate"":0.0005}","{""detection_events"":119755,""detectors_checked"":49315840}"
     14336,         0,         0,    11.8,exact_mw,fe773c48422346d89ea42b7ea8a90aa3034802874175ef2bfbcd9fbedf677903,"{""distance"":7,""physical_error_rate"":0.001}","{""detection_events"":41566,""detectors_checked"":8630272}"
      3072,         1,         0,    11.8,exact_mw,8842ec4fe0f86aba00650008f7f408db45344cfb5a30f76b1f2c0fb50a8d5069,"{""distance"":7,""physical_error_rate"":0.002}","{""detection_events"":17640,""detectors_checked"":1849344,""obs_mistake_mask=E"":1}"
     14336,         0,         0,    12.0,exact_mw,fe773c48422346d89ea42b7ea8a90aa3034802874175ef2bfbcd9fbedf677903,"{""distance"":7,""physical_error_rate"":0.001}","{""detection_events"":41645,""detectors_checked"":8630272}"
     29824,         4,         0,   120.4,exact_mw,8842ec4fe0f86aba00650008f7f408db45344cfb5a30f76b1f2c0fb50a8d5069,"{""distance"":7,""physical_error_rate"":0.002}","{""detection_events"":175540,""detectors_checked"":17954048,""obs_mistake_mask=E"":4}"
    143360,         3,         0,   120.4,exact_mw,fe773c48422346d89ea42b7ea8a90aa3034802874175ef2bfbcd9fbedf677903,"{""distance"":7,""physical_error_rate"":0.001}","{""detection_events"":424604,""detectors_checked"":86302720,""obs_mistake_mask=E"":3}"
    737280,         0,         0,    16.3,exact_mw,a6f040f5268ba168f94c6ccce4ff822b1b844608631bba2e2b8dc7ec85b1e503,"{""distance"":7,""physical_error_rate"":0.0002}","{""detection_events"":436333,""detectors_checked"":443842560}"
   1220608,         0,         0,    16.3,exact_mw,894a5a708293b7bd3951925e43ae0371ba83736430ed1970399611b4deb8498b,"{""distance"":7,""physical_error_rate"":0.0001}","{""detection_events"":361414,""detectors_checked"":734806016}"
   1223680,         0,         0,    16.3,exact_mw,894a5a708293b7bd3951925e43ae0371ba83736430ed1970399611b4deb8498b,"{""distance"":7,""physical_error_rate"":0.0001}","{""detection_events"":362934,""detectors_checked"":736655360}"
    679936,         0,         0,    16.3,exact_mw,a6f040f5268ba168f94c6ccce4ff822b1b844608631bba2e2b8dc7ec85b1e503,"{""distance"":7,""physical_error_rate"":0.0002}","{""detection_events"":402865,""detectors_checked"":409321472}"
    125952,         3,         0,   120.4,exact_mw,fe773c48422346d89ea42b7ea8a90aa3034802874175ef2bfbcd9fbedf677903,"{""distance"":7,""physical_error_rate"":0.001}","{""detection_events"":370726,""detectors_checked"":75823104,""obs_mistake_mask=E"":3}"
    106496,         0,         0,    16.4,exact_mw,09f626b7d1c8765fd231bc36902f9c5557d3909c4644565b971bdb2bfb186061,"{""distance"":7,""physical_error_rate"":0.0005}","{""detection_events"":157566,""detectors_checked"":64110592}"
    116736,         0,         0,    16.4,exact_mw,09f626b7d1c8765fd231bc36902f9c5557d3909c4644565b971bdb2bfb186061,"{""distance"":7,""physical_error_rate"":0.0005}","{""detection_events"":171779,""detectors_checked"":70275072}"
        17,         0,         0,   0.557,exact_mw,8842ec4fe0f86aba00650008f7f408db45344cfb5a30f76b1f2c0fb50a8d5069,"{""distance"":7,""physical_error_rate"":0.002}","{""detection_events"":130,""detectors_checked"":10234}"
        16,         0,         0,   0.561,exact_mw,8842ec4fe0f86aba00650008f7f408db45344cfb5a30f76b1f2c0fb50a8d5069,"{""distance"":7,""physical_error_rate"":0.002}","{""detection_events"":95,""detectors_checked"":9632}"
     20480,         0,         0,    16.8,exact_mw,fe773c48422346d89ea42b7ea8a90aa3034802874175ef2bfbcd9fbedf677903,"{""distance"":7,""physical_error_rate"":0.001}","{""detection_events"":59996,""detectors_checked"":12328960}"
        16,         0,         0,   0.617,exact_mw,8842ec4fe0f86aba00650008f7f408db45344cfb5a30f76b1f2c0fb50a8d5069,"{""distance"":7,""physical_error_rate"":0.002}","{""detection_events"":109,""detectors_checked"":9632}"
        16,         0,         0,   0.507,exact_mw,8842ec4fe0f86aba00650008f7f408db45344cfb5a30f76b1f2c0fb50a8d5069,"{""distance"":7,""physical_error_rate"":0.002}","{""detection_events"":101,""detectors_checked"":9632}"
        16,         0,         0,   0.113,exact_mw,8842ec4fe0f86aba00650008f7f408db45344cfb5a30f76b1f2c0fb50a8d5069,"{""distance"":7,""physical_error_rate"":0.002}","{""detection_events"":64,""detectors_checked"":9632}"
     41664,         1,         0,   120.1,exact_mw,fe773c48422346d89ea42b7ea8a90aa3034802874175ef2bfbcd9fbedf677903,"{""distance"":7,""physical_error_rate"":0.001}","{""detection_events"":122880,""detectors_checked"":25081728,""obs_mistake_mask=E"":1}"
      4224,         2,         0,    16.8,exact_mw,8842ec4fe0f86aba00650008f7f408db45344cfb5a30f76b1f2c0fb50a8d5069,"{""distance"":7,""physical_error_rate"":0.002}","{""detection_events"":24990,""detectors_checked"":2542848,""obs_mistake_mask=E"":2}"
     21504,         1,         0,    17.0,exact_mw,fe773c48422346d89ea42b7ea8a90aa3034802874175ef2bfbcd9fbedf677903,"{""distance"":7,""physical_error_rate"":0.001}","{""detection_events"":63121,""detectors_checked"":12945408,""obs_mistake_mask=E"":1}"
        64,         0,         0,    1.55,exact_mw,8842ec4fe0f86aba00650008f7f408db45344cfb5a30f76b1f2c0fb50a8d5069,"{""distance"":7,""physical_error_rate"":0.002}","{""detection_events"":344,""detectors_checked"":38528}"
        32,         0,         0,    1.23,exact_mw,8842ec4fe0f86aba00650008f7f408db45344cfb5a30f76b1f2c0fb50a8d5069,"{""distance"":7,""physical_error_rate"":0.002}","{""detection_events"":226,""detectors_checked"":19264}"
        32,         0,         0,   0.560,exact_mw,8842ec4fe0f86aba00650008f7f408db45344cfb5a30f76b1f2c0fb50a8d5069,"{""distance"":7,""physical_error_rate"":0.002}","{""detection_events"":167,""detectors_checked"":19264}"
        32,         0,         0,   0.895,exact_mw,8842ec4fe0f86aba00650008f7f408db45344cfb5a30f76b1f2c0fb50a8d5069,"{""distance"":7,""physical_error_rate"":0.002}","{""detection_events"":192,""detectors_checked"":19264}"
        32,         0,         0,   0.504,exact_mw,8842ec4fe0f86aba00650008f7f408db45344cfb5a30f76b1f2c0fb50a8d5069,"{""distance"":7,""physical_error_rate"":0.002}","{""detection_events"":224,""detectors_checked"":19264}"
        32,         0,         0,    1.07,exact_mw,8842ec4fe0f86aba00650008f7f408db45344cfb5a30f76b1f2c0fb50a8d5069,"{""distance"":7,""physical_error_rate"":0.002}","{""detection_events"":164,""detectors_checked"":19264}"
        32,         0,         0,   0.443,exact_mw,8842ec4fe0f86aba00650008f7f408db45344cfb5a30f76b1f2c0fb50a8d5069,"{""distance"":7,""physical_error_rate"":0.002}","{""detection_events"":161,""detectors_checked"":19264}"
        64,         0,         0,    1.17,exact_mw,8842ec4fe0f86aba00650008f7f408db45344cfb5a30f76b1f2c0fb50a8d5069,"{""distance"":7,""physical_error_rate"":0.002}","{""detection_events"":377,""detectors_checked"":38528}"
        64,         0,         0,    1.40,exact_mw,8842ec4fe0f86aba00650008f7f408db45344cfb5a30f76b1f2c0fb50a8d5069,"{""distance"":7,""physical_error_rate"":0.002}","{""detection_events"":446,""detectors_checked"":38528}"
        96,         0,         0,    1.73,exact_mw,8842ec4fe0f86aba00650008f7f408db45344cfb5a30f76b1f2c0fb50a8d5069,"{""distance"":7,""physical_error_rate"":0.002}","{""detection_events"":543,""detectors_checked"":57792}"
        96,         0,         0,    2.24,exact_mw,8842ec4fe0f86aba00650008f7f408db45344cfb5a30f76b1f2c0fb50a8d5069,"{""distance"":7,""physical_error_rate"":0.002}","{""detection_events"":653,""detectors_checked"":57792}"
        96,         0,         0,    2.18,exact_mw,8842ec4fe0f86aba00650008f7f408db45344cfb5a30f76b1f2c0fb50a8d5069,"{""distance"":7,""physical_error_rate"":0.002}","{""detection_events"":536,""detectors_checked"":57792}"
   1065984,         0,         0,    22.8,exact_mw,a6f040f5268ba168f94c6ccce4ff822b1b844608631bba2e2b8dc7ec85b1e503,"{""distance"":7,""physical_error_rate"":0.0002}","{""detection_events"":631443,""detectors_checked"":641722368}"
   1717248,         0,         0,    22.8,exact_mw,894a5a708293b7bd3951925e43ae0371ba83736430ed1970399611b4deb8498b,"{""distance"":7,""physical_error_rate"":0.0001}","{""detection_events"":510864,""detectors_checked"":1033783296}"
   1697792,         0,         0,    22.8,exact_mw,894a5a708293b7bd3951925e43ae0371ba83736430ed1970399611b4deb8498b,"{""distance"":7,""physical_error_rate"":0.0001}","{""detection_events"":505585,""detectors_checked"":1022070784}"
    921600,         0,         0,    22.9,exact_mw,a6f040f5268ba168f94c6ccce4ff822b1b844608631bba2e2b8dc7ec85b1e503,"{""distance"":7,""physical_error_rate"":0.0002}","{""detection_events"":547647,""detectors_checked"":554803200}"
   4609024,         1,         0,   119.3,exact_mw,a6f040f5268ba168f94c6ccce4ff822b1b844608631bba2e2b8dc7ec85b1e503,"{""distance"":7,""physical_error_rate"":0.0002}","{""detection_events"":2731416,""detectors_checked"":2774632448,""obs_mistake_mask=E"":1}"
       128,         0,         0,    3.42,exact_mw,8842ec4fe0f86aba00650008f7f408db45344cfb5a30f76b1f2c0fb50a8d5069,"{""distance"":7,""physical_error_rate"":0.002}","{""detection_events"":821,""detectors_checked"":77056}"
   8970240,         0,         0,   119.1,exact_mw,894a5a708293b7bd3951925e43ae0371ba83736430ed1970399611b4deb8498b,"{""distance"":7,""physical_error_rate"":0.0001}","{""detection_events"":2665680,""detectors_checked"":5400084480}"
   5472256,         3,         0,   119.3,exact_mw,a6f040f5268ba168f94c6ccce4ff822b1b844608631bba2e2b8dc7ec85b1e503,"{""distance"":7,""physical_error_rate"":0.0002}","{""detection_events"":3244564,""detectors_checked"":3294298112,""obs_mistake_mask=E"":3}"
    153600,         1,         0,    23.0,exact_mw,09f626b7d1c8765fd231bc36902f9c5557d3909c4644565b971bdb2bfb186061,"{""distance"":7,""physical_error_rate"":0.0005}","{""detection_events"":227530,""detectors_checked"":92467200,""obs_mistake_mask=E"":1}"
    161792,         0,         0,    23.0,exact_mw,09f626b7d1c8765fd231bc36902f9c5557d3909c4644565b971bdb2bfb186061,"{""distance"":7,""physical_error_rate"":0.0005}","{""detection_events"":240130,""detectors_checked"":97398784}"
    872448,         3,         0,   120.0,exact_mw,09f626b7d1c8765fd231bc36902f9c5557d3909c4644565b971bdb2bfb186061,"{""distance"":7,""physical_error_rate"":0.0005}","{""detection_events"":1288872,""detectors_checked"":525213696,""obs_mistake_mask=E"":3}"
     27648,         1,         0,    23.3,exact_mw,fe773c48422346d89ea42b7ea8a90aa3034802874175ef2bfbcd9fbedf677903,"{""distance"":7,""physical_error_rate"":0.001}","{""detection_events"":81779,""detectors_checked"":16644096,""obs_mistake_mask=E"":1}"
       176,         0,         0,    5.03,exact_mw,8842ec4fe0f86aba00650008f7f408db45344cfb5a30f76b1f2c0fb50a8d5069,"{""distance"":7,""physical_error_rate"":0.002}","{""detection_events"":1055,""detectors_checked"":105952}"
      5888,         0,         0,    23.1,exact_mw,8842ec4fe0f86aba00650008f7f408db45344cfb5a30f76b1f2c0fb50a8d5069,"{""distance"":7,""physical_error_rate"":0.002}","{""detection_events"":34494,""detectors_checked"":3544576}"
    886784,         0,         0,   119.4,exact_mw,a6f040f5268ba168f94c6ccce4ff822b1b844608631bba2e2b8dc7ec85b1e503,"{""distance"":7,""physical_error_rate"":0.0002}","{""detection_events"":526735,""detectors_checked"":533843968}"
     27648,         1,         0,    23.4,exact_mw,fe773c48422346d89ea42b7ea8a90aa3034802874175ef2bfbcd9fbedf677903,"{""distance"":7,""physical_error_rate"":0.001}","{""detection_events"":82510,""detectors_checked"":16644096,""obs_mistake_mask=E"":1}"
   4826112,         1,         0,   119.3,exact_mw,a6f040f5268ba168f94c6ccce4ff822b1b844608631bba2e2b8dc7ec85b1e503,"{""distance"":7,""physical_error_rate"":0.0002}","{""detection_events"":2866554,""detectors_checked"":2905319424,""obs_mistake_mask=E"":1}"
   7867392,         2,         0,   119.2,exact_mw,894a5a708293b7bd3951925e43ae0371ba83736430ed1970399611b4deb8498b,"{""distance"":7,""physical_error_rate"":0.0001}","{""detection_events"":2332010,""detectors_checked"":4736169984,""obs_mistake_mask=E"":2}"
    811008,         4,         0,   119.9,exact_mw,09f626b7d1c8765fd231bc36902f9c5557d3909c4644565b971bdb2bfb186061,"{""distance"":7,""physical_error_rate"":0.0005}","{""detection_events"":1198069,""detectors_checked"":488226816,""obs_mistake_mask=E"":4}"
    337664,         0,         0,   119.9,exact_mw,09f626b7d1c8765fd231bc36902f9c5557d3909c4644565b971bdb2bfb186061,"{""distance"":7,""physical_error_rate"":0.0005}","{""detection_events"":501016,""detectors_checked"":203273728}"
   5143552,         0,         0,   119.3,exact_mw,a6f040f5268ba168f94c6ccce4ff822b1b844608631bba2e2b8dc7ec85b1e503,"{""distance"":7,""physical_error_rate"":0.0002}","{""detection_events"":3051575,""detectors_checked"":3096418304}"
   8203264,         0,         0,   119.1,exact_mw,894a5a708293b7bd3951925e43ae0371ba83736430ed1970399611b4deb8498b,"{""distance"":7,""physical_error_rate"":0.0001}","{""detection_events"":2429555,""detectors_checked"":4938364928}"
    839680,         1,         0,   120.0,exact_mw,09f626b7d1c8765fd231bc36902f9c5557d3909c4644565b971bdb2bfb186061,"{""distance"":7,""physical_error_rate"":0.0005}","{""detection_events"":1241507,""detectors_checked"":505487360,""obs_mistake_mask=E"":1}"
       224,         0,         0,    6.16,exact_mw,8842ec4fe0f86aba00650008f7f408db45344cfb5a30f76b1f2c0fb50a8d5069,"{""distance"":7,""physical_error_rate"":0.002}","{""detection_events"":1299,""detectors_checked"":134848}"
    673792,         1,         0,   120.0,exact_mw,09f626b7d1c8765fd231bc36902f9c5557d3909c4644565b971bdb2bfb186061,"{""distance"":7,""physical_error_rate"":0.0005}","{""detection_events"":995421,""detectors_checked"":405622784,""obs_mistake_mask=E"":1}"
    793600,         2,         0,   119.9,exact_mw,09f626b7d1c8765fd231bc36902f9c5557d3909c4644565b971bdb2bfb186061,"{""distance"":7,""physical_error_rate"":0.0005}","{""detection_events"":1176255,""detectors_checked"":477747200,""obs_mistake_mask=E"":2}"
      5136,         1,         0,   120.4,exact_mw,8842ec4fe0f86aba00650008f7f408db45344cfb5a30f76b1f2c0fb50a8d5069,"{""distance"":7,""physical_error_rate"":0.002}","{""detection_events"":29518,""detectors_checked"":3091872,""obs_mistake_mask=E"":1}"
    142336,         3,         0,   120.1,exact_mw,fe773c48422346d89ea42b7ea8a90aa3034802874175ef2bfbcd9fbedf677903,"{""distance"":7,""physical_error_rate"":0.001}","{""detection_events"":420515,""detectors_checked"":85686272,""obs_mistake_mask=E"":3}"
     30976,        10,         0,   120.5,exact_mw,8842ec4fe0f86aba00650008f7f408db45344cfb5a30f76b1f2c0fb50a8d5069,"{""distance"":7,""physical_error_rate"":0.002}","{""detection_events"":181776,""detectors_checked"":18647552,""obs_mistake_mask=E"":10}"
    141312,         3,         0,   120.2,exact_mw,fe773c48422346d89ea42b7ea8a90aa3034802874175ef2bfbcd9fbedf677903,"{""distance"":7,""physical_error_rate"":0.001}","{""detection_events"":418831,""detectors_checked"":85069824,""obs_mistake_mask=E"":3}"
     30592,         5,         0,   120.9,exact_mw,8842ec4fe0f86aba00650008f7f408db45344cfb5a30f76b1f2c0fb50a8d5069,"{""distance"":7,""physical_error_rate"":0.002}","{""detection_events"":179641,""detectors_checked"":18416384,""obs_mistake_mask=E"":5}"
       304,         0,         0,    8.90,exact_mw,8842ec4fe0f86aba00650008f7f408db45344cfb5a30f76b1f2c0fb50a8d5069,"{""distance"":7,""physical_error_rate"":0.002}","{""detection_events"":1894,""detectors_checked"":183008}"
    138240,         3,         0,   120.6,exact_mw,fe773c48422346d89ea42b7ea8a90aa3034802874175ef2bfbcd9fbedf677903,"{""distance"":7,""physical_error_rate"":0.001}","{""detection_events"":406475,""detectors_checked"":83220480,""obs_mistake_mask=E"":3}"
      4816,         1,         0,   120.3,exact_mw,8842ec4fe0f86aba00650008f7f408db45344cfb5a30f76b1f2c0fb50a8d5069,"{""distance"":7,""physical_error_rate"":0.002}","{""detection_events"":28395,""detectors_checked"":2899232,""obs_mistake_mask=E"":1}"
     29824,         3,         0,   120.1,exact_mw,8842ec4fe0f86aba00650008f7f408db45344cfb5a30f76b1f2c0fb50a8d5069,"{""distance"":7,""physical_error_rate"":0.002}","{""detection_events"":174738,""detectors_checked"":17954048,""obs_mistake_mask=E"":3}"
   8205312,         1,         0,   119.1,exact_mw,894a5a708293b7bd3951925e43ae0371ba83736430ed1970399611b4deb8498b,"{""distance"":7,""physical_error_rate"":0.0001}","{""detection_events"":2436503,""detectors_checked"":4939597824,""obs_mistake_mask=E"":1}"
   1375232,         0,         0,    32.0,exact_mw,a6f040f5268ba168f94c6ccce4ff822b1b844608631bba2e2b8dc7ec85b1e503,"{""distance"":7,""physical_error_rate"":0.0002}","{""detection_events"":818697,""detectors_checked"":827889664}"
   2278400,         0,         0,    31.9,exact_mw,894a5a708293b7bd3951925e43ae0371ba83736430ed1970399611b4deb8498b,"{""distance"":7,""physical_error_rate"":0.0001}","{""detection_events"":673121,""detectors_checked"":1371596800}"
   2287616,         0,         0,    32.0,exact_mw,894a5a708293b7bd3951925e43ae0371ba83736430ed1970399611b4deb8498b,"{""distance"":7,""physical_error_rate"":0.0001}","{""detection_events"":679301,""detectors_checked"":1377144832}"
   1436672,         0,         0,    32.0,exact_mw,a6f040f5268ba168f94c6ccce4ff822b1b844608631bba2e2b8dc7ec85b1e503,"{""distance"":7,""physical_error_rate"":0.0002}","{""detection_events"":852045,""detectors_checked"":864876544}"
   4585472,         0,         0,   119.2,exact_mw,a6f040f5268ba168f94c6ccce4ff822b1b844608631bba2e2b8dc7ec85b1e503,"{""distance"":7,""physical_error_rate"":0.0002}","{""detection_events"":2720117,""detectors_checked"":2760454144}"
       448,         0,         0,    11.7,exact_mw,8842ec4fe0f86aba00650008f7f408db45344cfb5a30f76b1f2c0fb50a8d5069,"{""distance"":7,""physical_error_rate"":0.002}","{""detection_events"":2616,""detectors_checked"":269696}"
    208896,         0,         0,    32.2,exact_mw,09f626b7d1c8765fd231bc36902f9c5557d3909c4644565b971bdb2bfb186061,"{""distance"":7,""physical_error_rate"":0.0005}","{""detection_events"":309673,""detectors_checked"":125755392}"
    251904,         0,         0,    32.2,exact_mw,09f626b7d1c8765fd231bc36902f9c5557d3909c4644565b971bdb2bfb186061,"{""distance"":7,""physical_error_rate"":0.0005}","{""detection_events"":373711,""detectors_checked"":151646208}"
     39936,         0,         0,    32.4,exact_mw,fe773c48422346d89ea42b7ea8a90aa3034802874175ef2bfbcd9fbedf677903,"{""distance"":7,""physical_error_rate"":0.001}","{""detection_events"":117887,""detectors_checked"":24041472}"
     27744,         2,         0,   120.3,exact_mw,8842ec4fe0f86aba00650008f7f408db45344cfb5a30f76b1f2c0fb50a8d5069,"{""distance"":7,""physical_error_rate"":0.002}","{""detection_events"":162992,""detectors_checked"":16701888,""obs_mistake_mask=E"":2}"
      7680,         2,         0,    32.6,exact_mw,8842ec4fe0f86aba00650008f7f408db45344cfb5a30f76b1f2c0fb50a8d5069,"{""distance"":7,""physical_error_rate"":0.002}","{""detection_events"":45145,""detectors_checked"":4623360,""obs_mistake_mask=E"":2}"
     36864,         1,         0,    32.8,exact_mw,fe773c48422346d89ea42b7ea8a90aa3034802874175ef2bfbcd9fbedf677903,"{""distance"":7,""physical_error_rate"":0.001}","{""detection_events"":109350,""detectors_checked"":22192128,""obs_mistake_mask=E"":1}"
   1398429,         0,         0,    19.8,exact_mw,894a5a708293b7bd3951925e43ae0371ba83736430ed1970399611b4deb8498b,"{""distance"":7,""physical_error_rate"":0.0001}","{""detection_events"":415005,""detectors_checked"":841854258}"
       528,         0,         0,    16.7,exact_mw,8842ec4fe0f86aba00650008f7f408db45344cfb5a30f76b1f2c0fb50a8d5069,"{""distance"":7,""physical_error_rate"":0.002}","{""detection_events"":3197,""detectors_checked"":317856}"
    794624,         1,         0,   119.1,exact_mw,a6f040f5268ba168f94c6ccce4ff822b1b844608631bba2e2b8dc7ec85b1e503,"{""distance"":7,""physical_error_rate"":0.0002}","{""detection_events"":471069,""detectors_checked"":478363648,""obs_mistake_mask=E"":1}"
   8516608,         1,         0,   119.1,exact_mw,894a5a708293b7bd3951925e43ae0371ba83736430ed1970399611b4deb8498b,"{""distance"":7,""physical_error_rate"":0.0001}","{""detection_events"":2525934,""detectors_checked"":5126998016,""obs_mistake_mask=E"":1}"
    882688,         3,         0,   119.9,exact_mw,09f626b7d1c8765fd231bc36902f9c5557d3909c4644565b971bdb2bfb186061,"{""distance"":7,""physical_error_rate"":0.0005}","{""detection_events"":1305321,""detectors_checked"":531378176,""obs_mistake_mask=E"":3}"
    142848,         4,         0,   121.0,exact_mw,fe773c48422346d89ea42b7ea8a90aa3034802874175ef2bfbcd9fbedf677903,"{""distance"":7,""physical_error_rate"":0.001}","{""detection_events"":420925,""detectors_checked"":85994496,""obs_mistake_mask=E"":4}"
   8617984,         0,         0,   119.1,exact_mw,894a5a708293b7bd3951925e43ae0371ba83736430ed1970399611b4deb8498b,"{""distance"":7,""physical_error_rate"":0.0001}","{""detection_events"":2557769,""detectors_checked"":5188026368}"
   4837376,         0,         0,   119.2,exact_mw,a6f040f5268ba168f94c6ccce4ff822b1b844608631bba2e2b8dc7ec85b1e503,"{""distance"":7,""physical_error_rate"":0.0002}","{""detection_events"":2873223,""detectors_checked"":2912100352}"
    819200,         0,         0,   119.9,exact_mw,09f626b7d1c8765fd231bc36902f9c5557d3909c4644565b971bdb2bfb186061,"{""distance"":7,""physical_error_rate"":0.0005}","{""detection_events"":1211144,""detectors_checked"":493158400}"
    121856,         0,         0,   120.2,exact_mw,09f626b7d1c8765fd231bc36902f9c5557d3909c4644565b971bdb2bfb186061,"{""distance"":7,""physical_error_rate"":0.0005}","{""detection_events"":181239,""detectors_checked"":73357312}"
   4998144,         0,         0,   119.4,exact_mw,a6f040f5268ba168f94c6ccce4ff822b1b844608631bba2e2b8dc7ec85b1e503,"{""distance"":7,""physical_error_rate"":0.0002}","{""detection_events"":2965080,""detectors_checked"":3008882688}"
   5099520,         0,         0,   119.3,exact_mw,a6f040f5268ba168f94c6ccce4ff822b1b844608631bba2e2b8dc7ec85b1e503,"{""distance"":7,""physical_error_rate"":0.0002}","{""detection_events"":3028877,""detectors_checked"":3069911040}"
    154624,         2,         0,   120.0,exact_mw,fe773c48422346d89ea42b7ea8a90aa3034802874175ef2bfbcd9fbedf677903,"{""distance"":7,""physical_error_rate"":0.001}","{""detection_events"":454215,""detectors_checked"":93083648,""obs_mistake_mask=E"":2}"
   7892992,         1,         0,   119.1,exact_mw,894a5a708293b7bd3951925e43ae0371ba83736430ed1970399611b4deb8498b,"{""distance"":7,""physical_error_rate"":0.0001}","{""detection_events"":2341715,""detectors_checked"":4751581184,""obs_mistake_mask=E"":1}"
      4576,         1,         0,   119.9,exact_mw,8842ec4fe0f86aba00650008f7f408db45344cfb5a30f76b1f2c0fb50a8d5069,"{""distance"":7,""physical_error_rate"":0.002}","{""detection_events"":27080,""detectors_checked"":2754752,""obs_mistake_mask=E"":1}"
    139264,         3,         0,   120.0,exact_mw,fe773c48422346d89ea42b7ea8a90aa3034802874175ef2bfbcd9fbedf677903,"{""distance"":7,""physical_error_rate"":0.001}","{""detection_events"":410833,""detectors_checked"":83836928,""obs_mistake_mask=E"":3}"
     29184,         5,         0,   120.9,exact_mw,8842ec4fe0f86aba00650008f7f408db45344cfb5a30f76b1f2c0fb50a8d5069,"{""distance"":7,""physical_error_rate"":0.002}","{""detection_events"":170714,""detectors_checked"":17568768,""obs_mistake_mask=E"":5}"
       944,         0,         0,    24.1,exact_mw,8842ec4fe0f86aba00650008f7f408db45344cfb5a30f76b1f2c0fb50a8d5069,"{""distance"":7,""physical_error_rate"":0.002}","{""detection_events"":5178,""detectors_checked"":568288}"
    119296,         1,         0,   120.3,exact_mw,09f626b7d1c8765fd231bc36902f9c5557d3909c4644565b971bdb2bfb186061,"{""distance"":7,""physical_error_rate"":0.0005}","{""detection_events"":175868,""detectors_checked"":71816192,""obs_mistake_mask=E"":1}"
   9389056,         0,         0,   119.0,exact_mw,894a5a708293b7bd3951925e43ae0371ba83736430ed1970399611b4deb8498b,"{""distance"":7,""physical_error_rate"":0.0001}","{""detection_events"":2784814,""detectors_checked"":5652211712}"
   2018304,         0,         0,    44.8,exact_mw,a6f040f5268ba168f94c6ccce4ff822b1b844608631bba2e2b8dc7ec85b1e503,"{""distance"":7,""physical_error_rate"":0.0002}","{""detection_events"":1194712,""detectors_checked"":1215019008}"
   3251200,         0,         0,    44.7,exact_mw,894a5a708293b7bd3951925e43ae0371ba83736430ed1970399611b4deb8498b,"{""distance"":7,""physical_error_rate"":0.0001}","{""detection_events"":965384,""detectors_checked"":1957222400}"
   3290112,         0,         0,    44.6,exact_mw,894a5a708293b7bd3951925e43ae0371ba83736430ed1970399611b4deb8498b,"{""distance"":7,""physical_error_rate"":0.0001}","{""detection_events"":974001,""detectors_checked"":1980647424}"
   1490232,         0,         0,    21.1,exact_mw,894a5a708293b7bd3951925e43ae0371ba83736430ed1970399611b4deb8498b,"{""distance"":7,""physical_error_rate"":0.0001}","{""detection_events"":442380,""detectors_checked"":897119664}"
   1896448,         0,         0,    44.8,exact_mw,a6f040f5268ba168f94c6ccce4ff822b1b844608631bba2e2b8dc7ec85b1e503,"{""distance"":7,""physical_error_rate"":0.0002}","{""detection_events"":1124930,""detectors_checked"":1141661696}"
    141312,         3,         0,   120.2,exact_mw,fe773c48422346d89ea42b7ea8a90aa3034802874175ef2bfbcd9fbedf677903,"{""distance"":7,""physical_error_rate"":0.001}","{""detection_events"":418914,""detectors_checked"":85069824,""obs_mistake_mask=E"":3}"
    141312,         4,         0,   120.0,exact_mw,fe773c48422346d89ea42b7ea8a90aa3034802874175ef2bfbcd9fbedf677903,"{""distance"":7,""physical_error_rate"":0.001}","{""detection_events"":417547,""detectors_checked"":85069824,""obs_mistake_mask=E"":4}"
   5275648,         0,         0,   119.3,exact_mw,a6f040f5268ba168f94c6ccce4ff822b1b844608631bba2e2b8dc7ec85b1e503,"{""distance"":7,""physical_error_rate"":0.0002}","{""detection_events"":3132949,""detectors_checked"":3175940096}"
    309248,         0,         0,    45.1,exact_mw,09f626b7d1c8765fd231bc36902f9c5557d3909c4644565b971bdb2bfb186061,"{""distance"":7,""physical_error_rate"":0.0005}","{""detection_events"":455601,""detectors_checked"":186167296}"
    328704,         0,         0,    45.1,exact_mw,09f626b7d1c8765fd231bc36902f9c5557d3909c4644565b971bdb2bfb186061,"{""distance"":7,""physical_error_rate"":0.0005}","{""detection_events"":487106,""detectors_checked"":197879808}"
     30208,         4,         0,   120.1,exact_mw,8842ec4fe0f86aba00650008f7f408db45344cfb5a30f76b1f2c0fb50a8d5069,"{""distance"":7,""physical_error_rate"":0.002}","{""detection_events"":177523,""detectors_checked"":18185216,""obs_mistake_mask=E"":4}"
    125440,         0,         0,   119.9,exact_mw,09f626b7d1c8765fd231bc36902f9c5557d3909c4644565b971bdb2bfb186061,"{""distance"":7,""physical_error_rate"":0.0005}","{""detection_events"":183341,""detectors_checked"":75514880}"
     29696,         2,         0,   120.1,exact_mw,8842ec4fe0f86aba00650008f7f408db45344cfb5a30f76b1f2c0fb50a8d5069,"{""distance"":7,""physical_error_rate"":0.002}","{""detection_events"":174965,""detectors_checked"":17876992,""obs_mistake_mask=E"":2}"
   1255424,         0,         0,   118.7,exact_mw,894a5a708293b7bd3951925e43ae0371ba83736430ed1970399611b4deb8498b,"{""distance"":7,""physical_error_rate"":0.0001}","{""detection_events"":371496,""detectors_checked"":755765248}"
   1259520,         0,         0,   119.4,exact_mw,894a5a708293b7bd3951925e43ae0371ba83736430ed1970399611b4deb8498b,"{""distance"":7,""physical_error_rate"":0.0001}","{""detection_events"":375239,""detectors_checked"":758231040}"
     56320,         0,         0,    45.6,exact_mw,fe773c48422346d89ea42b7ea8a90aa3034802874175ef2bfbcd9fbedf677903,"{""distance"":7,""physical_error_rate"":0.001}","{""detection_events"":165393,""detectors_checked"":33904640}"
     10880,         1,         0,    45.1,exact_mw,8842ec4fe0f86aba00650008f7f408db45344cfb5a30f76b1f2c0fb50a8d5069,"{""distance"":7,""physical_error_rate"":0.002}","{""detection_events"":64310,""detectors_checked"":6549760,""obs_mistake_mask=E"":1}"
     53248,         1,         0,    45.6,exact_mw,fe773c48422346d89ea42b7ea8a90aa3034802874175ef2bfbcd9fbedf677903,"{""distance"":7,""physical_error_rate"":0.001}","{""detection_events"":157984,""detectors_checked"":32055296,""obs_mistake_mask=E"":1}"
   6469491,         1,         0,    88.7,exact_mw,894a5a708293b7bd3951925e43ae0371ba83736430ed1970399611b4deb8498b,"{""distance"":7,""physical_error_rate"":0.0001}","{""detection_events"":1920849,""detectors_checked"":3894633582,""obs_mistake_mask=E"":1}"
   6037504,         2,         0,    82.3,exact_mw,894a5a708293b7bd3951925e43ae0371ba83736430ed1970399611b4deb8498b,"{""distance"":7,""physical_error_rate"":0.0001}","{""detection_events"":1784731,""detectors_checked"":3634577408,""obs_mistake_mask=E"":2}"
   6121472,         0,         0,    78.2,exact_mw,894a5a708293b7bd3951925e43ae0371ba83736430ed1970399611b4deb8498b,"{""distance"":7,""physical_error_rate"":0.0001}","{""detection_events"":1815883,""detectors_checked"":3685126144}"
     31488,         3,         0,   120.8,exact_mw,8842ec4fe0f86aba00650008f7f408db45344cfb5a30f76b1f2c0fb50a8d5069,"{""distance"":7,""physical_error_rate"":0.002}","{""detection_events"":184698,""detectors_checked"":18955776,""obs_mistake_mask=E"":3}"
    154624,         2,         0,   120.3,exact_mw,fe773c48422346d89ea42b7ea8a90aa3034802874175ef2bfbcd9fbedf677903,"{""distance"":7,""physical_error_rate"":0.001}","{""detection_events"":459226,""detectors_checked"":93083648,""obs_mistake_mask=E"":2}"
     20928,         0,         0,   120.6,exact_mw,fe773c48422346d89ea42b7ea8a90aa3034802874175ef2bfbcd9fbedf677903,"{""distance"":7,""physical_error_rate"":0.001}","{""detection_events"":61811,""detectors_checked"":12598656}"
     21120,         0,         0,   120.3,exact_mw,fe773c48422346d89ea42b7ea8a90aa3034802874175ef2bfbcd9fbedf677903,"{""distance"":7,""physical_error_rate"":0.001}","{""detection_events"":61701,""detectors_checked"":12714240}"
      1056,         0,         0,    32.7,exact_mw,8842ec4fe0f86aba00650008f7f408db45344cfb5a30f76b1f2c0fb50a8d5069,"{""distance"":7,""physical_error_rate"":0.002}","{""detection_events"":6244,""detectors_checked"":635712}"
   1845425,         0,         0,    24.8,exact_mw,894a5a708293b7bd3951925e43ae0371ba83736430ed1970399611b4deb8498b,"{""distance"":7,""physical_error_rate"":0.0001}","{""detection_events"":545592,""detectors_checked"":1110945850}"
   5293056,         0,         0,    70.1,exact_mw,894a5a708293b7bd3951925e43ae0371ba83736430ed1970399611b4deb8498b,"{""distance"":7,""physical_error_rate"":0.0001}","{""detection_events"":1568344,""detectors_checked"":3186419712}"
   4553755,         0,         0,    59.9,exact_mw,894a5a708293b7bd3951925e43ae0371ba83736430ed1970399611b4deb8498b,"{""distance"":7,""physical_error_rate"":0.0001}","{""detection_events"":1350305,""detectors_checked"":2741360510}"
   3775488,         0,         0,    50.8,exact_mw,894a5a708293b7bd3951925e43ae0371ba83736430ed1970399611b4deb8498b,"{""distance"":7,""physical_error_rate"":0.0001}","{""detection_events"":1123129,""detectors_checked"":2272843776}"
   3733187,         0,         0,    43.7,exact_mw,894a5a708293b7bd3951925e43ae0371ba83736430ed1970399611b4deb8498b,"{""distance"":7,""physical_error_rate"":0.0001}","{""detection_events"":1106438,""detectors_checked"":2247378574}"
   3392512,         0,         0,    43.9,exact_mw,894a5a708293b7bd3951925e43ae0371ba83736430ed1970399611b4deb8498b,"{""distance"":7,""physical_error_rate"":0.0001}","{""detection_events"":1008720,""detectors_checked"":2042292224}"
   3293184,         0,         0,    44.4,exact_mw,894a5a708293b7bd3951925e43ae0371ba83736430ed1970399611b4deb8498b,"{""distance"":7,""physical_error_rate"":0.0001}","{""detection_events"":974146,""detectors_checked"":1982496768}"
   5408768,         2,         0,   119.3,exact_mw,a6f040f5268ba168f94c6ccce4ff822b1b844608631bba2e2b8dc7ec85b1e503,"{""distance"":7,""physical_error_rate"":0.0002}","{""detection_events"":3205815,""detectors_checked"":3256078336,""obs_mistake_mask=E"":2}"
   5606400,         1,         0,   119.3,exact_mw,a6f040f5268ba168f94c6ccce4ff822b1b844608631bba2e2b8dc7ec85b1e503,"{""distance"":7,""physical_error_rate"":0.0002}","{""detection_events"":3320355,""detectors_checked"":3375052800,""obs_mistake_mask=E"":1}"
    904192,         4,         0,   119.9,exact_mw,09f626b7d1c8765fd231bc36902f9c5557d3909c4644565b971bdb2bfb186061,"{""distance"":7,""physical_error_rate"":0.0005}","{""detection_events"":1336197,""detectors_checked"":544323584,""obs_mistake_mask=E"":4}"
    722944,         0,         0,   119.1,exact_mw,a6f040f5268ba168f94c6ccce4ff822b1b844608631bba2e2b8dc7ec85b1e503,"{""distance"":7,""physical_error_rate"":0.0002}","{""detection_events"":429171,""detectors_checked"":435212288}"
   5350400,         3,         0,   119.3,exact_mw,a6f040f5268ba168f94c6ccce4ff822b1b844608631bba2e2b8dc7ec85b1e503,"{""distance"":7,""physical_error_rate"":0.0002}","{""detection_events"":3169174,""detectors_checked"":3220940800,""obs_mistake_mask=E"":3}"
   2824755,         0,         0,    38.1,exact_mw,894a5a708293b7bd3951925e43ae0371ba83736430ed1970399611b4deb8498b,"{""distance"":7,""physical_error_rate"":0.0001}","{""detection_events"":839378,""detectors_checked"":1700502510}"
   2872320,         0,         0,    47.1,exact_mw,894a5a708293b7bd3951925e43ae0371ba83736430ed1970399611b4deb8498b,"{""distance"":7,""physical_error_rate"":0.0001}","{""detection_events"":851280,""detectors_checked"":1729136640}"
   3088384,         0,         0,    38.1,exact_mw,894a5a708293b7bd3951925e43ae0371ba83736430ed1970399611b4deb8498b,"{""distance"":7,""physical_error_rate"":0.0001}","{""detection_events"":916731,""detectors_checked"":1859207168}"
   2354176,         0,         0,    52.5,exact_mw,894a5a708293b7bd3951925e43ae0371ba83736430ed1970399611b4deb8498b,"{""distance"":7,""physical_error_rate"":0.0001}","{""detection_events"":696038,""detectors_checked"":1417213952}"
    835584,         4,         0,   119.9,exact_mw,09f626b7d1c8765fd231bc36902f9c5557d3909c4644565b971bdb2bfb186061,"{""distance"":7,""physical_error_rate"":0.0005}","{""detection_events"":1236530,""detectors_checked"":503021568,""obs_mistake_mask=E"":4}"
    110080,         0,         0,   119.9,exact_mw,09f626b7d1c8765fd231bc36902f9c5557d3909c4644565b971bdb2bfb186061,"{""distance"":7,""physical_error_rate"":0.0005}","{""detection_events"":162667,""detectors_checked"":66268160}"
   5655552,         1,         0,   119.3,exact_mw,a6f040f5268ba168f94c6ccce4ff822b1b844608631bba2e2b8dc7ec85b1e503,"{""distance"":7,""physical_error_rate"":0.0002}","{""detection_events"":3360161,""detectors_checked"":3404642304,""obs_mistake_mask=E"":1}"
    655872,         3,         0,   120.2,exact_mw,09f626b7d1c8765fd231bc36902f9c5557d3909c4644565b971bdb2bfb186061,"{""distance"":7,""physical_error_rate"":0.0005}","{""detection_events"":968779,""detectors_checked"":394834944,""obs_mistake_mask=E"":3}"
   1113175,         0,         0,    13.1,exact_mw,894a5a708293b7bd3951925e43ae0371ba83736430ed1970399611b4deb8498b,"{""distance"":7,""physical_error_rate"":0.0001}","{""detection_events"":329606,""detectors_checked"":670131350}"
    800768,         1,         0,   119.9,exact_mw,09f626b7d1c8765fd231bc36902f9c5557d3909c4644565b971bdb2bfb186061,"{""distance"":7,""physical_error_rate"":0.0005}","{""detection_events"":1181141,""detectors_checked"":482062336,""obs_mistake_mask=E"":1}"
    831488,         1,         0,   119.9,exact_mw,09f626b7d1c8765fd231bc36902f9c5557d3909c4644565b971bdb2bfb186061,"{""distance"":7,""physical_error_rate"":0.0005}","{""detection_events"":1231870,""detectors_checked"":500555776,""obs_mistake_mask=E"":1}"
    152576,         6,         0,   120.1,exact_mw,fe773c48422346d89ea42b7ea8a90aa3034802874175ef2bfbcd9fbedf677903,"{""distance"":7,""physical_error_rate"":0.001}","{""detection_events"":449101,""detectors_checked"":91850752,""obs_mistake_mask=E"":6}"
     32640,         3,         0,   120.2,exact_mw,8842ec4fe0f86aba00650008f7f408db45344cfb5a30f76b1f2c0fb50a8d5069,"{""distance"":7,""physical_error_rate"":0.002}","{""detection_events"":191525,""detectors_checked"":19649280,""obs_mistake_mask=E"":3}"
      4256,         0,         0,   120.1,exact_mw,8842ec4fe0f86aba00650008f7f408db45344cfb5a30f76b1f2c0fb50a8d5069,"{""distance"":7,""physical_error_rate"":0.002}","{""detection_events"":24826,""detectors_checked"":2562112}"
   1529255,         0,         0,    20.3,exact_mw,894a5a708293b7bd3951925e43ae0371ba83736430ed1970399611b4deb8498b,"{""distance"":7,""physical_error_rate"":0.0001}","{""detection_events"":450584,""detectors_checked"":920611510}"
   1500160,         0,         0,    20.3,exact_mw,894a5a708293b7bd3951925e43ae0371ba83736430ed1970399611b4deb8498b,"{""distance"":7,""physical_error_rate"":0.0001}","{""detection_events"":446591,""detectors_checked"":903096320}"
   1404928,         0,         0,    16.5,exact_mw,894a5a708293b7bd3951925e43ae0371ba83736430ed1970399611b4deb8498b,"{""distance"":7,""physical_error_rate"":0.0001}","{""detection_events"":417232,""detectors_checked"":845766656}"
    143360,         1,         0,   120.7,exact_mw,fe773c48422346d89ea42b7ea8a90aa3034802874175ef2bfbcd9fbedf677903,"{""distance"":7,""physical_error_rate"":0.001}","{""detection_events"":419857,""detectors_checked"":86302720,""obs_mistake_mask=E"":1}"
   1401817,         0,         0,    19.0,exact_mw,894a5a708293b7bd3951925e43ae0371ba83736430ed1970399611b4deb8498b,"{""distance"":7,""physical_error_rate"":0.0001}","{""detection_events"":418732,""detectors_checked"":843893834}"
   1367040,         1,         0,    18.1,exact_mw,894a5a708293b7bd3951925e43ae0371ba83736430ed1970399611b4deb8498b,"{""distance"":7,""physical_error_rate"":0.0001}","{""detection_events"":407517,""detectors_checked"":822958080,""obs_mistake_mask=E"":1}"
   1358848,         0,         0,    18.9,exact_mw,894a5a708293b7bd3951925e43ae0371ba83736430ed1970399611b4deb8498b,"{""distance"":7,""physical_error_rate"":0.0001}","{""detection_events"":401784,""detectors_checked"":818026496}"
   3077120,         0,         0,    62.7,exact_mw,a6f040f5268ba168f94c6ccce4ff822b1b844608631bba2e2b8dc7ec85b1e503,"{""distance"":7,""physical_error_rate"":0.0002}","{""detection_events"":1826895,""detectors_checked"":1852426240}"
   2764800,         2,         0,    62.6,exact_mw,a6f040f5268ba168f94c6ccce4ff822b1b844608631bba2e2b8dc7ec85b1e503,"{""distance"":7,""physical_error_rate"":0.0002}","{""detection_events"":1638965,""detectors_checked"":1664409600,""obs_mistake_mask=E"":2}"
     31232,         4,         0,   120.7,exact_mw,8842ec4fe0f86aba00650008f7f408db45344cfb5a30f76b1f2c0fb50a8d5069,"{""distance"":7,""physical_error_rate"":0.002}","{""detection_events"":182875,""detectors_checked"":18801664,""obs_mistake_mask=E"":4}"
   1042909,         0,         0,    11.7,exact_mw,894a5a708293b7bd3951925e43ae0371ba83736430ed1970399611b4deb8498b,"{""distance"":7,""physical_error_rate"":0.0001}","{""detection_events"":309170,""detectors_checked"":627831218}"
    883712,         0,         0,    11.6,exact_mw,894a5a708293b7bd3951925e43ae0371ba83736430ed1970399611b4deb8498b,"{""distance"":7,""physical_error_rate"":0.0001}","{""detection_events"":262213,""detectors_checked"":531994624}"
    879616,         0,         0,    11.7,exact_mw,894a5a708293b7bd3951925e43ae0371ba83736430ed1970399611b4deb8498b,"{""distance"":7,""physical_error_rate"":0.0001}","{""detection_events"":260198,""detectors_checked"":529528832}"
    144896,         4,         0,   120.0,exact_mw,fe773c48422346d89ea42b7ea8a90aa3034802874175ef2bfbcd9fbedf677903,"{""distance"":7,""physical_error_rate"":0.001}","{""detection_events"":428040,""detectors_checked"":87227392,""obs_mistake_mask=E"":4}"
    431104,         1,         0,    63.0,exact_mw,09f626b7d1c8765fd231bc36902f9c5557d3909c4644565b971bdb2bfb186061,"{""distance"":7,""physical_error_rate"":0.0005}","{""detection_events"":640155,""detectors_checked"":259524608,""obs_mistake_mask=E"":1}"
    413696,         1,         0,    62.9,exact_mw,09f626b7d1c8765fd231bc36902f9c5557d3909c4644565b971bdb2bfb186061,"{""distance"":7,""physical_error_rate"":0.0005}","{""detection_events"":612754,""detectors_checked"":249044992,""obs_mistake_mask=E"":1}"
    728842,         0,         0,    9.38,exact_mw,894a5a708293b7bd3951925e43ae0371ba83736430ed1970399611b4deb8498b,"{""distance"":7,""physical_error_rate"":0.0001}","{""detection_events"":216013,""detectors_checked"":438762884}"
    581632,         0,         0,    60.8,exact_mw,894a5a708293b7bd3951925e43ae0371ba83736430ed1970399611b4deb8498b,"{""distance"":7,""physical_error_rate"":0.0001}","{""detection_events"":172807,""detectors_checked"":350142464}"
    521161,         1,         0,    6.58,exact_mw,894a5a708293b7bd3951925e43ae0371ba83736430ed1970399611b4deb8498b,"{""distance"":7,""physical_error_rate"":0.0001}","{""detection_events"":155199,""detectors_checked"":313738922,""obs_mistake_mask=E"":1}"
    505856,         0,         0,    6.68,exact_mw,894a5a708293b7bd3951925e43ae0371ba83736430ed1970399611b4deb8498b,"{""distance"":7,""physical_error_rate"":0.0001}","{""detection_events"":149573,""detectors_checked"":304525312}"
      5264,         2,         0,   120.8,exact_mw,8842ec4fe0f86aba00650008f7f408db45344cfb5a30f76b1f2c0fb50a8d5069,"{""distance"":7,""physical_error_rate"":0.002}","{""detection_events"":31503,""detectors_checked"":3168928,""obs_mistake_mask=E"":2}"
    429262,         0,         0,    5.78,exact_mw,894a5a708293b7bd3951925e43ae0371ba83736430ed1970399611b4deb8498b,"{""distance"":7,""physical_error_rate"":0.0001}","{""detection_events"":126953,""detectors_checked"":258415724}"
    404480,         0,         0,    5.78,exact_mw,894a5a708293b7bd3951925e43ae0371ba83736430ed1970399611b4deb8498b,"{""distance"":7,""physical_error_rate"":0.0001}","{""detection_events"":119700,""detectors_checked"":243496960}"
    410624,         0,         0,    5.79,exact_mw,894a5a708293b7bd3951925e43ae0371ba83736430ed1970399611b4deb8498b,"{""distance"":7,""physical_error_rate"":0.0001}","{""detection_events"":121342,""detectors_checked"":247195648}"
    409600,         0,         0,    7.46,exact_mw,894a5a708293b7bd3951925e43ae0371ba83736430ed1970399611b4deb8498b,"{""distance"":7,""physical_error_rate"":0.0001}","{""detection_events"":121825,""detectors_checked"":246579200}"
     19662,         0,         0,   0.349,exact_mw,894a5a708293b7bd3951925e43ae0371ba83736430ed1970399611b4deb8498b,"{""distance"":7,""physical_error_rate"":0.0001}","{""detection_events"":5819,""detectors_checked"":11836524}"
    247638,         0,         0,    14.9,exact_mw,894a5a708293b7bd3951925e43ae0371ba83736430ed1970399611b4deb8498b,"{""distance"":7,""physical_error_rate"":0.0001}","{""detection_events"":73855,""detectors_checked"":149078076}"
    242688,         0,         0,    3.26,exact_mw,894a5a708293b7bd3951925e43ae0371ba83736430ed1970399611b4deb8498b,"{""distance"":7,""physical_error_rate"":0.0001}","{""detection_events"":71938,""detectors_checked"":146098176}"
    231424,         0,         0,    3.25,exact_mw,894a5a708293b7bd3951925e43ae0371ba83736430ed1970399611b4deb8498b,"{""distance"":7,""physical_error_rate"":0.0001}","{""detection_events"":67861,""detectors_checked"":139317248}"
    241664,         0,         0,    3.31,exact_mw,894a5a708293b7bd3951925e43ae0371ba83736430ed1970399611b4deb8498b,"{""distance"":7,""physical_error_rate"":0.0001}","{""detection_events"":72414,""detectors_checked"":145481728}"
     30208,         4,         0,   120.5,exact_mw,8842ec4fe0f86aba00650008f7f408db45344cfb5a30f76b1f2c0fb50a8d5069,"{""distance"":7,""physical_error_rate"":0.002}","{""detection_events"":177514,""detectors_checked"":18185216,""obs_mistake_mask=E"":4}"
     41800,         0,         0,   0.551,exact_mw,894a5a708293b7bd3951925e43ae0371ba83736430ed1970399611b4deb8498b,"{""distance"":7,""physical_error_rate"":0.0001}","{""detection_events"":12434,""detectors_checked"":25163600}"
    177152,         0,         0,    2.64,exact_mw,894a5a708293b7bd3951925e43ae0371ba83736430ed1970399611b4deb8498b,"{""distance"":7,""physical_error_rate"":0.0001}","{""detection_events"":52597,""detectors_checked"":106645504}"
    163871,         0,         0,    2.17,exact_mw,894a5a708293b7bd3951925e43ae0371ba83736430ed1970399611b4deb8498b,"{""distance"":7,""physical_error_rate"":0.0001}","{""detection_events"":48527,""detectors_checked"":98650342}"
    154624,         0,         0,    2.27,exact_mw,894a5a708293b7bd3951925e43ae0371ba83736430ed1970399611b4deb8498b,"{""distance"":7,""physical_error_rate"":0.0001}","{""detection_events"":45352,""detectors_checked"":93083648}"
    135452,         0,         0,    1.77,exact_mw,894a5a708293b7bd3951925e43ae0371ba83736430ed1970399611b4deb8498b,"{""distance"":7,""physical_error_rate"":0.0001}","{""detection_events"":39883,""detectors_checked"":81542104}"
    119808,         0,         0,    1.65,exact_mw,894a5a708293b7bd3951925e43ae0371ba83736430ed1970399611b4deb8498b,"{""distance"":7,""physical_error_rate"":0.0001}","{""detection_events"":35254,""detectors_checked"":72124416}"
    120832,         0,         0,    1.66,exact_mw,894a5a708293b7bd3951925e43ae0371ba83736430ed1970399611b4deb8498b,"{""distance"":7,""physical_error_rate"":0.0001}","{""detection_events"":36686,""detectors_checked"":72740864}"
      1702,         0,         0,   0.011,exact_mw,894a5a708293b7bd3951925e43ae0371ba83736430ed1970399611b4deb8498b,"{""distance"":7,""physical_error_rate"":0.0001}","{""detection_events"":542,""detectors_checked"":1024604}"
    111279,         0,         0,    1.45,exact_mw,894a5a708293b7bd3951925e43ae0371ba83736430ed1970399611b4deb8498b,"{""distance"":7,""physical_error_rate"":0.0001}","{""detection_events"":32810,""detectors_checked"":66989958}"
     99328,         0,         0,    1.45,exact_mw,894a5a708293b7bd3951925e43ae0371ba83736430ed1970399611b4deb8498b,"{""distance"":7,""physical_error_rate"":0.0001}","{""detection_events"":28945,""detectors_checked"":59795456}"
    107520,         0,         0,    1.47,exact_mw,894a5a708293b7bd3951925e43ae0371ba83736430ed1970399611b4deb8498b,"{""distance"":7,""physical_error_rate"":0.0001}","{""detection_events"":31720,""detectors_checked"":64727040}"
     81811,         0,         0,    1.55,exact_mw,894a5a708293b7bd3951925e43ae0371ba83736430ed1970399611b4deb8498b,"{""distance"":7,""physical_error_rate"":0.0001}","{""detection_events"":24103,""detectors_checked"":49250222}"
     77824,         0,         0,   0.982,exact_mw,894a5a708293b7bd3951925e43ae0371ba83736430ed1970399611b4deb8498b,"{""distance"":7,""physical_error_rate"":0.0001}","{""detection_events"":23406,""detectors_checked"":46850048}"
     65536,         0,         0,   0.890,exact_mw,894a5a708293b7bd3951925e43ae0371ba83736430ed1970399611b4deb8498b,"{""distance"":7,""physical_error_rate"":0.0001}","{""detection_events"":19516,""detectors_checked"":39452672}"
     58368,         0,         0,   0.755,exact_mw,894a5a708293b7bd3951925e43ae0371ba83736430ed1970399611b4deb8498b,"{""distance"":7,""physical_error_rate"":0.0001}","{""detection_events"":17342,""detectors_checked"":35137536}"
      3759,         0,         0,   0.052,exact_mw,894a5a708293b7bd3951925e43ae0371ba83736430ed1970399611b4deb8498b,"{""distance"":7,""physical_error_rate"":0.0001}","{""detection_events"":1072,""detectors_checked"":2262918}"
     57756,         0,         0,   0.746,exact_mw,894a5a708293b7bd3951925e43ae0371ba83736430ed1970399611b4deb8498b,"{""distance"":7,""physical_error_rate"":0.0001}","{""detection_events"":17126,""detectors_checked"":34769112}"
     48128,         0,         0,    3.66,exact_mw,894a5a708293b7bd3951925e43ae0371ba83736430ed1970399611b4deb8498b,"{""distance"":7,""physical_error_rate"":0.0001}","{""detection_events"":14188,""detectors_checked"":28973056}"
     35819,         0,         0,   0.409,exact_mw,894a5a708293b7bd3951925e43ae0371ba83736430ed1970399611b4deb8498b,"{""distance"":7,""physical_error_rate"":0.0001}","{""detection_events"":10549,""detectors_checked"":21563038}"
     35819,         0,         0,   0.442,exact_mw,894a5a708293b7bd3951925e43ae0371ba83736430ed1970399611b4deb8498b,"{""distance"":7,""physical_error_rate"":0.0001}","{""detection_events"":10152,""detectors_checked"":21563038}"
     34816,         0,         0,   0.471,exact_mw,894a5a708293b7bd3951925e43ae0371ba83736430ed1970399611b4deb8498b,"{""distance"":7,""physical_error_rate"":0.0001}","{""detection_events"":10162,""detectors_checked"":20959232}"
     25838,         0,         0,   0.309,exact_mw,894a5a708293b7bd3951925e43ae0371ba83736430ed1970399611b4deb8498b,"{""distance"":7,""physical_error_rate"":0.0001}","{""detection_events"":7652,""detectors_checked"":15554476}"
     24576,         0,         0,   0.238,exact_mw,894a5a708293b7bd3951925e43ae0371ba83736430ed1970399611b4deb8498b,"{""distance"":7,""physical_error_rate"":0.0001}","{""detection_events"":7179,""detectors_checked"":14794752}"
     20784,         0,         0,   0.223,exact_mw,894a5a708293b7bd3951925e43ae0371ba83736430ed1970399611b4deb8498b,"{""distance"":7,""physical_error_rate"":0.0001}","{""detection_events"":6347,""detectors_checked"":12511968}"
     17408,         0,         0,   0.321,exact_mw,894a5a708293b7bd3951925e43ae0371ba83736430ed1970399611b4deb8498b,"{""distance"":7,""physical_error_rate"":0.0001}","{""detection_events"":5143,""detectors_checked"":10479616}"
     20480,         0,         0,   0.225,exact_mw,894a5a708293b7bd3951925e43ae0371ba83736430ed1970399611b4deb8498b,"{""distance"":7,""physical_error_rate"":0.0001}","{""detection_events"":5800,""detectors_checked"":12328960}"
     19456,         0,         0,   0.215,exact_mw,894a5a708293b7bd3951925e43ae0371ba83736430ed1970399611b4deb8498b,"{""distance"":7,""physical_error_rate"":0.0001}","{""detection_events"":5772,""detectors_checked"":11712512}"
     18432,         0,         0,   0.221,exact_mw,894a5a708293b7bd3951925e43ae0371ba83736430ed1970399611b4deb8498b,"{""distance"":7,""physical_error_rate"":0.0001}","{""detection_events"":5484,""detectors_checked"":11096064}"
     20784,         0,         0,   0.241,exact_mw,894a5a708293b7bd3951925e43ae0371ba83736430ed1970399611b4deb8498b,"{""distance"":7,""physical_error_rate"":0.0001}","{""detection_events"":5941,""detectors_checked"":12511968}"
     14336,         0,         0,   0.181,exact_mw,894a5a708293b7bd3951925e43ae0371ba83736430ed1970399611b4deb8498b,"{""distance"":7,""physical_error_rate"":0.0001}","{""detection_events"":4204,""detectors_checked"":8630272}"
     13782,         0,         0,   0.176,exact_mw,894a5a708293b7bd3951925e43ae0371ba83736430ed1970399611b4deb8498b,"{""distance"":7,""physical_error_rate"":0.0001}","{""detection_events"":4126,""detectors_checked"":8296764}"
       343,         0,         0,   0.003,exact_mw,894a5a708293b7bd3951925e43ae0371ba83736430ed1970399611b4deb8498b,"{""distance"":7,""physical_error_rate"":0.0001}","{""detection_events"":125,""detectors_checked"":206486}"
      1328,         0,         0,   0.008,exact_mw,894a5a708293b7bd3951925e43ae0371ba83736430ed1970399611b4deb8498b,"{""distance"":7,""physical_error_rate"":0.0001}","{""detection_events"":411,""detectors_checked"":799456}"
      1227,         0,         0,   0.008,exact_mw,894a5a708293b7bd3951925e43ae0371ba83736430ed1970399611b4deb8498b,"{""distance"":7,""physical_error_rate"":0.0001}","{""detection_events"":359,""detectors_checked"":738654}"
      2352,         0,         0,   0.017,exact_mw,894a5a708293b7bd3951925e43ae0371ba83736430ed1970399611b4deb8498b,"{""distance"":7,""physical_error_rate"":0.0001}","{""detection_events"":642,""detectors_checked"":1415904}"
     12288,         0,         0,   0.208,exact_mw,894a5a708293b7bd3951925e43ae0371ba83736430ed1970399611b4deb8498b,"{""distance"":7,""physical_error_rate"":0.0001}","{""detection_events"":3805,""detectors_checked"":7397376}"
      8957,         0,         0,   0.119,exact_mw,894a5a708293b7bd3951925e43ae0371ba83736430ed1970399611b4deb8498b,"{""distance"":7,""physical_error_rate"":0.0001}","{""detection_events"":2662,""detectors_checked"":5392114}"
      2036,         0,         0,   0.028,exact_mw,894a5a708293b7bd3951925e43ae0371ba83736430ed1970399611b4deb8498b,"{""distance"":7,""physical_error_rate"":0.0001}","{""detection_events"":677,""detectors_checked"":1225672}"
     77824,         0,         0,    63.5,exact_mw,fe773c48422346d89ea42b7ea8a90aa3034802874175ef2bfbcd9fbedf677903,"{""distance"":7,""physical_error_rate"":0.001}","{""detection_events"":229726,""detectors_checked"":46850048}"
      3376,         0,         0,   0.051,exact_mw,894a5a708293b7bd3951925e43ae0371ba83736430ed1970399611b4deb8498b,"{""distance"":7,""physical_error_rate"":0.0001}","{""detection_events"":1183,""detectors_checked"":2032352}"
      3780,         0,         0,   0.058,exact_mw,894a5a708293b7bd3951925e43ae0371ba83736430ed1970399611b4deb8498b,"{""distance"":7,""physical_error_rate"":0.0001}","{""detection_events"":1143,""detectors_checked"":2275560}"
      8957,         0,         0,   0.153,exact_mw,894a5a708293b7bd3951925e43ae0371ba83736430ed1970399611b4deb8498b,"{""distance"":7,""physical_error_rate"":0.0001}","{""detection_events"":2530,""detectors_checked"":5392114}"
      5120,         0,         0,   0.313,exact_mw,894a5a708293b7bd3951925e43ae0371ba83736430ed1970399611b4deb8498b,"{""distance"":7,""physical_error_rate"":0.0001}","{""detection_events"":1436,""detectors_checked"":3082240}"
       746,         0,         0,   0.005,exact_mw,894a5a708293b7bd3951925e43ae0371ba83736430ed1970399611b4deb8498b,"{""distance"":7,""physical_error_rate"":0.0001}","{""detection_events"":240,""detectors_checked"":449092}"
       196,         0,         0,   0.002,exact_mw,894a5a708293b7bd3951925e43ae0371ba83736430ed1970399611b4deb8498b,"{""distance"":7,""physical_error_rate"":0.0001}","{""detection_events"":52,""detectors_checked"":117992}"
      2894,         0,         0,   0.018,exact_mw,894a5a708293b7bd3951925e43ae0371ba83736430ed1970399611b4deb8498b,"{""distance"":7,""physical_error_rate"":0.0001}","{""detection_events"":892,""detectors_checked"":1742188}"
       474,         0,         0,   0.003,exact_mw,894a5a708293b7bd3951925e43ae0371ba83736430ed1970399611b4deb8498b,"{""distance"":7,""physical_error_rate"":0.0001}","{""detection_events"":145,""detectors_checked"":285348}"
      1675,         0,         0,   0.022,exact_mw,894a5a708293b7bd3951925e43ae0371ba83736430ed1970399611b4deb8498b,"{""distance"":7,""physical_error_rate"":0.0001}","{""detection_events"":502,""detectors_checked"":1008350}"
      1512,         0,         0,   0.009,exact_mw,894a5a708293b7bd3951925e43ae0371ba83736430ed1970399611b4deb8498b,"{""distance"":7,""physical_error_rate"":0.0001}","{""detection_events"":455,""detectors_checked"":910224}"
      2894,         0,         0,   0.031,exact_mw,894a5a708293b7bd3951925e43ae0371ba83736430ed1970399611b4deb8498b,"{""distance"":7,""physical_error_rate"":0.0001}","{""detection_events"":871,""detectors_checked"":1742188}"
      2894,         0,         0,   0.031,exact_mw,894a5a708293b7bd3951925e43ae0371ba83736430ed1970399611b4deb8498b,"{""distance"":7,""physical_error_rate"":0.0001}","{""detection_events"":783,""detectors_checked"":1742188}"
      2894,         0,         0,   0.034,exact_mw,894a5a708293b7bd3951925e43ae0371ba83736430ed1970399611b4deb8498b,"{""distance"":7,""physical_error_rate"":0.0001}","{""detection_events"":844,""detectors_checked"":1742188}"
      3072,         0,         0,   0.034,exact_mw,894a5a708293b7bd3951925e43ae0371ba83736430ed1970399611b4deb8498b,"{""distance"":7,""physical_error_rate"":0.0001}","{""detection_events"":919,""detectors_checked"":1849344}"
      2894,         0,         0,   0.036,exact_mw,894a5a708293b7bd3951925e43ae0371ba83736430ed1970399611b4deb8498b,"{""distance"":7,""physical_error_rate"":0.0001}","{""detection_events"":921,""detectors_checked"":1742188}"
       223,         0,         0,   0.002,exact_mw,894a5a708293b7bd3951925e43ae0371ba83736430ed1970399611b4deb8498b,"{""distance"":7,""physical_error_rate"":0.0001}","{""detection_events"":64,""detectors_checked"":134246}"
      1024,         0,         0,   0.006,exact_mw,894a5a708293b7bd3951925e43ae0371ba83736430ed1970399611b4deb8498b,"{""distance"":7,""physical_error_rate"":0.0001}","{""detection_events"":317,""detectors_checked"":616448}"
       621,         0,         0,   0.004,exact_mw,894a5a708293b7bd3951925e43ae0371ba83736430ed1970399611b4deb8498b,"{""distance"":7,""physical_error_rate"":0.0001}","{""detection_events"":227,""detectors_checked"":373842}"
      1024,         0,         0,   0.006,exact_mw,894a5a708293b7bd3951925e43ae0371ba83736430ed1970399611b4deb8498b,"{""distance"":7,""physical_error_rate"":0.0001}","{""detection_events"":295,""detectors_checked"":616448}"
       515,         0,         0,   0.003,exact_mw,894a5a708293b7bd3951925e43ae0371ba83736430ed1970399611b4deb8498b,"{""distance"":7,""physical_error_rate"":0.0001}","{""detection_events"":154,""detectors_checked"":310030}"
       152,         0,         0,   0.001,exact_mw,894a5a708293b7bd3951925e43ae0371ba83736430ed1970399611b4deb8498b,"{""distance"":7,""physical_error_rate"":0.0001}","{""detection_events"":35,""detectors_checked"":91504}"
       621,         0,         0,   0.004,exact_mw,894a5a708293b7bd3951925e43ae0371ba83736430ed1970399611b4deb8498b,"{""distance"":7,""physical_error_rate"":0.0001}","{""detection_events"":193,""detectors_checked"":373842}"
       134,         0,         0,   0.001,exact_mw,894a5a708293b7bd3951925e43ae0371ba83736430ed1970399611b4deb8498b,"{""distance"":7,""physical_error_rate"":0.0001}","{""detection_events"":38,""detectors_checked"":80668}"
       242,         0,         0,   0.002,exact_mw,894a5a708293b7bd3951925e43ae0371ba83736430ed1970399611b4deb8498b,"{""distance"":7,""physical_error_rate"":0.0001}","{""detection_events"":33,""detectors_checked"":145684}"
       621,         0,         0,   0.004,exact_mw,894a5a708293b7bd3951925e43ae0371ba83736430ed1970399611b4deb8498b,"{""distance"":7,""physical_error_rate"":0.0001}","{""detection_events"":203,""detectors_checked"":373842}"
       242,         0,         0,   0.002,exact_mw,894a5a708293b7bd3951925e43ae0371ba83736430ed1970399611b4deb8498b,"{""distance"":7,""physical_error_rate"":0.0001}","{""detection_events"":106,""detectors_checked"":145684}"
        95,         0,         0,   0.001,exact_mw,894a5a708293b7bd3951925e43ae0371ba83736430ed1970399611b4deb8498b,"{""distance"":7,""physical_error_rate"":0.0001}","{""detection_events"":50,""detectors_checked"":57190}"
       190,         0,         0,   0.002,exact_mw,894a5a708293b7bd3951925e43ae0371ba83736430ed1970399611b4deb8498b,"{""distance"":7,""physical_error_rate"":0.0001}","{""detection_events"":60,""detectors_checked"":114380}"
       325,         0,         0,   0.002,exact_mw,894a5a708293b7bd3951925e43ae0371ba83736430ed1970399611b4deb8498b,"{""distance"":7,""physical_error_rate"":0.0001}","{""detection_events"":91,""detectors_checked"":195650}"
        52,         0,         0,   0.001,exact_mw,894a5a708293b7bd3951925e43ae0371ba83736430ed1970399611b4deb8498b,"{""distance"":7,""physical_error_rate"":0.0001}","{""detection_events"":5,""detectors_checked"":31304}"
        11,         0,         0,   0.001,exact_mw,894a5a708293b7bd3951925e43ae0371ba83736430ed1970399611b4deb8498b,"{""distance"":7,""physical_error_rate"":0.0001}","{""detectors_checked"":6622}"
      1024,         0,         0,   0.085,exact_mw,894a5a708293b7bd3951925e43ae0371ba83736430ed1970399611b4deb8498b,"{""distance"":7,""physical_error_rate"":0.0001}","{""detection_events"":313,""detectors_checked"":616448}"
        28,         0,         0,   0.001,exact_mw,894a5a708293b7bd3951925e43ae0371ba83736430ed1970399611b4deb8498b,"{""distance"":7,""physical_error_rate"":0.0001}","{""detection_events"":17,""detectors_checked"":16856}"
        28,         0,         0,   0.001,exact_mw,894a5a708293b7bd3951925e43ae0371ba83736430ed1970399611b4deb8498b,"{""distance"":7,""physical_error_rate"":0.0001}","{""detection_events"":2,""detectors_checked"":16856}"
        26,         0,         0,   0.001,exact_mw,894a5a708293b7bd3951925e43ae0371ba83736430ed1970399611b4deb8498b,"{""distance"":7,""physical_error_rate"":0.0001}","{""detection_events"":4,""detectors_checked"":15652}"
        26,         0,         0,   0.001,exact_mw,894a5a708293b7bd3951925e43ae0371ba83736430ed1970399611b4deb8498b,"{""distance"":7,""physical_error_rate"":0.0001}","{""detection_events"":16,""detectors_checked"":15652}"
        26,         0,         0,   0.001,exact_mw,894a5a708293b7bd3951925e43ae0371ba83736430ed1970399611b4deb8498b,"{""distance"":7,""physical_error_rate"":0.0001}","{""detection_events"":4,""detectors_checked"":15652}"
        26,         0,         0,   0.001,exact_mw,894a5a708293b7bd3951925e43ae0371ba83736430ed1970399611b4deb8498b,"{""distance"":7,""physical_error_rate"":0.0001}","{""detectors_checked"":15652}"
        26,         0,         0,   0.001,exact_mw,894a5a708293b7bd3951925e43ae0371ba83736430ed1970399611b4deb8498b,"{""distance"":7,""physical_error_rate"":0.0001}","{""detection_events"":14,""detectors_checked"":15652}"
        26,         0,         0,   0.001,exact_mw,894a5a708293b7bd3951925e43ae0371ba83736430ed1970399611b4deb8498b,"{""distance"":7,""physical_error_rate"":0.0001}","{""detection_events"":6,""detectors_checked"":15652}"
        26,         0,         0,   0.001,exact_mw,894a5a708293b7bd3951925e43ae0371ba83736430ed1970399611b4deb8498b,"{""distance"":7,""physical_error_rate"":0.0001}","{""detection_events"":2,""detectors_checked"":15652}"
        26,         0,         0,   0.001,exact_mw,894a5a708293b7bd3951925e43ae0371ba83736430ed1970399611b4deb8498b,"{""distance"":7,""physical_error_rate"":0.0001}","{""detection_events"":7,""detectors_checked"":15652}"
        26,         0,         0,   0.001,exact_mw,894a5a708293b7bd3951925e43ae0371ba83736430ed1970399611b4deb8498b,"{""distance"":7,""physical_error_rate"":0.0001}","{""detection_events"":2,""detectors_checked"":15652}"
        26,         0,         0,   0.001,exact_mw,894a5a708293b7bd3951925e43ae0371ba83736430ed1970399611b4deb8498b,"{""distance"":7,""physical_error_rate"":0.0001}","{""detection_events"":7,""detectors_checked"":15652}"
         2,         0,         0,   0.000,exact_mw,894a5a708293b7bd3951925e43ae0371ba83736430ed1970399611b4deb8498b,"{""distance"":7,""physical_error_rate"":0.0001}","{""detectors_checked"":1204}"
         2,         0,         0,   0.001,exact_mw,894a5a708293b7bd3951925e43ae0371ba83736430ed1970399611b4deb8498b,"{""distance"":7,""physical_error_rate"":0.0001}","{""detectors_checked"":1204}"
         4,         0,         0,   0.001,exact_mw,894a5a708293b7bd3951925e43ae0371ba83736430ed1970399611b4deb8498b,"{""distance"":7,""physical_error_rate"":0.0001}","{""detection_events"":5,""detectors_checked"":2408}"
         2,         0,         0,   0.001,exact_mw,894a5a708293b7bd3951925e43ae0371ba83736430ed1970399611b4deb8498b,"{""distance"":7,""physical_error_rate"":0.0001}","{""detection_events"":4,""detectors_checked"":1204}"
         2,         0,         0,   0.001,exact_mw,894a5a708293b7bd3951925e43ae0371ba83736430ed1970399611b4deb8498b,"{""distance"":7,""physical_error_rate"":0.0001}","{""detection_events"":1,""detectors_checked"":1204}"
         2,         0,         0,   0.001,exact_mw,894a5a708293b7bd3951925e43ae0371ba83736430ed1970399611b4deb8498b,"{""distance"":7,""physical_error_rate"":0.0001}","{""detectors_checked"":1204}"
         2,         0,         0,   0.000,exact_mw,894a5a708293b7bd3951925e43ae0371ba83736430ed1970399611b4deb8498b,"{""distance"":7,""physical_error_rate"":0.0001}","{""detectors_checked"":1204}"
         2,         0,         0,   0.000,exact_mw,894a5a708293b7bd3951925e43ae0371ba83736430ed1970399611b4deb8498b,"{""distance"":7,""physical_error_rate"":0.0001}","{""detectors_checked"":1204}"
         2,         0,         0,   0.000,exact_mw,894a5a708293b7bd3951925e43ae0371ba83736430ed1970399611b4deb8498b,"{""distance"":7,""physical_error_rate"":0.0001}","{""detectors_checked"":1204}"
     16000,         3,         0,    63.0,exact_mw,8842ec4fe0f86aba00650008f7f408db45344cfb5a30f76b1f2c0fb50a8d5069,"{""distance"":7,""physical_error_rate"":0.002}","{""detection_events"":93986,""detectors_checked"":9632000,""obs_mistake_mask=E"":3}"
     76800,         1,         0,    63.2,exact_mw,fe773c48422346d89ea42b7ea8a90aa3034802874175ef2bfbcd9fbedf677903,"{""distance"":7,""physical_error_rate"":0.001}","{""detection_events"":225738,""detectors_checked"":46233600,""obs_mistake_mask=E"":1}"
      4944,         0,         0,    45.9,exact_mw,8842ec4fe0f86aba00650008f7f408db45344cfb5a30f76b1f2c0fb50a8d5069,"{""distance"":7,""physical_error_rate"":0.002}","{""detection_events"":28377,""detectors_checked"":2976288}"
   5164032,         0,         0,   119.5,exact_mw,a6f040f5268ba168f94c6ccce4ff822b1b844608631bba2e2b8dc7ec85b1e503,"{""distance"":7,""physical_error_rate"":0.0002}","{""detection_events"":3062014,""detectors_checked"":3108747264}"
     17840,         1,         0,   120.2,exact_mw,8842ec4fe0f86aba00650008f7f408db45344cfb5a30f76b1f2c0fb50a8d5069,"{""distance"":7,""physical_error_rate"":0.002}","{""detection_events"":104379,""detectors_checked"":10739680,""obs_mistake_mask=E"":1}"
         1,         0,         0,   0.001,exact_mw,a6f040f5268ba168f94c6ccce4ff822b1b844608631bba2e2b8dc7ec85b1e503,"{""distance"":7,""physical_error_rate"":0.0002}","{""detectors_checked"":602}"
      1296,         0,         0,   0.031,exact_mw,a6f040f5268ba168f94c6ccce4ff822b1b844608631bba2e2b8dc7ec85b1e503,"{""distance"":7,""physical_error_rate"":0.0002}","{""detection_events"":718,""detectors_checked"":780192}"
      1024,         0,         0,   0.031,exact_mw,a6f040f5268ba168f94c6ccce4ff822b1b844608631bba2e2b8dc7ec85b1e503,"{""distance"":7,""physical_error_rate"":0.0002}","{""detection_events"":650,""detectors_checked"":616448}"
      2048,         0,         0,   0.045,exact_mw,a6f040f5268ba168f94c6ccce4ff822b1b844608631bba2e2b8dc7ec85b1e503,"{""distance"":7,""physical_error_rate"":0.0002}","{""detection_events"":1148,""detectors_checked"":1232896}"
      2048,         0,         0,   0.035,exact_mw,a6f040f5268ba168f94c6ccce4ff822b1b844608631bba2e2b8dc7ec85b1e503,"{""distance"":7,""physical_error_rate"":0.0002}","{""detection_events"":1316,""detectors_checked"":1232896}"
      2048,         0,         0,   0.057,exact_mw,a6f040f5268ba168f94c6ccce4ff822b1b844608631bba2e2b8dc7ec85b1e503,"{""distance"":7,""physical_error_rate"":0.0002}","{""detection_events"":1235,""detectors_checked"":1232896}"
      3072,         0,         0,   0.084,exact_mw,a6f040f5268ba168f94c6ccce4ff822b1b844608631bba2e2b8dc7ec85b1e503,"{""distance"":7,""physical_error_rate"":0.0002}","{""detection_events"":1880,""detectors_checked"":1849344}"
       273,         0,         0,   0.030,exact_mw,09f626b7d1c8765fd231bc36902f9c5557d3909c4644565b971bdb2bfb186061,"{""distance"":7,""physical_error_rate"":0.0005}","{""detection_events"":373,""detectors_checked"":164346}"
      5120,         0,         0,   0.107,exact_mw,a6f040f5268ba168f94c6ccce4ff822b1b844608631bba2e2b8dc7ec85b1e503,"{""distance"":7,""physical_error_rate"":0.0002}","{""detection_events"":3080,""detectors_checked"":3082240}"
      1024,         0,         0,   0.143,exact_mw,09f626b7d1c8765fd231bc36902f9c5557d3909c4644565b971bdb2bfb186061,"{""distance"":7,""physical_error_rate"":0.0005}","{""detection_events"":1533,""detectors_checked"":616448}"
      8192,         0,         0,   0.158,exact_mw,a6f040f5268ba168f94c6ccce4ff822b1b844608631bba2e2b8dc7ec85b1e503,"{""distance"":7,""physical_error_rate"":0.0002}","{""detection_events"":4791,""detectors_checked"":4931584}"
      1024,         0,         0,   0.142,exact_mw,09f626b7d1c8765fd231bc36902f9c5557d3909c4644565b971bdb2bfb186061,"{""distance"":7,""physical_error_rate"":0.0005}","{""detection_events"":1551,""detectors_checked"":616448}"
      9216,         0,         0,   0.215,exact_mw,a6f040f5268ba168f94c6ccce4ff822b1b844608631bba2e2b8dc7ec85b1e503,"{""distance"":7,""physical_error_rate"":0.0002}","{""detection_events"":5634,""detectors_checked"":5548032}"
      1024,         0,         0,   0.130,exact_mw,09f626b7d1c8765fd231bc36902f9c5557d3909c4644565b971bdb2bfb186061,"{""distance"":7,""physical_error_rate"":0.0005}","{""detection_events"":1498,""detectors_checked"":616448}"
      1024,         0,         0,   0.110,exact_mw,09f626b7d1c8765fd231bc36902f9c5557d3909c4644565b971bdb2bfb186061,"{""distance"":7,""physical_error_rate"":0.0005}","{""detection_events"":1370,""detectors_checked"":616448}"
        17,         0,         0,   0.063,exact_mw,8842ec4fe0f86aba00650008f7f408db45344cfb5a30f76b1f2c0fb50a8d5069,"{""distance"":7,""physical_error_rate"":0.002}","{""detection_events"":97,""detectors_checked"":10234}"
     12288,         0,         0,   0.304,exact_mw,a6f040f5268ba168f94c6ccce4ff822b1b844608631bba2e2b8dc7ec85b1e503,"{""distance"":7,""physical_error_rate"":0.0002}","{""detection_events"":7239,""detectors_checked"":7397376}"
      1024,         0,         0,   0.196,exact_mw,09f626b7d1c8765fd231bc36902f9c5557d3909c4644565b971bdb2bfb186061,"{""distance"":7,""physical_error_rate"":0.0005}","{""detection_events"":1554,""detectors_checked"":616448}"
      1024,         0,         0,   0.087,exact_mw,09f626b7d1c8765fd231bc36902f9c5557d3909c4644565b971bdb2bfb186061,"{""distance"":7,""physical_error_rate"":0.0005}","{""detection_events"":1502,""detectors_checked"":616448}"
       273,         0,         0,   0.275,exact_mw,fe773c48422346d89ea42b7ea8a90aa3034802874175ef2bfbcd9fbedf677903,"{""distance"":7,""physical_error_rate"":0.001}","{""detection_events"":819,""detectors_checked"":164346}"
      1024,         0,         0,   0.253,exact_mw,09f626b7d1c8765fd231bc36902f9c5557d3909c4644565b971bdb2bfb186061,"{""distance"":7,""physical_error_rate"":0.0005}","{""detection_events"":1558,""detectors_checked"":616448}"
     15360,         0,         0,   0.407,exact_mw,a6f040f5268ba168f94c6ccce4ff822b1b844608631bba2e2b8dc7ec85b1e503,"{""distance"":7,""physical_error_rate"":0.0002}","{""detection_events"":8860,""detectors_checked"":9246720}"
       128,         0,         0,   0.539,exact_mw,8842ec4fe0f86aba00650008f7f408db45344cfb5a30f76b1f2c0fb50a8d5069,"{""distance"":7,""physical_error_rate"":0.002}","{""detection_events"":788,""detectors_checked"":77056}"
      2048,         0,         0,   0.202,exact_mw,09f626b7d1c8765fd231bc36902f9c5557d3909c4644565b971bdb2bfb186061,"{""distance"":7,""physical_error_rate"":0.0005}","{""detection_events"":3019,""detectors_checked"":1232896}"
       512,         0,         0,   0.565,exact_mw,fe773c48422346d89ea42b7ea8a90aa3034802874175ef2bfbcd9fbedf677903,"{""distance"":7,""physical_error_rate"":0.001}","{""detection_events"":1522,""detectors_checked"":308224}"
      2048,         0,         0,   0.322,exact_mw,09f626b7d1c8765fd231bc36902f9c5557d3909c4644565b971bdb2bfb186061,"{""distance"":7,""physical_error_rate"":0.0005}","{""detection_events"":3055,""detectors_checked"":1232896}"
       273,         0,         0,   0.033,exact_mw,09f626b7d1c8765fd231bc36902f9c5557d3909c4644565b971bdb2bfb186061,"{""distance"":7,""physical_error_rate"":0.0005}","{""detection_events"":372,""detectors_checked"":164346}"
     17408,         0,         0,   0.567,exact_mw,a6f040f5268ba168f94c6ccce4ff822b1b844608631bba2e2b8dc7ec85b1e503,"{""distance"":7,""physical_error_rate"":0.0002}","{""detection_events"":10502,""detectors_checked"":10479616}"
       273,         0,         0,   0.033,exact_mw,09f626b7d1c8765fd231bc36902f9c5557d3909c4644565b971bdb2bfb186061,"{""distance"":7,""physical_error_rate"":0.0005}","{""detection_events"":357,""detectors_checked"":164346}"
      1024,         0,         0,   0.126,exact_mw,09f626b7d1c8765fd231bc36902f9c5557d3909c4644565b971bdb2bfb186061,"{""distance"":7,""physical_error_rate"":0.0005}","{""detection_events"":1464,""detectors_checked"":616448}"
       128,         0,         0,   0.610,exact_mw,8842ec4fe0f86aba00650008f7f408db45344cfb5a30f76b1f2c0fb50a8d5069,"{""distance"":7,""physical_error_rate"":0.002}","{""detection_events"":796,""detectors_checked"":77056}"
      2048,         0,         0,   0.303,exact_mw,09f626b7d1c8765fd231bc36902f9c5557d3909c4644565b971bdb2bfb186061,"{""distance"":7,""physical_error_rate"":0.0005}","{""detection_events"":2805,""detectors_checked"":1232896}"
      1024,         0,         0,   0.174,exact_mw,09f626b7d1c8765fd231bc36902f9c5557d3909c4644565b971bdb2bfb186061,"{""distance"":7,""physical_error_rate"":0.0005}","{""detection_events"":1527,""detectors_checked"":616448}"
      1024,         0,         0,   0.215,exact_mw,09f626b7d1c8765fd231bc36902f9c5557d3909c4644565b971bdb2bfb186061,"{""distance"":7,""physical_error_rate"":0.0005}","{""detection_events"":1705,""detectors_checked"":616448}"
      1024,         0,         0,   0.099,exact_mw,09f626b7d1c8765fd231bc36902f9c5557d3909c4644565b971bdb2bfb186061,"{""distance"":7,""physical_error_rate"":0.0005}","{""detection_events"":1467,""detectors_checked"":616448}"
      1024,         0,         0,   0.117,exact_mw,09f626b7d1c8765fd231bc36902f9c5557d3909c4644565b971bdb2bfb186061,"{""distance"":7,""physical_error_rate"":0.0005}","{""detection_events"":1399,""detectors_checked"":616448}"
       512,         0,         0,   0.485,exact_mw,fe773c48422346d89ea42b7ea8a90aa3034802874175ef2bfbcd9fbedf677903,"{""distance"":7,""physical_error_rate"":0.001}","{""detection_events"":1506,""detectors_checked"":308224}"
      1024,         0,         0,   0.096,exact_mw,09f626b7d1c8765fd231bc36902f9c5557d3909c4644565b971bdb2bfb186061,"{""distance"":7,""physical_error_rate"":0.0005}","{""detection_events"":1594,""detectors_checked"":616448}"
      1024,         0,         0,   0.158,exact_mw,09f626b7d1c8765fd231bc36902f9c5557d3909c4644565b971bdb2bfb186061,"{""distance"":7,""physical_error_rate"":0.0005}","{""detection_events"":1395,""detectors_checked"":616448}"
       128,         0,         0,   0.396,exact_mw,8842ec4fe0f86aba00650008f7f408db45344cfb5a30f76b1f2c0fb50a8d5069,"{""distance"":7,""physical_error_rate"":0.002}","{""detection_events"":638,""detectors_checked"":77056}"
        17,         0,         0,   0.034,exact_mw,8842ec4fe0f86aba00650008f7f408db45344cfb5a30f76b1f2c0fb50a8d5069,"{""distance"":7,""physical_error_rate"":0.002}","{""detection_events"":102,""detectors_checked"":10234}"
      1024,         0,         0,   0.175,exact_mw,09f626b7d1c8765fd231bc36902f9c5557d3909c4644565b971bdb2bfb186061,"{""distance"":7,""physical_error_rate"":0.0005}","{""detection_events"":1394,""detectors_checked"":616448}"
      3072,         0,         0,   0.441,exact_mw,09f626b7d1c8765fd231bc36902f9c5557d3909c4644565b971bdb2bfb186061,"{""distance"":7,""physical_error_rate"":0.0005}","{""detection_events"":4510,""detectors_checked"":1849344}"
      1024,         0,         0,   0.136,exact_mw,09f626b7d1c8765fd231bc36902f9c5557d3909c4644565b971bdb2bfb186061,"{""distance"":7,""physical_error_rate"":0.0005}","{""detection_events"":1462,""detectors_checked"":616448}"
      1024,         0,         0,   0.103,exact_mw,09f626b7d1c8765fd231bc36902f9c5557d3909c4644565b971bdb2bfb186061,"{""distance"":7,""physical_error_rate"":0.0005}","{""detection_events"":1501,""detectors_checked"":616448}"
        17,         0,         0,   0.027,exact_mw,fe773c48422346d89ea42b7ea8a90aa3034802874175ef2bfbcd9fbedf677903,"{""distance"":7,""physical_error_rate"":0.001}","{""detection_events"":43,""detectors_checked"":10234}"
       512,         0,         0,   0.379,exact_mw,fe773c48422346d89ea42b7ea8a90aa3034802874175ef2bfbcd9fbedf677903,"{""distance"":7,""physical_error_rate"":0.001}","{""detection_events"":1491,""detectors_checked"":308224}"
     27648,         0,         0,   0.808,exact_mw,a6f040f5268ba168f94c6ccce4ff822b1b844608631bba2e2b8dc7ec85b1e503,"{""distance"":7,""physical_error_rate"":0.0002}","{""detection_events"":16175,""detectors_checked"":16644096}"
      1024,         0,         0,   0.130,exact_mw,09f626b7d1c8765fd231bc36902f9c5557d3909c4644565b971bdb2bfb186061,"{""distance"":7,""physical_error_rate"":0.0005}","{""detection_events"":1497,""detectors_checked"":616448}"
      1024,         0,         0,   0.101,exact_mw,09f626b7d1c8765fd231bc36902f9c5557d3909c4644565b971bdb2bfb186061,"{""distance"":7,""physical_error_rate"":0.0005}","{""detection_events"":1483,""detectors_checked"":616448}"
      1024,         0,         0,   0.156,exact_mw,09f626b7d1c8765fd231bc36902f9c5557d3909c4644565b971bdb2bfb186061,"{""distance"":7,""physical_error_rate"":0.0005}","{""detection_events"":1600,""detectors_checked"":616448}"
      1024,         0,         0,   0.123,exact_mw,09f626b7d1c8765fd231bc36902f9c5557d3909c4644565b971bdb2bfb186061,"{""distance"":7,""physical_error_rate"":0.0005}","{""detection_events"":1516,""detectors_checked"":616448}"
       128,         0,         0,   0.453,exact_mw,8842ec4fe0f86aba00650008f7f408db45344cfb5a30f76b1f2c0fb50a8d5069,"{""distance"":7,""physical_error_rate"":0.002}","{""detection_events"":848,""detectors_checked"":77056}"
       256,         0,         0,   0.252,exact_mw,fe773c48422346d89ea42b7ea8a90aa3034802874175ef2bfbcd9fbedf677903,"{""distance"":7,""physical_error_rate"":0.001}","{""detection_events"":743,""detectors_checked"":154112}"
      1024,         0,         0,   0.209,exact_mw,09f626b7d1c8765fd231bc36902f9c5557d3909c4644565b971bdb2bfb186061,"{""distance"":7,""physical_error_rate"":0.0005}","{""detection_events"":1553,""detectors_checked"":616448}"
      1024,         0,         0,   0.217,exact_mw,09f626b7d1c8765fd231bc36902f9c5557d3909c4644565b971bdb2bfb186061,"{""distance"":7,""physical_error_rate"":0.0005}","{""detection_events"":1712,""detectors_checked"":616448}"
       512,         0,         0,   0.472,exact_mw,fe773c48422346d89ea42b7ea8a90aa3034802874175ef2bfbcd9fbedf677903,"{""distance"":7,""physical_error_rate"":0.001}","{""detection_events"":1487,""detectors_checked"":308224}"
      5120,         0,         0,   0.645,exact_mw,09f626b7d1c8765fd231bc36902f9c5557d3909c4644565b971bdb2bfb186061,"{""distance"":7,""physical_error_rate"":0.0005}","{""detection_events"":7253,""detectors_checked"":3082240}"
       512,         0,         0,   0.458,exact_mw,fe773c48422346d89ea42b7ea8a90aa3034802874175ef2bfbcd9fbedf677903,"{""distance"":7,""physical_error_rate"":0.001}","{""detection_events"":1480,""detectors_checked"":308224}"
      2048,         0,         0,   0.368,exact_mw,09f626b7d1c8765fd231bc36902f9c5557d3909c4644565b971bdb2bfb186061,"{""distance"":7,""physical_error_rate"":0.0005}","{""detection_events"":2923,""detectors_checked"":1232896}"
      2048,         0,         0,   0.351,exact_mw,09f626b7d1c8765fd231bc36902f9c5557d3909c4644565b971bdb2bfb186061,"{""distance"":7,""physical_error_rate"":0.0005}","{""detection_events"":2859,""detectors_checked"":1232896}"
       128,         0,         0,   0.600,exact_mw,8842ec4fe0f86aba00650008f7f408db45344cfb5a30f76b1f2c0fb50a8d5069,"{""distance"":7,""physical_error_rate"":0.002}","{""detection_events"":757,""detectors_checked"":77056}"
       512,         0,         0,   0.420,exact_mw,fe773c48422346d89ea42b7ea8a90aa3034802874175ef2bfbcd9fbedf677903,"{""distance"":7,""physical_error_rate"":0.001}","{""detection_events"":1406,""detectors_checked"":308224}"
       256,         0,         0,    1.25,exact_mw,8842ec4fe0f86aba00650008f7f408db45344cfb5a30f76b1f2c0fb50a8d5069,"{""distance"":7,""physical_error_rate"":0.002}","{""detection_events"":1455,""detectors_checked"":154112}"
       512,         0,         0,   0.414,exact_mw,fe773c48422346d89ea42b7ea8a90aa3034802874175ef2bfbcd9fbedf677903,"{""distance"":7,""physical_error_rate"":0.001}","{""detection_events"":1427,""detectors_checked"":308224}"
      2048,         0,         0,   0.357,exact_mw,09f626b7d1c8765fd231bc36902f9c5557d3909c4644565b971bdb2bfb186061,"{""distance"":7,""physical_error_rate"":0.0005}","{""detection_events"":2946,""detectors_checked"":1232896}"
     37888,         0,         0,    1.14,exact_mw,a6f040f5268ba168f94c6ccce4ff822b1b844608631bba2e2b8dc7ec85b1e503,"{""distance"":7,""physical_error_rate"":0.0002}","{""detection_events"":22010,""detectors_checked"":22808576}"
      2048,         0,         0,   0.380,exact_mw,09f626b7d1c8765fd231bc36902f9c5557d3909c4644565b971bdb2bfb186061,"{""distance"":7,""physical_error_rate"":0.0005}","{""detection_events"":3068,""detectors_checked"":1232896}"
       512,         0,         0,   0.480,exact_mw,fe773c48422346d89ea42b7ea8a90aa3034802874175ef2bfbcd9fbedf677903,"{""distance"":7,""physical_error_rate"":0.001}","{""detection_events"":1503,""detectors_checked"":308224}"
       128,         0,         0,   0.609,exact_mw,8842ec4fe0f86aba00650008f7f408db45344cfb5a30f76b1f2c0fb50a8d5069,"{""distance"":7,""physical_error_rate"":0.002}","{""detection_events"":813,""detectors_checked"":77056}"
      5120,         0,         0,   0.938,exact_mw,09f626b7d1c8765fd231bc36902f9c5557d3909c4644565b971bdb2bfb186061,"{""distance"":7,""physical_error_rate"":0.0005}","{""detection_events"":7622,""detectors_checked"":3082240}"
       512,         0,         0,   0.466,exact_mw,fe773c48422346d89ea42b7ea8a90aa3034802874175ef2bfbcd9fbedf677903,"{""distance"":7,""physical_error_rate"":0.001}","{""detection_events"":1636,""detectors_checked"":308224}"
      3072,         0,         0,   0.502,exact_mw,09f626b7d1c8765fd231bc36902f9c5557d3909c4644565b971bdb2bfb186061,"{""distance"":7,""physical_error_rate"":0.0005}","{""detection_events"":4709,""detectors_checked"":1849344}"
      4096,         0,         0,   0.562,exact_mw,09f626b7d1c8765fd231bc36902f9c5557d3909c4644565b971bdb2bfb186061,"{""distance"":7,""physical_error_rate"":0.0005}","{""detection_events"":6150,""detectors_checked"":2465792}"
       512,         0,         0,   0.462,exact_mw,fe773c48422346d89ea42b7ea8a90aa3034802874175ef2bfbcd9fbedf677903,"{""distance"":7,""physical_error_rate"":0.001}","{""detection_events"":1508,""detectors_checked"":308224}"
       128,         0,         0,   0.526,exact_mw,8842ec4fe0f86aba00650008f7f408db45344cfb5a30f76b1f2c0fb50a8d5069,"{""distance"":7,""physical_error_rate"":0.002}","{""detection_events"":833,""detectors_checked"":77056}"
       512,         0,         0,   0.600,exact_mw,fe773c48422346d89ea42b7ea8a90aa3034802874175ef2bfbcd9fbedf677903,"{""distance"":7,""physical_error_rate"":0.001}","{""detection_events"":1537,""detectors_checked"":308224}"
       256,         0,         0,    1.23,exact_mw,8842ec4fe0f86aba00650008f7f408db45344cfb5a30f76b1f2c0fb50a8d5069,"{""distance"":7,""physical_error_rate"":0.002}","{""detection_events"":1403,""detectors_checked"":154112}"
       512,         0,         0,   0.507,exact_mw,fe773c48422346d89ea42b7ea8a90aa3034802874175ef2bfbcd9fbedf677903,"{""distance"":7,""physical_error_rate"":0.001}","{""detection_events"":1503,""detectors_checked"":308224}"
      4096,         0,         0,   0.672,exact_mw,09f626b7d1c8765fd231bc36902f9c5557d3909c4644565b971bdb2bfb186061,"{""distance"":7,""physical_error_rate"":0.0005}","{""detection_events"":6197,""detectors_checked"":2465792}"
       128,         0,         0,   0.471,exact_mw,8842ec4fe0f86aba00650008f7f408db45344cfb5a30f76b1f2c0fb50a8d5069,"{""distance"":7,""physical_error_rate"":0.002}","{""detection_events"":701,""detectors_checked"":77056}"
      4096,         0,         0,   0.736,exact_mw,09f626b7d1c8765fd231bc36902f9c5557d3909c4644565b971bdb2bfb186061,"{""distance"":7,""physical_error_rate"":0.0005}","{""detection_events"":6273,""detectors_checked"":2465792}"
       512,         0,         0,   0.394,exact_mw,fe773c48422346d89ea42b7ea8a90aa3034802874175ef2bfbcd9fbedf677903,"{""distance"":7,""physical_error_rate"":0.001}","{""detection_events"":1516,""detectors_checked"":308224}"
      7168,         0,         0,    1.13,exact_mw,09f626b7d1c8765fd231bc36902f9c5557d3909c4644565b971bdb2bfb186061,"{""distance"":7,""physical_error_rate"":0.0005}","{""detection_events"":10607,""detectors_checked"":4315136}"
     51200,         0,         0,    1.60,exact_mw,a6f040f5268ba168f94c6ccce4ff822b1b844608631bba2e2b8dc7ec85b1e503,"{""distance"":7,""physical_error_rate"":0.0002}","{""detection_events"":30253,""detectors_checked"":30822400}"
       512,         0,         0,   0.452,exact_mw,fe773c48422346d89ea42b7ea8a90aa3034802874175ef2bfbcd9fbedf677903,"{""distance"":7,""physical_error_rate"":0.001}","{""detection_events"":1510,""detectors_checked"":308224}"
       128,         0,         0,   0.491,exact_mw,8842ec4fe0f86aba00650008f7f408db45344cfb5a30f76b1f2c0fb50a8d5069,"{""distance"":7,""physical_error_rate"":0.002}","{""detection_events"":701,""detectors_checked"":77056}"
       512,         0,         0,   0.568,exact_mw,fe773c48422346d89ea42b7ea8a90aa3034802874175ef2bfbcd9fbedf677903,"{""distance"":7,""physical_error_rate"":0.001}","{""detection_events"":1580,""detectors_checked"":308224}"
      6144,         0,         0,   0.842,exact_mw,09f626b7d1c8765fd231bc36902f9c5557d3909c4644565b971bdb2bfb186061,"{""distance"":7,""physical_error_rate"":0.0005}","{""detection_events"":8683,""detectors_checked"":3698688}"
         1,         0,         0,   0.003,exact_mw,8842ec4fe0f86aba00650008f7f408db45344cfb5a30f76b1f2c0fb50a8d5069,"{""distance"":7,""physical_error_rate"":0.002}","{""detection_events"":6,""detectors_checked"":602}"
       512,         0,         0,   0.449,exact_mw,fe773c48422346d89ea42b7ea8a90aa3034802874175ef2bfbcd9fbedf677903,"{""distance"":7,""physical_error_rate"":0.001}","{""detection_events"":1516,""detectors_checked"":308224}"
      6144,         0,         0,   0.875,exact_mw,09f626b7d1c8765fd231bc36902f9c5557d3909c4644565b971bdb2bfb186061,"{""distance"":7,""physical_error_rate"":0.0005}","{""detection_events"":9054,""detectors_checked"":3698688}"
        16,         0,         0,   0.106,exact_mw,8842ec4fe0f86aba00650008f7f408db45344cfb5a30f76b1f2c0fb50a8d5069,"{""distance"":7,""physical_error_rate"":0.002}","{""detection_events"":88,""detectors_checked"":9632}"
       128,         0,         0,   0.407,exact_mw,8842ec4fe0f86aba00650008f7f408db45344cfb5a30f76b1f2c0fb50a8d5069,"{""distance"":7,""physical_error_rate"":0.002}","{""detection_events"":765,""detectors_checked"":77056}"
       256,         0,         0,    1.02,exact_mw,8842ec4fe0f86aba00650008f7f408db45344cfb5a30f76b1f2c0fb50a8d5069,"{""distance"":7,""physical_error_rate"":0.002}","{""detection_events"":1484,""detectors_checked"":154112}"
    796672,         0,         0,   119.5,exact_mw,a6f040f5268ba168f94c6ccce4ff822b1b844608631bba2e2b8dc7ec85b1e503,"{""distance"":7,""physical_error_rate"":0.0002}","{""detection_events"":473137,""detectors_checked"":479596544}"
        64,         0,         0,   0.224,exact_mw,8842ec4fe0f86aba00650008f7f408db45344cfb5a30f76b1f2c0fb50a8d5069,"{""distance"":7,""physical_error_rate"":0.002}","{""detection_events"":399,""detectors_checked"":38528}"
       512,         0,         0,   0.573,exact_mw,fe773c48422346d89ea42b7ea8a90aa3034802874175ef2bfbcd9fbedf677903,"{""distance"":7,""physical_error_rate"":0.001}","{""detection_events"":1512,""detectors_checked"":308224}"
         1,         0,         0,   0.001,exact_mw,fe773c48422346d89ea42b7ea8a90aa3034802874175ef2bfbcd9fbedf677903,"{""distance"":7,""physical_error_rate"":0.001}","{""detection_events"":2,""detectors_checked"":602}"
       128,         0,         0,   0.537,exact_mw,8842ec4fe0f86aba00650008f7f408db45344cfb5a30f76b1f2c0fb50a8d5069,"{""distance"":7,""physical_error_rate"":0.002}","{""detection_events"":800,""detectors_checked"":77056}"
      1024,         0,         0,   0.666,exact_mw,fe773c48422346d89ea42b7ea8a90aa3034802874175ef2bfbcd9fbedf677903,"{""distance"":7,""physical_error_rate"":0.001}","{""detection_events"":2964,""detectors_checked"":616448}"
       272,         0,         0,   0.227,exact_mw,fe773c48422346d89ea42b7ea8a90aa3034802874175ef2bfbcd9fbedf677903,"{""distance"":7,""physical_error_rate"":0.001}","{""detection_events"":776,""detectors_checked"":163744}"
       128,         0,         0,   0.499,exact_mw,8842ec4fe0f86aba00650008f7f408db45344cfb5a30f76b1f2c0fb50a8d5069,"{""distance"":7,""physical_error_rate"":0.002}","{""detection_events"":747,""detectors_checked"":77056}"
       512,         0,         0,   0.349,exact_mw,fe773c48422346d89ea42b7ea8a90aa3034802874175ef2bfbcd9fbedf677903,"{""distance"":7,""physical_error_rate"":0.001}","{""detection_events"":1411,""detectors_checked"":308224}"
      9216,         0,         0,    1.64,exact_mw,09f626b7d1c8765fd231bc36902f9c5557d3909c4644565b971bdb2bfb186061,"{""distance"":7,""physical_error_rate"":0.0005}","{""detection_events"":13872,""detectors_checked"":5548032}"
      8192,         0,         0,    1.11,exact_mw,09f626b7d1c8765fd231bc36902f9c5557d3909c4644565b971bdb2bfb186061,"{""distance"":7,""physical_error_rate"":0.0005}","{""detection_events"":12010,""detectors_checked"":4931584}"
       256,         0,         0,    1.01,exact_mw,8842ec4fe0f86aba00650008f7f408db45344cfb5a30f76b1f2c0fb50a8d5069,"{""distance"":7,""physical_error_rate"":0.002}","{""detection_events"":1579,""detectors_checked"":154112}"
       512,         0,         0,   0.365,exact_mw,fe773c48422346d89ea42b7ea8a90aa3034802874175ef2bfbcd9fbedf677903,"{""distance"":7,""physical_error_rate"":0.001}","{""detection_events"":1469,""detectors_checked"":308224}"
       128,         0,         0,   0.398,exact_mw,8842ec4fe0f86aba00650008f7f408db45344cfb5a30f76b1f2c0fb50a8d5069,"{""distance"":7,""physical_error_rate"":0.002}","{""detection_events"":634,""detectors_checked"":77056}"
       128,         0,         0,   0.577,exact_mw,8842ec4fe0f86aba00650008f7f408db45344cfb5a30f76b1f2c0fb50a8d5069,"{""distance"":7,""physical_error_rate"":0.002}","{""detection_events"":761,""detectors_checked"":77056}"
       512,         0,         0,   0.444,exact_mw,fe773c48422346d89ea42b7ea8a90aa3034802874175ef2bfbcd9fbedf677903,"{""distance"":7,""physical_error_rate"":0.001}","{""detection_events"":1441,""detectors_checked"":308224}"
      8192,         0,         0,    1.26,exact_mw,09f626b7d1c8765fd231bc36902f9c5557d3909c4644565b971bdb2bfb186061,"{""distance"":7,""physical_error_rate"":0.0005}","{""detection_events"":12151,""detectors_checked"":4931584}"
       512,         0,         0,   0.410,exact_mw,fe773c48422346d89ea42b7ea8a90aa3034802874175ef2bfbcd9fbedf677903,"{""distance"":7,""physical_error_rate"":0.001}","{""detection_events"":1507,""detectors_checked"":308224}"
      1024,         0,         0,   0.860,exact_mw,fe773c48422346d89ea42b7ea8a90aa3034802874175ef2bfbcd9fbedf677903,"{""distance"":7,""physical_error_rate"":0.001}","{""detection_events"":3016,""detectors_checked"":616448}"
         1,         0,         0,   0.001,exact_mw,a6f040f5268ba168f94c6ccce4ff822b1b844608631bba2e2b8dc7ec85b1e503,"{""distance"":7,""physical_error_rate"":0.0002}","{""detectors_checked"":602}"
      1296,         0,         0,   0.031,exact_mw,a6f040f5268ba168f94c6ccce4ff822b1b844608631bba2e2b8dc7ec85b1e503,"{""distance"":7,""physical_error_rate"":0.0002}","{""detection_events"":842,""detectors_checked"":780192}"
      2048,         0,         0,   0.035,exact_mw,a6f040f5268ba168f94c6ccce4ff822b1b844608631bba2e2b8dc7ec85b1e503,"{""distance"":7,""physical_error_rate"":0.0002}","{""detection_events"":1208,""detectors_checked"":1232896}"
       512,         0,         0,   0.408,exact_mw,fe773c48422346d89ea42b7ea8a90aa3034802874175ef2bfbcd9fbedf677903,"{""distance"":7,""physical_error_rate"":0.001}","{""detection_events"":1618,""detectors_checked"":308224}"
     67584,         0,         0,    2.16,exact_mw,a6f040f5268ba168f94c6ccce4ff822b1b844608631bba2e2b8dc7ec85b1e503,"{""distance"":7,""physical_error_rate"":0.0002}","{""detection_events"":39695,""detectors_checked"":40685568}"
       128,         0,         0,   0.507,exact_mw,8842ec4fe0f86aba00650008f7f408db45344cfb5a30f76b1f2c0fb50a8d5069,"{""distance"":7,""physical_error_rate"":0.002}","{""detection_events"":704,""detectors_checked"":77056}"
      1024,         0,         0,   0.049,exact_mw,a6f040f5268ba168f94c6ccce4ff822b1b844608631bba2e2b8dc7ec85b1e503,"{""distance"":7,""physical_error_rate"":0.0002}","{""detection_events"":598,""detectors_checked"":616448}"
      3072,         0,         0,   0.080,exact_mw,a6f040f5268ba168f94c6ccce4ff822b1b844608631bba2e2b8dc7ec85b1e503,"{""distance"":7,""physical_error_rate"":0.0002}","{""detection_events"":1820,""detectors_checked"":1849344}"
      4096,         0,         0,   0.082,exact_mw,a6f040f5268ba168f94c6ccce4ff822b1b844608631bba2e2b8dc7ec85b1e503,"{""distance"":7,""physical_error_rate"":0.0002}","{""detection_events"":2533,""detectors_checked"":2465792}"
       512,         0,         0,   0.413,exact_mw,fe773c48422346d89ea42b7ea8a90aa3034802874175ef2bfbcd9fbedf677903,"{""distance"":7,""physical_error_rate"":0.001}","{""detection_events"":1583,""detectors_checked"":308224}"
      4096,         0,         0,   0.084,exact_mw,a6f040f5268ba168f94c6ccce4ff822b1b844608631bba2e2b8dc7ec85b1e503,"{""distance"":7,""physical_error_rate"":0.0002}","{""detection_events"":2501,""detectors_checked"":2465792}"
       256,         0,         0,   0.962,exact_mw,8842ec4fe0f86aba00650008f7f408db45344cfb5a30f76b1f2c0fb50a8d5069,"{""distance"":7,""physical_error_rate"":0.002}","{""detection_events"":1486,""detectors_checked"":154112}"
      6144,         0,         0,   0.114,exact_mw,a6f040f5268ba168f94c6ccce4ff822b1b844608631bba2e2b8dc7ec85b1e503,"{""distance"":7,""physical_error_rate"":0.0002}","{""detection_events"":3550,""detectors_checked"":3698688}"
      7168,         0,         0,   0.150,exact_mw,a6f040f5268ba168f94c6ccce4ff822b1b844608631bba2e2b8dc7ec85b1e503,"{""distance"":7,""physical_error_rate"":0.0002}","{""detection_events"":4294,""detectors_checked"":4315136}"
       512,         0,         0,   0.329,exact_mw,fe773c48422346d89ea42b7ea8a90aa3034802874175ef2bfbcd9fbedf677903,"{""distance"":7,""physical_error_rate"":0.001}","{""detection_events"":1433,""detectors_checked"":308224}"
       128,         0,         0,   0.617,exact_mw,8842ec4fe0f86aba00650008f7f408db45344cfb5a30f76b1f2c0fb50a8d5069,"{""distance"":7,""physical_error_rate"":0.002}","{""detection_events"":778,""detectors_checked"":77056}"
       256,         1,         0,    1.18,exact_mw,8842ec4fe0f86aba00650008f7f408db45344cfb5a30f76b1f2c0fb50a8d5069,"{""distance"":7,""physical_error_rate"":0.002}","{""detection_events"":1548,""detectors_checked"":154112,""obs_mistake_mask=E"":1}"
      1024,         0,         0,   0.925,exact_mw,fe773c48422346d89ea42b7ea8a90aa3034802874175ef2bfbcd9fbedf677903,"{""distance"":7,""physical_error_rate"":0.001}","{""detection_events"":3026,""detectors_checked"":616448}"
      9216,         0,         0,   0.225,exact_mw,a6f040f5268ba168f94c6ccce4ff822b1b844608631bba2e2b8dc7ec85b1e503,"{""distance"":7,""physical_error_rate"":0.0002}","{""detection_events"":5465,""detectors_checked"":5548032}"
      1024,         0,         0,   0.991,exact_mw,fe773c48422346d89ea42b7ea8a90aa3034802874175ef2bfbcd9fbedf677903,"{""distance"":7,""physical_error_rate"":0.001}","{""detection_events"":3193,""detectors_checked"":616448}"
     11264,         0,         0,    1.61,exact_mw,09f626b7d1c8765fd231bc36902f9c5557d3909c4644565b971bdb2bfb186061,"{""distance"":7,""physical_error_rate"":0.0005}","{""detection_events"":16625,""detectors_checked"":6780928}"
       512,         0,         0,   0.466,exact_mw,fe773c48422346d89ea42b7ea8a90aa3034802874175ef2bfbcd9fbedf677903,"{""distance"":7,""physical_error_rate"":0.001}","{""detection_events"":1516,""detectors_checked"":308224}"
     13312,         0,         0,   0.309,exact_mw,a6f040f5268ba168f94c6ccce4ff822b1b844608631bba2e2b8dc7ec85b1e503,"{""distance"":7,""physical_error_rate"":0.0002}","{""detection_events"":7752,""detectors_checked"":8013824}"
       128,         0,         0,   0.488,exact_mw,8842ec4fe0f86aba00650008f7f408db45344cfb5a30f76b1f2c0fb50a8d5069,"{""distance"":7,""physical_error_rate"":0.002}","{""detection_events"":754,""detectors_checked"":77056}"
     10240,         0,         0,    1.66,exact_mw,09f626b7d1c8765fd231bc36902f9c5557d3909c4644565b971bdb2bfb186061,"{""distance"":7,""physical_error_rate"":0.0005}","{""detection_events"":15351,""detectors_checked"":6164480}"
       256,         0,         0,    1.10,exact_mw,8842ec4fe0f86aba00650008f7f408db45344cfb5a30f76b1f2c0fb50a8d5069,"{""distance"":7,""physical_error_rate"":0.002}","{""detection_events"":1459,""detectors_checked"":154112}"
       128,         0,         0,   0.416,exact_mw,8842ec4fe0f86aba00650008f7f408db45344cfb5a30f76b1f2c0fb50a8d5069,"{""distance"":7,""physical_error_rate"":0.002}","{""detection_events"":689,""detectors_checked"":77056}"
     15360,         0,         0,   0.448,exact_mw,a6f040f5268ba168f94c6ccce4ff822b1b844608631bba2e2b8dc7ec85b1e503,"{""distance"":7,""physical_error_rate"":0.0002}","{""detection_events"":9245,""detectors_checked"":9246720}"
       512,         0,         0,   0.527,exact_mw,fe773c48422346d89ea42b7ea8a90aa3034802874175ef2bfbcd9fbedf677903,"{""distance"":7,""physical_error_rate"":0.001}","{""detection_events"":1632,""detectors_checked"":308224}"
     16384,         0,         0,    2.27,exact_mw,09f626b7d1c8765fd231bc36902f9c5557d3909c4644565b971bdb2bfb186061,"{""distance"":7,""physical_error_rate"":0.0005}","{""detection_events"":24547,""detectors_checked"":9863168}"
    842752,         1,         0,   120.0,exact_mw,09f626b7d1c8765fd231bc36902f9c5557d3909c4644565b971bdb2bfb186061,"{""distance"":7,""physical_error_rate"":0.0005}","{""detection_events"":1248872,""detectors_checked"":507336704,""obs_mistake_mask=E"":1}"
      1024,         0,         0,   0.823,exact_mw,fe773c48422346d89ea42b7ea8a90aa3034802874175ef2bfbcd9fbedf677903,"{""distance"":7,""physical_error_rate"":0.001}","{""detection_events"":2989,""detectors_checked"":616448}"
       256,         0,         0,    1.19,exact_mw,8842ec4fe0f86aba00650008f7f408db45344cfb5a30f76b1f2c0fb50a8d5069,"{""distance"":7,""physical_error_rate"":0.002}","{""detection_events"":1463,""detectors_checked"":154112}"
       512,         0,         0,   0.495,exact_mw,fe773c48422346d89ea42b7ea8a90aa3034802874175ef2bfbcd9fbedf677903,"{""distance"":7,""physical_error_rate"":0.001}","{""detection_events"":1679,""detectors_checked"":308224}"
      1536,         0,         0,    1.33,exact_mw,fe773c48422346d89ea42b7ea8a90aa3034802874175ef2bfbcd9fbedf677903,"{""distance"":7,""physical_error_rate"":0.001}","{""detection_events"":4586,""detectors_checked"":924672}"
     27648,         0,         0,   0.576,exact_mw,a6f040f5268ba168f94c6ccce4ff822b1b844608631bba2e2b8dc7ec85b1e503,"{""distance"":7,""physical_error_rate"":0.0002}","{""detection_events"":16544,""detectors_checked"":16644096}"
       128,         0,         0,   0.621,exact_mw,8842ec4fe0f86aba00650008f7f408db45344cfb5a30f76b1f2c0fb50a8d5069,"{""distance"":7,""physical_error_rate"":0.002}","{""detection_events"":828,""detectors_checked"":77056}"
       512,         0,         0,   0.410,exact_mw,fe773c48422346d89ea42b7ea8a90aa3034802874175ef2bfbcd9fbedf677903,"{""distance"":7,""physical_error_rate"":0.001}","{""detection_events"":1606,""detectors_checked"":308224}"
       256,         0,         0,    1.09,exact_mw,8842ec4fe0f86aba00650008f7f408db45344cfb5a30f76b1f2c0fb50a8d5069,"{""distance"":7,""physical_error_rate"":0.002}","{""detection_events"":1459,""detectors_checked"":154112}"
       128,         0,         0,   0.524,exact_mw,8842ec4fe0f86aba00650008f7f408db45344cfb5a30f76b1f2c0fb50a8d5069,"{""distance"":7,""physical_error_rate"":0.002}","{""detection_events"":808,""detectors_checked"":77056}"
       512,         0,         0,   0.314,exact_mw,fe773c48422346d89ea42b7ea8a90aa3034802874175ef2bfbcd9fbedf677903,"{""distance"":7,""physical_error_rate"":0.001}","{""detection_events"":1499,""detectors_checked"":308224}"
     35840,         0,         0,   0.804,exact_mw,a6f040f5268ba168f94c6ccce4ff822b1b844608631bba2e2b8dc7ec85b1e503,"{""distance"":7,""physical_error_rate"":0.0002}","{""detection_events"":20705,""detectors_checked"":21575680}"
      1536,         0,         0,    1.20,exact_mw,fe773c48422346d89ea42b7ea8a90aa3034802874175ef2bfbcd9fbedf677903,"{""distance"":7,""physical_error_rate"":0.001}","{""detection_events"":4398,""detectors_checked"":924672}"
    109568,         0,         0,    3.04,exact_mw,a6f040f5268ba168f94c6ccce4ff822b1b844608631bba2e2b8dc7ec85b1e503,"{""distance"":7,""physical_error_rate"":0.0002}","{""detection_events"":65065,""detectors_checked"":65959936}"
       128,         0,         0,   0.441,exact_mw,8842ec4fe0f86aba00650008f7f408db45344cfb5a30f76b1f2c0fb50a8d5069,"{""distance"":7,""physical_error_rate"":0.002}","{""detection_events"":693,""detectors_checked"":77056}"
       512,         0,         0,   0.434,exact_mw,fe773c48422346d89ea42b7ea8a90aa3034802874175ef2bfbcd9fbedf677903,"{""distance"":7,""physical_error_rate"":0.001}","{""detection_events"":1594,""detectors_checked"":308224}"
     15360,         0,         0,    2.30,exact_mw,09f626b7d1c8765fd231bc36902f9c5557d3909c4644565b971bdb2bfb186061,"{""distance"":7,""physical_error_rate"":0.0005}","{""detection_events"":21785,""detectors_checked"":9246720}"
     14336,         0,         0,    2.21,exact_mw,09f626b7d1c8765fd231bc36902f9c5557d3909c4644565b971bdb2bfb186061,"{""distance"":7,""physical_error_rate"":0.0005}","{""detection_events"":21267,""detectors_checked"":8630272}"
     84544,         1,         0,   120.6,exact_mw,fe773c48422346d89ea42b7ea8a90aa3034802874175ef2bfbcd9fbedf677903,"{""distance"":7,""physical_error_rate"":0.001}","{""detection_events"":249979,""detectors_checked"":50895488,""obs_mistake_mask=E"":1}"
       256,         0,         0,   0.971,exact_mw,8842ec4fe0f86aba00650008f7f408db45344cfb5a30f76b1f2c0fb50a8d5069,"{""distance"":7,""physical_error_rate"":0.002}","{""detection_events"":1549,""detectors_checked"":154112}"
       512,         0,         0,    1.75,exact_mw,8842ec4fe0f86aba00650008f7f408db45344cfb5a30f76b1f2c0fb50a8d5069,"{""distance"":7,""physical_error_rate"":0.002}","{""detection_events"":2985,""detectors_checked"":308224}"
       128,         0,         0,   0.587,exact_mw,8842ec4fe0f86aba00650008f7f408db45344cfb5a30f76b1f2c0fb50a8d5069,"{""distance"":7,""physical_error_rate"":0.002}","{""detection_events"":714,""detectors_checked"":77056}"
       512,         0,         0,   0.692,exact_mw,fe773c48422346d89ea42b7ea8a90aa3034802874175ef2bfbcd9fbedf677903,"{""distance"":7,""physical_error_rate"":0.001}","{""detection_events"":1536,""detectors_checked"":308224}"
      2048,         0,         0,    1.82,exact_mw,fe773c48422346d89ea42b7ea8a90aa3034802874175ef2bfbcd9fbedf677903,"{""distance"":7,""physical_error_rate"":0.001}","{""detection_events"":6247,""detectors_checked"":1232896}"
     49152,         0,         0,    1.11,exact_mw,a6f040f5268ba168f94c6ccce4ff822b1b844608631bba2e2b8dc7ec85b1e503,"{""distance"":7,""physical_error_rate"":0.0002}","{""detection_events"":28961,""detectors_checked"":29589504}"
       256,         0,         0,   0.795,exact_mw,8842ec4fe0f86aba00650008f7f408db45344cfb5a30f76b1f2c0fb50a8d5069,"{""distance"":7,""physical_error_rate"":0.002}","{""detection_events"":1310,""detectors_checked"":154112}"
       256,         0,         0,   0.806,exact_mw,8842ec4fe0f86aba00650008f7f408db45344cfb5a30f76b1f2c0fb50a8d5069,"{""distance"":7,""physical_error_rate"":0.002}","{""detection_events"":1460,""detectors_checked"":154112}"
     19456,         0,         0,    3.08,exact_mw,09f626b7d1c8765fd231bc36902f9c5557d3909c4644565b971bdb2bfb186061,"{""distance"":7,""physical_error_rate"":0.0005}","{""detection_events"":28495,""detectors_checked"":11712512}"
      2048,         0,         0,    1.84,exact_mw,fe773c48422346d89ea42b7ea8a90aa3034802874175ef2bfbcd9fbedf677903,"{""distance"":7,""physical_error_rate"":0.001}","{""detection_events"":5984,""detectors_checked"":1232896}"
      1536,         0,         0,    1.06,exact_mw,fe773c48422346d89ea42b7ea8a90aa3034802874175ef2bfbcd9fbedf677903,"{""distance"":7,""physical_error_rate"":0.001}","{""detection_events"":4562,""detectors_checked"":924672}"
       256,         0,         0,   0.870,exact_mw,8842ec4fe0f86aba00650008f7f408db45344cfb5a30f76b1f2c0fb50a8d5069,"{""distance"":7,""physical_error_rate"":0.002}","{""detection_events"":1333,""detectors_checked"":154112}"
     62464,         0,         0,    1.57,exact_mw,a6f040f5268ba168f94c6ccce4ff822b1b844608631bba2e2b8dc7ec85b1e503,"{""distance"":7,""physical_error_rate"":0.0002}","{""detection_events"":36365,""detectors_checked"":37603328}"
       256,         0,         0,    1.17,exact_mw,8842ec4fe0f86aba00650008f7f408db45344cfb5a30f76b1f2c0fb50a8d5069,"{""distance"":7,""physical_error_rate"":0.002}","{""detection_events"":1518,""detectors_checked"":154112}"
       640,         0,         0,    2.26,exact_mw,8842ec4fe0f86aba00650008f7f408db45344cfb5a30f76b1f2c0fb50a8d5069,"{""distance"":7,""physical_error_rate"":0.002}","{""detection_events"":3538,""detectors_checked"":385280}"
      1536,         0,         0,    1.36,exact_mw,fe773c48422346d89ea42b7ea8a90aa3034802874175ef2bfbcd9fbedf677903,"{""distance"":7,""physical_error_rate"":0.001}","{""detection_events"":4672,""detectors_checked"":924672}"
       256,         0,         0,    1.19,exact_mw,8842ec4fe0f86aba00650008f7f408db45344cfb5a30f76b1f2c0fb50a8d5069,"{""distance"":7,""physical_error_rate"":0.002}","{""detection_events"":1572,""detectors_checked"":154112}"
     20480,         0,         0,    3.19,exact_mw,09f626b7d1c8765fd231bc36902f9c5557d3909c4644565b971bdb2bfb186061,"{""distance"":7,""physical_error_rate"":0.0005}","{""detection_events"":30355,""detectors_checked"":12328960}"
      3072,         0,         0,    2.54,exact_mw,fe773c48422346d89ea42b7ea8a90aa3034802874175ef2bfbcd9fbedf677903,"{""distance"":7,""physical_error_rate"":0.001}","{""detection_events"":9100,""detectors_checked"":1849344}"
     22528,         0,         0,    3.06,exact_mw,09f626b7d1c8765fd231bc36902f9c5557d3909c4644565b971bdb2bfb186061,"{""distance"":7,""physical_error_rate"":0.0005}","{""detection_events"":33665,""detectors_checked"":13561856}"
    185344,         0,         0,    4.29,exact_mw,a6f040f5268ba168f94c6ccce4ff822b1b844608631bba2e2b8dc7ec85b1e503,"{""distance"":7,""physical_error_rate"":0.0002}","{""detection_events"":110224,""detectors_checked"":111577088}"
       256,         0,         0,   0.970,exact_mw,8842ec4fe0f86aba00650008f7f408db45344cfb5a30f76b1f2c0fb50a8d5069,"{""distance"":7,""physical_error_rate"":0.002}","{""detection_events"":1323,""detectors_checked"":154112}"
       512,         0,         0,    1.89,exact_mw,8842ec4fe0f86aba00650008f7f408db45344cfb5a30f76b1f2c0fb50a8d5069,"{""distance"":7,""physical_error_rate"":0.002}","{""detection_events"":3042,""detectors_checked"":308224}"
      3072,         0,         0,    2.90,exact_mw,fe773c48422346d89ea42b7ea8a90aa3034802874175ef2bfbcd9fbedf677903,"{""distance"":7,""physical_error_rate"":0.001}","{""detection_events"":9118,""detectors_checked"":1849344}"
     94208,         0,         0,    2.22,exact_mw,a6f040f5268ba168f94c6ccce4ff822b1b844608631bba2e2b8dc7ec85b1e503,"{""distance"":7,""physical_error_rate"":0.0002}","{""detection_events"":55820,""detectors_checked"":56713216}"
   5285888,         3,         0,   119.2,exact_mw,a6f040f5268ba168f94c6ccce4ff822b1b844608631bba2e2b8dc7ec85b1e503,"{""distance"":7,""physical_error_rate"":0.0002}","{""detection_events"":3132199,""detectors_checked"":3182104576,""obs_mistake_mask=E"":3}"
      2048,         0,         0,    1.96,exact_mw,fe773c48422346d89ea42b7ea8a90aa3034802874175ef2bfbcd9fbedf677903,"{""distance"":7,""physical_error_rate"":0.001}","{""detection_events"":6068,""detectors_checked"":1232896}"
       256,         1,         0,    1.17,exact_mw,8842ec4fe0f86aba00650008f7f408db45344cfb5a30f76b1f2c0fb50a8d5069,"{""distance"":7,""physical_error_rate"":0.002}","{""detection_events"":1473,""detectors_checked"":154112,""obs_mistake_mask=E"":1}"
     29696,         0,         0,    4.26,exact_mw,09f626b7d1c8765fd231bc36902f9c5557d3909c4644565b971bdb2bfb186061,"{""distance"":7,""physical_error_rate"":0.0005}","{""detection_events"":43127,""detectors_checked"":17876992}"
       896,         0,         0,    3.31,exact_mw,8842ec4fe0f86aba00650008f7f408db45344cfb5a30f76b1f2c0fb50a8d5069,"{""distance"":7,""physical_error_rate"":0.002}","{""detection_events"":5230,""detectors_checked"":539392}"
    786432,         4,         0,   119.9,exact_mw,09f626b7d1c8765fd231bc36902f9c5557d3909c4644565b971bdb2bfb186061,"{""distance"":7,""physical_error_rate"":0.0005}","{""detection_events"":1160373,""detectors_checked"":473432064,""obs_mistake_mask=E"":4}"
       256,         0,         0,    1.21,exact_mw,8842ec4fe0f86aba00650008f7f408db45344cfb5a30f76b1f2c0fb50a8d5069,"{""distance"":7,""physical_error_rate"":0.002}","{""detection_events"":1536,""detectors_checked"":154112}"
      4096,         0,         0,    3.29,exact_mw,fe773c48422346d89ea42b7ea8a90aa3034802874175ef2bfbcd9fbedf677903,"{""distance"":7,""physical_error_rate"":0.001}","{""detection_events"":12132,""detectors_checked"":2465792}"
       640,         0,         0,    2.52,exact_mw,8842ec4fe0f86aba00650008f7f408db45344cfb5a30f76b1f2c0fb50a8d5069,"{""distance"":7,""physical_error_rate"":0.002}","{""detection_events"":3860,""detectors_checked"":385280}"
    325632,         0,         0,   120.2,exact_mw,09f626b7d1c8765fd231bc36902f9c5557d3909c4644565b971bdb2bfb186061,"{""distance"":7,""physical_error_rate"":0.0005}","{""detection_events"":483963,""detectors_checked"":196030464}"
     27648,         0,         0,    4.32,exact_mw,09f626b7d1c8765fd231bc36902f9c5557d3909c4644565b971bdb2bfb186061,"{""distance"":7,""physical_error_rate"":0.0005}","{""detection_events"":40509,""detectors_checked"":16644096}"
    121856,         0,         0,    3.05,exact_mw,a6f040f5268ba168f94c6ccce4ff822b1b844608631bba2e2b8dc7ec85b1e503,"{""distance"":7,""physical_error_rate"":0.0002}","{""detection_events"":73476,""detectors_checked"":73357312}"
     28672,         0,         0,    4.40,exact_mw,09f626b7d1c8765fd231bc36902f9c5557d3909c4644565b971bdb2bfb186061,"{""distance"":7,""physical_error_rate"":0.0005}","{""detection_events"":41795,""detectors_checked"":17260544}"
      3584,         0,         0,    2.96,exact_mw,fe773c48422346d89ea42b7ea8a90aa3034802874175ef2bfbcd9fbedf677903,"{""distance"":7,""physical_error_rate"":0.001}","{""detection_events"":10285,""detectors_checked"":2157568}"
      4096,         0,         0,    3.51,exact_mw,fe773c48422346d89ea42b7ea8a90aa3034802874175ef2bfbcd9fbedf677903,"{""distance"":7,""physical_error_rate"":0.001}","{""detection_events"":11928,""detectors_checked"":2465792}"
   4977664,         1,         0,   119.2,exact_mw,a6f040f5268ba168f94c6ccce4ff822b1b844608631bba2e2b8dc7ec85b1e503,"{""distance"":7,""physical_error_rate"":0.0002}","{""detection_events"":2946526,""detectors_checked"":2996553728,""obs_mistake_mask=E"":1}"
       512,         2,         0,    2.07,exact_mw,8842ec4fe0f86aba00650008f7f408db45344cfb5a30f76b1f2c0fb50a8d5069,"{""distance"":7,""physical_error_rate"":0.002}","{""detection_events"":3024,""detectors_checked"":308224,""obs_mistake_mask=E"":2}"
   5150720,         0,         0,   119.3,exact_mw,a6f040f5268ba168f94c6ccce4ff822b1b844608631bba2e2b8dc7ec85b1e503,"{""distance"":7,""physical_error_rate"":0.0002}","{""detection_events"":3051318,""detectors_checked"":3100733440}"
       768,         0,         0,    3.15,exact_mw,8842ec4fe0f86aba00650008f7f408db45344cfb5a30f76b1f2c0fb50a8d5069,"{""distance"":7,""physical_error_rate"":0.002}","{""detection_events"":4458,""detectors_checked"":462336}"
    258048,         0,         0,    5.96,exact_mw,a6f040f5268ba168f94c6ccce4ff822b1b844608631bba2e2b8dc7ec85b1e503,"{""distance"":7,""physical_error_rate"":0.0002}","{""detection_events"":153158,""detectors_checked"":155344896}"
      1152,         0,         0,    4.63,exact_mw,8842ec4fe0f86aba00650008f7f408db45344cfb5a30f76b1f2c0fb50a8d5069,"{""distance"":7,""physical_error_rate"":0.002}","{""detection_events"":6723,""detectors_checked"":693504}"
      5120,         0,         0,    4.36,exact_mw,fe773c48422346d89ea42b7ea8a90aa3034802874175ef2bfbcd9fbedf677903,"{""distance"":7,""physical_error_rate"":0.001}","{""detection_events"":14971,""detectors_checked"":3082240}"
       512,         0,         0,    2.45,exact_mw,8842ec4fe0f86aba00650008f7f408db45344cfb5a30f76b1f2c0fb50a8d5069,"{""distance"":7,""physical_error_rate"":0.002}","{""detection_events"":3012,""detectors_checked"":308224}"
    142336,         3,         0,   120.9,exact_mw,fe773c48422346d89ea42b7ea8a90aa3034802874175ef2bfbcd9fbedf677903,"{""distance"":7,""physical_error_rate"":0.001}","{""detection_events"":419084,""detectors_checked"":85686272,""obs_mistake_mask=E"":3}"
      4096,         0,         0,    3.55,exact_mw,fe773c48422346d89ea42b7ea8a90aa3034802874175ef2bfbcd9fbedf677903,"{""distance"":7,""physical_error_rate"":0.001}","{""detection_events"":12044,""detectors_checked"":2465792}"
     40960,         0,         0,    6.00,exact_mw,09f626b7d1c8765fd231bc36902f9c5557d3909c4644565b971bdb2bfb186061,"{""distance"":7,""physical_error_rate"":0.0005}","{""detection_events"":59783,""detectors_checked"":24657920}"
    179200,         0,         0,    4.25,exact_mw,a6f040f5268ba168f94c6ccce4ff822b1b844608631bba2e2b8dc7ec85b1e503,"{""distance"":7,""physical_error_rate"":0.0002}","{""detection_events"":106074,""detectors_checked"":107878400}"
      5120,         1,         0,    4.32,exact_mw,fe773c48422346d89ea42b7ea8a90aa3034802874175ef2bfbcd9fbedf677903,"{""distance"":7,""physical_error_rate"":0.001}","{""detection_events"":14898,""detectors_checked"":3082240,""obs_mistake_mask=E"":1}"
     37888,         0,         0,    6.00,exact_mw,09f626b7d1c8765fd231bc36902f9c5557d3909c4644565b971bdb2bfb186061,"{""distance"":7,""physical_error_rate"":0.0005}","{""detection_events"":55203,""detectors_checked"":22808576}"
     44032,         0,         0,    6.05,exact_mw,09f626b7d1c8765fd231bc36902f9c5557d3909c4644565b971bdb2bfb186061,"{""distance"":7,""physical_error_rate"":0.0005}","{""detection_events"":64861,""detectors_checked"":26507264}"
      4704,         1,         0,   123.2,exact_mw,8842ec4fe0f86aba00650008f7f408db45344cfb5a30f76b1f2c0fb50a8d5069,"{""distance"":7,""physical_error_rate"":0.002}","{""detection_events"":27990,""detectors_checked"":2831808,""obs_mistake_mask=E"":1}"
      1152,         0,         0,    4.60,exact_mw,8842ec4fe0f86aba00650008f7f408db45344cfb5a30f76b1f2c0fb50a8d5069,"{""distance"":7,""physical_error_rate"":0.002}","{""detection_events"":6837,""detectors_checked"":693504}"
      1024,         1,         0,    3.79,exact_mw,8842ec4fe0f86aba00650008f7f408db45344cfb5a30f76b1f2c0fb50a8d5069,"{""distance"":7,""physical_error_rate"":0.002}","{""detection_events"":6006,""detectors_checked"":616448,""obs_mistake_mask=E"":1}"
    131328,         3,         0,   120.5,exact_mw,fe773c48422346d89ea42b7ea8a90aa3034802874175ef2bfbcd9fbedf677903,"{""distance"":7,""physical_error_rate"":0.001}","{""detection_events"":387390,""detectors_checked"":79059456,""obs_mistake_mask=E"":3}"
     29440,         7,         0,   120.2,exact_mw,8842ec4fe0f86aba00650008f7f408db45344cfb5a30f76b1f2c0fb50a8d5069,"{""distance"":7,""physical_error_rate"":0.002}","{""detection_events"":172104,""detectors_checked"":17722880,""obs_mistake_mask=E"":7}"
      5120,         0,         0,    4.78,exact_mw,fe773c48422346d89ea42b7ea8a90aa3034802874175ef2bfbcd9fbedf677903,"{""distance"":7,""physical_error_rate"":0.001}","{""detection_events"":15752,""detectors_checked"":3082240}"
      6656,         0,         0,    6.08,exact_mw,fe773c48422346d89ea42b7ea8a90aa3034802874175ef2bfbcd9fbedf677903,"{""distance"":7,""physical_error_rate"":0.001}","{""detection_events"":19616,""detectors_checked"":4006912}"
      1664,         0,         0,    6.53,exact_mw,8842ec4fe0f86aba00650008f7f408db45344cfb5a30f76b1f2c0fb50a8d5069,"{""distance"":7,""physical_error_rate"":0.002}","{""detection_events"":9436,""detectors_checked"":1001728}"
    427008,         0,         0,   120.0,exact_mw,09f626b7d1c8765fd231bc36902f9c5557d3909c4644565b971bdb2bfb186061,"{""distance"":7,""physical_error_rate"":0.0005}","{""detection_events"":634529,""detectors_checked"":257058816}"
    250880,         1,         0,    5.93,exact_mw,a6f040f5268ba168f94c6ccce4ff822b1b844608631bba2e2b8dc7ec85b1e503,"{""distance"":7,""physical_error_rate"":0.0002}","{""detection_events"":149374,""detectors_checked"":151029760,""obs_mistake_mask=E"":1}"
    358400,         0,         0,    8.37,exact_mw,a6f040f5268ba168f94c6ccce4ff822b1b844608631bba2e2b8dc7ec85b1e503,"{""distance"":7,""physical_error_rate"":0.0002}","{""detection_events"":211139,""detectors_checked"":215756800}"
      8192,         0,         0,    6.80,exact_mw,fe773c48422346d89ea42b7ea8a90aa3034802874175ef2bfbcd9fbedf677903,"{""distance"":7,""physical_error_rate"":0.001}","{""detection_events"":24867,""detectors_checked"":4931584}"
      1024,         0,         0,    4.65,exact_mw,8842ec4fe0f86aba00650008f7f408db45344cfb5a30f76b1f2c0fb50a8d5069,"{""distance"":7,""physical_error_rate"":0.002}","{""detection_events"":6013,""detectors_checked"":616448}"
    142848,         2,         0,   120.2,exact_mw,fe773c48422346d89ea42b7ea8a90aa3034802874175ef2bfbcd9fbedf677903,"{""distance"":7,""physical_error_rate"":0.001}","{""detection_events"":422118,""detectors_checked"":85994496,""obs_mistake_mask=E"":2}"
     55296,         0,         0,    8.37,exact_mw,09f626b7d1c8765fd231bc36902f9c5557d3909c4644565b971bdb2bfb186061,"{""distance"":7,""physical_error_rate"":0.0005}","{""detection_events"":82646,""detectors_checked"":33288192}"
   2959360,         0,         0,   119.0,exact_mw,a6f040f5268ba168f94c6ccce4ff822b1b844608631bba2e2b8dc7ec85b1e503,"{""distance"":7,""physical_error_rate"":0.0002}","{""detection_events"":1752946,""detectors_checked"":1781534720}"
      1536,         0,         0,    6.10,exact_mw,8842ec4fe0f86aba00650008f7f408db45344cfb5a30f76b1f2c0fb50a8d5069,"{""distance"":7,""physical_error_rate"":0.002}","{""detection_events"":8821,""detectors_checked"":924672}"
    142336,         3,         0,   120.9,exact_mw,fe773c48422346d89ea42b7ea8a90aa3034802874175ef2bfbcd9fbedf677903,"{""distance"":7,""physical_error_rate"":0.001}","{""detection_events"":419614,""detectors_checked"":85686272,""obs_mistake_mask=E"":3}"
     52224,         0,         0,    8.50,exact_mw,09f626b7d1c8765fd231bc36902f9c5557d3909c4644565b971bdb2bfb186061,"{""distance"":7,""physical_error_rate"":0.0005}","{""detection_events"":77855,""detectors_checked"":31438848}"
     60416,         0,         0,    8.36,exact_mw,09f626b7d1c8765fd231bc36902f9c5557d3909c4644565b971bdb2bfb186061,"{""distance"":7,""physical_error_rate"":0.0005}","{""detection_events"":89007,""detectors_checked"":36370432}"
      8192,         0,         0,    6.35,exact_mw,fe773c48422346d89ea42b7ea8a90aa3034802874175ef2bfbcd9fbedf677903,"{""distance"":7,""physical_error_rate"":0.001}","{""detection_events"":23927,""detectors_checked"":4931584}"
     29952,         3,         0,   120.2,exact_mw,8842ec4fe0f86aba00650008f7f408db45344cfb5a30f76b1f2c0fb50a8d5069,"{""distance"":7,""physical_error_rate"":0.002}","{""detection_events"":175714,""detectors_checked"":18031104,""obs_mistake_mask=E"":3}"
     29568,         5,         0,   120.1,exact_mw,8842ec4fe0f86aba00650008f7f408db45344cfb5a30f76b1f2c0fb50a8d5069,"{""distance"":7,""physical_error_rate"":0.002}","{""detection_events"":173077,""detectors_checked"":17799936,""obs_mistake_mask=E"":5}"
    138752,         0,         0,   120.8,exact_mw,09f626b7d1c8765fd231bc36902f9c5557d3909c4644565b971bdb2bfb186061,"{""distance"":7,""physical_error_rate"":0.0005}","{""detection_events"":205337,""detectors_checked"":83528704}"
      1408,         0,         0,    6.30,exact_mw,8842ec4fe0f86aba00650008f7f408db45344cfb5a30f76b1f2c0fb50a8d5069,"{""distance"":7,""physical_error_rate"":0.002}","{""detection_events"":8219,""detectors_checked"":847616}"
      2176,         1,         0,    8.70,exact_mw,8842ec4fe0f86aba00650008f7f408db45344cfb5a30f76b1f2c0fb50a8d5069,"{""distance"":7,""physical_error_rate"":0.002}","{""detection_events"":12915,""detectors_checked"":1309952,""obs_mistake_mask=E"":1}"
     10240,         0,         0,    9.18,exact_mw,fe773c48422346d89ea42b7ea8a90aa3034802874175ef2bfbcd9fbedf677903,"{""distance"":7,""physical_error_rate"":0.001}","{""detection_events"":30136,""detectors_checked"":6164480}"
    363520,         0,         0,    8.31,exact_mw,a6f040f5268ba168f94c6ccce4ff822b1b844608631bba2e2b8dc7ec85b1e503,"{""distance"":7,""physical_error_rate"":0.0002}","{""detection_events"":214443,""detectors_checked"":218839040}"
     10240,         0,         0,    8.78,exact_mw,fe773c48422346d89ea42b7ea8a90aa3034802874175ef2bfbcd9fbedf677903,"{""distance"":7,""physical_error_rate"":0.001}","{""detection_events"":30516,""detectors_checked"":6164480}"
      1920,         1,         0,    8.70,exact_mw,8842ec4fe0f86aba00650008f7f408db45344cfb5a30f76b1f2c0fb50a8d5069,"{""distance"":7,""physical_error_rate"":0.002}","{""detection_events"":11589,""detectors_checked"":1155840,""obs_mistake_mask=E"":1}"
    455680,         1,         0,    11.6,exact_mw,a6f040f5268ba168f94c6ccce4ff822b1b844608631bba2e2b8dc7ec85b1e503,"{""distance"":7,""physical_error_rate"":0.0002}","{""detection_events"":269281,""detectors_checked"":274319360,""obs_mistake_mask=E"":1}"
     11264,         0,         0,    8.92,exact_mw,fe773c48422346d89ea42b7ea8a90aa3034802874175ef2bfbcd9fbedf677903,"{""distance"":7,""physical_error_rate"":0.001}","{""detection_events"":33537,""detectors_checked"":6780928}"
     67584,         0,         0,    11.7,exact_mw,09f626b7d1c8765fd231bc36902f9c5557d3909c4644565b971bdb2bfb186061,"{""distance"":7,""physical_error_rate"":0.0005}","{""detection_events"":99431,""detectors_checked"":40685568}"
     76800,         0,         0,    11.7,exact_mw,09f626b7d1c8765fd231bc36902f9c5557d3909c4644565b971bdb2bfb186061,"{""distance"":7,""physical_error_rate"":0.0005}","{""detection_events"":114599,""detectors_checked"":46233600}"
     72704,         1,         0,    11.8,exact_mw,09f626b7d1c8765fd231bc36902f9c5557d3909c4644565b971bdb2bfb186061,"{""distance"":7,""physical_error_rate"":0.0005}","{""detection_events"":107649,""detectors_checked"":43767808,""obs_mistake_mask=E"":1}"
      1792,         0,         0,    8.86,exact_mw,8842ec4fe0f86aba00650008f7f408db45344cfb5a30f76b1f2c0fb50a8d5069,"{""distance"":7,""physical_error_rate"":0.002}","{""detection_events"":10359,""detectors_checked"":1078784}"
     29824,         5,         0,   120.2,exact_mw,8842ec4fe0f86aba00650008f7f408db45344cfb5a30f76b1f2c0fb50a8d5069,"{""distance"":7,""physical_error_rate"":0.002}","{""detection_events"":175496,""detectors_checked"":17954048,""obs_mistake_mask=E"":5}"
      2944,         1,         0,    12.0,exact_mw,8842ec4fe0f86aba00650008f7f408db45344cfb5a30f76b1f2c0fb50a8d5069,"{""distance"":7,""physical_error_rate"":0.002}","{""detection_events"":17591,""detectors_checked"":1772288,""obs_mistake_mask=E"":1}"
    486400,         0,         0,    11.6,exact_mw,a6f040f5268ba168f94c6ccce4ff822b1b844608631bba2e2b8dc7ec85b1e503,"{""distance"":7,""physical_error_rate"":0.0002}","{""detection_events"":289258,""detectors_checked"":292812800}"
    150528,         2,         0,   120.5,exact_mw,fe773c48422346d89ea42b7ea8a90aa3034802874175ef2bfbcd9fbedf677903,"{""distance"":7,""physical_error_rate"":0.001}","{""detection_events"":442798,""detectors_checked"":90617856,""obs_mistake_mask=E"":2}"
     14336,         0,         0,    12.3,exact_mw,fe773c48422346d89ea42b7ea8a90aa3034802874175ef2bfbcd9fbedf677903,"{""distance"":7,""physical_error_rate"":0.001}","{""detection_events"":42336,""detectors_checked"":8630272}"
      6976,         0,         0,    64.1,exact_mw,8842ec4fe0f86aba00650008f7f408db45344cfb5a30f76b1f2c0fb50a8d5069,"{""distance"":7,""physical_error_rate"":0.002}","{""detection_events"":40532,""detectors_checked"":4199552}"
     14336,         1,         0,    11.9,exact_mw,fe773c48422346d89ea42b7ea8a90aa3034802874175ef2bfbcd9fbedf677903,"{""distance"":7,""physical_error_rate"":0.001}","{""detection_events"":42218,""detectors_checked"":8630272,""obs_mistake_mask=E"":1}"
     23936,         0,         0,   120.0,exact_mw,fe773c48422346d89ea42b7ea8a90aa3034802874175ef2bfbcd9fbedf677903,"{""distance"":7,""physical_error_rate"":0.001}","{""detection_events"":69556,""detectors_checked"":14409472}"
      2944,         0,         0,    12.0,exact_mw,8842ec4fe0f86aba00650008f7f408db45344cfb5a30f76b1f2c0fb50a8d5069,"{""distance"":7,""physical_error_rate"":0.002}","{""detection_events"":17153,""detectors_checked"":1772288}"
     15360,         0,         0,    12.4,exact_mw,fe773c48422346d89ea42b7ea8a90aa3034802874175ef2bfbcd9fbedf677903,"{""distance"":7,""physical_error_rate"":0.001}","{""detection_events"":45643,""detectors_checked"":9246720}"
     23680,         0,         0,   120.1,exact_mw,fe773c48422346d89ea42b7ea8a90aa3034802874175ef2bfbcd9fbedf677903,"{""distance"":7,""physical_error_rate"":0.001}","{""detection_events"":68399,""detectors_checked"":14255360}"
    580608,         0,         0,    16.3,exact_mw,a6f040f5268ba168f94c6ccce4ff822b1b844608631bba2e2b8dc7ec85b1e503,"{""distance"":7,""physical_error_rate"":0.0002}","{""detection_events"":343179,""detectors_checked"":349526016}"
      2432,         0,         0,    13.5,exact_mw,8842ec4fe0f86aba00650008f7f408db45344cfb5a30f76b1f2c0fb50a8d5069,"{""distance"":7,""physical_error_rate"":0.002}","{""detection_events"":14442,""detectors_checked"":1464064}"
    116736,         0,         0,    16.5,exact_mw,09f626b7d1c8765fd231bc36902f9c5557d3909c4644565b971bdb2bfb186061,"{""distance"":7,""physical_error_rate"":0.0005}","{""detection_events"":173008,""detectors_checked"":70275072}"
   3730432,         0,         0,    87.7,exact_mw,a6f040f5268ba168f94c6ccce4ff822b1b844608631bba2e2b8dc7ec85b1e503,"{""distance"":7,""physical_error_rate"":0.0002}","{""detection_events"":2212945,""detectors_checked"":2245720064}"
    107520,         1,         0,    16.4,exact_mw,09f626b7d1c8765fd231bc36902f9c5557d3909c4644565b971bdb2bfb186061,"{""distance"":7,""physical_error_rate"":0.0005}","{""detection_events"":159863,""detectors_checked"":64727040,""obs_mistake_mask=E"":1}"
   3527680,         0,         0,    87.7,exact_mw,a6f040f5268ba168f94c6ccce4ff822b1b844608631bba2e2b8dc7ec85b1e503,"{""distance"":7,""physical_error_rate"":0.0002}","{""detection_events"":2093996,""detectors_checked"":2123663360}"
     64512,         0,         0,    16.8,exact_mw,09f626b7d1c8765fd231bc36902f9c5557d3909c4644565b971bdb2bfb186061,"{""distance"":7,""physical_error_rate"":0.0005}","{""detection_events"":94360,""detectors_checked"":38836224}"
    559104,         1,         0,    88.2,exact_mw,09f626b7d1c8765fd231bc36902f9c5557d3909c4644565b971bdb2bfb186061,"{""distance"":7,""physical_error_rate"":0.0005}","{""detection_events"":827240,""detectors_checked"":336580608,""obs_mistake_mask=E"":1}"
    610304,         0,         0,    88.2,exact_mw,09f626b7d1c8765fd231bc36902f9c5557d3909c4644565b971bdb2bfb186061,"{""distance"":7,""physical_error_rate"":0.0005}","{""detection_events"":903350,""detectors_checked"":367403008}"
    718848,         0,         0,    16.3,exact_mw,a6f040f5268ba168f94c6ccce4ff822b1b844608631bba2e2b8dc7ec85b1e503,"{""distance"":7,""physical_error_rate"":0.0002}","{""detection_events"":425662,""detectors_checked"":432746496}"
      4224,         1,         0,    16.6,exact_mw,8842ec4fe0f86aba00650008f7f408db45344cfb5a30f76b1f2c0fb50a8d5069,"{""distance"":7,""physical_error_rate"":0.002}","{""detection_events"":24600,""detectors_checked"":2542848,""obs_mistake_mask=E"":1}"
     19456,         0,         0,    16.7,exact_mw,fe773c48422346d89ea42b7ea8a90aa3034802874175ef2bfbcd9fbedf677903,"{""distance"":7,""physical_error_rate"":0.001}","{""detection_events"":57019,""detectors_checked"":11712512}"
     21504,         0,         0,    17.0,exact_mw,fe773c48422346d89ea42b7ea8a90aa3034802874175ef2bfbcd9fbedf677903,"{""distance"":7,""physical_error_rate"":0.001}","{""detection_events"":64033,""detectors_checked"":12945408}"
     21504,         0,         0,    88.3,exact_mw,8842ec4fe0f86aba00650008f7f408db45344cfb5a30f76b1f2c0fb50a8d5069,"{""distance"":7,""physical_error_rate"":0.002}","{""detection_events"":126364,""detectors_checked"":12945408}"
    104960,         2,         0,    89.0,exact_mw,fe773c48422346d89ea42b7ea8a90aa3034802874175ef2bfbcd9fbedf677903,"{""distance"":7,""physical_error_rate"":0.001}","{""detection_events"":307507,""detectors_checked"":63185920,""obs_mistake_mask=E"":2}"
      4480,         0,         0,    16.9,exact_mw,8842ec4fe0f86aba00650008f7f408db45344cfb5a30f76b1f2c0fb50a8d5069,"{""distance"":7,""physical_error_rate"":0.002}","{""detection_events"":27075,""detectors_checked"":2696960}"
    101376,         1,         0,    88.8,exact_mw,fe773c48422346d89ea42b7ea8a90aa3034802874175ef2bfbcd9fbedf677903,"{""distance"":7,""physical_error_rate"":0.001}","{""detection_events"":298266,""detectors_checked"":61028352,""obs_mistake_mask=E"":1}"
     20480,         0,         0,    17.1,exact_mw,fe773c48422346d89ea42b7ea8a90aa3034802874175ef2bfbcd9fbedf677903,"{""distance"":7,""physical_error_rate"":0.001}","{""detection_events"":60522,""detectors_checked"":12328960}"
   5265408,         1,         0,   119.3,exact_mw,a6f040f5268ba168f94c6ccce4ff822b1b844608631bba2e2b8dc7ec85b1e503,"{""distance"":7,""physical_error_rate"":0.0002}","{""detection_events"":3114826,""detectors_checked"":3169775616,""obs_mistake_mask=E"":1}"
   5268480,         4,         0,   119.4,exact_mw,a6f040f5268ba168f94c6ccce4ff822b1b844608631bba2e2b8dc7ec85b1e503,"{""distance"":7,""physical_error_rate"":0.0002}","{""detection_events"":3126001,""detectors_checked"":3171624960,""obs_mistake_mask=E"":4}"
       576,         0,         0,    16.6,exact_mw,8842ec4fe0f86aba00650008f7f408db45344cfb5a30f76b1f2c0fb50a8d5069,"{""distance"":7,""physical_error_rate"":0.002}","{""detection_events"":3403,""detectors_checked"":346752}"
    826368,         3,         0,   120.0,exact_mw,09f626b7d1c8765fd231bc36902f9c5557d3909c4644565b971bdb2bfb186061,"{""distance"":7,""physical_error_rate"":0.0005}","{""detection_events"":1221101,""detectors_checked"":497473536,""obs_mistake_mask=E"":3}"
   1043456,         0,         0,    22.8,exact_mw,a6f040f5268ba168f94c6ccce4ff822b1b844608631bba2e2b8dc7ec85b1e503,"{""distance"":7,""physical_error_rate"":0.0002}","{""detection_events"":616951,""detectors_checked"":628160512}"
    917504,         0,         0,   119.6,exact_mw,a6f040f5268ba168f94c6ccce4ff822b1b844608631bba2e2b8dc7ec85b1e503,"{""distance"":7,""physical_error_rate"":0.0002}","{""detection_events"":544277,""detectors_checked"":552337408}"
   5086208,         1,         0,   119.3,exact_mw,a6f040f5268ba168f94c6ccce4ff822b1b844608631bba2e2b8dc7ec85b1e503,"{""distance"":7,""physical_error_rate"":0.0002}","{""detection_events"":3014158,""detectors_checked"":3061897216,""obs_mistake_mask=E"":1}"
    155648,         0,         0,    22.9,exact_mw,09f626b7d1c8765fd231bc36902f9c5557d3909c4644565b971bdb2bfb186061,"{""distance"":7,""physical_error_rate"":0.0005}","{""detection_events"":229671,""detectors_checked"":93700096}"
    817152,         2,         0,   120.0,exact_mw,09f626b7d1c8765fd231bc36902f9c5557d3909c4644565b971bdb2bfb186061,"{""distance"":7,""physical_error_rate"":0.0005}","{""detection_events"":1207165,""detectors_checked"":491925504,""obs_mistake_mask=E"":2}"
    156672,         0,         0,    23.0,exact_mw,09f626b7d1c8765fd231bc36902f9c5557d3909c4644565b971bdb2bfb186061,"{""distance"":7,""physical_error_rate"":0.0005}","{""detection_events"":230096,""detectors_checked"":94316544}"
    159232,         1,         0,    23.0,exact_mw,09f626b7d1c8765fd231bc36902f9c5557d3909c4644565b971bdb2bfb186061,"{""distance"":7,""physical_error_rate"":0.0005}","{""detection_events"":236336,""detectors_checked"":95857664,""obs_mistake_mask=E"":1}"
   5088256,         0,         0,   119.4,exact_mw,a6f040f5268ba168f94c6ccce4ff822b1b844608631bba2e2b8dc7ec85b1e503,"{""distance"":7,""physical_error_rate"":0.0002}","{""detection_events"":3019088,""detectors_checked"":3063130112}"
    136704,         1,         0,   120.4,exact_mw,09f626b7d1c8765fd231bc36902f9c5557d3909c4644565b971bdb2bfb186061,"{""distance"":7,""physical_error_rate"":0.0005}","{""detection_events"":203184,""detectors_checked"":82295808,""obs_mistake_mask=E"":1}"
    529920,         2,         0,   119.9,exact_mw,09f626b7d1c8765fd231bc36902f9c5557d3909c4644565b971bdb2bfb186061,"{""distance"":7,""physical_error_rate"":0.0005}","{""detection_events"":783965,""detectors_checked"":319011840,""obs_mistake_mask=E"":2}"
    155648,         0,         0,   119.8,exact_mw,09f626b7d1c8765fd231bc36902f9c5557d3909c4644565b971bdb2bfb186061,"{""distance"":7,""physical_error_rate"":0.0005}","{""detection_events"":228801,""detectors_checked"":93700096}"
    783360,         0,         0,   119.9,exact_mw,09f626b7d1c8765fd231bc36902f9c5557d3909c4644565b971bdb2bfb186061,"{""distance"":7,""physical_error_rate"":0.0005}","{""detection_events"":1155048,""detectors_checked"":471582720}"
    965632,         1,         0,    22.8,exact_mw,a6f040f5268ba168f94c6ccce4ff822b1b844608631bba2e2b8dc7ec85b1e503,"{""distance"":7,""physical_error_rate"":0.0002}","{""detection_events"":573431,""detectors_checked"":581310464,""obs_mistake_mask=E"":1}"
      5888,         0,         0,    23.3,exact_mw,8842ec4fe0f86aba00650008f7f408db45344cfb5a30f76b1f2c0fb50a8d5069,"{""distance"":7,""physical_error_rate"":0.002}","{""detection_events"":35272,""detectors_checked"":3544576}"
     27648,         0,         0,    23.3,exact_mw,fe773c48422346d89ea42b7ea8a90aa3034802874175ef2bfbcd9fbedf677903,"{""distance"":7,""physical_error_rate"":0.001}","{""detection_events"":82784,""detectors_checked"":16644096}"
     31616,         5,         0,   120.5,exact_mw,8842ec4fe0f86aba00650008f7f408db45344cfb5a30f76b1f2c0fb50a8d5069,"{""distance"":7,""physical_error_rate"":0.002}","{""detection_events"":184656,""detectors_checked"":19032832,""obs_mistake_mask=E"":5}"
    130560,         1,         0,   121.0,exact_mw,fe773c48422346d89ea42b7ea8a90aa3034802874175ef2bfbcd9fbedf677903,"{""distance"":7,""physical_error_rate"":0.001}","{""detection_events"":383132,""detectors_checked"":78597120,""obs_mistake_mask=E"":1}"
      5200,         1,         0,   120.5,exact_mw,8842ec4fe0f86aba00650008f7f408db45344cfb5a30f76b1f2c0fb50a8d5069,"{""distance"":7,""physical_error_rate"":0.002}","{""detection_events"":30669,""detectors_checked"":3130400,""obs_mistake_mask=E"":1}"
     29696,         1,         0,    23.8,exact_mw,fe773c48422346d89ea42b7ea8a90aa3034802874175ef2bfbcd9fbedf677903,"{""distance"":7,""physical_error_rate"":0.001}","{""detection_events"":87490,""detectors_checked"":17876992,""obs_mistake_mask=E"":1}"
    137216,         0,         0,   120.9,exact_mw,fe773c48422346d89ea42b7ea8a90aa3034802874175ef2bfbcd9fbedf677903,"{""distance"":7,""physical_error_rate"":0.001}","{""detection_events"":403896,""detectors_checked"":82604032}"
       273,         0,         0,   0.023,exact_mw,a6f040f5268ba168f94c6ccce4ff822b1b844608631bba2e2b8dc7ec85b1e503,"{""distance"":7,""physical_error_rate"":0.0002}","{""detection_events"":138,""detectors_checked"":164346}"
      1024,         0,         0,   0.027,exact_mw,a6f040f5268ba168f94c6ccce4ff822b1b844608631bba2e2b8dc7ec85b1e503,"{""distance"":7,""physical_error_rate"":0.0002}","{""detection_events"":558,""detectors_checked"":616448}"
      6400,         3,         0,    23.6,exact_mw,8842ec4fe0f86aba00650008f7f408db45344cfb5a30f76b1f2c0fb50a8d5069,"{""distance"":7,""physical_error_rate"":0.002}","{""detection_events"":37203,""detectors_checked"":3852800,""obs_mistake_mask=E"":3}"
      1024,         0,         0,   0.078,exact_mw,a6f040f5268ba168f94c6ccce4ff822b1b844608631bba2e2b8dc7ec85b1e503,"{""distance"":7,""physical_error_rate"":0.0002}","{""detection_events"":662,""detectors_checked"":616448}"
      1024,         0,         0,   0.045,exact_mw,a6f040f5268ba168f94c6ccce4ff822b1b844608631bba2e2b8dc7ec85b1e503,"{""distance"":7,""physical_error_rate"":0.0002}","{""detection_events"":700,""detectors_checked"":616448}"
      1024,         0,         0,   0.091,exact_mw,a6f040f5268ba168f94c6ccce4ff822b1b844608631bba2e2b8dc7ec85b1e503,"{""distance"":7,""physical_error_rate"":0.0002}","{""detection_events"":637,""detectors_checked"":616448}"
      1024,         0,         0,   0.123,exact_mw,a6f040f5268ba168f94c6ccce4ff822b1b844608631bba2e2b8dc7ec85b1e503,"{""distance"":7,""physical_error_rate"":0.0002}","{""detection_events"":657,""detectors_checked"":616448}"
      3072,         0,         0,   0.087,exact_mw,a6f040f5268ba168f94c6ccce4ff822b1b844608631bba2e2b8dc7ec85b1e503,"{""distance"":7,""physical_error_rate"":0.0002}","{""detection_events"":1684,""detectors_checked"":1849344}"
      2048,         0,         0,   0.156,exact_mw,a6f040f5268ba168f94c6ccce4ff822b1b844608631bba2e2b8dc7ec85b1e503,"{""distance"":7,""physical_error_rate"":0.0002}","{""detection_events"":1217,""detectors_checked"":1232896}"
      3072,         0,         0,   0.281,exact_mw,a6f040f5268ba168f94c6ccce4ff822b1b844608631bba2e2b8dc7ec85b1e503,"{""distance"":7,""physical_error_rate"":0.0002}","{""detection_events"":1963,""detectors_checked"":1849344}"
      3072,         0,         0,   0.225,exact_mw,a6f040f5268ba168f94c6ccce4ff822b1b844608631bba2e2b8dc7ec85b1e503,"{""distance"":7,""physical_error_rate"":0.0002}","{""detection_events"":1813,""detectors_checked"":1849344}"
     31232,         5,         0,   120.9,exact_mw,8842ec4fe0f86aba00650008f7f408db45344cfb5a30f76b1f2c0fb50a8d5069,"{""distance"":7,""physical_error_rate"":0.002}","{""detection_events"":184067,""detectors_checked"":18801664,""obs_mistake_mask=E"":5}"
      5120,         0,         0,   0.361,exact_mw,a6f040f5268ba168f94c6ccce4ff822b1b844608631bba2e2b8dc7ec85b1e503,"{""distance"":7,""physical_error_rate"":0.0002}","{""detection_events"":3132,""detectors_checked"":3082240}"
      6144,         0,         0,   0.601,exact_mw,a6f040f5268ba168f94c6ccce4ff822b1b844608631bba2e2b8dc7ec85b1e503,"{""distance"":7,""physical_error_rate"":0.0002}","{""detection_events"":3586,""detectors_checked"":3698688}"
     28672,         0,         0,    23.5,exact_mw,fe773c48422346d89ea42b7ea8a90aa3034802874175ef2bfbcd9fbedf677903,"{""distance"":7,""physical_error_rate"":0.001}","{""detection_events"":84328,""detectors_checked"":17260544}"
      7168,         0,         0,   0.682,exact_mw,a6f040f5268ba168f94c6ccce4ff822b1b844608631bba2e2b8dc7ec85b1e503,"{""distance"":7,""physical_error_rate"":0.0002}","{""detection_events"":4307,""detectors_checked"":4315136}"
    140800,         4,         0,   120.6,exact_mw,fe773c48422346d89ea42b7ea8a90aa3034802874175ef2bfbcd9fbedf677903,"{""distance"":7,""physical_error_rate"":0.001}","{""detection_events"":416885,""detectors_checked"":84761600,""obs_mistake_mask=E"":4}"
      9216,         0,         0,   0.795,exact_mw,a6f040f5268ba168f94c6ccce4ff822b1b844608631bba2e2b8dc7ec85b1e503,"{""distance"":7,""physical_error_rate"":0.0002}","{""detection_events"":5315,""detectors_checked"":5548032}"
     23584,         6,         0,   120.3,exact_mw,8842ec4fe0f86aba00650008f7f408db45344cfb5a30f76b1f2c0fb50a8d5069,"{""distance"":7,""physical_error_rate"":0.002}","{""detection_events"":137876,""detectors_checked"":14197568,""obs_mistake_mask=E"":6}"
     12288,         0,         0,    1.12,exact_mw,a6f040f5268ba168f94c6ccce4ff822b1b844608631bba2e2b8dc7ec85b1e503,"{""distance"":7,""physical_error_rate"":0.0002}","{""detection_events"":7171,""detectors_checked"":7397376}"
     28672,         8,         0,   120.0,exact_mw,8842ec4fe0f86aba00650008f7f408db45344cfb5a30f76b1f2c0fb50a8d5069,"{""distance"":7,""physical_error_rate"":0.002}","{""detection_events"":166577,""detectors_checked"":17260544,""obs_mistake_mask=E"":8}"
      1920,         1,         0,    23.2,exact_mw,8842ec4fe0f86aba00650008f7f408db45344cfb5a30f76b1f2c0fb50a8d5069,"{""distance"":7,""physical_error_rate"":0.002}","{""detection_events"":11182,""detectors_checked"":1155840,""obs_mistake_mask=E"":1}"
     12288,         0,         0,    1.55,exact_mw,a6f040f5268ba168f94c6ccce4ff822b1b844608631bba2e2b8dc7ec85b1e503,"{""distance"":7,""physical_error_rate"":0.0002}","{""detection_events"":7349,""detectors_checked"":7397376}"
     18432,         0,         0,    2.24,exact_mw,a6f040f5268ba168f94c6ccce4ff822b1b844608631bba2e2b8dc7ec85b1e503,"{""distance"":7,""physical_error_rate"":0.0002}","{""detection_events"":11051,""detectors_checked"":11096064}"
     19456,         1,         0,    3.02,exact_mw,a6f040f5268ba168f94c6ccce4ff822b1b844608631bba2e2b8dc7ec85b1e503,"{""distance"":7,""physical_error_rate"":0.0002}","{""detection_events"":11655,""detectors_checked"":11712512,""obs_mistake_mask=E"":1}"
   4408320,         1,         0,   119.4,exact_mw,a6f040f5268ba168f94c6ccce4ff822b1b844608631bba2e2b8dc7ec85b1e503,"{""distance"":7,""physical_error_rate"":0.0002}","{""detection_events"":2610650,""detectors_checked"":2653808640,""obs_mistake_mask=E"":1}"
     29696,         0,         0,    4.32,exact_mw,a6f040f5268ba168f94c6ccce4ff822b1b844608631bba2e2b8dc7ec85b1e503,"{""distance"":7,""physical_error_rate"":0.0002}","{""detection_events"":17288,""detectors_checked"":17876992}"
     28160,         2,         0,   120.4,exact_mw,8842ec4fe0f86aba00650008f7f408db45344cfb5a30f76b1f2c0fb50a8d5069,"{""distance"":7,""physical_error_rate"":0.002}","{""detection_events"":165885,""detectors_checked"":16952320,""obs_mistake_mask=E"":2}"
   1356800,         0,         0,    31.9,exact_mw,a6f040f5268ba168f94c6ccce4ff822b1b844608631bba2e2b8dc7ec85b1e503,"{""distance"":7,""physical_error_rate"":0.0002}","{""detection_events"":805408,""detectors_checked"":816793600}"
    219136,         0,         0,    32.1,exact_mw,09f626b7d1c8765fd231bc36902f9c5557d3909c4644565b971bdb2bfb186061,"{""distance"":7,""physical_error_rate"":0.0005}","{""detection_events"":325678,""detectors_checked"":131919872}"
     44032,         0,         0,    5.95,exact_mw,a6f040f5268ba168f94c6ccce4ff822b1b844608631bba2e2b8dc7ec85b1e503,"{""distance"":7,""physical_error_rate"":0.0002}","{""detection_events"":26042,""detectors_checked"":26507264}"
    211968,         1,         0,    32.1,exact_mw,09f626b7d1c8765fd231bc36902f9c5557d3909c4644565b971bdb2bfb186061,"{""distance"":7,""physical_error_rate"":0.0005}","{""detection_events"":313676,""detectors_checked"":127604736,""obs_mistake_mask=E"":1}"
     98816,         1,         0,    32.5,exact_mw,09f626b7d1c8765fd231bc36902f9c5557d3909c4644565b971bdb2bfb186061,"{""distance"":7,""physical_error_rate"":0.0005}","{""detection_events"":146825,""detectors_checked"":59487232,""obs_mistake_mask=E"":1}"
   1441792,         0,         0,    32.0,exact_mw,a6f040f5268ba168f94c6ccce4ff822b1b844608631bba2e2b8dc7ec85b1e503,"{""distance"":7,""physical_error_rate"":0.0002}","{""detection_events"":852909,""detectors_checked"":867958784}"
      8064,         1,         0,    32.7,exact_mw,8842ec4fe0f86aba00650008f7f408db45344cfb5a30f76b1f2c0fb50a8d5069,"{""distance"":7,""physical_error_rate"":0.002}","{""detection_events"":47098,""detectors_checked"":4854528,""obs_mistake_mask=E"":1}"
     32256,         1,         0,    32.4,exact_mw,fe773c48422346d89ea42b7ea8a90aa3034802874175ef2bfbcd9fbedf677903,"{""distance"":7,""physical_error_rate"":0.001}","{""detection_events"":94147,""detectors_checked"":19418112,""obs_mistake_mask=E"":1}"
     57344,         0,         0,    8.52,exact_mw,a6f040f5268ba168f94c6ccce4ff822b1b844608631bba2e2b8dc7ec85b1e503,"{""distance"":7,""physical_error_rate"":0.0002}","{""detection_events"":34309,""detectors_checked"":34521088}"
     12928,         0,         0,    32.5,exact_mw,fe773c48422346d89ea42b7ea8a90aa3034802874175ef2bfbcd9fbedf677903,"{""distance"":7,""physical_error_rate"":0.001}","{""detection_events"":37725,""detectors_checked"":7782656}"
      7808,         0,         0,    32.4,exact_mw,8842ec4fe0f86aba00650008f7f408db45344cfb5a30f76b1f2c0fb50a8d5069,"{""distance"":7,""physical_error_rate"":0.002}","{""detection_events"":45739,""detectors_checked"":4700416}"
   2024448,         1,         0,   119.4,exact_mw,a6f040f5268ba168f94c6ccce4ff822b1b844608631bba2e2b8dc7ec85b1e503,"{""distance"":7,""physical_error_rate"":0.0002}","{""detection_events"":1201144,""detectors_checked"":1218717696,""obs_mistake_mask=E"":1}"
     39936,         1,         0,    32.1,exact_mw,fe773c48422346d89ea42b7ea8a90aa3034802874175ef2bfbcd9fbedf677903,"{""distance"":7,""physical_error_rate"":0.001}","{""detection_events"":117803,""detectors_checked"":24041472,""obs_mistake_mask=E"":1}"
    817152,         6,         0,   120.0,exact_mw,09f626b7d1c8765fd231bc36902f9c5557d3909c4644565b971bdb2bfb186061,"{""distance"":7,""physical_error_rate"":0.0005}","{""detection_events"":1206232,""detectors_checked"":491925504,""obs_mistake_mask=E"":6}"
    139264,         5,         0,   120.3,exact_mw,fe773c48422346d89ea42b7ea8a90aa3034802874175ef2bfbcd9fbedf677903,"{""distance"":7,""physical_error_rate"":0.001}","{""detection_events"":409240,""detectors_checked"":83836928,""obs_mistake_mask=E"":5}"
      1568,         0,         0,    33.0,exact_mw,8842ec4fe0f86aba00650008f7f408db45344cfb5a30f76b1f2c0fb50a8d5069,"{""distance"":7,""physical_error_rate"":0.002}","{""detection_events"":9100,""detectors_checked"":943936}"
     84992,         0,         0,    11.8,exact_mw,a6f040f5268ba168f94c6ccce4ff822b1b844608631bba2e2b8dc7ec85b1e503,"{""distance"":7,""physical_error_rate"":0.0002}","{""detection_events"":50108,""detectors_checked"":51165184}"
   5174272,         1,         0,   119.3,exact_mw,a6f040f5268ba168f94c6ccce4ff822b1b844608631bba2e2b8dc7ec85b1e503,"{""distance"":7,""physical_error_rate"":0.0002}","{""detection_events"":3072313,""detectors_checked"":3114911744,""obs_mistake_mask=E"":1}"
    530432,         0,         0,   120.2,exact_mw,09f626b7d1c8765fd231bc36902f9c5557d3909c4644565b971bdb2bfb186061,"{""distance"":7,""physical_error_rate"":0.0005}","{""detection_events"":783034,""detectors_checked"":319320064}"
    551936,         2,         0,   119.9,exact_mw,09f626b7d1c8765fd231bc36902f9c5557d3909c4644565b971bdb2bfb186061,"{""distance"":7,""physical_error_rate"":0.0005}","{""detection_events"":816711,""detectors_checked"":332265472,""obs_mistake_mask=E"":2}"
      7088,         1,         0,    88.4,exact_mw,8842ec4fe0f86aba00650008f7f408db45344cfb5a30f76b1f2c0fb50a8d5069,"{""distance"":7,""physical_error_rate"":0.002}","{""detection_events"":41738,""detectors_checked"":4266976,""obs_mistake_mask=E"":1}"
   5102592,         3,         0,   119.3,exact_mw,a6f040f5268ba168f94c6ccce4ff822b1b844608631bba2e2b8dc7ec85b1e503,"{""distance"":7,""physical_error_rate"":0.0002}","{""detection_events"":3029259,""detectors_checked"":3071760384,""obs_mistake_mask=E"":3}"
   5031936,         0,         0,   119.2,exact_mw,a6f040f5268ba168f94c6ccce4ff822b1b844608631bba2e2b8dc7ec85b1e503,"{""distance"":7,""physical_error_rate"":0.0002}","{""detection_events"":2981631,""detectors_checked"":3029225472}"
    142336,         2,         0,   120.7,exact_mw,fe773c48422346d89ea42b7ea8a90aa3034802874175ef2bfbcd9fbedf677903,"{""distance"":7,""physical_error_rate"":0.001}","{""detection_events"":420043,""detectors_checked"":85686272,""obs_mistake_mask=E"":2}"
     15248,         1,         0,   119.9,exact_mw,8842ec4fe0f86aba00650008f7f408db45344cfb5a30f76b1f2c0fb50a8d5069,"{""distance"":7,""physical_error_rate"":0.002}","{""detection_events"":89132,""detectors_checked"":9179296,""obs_mistake_mask=E"":1}"
    138752,         1,         0,   120.1,exact_mw,fe773c48422346d89ea42b7ea8a90aa3034802874175ef2bfbcd9fbedf677903,"{""distance"":7,""physical_error_rate"":0.001}","{""detection_events"":408295,""detectors_checked"":83528704,""obs_mistake_mask=E"":1}"
     29440,         6,         0,   120.7,exact_mw,8842ec4fe0f86aba00650008f7f408db45344cfb5a30f76b1f2c0fb50a8d5069,"{""distance"":7,""physical_error_rate"":0.002}","{""detection_events"":173229,""detectors_checked"":17722880,""obs_mistake_mask=E"":6}"
    819200,         1,         0,   120.0,exact_mw,09f626b7d1c8765fd231bc36902f9c5557d3909c4644565b971bdb2bfb186061,"{""distance"":7,""physical_error_rate"":0.0005}","{""detection_events"":1213925,""detectors_checked"":493158400,""obs_mistake_mask=E"":1}"
    143360,         6,         0,   120.3,exact_mw,fe773c48422346d89ea42b7ea8a90aa3034802874175ef2bfbcd9fbedf677903,"{""distance"":7,""physical_error_rate"":0.001}","{""detection_events"":422333,""detectors_checked"":86302720,""obs_mistake_mask=E"":6}"
   1588224,         0,         0,   119.6,exact_mw,a6f040f5268ba168f94c6ccce4ff822b1b844608631bba2e2b8dc7ec85b1e503,"{""distance"":7,""physical_error_rate"":0.0002}","{""detection_events"":944420,""detectors_checked"":956110848}"
    113664,         0,         0,    16.6,exact_mw,a6f040f5268ba168f94c6ccce4ff822b1b844608631bba2e2b8dc7ec85b1e503,"{""distance"":7,""physical_error_rate"":0.0002}","{""detection_events"":67722,""detectors_checked"":68425728}"
     84032,         1,         0,   120.0,exact_mw,fe773c48422346d89ea42b7ea8a90aa3034802874175ef2bfbcd9fbedf677903,"{""distance"":7,""physical_error_rate"":0.001}","{""detection_events"":248262,""detectors_checked"":50587264,""obs_mistake_mask=E"":1}"
     29568,         4,         0,   120.0,exact_mw,8842ec4fe0f86aba00650008f7f408db45344cfb5a30f76b1f2c0fb50a8d5069,"{""distance"":7,""physical_error_rate"":0.002}","{""detection_events"":172099,""detectors_checked"":17799936,""obs_mistake_mask=E"":4}"
     29952,         3,         0,   120.6,exact_mw,8842ec4fe0f86aba00650008f7f408db45344cfb5a30f76b1f2c0fb50a8d5069,"{""distance"":7,""physical_error_rate"":0.002}","{""detection_events"":174605,""detectors_checked"":18031104,""obs_mistake_mask=E"":3}"
    321024,         1,         0,   120.0,exact_mw,09f626b7d1c8765fd231bc36902f9c5557d3909c4644565b971bdb2bfb186061,"{""distance"":7,""physical_error_rate"":0.0005}","{""detection_events"":473600,""detectors_checked"":193256448,""obs_mistake_mask=E"":1}"
   2044928,         0,         0,    44.8,exact_mw,a6f040f5268ba168f94c6ccce4ff822b1b844608631bba2e2b8dc7ec85b1e503,"{""distance"":7,""physical_error_rate"":0.0002}","{""detection_events"":1210929,""detectors_checked"":1231046656}"
    312320,         2,         0,    45.0,exact_mw,09f626b7d1c8765fd231bc36902f9c5557d3909c4644565b971bdb2bfb186061,"{""distance"":7,""physical_error_rate"":0.0005}","{""detection_events"":459537,""detectors_checked"":188016640,""obs_mistake_mask=E"":2}"
    321536,         1,         0,    45.1,exact_mw,09f626b7d1c8765fd231bc36902f9c5557d3909c4644565b971bdb2bfb186061,"{""distance"":7,""physical_error_rate"":0.0005}","{""detection_events"":473155,""detectors_checked"":193564672,""obs_mistake_mask=E"":1}"
     44544,         0,         0,    45.2,exact_mw,09f626b7d1c8765fd231bc36902f9c5557d3909c4644565b971bdb2bfb186061,"{""distance"":7,""physical_error_rate"":0.0005}","{""detection_events"":67447,""detectors_checked"":26815488}"
   1896448,         0,         0,    44.7,exact_mw,a6f040f5268ba168f94c6ccce4ff822b1b844608631bba2e2b8dc7ec85b1e503,"{""distance"":7,""physical_error_rate"":0.0002}","{""detection_events"":1125256,""detectors_checked"":1141661696}"
     11520,         3,         0,    45.6,exact_mw,8842ec4fe0f86aba00650008f7f408db45344cfb5a30f76b1f2c0fb50a8d5069,"{""distance"":7,""physical_error_rate"":0.002}","{""detection_events"":67683,""detectors_checked"":6935040,""obs_mistake_mask=E"":3}"
     56320,         1,         0,    45.6,exact_mw,fe773c48422346d89ea42b7ea8a90aa3034802874175ef2bfbcd9fbedf677903,"{""distance"":7,""physical_error_rate"":0.001}","{""detection_events"":167801,""detectors_checked"":33904640,""obs_mistake_mask=E"":1}"
     30976,         5,         0,   120.3,exact_mw,8842ec4fe0f86aba00650008f7f408db45344cfb5a30f76b1f2c0fb50a8d5069,"{""distance"":7,""physical_error_rate"":0.002}","{""detection_events"":180783,""detectors_checked"":18647552,""obs_mistake_mask=E"":5}"
    147456,         0,         0,   120.2,exact_mw,fe773c48422346d89ea42b7ea8a90aa3034802874175ef2bfbcd9fbedf677903,"{""distance"":7,""physical_error_rate"":0.001}","{""detection_events"":434609,""detectors_checked"":88768512}"
      7872,         0,         0,    45.5,exact_mw,fe773c48422346d89ea42b7ea8a90aa3034802874175ef2bfbcd9fbedf677903,"{""distance"":7,""physical_error_rate"":0.001}","{""detection_events"":22934,""detectors_checked"":4738944}"
     11392,         2,         0,    45.4,exact_mw,8842ec4fe0f86aba00650008f7f408db45344cfb5a30f76b1f2c0fb50a8d5069,"{""distance"":7,""physical_error_rate"":0.002}","{""detection_events"":66002,""detectors_checked"":6857984,""obs_mistake_mask=E"":2}"
     24000,         1,         0,   120.2,exact_mw,fe773c48422346d89ea42b7ea8a90aa3034802874175ef2bfbcd9fbedf677903,"{""distance"":7,""physical_error_rate"":0.001}","{""detection_events"":70452,""detectors_checked"":14448000,""obs_mistake_mask=E"":1}"
     55296,         1,         0,    45.1,exact_mw,fe773c48422346d89ea42b7ea8a90aa3034802874175ef2bfbcd9fbedf677903,"{""distance"":7,""physical_error_rate"":0.001}","{""detection_events"":162122,""detectors_checked"":33288192,""obs_mistake_mask=E"":1}"
    149504,         0,         0,    23.0,exact_mw,a6f040f5268ba168f94c6ccce4ff822b1b844608631bba2e2b8dc7ec85b1e503,"{""distance"":7,""physical_error_rate"":0.0002}","{""detection_events"":88761,""detectors_checked"":90001408}"
      1520,         0,         0,    45.3,exact_mw,8842ec4fe0f86aba00650008f7f408db45344cfb5a30f76b1f2c0fb50a8d5069,"{""distance"":7,""physical_error_rate"":0.002}","{""detection_events"":9217,""detectors_checked"":915040}"
    106304,         1,         0,   120.8,exact_mw,fe773c48422346d89ea42b7ea8a90aa3034802874175ef2bfbcd9fbedf677903,"{""distance"":7,""physical_error_rate"":0.001}","{""detection_events"":312873,""detectors_checked"":63995008,""obs_mistake_mask=E"":1}"
   5446656,         1,         0,   119.4,exact_mw,a6f040f5268ba168f94c6ccce4ff822b1b844608631bba2e2b8dc7ec85b1e503,"{""distance"":7,""physical_error_rate"":0.0002}","{""detection_events"":3227353,""detectors_checked"":3278886912,""obs_mistake_mask=E"":1}"
   5086208,         3,         0,   119.3,exact_mw,a6f040f5268ba168f94c6ccce4ff822b1b844608631bba2e2b8dc7ec85b1e503,"{""distance"":7,""physical_error_rate"":0.0002}","{""detection_events"":3020192,""detectors_checked"":3061897216,""obs_mistake_mask=E"":3}"
    785408,         1,         0,   119.9,exact_mw,09f626b7d1c8765fd231bc36902f9c5557d3909c4644565b971bdb2bfb186061,"{""distance"":7,""physical_error_rate"":0.0005}","{""detection_events"":1162189,""detectors_checked"":472815616,""obs_mistake_mask=E"":1}"
    834560,         1,         0,   119.9,exact_mw,09f626b7d1c8765fd231bc36902f9c5557d3909c4644565b971bdb2bfb186061,"{""distance"":7,""physical_error_rate"":0.0005}","{""detection_events"":1231234,""detectors_checked"":502405120,""obs_mistake_mask=E"":1}"
    136704,         3,         0,   120.2,exact_mw,fe773c48422346d89ea42b7ea8a90aa3034802874175ef2bfbcd9fbedf677903,"{""distance"":7,""physical_error_rate"":0.001}","{""detection_events"":403645,""detectors_checked"":82295808,""obs_mistake_mask=E"":3}"
     28928,         6,         0,   120.4,exact_mw,8842ec4fe0f86aba00650008f7f408db45344cfb5a30f76b1f2c0fb50a8d5069,"{""distance"":7,""physical_error_rate"":0.002}","{""detection_events"":168503,""detectors_checked"":17414656,""obs_mistake_mask=E"":6}"
     47808,         1,         0,   120.2,exact_mw,fe773c48422346d89ea42b7ea8a90aa3034802874175ef2bfbcd9fbedf677903,"{""distance"":7,""physical_error_rate"":0.001}","{""detection_events"":141315,""detectors_checked"":28780416,""obs_mistake_mask=E"":1}"
   5371904,         1,         0,   119.4,exact_mw,a6f040f5268ba168f94c6ccce4ff822b1b844608631bba2e2b8dc7ec85b1e503,"{""distance"":7,""physical_error_rate"":0.0002}","{""detection_events"":3187371,""detectors_checked"":3233886208,""obs_mistake_mask=E"":1}"
   5414912,         2,         0,   119.5,exact_mw,a6f040f5268ba168f94c6ccce4ff822b1b844608631bba2e2b8dc7ec85b1e503,"{""distance"":7,""physical_error_rate"":0.0002}","{""detection_events"":3215505,""detectors_checked"":3259777024,""obs_mistake_mask=E"":2}"
    838656,         1,         0,   120.0,exact_mw,09f626b7d1c8765fd231bc36902f9c5557d3909c4644565b971bdb2bfb186061,"{""distance"":7,""physical_error_rate"":0.0005}","{""detection_events"":1240175,""detectors_checked"":504870912,""obs_mistake_mask=E"":1}"
   4827136,         2,         0,   119.1,exact_mw,a6f040f5268ba168f94c6ccce4ff822b1b844608631bba2e2b8dc7ec85b1e503,"{""distance"":7,""physical_error_rate"":0.0002}","{""detection_events"":2854478,""detectors_checked"":2905935872,""obs_mistake_mask=E"":2}"
   4826112,         1,         0,   119.2,exact_mw,a6f040f5268ba168f94c6ccce4ff822b1b844608631bba2e2b8dc7ec85b1e503,"{""distance"":7,""physical_error_rate"":0.0002}","{""detection_events"":2868448,""detectors_checked"":2905319424,""obs_mistake_mask=E"":1}"
    802816,         1,         0,   119.9,exact_mw,09f626b7d1c8765fd231bc36902f9c5557d3909c4644565b971bdb2bfb186061,"{""distance"":7,""physical_error_rate"":0.0005}","{""detection_events"":1186829,""detectors_checked"":483295232,""obs_mistake_mask=E"":1}"
   4987904,         2,         0,   119.3,exact_mw,a6f040f5268ba168f94c6ccce4ff822b1b844608631bba2e2b8dc7ec85b1e503,"{""distance"":7,""physical_error_rate"":0.0002}","{""detection_events"":2953814,""detectors_checked"":3002718208,""obs_mistake_mask=E"":2}"
    719360,         4,         0,   119.9,exact_mw,09f626b7d1c8765fd231bc36902f9c5557d3909c4644565b971bdb2bfb186061,"{""distance"":7,""physical_error_rate"":0.0005}","{""detection_events"":1066694,""detectors_checked"":433054720,""obs_mistake_mask=E"":4}"
    780800,         3,         0,   120.0,exact_mw,09f626b7d1c8765fd231bc36902f9c5557d3909c4644565b971bdb2bfb186061,"{""distance"":7,""physical_error_rate"":0.0005}","{""detection_events"":1153956,""detectors_checked"":470041600,""obs_mistake_mask=E"":3}"
    353280,         0,         0,    32.0,exact_mw,a6f040f5268ba168f94c6ccce4ff822b1b844608631bba2e2b8dc7ec85b1e503,"{""distance"":7,""physical_error_rate"":0.0002}","{""detection_events"":209952,""detectors_checked"":212674560}"
    799744,         4,         0,   119.9,exact_mw,09f626b7d1c8765fd231bc36902f9c5557d3909c4644565b971bdb2bfb186061,"{""distance"":7,""physical_error_rate"":0.0005}","{""detection_events"":1182984,""detectors_checked"":481445888,""obs_mistake_mask=E"":4}"
    772096,         4,         0,   119.9,exact_mw,09f626b7d1c8765fd231bc36902f9c5557d3909c4644565b971bdb2bfb186061,"{""distance"":7,""physical_error_rate"":0.0005}","{""detection_events"":1145037,""detectors_checked"":464801792,""obs_mistake_mask=E"":4}"
      9776,         3,         0,   119.9,exact_mw,8842ec4fe0f86aba00650008f7f408db45344cfb5a30f76b1f2c0fb50a8d5069,"{""distance"":7,""physical_error_rate"":0.002}","{""detection_events"":57380,""detectors_checked"":5885152,""obs_mistake_mask=E"":3}"
     30720,         2,         0,   120.4,exact_mw,8842ec4fe0f86aba00650008f7f408db45344cfb5a30f76b1f2c0fb50a8d5069,"{""distance"":7,""physical_error_rate"":0.002}","{""detection_events"":179572,""detectors_checked"":18493440,""obs_mistake_mask=E"":2}"
    143872,         2,         0,   120.8,exact_mw,fe773c48422346d89ea42b7ea8a90aa3034802874175ef2bfbcd9fbedf677903,"{""distance"":7,""physical_error_rate"":0.001}","{""detection_events"":423568,""detectors_checked"":86610944,""obs_mistake_mask=E"":2}"
     27008,         1,         0,   119.9,exact_mw,fe773c48422346d89ea42b7ea8a90aa3034802874175ef2bfbcd9fbedf677903,"{""distance"":7,""physical_error_rate"":0.001}","{""detection_events"":78983,""detectors_checked"":16258816,""obs_mistake_mask=E"":1}"
     28800,         2,         0,   120.0,exact_mw,8842ec4fe0f86aba00650008f7f408db45344cfb5a30f76b1f2c0fb50a8d5069,"{""distance"":7,""physical_error_rate"":0.002}","{""detection_events"":170140,""detectors_checked"":17337600,""obs_mistake_mask=E"":2}"
    131072,         5,         0,   120.0,exact_mw,fe773c48422346d89ea42b7ea8a90aa3034802874175ef2bfbcd9fbedf677903,"{""distance"":7,""physical_error_rate"":0.001}","{""detection_events"":389449,""detectors_checked"":78905344,""obs_mistake_mask=E"":5}"
     12480,         4,         0,   120.2,exact_mw,8842ec4fe0f86aba00650008f7f408db45344cfb5a30f76b1f2c0fb50a8d5069,"{""distance"":7,""physical_error_rate"":0.002}","{""detection_events"":73137,""detectors_checked"":7512960,""obs_mistake_mask=E"":4}"
     27648,         4,         0,   120.3,exact_mw,8842ec4fe0f86aba00650008f7f408db45344cfb5a30f76b1f2c0fb50a8d5069,"{""distance"":7,""physical_error_rate"":0.002}","{""detection_events"":162625,""detectors_checked"":16644096,""obs_mistake_mask=E"":4}"
   2906112,         0,         0,    62.7,exact_mw,a6f040f5268ba168f94c6ccce4ff822b1b844608631bba2e2b8dc7ec85b1e503,"{""distance"":7,""physical_error_rate"":0.0002}","{""detection_events"":1717376,""detectors_checked"":1749479424}"
    412672,         1,         0,    63.1,exact_mw,09f626b7d1c8765fd231bc36902f9c5557d3909c4644565b971bdb2bfb186061,"{""distance"":7,""physical_error_rate"":0.0005}","{""detection_events"":611166,""detectors_checked"":248428544,""obs_mistake_mask=E"":1}"
    455680,         1,         0,    63.0,exact_mw,09f626b7d1c8765fd231bc36902f9c5557d3909c4644565b971bdb2bfb186061,"{""distance"":7,""physical_error_rate"":0.0005}","{""detection_events"":673192,""detectors_checked"":274319360,""obs_mistake_mask=E"":1}"
     87040,         1,         0,    63.3,exact_mw,09f626b7d1c8765fd231bc36902f9c5557d3909c4644565b971bdb2bfb186061,"{""distance"":7,""physical_error_rate"":0.0005}","{""detection_events"":128117,""detectors_checked"":52398080,""obs_mistake_mask=E"":1}"
   1021952,         0,         0,   119.7,exact_mw,a6f040f5268ba168f94c6ccce4ff822b1b844608631bba2e2b8dc7ec85b1e503,"{""distance"":7,""physical_error_rate"":0.0002}","{""detection_events"":607329,""detectors_checked"":615215104}"
   1617920,         0,         0,    62.5,exact_mw,a6f040f5268ba168f94c6ccce4ff822b1b844608631bba2e2b8dc7ec85b1e503,"{""distance"":7,""physical_error_rate"":0.0002}","{""detection_events"":960797,""detectors_checked"":973987840}"
     16384,         3,         0,    63.3,exact_mw,8842ec4fe0f86aba00650008f7f408db45344cfb5a30f76b1f2c0fb50a8d5069,"{""distance"":7,""physical_error_rate"":0.002}","{""detection_events"":95776,""detectors_checked"":9863168,""obs_mistake_mask=E"":3}"
     79872,         1,         0,    63.3,exact_mw,fe773c48422346d89ea42b7ea8a90aa3034802874175ef2bfbcd9fbedf677903,"{""distance"":7,""physical_error_rate"":0.001}","{""detection_events"":234953,""detectors_checked"":48082944,""obs_mistake_mask=E"":1}"
     28160,         4,         0,   120.0,exact_mw,8842ec4fe0f86aba00650008f7f408db45344cfb5a30f76b1f2c0fb50a8d5069,"{""distance"":7,""physical_error_rate"":0.002}","{""detection_events"":165018,""detectors_checked"":16952320,""obs_mistake_mask=E"":4}"
     62208,         0,         0,    63.7,exact_mw,fe773c48422346d89ea42b7ea8a90aa3034802874175ef2bfbcd9fbedf677903,"{""distance"":7,""physical_error_rate"":0.001}","{""detection_events"":183284,""detectors_checked"":37449216}"
     16128,         6,         0,    63.1,exact_mw,8842ec4fe0f86aba00650008f7f408db45344cfb5a30f76b1f2c0fb50a8d5069,"{""distance"":7,""physical_error_rate"":0.002}","{""detection_events"":95182,""detectors_checked"":9709056,""obs_mistake_mask=E"":6}"
     74240,         2,         0,    63.4,exact_mw,fe773c48422346d89ea42b7ea8a90aa3034802874175ef2bfbcd9fbedf677903,"{""distance"":7,""physical_error_rate"":0.001}","{""detection_events"":217833,""detectors_checked"":44692480,""obs_mistake_mask=E"":2}"
     14256,         2,         0,    63.8,exact_mw,8842ec4fe0f86aba00650008f7f408db45344cfb5a30f76b1f2c0fb50a8d5069,"{""distance"":7,""physical_error_rate"":0.002}","{""detection_events"":83630,""detectors_checked"":8582112,""obs_mistake_mask=E"":2}"
   5406720,         3,         0,   119.3,exact_mw,a6f040f5268ba168f94c6ccce4ff822b1b844608631bba2e2b8dc7ec85b1e503,"{""distance"":7,""physical_error_rate"":0.0002}","{""detection_events"":3204842,""detectors_checked"":3254845440,""obs_mistake_mask=E"":3}"
    821248,         1,         0,   119.9,exact_mw,09f626b7d1c8765fd231bc36902f9c5557d3909c4644565b971bdb2bfb186061,"{""distance"":7,""physical_error_rate"":0.0005}","{""detection_events"":1212777,""detectors_checked"":494391296,""obs_mistake_mask=E"":1}"
    257024,         0,         0,    44.7,exact_mw,a6f040f5268ba168f94c6ccce4ff822b1b844608631bba2e2b8dc7ec85b1e503,"{""distance"":7,""physical_error_rate"":0.0002}","{""detection_events"":152568,""detectors_checked"":154728448}"
     80640,         2,         0,   120.9,exact_mw,fe773c48422346d89ea42b7ea8a90aa3034802874175ef2bfbcd9fbedf677903,"{""distance"":7,""physical_error_rate"":0.001}","{""detection_events"":237181,""detectors_checked"":48545280,""obs_mistake_mask=E"":2}"
   2539520,         0,         0,   119.4,exact_mw,a6f040f5268ba168f94c6ccce4ff822b1b844608631bba2e2b8dc7ec85b1e503,"{""distance"":7,""physical_error_rate"":0.0002}","{""detection_events"":1508094,""detectors_checked"":1528791040}"
    576000,         3,         0,   119.9,exact_mw,09f626b7d1c8765fd231bc36902f9c5557d3909c4644565b971bdb2bfb186061,"{""distance"":7,""physical_error_rate"":0.0005}","{""detection_events"":850861,""detectors_checked"":346752000,""obs_mistake_mask=E"":3}"
    386048,         2,         0,   120.0,exact_mw,09f626b7d1c8765fd231bc36902f9c5557d3909c4644565b971bdb2bfb186061,"{""distance"":7,""physical_error_rate"":0.0005}","{""detection_events"":576232,""detectors_checked"":232400896,""obs_mistake_mask=E"":2}"
   5469184,         3,         0,   119.4,exact_mw,a6f040f5268ba168f94c6ccce4ff822b1b844608631bba2e2b8dc7ec85b1e503,"{""distance"":7,""physical_error_rate"":0.0002}","{""detection_events"":3243952,""detectors_checked"":3292448768,""obs_mistake_mask=E"":3}"
   5471232,         1,         0,   119.2,exact_mw,a6f040f5268ba168f94c6ccce4ff822b1b844608631bba2e2b8dc7ec85b1e503,"{""distance"":7,""physical_error_rate"":0.0002}","{""detection_events"":3237209,""detectors_checked"":3293681664,""obs_mistake_mask=E"":1}"
      9616,         1,         0,   121.2,exact_mw,8842ec4fe0f86aba00650008f7f408db45344cfb5a30f76b1f2c0fb50a8d5069,"{""distance"":7,""physical_error_rate"":0.002}","{""detection_events"":56679,""detectors_checked"":5788832,""obs_mistake_mask=E"":1}"
    144384,         7,         0,   120.6,exact_mw,fe773c48422346d89ea42b7ea8a90aa3034802874175ef2bfbcd9fbedf677903,"{""distance"":7,""physical_error_rate"":0.001}","{""detection_events"":424856,""detectors_checked"":86919168,""obs_mistake_mask=E"":7}"
     31360,         6,         0,   120.6,exact_mw,8842ec4fe0f86aba00650008f7f408db45344cfb5a30f76b1f2c0fb50a8d5069,"{""distance"":7,""physical_error_rate"":0.002}","{""detection_events"":184918,""detectors_checked"":18878720,""obs_mistake_mask=E"":6}"
    148480,         2,         0,   120.7,exact_mw,fe773c48422346d89ea42b7ea8a90aa3034802874175ef2bfbcd9fbedf677903,"{""distance"":7,""physical_error_rate"":0.001}","{""detection_events"":436218,""detectors_checked"":89384960,""obs_mistake_mask=E"":2}"
     30336,         6,         0,   120.5,exact_mw,8842ec4fe0f86aba00650008f7f408db45344cfb5a30f76b1f2c0fb50a8d5069,"{""distance"":7,""physical_error_rate"":0.002}","{""detection_events"":178603,""detectors_checked"":18262272,""obs_mistake_mask=E"":6}"
    434688,         4,         0,   120.3,exact_mw,09f626b7d1c8765fd231bc36902f9c5557d3909c4644565b971bdb2bfb186061,"{""distance"":7,""physical_error_rate"":0.0005}","{""detection_events"":640809,""detectors_checked"":261682176,""obs_mistake_mask=E"":4}"
   1705984,         1,         0,   119.5,exact_mw,a6f040f5268ba168f94c6ccce4ff822b1b844608631bba2e2b8dc7ec85b1e503,"{""distance"":7,""physical_error_rate"":0.0002}","{""detection_events"":1011648,""detectors_checked"":1027002368,""obs_mistake_mask=E"":1}"
    132608,         5,         0,   120.5,exact_mw,fe773c48422346d89ea42b7ea8a90aa3034802874175ef2bfbcd9fbedf677903,"{""distance"":7,""physical_error_rate"":0.001}","{""detection_events"":391522,""detectors_checked"":79830016,""obs_mistake_mask=E"":5}"
     25664,         1,         0,   122.3,exact_mw,fe773c48422346d89ea42b7ea8a90aa3034802874175ef2bfbcd9fbedf677903,"{""distance"":7,""physical_error_rate"":0.001}","{""detection_events"":76045,""detectors_checked"":15449728,""obs_mistake_mask=E"":1}"
     29696,         3,         0,   120.1,exact_mw,8842ec4fe0f86aba00650008f7f408db45344cfb5a30f76b1f2c0fb50a8d5069,"{""distance"":7,""physical_error_rate"":0.002}","{""detection_events"":173734,""detectors_checked"":17876992,""obs_mistake_mask=E"":3}"
    831488,         4,         0,   119.9,exact_mw,09f626b7d1c8765fd231bc36902f9c5557d3909c4644565b971bdb2bfb186061,"{""distance"":7,""physical_error_rate"":0.0005}","{""detection_events"":1230514,""detectors_checked"":500555776,""obs_mistake_mask=E"":4}"
     10352,         1,         0,   120.7,exact_mw,8842ec4fe0f86aba00650008f7f408db45344cfb5a30f76b1f2c0fb50a8d5069,"{""distance"":7,""physical_error_rate"":0.002}","{""detection_events"":60874,""detectors_checked"":6231904,""obs_mistake_mask=E"":1}"
     30464,         7,         0,   120.3,exact_mw,8842ec4fe0f86aba00650008f7f408db45344cfb5a30f76b1f2c0fb50a8d5069,"{""distance"":7,""physical_error_rate"":0.002}","{""detection_events"":178075,""detectors_checked"":18339328,""obs_mistake_mask=E"":7}"
    149504,         1,         0,   120.7,exact_mw,fe773c48422346d89ea42b7ea8a90aa3034802874175ef2bfbcd9fbedf677903,"{""distance"":7,""physical_error_rate"":0.001}","{""detection_events"":440938,""detectors_checked"":90001408,""obs_mistake_mask=E"":1}"
    130304,         4,         0,   120.7,exact_mw,fe773c48422346d89ea42b7ea8a90aa3034802874175ef2bfbcd9fbedf677903,"{""distance"":7,""physical_error_rate"":0.001}","{""detection_events"":384393,""detectors_checked"":78443008,""obs_mistake_mask=E"":4}"
    144384,         2,         0,   120.3,exact_mw,fe773c48422346d89ea42b7ea8a90aa3034802874175ef2bfbcd9fbedf677903,"{""distance"":7,""physical_error_rate"":0.001}","{""detection_events"":425336,""detectors_checked"":86919168,""obs_mistake_mask=E"":2}"
   5426176,         1,         0,   119.2,exact_mw,a6f040f5268ba168f94c6ccce4ff822b1b844608631bba2e2b8dc7ec85b1e503,"{""distance"":7,""physical_error_rate"":0.0002}","{""detection_events"":3212900,""detectors_checked"":3266557952,""obs_mistake_mask=E"":1}"
    826368,         0,         0,   119.6,exact_mw,a6f040f5268ba168f94c6ccce4ff822b1b844608631bba2e2b8dc7ec85b1e503,"{""distance"":7,""physical_error_rate"":0.0002}","{""detection_events"":492615,""detectors_checked"":497473536}"
    827392,         2,         0,   119.9,exact_mw,09f626b7d1c8765fd231bc36902f9c5557d3909c4644565b971bdb2bfb186061,"{""distance"":7,""physical_error_rate"":0.0005}","{""detection_events"":1222443,""detectors_checked"":498089984,""obs_mistake_mask=E"":2}"
    843776,         2,         0,   120.0,exact_mw,09f626b7d1c8765fd231bc36902f9c5557d3909c4644565b971bdb2bfb186061,"{""distance"":7,""physical_error_rate"":0.0005}","{""detection_events"":1247026,""detectors_checked"":507953152,""obs_mistake_mask=E"":2}"
   3905536,         1,         0,    87.8,exact_mw,a6f040f5268ba168f94c6ccce4ff822b1b844608631bba2e2b8dc7ec85b1e503,"{""distance"":7,""physical_error_rate"":0.0002}","{""detection_events"":2324441,""detectors_checked"":2351132672,""obs_mistake_mask=E"":1}"
     30336,         8,         0,   120.2,exact_mw,8842ec4fe0f86aba00650008f7f408db45344cfb5a30f76b1f2c0fb50a8d5069,"{""distance"":7,""physical_error_rate"":0.002}","{""detection_events"":177057,""detectors_checked"":18262272,""obs_mistake_mask=E"":8}"
    144896,         6,         0,   120.5,exact_mw,fe773c48422346d89ea42b7ea8a90aa3034802874175ef2bfbcd9fbedf677903,"{""distance"":7,""physical_error_rate"":0.001}","{""detection_events"":427413,""detectors_checked"":87227392,""obs_mistake_mask=E"":6}"
    636928,         5,         0,    88.1,exact_mw,09f626b7d1c8765fd231bc36902f9c5557d3909c4644565b971bdb2bfb186061,"{""distance"":7,""physical_error_rate"":0.0005}","{""detection_events"":940739,""detectors_checked"":383430656,""obs_mistake_mask=E"":5}"
     20352,         1,         0,   120.0,exact_mw,fe773c48422346d89ea42b7ea8a90aa3034802874175ef2bfbcd9fbedf677903,"{""distance"":7,""physical_error_rate"":0.001}","{""detection_events"":60085,""detectors_checked"":12251904,""obs_mistake_mask=E"":1}"
    605184,         0,         0,    88.3,exact_mw,09f626b7d1c8765fd231bc36902f9c5557d3909c4644565b971bdb2bfb186061,"{""distance"":7,""physical_error_rate"":0.0005}","{""detection_events"":898785,""detectors_checked"":364320768}"
   5513216,         0,         0,   119.3,exact_mw,a6f040f5268ba168f94c6ccce4ff822b1b844608631bba2e2b8dc7ec85b1e503,"{""distance"":7,""physical_error_rate"":0.0002}","{""detection_events"":3268756,""detectors_checked"":3318956032}"
     84480,         0,         0,    88.9,exact_mw,09f626b7d1c8765fd231bc36902f9c5557d3909c4644565b971bdb2bfb186061,"{""distance"":7,""physical_error_rate"":0.0005}","{""detection_events"":123263,""detectors_checked"":50856960}"
   5373952,         2,         0,   119.3,exact_mw,a6f040f5268ba168f94c6ccce4ff822b1b844608631bba2e2b8dc7ec85b1e503,"{""distance"":7,""physical_error_rate"":0.0002}","{""detection_events"":3191026,""detectors_checked"":3235119104,""obs_mistake_mask=E"":2}"
    386048,         0,         0,    62.7,exact_mw,a6f040f5268ba168f94c6ccce4ff822b1b844608631bba2e2b8dc7ec85b1e503,"{""distance"":7,""physical_error_rate"":0.0002}","{""detection_events"":229770,""detectors_checked"":232400896}"
    526336,         0,         0,    88.1,exact_mw,a6f040f5268ba168f94c6ccce4ff822b1b844608631bba2e2b8dc7ec85b1e503,"{""distance"":7,""physical_error_rate"":0.0002}","{""detection_events"":312622,""detectors_checked"":316854272}"
    845824,         2,         0,   120.0,exact_mw,09f626b7d1c8765fd231bc36902f9c5557d3909c4644565b971bdb2bfb186061,"{""distance"":7,""physical_error_rate"":0.0005}","{""detection_events"":1247734,""detectors_checked"":509186048,""obs_mistake_mask=E"":2}"
    108544,         1,         0,    88.5,exact_mw,fe773c48422346d89ea42b7ea8a90aa3034802874175ef2bfbcd9fbedf677903,"{""distance"":7,""physical_error_rate"":0.001}","{""detection_events"":320188,""detectors_checked"":65343488,""obs_mistake_mask=E"":1}"
     23552,         7,         0,    89.3,exact_mw,8842ec4fe0f86aba00650008f7f408db45344cfb5a30f76b1f2c0fb50a8d5069,"{""distance"":7,""physical_error_rate"":0.002}","{""detection_events"":136578,""detectors_checked"":14178304,""obs_mistake_mask=E"":7}"
   2675712,         0,         0,   119.4,exact_mw,a6f040f5268ba168f94c6ccce4ff822b1b844608631bba2e2b8dc7ec85b1e503,"{""distance"":7,""physical_error_rate"":0.0002}","{""detection_events"":1587437,""detectors_checked"":1610778624}"
   5422080,         2,         0,   119.3,exact_mw,a6f040f5268ba168f94c6ccce4ff822b1b844608631bba2e2b8dc7ec85b1e503,"{""distance"":7,""physical_error_rate"":0.0002}","{""detection_events"":3219787,""detectors_checked"":3264092160,""obs_mistake_mask=E"":2}"
     23680,         5,         0,    88.6,exact_mw,8842ec4fe0f86aba00650008f7f408db45344cfb5a30f76b1f2c0fb50a8d5069,"{""distance"":7,""physical_error_rate"":0.002}","{""detection_events"":138812,""detectors_checked"":14255360,""obs_mistake_mask=E"":5}"
    109568,         4,         0,    88.9,exact_mw,fe773c48422346d89ea42b7ea8a90aa3034802874175ef2bfbcd9fbedf677903,"{""distance"":7,""physical_error_rate"":0.001}","{""detection_events"":322585,""detectors_checked"":65959936,""obs_mistake_mask=E"":4}"
    852992,         2,         0,   120.0,exact_mw,09f626b7d1c8765fd231bc36902f9c5557d3909c4644565b971bdb2bfb186061,"{""distance"":7,""physical_error_rate"":0.0005}","{""detection_events"":1260815,""detectors_checked"":513501184,""obs_mistake_mask=E"":2}"
    110592,         2,         0,    88.6,exact_mw,fe773c48422346d89ea42b7ea8a90aa3034802874175ef2bfbcd9fbedf677903,"{""distance"":7,""physical_error_rate"":0.001}","{""detection_events"":325950,""detectors_checked"":66576384,""obs_mistake_mask=E"":2}"
   5405696,         4,         0,   119.3,exact_mw,a6f040f5268ba168f94c6ccce4ff822b1b844608631bba2e2b8dc7ec85b1e503,"{""distance"":7,""physical_error_rate"":0.0002}","{""detection_events"":3201308,""detectors_checked"":3254228992,""obs_mistake_mask=E"":4}"
    825344,         2,         0,   120.0,exact_mw,09f626b7d1c8765fd231bc36902f9c5557d3909c4644565b971bdb2bfb186061,"{""distance"":7,""physical_error_rate"":0.0005}","{""detection_events"":1220725,""detectors_checked"":496857088,""obs_mistake_mask=E"":2}"
    844800,         3,         0,   120.1,exact_mw,09f626b7d1c8765fd231bc36902f9c5557d3909c4644565b971bdb2bfb186061,"{""distance"":7,""physical_error_rate"":0.0005}","{""detection_events"":1248700,""detectors_checked"":508569600,""obs_mistake_mask=E"":3}"
    833536,         3,         0,   119.9,exact_mw,09f626b7d1c8765fd231bc36902f9c5557d3909c4644565b971bdb2bfb186061,"{""distance"":7,""physical_error_rate"":0.0005}","{""detection_events"":1236163,""detectors_checked"":501788672,""obs_mistake_mask=E"":3}"
    845824,         2,         0,   119.9,exact_mw,09f626b7d1c8765fd231bc36902f9c5557d3909c4644565b971bdb2bfb186061,"{""distance"":7,""physical_error_rate"":0.0005}","{""detection_events"":1253833,""detectors_checked"":509186048,""obs_mistake_mask=E"":2}"
     22528,         4,         0,    88.7,exact_mw,8842ec4fe0f86aba00650008f7f408db45344cfb5a30f76b1f2c0fb50a8d5069,"{""distance"":7,""physical_error_rate"":0.002}","{""detection_events"":131887,""detectors_checked"":13561856,""obs_mistake_mask=E"":4}"
     31232,         6,         0,   120.0,exact_mw,8842ec4fe0f86aba00650008f7f408db45344cfb5a30f76b1f2c0fb50a8d5069,"{""distance"":7,""physical_error_rate"":0.002}","{""detection_events"":183165,""detectors_checked"":18801664,""obs_mistake_mask=E"":6}"
     31104,         3,         0,   120.2,exact_mw,8842ec4fe0f86aba00650008f7f408db45344cfb5a30f76b1f2c0fb50a8d5069,"{""distance"":7,""physical_error_rate"":0.002}","{""detection_events"":181613,""detectors_checked"":18724608,""obs_mistake_mask=E"":3}"
    145408,         4,         0,   120.2,exact_mw,fe773c48422346d89ea42b7ea8a90aa3034802874175ef2bfbcd9fbedf677903,"{""distance"":7,""physical_error_rate"":0.001}","{""detection_events"":428049,""detectors_checked"":87535616,""obs_mistake_mask=E"":4}"
     19136,         1,         0,   120.3,exact_mw,fe773c48422346d89ea42b7ea8a90aa3034802874175ef2bfbcd9fbedf677903,"{""distance"":7,""physical_error_rate"":0.001}","{""detection_events"":56991,""detectors_checked"":11519872,""obs_mistake_mask=E"":1}"
     32000,         8,         0,   120.3,exact_mw,8842ec4fe0f86aba00650008f7f408db45344cfb5a30f76b1f2c0fb50a8d5069,"{""distance"":7,""physical_error_rate"":0.002}","{""detection_events"":186964,""detectors_checked"":19264000,""obs_mistake_mask=E"":8}"
    147968,         1,         0,   120.0,exact_mw,fe773c48422346d89ea42b7ea8a90aa3034802874175ef2bfbcd9fbedf677903,"{""distance"":7,""physical_error_rate"":0.001}","{""detection_events"":439815,""detectors_checked"":89076736,""obs_mistake_mask=E"":1}"
     30848,         5,         0,   120.9,exact_mw,8842ec4fe0f86aba00650008f7f408db45344cfb5a30f76b1f2c0fb50a8d5069,"{""distance"":7,""physical_error_rate"":0.002}","{""detection_events"":181370,""detectors_checked"":18570496,""obs_mistake_mask=E"":5}"
     31232,         5,         0,   120.2,exact_mw,8842ec4fe0f86aba00650008f7f408db45344cfb5a30f76b1f2c0fb50a8d5069,"{""distance"":7,""physical_error_rate"":0.002}","{""detection_events"":182149,""detectors_checked"":18801664,""obs_mistake_mask=E"":5}"
    742400,         0,         0,   119.1,exact_mw,a6f040f5268ba168f94c6ccce4ff822b1b844608631bba2e2b8dc7ec85b1e503,"{""distance"":7,""physical_error_rate"":0.0002}","{""detection_events"":438481,""detectors_checked"":446924800}"
     30720,         3,         0,   120.3,exact_mw,8842ec4fe0f86aba00650008f7f408db45344cfb5a30f76b1f2c0fb50a8d5069,"{""distance"":7,""physical_error_rate"":0.002}","{""detection_events"":181269,""detectors_checked"":18493440,""obs_mistake_mask=E"":3}"
   4323328,         2,         0,   119.4,exact_mw,a6f040f5268ba168f94c6ccce4ff822b1b844608631bba2e2b8dc7ec85b1e503,"{""distance"":7,""physical_error_rate"":0.0002}","{""detection_events"":2560081,""detectors_checked"":2602643456,""obs_mistake_mask=E"":2}"
    827392,         2,         0,   119.9,exact_mw,09f626b7d1c8765fd231bc36902f9c5557d3909c4644565b971bdb2bfb186061,"{""distance"":7,""physical_error_rate"":0.0005}","{""detection_events"":1224393,""detectors_checked"":498089984,""obs_mistake_mask=E"":2}"
     23040,         1,         0,   120.2,exact_mw,fe773c48422346d89ea42b7ea8a90aa3034802874175ef2bfbcd9fbedf677903,"{""distance"":7,""physical_error_rate"":0.001}","{""detection_events"":68265,""detectors_checked"":13870080,""obs_mistake_mask=E"":1}"
   2875392,         2,         0,   119.2,exact_mw,a6f040f5268ba168f94c6ccce4ff822b1b844608631bba2e2b8dc7ec85b1e503,"{""distance"":7,""physical_error_rate"":0.0002}","{""detection_events"":1708103,""detectors_checked"":1730985984,""obs_mistake_mask=E"":2}"
    642048,         2,         0,   119.9,exact_mw,09f626b7d1c8765fd231bc36902f9c5557d3909c4644565b971bdb2bfb186061,"{""distance"":7,""physical_error_rate"":0.0005}","{""detection_events"":952037,""detectors_checked"":386512896,""obs_mistake_mask=E"":2}"
    333312,         0,         0,   120.0,exact_mw,09f626b7d1c8765fd231bc36902f9c5557d3909c4644565b971bdb2bfb186061,"{""distance"":7,""physical_error_rate"":0.0005}","{""detection_events"":494731,""detectors_checked"":200653824}"
   5131264,         1,         0,   119.3,exact_mw,a6f040f5268ba168f94c6ccce4ff822b1b844608631bba2e2b8dc7ec85b1e503,"{""distance"":7,""physical_error_rate"":0.0002}","{""detection_events"":3041209,""detectors_checked"":3089020928,""obs_mistake_mask=E"":1}"
   4803584,         0,         0,   119.4,exact_mw,a6f040f5268ba168f94c6ccce4ff822b1b844608631bba2e2b8dc7ec85b1e503,"{""distance"":7,""physical_error_rate"":0.0002}","{""detection_events"":2846592,""detectors_checked"":2891757568}"
     10272,         2,         0,   120.0,exact_mw,8842ec4fe0f86aba00650008f7f408db45344cfb5a30f76b1f2c0fb50a8d5069,"{""distance"":7,""physical_error_rate"":0.002}","{""detection_events"":60987,""detectors_checked"":6183744,""obs_mistake_mask=E"":2}"
    147456,         4,         0,   120.2,exact_mw,fe773c48422346d89ea42b7ea8a90aa3034802874175ef2bfbcd9fbedf677903,"{""distance"":7,""physical_error_rate"":0.001}","{""detection_events"":433062,""detectors_checked"":88768512,""obs_mistake_mask=E"":4}"
     24784,         1,         0,   120.1,exact_mw,8842ec4fe0f86aba00650008f7f408db45344cfb5a30f76b1f2c0fb50a8d5069,"{""distance"":7,""physical_error_rate"":0.002}","{""detection_events"":144630,""detectors_checked"":14919968,""obs_mistake_mask=E"":1}"
    134144,         8,         0,   120.4,exact_mw,fe773c48422346d89ea42b7ea8a90aa3034802874175ef2bfbcd9fbedf677903,"{""distance"":7,""physical_error_rate"":0.001}","{""detection_events"":395457,""detectors_checked"":80754688,""obs_mistake_mask=E"":8}"
     28800,         4,         0,   120.0,exact_mw,8842ec4fe0f86aba00650008f7f408db45344cfb5a30f76b1f2c0fb50a8d5069,"{""distance"":7,""physical_error_rate"":0.002}","{""detection_events"":169939,""detectors_checked"":17337600,""obs_mistake_mask=E"":4}"
    267264,         0,         0,   119.9,exact_mw,09f626b7d1c8765fd231bc36902f9c5557d3909c4644565b971bdb2bfb186061,"{""distance"":7,""physical_error_rate"":0.0005}","{""detection_events"":394962,""detectors_checked"":160892928}"
   2092032,         1,         0,   119.3,exact_mw,a6f040f5268ba168f94c6ccce4ff822b1b844608631bba2e2b8dc7ec85b1e503,"{""distance"":7,""physical_error_rate"":0.0002}","{""detection_events"":1238571,""detectors_checked"":1259403264,""obs_mistake_mask=E"":1}"
    145408,         6,         0,   120.6,exact_mw,fe773c48422346d89ea42b7ea8a90aa3034802874175ef2bfbcd9fbedf677903,"{""distance"":7,""physical_error_rate"":0.001}","{""detection_events"":427302,""detectors_checked"":87535616,""obs_mistake_mask=E"":6}"
     69312,         3,         0,   120.3,exact_mw,fe773c48422346d89ea42b7ea8a90aa3034802874175ef2bfbcd9fbedf677903,"{""distance"":7,""physical_error_rate"":0.001}","{""detection_events"":206071,""detectors_checked"":41725824,""obs_mistake_mask=E"":3}"
     28672,        11,         0,   120.0,exact_mw,8842ec4fe0f86aba00650008f7f408db45344cfb5a30f76b1f2c0fb50a8d5069,"{""distance"":7,""physical_error_rate"":0.002}","{""detection_events"":169312,""detectors_checked"":17260544,""obs_mistake_mask=E"":11}"
     10528,         1,         0,   119.9,exact_mw,8842ec4fe0f86aba00650008f7f408db45344cfb5a30f76b1f2c0fb50a8d5069,"{""distance"":7,""physical_error_rate"":0.002}","{""detection_events"":61775,""detectors_checked"":6337856,""obs_mistake_mask=E"":1}"
    511488,         2,         0,   120.8,exact_mw,09f626b7d1c8765fd231bc36902f9c5557d3909c4644565b971bdb2bfb186061,"{""distance"":7,""physical_error_rate"":0.0005}","{""detection_events"":757406,""detectors_checked"":307915776,""obs_mistake_mask=E"":2}"
    670275,         0,         0,    16.8,exact_mw,a6f040f5268ba168f94c6ccce4ff822b1b844608631bba2e2b8dc7ec85b1e503,"{""distance"":7,""physical_error_rate"":0.0002}","{""detection_events"":396535,""detectors_checked"":403505550}"
    829440,         1,         0,    87.9,exact_mw,a6f040f5268ba168f94c6ccce4ff822b1b844608631bba2e2b8dc7ec85b1e503,"{""distance"":7,""physical_error_rate"":0.0002}","{""detection_events"":491906,""detectors_checked"":499322880,""obs_mistake_mask=E"":1}"
     30976,         6,         0,   120.2,exact_mw,8842ec4fe0f86aba00650008f7f408db45344cfb5a30f76b1f2c0fb50a8d5069,"{""distance"":7,""physical_error_rate"":0.002}","{""detection_events"":181483,""detectors_checked"":18647552,""obs_mistake_mask=E"":6}"
    147968,         1,         0,   120.6,exact_mw,fe773c48422346d89ea42b7ea8a90aa3034802874175ef2bfbcd9fbedf677903,"{""distance"":7,""physical_error_rate"":0.001}","{""detection_events"":435367,""detectors_checked"":89076736,""obs_mistake_mask=E"":1}"
    131072,         2,         0,   120.2,exact_mw,fe773c48422346d89ea42b7ea8a90aa3034802874175ef2bfbcd9fbedf677903,"{""distance"":7,""physical_error_rate"":0.001}","{""detection_events"":385930,""detectors_checked"":78905344,""obs_mistake_mask=E"":2}"
    118656,         1,         0,   120.9,exact_mw,fe773c48422346d89ea42b7ea8a90aa3034802874175ef2bfbcd9fbedf677903,"{""distance"":7,""physical_error_rate"":0.001}","{""detection_events"":351314,""detectors_checked"":71430912,""obs_mistake_mask=E"":1}"
   4890624,         2,         0,   119.3,exact_mw,a6f040f5268ba168f94c6ccce4ff822b1b844608631bba2e2b8dc7ec85b1e503,"{""distance"":7,""physical_error_rate"":0.0002}","{""detection_events"":2897268,""detectors_checked"":2944155648,""obs_mistake_mask=E"":2}"
   1740800,         0,         0,   119.4,exact_mw,a6f040f5268ba168f94c6ccce4ff822b1b844608631bba2e2b8dc7ec85b1e503,"{""distance"":7,""physical_error_rate"":0.0002}","{""detection_events"":1032703,""detectors_checked"":1047961600}"
    789504,         2,         0,   119.9,exact_mw,09f626b7d1c8765fd231bc36902f9c5557d3909c4644565b971bdb2bfb186061,"{""distance"":7,""physical_error_rate"":0.0005}","{""detection_events"":1167829,""detectors_checked"":475281408,""obs_mistake_mask=E"":2}"
    643072,         2,         0,   120.2,exact_mw,09f626b7d1c8765fd231bc36902f9c5557d3909c4644565b971bdb2bfb186061,"{""distance"":7,""physical_error_rate"":0.0005}","{""detection_events"":950298,""detectors_checked"":387129344,""obs_mistake_mask=E"":2}"
   5133312,         0,         0,   119.3,exact_mw,a6f040f5268ba168f94c6ccce4ff822b1b844608631bba2e2b8dc7ec85b1e503,"{""distance"":7,""physical_error_rate"":0.0002}","{""detection_events"":3045718,""detectors_checked"":3090253824}"
     28672,         3,         0,   120.0,exact_mw,8842ec4fe0f86aba00650008f7f408db45344cfb5a30f76b1f2c0fb50a8d5069,"{""distance"":7,""physical_error_rate"":0.002}","{""detection_events"":168177,""detectors_checked"":17260544,""obs_mistake_mask=E"":3}"
    134144,         3,         0,   120.0,exact_mw,fe773c48422346d89ea42b7ea8a90aa3034802874175ef2bfbcd9fbedf677903,"{""distance"":7,""physical_error_rate"":0.001}","{""detection_events"":396060,""detectors_checked"":80754688,""obs_mistake_mask=E"":3}"
    821248,         6,         0,   119.9,exact_mw,09f626b7d1c8765fd231bc36902f9c5557d3909c4644565b971bdb2bfb186061,"{""distance"":7,""physical_error_rate"":0.0005}","{""detection_events"":1213291,""detectors_checked"":494391296,""obs_mistake_mask=E"":6}"
     76608,         1,         0,   120.2,exact_mw,fe773c48422346d89ea42b7ea8a90aa3034802874175ef2bfbcd9fbedf677903,"{""distance"":7,""physical_error_rate"":0.001}","{""detection_events"":225666,""detectors_checked"":46118016,""obs_mistake_mask=E"":1}"
    805888,         1,         0,   119.9,exact_mw,09f626b7d1c8765fd231bc36902f9c5557d3909c4644565b971bdb2bfb186061,"{""distance"":7,""physical_error_rate"":0.0005}","{""detection_events"":1191508,""detectors_checked"":485144576,""obs_mistake_mask=E"":1}"
   5334016,         1,         0,   119.3,exact_mw,a6f040f5268ba168f94c6ccce4ff822b1b844608631bba2e2b8dc7ec85b1e503,"{""distance"":7,""physical_error_rate"":0.0002}","{""detection_events"":3162992,""detectors_checked"":3211077632,""obs_mistake_mask=E"":1}"
    325632,         1,         0,   120.1,exact_mw,09f626b7d1c8765fd231bc36902f9c5557d3909c4644565b971bdb2bfb186061,"{""distance"":7,""physical_error_rate"":0.0005}","{""detection_events"":482275,""detectors_checked"":196030464,""obs_mistake_mask=E"":1}"
   4989952,         0,         0,   119.4,exact_mw,a6f040f5268ba168f94c6ccce4ff822b1b844608631bba2e2b8dc7ec85b1e503,"{""distance"":7,""physical_error_rate"":0.0002}","{""detection_events"":2956349,""detectors_checked"":3003951104}"
   1491968,         0,         0,   119.1,exact_mw,a6f040f5268ba168f94c6ccce4ff822b1b844608631bba2e2b8dc7ec85b1e503,"{""distance"":7,""physical_error_rate"":0.0002}","{""detection_events"":887291,""detectors_checked"":898164736}"
    798720,         0,         0,   119.9,exact_mw,09f626b7d1c8765fd231bc36902f9c5557d3909c4644565b971bdb2bfb186061,"{""distance"":7,""physical_error_rate"":0.0005}","{""detection_events"":1179261,""detectors_checked"":480829440}"
    132608,         2,         0,   120.4,exact_mw,fe773c48422346d89ea42b7ea8a90aa3034802874175ef2bfbcd9fbedf677903,"{""distance"":7,""physical_error_rate"":0.001}","{""detection_events"":389382,""detectors_checked"":79830016,""obs_mistake_mask=E"":2}"
     30464,         6,         0,   120.2,exact_mw,8842ec4fe0f86aba00650008f7f408db45344cfb5a30f76b1f2c0fb50a8d5069,"{""distance"":7,""physical_error_rate"":0.002}","{""detection_events"":178015,""detectors_checked"":18339328,""obs_mistake_mask=E"":6}"
   4871168,         1,         0,   119.4,exact_mw,a6f040f5268ba168f94c6ccce4ff822b1b844608631bba2e2b8dc7ec85b1e503,"{""distance"":7,""physical_error_rate"":0.0002}","{""detection_events"":2892883,""detectors_checked"":2932443136,""obs_mistake_mask=E"":1}"
   3618816,         1,         0,   119.4,exact_mw,a6f040f5268ba168f94c6ccce4ff822b1b844608631bba2e2b8dc7ec85b1e503,"{""distance"":7,""physical_error_rate"":0.0002}","{""detection_events"":2152173,""detectors_checked"":2178527232,""obs_mistake_mask=E"":1}"
    137728,         8,         0,   120.0,exact_mw,fe773c48422346d89ea42b7ea8a90aa3034802874175ef2bfbcd9fbedf677903,"{""distance"":7,""physical_error_rate"":0.001}","{""detection_events"":405567,""detectors_checked"":82912256,""obs_mistake_mask=E"":8}"
     27776,         5,         0,   120.4,exact_mw,8842ec4fe0f86aba00650008f7f408db45344cfb5a30f76b1f2c0fb50a8d5069,"{""distance"":7,""physical_error_rate"":0.002}","{""detection_events"":164332,""detectors_checked"":16721152,""obs_mistake_mask=E"":5}"
    784384,         0,         0,   120.0,exact_mw,09f626b7d1c8765fd231bc36902f9c5557d3909c4644565b971bdb2bfb186061,"{""distance"":7,""physical_error_rate"":0.0005}","{""detection_events"":1162627,""detectors_checked"":472199168}"
    145408,         1,         0,   120.3,exact_mw,fe773c48422346d89ea42b7ea8a90aa3034802874175ef2bfbcd9fbedf677903,"{""distance"":7,""physical_error_rate"":0.001}","{""detection_events"":429455,""detectors_checked"":87535616,""obs_mistake_mask=E"":1}"
   5220352,         1,         0,   119.3,exact_mw,a6f040f5268ba168f94c6ccce4ff822b1b844608631bba2e2b8dc7ec85b1e503,"{""distance"":7,""physical_error_rate"":0.0002}","{""detection_events"":3094021,""detectors_checked"":3142651904,""obs_mistake_mask=E"":1}"
    620544,         1,         0,   120.0,exact_mw,09f626b7d1c8765fd231bc36902f9c5557d3909c4644565b971bdb2bfb186061,"{""distance"":7,""physical_error_rate"":0.0005}","{""detection_events"":913425,""detectors_checked"":373567488,""obs_mistake_mask=E"":1}"
    739328,         6,         0,   119.9,exact_mw,09f626b7d1c8765fd231bc36902f9c5557d3909c4644565b971bdb2bfb186061,"{""distance"":7,""physical_error_rate"":0.0005}","{""detection_events"":1096658,""detectors_checked"":445075456,""obs_mistake_mask=E"":6}"
    630272,         2,         0,   120.0,exact_mw,09f626b7d1c8765fd231bc36902f9c5557d3909c4644565b971bdb2bfb186061,"{""distance"":7,""physical_error_rate"":0.0005}","{""detection_events"":934378,""detectors_checked"":379423744,""obs_mistake_mask=E"":2}"
    830464,         3,         0,   119.9,exact_mw,09f626b7d1c8765fd231bc36902f9c5557d3909c4644565b971bdb2bfb186061,"{""distance"":7,""physical_error_rate"":0.0005}","{""detection_events"":1228287,""detectors_checked"":499939328,""obs_mistake_mask=E"":3}"
     28672,         5,         0,   120.0,exact_mw,8842ec4fe0f86aba00650008f7f408db45344cfb5a30f76b1f2c0fb50a8d5069,"{""distance"":7,""physical_error_rate"":0.002}","{""detection_events"":167568,""detectors_checked"":17260544,""obs_mistake_mask=E"":5}"
     28288,         4,         0,   120.1,exact_mw,8842ec4fe0f86aba00650008f7f408db45344cfb5a30f76b1f2c0fb50a8d5069,"{""distance"":7,""physical_error_rate"":0.002}","{""detection_events"":166291,""detectors_checked"":17029376,""obs_mistake_mask=E"":4}"
    134144,         4,         0,   120.0,exact_mw,fe773c48422346d89ea42b7ea8a90aa3034802874175ef2bfbcd9fbedf677903,"{""distance"":7,""physical_error_rate"":0.001}","{""detection_events"":397042,""detectors_checked"":80754688,""obs_mistake_mask=E"":4}"
     29056,         6,         0,   120.8,exact_mw,8842ec4fe0f86aba00650008f7f408db45344cfb5a30f76b1f2c0fb50a8d5069,"{""distance"":7,""physical_error_rate"":0.002}","{""detection_events"":170245,""detectors_checked"":17491712,""obs_mistake_mask=E"":6}"
    106240,         2,         0,   120.1,exact_mw,fe773c48422346d89ea42b7ea8a90aa3034802874175ef2bfbcd9fbedf677903,"{""distance"":7,""physical_error_rate"":0.001}","{""detection_events"":314539,""detectors_checked"":63956480,""obs_mistake_mask=E"":2}"
     30464,         2,         0,   120.7,exact_mw,8842ec4fe0f86aba00650008f7f408db45344cfb5a30f76b1f2c0fb50a8d5069,"{""distance"":7,""physical_error_rate"":0.002}","{""detection_events"":178463,""detectors_checked"":18339328,""obs_mistake_mask=E"":2}"
    142336,         3,         0,   120.0,exact_mw,fe773c48422346d89ea42b7ea8a90aa3034802874175ef2bfbcd9fbedf677903,"{""distance"":7,""physical_error_rate"":0.001}","{""detection_events"":420700,""detectors_checked"":85686272,""obs_mistake_mask=E"":3}"
     29312,         2,         0,   120.4,exact_mw,8842ec4fe0f86aba00650008f7f408db45344cfb5a30f76b1f2c0fb50a8d5069,"{""distance"":7,""physical_error_rate"":0.002}","{""detection_events"":171975,""detectors_checked"":17645824,""obs_mistake_mask=E"":2}"
     28160,         2,         0,   120.3,exact_mw,8842ec4fe0f86aba00650008f7f408db45344cfb5a30f76b1f2c0fb50a8d5069,"{""distance"":7,""physical_error_rate"":0.002}","{""detection_events"":165972,""detectors_checked"":16952320,""obs_mistake_mask=E"":2}"
   2258944,         2,         0,   119.4,exact_mw,a6f040f5268ba168f94c6ccce4ff822b1b844608631bba2e2b8dc7ec85b1e503,"{""distance"":7,""physical_error_rate"":0.0002}","{""detection_events"":1341499,""detectors_checked"":1359884288,""obs_mistake_mask=E"":2}"
     14112,         2,         0,   119.9,exact_mw,8842ec4fe0f86aba00650008f7f408db45344cfb5a30f76b1f2c0fb50a8d5069,"{""distance"":7,""physical_error_rate"":0.002}","{""detection_events"":82403,""detectors_checked"":8495424,""obs_mistake_mask=E"":2}"
   3763200,         0,         0,   119.3,exact_mw,a6f040f5268ba168f94c6ccce4ff822b1b844608631bba2e2b8dc7ec85b1e503,"{""distance"":7,""physical_error_rate"":0.0002}","{""detection_events"":2226103,""detectors_checked"":2265446400}"
    769024,         1,         0,   119.9,exact_mw,09f626b7d1c8765fd231bc36902f9c5557d3909c4644565b971bdb2bfb186061,"{""distance"":7,""physical_error_rate"":0.0005}","{""detection_events"":1140564,""detectors_checked"":462952448,""obs_mistake_mask=E"":1}"
     27328,         0,         0,   120.1,exact_mw,fe773c48422346d89ea42b7ea8a90aa3034802874175ef2bfbcd9fbedf677903,"{""distance"":7,""physical_error_rate"":0.001}","{""detection_events"":81583,""detectors_checked"":16451456}"
   1832960,         1,         0,   119.7,exact_mw,a6f040f5268ba168f94c6ccce4ff822b1b844608631bba2e2b8dc7ec85b1e503,"{""distance"":7,""physical_error_rate"":0.0002}","{""detection_events"":1082375,""detectors_checked"":1103441920,""obs_mistake_mask=E"":1}"
   3132651,         2,         0,    68.7,exact_mw,a6f040f5268ba168f94c6ccce4ff822b1b844608631bba2e2b8dc7ec85b1e503,"{""distance"":7,""physical_error_rate"":0.0002}","{""detection_events"":1854004,""detectors_checked"":1885855902,""obs_mistake_mask=E"":2}"
    799744,         2,         0,   120.0,exact_mw,09f626b7d1c8765fd231bc36902f9c5557d3909c4644565b971bdb2bfb186061,"{""distance"":7,""physical_error_rate"":0.0005}","{""detection_events"":1183587,""detectors_checked"":481445888,""obs_mistake_mask=E"":2}"
    494592,         1,         0,   120.8,exact_mw,09f626b7d1c8765fd231bc36902f9c5557d3909c4644565b971bdb2bfb186061,"{""distance"":7,""physical_error_rate"":0.0005}","{""detection_events"":732478,""detectors_checked"":297744384,""obs_mistake_mask=E"":1}"
   1957888,         1,         0,   119.3,exact_mw,a6f040f5268ba168f94c6ccce4ff822b1b844608631bba2e2b8dc7ec85b1e503,"{""distance"":7,""physical_error_rate"":0.0002}","{""detection_events"":1158792,""detectors_checked"":1178648576,""obs_mistake_mask=E"":1}"
     24480,         2,         0,   120.1,exact_mw,8842ec4fe0f86aba00650008f7f408db45344cfb5a30f76b1f2c0fb50a8d5069,"{""distance"":7,""physical_error_rate"":0.002}","{""detection_events"":143812,""detectors_checked"":14736960,""obs_mistake_mask=E"":2}"
    141312,         3,         0,   120.5,exact_mw,fe773c48422346d89ea42b7ea8a90aa3034802874175ef2bfbcd9fbedf677903,"{""distance"":7,""physical_error_rate"":0.001}","{""detection_events"":419077,""detectors_checked"":85069824,""obs_mistake_mask=E"":3}"
     29568,         8,         0,   120.4,exact_mw,8842ec4fe0f86aba00650008f7f408db45344cfb5a30f76b1f2c0fb50a8d5069,"{""distance"":7,""physical_error_rate"":0.002}","{""detection_events"":173166,""detectors_checked"":17799936,""obs_mistake_mask=E"":8}"
     28544,         8,         0,   120.4,exact_mw,8842ec4fe0f86aba00650008f7f408db45344cfb5a30f76b1f2c0fb50a8d5069,"{""distance"":7,""physical_error_rate"":0.002}","{""detection_events"":166671,""detectors_checked"":17183488,""obs_mistake_mask=E"":8}"
    135168,         2,         0,   120.7,exact_mw,fe773c48422346d89ea42b7ea8a90aa3034802874175ef2bfbcd9fbedf677903,"{""distance"":7,""physical_error_rate"":0.001}","{""detection_events"":398621,""detectors_checked"":81371136,""obs_mistake_mask=E"":2}"
    752640,         4,         0,   120.0,exact_mw,09f626b7d1c8765fd231bc36902f9c5557d3909c4644565b971bdb2bfb186061,"{""distance"":7,""physical_error_rate"":0.0005}","{""detection_events"":1113575,""detectors_checked"":453089280,""obs_mistake_mask=E"":4}"
   3084288,         1,         0,   118.9,exact_mw,a6f040f5268ba168f94c6ccce4ff822b1b844608631bba2e2b8dc7ec85b1e503,"{""distance"":7,""physical_error_rate"":0.0002}","{""detection_events"":1829987,""detectors_checked"":1856741376,""obs_mistake_mask=E"":1}"
    138240,         6,         0,   120.2,exact_mw,fe773c48422346d89ea42b7ea8a90aa3034802874175ef2bfbcd9fbedf677903,"{""distance"":7,""physical_error_rate"":0.001}","{""detection_events"":407195,""detectors_checked"":83220480,""obs_mistake_mask=E"":6}"
     29312,         3,         0,   120.0,exact_mw,8842ec4fe0f86aba00650008f7f408db45344cfb5a30f76b1f2c0fb50a8d5069,"{""distance"":7,""physical_error_rate"":0.002}","{""detection_events"":171940,""detectors_checked"":17645824,""obs_mistake_mask=E"":3}"
    142336,         3,         0,   120.6,exact_mw,fe773c48422346d89ea42b7ea8a90aa3034802874175ef2bfbcd9fbedf677903,"{""distance"":7,""physical_error_rate"":0.001}","{""detection_events"":420611,""detectors_checked"":85686272,""obs_mistake_mask=E"":3}"
    205312,         1,         0,   119.8,exact_mw,09f626b7d1c8765fd231bc36902f9c5557d3909c4644565b971bdb2bfb186061,"{""distance"":7,""physical_error_rate"":0.0005}","{""detection_events"":304057,""detectors_checked"":123597824,""obs_mistake_mask=E"":1}"
      5632,         1,         0,   120.1,exact_mw,8842ec4fe0f86aba00650008f7f408db45344cfb5a30f76b1f2c0fb50a8d5069,"{""distance"":7,""physical_error_rate"":0.002}","{""detection_events"":33339,""detectors_checked"":3390464,""obs_mistake_mask=E"":1}"
   5056512,         1,         0,   119.3,exact_mw,a6f040f5268ba168f94c6ccce4ff822b1b844608631bba2e2b8dc7ec85b1e503,"{""distance"":7,""physical_error_rate"":0.0002}","{""detection_events"":3002653,""detectors_checked"":3044020224,""obs_mistake_mask=E"":1}"
    140189,         0,         0,    3.40,exact_mw,a6f040f5268ba168f94c6ccce4ff822b1b844608631bba2e2b8dc7ec85b1e503,"{""distance"":7,""physical_error_rate"":0.0002}","{""detection_events"":83037,""detectors_checked"":84393778}"
    892928,         0,         0,   119.3,exact_mw,a6f040f5268ba168f94c6ccce4ff822b1b844608631bba2e2b8dc7ec85b1e503,"{""distance"":7,""physical_error_rate"":0.0002}","{""detection_events"":530962,""detectors_checked"":537542656}"
   4556771,         0,         0,   105.2,exact_mw,a6f040f5268ba168f94c6ccce4ff822b1b844608631bba2e2b8dc7ec85b1e503,"{""distance"":7,""physical_error_rate"":0.0002}","{""detection_events"":2700125,""detectors_checked"":2743176142}"
   4470784,         0,         0,   103.4,exact_mw,a6f040f5268ba168f94c6ccce4ff822b1b844608631bba2e2b8dc7ec85b1e503,"{""distance"":7,""physical_error_rate"":0.0002}","{""detection_events"":2653169,""detectors_checked"":2691411968}"
   4216165,         0,         0,    92.1,exact_mw,a6f040f5268ba168f94c6ccce4ff822b1b844608631bba2e2b8dc7ec85b1e503,"{""distance"":7,""physical_error_rate"":0.0002}","{""detection_events"":2500346,""detectors_checked"":2538131330}"
   3786752,         0,         0,    85.1,exact_mw,a6f040f5268ba168f94c6ccce4ff822b1b844608631bba2e2b8dc7ec85b1e503,"{""distance"":7,""physical_error_rate"":0.0002}","{""detection_events"":2246080,""detectors_checked"":2279624704}"
   3973120,         1,         0,    90.8,exact_mw,a6f040f5268ba168f94c6ccce4ff822b1b844608631bba2e2b8dc7ec85b1e503,"{""distance"":7,""physical_error_rate"":0.0002}","{""detection_events"":2356914,""detectors_checked"":2391818240,""obs_mistake_mask=E"":1}"
     30848,         5,         0,   120.5,exact_mw,8842ec4fe0f86aba00650008f7f408db45344cfb5a30f76b1f2c0fb50a8d5069,"{""distance"":7,""physical_error_rate"":0.002}","{""detection_events"":181399,""detectors_checked"":18570496,""obs_mistake_mask=E"":5}"
   3673230,         0,         0,    84.3,exact_mw,a6f040f5268ba168f94c6ccce4ff822b1b844608631bba2e2b8dc7ec85b1e503,"{""distance"":7,""physical_error_rate"":0.0002}","{""detection_events"":2182470,""detectors_checked"":2211284460}"
    142336,         2,         0,   120.4,exact_mw,fe773c48422346d89ea42b7ea8a90aa3034802874175ef2bfbcd9fbedf677903,"{""distance"":7,""physical_error_rate"":0.001}","{""detection_events"":421000,""detectors_checked"":85686272,""obs_mistake_mask=E"":2}"
    107968,         3,         0,   120.2,exact_mw,fe773c48422346d89ea42b7ea8a90aa3034802874175ef2bfbcd9fbedf677903,"{""distance"":7,""physical_error_rate"":0.001}","{""detection_events"":318832,""detectors_checked"":64996736,""obs_mistake_mask=E"":3}"
     40640,         0,         0,   120.1,exact_mw,fe773c48422346d89ea42b7ea8a90aa3034802874175ef2bfbcd9fbedf677903,"{""distance"":7,""physical_error_rate"":0.001}","{""detection_events"":119863,""detectors_checked"":24465280}"
    805888,         3,         0,   119.9,exact_mw,09f626b7d1c8765fd231bc36902f9c5557d3909c4644565b971bdb2bfb186061,"{""distance"":7,""physical_error_rate"":0.0005}","{""detection_events"":1192746,""detectors_checked"":485144576,""obs_mistake_mask=E"":3}"
    270080,         1,         0,   119.8,exact_mw,09f626b7d1c8765fd231bc36902f9c5557d3909c4644565b971bdb2bfb186061,"{""distance"":7,""physical_error_rate"":0.0005}","{""detection_events"":398453,""detectors_checked"":162588160,""obs_mistake_mask=E"":1}"
     28800,         6,         0,   120.0,exact_mw,8842ec4fe0f86aba00650008f7f408db45344cfb5a30f76b1f2c0fb50a8d5069,"{""distance"":7,""physical_error_rate"":0.002}","{""detection_events"":168332,""detectors_checked"":17337600,""obs_mistake_mask=E"":6}"
    136704,         2,         0,   120.0,exact_mw,fe773c48422346d89ea42b7ea8a90aa3034802874175ef2bfbcd9fbedf677903,"{""distance"":7,""physical_error_rate"":0.001}","{""detection_events"":401010,""detectors_checked"":82295808,""obs_mistake_mask=E"":2}"
    800768,         4,         0,   120.0,exact_mw,09f626b7d1c8765fd231bc36902f9c5557d3909c4644565b971bdb2bfb186061,"{""distance"":7,""physical_error_rate"":0.0005}","{""detection_events"":1186127,""detectors_checked"":482062336,""obs_mistake_mask=E"":4}"
    106944,         2,         0,   120.2,exact_mw,fe773c48422346d89ea42b7ea8a90aa3034802874175ef2bfbcd9fbedf677903,"{""distance"":7,""physical_error_rate"":0.001}","{""detection_events"":314718,""detectors_checked"":64380288,""obs_mistake_mask=E"":2}"
    836608,         0,         0,   120.0,exact_mw,09f626b7d1c8765fd231bc36902f9c5557d3909c4644565b971bdb2bfb186061,"{""distance"":7,""physical_error_rate"":0.0005}","{""detection_events"":1238829,""detectors_checked"":503638016}"
    699904,         2,         0,   120.3,exact_mw,09f626b7d1c8765fd231bc36902f9c5557d3909c4644565b971bdb2bfb186061,"{""distance"":7,""physical_error_rate"":0.0005}","{""detection_events"":1036811,""detectors_checked"":421342208,""obs_mistake_mask=E"":2}"
   2958661,         1,         0,   118.0,exact_mw,a6f040f5268ba168f94c6ccce4ff822b1b844608631bba2e2b8dc7ec85b1e503,"{""distance"":7,""physical_error_rate"":0.0002}","{""detection_events"":1756802,""detectors_checked"":1781113922,""obs_mistake_mask=E"":1}"
   2859008,         0,         0,    69.0,exact_mw,a6f040f5268ba168f94c6ccce4ff822b1b844608631bba2e2b8dc7ec85b1e503,"{""distance"":7,""physical_error_rate"":0.0002}","{""detection_events"":1690061,""detectors_checked"":1721122816}"
    819200,         1,         0,   120.0,exact_mw,09f626b7d1c8765fd231bc36902f9c5557d3909c4644565b971bdb2bfb186061,"{""distance"":7,""physical_error_rate"":0.0005}","{""detection_events"":1208232,""detectors_checked"":493158400,""obs_mistake_mask=E"":1}"
     29568,         5,         0,   120.1,exact_mw,8842ec4fe0f86aba00650008f7f408db45344cfb5a30f76b1f2c0fb50a8d5069,"{""distance"":7,""physical_error_rate"":0.002}","{""detection_events"":173821,""detectors_checked"":17799936,""obs_mistake_mask=E"":5}"
    142336,         1,         0,   120.8,exact_mw,fe773c48422346d89ea42b7ea8a90aa3034802874175ef2bfbcd9fbedf677903,"{""distance"":7,""physical_error_rate"":0.001}","{""detection_events"":421061,""detectors_checked"":85686272,""obs_mistake_mask=E"":1}"
   2773745,         2,         0,    62.6,exact_mw,a6f040f5268ba168f94c6ccce4ff822b1b844608631bba2e2b8dc7ec85b1e503,"{""distance"":7,""physical_error_rate"":0.0002}","{""detection_events"":1647130,""detectors_checked"":1669794490,""obs_mistake_mask=E"":2}"
   1241088,         0,         0,   119.3,exact_mw,a6f040f5268ba168f94c6ccce4ff822b1b844608631bba2e2b8dc7ec85b1e503,"{""distance"":7,""physical_error_rate"":0.0002}","{""detection_events"":736648,""detectors_checked"":747134976}"
    145408,         3,         0,   120.2,exact_mw,fe773c48422346d89ea42b7ea8a90aa3034802874175ef2bfbcd9fbedf677903,"{""distance"":7,""physical_error_rate"":0.001}","{""detection_events"":429627,""detectors_checked"":87535616,""obs_mistake_mask=E"":3}"
     28928,         5,         0,   120.3,exact_mw,8842ec4fe0f86aba00650008f7f408db45344cfb5a30f76b1f2c0fb50a8d5069,"{""distance"":7,""physical_error_rate"":0.002}","{""detection_events"":169253,""detectors_checked"":17414656,""obs_mistake_mask=E"":5}"
    839680,         1,         0,   119.9,exact_mw,09f626b7d1c8765fd231bc36902f9c5557d3909c4644565b971bdb2bfb186061,"{""distance"":7,""physical_error_rate"":0.0005}","{""detection_events"":1244423,""detectors_checked"":505487360,""obs_mistake_mask=E"":1}"
    143360,         4,         0,   120.2,exact_mw,fe773c48422346d89ea42b7ea8a90aa3034802874175ef2bfbcd9fbedf677903,"{""distance"":7,""physical_error_rate"":0.001}","{""detection_events"":423429,""detectors_checked"":86302720,""obs_mistake_mask=E"":4}"
    774144,         3,         0,   120.1,exact_mw,09f626b7d1c8765fd231bc36902f9c5557d3909c4644565b971bdb2bfb186061,"{""distance"":7,""physical_error_rate"":0.0005}","{""detection_events"":1145152,""detectors_checked"":466034688,""obs_mistake_mask=E"":3}"
    622080,         1,         0,   120.0,exact_mw,09f626b7d1c8765fd231bc36902f9c5557d3909c4644565b971bdb2bfb186061,"{""distance"":7,""physical_error_rate"":0.0005}","{""detection_events"":922905,""detectors_checked"":374492160,""obs_mistake_mask=E"":1}"
    802816,         0,         0,   120.0,exact_mw,09f626b7d1c8765fd231bc36902f9c5557d3909c4644565b971bdb2bfb186061,"{""distance"":7,""physical_error_rate"":0.0005}","{""detection_events"":1188650,""detectors_checked"":483295232}"
   2421698,         1,         0,    56.0,exact_mw,a6f040f5268ba168f94c6ccce4ff822b1b844608631bba2e2b8dc7ec85b1e503,"{""distance"":7,""physical_error_rate"":0.0002}","{""detection_events"":1432385,""detectors_checked"":1457862196,""obs_mistake_mask=E"":1}"
    827392,         2,         0,   120.0,exact_mw,09f626b7d1c8765fd231bc36902f9c5557d3909c4644565b971bdb2bfb186061,"{""distance"":7,""physical_error_rate"":0.0005}","{""detection_events"":1224985,""detectors_checked"":498089984,""obs_mistake_mask=E"":2}"
     25040,         0,         0,   120.5,exact_mw,8842ec4fe0f86aba00650008f7f408db45344cfb5a30f76b1f2c0fb50a8d5069,"{""distance"":7,""physical_error_rate"":0.002}","{""detection_events"":146809,""detectors_checked"":15074080}"
     29184,         2,         0,   120.3,exact_mw,8842ec4fe0f86aba00650008f7f408db45344cfb5a30f76b1f2c0fb50a8d5069,"{""distance"":7,""physical_error_rate"":0.002}","{""detection_events"":171009,""detectors_checked"":17568768,""obs_mistake_mask=E"":2}"
    143360,         1,         0,   120.2,exact_mw,fe773c48422346d89ea42b7ea8a90aa3034802874175ef2bfbcd9fbedf677903,"{""distance"":7,""physical_error_rate"":0.001}","{""detection_events"":422113,""detectors_checked"":86302720,""obs_mistake_mask=E"":1}"
     30208,         4,         0,   120.2,exact_mw,8842ec4fe0f86aba00650008f7f408db45344cfb5a30f76b1f2c0fb50a8d5069,"{""distance"":7,""physical_error_rate"":0.002}","{""detection_events"":176862,""detectors_checked"":18185216,""obs_mistake_mask=E"":4}"
   2192774,         1,         0,    75.9,exact_mw,a6f040f5268ba168f94c6ccce4ff822b1b844608631bba2e2b8dc7ec85b1e503,"{""distance"":7,""physical_error_rate"":0.0002}","{""detection_events"":1297260,""detectors_checked"":1320049948,""obs_mistake_mask=E"":1}"
   2161664,         0,         0,    52.2,exact_mw,a6f040f5268ba168f94c6ccce4ff822b1b844608631bba2e2b8dc7ec85b1e503,"{""distance"":7,""physical_error_rate"":0.0002}","{""detection_events"":1283336,""detectors_checked"":1301321728}"
   2109440,         0,         0,    45.3,exact_mw,a6f040f5268ba168f94c6ccce4ff822b1b844608631bba2e2b8dc7ec85b1e503,"{""distance"":7,""physical_error_rate"":0.0002}","{""detection_events"":1252988,""detectors_checked"":1269882880}"
   2055726,         1,         0,    73.3,exact_mw,a6f040f5268ba168f94c6ccce4ff822b1b844608631bba2e2b8dc7ec85b1e503,"{""distance"":7,""physical_error_rate"":0.0002}","{""detection_events"":1219506,""detectors_checked"":1237547052,""obs_mistake_mask=E"":1}"
   1920000,         0,         0,    47.3,exact_mw,a6f040f5268ba168f94c6ccce4ff822b1b844608631bba2e2b8dc7ec85b1e503,"{""distance"":7,""physical_error_rate"":0.0002}","{""detection_events"":1141305,""detectors_checked"":1155840000}"
   2036736,         1,         0,    47.2,exact_mw,a6f040f5268ba168f94c6ccce4ff822b1b844608631bba2e2b8dc7ec85b1e503,"{""distance"":7,""physical_error_rate"":0.0002}","{""detection_events"":1204164,""detectors_checked"":1226115072,""obs_mistake_mask=E"":1}"
   2051072,         0,         0,    46.4,exact_mw,a6f040f5268ba168f94c6ccce4ff822b1b844608631bba2e2b8dc7ec85b1e503,"{""distance"":7,""physical_error_rate"":0.0002}","{""detection_events"":1216944,""detectors_checked"":1234745344}"
   2046976,         0,         0,    46.5,exact_mw,a6f040f5268ba168f94c6ccce4ff822b1b844608631bba2e2b8dc7ec85b1e503,"{""distance"":7,""physical_error_rate"":0.0002}","{""detection_events"":1213466,""detectors_checked"":1232279552}"
   1865728,         0,         0,    42.9,exact_mw,a6f040f5268ba168f94c6ccce4ff822b1b844608631bba2e2b8dc7ec85b1e503,"{""distance"":7,""physical_error_rate"":0.0002}","{""detection_events"":1107732,""detectors_checked"":1123168256}"
    141824,         2,         0,   120.3,exact_mw,fe773c48422346d89ea42b7ea8a90aa3034802874175ef2bfbcd9fbedf677903,"{""distance"":7,""physical_error_rate"":0.001}","{""detection_events"":420438,""detectors_checked"":85378048,""obs_mistake_mask=E"":2}"
     32000,         4,         0,   120.8,exact_mw,8842ec4fe0f86aba00650008f7f408db45344cfb5a30f76b1f2c0fb50a8d5069,"{""distance"":7,""physical_error_rate"":0.002}","{""detection_events"":186375,""detectors_checked"":19264000,""obs_mistake_mask=E"":4}"
    144384,         3,         0,   120.4,exact_mw,fe773c48422346d89ea42b7ea8a90aa3034802874175ef2bfbcd9fbedf677903,"{""distance"":7,""physical_error_rate"":0.001}","{""detection_events"":426646,""detectors_checked"":86919168,""obs_mistake_mask=E"":3}"
      9072,         1,         0,   120.4,exact_mw,8842ec4fe0f86aba00650008f7f408db45344cfb5a30f76b1f2c0fb50a8d5069,"{""distance"":7,""physical_error_rate"":0.002}","{""detection_events"":53119,""detectors_checked"":5461344,""obs_mistake_mask=E"":1}"
     22368,         5,         0,   120.4,exact_mw,8842ec4fe0f86aba00650008f7f408db45344cfb5a30f76b1f2c0fb50a8d5069,"{""distance"":7,""physical_error_rate"":0.002}","{""detection_events"":130890,""detectors_checked"":13465536,""obs_mistake_mask=E"":5}"
    400081,         0,         0,    9.14,exact_mw,a6f040f5268ba168f94c6ccce4ff822b1b844608631bba2e2b8dc7ec85b1e503,"{""distance"":7,""physical_error_rate"":0.0002}","{""detection_events"":237485,""detectors_checked"":240848762}"
   1201152,         1,         0,    26.9,exact_mw,a6f040f5268ba168f94c6ccce4ff822b1b844608631bba2e2b8dc7ec85b1e503,"{""distance"":7,""physical_error_rate"":0.0002}","{""detection_events"":711477,""detectors_checked"":723093504,""obs_mistake_mask=E"":1}"
   1214464,         0,         0,   115.4,exact_mw,a6f040f5268ba168f94c6ccce4ff822b1b844608631bba2e2b8dc7ec85b1e503,"{""distance"":7,""physical_error_rate"":0.0002}","{""detection_events"":721030,""detectors_checked"":731107328}"
   1092608,         0,         0,    26.8,exact_mw,a6f040f5268ba168f94c6ccce4ff822b1b844608631bba2e2b8dc7ec85b1e503,"{""distance"":7,""physical_error_rate"":0.0002}","{""detection_events"":648220,""detectors_checked"":657750016}"
    404177,         0,         0,    9.21,exact_mw,a6f040f5268ba168f94c6ccce4ff822b1b844608631bba2e2b8dc7ec85b1e503,"{""distance"":7,""physical_error_rate"":0.0002}","{""detection_events"":238863,""detectors_checked"":243314554}"
   1015262,         0,         0,    24.2,exact_mw,a6f040f5268ba168f94c6ccce4ff822b1b844608631bba2e2b8dc7ec85b1e503,"{""distance"":7,""physical_error_rate"":0.0002}","{""detection_events"":605431,""detectors_checked"":611187724}"
    707283,         0,         0,    17.7,exact_mw,a6f040f5268ba168f94c6ccce4ff822b1b844608631bba2e2b8dc7ec85b1e503,"{""distance"":7,""physical_error_rate"":0.0002}","{""detection_events"":419409,""detectors_checked"":425784366}"
    663077,         0,         0,    14.4,exact_mw,a6f040f5268ba168f94c6ccce4ff822b1b844608631bba2e2b8dc7ec85b1e503,"{""distance"":7,""physical_error_rate"":0.0002}","{""detection_events"":393157,""detectors_checked"":399172354}"
    621635,         0,         0,    14.9,exact_mw,a6f040f5268ba168f94c6ccce4ff822b1b844608631bba2e2b8dc7ec85b1e503,"{""distance"":7,""physical_error_rate"":0.0002}","{""detection_events"":370427,""detectors_checked"":374224270}"
    612352,         0,         0,    14.9,exact_mw,a6f040f5268ba168f94c6ccce4ff822b1b844608631bba2e2b8dc7ec85b1e503,"{""distance"":7,""physical_error_rate"":0.0002}","{""detection_events"":364401,""detectors_checked"":368635904}"
    608256,         0,         0,    13.7,exact_mw,a6f040f5268ba168f94c6ccce4ff822b1b844608631bba2e2b8dc7ec85b1e503,"{""distance"":7,""physical_error_rate"":0.0002}","{""detection_events"":360451,""detectors_checked"":366170112}"
    582783,         0,         0,    13.8,exact_mw,a6f040f5268ba168f94c6ccce4ff822b1b844608631bba2e2b8dc7ec85b1e503,"{""distance"":7,""physical_error_rate"":0.0002}","{""detection_events"":343895,""detectors_checked"":350835366}"
    567296,         0,         0,    13.9,exact_mw,a6f040f5268ba168f94c6ccce4ff822b1b844608631bba2e2b8dc7ec85b1e503,"{""distance"":7,""physical_error_rate"":0.0002}","{""detection_events"":336154,""detectors_checked"":341512192}"
    483328,         0,         0,    13.9,exact_mw,a6f040f5268ba168f94c6ccce4ff822b1b844608631bba2e2b8dc7ec85b1e503,"{""distance"":7,""physical_error_rate"":0.0002}","{""detection_events"":287439,""detectors_checked"":290963456}"
    521216,         0,         0,    63.4,exact_mw,a6f040f5268ba168f94c6ccce4ff822b1b844608631bba2e2b8dc7ec85b1e503,"{""distance"":7,""physical_error_rate"":0.0002}","{""detection_events"":309327,""detectors_checked"":313772032}"
    242647,         0,         0,    5.25,exact_mw,a6f040f5268ba168f94c6ccce4ff822b1b844608631bba2e2b8dc7ec85b1e503,"{""distance"":7,""physical_error_rate"":0.0002}","{""detection_events"":142989,""detectors_checked"":146073494}"
    433152,         0,         0,    9.78,exact_mw,a6f040f5268ba168f94c6ccce4ff822b1b844608631bba2e2b8dc7ec85b1e503,"{""distance"":7,""physical_error_rate"":0.0002}","{""detection_events"":255449,""detectors_checked"":260757504}"
    451584,         0,         0,    9.79,exact_mw,a6f040f5268ba168f94c6ccce4ff822b1b844608631bba2e2b8dc7ec85b1e503,"{""distance"":7,""physical_error_rate"":0.0002}","{""detection_events"":267465,""detectors_checked"":271853568}"
    462848,         0,         0,    9.86,exact_mw,a6f040f5268ba168f94c6ccce4ff822b1b844608631bba2e2b8dc7ec85b1e503,"{""distance"":7,""physical_error_rate"":0.0002}","{""detection_events"":274040,""detectors_checked"":278634496}"
    421888,         1,         0,    9.76,exact_mw,a6f040f5268ba168f94c6ccce4ff822b1b844608631bba2e2b8dc7ec85b1e503,"{""distance"":7,""physical_error_rate"":0.0002}","{""detection_events"":250485,""detectors_checked"":253976576,""obs_mistake_mask=E"":1}"
     16768,         5,         0,   120.0,exact_mw,8842ec4fe0f86aba00650008f7f408db45344cfb5a30f76b1f2c0fb50a8d5069,"{""distance"":7,""physical_error_rate"":0.002}","{""detection_events"":97632,""detectors_checked"":10094336,""obs_mistake_mask=E"":5}"
    356666,         0,         0,    10.4,exact_mw,a6f040f5268ba168f94c6ccce4ff822b1b844608631bba2e2b8dc7ec85b1e503,"{""distance"":7,""physical_error_rate"":0.0002}","{""detection_events"":211529,""detectors_checked"":214712932}"
    245760,         0,         0,    31.6,exact_mw,a6f040f5268ba168f94c6ccce4ff822b1b844608631bba2e2b8dc7ec85b1e503,"{""distance"":7,""physical_error_rate"":0.0002}","{""detection_events"":145617,""detectors_checked"":147947520}"
    244736,         0,         0,    6.00,exact_mw,a6f040f5268ba168f94c6ccce4ff822b1b844608631bba2e2b8dc7ec85b1e503,"{""distance"":7,""physical_error_rate"":0.0002}","{""detection_events"":146106,""detectors_checked"":147331072}"
    302080,         0,         0,    7.58,exact_mw,a6f040f5268ba168f94c6ccce4ff822b1b844608631bba2e2b8dc7ec85b1e503,"{""distance"":7,""physical_error_rate"":0.0002}","{""detection_events"":178975,""detectors_checked"":181852160}"
    230400,         0,         0,    5.80,exact_mw,a6f040f5268ba168f94c6ccce4ff822b1b844608631bba2e2b8dc7ec85b1e503,"{""distance"":7,""physical_error_rate"":0.0002}","{""detection_events"":135610,""detectors_checked"":138700800}"
    347136,         1,         0,    7.93,exact_mw,a6f040f5268ba168f94c6ccce4ff822b1b844608631bba2e2b8dc7ec85b1e503,"{""distance"":7,""physical_error_rate"":0.0002}","{""detection_events"":206330,""detectors_checked"":208975872,""obs_mistake_mask=E"":1}"
    237568,         0,         0,    5.95,exact_mw,a6f040f5268ba168f94c6ccce4ff822b1b844608631bba2e2b8dc7ec85b1e503,"{""distance"":7,""physical_error_rate"":0.0002}","{""detection_events"":140186,""detectors_checked"":143015936}"
    243712,         0,         0,    5.82,exact_mw,a6f040f5268ba168f94c6ccce4ff822b1b844608631bba2e2b8dc7ec85b1e503,"{""distance"":7,""physical_error_rate"":0.0002}","{""detection_events"":143938,""detectors_checked"":146714624}"
    291840,         0,         0,    6.43,exact_mw,a6f040f5268ba168f94c6ccce4ff822b1b844608631bba2e2b8dc7ec85b1e503,"{""distance"":7,""physical_error_rate"":0.0002}","{""detection_events"":174050,""detectors_checked"":175687680}"
     35203,         0,         0,   0.846,exact_mw,a6f040f5268ba168f94c6ccce4ff822b1b844608631bba2e2b8dc7ec85b1e503,"{""distance"":7,""physical_error_rate"":0.0002}","{""detection_events"":20995,""detectors_checked"":21192206}"
     87630,         0,         0,    1.76,exact_mw,a6f040f5268ba168f94c6ccce4ff822b1b844608631bba2e2b8dc7ec85b1e503,"{""distance"":7,""physical_error_rate"":0.0002}","{""detection_events"":51812,""detectors_checked"":52753260}"
     82153,         0,         0,    1.79,exact_mw,a6f040f5268ba168f94c6ccce4ff822b1b844608631bba2e2b8dc7ec85b1e503,"{""distance"":7,""physical_error_rate"":0.0002}","{""detection_events"":48615,""detectors_checked"":49456106}"
     80896,         0,         0,    1.79,exact_mw,a6f040f5268ba168f94c6ccce4ff822b1b844608631bba2e2b8dc7ec85b1e503,"{""distance"":7,""physical_error_rate"":0.0002}","{""detection_events"":48227,""detectors_checked"":48699392}"
     82153,         0,         0,    1.84,exact_mw,a6f040f5268ba168f94c6ccce4ff822b1b844608631bba2e2b8dc7ec85b1e503,"{""distance"":7,""physical_error_rate"":0.0002}","{""detection_events"":48275,""detectors_checked"":49456106}"
     66828,         0,         0,    1.99,exact_mw,a6f040f5268ba168f94c6ccce4ff822b1b844608631bba2e2b8dc7ec85b1e503,"{""distance"":7,""physical_error_rate"":0.0002}","{""detection_events"":40031,""detectors_checked"":40230456}"
     62651,         0,         0,    1.31,exact_mw,a6f040f5268ba168f94c6ccce4ff822b1b844608631bba2e2b8dc7ec85b1e503,"{""distance"":7,""physical_error_rate"":0.0002}","{""detection_events"":36951,""detectors_checked"":37715902}"
     58735,         0,         0,    1.43,exact_mw,a6f040f5268ba168f94c6ccce4ff822b1b844608631bba2e2b8dc7ec85b1e503,"{""distance"":7,""physical_error_rate"":0.0002}","{""detection_events"":34637,""detectors_checked"":35358470}"
     57344,         0,         0,    1.44,exact_mw,a6f040f5268ba168f94c6ccce4ff822b1b844608631bba2e2b8dc7ec85b1e503,"{""distance"":7,""physical_error_rate"":0.0002}","{""detection_events"":33555,""detectors_checked"":34521088}"
     58368,         0,         0,    1.39,exact_mw,a6f040f5268ba168f94c6ccce4ff822b1b844608631bba2e2b8dc7ec85b1e503,"{""distance"":7,""physical_error_rate"":0.0002}","{""detection_events"":34641,""detectors_checked"":35137536}"
     55064,         0,         0,    7.29,exact_mw,a6f040f5268ba168f94c6ccce4ff822b1b844608631bba2e2b8dc7ec85b1e503,"{""distance"":7,""physical_error_rate"":0.0002}","{""detection_events"":33583,""detectors_checked"":33148528}"
     45056,         0,         0,    1.47,exact_mw,a6f040f5268ba168f94c6ccce4ff822b1b844608631bba2e2b8dc7ec85b1e503,"{""distance"":7,""physical_error_rate"":0.0002}","{""detection_events"":26763,""detectors_checked"":27123712}"
     54272,         0,         0,    1.50,exact_mw,a6f040f5268ba168f94c6ccce4ff822b1b844608631bba2e2b8dc7ec85b1e503,"{""distance"":7,""physical_error_rate"":0.0002}","{""detection_events"":31822,""detectors_checked"":32671744}"
     44391,         0,         0,    1.56,exact_mw,a6f040f5268ba168f94c6ccce4ff822b1b844608631bba2e2b8dc7ec85b1e503,"{""distance"":7,""physical_error_rate"":0.0002}","{""detection_events"":26538,""detectors_checked"":26723382}"
     54272,         0,         0,    7.47,exact_mw,a6f040f5268ba168f94c6ccce4ff822b1b844608631bba2e2b8dc7ec85b1e503,"{""distance"":7,""physical_error_rate"":0.0002}","{""detection_events"":32239,""detectors_checked"":32671744}"
     35408,         0,         0,   0.758,exact_mw,a6f040f5268ba168f94c6ccce4ff822b1b844608631bba2e2b8dc7ec85b1e503,"{""distance"":7,""physical_error_rate"":0.0002}","{""detection_events"":20784,""detectors_checked"":21315616}"
     34816,         0,         0,   0.890,exact_mw,a6f040f5268ba168f94c6ccce4ff822b1b844608631bba2e2b8dc7ec85b1e503,"{""distance"":7,""physical_error_rate"":0.0002}","{""detection_events"":21154,""detectors_checked"":20959232}"
     29803,         0,         0,   0.627,exact_mw,a6f040f5268ba168f94c6ccce4ff822b1b844608631bba2e2b8dc7ec85b1e503,"{""distance"":7,""physical_error_rate"":0.0002}","{""detection_events"":17543,""detectors_checked"":17941406}"
     29803,         0,         0,   0.671,exact_mw,a6f040f5268ba168f94c6ccce4ff822b1b844608631bba2e2b8dc7ec85b1e503,"{""distance"":7,""physical_error_rate"":0.0002}","{""detection_events"":17457,""detectors_checked"":17941406}"
     26624,         0,         0,   0.781,exact_mw,a6f040f5268ba168f94c6ccce4ff822b1b844608631bba2e2b8dc7ec85b1e503,"{""distance"":7,""physical_error_rate"":0.0002}","{""detection_events"":15400,""detectors_checked"":16027648}"
     25600,         0,         0,   0.640,exact_mw,a6f040f5268ba168f94c6ccce4ff822b1b844608631bba2e2b8dc7ec85b1e503,"{""distance"":7,""physical_error_rate"":0.0002}","{""detection_events"":15651,""detectors_checked"":15411200}"
     23902,         0,         0,    2.01,exact_mw,a6f040f5268ba168f94c6ccce4ff822b1b844608631bba2e2b8dc7ec85b1e503,"{""distance"":7,""physical_error_rate"":0.0002}","{""detection_events"":14156,""detectors_checked"":14389004}"
     27648,         0,         0,   0.808,exact_mw,a6f040f5268ba168f94c6ccce4ff822b1b844608631bba2e2b8dc7ec85b1e503,"{""distance"":7,""physical_error_rate"":0.0002}","{""detection_events"":16667,""detectors_checked"":16644096}"
     22528,         0,         0,   0.430,exact_mw,a6f040f5268ba168f94c6ccce4ff822b1b844608631bba2e2b8dc7ec85b1e503,"{""distance"":7,""physical_error_rate"":0.0002}","{""detection_events"":13517,""detectors_checked"":13561856}"
     19144,         0,         0,   0.535,exact_mw,a6f040f5268ba168f94c6ccce4ff822b1b844608631bba2e2b8dc7ec85b1e503,"{""distance"":7,""physical_error_rate"":0.0002}","{""detection_events"":11189,""detectors_checked"":11524688}"
     15360,         0,         0,   0.451,exact_mw,a6f040f5268ba168f94c6ccce4ff822b1b844608631bba2e2b8dc7ec85b1e503,"{""distance"":7,""physical_error_rate"":0.0002}","{""detection_events"":9398,""detectors_checked"":9246720}"
     18432,         0,         0,   0.552,exact_mw,a6f040f5268ba168f94c6ccce4ff822b1b844608631bba2e2b8dc7ec85b1e503,"{""distance"":7,""physical_error_rate"":0.0002}","{""detection_events"":11361,""detectors_checked"":11096064}"
     16384,         0,         0,   0.487,exact_mw,a6f040f5268ba168f94c6ccce4ff822b1b844608631bba2e2b8dc7ec85b1e503,"{""distance"":7,""physical_error_rate"":0.0002}","{""detection_events"":9645,""detectors_checked"":9863168}"
     17408,         0,         0,   0.525,exact_mw,a6f040f5268ba168f94c6ccce4ff822b1b844608631bba2e2b8dc7ec85b1e503,"{""distance"":7,""physical_error_rate"":0.0002}","{""detection_events"":10466,""detectors_checked"":10479616}"
     17408,         0,         0,   0.501,exact_mw,a6f040f5268ba168f94c6ccce4ff822b1b844608631bba2e2b8dc7ec85b1e503,"{""distance"":7,""physical_error_rate"":0.0002}","{""detection_events"":10590,""detectors_checked"":10479616}"
     14812,         0,         0,   0.258,exact_mw,a6f040f5268ba168f94c6ccce4ff822b1b844608631bba2e2b8dc7ec85b1e503,"{""distance"":7,""physical_error_rate"":0.0002}","{""detection_events"":8827,""detectors_checked"":8916824}"
      5746,         0,         0,   0.135,exact_mw,a6f040f5268ba168f94c6ccce4ff822b1b844608631bba2e2b8dc7ec85b1e503,"{""distance"":7,""physical_error_rate"":0.0002}","{""detection_events"":3719,""detectors_checked"":3459092}"
     13312,         0,         0,   0.312,exact_mw,a6f040f5268ba168f94c6ccce4ff822b1b844608631bba2e2b8dc7ec85b1e503,"{""distance"":7,""physical_error_rate"":0.0002}","{""detection_events"":7730,""detectors_checked"":8013824}"
      9216,         0,         0,   0.179,exact_mw,a6f040f5268ba168f94c6ccce4ff822b1b844608631bba2e2b8dc7ec85b1e503,"{""distance"":7,""physical_error_rate"":0.0002}","{""detection_events"":5587,""detectors_checked"":5548032}"
      1736,         0,         0,   0.016,exact_mw,a6f040f5268ba168f94c6ccce4ff822b1b844608631bba2e2b8dc7ec85b1e503,"{""distance"":7,""physical_error_rate"":0.0002}","{""detection_events"":1002,""detectors_checked"":1045072}"
     13312,         0,         0,   0.304,exact_mw,a6f040f5268ba168f94c6ccce4ff822b1b844608631bba2e2b8dc7ec85b1e503,"{""distance"":7,""physical_error_rate"":0.0002}","{""detection_events"":7646,""detectors_checked"":8013824}"
       101,         0,         0,   0.001,exact_mw,a6f040f5268ba168f94c6ccce4ff822b1b844608631bba2e2b8dc7ec85b1e503,"{""distance"":7,""physical_error_rate"":0.0002}","{""detection_events"":44,""detectors_checked"":60802}"
      9216,         0,         0,   0.193,exact_mw,a6f040f5268ba168f94c6ccce4ff822b1b844608631bba2e2b8dc7ec85b1e503,"{""distance"":7,""physical_error_rate"":0.0002}","{""detection_events"":5361,""detectors_checked"":5548032}"
      8574,         0,         0,   0.185,exact_mw,a6f040f5268ba168f94c6ccce4ff822b1b844608631bba2e2b8dc7ec85b1e503,"{""distance"":7,""physical_error_rate"":0.0002}","{""detection_events"":4856,""detectors_checked"":5161548}"
       942,         0,         0,   0.006,exact_mw,a6f040f5268ba168f94c6ccce4ff822b1b844608631bba2e2b8dc7ec85b1e503,"{""distance"":7,""physical_error_rate"":0.0002}","{""detection_events"":582,""detectors_checked"":567084}"
       411,         0,         0,   0.006,exact_mw,a6f040f5268ba168f94c6ccce4ff822b1b844608631bba2e2b8dc7ec85b1e503,"{""distance"":7,""physical_error_rate"":0.0002}","{""detection_events"":266,""detectors_checked"":247422}"
       194,         0,         0,   0.002,exact_mw,a6f040f5268ba168f94c6ccce4ff822b1b844608631bba2e2b8dc7ec85b1e503,"{""distance"":7,""physical_error_rate"":0.0002}","{""detection_events"":138,""detectors_checked"":116788}"
       526,         0,         0,   0.004,exact_mw,a6f040f5268ba168f94c6ccce4ff822b1b844608631bba2e2b8dc7ec85b1e503,"{""distance"":7,""physical_error_rate"":0.0002}","{""detection_events"":345,""detectors_checked"":316652}"
       135,         0,         0,   0.004,exact_mw,a6f040f5268ba168f94c6ccce4ff822b1b844608631bba2e2b8dc7ec85b1e503,"{""distance"":7,""physical_error_rate"":0.0002}","{""detection_events"":101,""detectors_checked"":81270}"
       588,         0,         0,   0.007,exact_mw,a6f040f5268ba168f94c6ccce4ff822b1b844608631bba2e2b8dc7ec85b1e503,"{""distance"":7,""physical_error_rate"":0.0002}","{""detection_events"":338,""detectors_checked"":353976}"
        90,         0,         0,   0.001,exact_mw,a6f040f5268ba168f94c6ccce4ff822b1b844608631bba2e2b8dc7ec85b1e503,"{""distance"":7,""physical_error_rate"":0.0002}","{""detection_events"":39,""detectors_checked"":54180}"
      8192,         0,         0,   0.201,exact_mw,a6f040f5268ba168f94c6ccce4ff822b1b844608631bba2e2b8dc7ec85b1e503,"{""distance"":7,""physical_error_rate"":0.0002}","{""detection_events"":4809,""detectors_checked"":4931584}"
      1500,         0,         0,   0.021,exact_mw,a6f040f5268ba168f94c6ccce4ff822b1b844608631bba2e2b8dc7ec85b1e503,"{""distance"":7,""physical_error_rate"":0.0002}","{""detection_events"":893,""detectors_checked"":903000}"
      8192,         0,         0,   0.176,exact_mw,a6f040f5268ba168f94c6ccce4ff822b1b844608631bba2e2b8dc7ec85b1e503,"{""distance"":7,""physical_error_rate"":0.0002}","{""detection_events"":4946,""detectors_checked"":4931584}"
       382,         0,         0,   0.003,exact_mw,a6f040f5268ba168f94c6ccce4ff822b1b844608631bba2e2b8dc7ec85b1e503,"{""distance"":7,""physical_error_rate"":0.0002}","{""detection_events"":218,""detectors_checked"":229964}"
      1500,         0,         0,   0.038,exact_mw,a6f040f5268ba168f94c6ccce4ff822b1b844608631bba2e2b8dc7ec85b1e503,"{""distance"":7,""physical_error_rate"":0.0002}","{""detection_events"":897,""detectors_checked"":903000}"
      5120,         0,         0,   0.126,exact_mw,a6f040f5268ba168f94c6ccce4ff822b1b844608631bba2e2b8dc7ec85b1e503,"{""distance"":7,""physical_error_rate"":0.0002}","{""detection_events"":3022,""detectors_checked"":3082240}"
      4664,         0,         0,   0.125,exact_mw,a6f040f5268ba168f94c6ccce4ff822b1b844608631bba2e2b8dc7ec85b1e503,"{""distance"":7,""physical_error_rate"":0.0002}","{""detection_events"":2809,""detectors_checked"":2807728}"
      4748,         0,         0,   0.128,exact_mw,a6f040f5268ba168f94c6ccce4ff822b1b844608631bba2e2b8dc7ec85b1e503,"{""distance"":7,""physical_error_rate"":0.0002}","{""detection_events"":2706,""detectors_checked"":2858296}"
      7383,         0,         0,   0.175,exact_mw,a6f040f5268ba168f94c6ccce4ff822b1b844608631bba2e2b8dc7ec85b1e503,"{""distance"":7,""physical_error_rate"":0.0002}","{""detection_events"":4207,""detectors_checked"":4444566}"
      3826,         0,         0,   0.085,exact_mw,a6f040f5268ba168f94c6ccce4ff822b1b844608631bba2e2b8dc7ec85b1e503,"{""distance"":7,""physical_error_rate"":0.0002}","{""detection_events"":2248,""detectors_checked"":2303252}"
       578,         0,         0,   0.004,exact_mw,a6f040f5268ba168f94c6ccce4ff822b1b844608631bba2e2b8dc7ec85b1e503,"{""distance"":7,""physical_error_rate"":0.0002}","{""detection_events"":313,""detectors_checked"":347956}"
       382,         0,         0,   0.003,exact_mw,a6f040f5268ba168f94c6ccce4ff822b1b844608631bba2e2b8dc7ec85b1e503,"{""distance"":7,""physical_error_rate"":0.0002}","{""detection_events"":201,""detectors_checked"":229964}"
       349,         0,         0,   0.002,exact_mw,a6f040f5268ba168f94c6ccce4ff822b1b844608631bba2e2b8dc7ec85b1e503,"{""distance"":7,""physical_error_rate"":0.0002}","{""detection_events"":195,""detectors_checked"":210098}"
       129,         0,         0,   0.001,exact_mw,a6f040f5268ba168f94c6ccce4ff822b1b844608631bba2e2b8dc7ec85b1e503,"{""distance"":7,""physical_error_rate"":0.0002}","{""detection_events"":52,""detectors_checked"":77658}"
       733,         0,         0,   0.005,exact_mw,a6f040f5268ba168f94c6ccce4ff822b1b844608631bba2e2b8dc7ec85b1e503,"{""distance"":7,""physical_error_rate"":0.0002}","{""detection_events"":501,""detectors_checked"":441266}"
       722,         0,         0,   0.005,exact_mw,a6f040f5268ba168f94c6ccce4ff822b1b844608631bba2e2b8dc7ec85b1e503,"{""distance"":7,""physical_error_rate"":0.0002}","{""detection_events"":499,""detectors_checked"":434644}"
      4619,         0,         0,   0.138,exact_mw,a6f040f5268ba168f94c6ccce4ff822b1b844608631bba2e2b8dc7ec85b1e503,"{""distance"":7,""physical_error_rate"":0.0002}","{""detection_events"":2624,""detectors_checked"":2780638}"
      1963,         0,         0,   0.050,exact_mw,a6f040f5268ba168f94c6ccce4ff822b1b844608631bba2e2b8dc7ec85b1e503,"{""distance"":7,""physical_error_rate"":0.0002}","{""detection_events"":1007,""detectors_checked"":1181726}"
      1963,         0,         0,   0.045,exact_mw,a6f040f5268ba168f94c6ccce4ff822b1b844608631bba2e2b8dc7ec85b1e503,"{""distance"":7,""physical_error_rate"":0.0002}","{""detection_events"":1059,""detectors_checked"":1181726}"
      1963,         0,         0,   0.052,exact_mw,a6f040f5268ba168f94c6ccce4ff822b1b844608631bba2e2b8dc7ec85b1e503,"{""distance"":7,""physical_error_rate"":0.0002}","{""detection_events"":1242,""detectors_checked"":1181726}"
      6144,         0,         0,   0.744,exact_mw,a6f040f5268ba168f94c6ccce4ff822b1b844608631bba2e2b8dc7ec85b1e503,"{""distance"":7,""physical_error_rate"":0.0002}","{""detection_events"":3316,""detectors_checked"":3698688}"
      3012,         0,         0,   0.081,exact_mw,a6f040f5268ba168f94c6ccce4ff822b1b844608631bba2e2b8dc7ec85b1e503,"{""distance"":7,""physical_error_rate"":0.0002}","{""detection_events"":1759,""detectors_checked"":1813224}"
       320,         0,         0,   0.002,exact_mw,a6f040f5268ba168f94c6ccce4ff822b1b844608631bba2e2b8dc7ec85b1e503,"{""distance"":7,""physical_error_rate"":0.0002}","{""detection_events"":185,""detectors_checked"":192640}"
       422,         0,         0,   0.003,exact_mw,a6f040f5268ba168f94c6ccce4ff822b1b844608631bba2e2b8dc7ec85b1e503,"{""distance"":7,""physical_error_rate"":0.0002}","{""detection_events"":225,""detectors_checked"":254044}"
       502,         0,         0,   0.003,exact_mw,a6f040f5268ba168f94c6ccce4ff822b1b844608631bba2e2b8dc7ec85b1e503,"{""distance"":7,""physical_error_rate"":0.0002}","{""detection_events"":254,""detectors_checked"":302204}"
       300,         0,         0,   0.005,exact_mw,a6f040f5268ba168f94c6ccce4ff822b1b844608631bba2e2b8dc7ec85b1e503,"{""distance"":7,""physical_error_rate"":0.0002}","{""detection_events"":199,""detectors_checked"":180600}"
      1963,         0,         0,   0.090,exact_mw,a6f040f5268ba168f94c6ccce4ff822b1b844608631bba2e2b8dc7ec85b1e503,"{""distance"":7,""physical_error_rate"":0.0002}","{""detection_events"":1060,""detectors_checked"":1181726}"
       502,         0,         0,   0.014,exact_mw,a6f040f5268ba168f94c6ccce4ff822b1b844608631bba2e2b8dc7ec85b1e503,"{""distance"":7,""physical_error_rate"":0.0002}","{""detection_events"":315,""detectors_checked"":302204}"
       502,         0,         0,   0.006,exact_mw,a6f040f5268ba168f94c6ccce4ff822b1b844608631bba2e2b8dc7ec85b1e503,"{""distance"":7,""physical_error_rate"":0.0002}","{""detection_events"":264,""detectors_checked"":302204}"
       502,         0,         0,   0.009,exact_mw,a6f040f5268ba168f94c6ccce4ff822b1b844608631bba2e2b8dc7ec85b1e503,"{""distance"":7,""physical_error_rate"":0.0002}","{""detection_events"":327,""detectors_checked"":302204}"
    792576,         1,         0,   120.0,exact_mw,09f626b7d1c8765fd231bc36902f9c5557d3909c4644565b971bdb2bfb186061,"{""distance"":7,""physical_error_rate"":0.0005}","{""detection_events"":1173101,""detectors_checked"":477130752,""obs_mistake_mask=E"":1}"
    100928,         2,         0,   120.7,exact_mw,fe773c48422346d89ea42b7ea8a90aa3034802874175ef2bfbcd9fbedf677903,"{""distance"":7,""physical_error_rate"":0.001}","{""detection_events"":298996,""detectors_checked"":60758656,""obs_mistake_mask=E"":2}"
         1,         0,         0,   0.022,exact_mw,8842ec4fe0f86aba00650008f7f408db45344cfb5a30f76b1f2c0fb50a8d5069,"{""distance"":7,""physical_error_rate"":0.002}","{""detection_events"":8,""detectors_checked"":602}"
        16,         0,         0,   0.139,exact_mw,8842ec4fe0f86aba00650008f7f408db45344cfb5a30f76b1f2c0fb50a8d5069,"{""distance"":7,""physical_error_rate"":0.002}","{""detection_events"":129,""detectors_checked"":9632}"
         1,         0,         0,   0.001,exact_mw,fe773c48422346d89ea42b7ea8a90aa3034802874175ef2bfbcd9fbedf677903,"{""distance"":7,""physical_error_rate"":0.001}","{""detectors_checked"":602}"
        64,         0,         0,   0.335,exact_mw,8842ec4fe0f86aba00650008f7f408db45344cfb5a30f76b1f2c0fb50a8d5069,"{""distance"":7,""physical_error_rate"":0.002}","{""detection_events"":357,""detectors_checked"":38528}"
       272,         0,         0,   0.281,exact_mw,fe773c48422346d89ea42b7ea8a90aa3034802874175ef2bfbcd9fbedf677903,"{""distance"":7,""physical_error_rate"":0.001}","{""detection_events"":814,""detectors_checked"":163744}"
        64,         0,         0,   0.287,exact_mw,8842ec4fe0f86aba00650008f7f408db45344cfb5a30f76b1f2c0fb50a8d5069,"{""distance"":7,""physical_error_rate"":0.002}","{""detection_events"":430,""detectors_checked"":38528}"
       512,         0,         0,   0.401,exact_mw,fe773c48422346d89ea42b7ea8a90aa3034802874175ef2bfbcd9fbedf677903,"{""distance"":7,""physical_error_rate"":0.001}","{""detection_events"":1572,""detectors_checked"":308224}"
         1,         0,         0,   0.001,exact_mw,09f626b7d1c8765fd231bc36902f9c5557d3909c4644565b971bdb2bfb186061,"{""distance"":7,""physical_error_rate"":0.0005}","{""detection_events"":5,""detectors_checked"":602}"
      1296,         0,         0,   0.111,exact_mw,09f626b7d1c8765fd231bc36902f9c5557d3909c4644565b971bdb2bfb186061,"{""distance"":7,""physical_error_rate"":0.0005}","{""detection_events"":1984,""detectors_checked"":780192}"
       512,         0,         0,   0.296,exact_mw,fe773c48422346d89ea42b7ea8a90aa3034802874175ef2bfbcd9fbedf677903,"{""distance"":7,""physical_error_rate"":0.001}","{""detection_events"":1526,""detectors_checked"":308224}"
         1,         0,         0,   0.001,exact_mw,fe773c48422346d89ea42b7ea8a90aa3034802874175ef2bfbcd9fbedf677903,"{""distance"":7,""physical_error_rate"":0.001}","{""detection_events"":4,""detectors_checked"":602}"
        17,         0,         0,   0.107,exact_mw,8842ec4fe0f86aba00650008f7f408db45344cfb5a30f76b1f2c0fb50a8d5069,"{""distance"":7,""physical_error_rate"":0.002}","{""detection_events"":89,""detectors_checked"":10234}"
       128,         0,         0,   0.546,exact_mw,8842ec4fe0f86aba00650008f7f408db45344cfb5a30f76b1f2c0fb50a8d5069,"{""distance"":7,""physical_error_rate"":0.002}","{""detection_events"":756,""detectors_checked"":77056}"
      1024,         0,         0,   0.154,exact_mw,09f626b7d1c8765fd231bc36902f9c5557d3909c4644565b971bdb2bfb186061,"{""distance"":7,""physical_error_rate"":0.0005}","{""detection_events"":1491,""detectors_checked"":616448}"
        64,         0,         0,   0.222,exact_mw,8842ec4fe0f86aba00650008f7f408db45344cfb5a30f76b1f2c0fb50a8d5069,"{""distance"":7,""physical_error_rate"":0.002}","{""detection_events"":375,""detectors_checked"":38528}"
       272,         0,         0,   0.246,exact_mw,fe773c48422346d89ea42b7ea8a90aa3034802874175ef2bfbcd9fbedf677903,"{""distance"":7,""physical_error_rate"":0.001}","{""detection_events"":826,""detectors_checked"":163744}"
      1024,         0,         0,   0.126,exact_mw,09f626b7d1c8765fd231bc36902f9c5557d3909c4644565b971bdb2bfb186061,"{""distance"":7,""physical_error_rate"":0.0005}","{""detection_events"":1422,""detectors_checked"":616448}"
      1297,         0,         0,   0.305,exact_mw,09f626b7d1c8765fd231bc36902f9c5557d3909c4644565b971bdb2bfb186061,"{""distance"":7,""physical_error_rate"":0.0005}","{""detection_events"":1939,""detectors_checked"":780794}"
      1024,         0,         0,   0.132,exact_mw,09f626b7d1c8765fd231bc36902f9c5557d3909c4644565b971bdb2bfb186061,"{""distance"":7,""physical_error_rate"":0.0005}","{""detection_events"":1474,""detectors_checked"":616448}"
       128,         0,         0,   0.377,exact_mw,8842ec4fe0f86aba00650008f7f408db45344cfb5a30f76b1f2c0fb50a8d5069,"{""distance"":7,""physical_error_rate"":0.002}","{""detection_events"":677,""detectors_checked"":77056}"
       512,         0,         0,   0.308,exact_mw,fe773c48422346d89ea42b7ea8a90aa3034802874175ef2bfbcd9fbedf677903,"{""distance"":7,""physical_error_rate"":0.001}","{""detection_events"":1460,""detectors_checked"":308224}"
      1024,         0,         0,   0.207,exact_mw,09f626b7d1c8765fd231bc36902f9c5557d3909c4644565b971bdb2bfb186061,"{""distance"":7,""physical_error_rate"":0.0005}","{""detection_events"":1493,""detectors_checked"":616448}"
      1024,         0,         0,   0.215,exact_mw,09f626b7d1c8765fd231bc36902f9c5557d3909c4644565b971bdb2bfb186061,"{""distance"":7,""physical_error_rate"":0.0005}","{""detection_events"":1462,""detectors_checked"":616448}"
      1024,         0,         0,   0.089,exact_mw,09f626b7d1c8765fd231bc36902f9c5557d3909c4644565b971bdb2bfb186061,"{""distance"":7,""physical_error_rate"":0.0005}","{""detection_events"":1548,""detectors_checked"":616448}"
      1024,         0,         0,   0.155,exact_mw,09f626b7d1c8765fd231bc36902f9c5557d3909c4644565b971bdb2bfb186061,"{""distance"":7,""physical_error_rate"":0.0005}","{""detection_events"":1545,""detectors_checked"":616448}"
    665600,         3,         0,   119.9,exact_mw,09f626b7d1c8765fd231bc36902f9c5557d3909c4644565b971bdb2bfb186061,"{""distance"":7,""physical_error_rate"":0.0005}","{""detection_events"":982215,""detectors_checked"":400691200,""obs_mistake_mask=E"":3}"
       128,         0,         0,   0.576,exact_mw,8842ec4fe0f86aba00650008f7f408db45344cfb5a30f76b1f2c0fb50a8d5069,"{""distance"":7,""physical_error_rate"":0.002}","{""detection_events"":686,""detectors_checked"":77056}"
      1024,         0,         0,   0.083,exact_mw,09f626b7d1c8765fd231bc36902f9c5557d3909c4644565b971bdb2bfb186061,"{""distance"":7,""physical_error_rate"":0.0005}","{""detection_events"":1372,""detectors_checked"":616448}"
      1024,         0,         0,   0.846,exact_mw,fe773c48422346d89ea42b7ea8a90aa3034802874175ef2bfbcd9fbedf677903,"{""distance"":7,""physical_error_rate"":0.001}","{""detection_events"":2993,""detectors_checked"":616448}"
       512,         0,         0,   0.304,exact_mw,fe773c48422346d89ea42b7ea8a90aa3034802874175ef2bfbcd9fbedf677903,"{""distance"":7,""physical_error_rate"":0.001}","{""detection_events"":1421,""detectors_checked"":308224}"
    630272,         2,         0,   119.8,exact_mw,09f626b7d1c8765fd231bc36902f9c5557d3909c4644565b971bdb2bfb186061,"{""distance"":7,""physical_error_rate"":0.0005}","{""detection_events"":930745,""detectors_checked"":379423744,""obs_mistake_mask=E"":2}"
      1024,         0,         0,   0.152,exact_mw,09f626b7d1c8765fd231bc36902f9c5557d3909c4644565b971bdb2bfb186061,"{""distance"":7,""physical_error_rate"":0.0005}","{""detection_events"":1508,""detectors_checked"":616448}"
       128,         0,         0,   0.465,exact_mw,8842ec4fe0f86aba00650008f7f408db45344cfb5a30f76b1f2c0fb50a8d5069,"{""distance"":7,""physical_error_rate"":0.002}","{""detection_events"":744,""detectors_checked"":77056}"
      1024,         0,         0,   0.135,exact_mw,09f626b7d1c8765fd231bc36902f9c5557d3909c4644565b971bdb2bfb186061,"{""distance"":7,""physical_error_rate"":0.0005}","{""detection_events"":1628,""detectors_checked"":616448}"
      1024,         0,         0,   0.186,exact_mw,09f626b7d1c8765fd231bc36902f9c5557d3909c4644565b971bdb2bfb186061,"{""distance"":7,""physical_error_rate"":0.0005}","{""detection_events"":1560,""detectors_checked"":616448}"
      1024,         0,         0,   0.172,exact_mw,09f626b7d1c8765fd231bc36902f9c5557d3909c4644565b971bdb2bfb186061,"{""distance"":7,""physical_error_rate"":0.0005}","{""detection_events"":1545,""detectors_checked"":616448}"
      1024,         0,         0,   0.088,exact_mw,09f626b7d1c8765fd231bc36902f9c5557d3909c4644565b971bdb2bfb186061,"{""distance"":7,""physical_error_rate"":0.0005}","{""detection_events"":1481,""detectors_checked"":616448}"
         1,         0,         0,   0.006,exact_mw,8842ec4fe0f86aba00650008f7f408db45344cfb5a30f76b1f2c0fb50a8d5069,"{""distance"":7,""physical_error_rate"":0.002}","{""detection_events"":18,""detectors_checked"":602}"
       512,         0,         0,   0.415,exact_mw,fe773c48422346d89ea42b7ea8a90aa3034802874175ef2bfbcd9fbedf677903,"{""distance"":7,""physical_error_rate"":0.001}","{""detection_events"":1493,""detectors_checked"":308224}"
        16,         0,         0,   0.050,exact_mw,8842ec4fe0f86aba00650008f7f408db45344cfb5a30f76b1f2c0fb50a8d5069,"{""distance"":7,""physical_error_rate"":0.002}","{""detection_events"":94,""detectors_checked"":9632}"
      2048,         0,         0,   0.274,exact_mw,09f626b7d1c8765fd231bc36902f9c5557d3909c4644565b971bdb2bfb186061,"{""distance"":7,""physical_error_rate"":0.0005}","{""detection_events"":3034,""detectors_checked"":1232896}"
      1024,         0,         0,   0.131,exact_mw,09f626b7d1c8765fd231bc36902f9c5557d3909c4644565b971bdb2bfb186061,"{""distance"":7,""physical_error_rate"":0.0005}","{""detection_events"":1394,""detectors_checked"":616448}"
        17,         0,         0,   0.101,exact_mw,8842ec4fe0f86aba00650008f7f408db45344cfb5a30f76b1f2c0fb50a8d5069,"{""distance"":7,""physical_error_rate"":0.002}","{""detection_events"":131,""detectors_checked"":10234}"
       128,         0,         0,   0.638,exact_mw,8842ec4fe0f86aba00650008f7f408db45344cfb5a30f76b1f2c0fb50a8d5069,"{""distance"":7,""physical_error_rate"":0.002}","{""detection_events"":738,""detectors_checked"":77056}"
       128,         0,         0,   0.511,exact_mw,8842ec4fe0f86aba00650008f7f408db45344cfb5a30f76b1f2c0fb50a8d5069,"{""distance"":7,""physical_error_rate"":0.002}","{""detection_events"":717,""detectors_checked"":77056}"
      1024,         0,         0,   0.650,exact_mw,fe773c48422346d89ea42b7ea8a90aa3034802874175ef2bfbcd9fbedf677903,"{""distance"":7,""physical_error_rate"":0.001}","{""detection_events"":2938,""detectors_checked"":616448}"
       273,         0,         0,   0.238,exact_mw,fe773c48422346d89ea42b7ea8a90aa3034802874175ef2bfbcd9fbedf677903,"{""distance"":7,""physical_error_rate"":0.001}","{""detection_events"":773,""detectors_checked"":164346}"
      2048,         0,         0,   0.280,exact_mw,09f626b7d1c8765fd231bc36902f9c5557d3909c4644565b971bdb2bfb186061,"{""distance"":7,""physical_error_rate"":0.0005}","{""detection_events"":3070,""detectors_checked"":1232896}"
       512,         0,         0,   0.422,exact_mw,fe773c48422346d89ea42b7ea8a90aa3034802874175ef2bfbcd9fbedf677903,"{""distance"":7,""physical_error_rate"":0.001}","{""detection_events"":1400,""detectors_checked"":308224}"
        64,         0,         0,   0.268,exact_mw,8842ec4fe0f86aba00650008f7f408db45344cfb5a30f76b1f2c0fb50a8d5069,"{""distance"":7,""physical_error_rate"":0.002}","{""detection_events"":396,""detectors_checked"":38528}"
      3072,         0,         0,   0.371,exact_mw,09f626b7d1c8765fd231bc36902f9c5557d3909c4644565b971bdb2bfb186061,"{""distance"":7,""physical_error_rate"":0.0005}","{""detection_events"":4404,""detectors_checked"":1849344}"
       128,         0,         0,   0.475,exact_mw,8842ec4fe0f86aba00650008f7f408db45344cfb5a30f76b1f2c0fb50a8d5069,"{""distance"":7,""physical_error_rate"":0.002}","{""detection_events"":695,""detectors_checked"":77056}"
       512,         0,         0,   0.434,exact_mw,fe773c48422346d89ea42b7ea8a90aa3034802874175ef2bfbcd9fbedf677903,"{""distance"":7,""physical_error_rate"":0.001}","{""detection_events"":1520,""detectors_checked"":308224}"
       128,         0,         0,   0.518,exact_mw,8842ec4fe0f86aba00650008f7f408db45344cfb5a30f76b1f2c0fb50a8d5069,"{""distance"":7,""physical_error_rate"":0.002}","{""detection_events"":764,""detectors_checked"":77056}"
       512,         0,         0,   0.378,exact_mw,fe773c48422346d89ea42b7ea8a90aa3034802874175ef2bfbcd9fbedf677903,"{""distance"":7,""physical_error_rate"":0.001}","{""detection_events"":1601,""detectors_checked"":308224}"
       128,         0,         0,   0.649,exact_mw,8842ec4fe0f86aba00650008f7f408db45344cfb5a30f76b1f2c0fb50a8d5069,"{""distance"":7,""physical_error_rate"":0.002}","{""detection_events"":736,""detectors_checked"":77056}"
      2048,         0,         0,   0.445,exact_mw,09f626b7d1c8765fd231bc36902f9c5557d3909c4644565b971bdb2bfb186061,"{""distance"":7,""physical_error_rate"":0.0005}","{""detection_events"":3166,""detectors_checked"":1232896}"
       128,         0,         0,   0.436,exact_mw,8842ec4fe0f86aba00650008f7f408db45344cfb5a30f76b1f2c0fb50a8d5069,"{""distance"":7,""physical_error_rate"":0.002}","{""detection_events"":651,""detectors_checked"":77056}"
      3072,         0,         0,   0.486,exact_mw,09f626b7d1c8765fd231bc36902f9c5557d3909c4644565b971bdb2bfb186061,"{""distance"":7,""physical_error_rate"":0.0005}","{""detection_events"":4484,""detectors_checked"":1849344}"
        17,         0,         0,   0.085,exact_mw,8842ec4fe0f86aba00650008f7f408db45344cfb5a30f76b1f2c0fb50a8d5069,"{""distance"":7,""physical_error_rate"":0.002}","{""detection_events"":100,""detectors_checked"":10234}"
      1024,         0,         0,   0.840,exact_mw,fe773c48422346d89ea42b7ea8a90aa3034802874175ef2bfbcd9fbedf677903,"{""distance"":7,""physical_error_rate"":0.001}","{""detection_events"":2819,""detectors_checked"":616448}"
       128,         0,         0,   0.594,exact_mw,8842ec4fe0f86aba00650008f7f408db45344cfb5a30f76b1f2c0fb50a8d5069,"{""distance"":7,""physical_error_rate"":0.002}","{""detection_events"":874,""detectors_checked"":77056}"
       512,         0,         0,   0.397,exact_mw,fe773c48422346d89ea42b7ea8a90aa3034802874175ef2bfbcd9fbedf677903,"{""distance"":7,""physical_error_rate"":0.001}","{""detection_events"":1543,""detectors_checked"":308224}"
      2048,         0,         0,   0.295,exact_mw,09f626b7d1c8765fd231bc36902f9c5557d3909c4644565b971bdb2bfb186061,"{""distance"":7,""physical_error_rate"":0.0005}","{""detection_events"":3089,""detectors_checked"":1232896}"
       128,         0,         0,   0.433,exact_mw,8842ec4fe0f86aba00650008f7f408db45344cfb5a30f76b1f2c0fb50a8d5069,"{""distance"":7,""physical_error_rate"":0.002}","{""detection_events"":683,""detectors_checked"":77056}"
        64,         0,         0,   0.221,exact_mw,8842ec4fe0f86aba00650008f7f408db45344cfb5a30f76b1f2c0fb50a8d5069,"{""distance"":7,""physical_error_rate"":0.002}","{""detection_events"":346,""detectors_checked"":38528}"
       512,         0,         0,   0.410,exact_mw,fe773c48422346d89ea42b7ea8a90aa3034802874175ef2bfbcd9fbedf677903,"{""distance"":7,""physical_error_rate"":0.001}","{""detection_events"":1529,""detectors_checked"":308224}"
       128,         0,         0,   0.432,exact_mw,8842ec4fe0f86aba00650008f7f408db45344cfb5a30f76b1f2c0fb50a8d5069,"{""distance"":7,""physical_error_rate"":0.002}","{""detection_events"":738,""detectors_checked"":77056}"
        17,         0,         0,   0.038,exact_mw,fe773c48422346d89ea42b7ea8a90aa3034802874175ef2bfbcd9fbedf677903,"{""distance"":7,""physical_error_rate"":0.001}","{""detection_events"":60,""detectors_checked"":10234}"
       128,         0,         0,   0.495,exact_mw,8842ec4fe0f86aba00650008f7f408db45344cfb5a30f76b1f2c0fb50a8d5069,"{""distance"":7,""physical_error_rate"":0.002}","{""detection_events"":717,""detectors_checked"":77056}"
       256,         0,         0,   0.171,exact_mw,fe773c48422346d89ea42b7ea8a90aa3034802874175ef2bfbcd9fbedf677903,"{""distance"":7,""physical_error_rate"":0.001}","{""detection_events"":706,""detectors_checked"":154112}"
       128,         0,         0,   0.420,exact_mw,8842ec4fe0f86aba00650008f7f408db45344cfb5a30f76b1f2c0fb50a8d5069,"{""distance"":7,""physical_error_rate"":0.002}","{""detection_events"":744,""detectors_checked"":77056}"
       512,         0,         0,   0.439,exact_mw,fe773c48422346d89ea42b7ea8a90aa3034802874175ef2bfbcd9fbedf677903,"{""distance"":7,""physical_error_rate"":0.001}","{""detection_events"":1573,""detectors_checked"":308224}"
       128,         0,         0,   0.460,exact_mw,8842ec4fe0f86aba00650008f7f408db45344cfb5a30f76b1f2c0fb50a8d5069,"{""distance"":7,""physical_error_rate"":0.002}","{""detection_events"":797,""detectors_checked"":77056}"
      4096,         0,         0,   0.533,exact_mw,09f626b7d1c8765fd231bc36902f9c5557d3909c4644565b971bdb2bfb186061,"{""distance"":7,""physical_error_rate"":0.0005}","{""detection_events"":5973,""detectors_checked"":2465792}"
      5120,         0,         0,   0.703,exact_mw,09f626b7d1c8765fd231bc36902f9c5557d3909c4644565b971bdb2bfb186061,"{""distance"":7,""physical_error_rate"":0.0005}","{""detection_events"":7494,""detectors_checked"":3082240}"
       512,         0,         0,   0.455,exact_mw,fe773c48422346d89ea42b7ea8a90aa3034802874175ef2bfbcd9fbedf677903,"{""distance"":7,""physical_error_rate"":0.001}","{""detection_events"":1360,""detectors_checked"":308224}"
       128,         0,         0,   0.359,exact_mw,8842ec4fe0f86aba00650008f7f408db45344cfb5a30f76b1f2c0fb50a8d5069,"{""distance"":7,""physical_error_rate"":0.002}","{""detection_events"":667,""detectors_checked"":77056}"
       128,         0,         0,   0.464,exact_mw,8842ec4fe0f86aba00650008f7f408db45344cfb5a30f76b1f2c0fb50a8d5069,"{""distance"":7,""physical_error_rate"":0.002}","{""detection_events"":777,""detectors_checked"":77056}"
     27264,         1,         0,   120.2,exact_mw,8842ec4fe0f86aba00650008f7f408db45344cfb5a30f76b1f2c0fb50a8d5069,"{""distance"":7,""physical_error_rate"":0.002}","{""detection_events"":159400,""detectors_checked"":16412928,""obs_mistake_mask=E"":1}"
       512,         0,         0,   0.313,exact_mw,fe773c48422346d89ea42b7ea8a90aa3034802874175ef2bfbcd9fbedf677903,"{""distance"":7,""physical_error_rate"":0.001}","{""detection_events"":1439,""detectors_checked"":308224}"
       128,         0,         0,   0.707,exact_mw,8842ec4fe0f86aba00650008f7f408db45344cfb5a30f76b1f2c0fb50a8d5069,"{""distance"":7,""physical_error_rate"":0.002}","{""detection_events"":716,""detectors_checked"":77056}"
       512,         0,         0,   0.539,exact_mw,fe773c48422346d89ea42b7ea8a90aa3034802874175ef2bfbcd9fbedf677903,"{""distance"":7,""physical_error_rate"":0.001}","{""detection_events"":1655,""detectors_checked"":308224}"
       128,         0,         0,   0.417,exact_mw,8842ec4fe0f86aba00650008f7f408db45344cfb5a30f76b1f2c0fb50a8d5069,"{""distance"":7,""physical_error_rate"":0.002}","{""detection_events"":746,""detectors_checked"":77056}"
       128,         0,         0,   0.518,exact_mw,8842ec4fe0f86aba00650008f7f408db45344cfb5a30f76b1f2c0fb50a8d5069,"{""distance"":7,""physical_error_rate"":0.002}","{""detection_events"":720,""detectors_checked"":77056}"
      1024,         0,         0,    1.06,exact_mw,fe773c48422346d89ea42b7ea8a90aa3034802874175ef2bfbcd9fbedf677903,"{""distance"":7,""physical_error_rate"":0.001}","{""detection_events"":3348,""detectors_checked"":616448}"
       273,         0,         0,   0.052,exact_mw,09f626b7d1c8765fd231bc36902f9c5557d3909c4644565b971bdb2bfb186061,"{""distance"":7,""physical_error_rate"":0.0005}","{""detection_events"":420,""detectors_checked"":164346}"
       128,         0,         0,   0.532,exact_mw,8842ec4fe0f86aba00650008f7f408db45344cfb5a30f76b1f2c0fb50a8d5069,"{""distance"":7,""physical_error_rate"":0.002}","{""detection_events"":787,""detectors_checked"":77056}"
       128,         0,         0,   0.482,exact_mw,8842ec4fe0f86aba00650008f7f408db45344cfb5a30f76b1f2c0fb50a8d5069,"{""distance"":7,""physical_error_rate"":0.002}","{""detection_events"":761,""detectors_checked"":77056}"
       512,         0,         0,   0.601,exact_mw,fe773c48422346d89ea42b7ea8a90aa3034802874175ef2bfbcd9fbedf677903,"{""distance"":7,""physical_error_rate"":0.001}","{""detection_events"":1586,""detectors_checked"":308224}"
        17,         0,         0,   0.028,exact_mw,8842ec4fe0f86aba00650008f7f408db45344cfb5a30f76b1f2c0fb50a8d5069,"{""distance"":7,""physical_error_rate"":0.002}","{""detection_events"":73,""detectors_checked"":10234}"
      1024,         0,         0,   0.176,exact_mw,09f626b7d1c8765fd231bc36902f9c5557d3909c4644565b971bdb2bfb186061,"{""distance"":7,""physical_error_rate"":0.0005}","{""detection_events"":1580,""detectors_checked"":616448}"
      4096,         0,         0,   0.684,exact_mw,09f626b7d1c8765fd231bc36902f9c5557d3909c4644565b971bdb2bfb186061,"{""distance"":7,""physical_error_rate"":0.0005}","{""detection_events"":6028,""detectors_checked"":2465792}"
       512,         0,         0,   0.513,exact_mw,fe773c48422346d89ea42b7ea8a90aa3034802874175ef2bfbcd9fbedf677903,"{""distance"":7,""physical_error_rate"":0.001}","{""detection_events"":1458,""detectors_checked"":308224}"
      1024,         0,         0,   0.171,exact_mw,09f626b7d1c8765fd231bc36902f9c5557d3909c4644565b971bdb2bfb186061,"{""distance"":7,""physical_error_rate"":0.0005}","{""detection_events"":1567,""detectors_checked"":616448}"
       128,         0,         0,   0.459,exact_mw,8842ec4fe0f86aba00650008f7f408db45344cfb5a30f76b1f2c0fb50a8d5069,"{""distance"":7,""physical_error_rate"":0.002}","{""detection_events"":766,""detectors_checked"":77056}"
       512,         0,         0,   0.488,exact_mw,fe773c48422346d89ea42b7ea8a90aa3034802874175ef2bfbcd9fbedf677903,"{""distance"":7,""physical_error_rate"":0.001}","{""detection_events"":1523,""detectors_checked"":308224}"
      7168,         0,         0,   0.877,exact_mw,09f626b7d1c8765fd231bc36902f9c5557d3909c4644565b971bdb2bfb186061,"{""distance"":7,""physical_error_rate"":0.0005}","{""detection_events"":10929,""detectors_checked"":4315136}"
       128,         0,         0,   0.652,exact_mw,8842ec4fe0f86aba00650008f7f408db45344cfb5a30f76b1f2c0fb50a8d5069,"{""distance"":7,""physical_error_rate"":0.002}","{""detection_events"":749,""detectors_checked"":77056}"
       128,         0,         0,   0.575,exact_mw,8842ec4fe0f86aba00650008f7f408db45344cfb5a30f76b1f2c0fb50a8d5069,"{""distance"":7,""physical_error_rate"":0.002}","{""detection_events"":832,""detectors_checked"":77056}"
      1024,         0,         0,   0.131,exact_mw,09f626b7d1c8765fd231bc36902f9c5557d3909c4644565b971bdb2bfb186061,"{""distance"":7,""physical_error_rate"":0.0005}","{""detection_events"":1541,""detectors_checked"":616448}"
       128,         0,         0,   0.457,exact_mw,8842ec4fe0f86aba00650008f7f408db45344cfb5a30f76b1f2c0fb50a8d5069,"{""distance"":7,""physical_error_rate"":0.002}","{""detection_events"":730,""detectors_checked"":77056}"
      1024,         0,         0,   0.127,exact_mw,09f626b7d1c8765fd231bc36902f9c5557d3909c4644565b971bdb2bfb186061,"{""distance"":7,""physical_error_rate"":0.0005}","{""detection_events"":1646,""detectors_checked"":616448}"
       128,         0,         0,   0.544,exact_mw,8842ec4fe0f86aba00650008f7f408db45344cfb5a30f76b1f2c0fb50a8d5069,"{""distance"":7,""physical_error_rate"":0.002}","{""detection_events"":734,""detectors_checked"":77056}"
       512,         0,         0,   0.497,exact_mw,fe773c48422346d89ea42b7ea8a90aa3034802874175ef2bfbcd9fbedf677903,"{""distance"":7,""physical_error_rate"":0.001}","{""detection_events"":1575,""detectors_checked"":308224}"
       512,         0,         0,   0.454,exact_mw,fe773c48422346d89ea42b7ea8a90aa3034802874175ef2bfbcd9fbedf677903,"{""distance"":7,""physical_error_rate"":0.001}","{""detection_events"":1466,""detectors_checked"":308224}"
       512,         0,         0,   0.352,exact_mw,fe773c48422346d89ea42b7ea8a90aa3034802874175ef2bfbcd9fbedf677903,"{""distance"":7,""physical_error_rate"":0.001}","{""detection_events"":1502,""detectors_checked"":308224}"
      1024,         0,         0,   0.124,exact_mw,09f626b7d1c8765fd231bc36902f9c5557d3909c4644565b971bdb2bfb186061,"{""distance"":7,""physical_error_rate"":0.0005}","{""detection_events"":1597,""detectors_checked"":616448}"
      1024,         0,         0,   0.794,exact_mw,fe773c48422346d89ea42b7ea8a90aa3034802874175ef2bfbcd9fbedf677903,"{""distance"":7,""physical_error_rate"":0.001}","{""detection_events"":2957,""detectors_checked"":616448}"
       128,         0,         0,   0.420,exact_mw,8842ec4fe0f86aba00650008f7f408db45344cfb5a30f76b1f2c0fb50a8d5069,"{""distance"":7,""physical_error_rate"":0.002}","{""detection_events"":606,""detectors_checked"":77056}"
       273,         0,         0,   0.243,exact_mw,fe773c48422346d89ea42b7ea8a90aa3034802874175ef2bfbcd9fbedf677903,"{""distance"":7,""physical_error_rate"":0.001}","{""detection_events"":782,""detectors_checked"":164346}"
      1024,         0,         0,   0.234,exact_mw,09f626b7d1c8765fd231bc36902f9c5557d3909c4644565b971bdb2bfb186061,"{""distance"":7,""physical_error_rate"":0.0005}","{""detection_events"":1521,""detectors_checked"":616448}"
       128,         0,         0,   0.406,exact_mw,8842ec4fe0f86aba00650008f7f408db45344cfb5a30f76b1f2c0fb50a8d5069,"{""distance"":7,""physical_error_rate"":0.002}","{""detection_events"":691,""detectors_checked"":77056}"
       512,         0,         0,   0.415,exact_mw,fe773c48422346d89ea42b7ea8a90aa3034802874175ef2bfbcd9fbedf677903,"{""distance"":7,""physical_error_rate"":0.001}","{""detection_events"":1357,""detectors_checked"":308224}"
      6144,         0,         0,   0.878,exact_mw,09f626b7d1c8765fd231bc36902f9c5557d3909c4644565b971bdb2bfb186061,"{""distance"":7,""physical_error_rate"":0.0005}","{""detection_events"":9063,""detectors_checked"":3698688}"
       128,         0,         0,   0.640,exact_mw,8842ec4fe0f86aba00650008f7f408db45344cfb5a30f76b1f2c0fb50a8d5069,"{""distance"":7,""physical_error_rate"":0.002}","{""detection_events"":679,""detectors_checked"":77056}"
       128,         0,         0,   0.596,exact_mw,8842ec4fe0f86aba00650008f7f408db45344cfb5a30f76b1f2c0fb50a8d5069,"{""distance"":7,""physical_error_rate"":0.002}","{""detection_events"":878,""detectors_checked"":77056}"
       512,         0,         0,   0.472,exact_mw,fe773c48422346d89ea42b7ea8a90aa3034802874175ef2bfbcd9fbedf677903,"{""distance"":7,""physical_error_rate"":0.001}","{""detection_events"":1589,""detectors_checked"":308224}"
      2048,         0,         0,   0.217,exact_mw,09f626b7d1c8765fd231bc36902f9c5557d3909c4644565b971bdb2bfb186061,"{""distance"":7,""physical_error_rate"":0.0005}","{""detection_events"":2978,""detectors_checked"":1232896}"
       256,         0,         0,    1.12,exact_mw,8842ec4fe0f86aba00650008f7f408db45344cfb5a30f76b1f2c0fb50a8d5069,"{""distance"":7,""physical_error_rate"":0.002}","{""detection_events"":1476,""detectors_checked"":154112}"
       512,         0,         0,   0.589,exact_mw,fe773c48422346d89ea42b7ea8a90aa3034802874175ef2bfbcd9fbedf677903,"{""distance"":7,""physical_error_rate"":0.001}","{""detection_events"":1518,""detectors_checked"":308224}"
       512,         0,         0,   0.423,exact_mw,fe773c48422346d89ea42b7ea8a90aa3034802874175ef2bfbcd9fbedf677903,"{""distance"":7,""physical_error_rate"":0.001}","{""detection_events"":1602,""detectors_checked"":308224}"
       128,         0,         0,   0.561,exact_mw,8842ec4fe0f86aba00650008f7f408db45344cfb5a30f76b1f2c0fb50a8d5069,"{""distance"":7,""physical_error_rate"":0.002}","{""detection_events"":761,""detectors_checked"":77056}"
      2048,         0,         0,   0.274,exact_mw,09f626b7d1c8765fd231bc36902f9c5557d3909c4644565b971bdb2bfb186061,"{""distance"":7,""physical_error_rate"":0.0005}","{""detection_events"":2919,""detectors_checked"":1232896}"
       256,         0,         0,    1.06,exact_mw,8842ec4fe0f86aba00650008f7f408db45344cfb5a30f76b1f2c0fb50a8d5069,"{""distance"":7,""physical_error_rate"":0.002}","{""detection_events"":1497,""detectors_checked"":154112}"
       128,         0,         0,   0.527,exact_mw,8842ec4fe0f86aba00650008f7f408db45344cfb5a30f76b1f2c0fb50a8d5069,"{""distance"":7,""physical_error_rate"":0.002}","{""detection_events"":754,""detectors_checked"":77056}"
       512,         0,         0,   0.434,exact_mw,fe773c48422346d89ea42b7ea8a90aa3034802874175ef2bfbcd9fbedf677903,"{""distance"":7,""physical_error_rate"":0.001}","{""detection_events"":1540,""detectors_checked"":308224}"
      1024,         0,         0,   0.870,exact_mw,fe773c48422346d89ea42b7ea8a90aa3034802874175ef2bfbcd9fbedf677903,"{""distance"":7,""physical_error_rate"":0.001}","{""detection_events"":3137,""detectors_checked"":616448}"
       128,         0,         0,   0.472,exact_mw,8842ec4fe0f86aba00650008f7f408db45344cfb5a30f76b1f2c0fb50a8d5069,"{""distance"":7,""physical_error_rate"":0.002}","{""detection_events"":737,""detectors_checked"":77056}"
      8192,         0,         0,    1.33,exact_mw,09f626b7d1c8765fd231bc36902f9c5557d3909c4644565b971bdb2bfb186061,"{""distance"":7,""physical_error_rate"":0.0005}","{""detection_events"":12402,""detectors_checked"":4931584}"
      1024,         0,         0,   0.819,exact_mw,fe773c48422346d89ea42b7ea8a90aa3034802874175ef2bfbcd9fbedf677903,"{""distance"":7,""physical_error_rate"":0.001}","{""detection_events"":2898,""detectors_checked"":616448}"
       512,         0,         0,   0.523,exact_mw,fe773c48422346d89ea42b7ea8a90aa3034802874175ef2bfbcd9fbedf677903,"{""distance"":7,""physical_error_rate"":0.001}","{""detection_events"":1655,""detectors_checked"":308224}"
       128,         0,         0,   0.519,exact_mw,8842ec4fe0f86aba00650008f7f408db45344cfb5a30f76b1f2c0fb50a8d5069,"{""distance"":7,""physical_error_rate"":0.002}","{""detection_events"":717,""detectors_checked"":77056}"
       128,         0,         0,   0.858,exact_mw,8842ec4fe0f86aba00650008f7f408db45344cfb5a30f76b1f2c0fb50a8d5069,"{""distance"":7,""physical_error_rate"":0.002}","{""detection_events"":758,""detectors_checked"":77056}"
      2048,         0,         0,   0.455,exact_mw,09f626b7d1c8765fd231bc36902f9c5557d3909c4644565b971bdb2bfb186061,"{""distance"":7,""physical_error_rate"":0.0005}","{""detection_events"":3093,""detectors_checked"":1232896}"
       512,         0,         0,   0.640,exact_mw,fe773c48422346d89ea42b7ea8a90aa3034802874175ef2bfbcd9fbedf677903,"{""distance"":7,""physical_error_rate"":0.001}","{""detection_events"":1600,""detectors_checked"":308224}"
       512,         0,         0,   0.346,exact_mw,fe773c48422346d89ea42b7ea8a90aa3034802874175ef2bfbcd9fbedf677903,"{""distance"":7,""physical_error_rate"":0.001}","{""detection_events"":1561,""detectors_checked"":308224}"
       128,         0,         0,   0.547,exact_mw,8842ec4fe0f86aba00650008f7f408db45344cfb5a30f76b1f2c0fb50a8d5069,"{""distance"":7,""physical_error_rate"":0.002}","{""detection_events"":802,""detectors_checked"":77056}"
      6144,         0,         0,    1.12,exact_mw,09f626b7d1c8765fd231bc36902f9c5557d3909c4644565b971bdb2bfb186061,"{""distance"":7,""physical_error_rate"":0.0005}","{""detection_events"":9014,""detectors_checked"":3698688}"
       128,         1,         0,   0.341,exact_mw,8842ec4fe0f86aba00650008f7f408db45344cfb5a30f76b1f2c0fb50a8d5069,"{""distance"":7,""physical_error_rate"":0.002}","{""detection_events"":688,""detectors_checked"":77056,""obs_mistake_mask=E"":1}"
       512,         0,         0,   0.371,exact_mw,fe773c48422346d89ea42b7ea8a90aa3034802874175ef2bfbcd9fbedf677903,"{""distance"":7,""physical_error_rate"":0.001}","{""detection_events"":1500,""detectors_checked"":308224}"
      3072,         0,         0,   0.397,exact_mw,09f626b7d1c8765fd231bc36902f9c5557d3909c4644565b971bdb2bfb186061,"{""distance"":7,""physical_error_rate"":0.0005}","{""detection_events"":4526,""detectors_checked"":1849344}"
       512,         0,         0,   0.393,exact_mw,fe773c48422346d89ea42b7ea8a90aa3034802874175ef2bfbcd9fbedf677903,"{""distance"":7,""physical_error_rate"":0.001}","{""detection_events"":1476,""detectors_checked"":308224}"
       256,         1,         0,    1.06,exact_mw,8842ec4fe0f86aba00650008f7f408db45344cfb5a30f76b1f2c0fb50a8d5069,"{""distance"":7,""physical_error_rate"":0.002}","{""detection_events"":1578,""detectors_checked"":154112,""obs_mistake_mask=E"":1}"
       128,         0,         0,   0.707,exact_mw,8842ec4fe0f86aba00650008f7f408db45344cfb5a30f76b1f2c0fb50a8d5069,"{""distance"":7,""physical_error_rate"":0.002}","{""detection_events"":806,""detectors_checked"":77056}"
      1024,         0,         0,   0.751,exact_mw,fe773c48422346d89ea42b7ea8a90aa3034802874175ef2bfbcd9fbedf677903,"{""distance"":7,""physical_error_rate"":0.001}","{""detection_events"":2893,""detectors_checked"":616448}"
       128,         0,         0,   0.495,exact_mw,8842ec4fe0f86aba00650008f7f408db45344cfb5a30f76b1f2c0fb50a8d5069,"{""distance"":7,""physical_error_rate"":0.002}","{""detection_events"":766,""detectors_checked"":77056}"
       128,         0,         0,   0.448,exact_mw,8842ec4fe0f86aba00650008f7f408db45344cfb5a30f76b1f2c0fb50a8d5069,"{""distance"":7,""physical_error_rate"":0.002}","{""detection_events"":703,""detectors_checked"":77056}"
      1024,         0,         0,   0.808,exact_mw,fe773c48422346d89ea42b7ea8a90aa3034802874175ef2bfbcd9fbedf677903,"{""distance"":7,""physical_error_rate"":0.001}","{""detection_events"":2944,""detectors_checked"":616448}"
       512,         0,         0,   0.694,exact_mw,fe773c48422346d89ea42b7ea8a90aa3034802874175ef2bfbcd9fbedf677903,"{""distance"":7,""physical_error_rate"":0.001}","{""detection_events"":1520,""detectors_checked"":308224}"
       512,         0,         0,   0.463,exact_mw,fe773c48422346d89ea42b7ea8a90aa3034802874175ef2bfbcd9fbedf677903,"{""distance"":7,""physical_error_rate"":0.001}","{""detection_events"":1537,""detectors_checked"":308224}"
       512,         0,         0,   0.429,exact_mw,fe773c48422346d89ea42b7ea8a90aa3034802874175ef2bfbcd9fbedf677903,"{""distance"":7,""physical_error_rate"":0.001}","{""detection_events"":1572,""detectors_checked"":308224}"
       128,         0,         0,   0.417,exact_mw,8842ec4fe0f86aba00650008f7f408db45344cfb5a30f76b1f2c0fb50a8d5069,"{""distance"":7,""physical_error_rate"":0.002}","{""detection_events"":747,""detectors_checked"":77056}"
      4096,         0,         0,   0.492,exact_mw,09f626b7d1c8765fd231bc36902f9c5557d3909c4644565b971bdb2bfb186061,"{""distance"":7,""physical_error_rate"":0.0005}","{""detection_events"":6234,""detectors_checked"":2465792}"
       128,         1,         0,   0.405,exact_mw,8842ec4fe0f86aba00650008f7f408db45344cfb5a30f76b1f2c0fb50a8d5069,"{""distance"":7,""physical_error_rate"":0.002}","{""detection_events"":779,""detectors_checked"":77056,""obs_mistake_mask=E"":1}"
       384,         0,         0,    1.47,exact_mw,8842ec4fe0f86aba00650008f7f408db45344cfb5a30f76b1f2c0fb50a8d5069,"{""distance"":7,""physical_error_rate"":0.002}","{""detection_events"":2348,""detectors_checked"":231168}"
       256,         0,         0,   0.888,exact_mw,8842ec4fe0f86aba00650008f7f408db45344cfb5a30f76b1f2c0fb50a8d5069,"{""distance"":7,""physical_error_rate"":0.002}","{""detection_events"":1362,""detectors_checked"":154112}"
       512,         0,         0,   0.305,exact_mw,fe773c48422346d89ea42b7ea8a90aa3034802874175ef2bfbcd9fbedf677903,"{""distance"":7,""physical_error_rate"":0.001}","{""detection_events"":1504,""detectors_checked"":308224}"
       512,         0,         0,   0.451,exact_mw,fe773c48422346d89ea42b7ea8a90aa3034802874175ef2bfbcd9fbedf677903,"{""distance"":7,""physical_error_rate"":0.001}","{""detection_events"":1449,""detectors_checked"":308224}"
       512,         0,         0,   0.489,exact_mw,fe773c48422346d89ea42b7ea8a90aa3034802874175ef2bfbcd9fbedf677903,"{""distance"":7,""physical_error_rate"":0.001}","{""detection_events"":1599,""detectors_checked"":308224}"
      1024,         0,         0,   0.870,exact_mw,fe773c48422346d89ea42b7ea8a90aa3034802874175ef2bfbcd9fbedf677903,"{""distance"":7,""physical_error_rate"":0.001}","{""detection_events"":3034,""detectors_checked"":616448}"
       128,         0,         0,   0.513,exact_mw,8842ec4fe0f86aba00650008f7f408db45344cfb5a30f76b1f2c0fb50a8d5069,"{""distance"":7,""physical_error_rate"":0.002}","{""detection_events"":809,""detectors_checked"":77056}"
     11264,         0,         0,    1.57,exact_mw,09f626b7d1c8765fd231bc36902f9c5557d3909c4644565b971bdb2bfb186061,"{""distance"":7,""physical_error_rate"":0.0005}","{""detection_events"":16309,""detectors_checked"":6780928}"
       128,         0,         0,   0.482,exact_mw,8842ec4fe0f86aba00650008f7f408db45344cfb5a30f76b1f2c0fb50a8d5069,"{""distance"":7,""physical_error_rate"":0.002}","{""detection_events"":702,""detectors_checked"":77056}"
       256,         0,         0,   0.761,exact_mw,8842ec4fe0f86aba00650008f7f408db45344cfb5a30f76b1f2c0fb50a8d5069,"{""distance"":7,""physical_error_rate"":0.002}","{""detection_events"":1388,""detectors_checked"":154112}"
      5120,         0,         0,   0.706,exact_mw,09f626b7d1c8765fd231bc36902f9c5557d3909c4644565b971bdb2bfb186061,"{""distance"":7,""physical_error_rate"":0.0005}","{""detection_events"":7415,""detectors_checked"":3082240}"
       512,         0,         0,   0.467,exact_mw,fe773c48422346d89ea42b7ea8a90aa3034802874175ef2bfbcd9fbedf677903,"{""distance"":7,""physical_error_rate"":0.001}","{""detection_events"":1648,""detectors_checked"":308224}"
       256,         0,         0,    1.28,exact_mw,8842ec4fe0f86aba00650008f7f408db45344cfb5a30f76b1f2c0fb50a8d5069,"{""distance"":7,""physical_error_rate"":0.002}","{""detection_events"":1526,""detectors_checked"":154112}"
    129536,         3,         0,   120.5,exact_mw,fe773c48422346d89ea42b7ea8a90aa3034802874175ef2bfbcd9fbedf677903,"{""distance"":7,""physical_error_rate"":0.001}","{""detection_events"":380884,""detectors_checked"":77980672,""obs_mistake_mask=E"":3}"
       512,         0,         0,   0.507,exact_mw,fe773c48422346d89ea42b7ea8a90aa3034802874175ef2bfbcd9fbedf677903,"{""distance"":7,""physical_error_rate"":0.001}","{""detection_events"":1365,""detectors_checked"":308224}"
       512,         0,         0,   0.622,exact_mw,fe773c48422346d89ea42b7ea8a90aa3034802874175ef2bfbcd9fbedf677903,"{""distance"":7,""physical_error_rate"":0.001}","{""detection_events"":1415,""detectors_checked"":308224}"
     11264,         0,         0,    1.59,exact_mw,09f626b7d1c8765fd231bc36902f9c5557d3909c4644565b971bdb2bfb186061,"{""distance"":7,""physical_error_rate"":0.0005}","{""detection_events"":16888,""detectors_checked"":6780928}"
       128,         0,         0,   0.543,exact_mw,8842ec4fe0f86aba00650008f7f408db45344cfb5a30f76b1f2c0fb50a8d5069,"{""distance"":7,""physical_error_rate"":0.002}","{""detection_events"":732,""detectors_checked"":77056}"
      1024,         0,         0,   0.664,exact_mw,fe773c48422346d89ea42b7ea8a90aa3034802874175ef2bfbcd9fbedf677903,"{""distance"":7,""physical_error_rate"":0.001}","{""detection_events"":2935,""detectors_checked"":616448}"
       512,         0,         0,   0.397,exact_mw,fe773c48422346d89ea42b7ea8a90aa3034802874175ef2bfbcd9fbedf677903,"{""distance"":7,""physical_error_rate"":0.001}","{""detection_events"":1489,""detectors_checked"":308224}"
       256,         0,         0,    1.10,exact_mw,8842ec4fe0f86aba00650008f7f408db45344cfb5a30f76b1f2c0fb50a8d5069,"{""distance"":7,""physical_error_rate"":0.002}","{""detection_events"":1582,""detectors_checked"":154112}"
      1536,         0,         0,    1.54,exact_mw,fe773c48422346d89ea42b7ea8a90aa3034802874175ef2bfbcd9fbedf677903,"{""distance"":7,""physical_error_rate"":0.001}","{""detection_events"":4790,""detectors_checked"":924672}"
       512,         0,         0,   0.537,exact_mw,fe773c48422346d89ea42b7ea8a90aa3034802874175ef2bfbcd9fbedf677903,"{""distance"":7,""physical_error_rate"":0.001}","{""detection_events"":1431,""detectors_checked"":308224}"
       256,         0,         0,   0.961,exact_mw,8842ec4fe0f86aba00650008f7f408db45344cfb5a30f76b1f2c0fb50a8d5069,"{""distance"":7,""physical_error_rate"":0.002}","{""detection_events"":1493,""detectors_checked"":154112}"
       256,         0,         0,   0.828,exact_mw,8842ec4fe0f86aba00650008f7f408db45344cfb5a30f76b1f2c0fb50a8d5069,"{""distance"":7,""physical_error_rate"":0.002}","{""detection_events"":1456,""detectors_checked"":154112}"
       128,         0,         0,   0.570,exact_mw,8842ec4fe0f86aba00650008f7f408db45344cfb5a30f76b1f2c0fb50a8d5069,"{""distance"":7,""physical_error_rate"":0.002}","{""detection_events"":757,""detectors_checked"":77056}"
      6144,         0,         0,   0.938,exact_mw,09f626b7d1c8765fd231bc36902f9c5557d3909c4644565b971bdb2bfb186061,"{""distance"":7,""physical_error_rate"":0.0005}","{""detection_events"":8955,""detectors_checked"":3698688}"
       256,         0,         0,   0.920,exact_mw,8842ec4fe0f86aba00650008f7f408db45344cfb5a30f76b1f2c0fb50a8d5069,"{""distance"":7,""physical_error_rate"":0.002}","{""detection_events"":1340,""detectors_checked"":154112}"
       384,         0,         0,    1.67,exact_mw,8842ec4fe0f86aba00650008f7f408db45344cfb5a30f76b1f2c0fb50a8d5069,"{""distance"":7,""physical_error_rate"":0.002}","{""detection_events"":2348,""detectors_checked"":231168}"
      1024,         0,         0,   0.811,exact_mw,fe773c48422346d89ea42b7ea8a90aa3034802874175ef2bfbcd9fbedf677903,"{""distance"":7,""physical_error_rate"":0.001}","{""detection_events"":3079,""detectors_checked"":616448}"
      1024,         0,         0,   0.825,exact_mw,fe773c48422346d89ea42b7ea8a90aa3034802874175ef2bfbcd9fbedf677903,"{""distance"":7,""physical_error_rate"":0.001}","{""detection_events"":3020,""detectors_checked"":616448}"
       512,         0,         0,   0.631,exact_mw,fe773c48422346d89ea42b7ea8a90aa3034802874175ef2bfbcd9fbedf677903,"{""distance"":7,""physical_error_rate"":0.001}","{""detection_events"":1506,""detectors_checked"":308224}"
       128,         0,         0,   0.580,exact_mw,8842ec4fe0f86aba00650008f7f408db45344cfb5a30f76b1f2c0fb50a8d5069,"{""distance"":7,""physical_error_rate"":0.002}","{""detection_events"":849,""detectors_checked"":77056}"
      1024,         0,         0,    1.32,exact_mw,fe773c48422346d89ea42b7ea8a90aa3034802874175ef2bfbcd9fbedf677903,"{""distance"":7,""physical_error_rate"":0.001}","{""detection_events"":3120,""detectors_checked"":616448}"
       256,         0,         0,   0.925,exact_mw,8842ec4fe0f86aba00650008f7f408db45344cfb5a30f76b1f2c0fb50a8d5069,"{""distance"":7,""physical_error_rate"":0.002}","{""detection_events"":1540,""detectors_checked"":154112}"
       384,         0,         0,    1.27,exact_mw,8842ec4fe0f86aba00650008f7f408db45344cfb5a30f76b1f2c0fb50a8d5069,"{""distance"":7,""physical_error_rate"":0.002}","{""detection_events"":2202,""detectors_checked"":231168}"
     27392,         7,         0,   120.2,exact_mw,8842ec4fe0f86aba00650008f7f408db45344cfb5a30f76b1f2c0fb50a8d5069,"{""distance"":7,""physical_error_rate"":0.002}","{""detection_events"":159913,""detectors_checked"":16489984,""obs_mistake_mask=E"":7}"
       512,         0,         0,   0.535,exact_mw,fe773c48422346d89ea42b7ea8a90aa3034802874175ef2bfbcd9fbedf677903,"{""distance"":7,""physical_error_rate"":0.001}","{""detection_events"":1488,""detectors_checked"":308224}"
       256,         0,         0,   0.937,exact_mw,8842ec4fe0f86aba00650008f7f408db45344cfb5a30f76b1f2c0fb50a8d5069,"{""distance"":7,""physical_error_rate"":0.002}","{""detection_events"":1563,""detectors_checked"":154112}"
     16384,         0,         0,    2.27,exact_mw,09f626b7d1c8765fd231bc36902f9c5557d3909c4644565b971bdb2bfb186061,"{""distance"":7,""physical_error_rate"":0.0005}","{""detection_events"":24445,""detectors_checked"":9863168}"
      7168,         0,         0,    1.13,exact_mw,09f626b7d1c8765fd231bc36902f9c5557d3909c4644565b971bdb2bfb186061,"{""distance"":7,""physical_error_rate"":0.0005}","{""detection_events"":10385,""detectors_checked"":4315136}"
       384,         0,         0,    1.38,exact_mw,8842ec4fe0f86aba00650008f7f408db45344cfb5a30f76b1f2c0fb50a8d5069,"{""distance"":7,""physical_error_rate"":0.002}","{""detection_events"":2280,""detectors_checked"":231168}"
      1024,         0,         0,   0.898,exact_mw,fe773c48422346d89ea42b7ea8a90aa3034802874175ef2bfbcd9fbedf677903,"{""distance"":7,""physical_error_rate"":0.001}","{""detection_events"":3018,""detectors_checked"":616448}"
      2560,         0,         0,    1.61,exact_mw,fe773c48422346d89ea42b7ea8a90aa3034802874175ef2bfbcd9fbedf677903,"{""distance"":7,""physical_error_rate"":0.001}","{""detection_events"":7435,""detectors_checked"":1541120}"
       256,         0,         0,   0.953,exact_mw,8842ec4fe0f86aba00650008f7f408db45344cfb5a30f76b1f2c0fb50a8d5069,"{""distance"":7,""physical_error_rate"":0.002}","{""detection_events"":1459,""detectors_checked"":154112}"
     14336,         0,         0,    2.25,exact_mw,09f626b7d1c8765fd231bc36902f9c5557d3909c4644565b971bdb2bfb186061,"{""distance"":7,""physical_error_rate"":0.0005}","{""detection_events"":21135,""detectors_checked"":8630272}"
       512,         0,         0,   0.646,exact_mw,fe773c48422346d89ea42b7ea8a90aa3034802874175ef2bfbcd9fbedf677903,"{""distance"":7,""physical_error_rate"":0.001}","{""detection_events"":1500,""detectors_checked"":308224}"
       256,         0,         0,   0.942,exact_mw,8842ec4fe0f86aba00650008f7f408db45344cfb5a30f76b1f2c0fb50a8d5069,"{""distance"":7,""physical_error_rate"":0.002}","{""detection_events"":1499,""detectors_checked"":154112}"
      2048,         0,         0,    1.68,exact_mw,fe773c48422346d89ea42b7ea8a90aa3034802874175ef2bfbcd9fbedf677903,"{""distance"":7,""physical_error_rate"":0.001}","{""detection_events"":5946,""detectors_checked"":1232896}"
       256,         0,         0,    1.30,exact_mw,8842ec4fe0f86aba00650008f7f408db45344cfb5a30f76b1f2c0fb50a8d5069,"{""distance"":7,""physical_error_rate"":0.002}","{""detection_events"":1480,""detectors_checked"":154112}"
      1024,         0,         0,    1.61,exact_mw,fe773c48422346d89ea42b7ea8a90aa3034802874175ef2bfbcd9fbedf677903,"{""distance"":7,""physical_error_rate"":0.001}","{""detection_events"":3246,""detectors_checked"":616448}"
       512,         0,         0,   0.703,exact_mw,fe773c48422346d89ea42b7ea8a90aa3034802874175ef2bfbcd9fbedf677903,"{""distance"":7,""physical_error_rate"":0.001}","{""detection_events"":1474,""detectors_checked"":308224}"
      1536,         0,         0,    1.25,exact_mw,fe773c48422346d89ea42b7ea8a90aa3034802874175ef2bfbcd9fbedf677903,"{""distance"":7,""physical_error_rate"":0.001}","{""detection_events"":4386,""detectors_checked"":924672}"
       256,         0,         0,   0.912,exact_mw,8842ec4fe0f86aba00650008f7f408db45344cfb5a30f76b1f2c0fb50a8d5069,"{""distance"":7,""physical_error_rate"":0.002}","{""detection_events"":1464,""detectors_checked"":154112}"
     10240,         0,         0,    1.58,exact_mw,09f626b7d1c8765fd231bc36902f9c5557d3909c4644565b971bdb2bfb186061,"{""distance"":7,""physical_error_rate"":0.0005}","{""detection_events"":15148,""detectors_checked"":6164480}"
       512,         0,         0,    1.97,exact_mw,8842ec4fe0f86aba00650008f7f408db45344cfb5a30f76b1f2c0fb50a8d5069,"{""distance"":7,""physical_error_rate"":0.002}","{""detection_events"":2916,""detectors_checked"":308224}"
       512,         0,         0,   0.728,exact_mw,fe773c48422346d89ea42b7ea8a90aa3034802874175ef2bfbcd9fbedf677903,"{""distance"":7,""physical_error_rate"":0.001}","{""detection_events"":1564,""detectors_checked"":308224}"
       256,         0,         0,    1.05,exact_mw,8842ec4fe0f86aba00650008f7f408db45344cfb5a30f76b1f2c0fb50a8d5069,"{""distance"":7,""physical_error_rate"":0.002}","{""detection_events"":1602,""detectors_checked"":154112}"
       896,         0,         0,    2.84,exact_mw,8842ec4fe0f86aba00650008f7f408db45344cfb5a30f76b1f2c0fb50a8d5069,"{""distance"":7,""physical_error_rate"":0.002}","{""detection_events"":4884,""detectors_checked"":539392}"
      8016,         1,         0,   120.0,exact_mw,8842ec4fe0f86aba00650008f7f408db45344cfb5a30f76b1f2c0fb50a8d5069,"{""distance"":7,""physical_error_rate"":0.002}","{""detection_events"":47271,""detectors_checked"":4825632,""obs_mistake_mask=E"":1}"
       512,         0,         0,    1.97,exact_mw,8842ec4fe0f86aba00650008f7f408db45344cfb5a30f76b1f2c0fb50a8d5069,"{""distance"":7,""physical_error_rate"":0.002}","{""detection_events"":2907,""detectors_checked"":308224}"
     84352,         5,         0,   120.5,exact_mw,fe773c48422346d89ea42b7ea8a90aa3034802874175ef2bfbcd9fbedf677903,"{""distance"":7,""physical_error_rate"":0.001}","{""detection_events"":249385,""detectors_checked"":50779904,""obs_mistake_mask=E"":5}"
      2048,         0,         0,    1.67,exact_mw,fe773c48422346d89ea42b7ea8a90aa3034802874175ef2bfbcd9fbedf677903,"{""distance"":7,""physical_error_rate"":0.001}","{""detection_events"":6023,""detectors_checked"":1232896}"
    723968,         2,         0,   119.8,exact_mw,09f626b7d1c8765fd231bc36902f9c5557d3909c4644565b971bdb2bfb186061,"{""distance"":7,""physical_error_rate"":0.0005}","{""detection_events"":1069890,""detectors_checked"":435828736,""obs_mistake_mask=E"":2}"
       384,         0,         0,    1.75,exact_mw,8842ec4fe0f86aba00650008f7f408db45344cfb5a30f76b1f2c0fb50a8d5069,"{""distance"":7,""physical_error_rate"":0.002}","{""detection_events"":2324,""detectors_checked"":231168}"
       384,         0,         0,    1.59,exact_mw,8842ec4fe0f86aba00650008f7f408db45344cfb5a30f76b1f2c0fb50a8d5069,"{""distance"":7,""physical_error_rate"":0.002}","{""detection_events"":2356,""detectors_checked"":231168}"
       256,         0,         0,    1.03,exact_mw,8842ec4fe0f86aba00650008f7f408db45344cfb5a30f76b1f2c0fb50a8d5069,"{""distance"":7,""physical_error_rate"":0.002}","{""detection_events"":1486,""detectors_checked"":154112}"
      2560,         0,         0,    1.99,exact_mw,fe773c48422346d89ea42b7ea8a90aa3034802874175ef2bfbcd9fbedf677903,"{""distance"":7,""physical_error_rate"":0.001}","{""detection_events"":7698,""detectors_checked"":1541120}"
      3072,         0,         0,    2.85,exact_mw,fe773c48422346d89ea42b7ea8a90aa3034802874175ef2bfbcd9fbedf677903,"{""distance"":7,""physical_error_rate"":0.001}","{""detection_events"":9192,""detectors_checked"":1849344}"
      1024,         0,         0,    1.22,exact_mw,fe773c48422346d89ea42b7ea8a90aa3034802874175ef2bfbcd9fbedf677903,"{""distance"":7,""physical_error_rate"":0.001}","{""detection_events"":2974,""detectors_checked"":616448}"
     21504,         0,         0,    3.17,exact_mw,09f626b7d1c8765fd231bc36902f9c5557d3909c4644565b971bdb2bfb186061,"{""distance"":7,""physical_error_rate"":0.0005}","{""detection_events"":31291,""detectors_checked"":12945408}"
      2048,         0,         0,    2.06,exact_mw,fe773c48422346d89ea42b7ea8a90aa3034802874175ef2bfbcd9fbedf677903,"{""distance"":7,""physical_error_rate"":0.001}","{""detection_events"":6128,""detectors_checked"":1232896}"
     19456,         0,         0,    3.05,exact_mw,09f626b7d1c8765fd231bc36902f9c5557d3909c4644565b971bdb2bfb186061,"{""distance"":7,""physical_error_rate"":0.0005}","{""detection_events"":28841,""detectors_checked"":11712512}"
     14336,         1,         0,    2.16,exact_mw,09f626b7d1c8765fd231bc36902f9c5557d3909c4644565b971bdb2bfb186061,"{""distance"":7,""physical_error_rate"":0.0005}","{""detection_events"":21455,""detectors_checked"":8630272,""obs_mistake_mask=E"":1}"
       256,         0,         0,   0.903,exact_mw,8842ec4fe0f86aba00650008f7f408db45344cfb5a30f76b1f2c0fb50a8d5069,"{""distance"":7,""physical_error_rate"":0.002}","{""detection_events"":1439,""detectors_checked"":154112}"
      1024,         0,         0,    1.13,exact_mw,fe773c48422346d89ea42b7ea8a90aa3034802874175ef2bfbcd9fbedf677903,"{""distance"":7,""physical_error_rate"":0.001}","{""detection_events"":2907,""detectors_checked"":616448}"
       640,         0,         0,    2.57,exact_mw,8842ec4fe0f86aba00650008f7f408db45344cfb5a30f76b1f2c0fb50a8d5069,"{""distance"":7,""physical_error_rate"":0.002}","{""detection_events"":3725,""detectors_checked"":385280}"
       640,         0,         0,    2.45,exact_mw,8842ec4fe0f86aba00650008f7f408db45344cfb5a30f76b1f2c0fb50a8d5069,"{""distance"":7,""physical_error_rate"":0.002}","{""detection_events"":3541,""detectors_checked"":385280}"
      3072,         0,         0,    2.20,exact_mw,fe773c48422346d89ea42b7ea8a90aa3034802874175ef2bfbcd9fbedf677903,"{""distance"":7,""physical_error_rate"":0.001}","{""detection_events"":8977,""detectors_checked"":1849344}"
       512,         0,         0,    2.28,exact_mw,8842ec4fe0f86aba00650008f7f408db45344cfb5a30f76b1f2c0fb50a8d5069,"{""distance"":7,""physical_error_rate"":0.002}","{""detection_events"":2932,""detectors_checked"":308224}"
       256,         1,         0,    1.08,exact_mw,8842ec4fe0f86aba00650008f7f408db45344cfb5a30f76b1f2c0fb50a8d5069,"{""distance"":7,""physical_error_rate"":0.002}","{""detection_events"":1693,""detectors_checked"":154112,""obs_mistake_mask=E"":1}"
       512,         0,         0,    2.05,exact_mw,8842ec4fe0f86aba00650008f7f408db45344cfb5a30f76b1f2c0fb50a8d5069,"{""distance"":7,""physical_error_rate"":0.002}","{""detection_events"":3194,""detectors_checked"":308224}"
       768,         0,         0,    3.52,exact_mw,8842ec4fe0f86aba00650008f7f408db45344cfb5a30f76b1f2c0fb50a8d5069,"{""distance"":7,""physical_error_rate"":0.002}","{""detection_events"":4794,""detectors_checked"":462336}"
      2560,         0,         0,    2.41,exact_mw,fe773c48422346d89ea42b7ea8a90aa3034802874175ef2bfbcd9fbedf677903,"{""distance"":7,""physical_error_rate"":0.001}","{""detection_events"":7659,""detectors_checked"":1541120}"
      2560,         0,         0,    2.22,exact_mw,fe773c48422346d89ea42b7ea8a90aa3034802874175ef2bfbcd9fbedf677903,"{""distance"":7,""physical_error_rate"":0.001}","{""detection_events"":7750,""detectors_checked"":1541120}"
       256,         0,         0,   0.782,exact_mw,8842ec4fe0f86aba00650008f7f408db45344cfb5a30f76b1f2c0fb50a8d5069,"{""distance"":7,""physical_error_rate"":0.002}","{""detection_events"":1493,""detectors_checked"":154112}"
      1536,         0,         0,    1.94,exact_mw,fe773c48422346d89ea42b7ea8a90aa3034802874175ef2bfbcd9fbedf677903,"{""distance"":7,""physical_error_rate"":0.001}","{""detection_events"":4722,""detectors_checked"":924672}"
      4096,         0,         0,    3.17,exact_mw,fe773c48422346d89ea42b7ea8a90aa3034802874175ef2bfbcd9fbedf677903,"{""distance"":7,""physical_error_rate"":0.001}","{""detection_events"":12150,""detectors_checked"":2465792}"
       256,         0,         0,    1.07,exact_mw,8842ec4fe0f86aba00650008f7f408db45344cfb5a30f76b1f2c0fb50a8d5069,"{""distance"":7,""physical_error_rate"":0.002}","{""detection_events"":1592,""detectors_checked"":154112}"
     19456,         0,         0,    3.16,exact_mw,09f626b7d1c8765fd231bc36902f9c5557d3909c4644565b971bdb2bfb186061,"{""distance"":7,""physical_error_rate"":0.0005}","{""detection_events"":28897,""detectors_checked"":11712512}"
       512,         1,         0,    2.40,exact_mw,8842ec4fe0f86aba00650008f7f408db45344cfb5a30f76b1f2c0fb50a8d5069,"{""distance"":7,""physical_error_rate"":0.002}","{""detection_events"":3159,""detectors_checked"":308224,""obs_mistake_mask=E"":1}"
     28672,         0,         0,    4.44,exact_mw,09f626b7d1c8765fd231bc36902f9c5557d3909c4644565b971bdb2bfb186061,"{""distance"":7,""physical_error_rate"":0.0005}","{""detection_events"":42741,""detectors_checked"":17260544}"
       256,         0,         0,   0.937,exact_mw,8842ec4fe0f86aba00650008f7f408db45344cfb5a30f76b1f2c0fb50a8d5069,"{""distance"":7,""physical_error_rate"":0.002}","{""detection_events"":1446,""detectors_checked"":154112}"
     31744,         0,         0,    4.38,exact_mw,09f626b7d1c8765fd231bc36902f9c5557d3909c4644565b971bdb2bfb186061,"{""distance"":7,""physical_error_rate"":0.0005}","{""detection_events"":47340,""detectors_checked"":19109888}"
       768,         0,         0,    3.43,exact_mw,8842ec4fe0f86aba00650008f7f408db45344cfb5a30f76b1f2c0fb50a8d5069,"{""distance"":7,""physical_error_rate"":0.002}","{""detection_events"":4638,""detectors_checked"":462336}"
       896,         0,         0,    3.68,exact_mw,8842ec4fe0f86aba00650008f7f408db45344cfb5a30f76b1f2c0fb50a8d5069,"{""distance"":7,""physical_error_rate"":0.002}","{""detection_events"":5246,""detectors_checked"":539392}"
       896,         1,         0,    3.60,exact_mw,8842ec4fe0f86aba00650008f7f408db45344cfb5a30f76b1f2c0fb50a8d5069,"{""distance"":7,""physical_error_rate"":0.002}","{""detection_events"":5552,""detectors_checked"":539392,""obs_mistake_mask=E"":1}"
      5120,         0,         0,    3.86,exact_mw,fe773c48422346d89ea42b7ea8a90aa3034802874175ef2bfbcd9fbedf677903,"{""distance"":7,""physical_error_rate"":0.001}","{""detection_events"":14772,""detectors_checked"":3082240}"
      4096,         0,         0,    3.19,exact_mw,fe773c48422346d89ea42b7ea8a90aa3034802874175ef2bfbcd9fbedf677903,"{""distance"":7,""physical_error_rate"":0.001}","{""detection_events"":11959,""detectors_checked"":2465792}"
      3072,         0,         0,    2.48,exact_mw,fe773c48422346d89ea42b7ea8a90aa3034802874175ef2bfbcd9fbedf677903,"{""distance"":7,""physical_error_rate"":0.001}","{""detection_events"":9462,""detectors_checked"":1849344}"
     91008,         1,         0,   120.0,exact_mw,fe773c48422346d89ea42b7ea8a90aa3034802874175ef2bfbcd9fbedf677903,"{""distance"":7,""physical_error_rate"":0.001}","{""detection_events"":268382,""detectors_checked"":54786816,""obs_mistake_mask=E"":1}"
     27584,         0,         0,   120.5,exact_mw,8842ec4fe0f86aba00650008f7f408db45344cfb5a30f76b1f2c0fb50a8d5069,"{""distance"":7,""physical_error_rate"":0.002}","{""detection_events"":161009,""detectors_checked"":16605568}"
      4096,         0,         0,    3.62,exact_mw,fe773c48422346d89ea42b7ea8a90aa3034802874175ef2bfbcd9fbedf677903,"{""distance"":7,""physical_error_rate"":0.001}","{""detection_events"":11990,""detectors_checked"":2465792}"
    122880,         4,         0,   123.3,exact_mw,fe773c48422346d89ea42b7ea8a90aa3034802874175ef2bfbcd9fbedf677903,"{""distance"":7,""physical_error_rate"":0.001}","{""detection_events"":362294,""detectors_checked"":73973760,""obs_mistake_mask=E"":4}"
     26496,         2,         0,   120.0,exact_mw,8842ec4fe0f86aba00650008f7f408db45344cfb5a30f76b1f2c0fb50a8d5069,"{""distance"":7,""physical_error_rate"":0.002}","{""detection_events"":154846,""detectors_checked"":15950592,""obs_mistake_mask=E"":2}"
       512,         0,         0,    2.09,exact_mw,8842ec4fe0f86aba00650008f7f408db45344cfb5a30f76b1f2c0fb50a8d5069,"{""distance"":7,""physical_error_rate"":0.002}","{""detection_events"":2949,""detectors_checked"":308224}"
      1280,         0,         0,    4.60,exact_mw,8842ec4fe0f86aba00650008f7f408db45344cfb5a30f76b1f2c0fb50a8d5069,"{""distance"":7,""physical_error_rate"":0.002}","{""detection_events"":7642,""detectors_checked"":770560}"
    163840,         0,         0,   120.8,exact_mw,09f626b7d1c8765fd231bc36902f9c5557d3909c4644565b971bdb2bfb186061,"{""distance"":7,""physical_error_rate"":0.0005}","{""detection_events"":241800,""detectors_checked"":98631680}"
      5120,         0,         0,    4.58,exact_mw,fe773c48422346d89ea42b7ea8a90aa3034802874175ef2bfbcd9fbedf677903,"{""distance"":7,""physical_error_rate"":0.001}","{""detection_events"":15131,""detectors_checked"":3082240}"
       768,         0,         0,    3.52,exact_mw,8842ec4fe0f86aba00650008f7f408db45344cfb5a30f76b1f2c0fb50a8d5069,"{""distance"":7,""physical_error_rate"":0.002}","{""detection_events"":4512,""detectors_checked"":462336}"
     29696,         0,         0,    4.28,exact_mw,09f626b7d1c8765fd231bc36902f9c5557d3909c4644565b971bdb2bfb186061,"{""distance"":7,""physical_error_rate"":0.0005}","{""detection_events"":43835,""detectors_checked"":17876992}"
      4096,         0,         0,    3.16,exact_mw,fe773c48422346d89ea42b7ea8a90aa3034802874175ef2bfbcd9fbedf677903,"{""distance"":7,""physical_error_rate"":0.001}","{""detection_events"":11835,""detectors_checked"":2465792}"
       512,         0,         0,    2.14,exact_mw,8842ec4fe0f86aba00650008f7f408db45344cfb5a30f76b1f2c0fb50a8d5069,"{""distance"":7,""physical_error_rate"":0.002}","{""detection_events"":3024,""detectors_checked"":308224}"
      1280,         0,         0,    4.55,exact_mw,8842ec4fe0f86aba00650008f7f408db45344cfb5a30f76b1f2c0fb50a8d5069,"{""distance"":7,""physical_error_rate"":0.002}","{""detection_events"":7505,""detectors_checked"":770560}"
      1280,         0,         0,    4.69,exact_mw,8842ec4fe0f86aba00650008f7f408db45344cfb5a30f76b1f2c0fb50a8d5069,"{""distance"":7,""physical_error_rate"":0.002}","{""detection_events"":7326,""detectors_checked"":770560}"
      1024,         0,         0,    4.51,exact_mw,8842ec4fe0f86aba00650008f7f408db45344cfb5a30f76b1f2c0fb50a8d5069,"{""distance"":7,""physical_error_rate"":0.002}","{""detection_events"":6089,""detectors_checked"":616448}"
      6144,         0,         0,    4.93,exact_mw,fe773c48422346d89ea42b7ea8a90aa3034802874175ef2bfbcd9fbedf677903,"{""distance"":7,""physical_error_rate"":0.001}","{""detection_events"":17676,""detectors_checked"":3698688}"
     41984,         0,         0,    6.12,exact_mw,09f626b7d1c8765fd231bc36902f9c5557d3909c4644565b971bdb2bfb186061,"{""distance"":7,""physical_error_rate"":0.0005}","{""detection_events"":62441,""detectors_checked"":25274368}"
      5120,         0,         0,    4.47,exact_mw,fe773c48422346d89ea42b7ea8a90aa3034802874175ef2bfbcd9fbedf677903,"{""distance"":7,""physical_error_rate"":0.001}","{""detection_events"":14890,""detectors_checked"":3082240}"
      6144,         0,         0,    5.07,exact_mw,fe773c48422346d89ea42b7ea8a90aa3034802874175ef2bfbcd9fbedf677903,"{""distance"":7,""physical_error_rate"":0.001}","{""detection_events"":18202,""detectors_checked"":3698688}"
     44032,         1,         0,    6.10,exact_mw,09f626b7d1c8765fd231bc36902f9c5557d3909c4644565b971bdb2bfb186061,"{""distance"":7,""physical_error_rate"":0.0005}","{""detection_events"":64647,""detectors_checked"":26507264,""obs_mistake_mask=E"":1}"
       768,         0,         0,    3.34,exact_mw,8842ec4fe0f86aba00650008f7f408db45344cfb5a30f76b1f2c0fb50a8d5069,"{""distance"":7,""physical_error_rate"":0.002}","{""detection_events"":4539,""detectors_checked"":462336}"
      1280,         0,         0,    4.79,exact_mw,8842ec4fe0f86aba00650008f7f408db45344cfb5a30f76b1f2c0fb50a8d5069,"{""distance"":7,""physical_error_rate"":0.002}","{""detection_events"":7442,""detectors_checked"":770560}"
      5120,         0,         0,    4.39,exact_mw,fe773c48422346d89ea42b7ea8a90aa3034802874175ef2bfbcd9fbedf677903,"{""distance"":7,""physical_error_rate"":0.001}","{""detection_events"":15277,""detectors_checked"":3082240}"
      1792,         0,         0,    6.27,exact_mw,8842ec4fe0f86aba00650008f7f408db45344cfb5a30f76b1f2c0fb50a8d5069,"{""distance"":7,""physical_error_rate"":0.002}","{""detection_events"":10509,""detectors_checked"":1078784}"
      7168,         0,         0,    6.30,exact_mw,fe773c48422346d89ea42b7ea8a90aa3034802874175ef2bfbcd9fbedf677903,"{""distance"":7,""physical_error_rate"":0.001}","{""detection_events"":21739,""detectors_checked"":4315136}"
     36864,         0,         0,    6.10,exact_mw,09f626b7d1c8765fd231bc36902f9c5557d3909c4644565b971bdb2bfb186061,"{""distance"":7,""physical_error_rate"":0.0005}","{""detection_events"":55115,""detectors_checked"":22192128}"
      1536,         0,         0,    6.26,exact_mw,8842ec4fe0f86aba00650008f7f408db45344cfb5a30f76b1f2c0fb50a8d5069,"{""distance"":7,""physical_error_rate"":0.002}","{""detection_events"":9255,""detectors_checked"":924672}"
      1536,         0,         0,    5.97,exact_mw,8842ec4fe0f86aba00650008f7f408db45344cfb5a30f76b1f2c0fb50a8d5069,"{""distance"":7,""physical_error_rate"":0.002}","{""detection_events"":9146,""detectors_checked"":924672}"
       768,         0,         0,    3.55,exact_mw,8842ec4fe0f86aba00650008f7f408db45344cfb5a30f76b1f2c0fb50a8d5069,"{""distance"":7,""physical_error_rate"":0.002}","{""detection_events"":4617,""detectors_checked"":462336}"
      1408,         0,         0,    6.21,exact_mw,8842ec4fe0f86aba00650008f7f408db45344cfb5a30f76b1f2c0fb50a8d5069,"{""distance"":7,""physical_error_rate"":0.002}","{""detection_events"":8177,""detectors_checked"":847616}"
      7168,         0,         0,    6.05,exact_mw,fe773c48422346d89ea42b7ea8a90aa3034802874175ef2bfbcd9fbedf677903,"{""distance"":7,""physical_error_rate"":0.001}","{""detection_events"":21378,""detectors_checked"":4315136}"
      6144,         0,         0,    6.07,exact_mw,fe773c48422346d89ea42b7ea8a90aa3034802874175ef2bfbcd9fbedf677903,"{""distance"":7,""physical_error_rate"":0.001}","{""detection_events"":18188,""detectors_checked"":3698688}"
      7168,         0,         0,    6.20,exact_mw,fe773c48422346d89ea42b7ea8a90aa3034802874175ef2bfbcd9fbedf677903,"{""distance"":7,""physical_error_rate"":0.001}","{""detection_events"":21685,""detectors_checked"":4315136}"
      1536,         1,         0,    6.33,exact_mw,8842ec4fe0f86aba00650008f7f408db45344cfb5a30f76b1f2c0fb50a8d5069,"{""distance"":7,""physical_error_rate"":0.002}","{""detection_events"":8921,""detectors_checked"":924672,""obs_mistake_mask=E"":1}"
     55296,         0,         0,    8.52,exact_mw,09f626b7d1c8765fd231bc36902f9c5557d3909c4644565b971bdb2bfb186061,"{""distance"":7,""physical_error_rate"":0.0005}","{""detection_events"":82056,""detectors_checked"":33288192}"
     61440,         1,         0,    8.47,exact_mw,09f626b7d1c8765fd231bc36902f9c5557d3909c4644565b971bdb2bfb186061,"{""distance"":7,""physical_error_rate"":0.0005}","{""detection_events"":91155,""detectors_checked"":36986880,""obs_mistake_mask=E"":1}"
      7168,         0,         0,    6.30,exact_mw,fe773c48422346d89ea42b7ea8a90aa3034802874175ef2bfbcd9fbedf677903,"{""distance"":7,""physical_error_rate"":0.001}","{""detection_events"":21551,""detectors_checked"":4315136}"
     30208,         4,         0,   120.3,exact_mw,8842ec4fe0f86aba00650008f7f408db45344cfb5a30f76b1f2c0fb50a8d5069,"{""distance"":7,""physical_error_rate"":0.002}","{""detection_events"":176335,""detectors_checked"":18185216,""obs_mistake_mask=E"":4}"
      1024,         0,         0,    4.35,exact_mw,8842ec4fe0f86aba00650008f7f408db45344cfb5a30f76b1f2c0fb50a8d5069,"{""distance"":7,""physical_error_rate"":0.002}","{""detection_events"":6011,""detectors_checked"":616448}"
    144384,         4,         0,   120.1,exact_mw,fe773c48422346d89ea42b7ea8a90aa3034802874175ef2bfbcd9fbedf677903,"{""distance"":7,""physical_error_rate"":0.001}","{""detection_events"":424759,""detectors_checked"":86919168,""obs_mistake_mask=E"":4}"
      2560,         1,         0,    8.56,exact_mw,8842ec4fe0f86aba00650008f7f408db45344cfb5a30f76b1f2c0fb50a8d5069,"{""distance"":7,""physical_error_rate"":0.002}","{""detection_events"":15249,""detectors_checked"":1541120,""obs_mistake_mask=E"":1}"
     51200,         0,         0,    8.47,exact_mw,09f626b7d1c8765fd231bc36902f9c5557d3909c4644565b971bdb2bfb186061,"{""distance"":7,""physical_error_rate"":0.0005}","{""detection_events"":75051,""detectors_checked"":30822400}"
     11264,         3,         0,    8.96,exact_mw,fe773c48422346d89ea42b7ea8a90aa3034802874175ef2bfbcd9fbedf677903,"{""distance"":7,""physical_error_rate"":0.001}","{""detection_events"":33224,""detectors_checked"":6780928,""obs_mistake_mask=E"":3}"
     90176,         3,         0,   120.5,exact_mw,fe773c48422346d89ea42b7ea8a90aa3034802874175ef2bfbcd9fbedf677903,"{""distance"":7,""physical_error_rate"":0.001}","{""detection_events"":267753,""detectors_checked"":54285952,""obs_mistake_mask=E"":3}"
      2176,         2,         0,    8.70,exact_mw,8842ec4fe0f86aba00650008f7f408db45344cfb5a30f76b1f2c0fb50a8d5069,"{""distance"":7,""physical_error_rate"":0.002}","{""detection_events"":12388,""detectors_checked"":1309952,""obs_mistake_mask=E"":2}"
      2048,         1,         0,    8.95,exact_mw,8842ec4fe0f86aba00650008f7f408db45344cfb5a30f76b1f2c0fb50a8d5069,"{""distance"":7,""physical_error_rate"":0.002}","{""detection_events"":12084,""detectors_checked"":1232896,""obs_mistake_mask=E"":1}"
      2048,         0,         0,    8.58,exact_mw,8842ec4fe0f86aba00650008f7f408db45344cfb5a30f76b1f2c0fb50a8d5069,"{""distance"":7,""physical_error_rate"":0.002}","{""detection_events"":11892,""detectors_checked"":1232896}"
     10240,         0,         0,    8.40,exact_mw,fe773c48422346d89ea42b7ea8a90aa3034802874175ef2bfbcd9fbedf677903,"{""distance"":7,""physical_error_rate"":0.001}","{""detection_events"":29695,""detectors_checked"":6164480}"
      9216,         0,         0,    8.43,exact_mw,fe773c48422346d89ea42b7ea8a90aa3034802874175ef2bfbcd9fbedf677903,"{""distance"":7,""physical_error_rate"":0.001}","{""detection_events"":27449,""detectors_checked"":5548032}"
     10240,         0,         0,    9.07,exact_mw,fe773c48422346d89ea42b7ea8a90aa3034802874175ef2bfbcd9fbedf677903,"{""distance"":7,""physical_error_rate"":0.001}","{""detection_events"":30456,""detectors_checked"":6164480}"
      1536,         1,         0,    6.17,exact_mw,8842ec4fe0f86aba00650008f7f408db45344cfb5a30f76b1f2c0fb50a8d5069,"{""distance"":7,""physical_error_rate"":0.002}","{""detection_events"":8822,""detectors_checked"":924672,""obs_mistake_mask=E"":1}"
      1920,         0,         0,    8.44,exact_mw,8842ec4fe0f86aba00650008f7f408db45344cfb5a30f76b1f2c0fb50a8d5069,"{""distance"":7,""physical_error_rate"":0.002}","{""detection_events"":11364,""detectors_checked"":1155840}"
     10240,         1,         0,    9.02,exact_mw,fe773c48422346d89ea42b7ea8a90aa3034802874175ef2bfbcd9fbedf677903,"{""distance"":7,""physical_error_rate"":0.001}","{""detection_events"":30128,""detectors_checked"":6164480,""obs_mistake_mask=E"":1}"
     27776,         0,         0,   121.0,exact_mw,fe773c48422346d89ea42b7ea8a90aa3034802874175ef2bfbcd9fbedf677903,"{""distance"":7,""physical_error_rate"":0.001}","{""detection_events"":81606,""detectors_checked"":16721152}"
     77824,         0,         0,    11.8,exact_mw,09f626b7d1c8765fd231bc36902f9c5557d3909c4644565b971bdb2bfb186061,"{""distance"":7,""physical_error_rate"":0.0005}","{""detection_events"":115737,""detectors_checked"":46850048}"
     84992,         0,         0,    11.8,exact_mw,09f626b7d1c8765fd231bc36902f9c5557d3909c4644565b971bdb2bfb186061,"{""distance"":7,""physical_error_rate"":0.0005}","{""detection_events"":125106,""detectors_checked"":51165184}"
      3840,         0,         0,    12.6,exact_mw,8842ec4fe0f86aba00650008f7f408db45344cfb5a30f76b1f2c0fb50a8d5069,"{""distance"":7,""physical_error_rate"":0.002}","{""detection_events"":22465,""detectors_checked"":2311680}"
     75776,         0,         0,    11.8,exact_mw,09f626b7d1c8765fd231bc36902f9c5557d3909c4644565b971bdb2bfb186061,"{""distance"":7,""physical_error_rate"":0.0005}","{""detection_events"":112138,""detectors_checked"":45617152}"
    760832,         3,         0,   120.0,exact_mw,09f626b7d1c8765fd231bc36902f9c5557d3909c4644565b971bdb2bfb186061,"{""distance"":7,""physical_error_rate"":0.0005}","{""detection_events"":1125353,""detectors_checked"":458020864,""obs_mistake_mask=E"":3}"
      2304,         0,         0,    8.54,exact_mw,8842ec4fe0f86aba00650008f7f408db45344cfb5a30f76b1f2c0fb50a8d5069,"{""distance"":7,""physical_error_rate"":0.002}","{""detection_events"":13154,""detectors_checked"":1387008}"
     14336,         0,         0,    11.8,exact_mw,fe773c48422346d89ea42b7ea8a90aa3034802874175ef2bfbcd9fbedf677903,"{""distance"":7,""physical_error_rate"":0.001}","{""detection_events"":42413,""detectors_checked"":8630272}"
    769024,         4,         0,   119.9,exact_mw,09f626b7d1c8765fd231bc36902f9c5557d3909c4644565b971bdb2bfb186061,"{""distance"":7,""physical_error_rate"":0.0005}","{""detection_events"":1136030,""detectors_checked"":462952448,""obs_mistake_mask=E"":4}"
      3072,         0,         0,    11.9,exact_mw,8842ec4fe0f86aba00650008f7f408db45344cfb5a30f76b1f2c0fb50a8d5069,"{""distance"":7,""physical_error_rate"":0.002}","{""detection_events"":18180,""detectors_checked"":1849344}"
      2944,         0,         0,    12.0,exact_mw,8842ec4fe0f86aba00650008f7f408db45344cfb5a30f76b1f2c0fb50a8d5069,"{""distance"":7,""physical_error_rate"":0.002}","{""detection_events"":17162,""detectors_checked"":1772288}"
     12288,         0,         0,    11.7,exact_mw,fe773c48422346d89ea42b7ea8a90aa3034802874175ef2bfbcd9fbedf677903,"{""distance"":7,""physical_error_rate"":0.001}","{""detection_events"":36002,""detectors_checked"":7397376}"
      3200,         1,         0,    12.6,exact_mw,8842ec4fe0f86aba00650008f7f408db45344cfb5a30f76b1f2c0fb50a8d5069,"{""distance"":7,""physical_error_rate"":0.002}","{""detection_events"":18844,""detectors_checked"":1926400,""obs_mistake_mask=E"":1}"
     14336,         1,         0,    12.3,exact_mw,fe773c48422346d89ea42b7ea8a90aa3034802874175ef2bfbcd9fbedf677903,"{""distance"":7,""physical_error_rate"":0.001}","{""detection_events"":42544,""detectors_checked"":8630272,""obs_mistake_mask=E"":1}"
     21632,         4,         0,    96.1,exact_mw,8842ec4fe0f86aba00650008f7f408db45344cfb5a30f76b1f2c0fb50a8d5069,"{""distance"":7,""physical_error_rate"":0.002}","{""detection_events"":126827,""detectors_checked"":13022464,""obs_mistake_mask=E"":4}"
       128,         0,         0,   0.401,exact_mw,8842ec4fe0f86aba00650008f7f408db45344cfb5a30f76b1f2c0fb50a8d5069,"{""distance"":7,""physical_error_rate"":0.002}","{""detection_events"":772,""detectors_checked"":77056}"
     21632,         1,         0,    87.2,exact_mw,8842ec4fe0f86aba00650008f7f408db45344cfb5a30f76b1f2c0fb50a8d5069,"{""distance"":7,""physical_error_rate"":0.002}","{""detection_events"":126214,""detectors_checked"":13022464,""obs_mistake_mask=E"":1}"
     10752,         1,         0,    46.3,exact_mw,8842ec4fe0f86aba00650008f7f408db45344cfb5a30f76b1f2c0fb50a8d5069,"{""distance"":7,""physical_error_rate"":0.002}","{""detection_events"":63067,""detectors_checked"":6472704,""obs_mistake_mask=E"":1}"
     22144,         1,         0,    90.8,exact_mw,8842ec4fe0f86aba00650008f7f408db45344cfb5a30f76b1f2c0fb50a8d5069,"{""distance"":7,""physical_error_rate"":0.002}","{""detection_events"":129631,""detectors_checked"":13330688,""obs_mistake_mask=E"":1}"
     28160,         4,         0,   117.2,exact_mw,8842ec4fe0f86aba00650008f7f408db45344cfb5a30f76b1f2c0fb50a8d5069,"{""distance"":7,""physical_error_rate"":0.002}","{""detection_events"":164788,""detectors_checked"":16952320,""obs_mistake_mask=E"":4}"
     17920,         2,         0,    74.0,exact_mw,8842ec4fe0f86aba00650008f7f408db45344cfb5a30f76b1f2c0fb50a8d5069,"{""distance"":7,""physical_error_rate"":0.002}","{""detection_events"":105722,""detectors_checked"":10787840,""obs_mistake_mask=E"":2}"
      5040,         2,         0,    96.6,exact_mw,8842ec4fe0f86aba00650008f7f408db45344cfb5a30f76b1f2c0fb50a8d5069,"{""distance"":7,""physical_error_rate"":0.002}","{""detection_events"":29422,""detectors_checked"":3034080,""obs_mistake_mask=E"":2}"
      1280,         0,         0,    31.4,exact_mw,8842ec4fe0f86aba00650008f7f408db45344cfb5a30f76b1f2c0fb50a8d5069,"{""distance"":7,""physical_error_rate"":0.002}","{""detection_events"":7448,""detectors_checked"":770560}"
       256,         0,         0,    1.15,exact_mw,8842ec4fe0f86aba00650008f7f408db45344cfb5a30f76b1f2c0fb50a8d5069,"{""distance"":7,""physical_error_rate"":0.002}","{""detection_events"":1461,""detectors_checked"":154112}"
     26880,         5,         0,   107.1,exact_mw,8842ec4fe0f86aba00650008f7f408db45344cfb5a30f76b1f2c0fb50a8d5069,"{""distance"":7,""physical_error_rate"":0.002}","{""detection_events"":156558,""detectors_checked"":16181760,""obs_mistake_mask=E"":5}"
     24064,         4,         0,    95.3,exact_mw,8842ec4fe0f86aba00650008f7f408db45344cfb5a30f76b1f2c0fb50a8d5069,"{""distance"":7,""physical_error_rate"":0.002}","{""detection_events"":141190,""detectors_checked"":14486528,""obs_mistake_mask=E"":4}"
      2560,         1,         0,    10.1,exact_mw,8842ec4fe0f86aba00650008f7f408db45344cfb5a30f76b1f2c0fb50a8d5069,"{""distance"":7,""physical_error_rate"":0.002}","{""detection_events"":14844,""detectors_checked"":1541120,""obs_mistake_mask=E"":1}"
       768,         0,         0,    3.16,exact_mw,8842ec4fe0f86aba00650008f7f408db45344cfb5a30f76b1f2c0fb50a8d5069,"{""distance"":7,""physical_error_rate"":0.002}","{""detection_events"":4584,""detectors_checked"":462336}"
       768,         0,         0,    2.70,exact_mw,8842ec4fe0f86aba00650008f7f408db45344cfb5a30f76b1f2c0fb50a8d5069,"{""distance"":7,""physical_error_rate"":0.002}","{""detection_events"":4368,""detectors_checked"":462336}"
      1552,         2,         0,    38.7,exact_mw,8842ec4fe0f86aba00650008f7f408db45344cfb5a30f76b1f2c0fb50a8d5069,"{""distance"":7,""physical_error_rate"":0.002}","{""detection_events"":9284,""detectors_checked"":934304,""obs_mistake_mask=E"":2}"
      4224,         0,         0,    18.1,exact_mw,8842ec4fe0f86aba00650008f7f408db45344cfb5a30f76b1f2c0fb50a8d5069,"{""distance"":7,""physical_error_rate"":0.002}","{""detection_events"":24466,""detectors_checked"":2542848}"
      2496,         0,         0,    40.9,exact_mw,8842ec4fe0f86aba00650008f7f408db45344cfb5a30f76b1f2c0fb50a8d5069,"{""distance"":7,""physical_error_rate"":0.002}","{""detection_events"":14865,""detectors_checked"":1502592}"
      7680,         2,         0,    31.1,exact_mw,8842ec4fe0f86aba00650008f7f408db45344cfb5a30f76b1f2c0fb50a8d5069,"{""distance"":7,""physical_error_rate"":0.002}","{""detection_events"":44580,""detectors_checked"":4623360,""obs_mistake_mask=E"":2}"
     26624,         2,         0,   104.3,exact_mw,8842ec4fe0f86aba00650008f7f408db45344cfb5a30f76b1f2c0fb50a8d5069,"{""distance"":7,""physical_error_rate"":0.002}","{""detection_events"":156062,""detectors_checked"":16027648,""obs_mistake_mask=E"":2}"
       256,         0,         0,   0.781,exact_mw,8842ec4fe0f86aba00650008f7f408db45344cfb5a30f76b1f2c0fb50a8d5069,"{""distance"":7,""physical_error_rate"":0.002}","{""detection_events"":1483,""detectors_checked"":154112}"
     14336,         0,         0,    12.2,exact_mw,fe773c48422346d89ea42b7ea8a90aa3034802874175ef2bfbcd9fbedf677903,"{""distance"":7,""physical_error_rate"":0.001}","{""detection_events"":42228,""detectors_checked"":8630272}"
      3968,         1,         0,    88.3,exact_mw,8842ec4fe0f86aba00650008f7f408db45344cfb5a30f76b1f2c0fb50a8d5069,"{""distance"":7,""physical_error_rate"":0.002}","{""detection_events"":23011,""detectors_checked"":2388736,""obs_mistake_mask=E"":1}"
    148992,         3,         0,   120.3,exact_mw,fe773c48422346d89ea42b7ea8a90aa3034802874175ef2bfbcd9fbedf677903,"{""distance"":7,""physical_error_rate"":0.001}","{""detection_events"":439557,""detectors_checked"":89693184,""obs_mistake_mask=E"":3}"
     12288,         0,         0,    12.3,exact_mw,fe773c48422346d89ea42b7ea8a90aa3034802874175ef2bfbcd9fbedf677903,"{""distance"":7,""physical_error_rate"":0.001}","{""detection_events"":36268,""detectors_checked"":7397376}"
    813056,         2,         0,   120.0,exact_mw,09f626b7d1c8765fd231bc36902f9c5557d3909c4644565b971bdb2bfb186061,"{""distance"":7,""physical_error_rate"":0.0005}","{""detection_events"":1203454,""detectors_checked"":489459712,""obs_mistake_mask=E"":2}"
     89984,         2,         0,   120.1,exact_mw,fe773c48422346d89ea42b7ea8a90aa3034802874175ef2bfbcd9fbedf677903,"{""distance"":7,""physical_error_rate"":0.001}","{""detection_events"":265417,""detectors_checked"":54170368,""obs_mistake_mask=E"":2}"
    781312,         1,         0,   119.9,exact_mw,09f626b7d1c8765fd231bc36902f9c5557d3909c4644565b971bdb2bfb186061,"{""distance"":7,""physical_error_rate"":0.0005}","{""detection_events"":1152180,""detectors_checked"":470349824,""obs_mistake_mask=E"":1}"
    210944,         1,         0,   119.9,exact_mw,09f626b7d1c8765fd231bc36902f9c5557d3909c4644565b971bdb2bfb186061,"{""distance"":7,""physical_error_rate"":0.0005}","{""detection_events"":311486,""detectors_checked"":126988288,""obs_mistake_mask=E"":1}"
    116736,         0,         0,    16.5,exact_mw,09f626b7d1c8765fd231bc36902f9c5557d3909c4644565b971bdb2bfb186061,"{""distance"":7,""physical_error_rate"":0.0005}","{""detection_events"":172808,""detectors_checked"":70275072}"
     70656,         0,         0,    17.2,exact_mw,09f626b7d1c8765fd231bc36902f9c5557d3909c4644565b971bdb2bfb186061,"{""distance"":7,""physical_error_rate"":0.0005}","{""detection_events"":104526,""detectors_checked"":42534912}"
    826368,         2,         0,   119.8,exact_mw,09f626b7d1c8765fd231bc36902f9c5557d3909c4644565b971bdb2bfb186061,"{""distance"":7,""physical_error_rate"":0.0005}","{""detection_events"":1222068,""detectors_checked"":497473536,""obs_mistake_mask=E"":2}"
    115712,         0,         0,    16.4,exact_mw,09f626b7d1c8765fd231bc36902f9c5557d3909c4644565b971bdb2bfb186061,"{""distance"":7,""physical_error_rate"":0.0005}","{""detection_events"":169717,""detectors_checked"":69658624}"
    139776,         1,         0,   120.5,exact_mw,fe773c48422346d89ea42b7ea8a90aa3034802874175ef2bfbcd9fbedf677903,"{""distance"":7,""physical_error_rate"":0.001}","{""detection_events"":413434,""detectors_checked"":84145152,""obs_mistake_mask=E"":1}"
     21504,         1,         0,    16.6,exact_mw,fe773c48422346d89ea42b7ea8a90aa3034802874175ef2bfbcd9fbedf677903,"{""distance"":7,""physical_error_rate"":0.001}","{""detection_events"":62635,""detectors_checked"":12945408,""obs_mistake_mask=E"":1}"
    120704,         3,         0,   120.2,exact_mw,fe773c48422346d89ea42b7ea8a90aa3034802874175ef2bfbcd9fbedf677903,"{""distance"":7,""physical_error_rate"":0.001}","{""detection_events"":356775,""detectors_checked"":72663808,""obs_mistake_mask=E"":3}"
     15104,         0,         0,    16.7,exact_mw,fe773c48422346d89ea42b7ea8a90aa3034802874175ef2bfbcd9fbedf677903,"{""distance"":7,""physical_error_rate"":0.001}","{""detection_events"":44575,""detectors_checked"":9092608}"
     20480,         1,         0,    16.6,exact_mw,fe773c48422346d89ea42b7ea8a90aa3034802874175ef2bfbcd9fbedf677903,"{""distance"":7,""physical_error_rate"":0.001}","{""detection_events"":59917,""detectors_checked"":12328960,""obs_mistake_mask=E"":1}"
       273,         0,         0,   0.056,exact_mw,09f626b7d1c8765fd231bc36902f9c5557d3909c4644565b971bdb2bfb186061,"{""distance"":7,""physical_error_rate"":0.0005}","{""detection_events"":368,""detectors_checked"":164346}"
    773120,         2,         0,   119.9,exact_mw,09f626b7d1c8765fd231bc36902f9c5557d3909c4644565b971bdb2bfb186061,"{""distance"":7,""physical_error_rate"":0.0005}","{""detection_events"":1145256,""detectors_checked"":465418240,""obs_mistake_mask=E"":2}"
      1024,         0,         0,   0.350,exact_mw,09f626b7d1c8765fd231bc36902f9c5557d3909c4644565b971bdb2bfb186061,"{""distance"":7,""physical_error_rate"":0.0005}","{""detection_events"":1588,""detectors_checked"":616448}"
      1024,         0,         0,   0.294,exact_mw,09f626b7d1c8765fd231bc36902f9c5557d3909c4644565b971bdb2bfb186061,"{""distance"":7,""physical_error_rate"":0.0005}","{""detection_events"":1525,""detectors_checked"":616448}"
      1024,         0,         0,   0.163,exact_mw,09f626b7d1c8765fd231bc36902f9c5557d3909c4644565b971bdb2bfb186061,"{""distance"":7,""physical_error_rate"":0.0005}","{""detection_events"":1403,""detectors_checked"":616448}"
      1024,         0,         0,   0.301,exact_mw,09f626b7d1c8765fd231bc36902f9c5557d3909c4644565b971bdb2bfb186061,"{""distance"":7,""physical_error_rate"":0.0005}","{""detection_events"":1503,""detectors_checked"":616448}"
     20480,         1,         0,    17.3,exact_mw,fe773c48422346d89ea42b7ea8a90aa3034802874175ef2bfbcd9fbedf677903,"{""distance"":7,""physical_error_rate"":0.001}","{""detection_events"":60354,""detectors_checked"":12328960,""obs_mistake_mask=E"":1}"
      1024,         0,         0,   0.167,exact_mw,09f626b7d1c8765fd231bc36902f9c5557d3909c4644565b971bdb2bfb186061,"{""distance"":7,""physical_error_rate"":0.0005}","{""detection_events"":1501,""detectors_checked"":616448}"
      1024,         0,         0,   0.270,exact_mw,09f626b7d1c8765fd231bc36902f9c5557d3909c4644565b971bdb2bfb186061,"{""distance"":7,""physical_error_rate"":0.0005}","{""detection_events"":1641,""detectors_checked"":616448}"
      1024,         0,         0,   0.166,exact_mw,09f626b7d1c8765fd231bc36902f9c5557d3909c4644565b971bdb2bfb186061,"{""distance"":7,""physical_error_rate"":0.0005}","{""detection_events"":1426,""detectors_checked"":616448}"
      1024,         0,         0,   0.219,exact_mw,09f626b7d1c8765fd231bc36902f9c5557d3909c4644565b971bdb2bfb186061,"{""distance"":7,""physical_error_rate"":0.0005}","{""detection_events"":1527,""detectors_checked"":616448}"
    306176,         2,         0,   119.8,exact_mw,09f626b7d1c8765fd231bc36902f9c5557d3909c4644565b971bdb2bfb186061,"{""distance"":7,""physical_error_rate"":0.0005}","{""detection_events"":453019,""detectors_checked"":184317952,""obs_mistake_mask=E"":2}"
      2048,         0,         0,   0.223,exact_mw,09f626b7d1c8765fd231bc36902f9c5557d3909c4644565b971bdb2bfb186061,"{""distance"":7,""physical_error_rate"":0.0005}","{""detection_events"":2851,""detectors_checked"":1232896}"
    134144,         2,         0,   120.6,exact_mw,fe773c48422346d89ea42b7ea8a90aa3034802874175ef2bfbcd9fbedf677903,"{""distance"":7,""physical_error_rate"":0.001}","{""detection_events"":397083,""detectors_checked"":80754688,""obs_mistake_mask=E"":2}"
      2048,         0,         0,   0.403,exact_mw,09f626b7d1c8765fd231bc36902f9c5557d3909c4644565b971bdb2bfb186061,"{""distance"":7,""physical_error_rate"":0.0005}","{""detection_events"":2850,""detectors_checked"":1232896}"
    755712,         2,         0,   119.9,exact_mw,09f626b7d1c8765fd231bc36902f9c5557d3909c4644565b971bdb2bfb186061,"{""distance"":7,""physical_error_rate"":0.0005}","{""detection_events"":1116704,""detectors_checked"":454938624,""obs_mistake_mask=E"":2}"
      3072,         0,         0,   0.457,exact_mw,09f626b7d1c8765fd231bc36902f9c5557d3909c4644565b971bdb2bfb186061,"{""distance"":7,""physical_error_rate"":0.0005}","{""detection_events"":4498,""detectors_checked"":1849344}"
     16384,         0,         0,    16.8,exact_mw,fe773c48422346d89ea42b7ea8a90aa3034802874175ef2bfbcd9fbedf677903,"{""distance"":7,""physical_error_rate"":0.001}","{""detection_events"":48035,""detectors_checked"":9863168}"
      5120,         0,         0,   0.769,exact_mw,09f626b7d1c8765fd231bc36902f9c5557d3909c4644565b971bdb2bfb186061,"{""distance"":7,""physical_error_rate"":0.0005}","{""detection_events"":7620,""detectors_checked"":3082240}"
    756736,         1,         0,   119.9,exact_mw,09f626b7d1c8765fd231bc36902f9c5557d3909c4644565b971bdb2bfb186061,"{""distance"":7,""physical_error_rate"":0.0005}","{""detection_events"":1118209,""detectors_checked"":455555072,""obs_mistake_mask=E"":1}"
       273,         0,         0,   0.246,exact_mw,fe773c48422346d89ea42b7ea8a90aa3034802874175ef2bfbcd9fbedf677903,"{""distance"":7,""physical_error_rate"":0.001}","{""detection_events"":805,""detectors_checked"":164346}"
       273,         0,         0,   0.038,exact_mw,09f626b7d1c8765fd231bc36902f9c5557d3909c4644565b971bdb2bfb186061,"{""distance"":7,""physical_error_rate"":0.0005}","{""detection_events"":425,""detectors_checked"":164346}"
    791552,         1,         0,   119.9,exact_mw,09f626b7d1c8765fd231bc36902f9c5557d3909c4644565b971bdb2bfb186061,"{""distance"":7,""physical_error_rate"":0.0005}","{""detection_events"":1173154,""detectors_checked"":476514304,""obs_mistake_mask=E"":1}"
       273,         0,         0,   0.033,exact_mw,09f626b7d1c8765fd231bc36902f9c5557d3909c4644565b971bdb2bfb186061,"{""distance"":7,""physical_error_rate"":0.0005}","{""detection_events"":455,""detectors_checked"":164346}"
      1024,         0,         0,   0.113,exact_mw,09f626b7d1c8765fd231bc36902f9c5557d3909c4644565b971bdb2bfb186061,"{""distance"":7,""physical_error_rate"":0.0005}","{""detection_events"":1415,""detectors_checked"":616448}"
      1024,         0,         0,   0.166,exact_mw,09f626b7d1c8765fd231bc36902f9c5557d3909c4644565b971bdb2bfb186061,"{""distance"":7,""physical_error_rate"":0.0005}","{""detection_events"":1636,""detectors_checked"":616448}"
       512,         1,         0,   0.462,exact_mw,fe773c48422346d89ea42b7ea8a90aa3034802874175ef2bfbcd9fbedf677903,"{""distance"":7,""physical_error_rate"":0.001}","{""detection_events"":1626,""detectors_checked"":308224,""obs_mistake_mask=E"":1}"
      1024,         0,         0,   0.122,exact_mw,09f626b7d1c8765fd231bc36902f9c5557d3909c4644565b971bdb2bfb186061,"{""distance"":7,""physical_error_rate"":0.0005}","{""detection_events"":1316,""detectors_checked"":616448}"
      1024,         0,         0,   0.216,exact_mw,09f626b7d1c8765fd231bc36902f9c5557d3909c4644565b971bdb2bfb186061,"{""distance"":7,""physical_error_rate"":0.0005}","{""detection_events"":1515,""detectors_checked"":616448}"
      4096,         0,         0,   0.967,exact_mw,09f626b7d1c8765fd231bc36902f9c5557d3909c4644565b971bdb2bfb186061,"{""distance"":7,""physical_error_rate"":0.0005}","{""detection_events"":6296,""detectors_checked"":2465792}"
       273,         0,         0,   0.265,exact_mw,fe773c48422346d89ea42b7ea8a90aa3034802874175ef2bfbcd9fbedf677903,"{""distance"":7,""physical_error_rate"":0.001}","{""detection_events"":770,""detectors_checked"":164346}"
       273,         0,         0,   0.234,exact_mw,fe773c48422346d89ea42b7ea8a90aa3034802874175ef2bfbcd9fbedf677903,"{""distance"":7,""physical_error_rate"":0.001}","{""detection_events"":882,""detectors_checked"":164346}"
      1024,         0,         0,   0.158,exact_mw,09f626b7d1c8765fd231bc36902f9c5557d3909c4644565b971bdb2bfb186061,"{""distance"":7,""physical_error_rate"":0.0005}","{""detection_events"":1578,""detectors_checked"":616448}"
      1024,         0,         0,   0.180,exact_mw,09f626b7d1c8765fd231bc36902f9c5557d3909c4644565b971bdb2bfb186061,"{""distance"":7,""physical_error_rate"":0.0005}","{""detection_events"":1544,""detectors_checked"":616448}"
      1024,         0,         0,   0.159,exact_mw,09f626b7d1c8765fd231bc36902f9c5557d3909c4644565b971bdb2bfb186061,"{""distance"":7,""physical_error_rate"":0.0005}","{""detection_events"":1480,""detectors_checked"":616448}"
       512,         0,         0,   0.363,exact_mw,fe773c48422346d89ea42b7ea8a90aa3034802874175ef2bfbcd9fbedf677903,"{""distance"":7,""physical_error_rate"":0.001}","{""detection_events"":1458,""detectors_checked"":308224}"
      1024,         0,         0,   0.105,exact_mw,09f626b7d1c8765fd231bc36902f9c5557d3909c4644565b971bdb2bfb186061,"{""distance"":7,""physical_error_rate"":0.0005}","{""detection_events"":1511,""detectors_checked"":616448}"
      1024,         0,         0,   0.092,exact_mw,09f626b7d1c8765fd231bc36902f9c5557d3909c4644565b971bdb2bfb186061,"{""distance"":7,""physical_error_rate"":0.0005}","{""detection_events"":1412,""detectors_checked"":616448}"
      1024,         0,         0,   0.167,exact_mw,09f626b7d1c8765fd231bc36902f9c5557d3909c4644565b971bdb2bfb186061,"{""distance"":7,""physical_error_rate"":0.0005}","{""detection_events"":1600,""detectors_checked"":616448}"
       512,         0,         0,   0.408,exact_mw,fe773c48422346d89ea42b7ea8a90aa3034802874175ef2bfbcd9fbedf677903,"{""distance"":7,""physical_error_rate"":0.001}","{""detection_events"":1601,""detectors_checked"":308224}"
         1,         0,         0,   0.001,exact_mw,fe773c48422346d89ea42b7ea8a90aa3034802874175ef2bfbcd9fbedf677903,"{""distance"":7,""physical_error_rate"":0.001}","{""detectors_checked"":602}"
      1024,         0,         0,   0.112,exact_mw,09f626b7d1c8765fd231bc36902f9c5557d3909c4644565b971bdb2bfb186061,"{""distance"":7,""physical_error_rate"":0.0005}","{""detection_events"":1433,""detectors_checked"":616448}"
       512,         0,         0,   0.244,exact_mw,fe773c48422346d89ea42b7ea8a90aa3034802874175ef2bfbcd9fbedf677903,"{""distance"":7,""physical_error_rate"":0.001}","{""detection_events"":1421,""detectors_checked"":308224}"
       512,         0,         0,   0.524,exact_mw,fe773c48422346d89ea42b7ea8a90aa3034802874175ef2bfbcd9fbedf677903,"{""distance"":7,""physical_error_rate"":0.001}","{""detection_events"":1672,""detectors_checked"":308224}"
      1024,         0,         0,   0.185,exact_mw,09f626b7d1c8765fd231bc36902f9c5557d3909c4644565b971bdb2bfb186061,"{""distance"":7,""physical_error_rate"":0.0005}","{""detection_events"":1379,""detectors_checked"":616448}"
      1024,         0,         0,   0.138,exact_mw,09f626b7d1c8765fd231bc36902f9c5557d3909c4644565b971bdb2bfb186061,"{""distance"":7,""physical_error_rate"":0.0005}","{""detection_events"":1372,""detectors_checked"":616448}"
       272,         0,         0,   0.266,exact_mw,fe773c48422346d89ea42b7ea8a90aa3034802874175ef2bfbcd9fbedf677903,"{""distance"":7,""physical_error_rate"":0.001}","{""detection_events"":826,""detectors_checked"":163744}"
       512,         0,         0,   0.366,exact_mw,fe773c48422346d89ea42b7ea8a90aa3034802874175ef2bfbcd9fbedf677903,"{""distance"":7,""physical_error_rate"":0.001}","{""detection_events"":1473,""detectors_checked"":308224}"
      2048,         0,         0,   0.205,exact_mw,09f626b7d1c8765fd231bc36902f9c5557d3909c4644565b971bdb2bfb186061,"{""distance"":7,""physical_error_rate"":0.0005}","{""detection_events"":2934,""detectors_checked"":1232896}"
       273,         0,         0,   0.016,exact_mw,09f626b7d1c8765fd231bc36902f9c5557d3909c4644565b971bdb2bfb186061,"{""distance"":7,""physical_error_rate"":0.0005}","{""detection_events"":394,""detectors_checked"":164346}"
      2048,         1,         0,   0.314,exact_mw,09f626b7d1c8765fd231bc36902f9c5557d3909c4644565b971bdb2bfb186061,"{""distance"":7,""physical_error_rate"":0.0005}","{""detection_events"":3012,""detectors_checked"":1232896,""obs_mistake_mask=E"":1}"
      1024,         0,         0,   0.203,exact_mw,09f626b7d1c8765fd231bc36902f9c5557d3909c4644565b971bdb2bfb186061,"{""distance"":7,""physical_error_rate"":0.0005}","{""detection_events"":1567,""detectors_checked"":616448}"
       512,         0,         0,   0.458,exact_mw,fe773c48422346d89ea42b7ea8a90aa3034802874175ef2bfbcd9fbedf677903,"{""distance"":7,""physical_error_rate"":0.001}","{""detection_events"":1487,""detectors_checked"":308224}"
       512,         0,         0,   0.386,exact_mw,fe773c48422346d89ea42b7ea8a90aa3034802874175ef2bfbcd9fbedf677903,"{""distance"":7,""physical_error_rate"":0.001}","{""detection_events"":1527,""detectors_checked"":308224}"
      1024,         0,         0,   0.164,exact_mw,09f626b7d1c8765fd231bc36902f9c5557d3909c4644565b971bdb2bfb186061,"{""distance"":7,""physical_error_rate"":0.0005}","{""detection_events"":1504,""detectors_checked"":616448}"
         1,         0,         0,   0.001,exact_mw,09f626b7d1c8765fd231bc36902f9c5557d3909c4644565b971bdb2bfb186061,"{""distance"":7,""physical_error_rate"":0.0005}","{""detectors_checked"":602}"
      7168,         0,         0,    1.16,exact_mw,09f626b7d1c8765fd231bc36902f9c5557d3909c4644565b971bdb2bfb186061,"{""distance"":7,""physical_error_rate"":0.0005}","{""detection_events"":10477,""detectors_checked"":4315136}"
      2048,         0,         0,   0.241,exact_mw,09f626b7d1c8765fd231bc36902f9c5557d3909c4644565b971bdb2bfb186061,"{""distance"":7,""physical_error_rate"":0.0005}","{""detection_events"":3033,""detectors_checked"":1232896}"
       272,         0,         0,   0.054,exact_mw,09f626b7d1c8765fd231bc36902f9c5557d3909c4644565b971bdb2bfb186061,"{""distance"":7,""physical_error_rate"":0.0005}","{""detection_events"":438,""detectors_checked"":163744}"
      1024,         0,         0,   0.101,exact_mw,09f626b7d1c8765fd231bc36902f9c5557d3909c4644565b971bdb2bfb186061,"{""distance"":7,""physical_error_rate"":0.0005}","{""detection_events"":1514,""detectors_checked"":616448}"
       512,         0,         0,   0.458,exact_mw,fe773c48422346d89ea42b7ea8a90aa3034802874175ef2bfbcd9fbedf677903,"{""distance"":7,""physical_error_rate"":0.001}","{""detection_events"":1510,""detectors_checked"":308224}"
      1024,         0,         0,   0.825,exact_mw,fe773c48422346d89ea42b7ea8a90aa3034802874175ef2bfbcd9fbedf677903,"{""distance"":7,""physical_error_rate"":0.001}","{""detection_events"":2753,""detectors_checked"":616448}"
      1024,         0,         0,   0.164,exact_mw,09f626b7d1c8765fd231bc36902f9c5557d3909c4644565b971bdb2bfb186061,"{""distance"":7,""physical_error_rate"":0.0005}","{""detection_events"":1513,""detectors_checked"":616448}"
       512,         0,         0,   0.316,exact_mw,fe773c48422346d89ea42b7ea8a90aa3034802874175ef2bfbcd9fbedf677903,"{""distance"":7,""physical_error_rate"":0.001}","{""detection_events"":1563,""detectors_checked"":308224}"
      2048,         0,         0,   0.364,exact_mw,09f626b7d1c8765fd231bc36902f9c5557d3909c4644565b971bdb2bfb186061,"{""distance"":7,""physical_error_rate"":0.0005}","{""detection_events"":2986,""detectors_checked"":1232896}"
      1024,         0,         0,   0.187,exact_mw,09f626b7d1c8765fd231bc36902f9c5557d3909c4644565b971bdb2bfb186061,"{""distance"":7,""physical_error_rate"":0.0005}","{""detection_events"":1694,""detectors_checked"":616448}"
       512,         0,         0,   0.377,exact_mw,fe773c48422346d89ea42b7ea8a90aa3034802874175ef2bfbcd9fbedf677903,"{""distance"":7,""physical_error_rate"":0.001}","{""detection_events"":1588,""detectors_checked"":308224}"
        17,         0,         0,   0.020,exact_mw,fe773c48422346d89ea42b7ea8a90aa3034802874175ef2bfbcd9fbedf677903,"{""distance"":7,""physical_error_rate"":0.001}","{""detection_events"":46,""detectors_checked"":10234}"
      1024,         0,         0,   0.193,exact_mw,09f626b7d1c8765fd231bc36902f9c5557d3909c4644565b971bdb2bfb186061,"{""distance"":7,""physical_error_rate"":0.0005}","{""detection_events"":1583,""detectors_checked"":616448}"
      1024,         0,         0,   0.143,exact_mw,09f626b7d1c8765fd231bc36902f9c5557d3909c4644565b971bdb2bfb186061,"{""distance"":7,""physical_error_rate"":0.0005}","{""detection_events"":1675,""detectors_checked"":616448}"
      3072,         0,         0,   0.371,exact_mw,09f626b7d1c8765fd231bc36902f9c5557d3909c4644565b971bdb2bfb186061,"{""distance"":7,""physical_error_rate"":0.0005}","{""detection_events"":4314,""detectors_checked"":1849344}"
         1,         0,         0,   0.001,exact_mw,fe773c48422346d89ea42b7ea8a90aa3034802874175ef2bfbcd9fbedf677903,"{""distance"":7,""physical_error_rate"":0.001}","{""detection_events"":2,""detectors_checked"":602}"
      1024,         0,         0,   0.109,exact_mw,09f626b7d1c8765fd231bc36902f9c5557d3909c4644565b971bdb2bfb186061,"{""distance"":7,""physical_error_rate"":0.0005}","{""detection_events"":1471,""detectors_checked"":616448}"
      1024,         0,         0,   0.125,exact_mw,09f626b7d1c8765fd231bc36902f9c5557d3909c4644565b971bdb2bfb186061,"{""distance"":7,""physical_error_rate"":0.0005}","{""detection_events"":1567,""detectors_checked"":616448}"
       256,         0,         0,   0.182,exact_mw,fe773c48422346d89ea42b7ea8a90aa3034802874175ef2bfbcd9fbedf677903,"{""distance"":7,""physical_error_rate"":0.001}","{""detection_events"":755,""detectors_checked"":154112}"
      3072,         0,         0,   0.344,exact_mw,09f626b7d1c8765fd231bc36902f9c5557d3909c4644565b971bdb2bfb186061,"{""distance"":7,""physical_error_rate"":0.0005}","{""detection_events"":4539,""detectors_checked"":1849344}"
       512,         0,         0,   0.445,exact_mw,fe773c48422346d89ea42b7ea8a90aa3034802874175ef2bfbcd9fbedf677903,"{""distance"":7,""physical_error_rate"":0.001}","{""detection_events"":1381,""detectors_checked"":308224}"
       512,         0,         0,   0.399,exact_mw,fe773c48422346d89ea42b7ea8a90aa3034802874175ef2bfbcd9fbedf677903,"{""distance"":7,""physical_error_rate"":0.001}","{""detection_events"":1488,""detectors_checked"":308224}"
       272,         0,         0,   0.160,exact_mw,fe773c48422346d89ea42b7ea8a90aa3034802874175ef2bfbcd9fbedf677903,"{""distance"":7,""physical_error_rate"":0.001}","{""detection_events"":725,""detectors_checked"":163744}"
      1024,         0,         0,   0.148,exact_mw,09f626b7d1c8765fd231bc36902f9c5557d3909c4644565b971bdb2bfb186061,"{""distance"":7,""physical_error_rate"":0.0005}","{""detection_events"":1546,""detectors_checked"":616448}"
      1024,         0,         0,   0.169,exact_mw,09f626b7d1c8765fd231bc36902f9c5557d3909c4644565b971bdb2bfb186061,"{""distance"":7,""physical_error_rate"":0.0005}","{""detection_events"":1600,""detectors_checked"":616448}"
       512,         0,         0,   0.410,exact_mw,fe773c48422346d89ea42b7ea8a90aa3034802874175ef2bfbcd9fbedf677903,"{""distance"":7,""physical_error_rate"":0.001}","{""detection_events"":1402,""detectors_checked"":308224}"
      2048,         0,         0,   0.403,exact_mw,09f626b7d1c8765fd231bc36902f9c5557d3909c4644565b971bdb2bfb186061,"{""distance"":7,""physical_error_rate"":0.0005}","{""detection_events"":2950,""detectors_checked"":1232896}"
      2048,         0,         0,   0.192,exact_mw,09f626b7d1c8765fd231bc36902f9c5557d3909c4644565b971bdb2bfb186061,"{""distance"":7,""physical_error_rate"":0.0005}","{""detection_events"":3085,""detectors_checked"":1232896}"
      1024,         0,         0,   0.168,exact_mw,09f626b7d1c8765fd231bc36902f9c5557d3909c4644565b971bdb2bfb186061,"{""distance"":7,""physical_error_rate"":0.0005}","{""detection_events"":1537,""detectors_checked"":616448}"
       273,         0,         0,   0.214,exact_mw,fe773c48422346d89ea42b7ea8a90aa3034802874175ef2bfbcd9fbedf677903,"{""distance"":7,""physical_error_rate"":0.001}","{""detection_events"":845,""detectors_checked"":164346}"
      1024,         0,         0,   0.738,exact_mw,fe773c48422346d89ea42b7ea8a90aa3034802874175ef2bfbcd9fbedf677903,"{""distance"":7,""physical_error_rate"":0.001}","{""detection_events"":2919,""detectors_checked"":616448}"
      1024,         0,         0,   0.132,exact_mw,09f626b7d1c8765fd231bc36902f9c5557d3909c4644565b971bdb2bfb186061,"{""distance"":7,""physical_error_rate"":0.0005}","{""detection_events"":1688,""detectors_checked"":616448}"
      1024,         0,         0,   0.139,exact_mw,09f626b7d1c8765fd231bc36902f9c5557d3909c4644565b971bdb2bfb186061,"{""distance"":7,""physical_error_rate"":0.0005}","{""detection_events"":1445,""detectors_checked"":616448}"
       512,         0,         0,   0.460,exact_mw,fe773c48422346d89ea42b7ea8a90aa3034802874175ef2bfbcd9fbedf677903,"{""distance"":7,""physical_error_rate"":0.001}","{""detection_events"":1591,""detectors_checked"":308224}"
       512,         0,         0,   0.418,exact_mw,fe773c48422346d89ea42b7ea8a90aa3034802874175ef2bfbcd9fbedf677903,"{""distance"":7,""physical_error_rate"":0.001}","{""detection_events"":1528,""detectors_checked"":308224}"
       273,         0,         0,   0.036,exact_mw,09f626b7d1c8765fd231bc36902f9c5557d3909c4644565b971bdb2bfb186061,"{""distance"":7,""physical_error_rate"":0.0005}","{""detection_events"":372,""detectors_checked"":164346}"
      4096,         0,         0,   0.501,exact_mw,09f626b7d1c8765fd231bc36902f9c5557d3909c4644565b971bdb2bfb186061,"{""distance"":7,""physical_error_rate"":0.0005}","{""detection_events"":5826,""detectors_checked"":2465792}"
       512,         0,         0,   0.553,exact_mw,fe773c48422346d89ea42b7ea8a90aa3034802874175ef2bfbcd9fbedf677903,"{""distance"":7,""physical_error_rate"":0.001}","{""detection_events"":1649,""detectors_checked"":308224}"
       512,         0,         0,   0.471,exact_mw,fe773c48422346d89ea42b7ea8a90aa3034802874175ef2bfbcd9fbedf677903,"{""distance"":7,""physical_error_rate"":0.001}","{""detection_events"":1581,""detectors_checked"":308224}"
         1,         0,         0,   0.001,exact_mw,fe773c48422346d89ea42b7ea8a90aa3034802874175ef2bfbcd9fbedf677903,"{""distance"":7,""physical_error_rate"":0.001}","{""detection_events"":4,""detectors_checked"":602}"
      1024,         0,         0,   0.156,exact_mw,09f626b7d1c8765fd231bc36902f9c5557d3909c4644565b971bdb2bfb186061,"{""distance"":7,""physical_error_rate"":0.0005}","{""detection_events"":1544,""detectors_checked"":616448}"
         1,         0,         0,   0.001,exact_mw,fe773c48422346d89ea42b7ea8a90aa3034802874175ef2bfbcd9fbedf677903,"{""distance"":7,""physical_error_rate"":0.001}","{""detection_events"":2,""detectors_checked"":602}"
       273,         0,         0,   0.215,exact_mw,fe773c48422346d89ea42b7ea8a90aa3034802874175ef2bfbcd9fbedf677903,"{""distance"":7,""physical_error_rate"":0.001}","{""detection_events"":826,""detectors_checked"":164346}"
       512,         0,         0,   0.502,exact_mw,fe773c48422346d89ea42b7ea8a90aa3034802874175ef2bfbcd9fbedf677903,"{""distance"":7,""physical_error_rate"":0.001}","{""detection_events"":1358,""detectors_checked"":308224}"
      2048,         0,         0,   0.265,exact_mw,09f626b7d1c8765fd231bc36902f9c5557d3909c4644565b971bdb2bfb186061,"{""distance"":7,""physical_error_rate"":0.0005}","{""detection_events"":2940,""detectors_checked"":1232896}"
      2048,         0,         0,   0.286,exact_mw,09f626b7d1c8765fd231bc36902f9c5557d3909c4644565b971bdb2bfb186061,"{""distance"":7,""physical_error_rate"":0.0005}","{""detection_events"":3016,""detectors_checked"":1232896}"
       512,         0,         0,   0.445,exact_mw,fe773c48422346d89ea42b7ea8a90aa3034802874175ef2bfbcd9fbedf677903,"{""distance"":7,""physical_error_rate"":0.001}","{""detection_events"":1463,""detectors_checked"":308224}"
      1024,         0,         0,   0.138,exact_mw,09f626b7d1c8765fd231bc36902f9c5557d3909c4644565b971bdb2bfb186061,"{""distance"":7,""physical_error_rate"":0.0005}","{""detection_events"":1526,""detectors_checked"":616448}"
       272,         0,         0,   0.214,exact_mw,fe773c48422346d89ea42b7ea8a90aa3034802874175ef2bfbcd9fbedf677903,"{""distance"":7,""physical_error_rate"":0.001}","{""detection_events"":860,""detectors_checked"":163744}"
       512,         0,         0,   0.330,exact_mw,fe773c48422346d89ea42b7ea8a90aa3034802874175ef2bfbcd9fbedf677903,"{""distance"":7,""physical_error_rate"":0.001}","{""detection_events"":1340,""detectors_checked"":308224}"
      1024,         0,         0,   0.106,exact_mw,09f626b7d1c8765fd231bc36902f9c5557d3909c4644565b971bdb2bfb186061,"{""distance"":7,""physical_error_rate"":0.0005}","{""detection_events"":1425,""detectors_checked"":616448}"
       272,         0,         0,   0.254,exact_mw,fe773c48422346d89ea42b7ea8a90aa3034802874175ef2bfbcd9fbedf677903,"{""distance"":7,""physical_error_rate"":0.001}","{""detection_events"":802,""detectors_checked"":163744}"
      5120,         0,         0,   0.684,exact_mw,09f626b7d1c8765fd231bc36902f9c5557d3909c4644565b971bdb2bfb186061,"{""distance"":7,""physical_error_rate"":0.0005}","{""detection_events"":7619,""detectors_checked"":3082240}"
       512,         0,         0,   0.502,exact_mw,fe773c48422346d89ea42b7ea8a90aa3034802874175ef2bfbcd9fbedf677903,"{""distance"":7,""physical_error_rate"":0.001}","{""detection_events"":1594,""detectors_checked"":308224}"
      1024,         0,         0,   0.085,exact_mw,09f626b7d1c8765fd231bc36902f9c5557d3909c4644565b971bdb2bfb186061,"{""distance"":7,""physical_error_rate"":0.0005}","{""detection_events"":1481,""detectors_checked"":616448}"
       512,         0,         0,   0.500,exact_mw,fe773c48422346d89ea42b7ea8a90aa3034802874175ef2bfbcd9fbedf677903,"{""distance"":7,""physical_error_rate"":0.001}","{""detection_events"":1557,""detectors_checked"":308224}"
      2048,         0,         0,   0.292,exact_mw,09f626b7d1c8765fd231bc36902f9c5557d3909c4644565b971bdb2bfb186061,"{""distance"":7,""physical_error_rate"":0.0005}","{""detection_events"":2819,""detectors_checked"":1232896}"
     10240,         0,         0,    1.58,exact_mw,09f626b7d1c8765fd231bc36902f9c5557d3909c4644565b971bdb2bfb186061,"{""distance"":7,""physical_error_rate"":0.0005}","{""detection_events"":15234,""detectors_checked"":6164480}"
       512,         0,         0,   0.469,exact_mw,fe773c48422346d89ea42b7ea8a90aa3034802874175ef2bfbcd9fbedf677903,"{""distance"":7,""physical_error_rate"":0.001}","{""detection_events"":1510,""detectors_checked"":308224}"
       512,         0,         0,   0.355,exact_mw,fe773c48422346d89ea42b7ea8a90aa3034802874175ef2bfbcd9fbedf677903,"{""distance"":7,""physical_error_rate"":0.001}","{""detection_events"":1431,""detectors_checked"":308224}"
      1024,         0,         0,   0.083,exact_mw,09f626b7d1c8765fd231bc36902f9c5557d3909c4644565b971bdb2bfb186061,"{""distance"":7,""physical_error_rate"":0.0005}","{""detection_events"":1477,""detectors_checked"":616448}"
       512,         0,         0,   0.426,exact_mw,fe773c48422346d89ea42b7ea8a90aa3034802874175ef2bfbcd9fbedf677903,"{""distance"":7,""physical_error_rate"":0.001}","{""detection_events"":1681,""detectors_checked"":308224}"
       512,         0,         0,   0.366,exact_mw,fe773c48422346d89ea42b7ea8a90aa3034802874175ef2bfbcd9fbedf677903,"{""distance"":7,""physical_error_rate"":0.001}","{""detection_events"":1389,""detectors_checked"":308224}"
      1024,         0,         0,   0.779,exact_mw,fe773c48422346d89ea42b7ea8a90aa3034802874175ef2bfbcd9fbedf677903,"{""distance"":7,""physical_error_rate"":0.001}","{""detection_events"":3089,""detectors_checked"":616448}"
      3072,         0,         0,   0.394,exact_mw,09f626b7d1c8765fd231bc36902f9c5557d3909c4644565b971bdb2bfb186061,"{""distance"":7,""physical_error_rate"":0.0005}","{""detection_events"":4477,""detectors_checked"":1849344}"
      4096,         0,         0,   0.644,exact_mw,09f626b7d1c8765fd231bc36902f9c5557d3909c4644565b971bdb2bfb186061,"{""distance"":7,""physical_error_rate"":0.0005}","{""detection_events"":6017,""detectors_checked"":2465792}"
       273,         0,         0,   0.025,exact_mw,09f626b7d1c8765fd231bc36902f9c5557d3909c4644565b971bdb2bfb186061,"{""distance"":7,""physical_error_rate"":0.0005}","{""detection_events"":400,""detectors_checked"":164346}"
       512,         0,         0,   0.371,exact_mw,fe773c48422346d89ea42b7ea8a90aa3034802874175ef2bfbcd9fbedf677903,"{""distance"":7,""physical_error_rate"":0.001}","{""detection_events"":1521,""detectors_checked"":308224}"
      1024,         0,         0,   0.207,exact_mw,09f626b7d1c8765fd231bc36902f9c5557d3909c4644565b971bdb2bfb186061,"{""distance"":7,""physical_error_rate"":0.0005}","{""detection_events"":1474,""detectors_checked"":616448}"
       512,         0,         0,   0.476,exact_mw,fe773c48422346d89ea42b7ea8a90aa3034802874175ef2bfbcd9fbedf677903,"{""distance"":7,""physical_error_rate"":0.001}","{""detection_events"":1387,""detectors_checked"":308224}"
      1024,         0,         0,   0.102,exact_mw,09f626b7d1c8765fd231bc36902f9c5557d3909c4644565b971bdb2bfb186061,"{""distance"":7,""physical_error_rate"":0.0005}","{""detection_events"":1452,""detectors_checked"":616448}"
       512,         0,         0,   0.370,exact_mw,fe773c48422346d89ea42b7ea8a90aa3034802874175ef2bfbcd9fbedf677903,"{""distance"":7,""physical_error_rate"":0.001}","{""detection_events"":1501,""detectors_checked"":308224}"
      3072,         0,         0,   0.373,exact_mw,09f626b7d1c8765fd231bc36902f9c5557d3909c4644565b971bdb2bfb186061,"{""distance"":7,""physical_error_rate"":0.0005}","{""detection_events"":4614,""detectors_checked"":1849344}"
       512,         0,         0,   0.298,exact_mw,fe773c48422346d89ea42b7ea8a90aa3034802874175ef2bfbcd9fbedf677903,"{""distance"":7,""physical_error_rate"":0.001}","{""detection_events"":1456,""detectors_checked"":308224}"
       512,         0,         0,   0.462,exact_mw,fe773c48422346d89ea42b7ea8a90aa3034802874175ef2bfbcd9fbedf677903,"{""distance"":7,""physical_error_rate"":0.001}","{""detection_events"":1491,""detectors_checked"":308224}"
         1,         0,         0,   0.001,exact_mw,09f626b7d1c8765fd231bc36902f9c5557d3909c4644565b971bdb2bfb186061,"{""distance"":7,""physical_error_rate"":0.0005}","{""detection_events"":3,""detectors_checked"":602}"
      2048,         0,         0,   0.187,exact_mw,09f626b7d1c8765fd231bc36902f9c5557d3909c4644565b971bdb2bfb186061,"{""distance"":7,""physical_error_rate"":0.0005}","{""detection_events"":2899,""detectors_checked"":1232896}"
       512,         0,         0,   0.545,exact_mw,fe773c48422346d89ea42b7ea8a90aa3034802874175ef2bfbcd9fbedf677903,"{""distance"":7,""physical_error_rate"":0.001}","{""detection_events"":1592,""detectors_checked"":308224}"
       272,         0,         0,   0.029,exact_mw,09f626b7d1c8765fd231bc36902f9c5557d3909c4644565b971bdb2bfb186061,"{""distance"":7,""physical_error_rate"":0.0005}","{""detection_events"":366,""detectors_checked"":163744}"
      1024,         0,         0,   0.165,exact_mw,09f626b7d1c8765fd231bc36902f9c5557d3909c4644565b971bdb2bfb186061,"{""distance"":7,""physical_error_rate"":0.0005}","{""detection_events"":1478,""detectors_checked"":616448}"
       512,         0,         0,   0.441,exact_mw,fe773c48422346d89ea42b7ea8a90aa3034802874175ef2bfbcd9fbedf677903,"{""distance"":7,""physical_error_rate"":0.001}","{""detection_events"":1440,""detectors_checked"":308224}"
       512,         0,         0,   0.450,exact_mw,fe773c48422346d89ea42b7ea8a90aa3034802874175ef2bfbcd9fbedf677903,"{""distance"":7,""physical_error_rate"":0.001}","{""detection_events"":1530,""detectors_checked"":308224}"
      3072,         0,         0,   0.438,exact_mw,09f626b7d1c8765fd231bc36902f9c5557d3909c4644565b971bdb2bfb186061,"{""distance"":7,""physical_error_rate"":0.0005}","{""detection_events"":4568,""detectors_checked"":1849344}"
       512,         0,         0,   0.350,exact_mw,fe773c48422346d89ea42b7ea8a90aa3034802874175ef2bfbcd9fbedf677903,"{""distance"":7,""physical_error_rate"":0.001}","{""detection_events"":1494,""detectors_checked"":308224}"
       512,         0,         0,   0.567,exact_mw,fe773c48422346d89ea42b7ea8a90aa3034802874175ef2bfbcd9fbedf677903,"{""distance"":7,""physical_error_rate"":0.001}","{""detection_events"":1685,""detectors_checked"":308224}"
      1024,         0,         0,   0.126,exact_mw,09f626b7d1c8765fd231bc36902f9c5557d3909c4644565b971bdb2bfb186061,"{""distance"":7,""physical_error_rate"":0.0005}","{""detection_events"":1488,""detectors_checked"":616448}"
    135168,         1,         0,   120.3,exact_mw,fe773c48422346d89ea42b7ea8a90aa3034802874175ef2bfbcd9fbedf677903,"{""distance"":7,""physical_error_rate"":0.001}","{""detection_events"":397775,""detectors_checked"":81371136,""obs_mistake_mask=E"":1}"
      1024,         0,         0,   0.161,exact_mw,09f626b7d1c8765fd231bc36902f9c5557d3909c4644565b971bdb2bfb186061,"{""distance"":7,""physical_error_rate"":0.0005}","{""detection_events"":1556,""detectors_checked"":616448}"
      1024,         1,         0,   0.081,exact_mw,09f626b7d1c8765fd231bc36902f9c5557d3909c4644565b971bdb2bfb186061,"{""distance"":7,""physical_error_rate"":0.0005}","{""detection_events"":1327,""detectors_checked"":616448,""obs_mistake_mask=E"":1}"
      2048,         0,         0,   0.259,exact_mw,09f626b7d1c8765fd231bc36902f9c5557d3909c4644565b971bdb2bfb186061,"{""distance"":7,""physical_error_rate"":0.0005}","{""detection_events"":3198,""detectors_checked"":1232896}"
      6144,         0,         0,   0.808,exact_mw,09f626b7d1c8765fd231bc36902f9c5557d3909c4644565b971bdb2bfb186061,"{""distance"":7,""physical_error_rate"":0.0005}","{""detection_events"":9260,""detectors_checked"":3698688}"
       512,         0,         0,   0.468,exact_mw,fe773c48422346d89ea42b7ea8a90aa3034802874175ef2bfbcd9fbedf677903,"{""distance"":7,""physical_error_rate"":0.001}","{""detection_events"":1593,""detectors_checked"":308224}"
       512,         0,         0,   0.430,exact_mw,fe773c48422346d89ea42b7ea8a90aa3034802874175ef2bfbcd9fbedf677903,"{""distance"":7,""physical_error_rate"":0.001}","{""detection_events"":1514,""detectors_checked"":308224}"
      1024,         0,         0,   0.144,exact_mw,09f626b7d1c8765fd231bc36902f9c5557d3909c4644565b971bdb2bfb186061,"{""distance"":7,""physical_error_rate"":0.0005}","{""detection_events"":1482,""detectors_checked"":616448}"
       512,         0,         0,   0.400,exact_mw,fe773c48422346d89ea42b7ea8a90aa3034802874175ef2bfbcd9fbedf677903,"{""distance"":7,""physical_error_rate"":0.001}","{""detection_events"":1627,""detectors_checked"":308224}"
      1024,         0,         0,   0.205,exact_mw,09f626b7d1c8765fd231bc36902f9c5557d3909c4644565b971bdb2bfb186061,"{""distance"":7,""physical_error_rate"":0.0005}","{""detection_events"":1495,""detectors_checked"":616448}"
       512,         0,         0,   0.491,exact_mw,fe773c48422346d89ea42b7ea8a90aa3034802874175ef2bfbcd9fbedf677903,"{""distance"":7,""physical_error_rate"":0.001}","{""detection_events"":1669,""detectors_checked"":308224}"
      4096,         0,         0,   0.586,exact_mw,09f626b7d1c8765fd231bc36902f9c5557d3909c4644565b971bdb2bfb186061,"{""distance"":7,""physical_error_rate"":0.0005}","{""detection_events"":6229,""detectors_checked"":2465792}"
       512,         0,         0,   0.380,exact_mw,fe773c48422346d89ea42b7ea8a90aa3034802874175ef2bfbcd9fbedf677903,"{""distance"":7,""physical_error_rate"":0.001}","{""detection_events"":1490,""detectors_checked"":308224}"
       512,         0,         0,   0.425,exact_mw,fe773c48422346d89ea42b7ea8a90aa3034802874175ef2bfbcd9fbedf677903,"{""distance"":7,""physical_error_rate"":0.001}","{""detection_events"":1465,""detectors_checked"":308224}"
      1024,         0,         0,   0.651,exact_mw,fe773c48422346d89ea42b7ea8a90aa3034802874175ef2bfbcd9fbedf677903,"{""distance"":7,""physical_error_rate"":0.001}","{""detection_events"":2933,""detectors_checked"":616448}"
      1024,         1,         0,   0.182,exact_mw,09f626b7d1c8765fd231bc36902f9c5557d3909c4644565b971bdb2bfb186061,"{""distance"":7,""physical_error_rate"":0.0005}","{""detection_events"":1656,""detectors_checked"":616448,""obs_mistake_mask=E"":1}"
       512,         0,         0,   0.460,exact_mw,fe773c48422346d89ea42b7ea8a90aa3034802874175ef2bfbcd9fbedf677903,"{""distance"":7,""physical_error_rate"":0.001}","{""detection_events"":1470,""detectors_checked"":308224}"
      1024,         0,         0,   0.896,exact_mw,fe773c48422346d89ea42b7ea8a90aa3034802874175ef2bfbcd9fbedf677903,"{""distance"":7,""physical_error_rate"":0.001}","{""detection_events"":3151,""detectors_checked"":616448}"
      1024,         0,         0,   0.156,exact_mw,09f626b7d1c8765fd231bc36902f9c5557d3909c4644565b971bdb2bfb186061,"{""distance"":7,""physical_error_rate"":0.0005}","{""detection_events"":1575,""detectors_checked"":616448}"
      2048,         0,         0,   0.336,exact_mw,09f626b7d1c8765fd231bc36902f9c5557d3909c4644565b971bdb2bfb186061,"{""distance"":7,""physical_error_rate"":0.0005}","{""detection_events"":2984,""detectors_checked"":1232896}"
      5120,         0,         0,   0.911,exact_mw,09f626b7d1c8765fd231bc36902f9c5557d3909c4644565b971bdb2bfb186061,"{""distance"":7,""physical_error_rate"":0.0005}","{""detection_events"":7840,""detectors_checked"":3082240}"
       512,         0,         0,   0.317,exact_mw,fe773c48422346d89ea42b7ea8a90aa3034802874175ef2bfbcd9fbedf677903,"{""distance"":7,""physical_error_rate"":0.001}","{""detection_events"":1499,""detectors_checked"":308224}"
        17,         0,         0,   0.001,exact_mw,09f626b7d1c8765fd231bc36902f9c5557d3909c4644565b971bdb2bfb186061,"{""distance"":7,""physical_error_rate"":0.0005}","{""detection_events"":24,""detectors_checked"":10234}"
       512,         0,         0,   0.574,exact_mw,fe773c48422346d89ea42b7ea8a90aa3034802874175ef2bfbcd9fbedf677903,"{""distance"":7,""physical_error_rate"":0.001}","{""detection_events"":1514,""detectors_checked"":308224}"
       256,         0,         0,   0.032,exact_mw,09f626b7d1c8765fd231bc36902f9c5557d3909c4644565b971bdb2bfb186061,"{""distance"":7,""physical_error_rate"":0.0005}","{""detection_events"":336,""detectors_checked"":154112}"
      1024,         0,         0,   0.112,exact_mw,09f626b7d1c8765fd231bc36902f9c5557d3909c4644565b971bdb2bfb186061,"{""distance"":7,""physical_error_rate"":0.0005}","{""detection_events"":1414,""detectors_checked"":616448}"
      1024,         0,         0,   0.161,exact_mw,09f626b7d1c8765fd231bc36902f9c5557d3909c4644565b971bdb2bfb186061,"{""distance"":7,""physical_error_rate"":0.0005}","{""detection_events"":1524,""detectors_checked"":616448}"
       512,         0,         0,   0.449,exact_mw,fe773c48422346d89ea42b7ea8a90aa3034802874175ef2bfbcd9fbedf677903,"{""distance"":7,""physical_error_rate"":0.001}","{""detection_events"":1538,""detectors_checked"":308224}"
      1024,         0,         0,   0.109,exact_mw,09f626b7d1c8765fd231bc36902f9c5557d3909c4644565b971bdb2bfb186061,"{""distance"":7,""physical_error_rate"":0.0005}","{""detection_events"":1429,""detectors_checked"":616448}"
      1024,         0,         0,   0.126,exact_mw,09f626b7d1c8765fd231bc36902f9c5557d3909c4644565b971bdb2bfb186061,"{""distance"":7,""physical_error_rate"":0.0005}","{""detection_events"":1482,""detectors_checked"":616448}"
      5120,         1,         0,   0.744,exact_mw,09f626b7d1c8765fd231bc36902f9c5557d3909c4644565b971bdb2bfb186061,"{""distance"":7,""physical_error_rate"":0.0005}","{""detection_events"":7788,""detectors_checked"":3082240,""obs_mistake_mask=E"":1}"
      1024,         0,         0,   0.143,exact_mw,09f626b7d1c8765fd231bc36902f9c5557d3909c4644565b971bdb2bfb186061,"{""distance"":7,""physical_error_rate"":0.0005}","{""detection_events"":1489,""detectors_checked"":616448}"
       512,         0,         0,   0.439,exact_mw,fe773c48422346d89ea42b7ea8a90aa3034802874175ef2bfbcd9fbedf677903,"{""distance"":7,""physical_error_rate"":0.001}","{""detection_events"":1498,""detectors_checked"":308224}"
       512,         0,         0,   0.396,exact_mw,fe773c48422346d89ea42b7ea8a90aa3034802874175ef2bfbcd9fbedf677903,"{""distance"":7,""physical_error_rate"":0.001}","{""detection_events"":1513,""detectors_checked"":308224}"
       273,         0,         0,   0.024,exact_mw,09f626b7d1c8765fd231bc36902f9c5557d3909c4644565b971bdb2bfb186061,"{""distance"":7,""physical_error_rate"":0.0005}","{""detection_events"":387,""detectors_checked"":164346}"
       512,         0,         0,   0.336,exact_mw,fe773c48422346d89ea42b7ea8a90aa3034802874175ef2bfbcd9fbedf677903,"{""distance"":7,""physical_error_rate"":0.001}","{""detection_events"":1543,""detectors_checked"":308224}"
       512,         0,         0,   0.432,exact_mw,fe773c48422346d89ea42b7ea8a90aa3034802874175ef2bfbcd9fbedf677903,"{""distance"":7,""physical_error_rate"":0.001}","{""detection_events"":1581,""detectors_checked"":308224}"
      1024,         0,         0,   0.135,exact_mw,09f626b7d1c8765fd231bc36902f9c5557d3909c4644565b971bdb2bfb186061,"{""distance"":7,""physical_error_rate"":0.0005}","{""detection_events"":1494,""detectors_checked"":616448}"
       512,         0,         0,   0.310,exact_mw,fe773c48422346d89ea42b7ea8a90aa3034802874175ef2bfbcd9fbedf677903,"{""distance"":7,""physical_error_rate"":0.001}","{""detection_events"":1483,""detectors_checked"":308224}"
      3072,         0,         0,   0.423,exact_mw,09f626b7d1c8765fd231bc36902f9c5557d3909c4644565b971bdb2bfb186061,"{""distance"":7,""physical_error_rate"":0.0005}","{""detection_events"":4300,""detectors_checked"":1849344}"
      2048,         0,         0,   0.211,exact_mw,09f626b7d1c8765fd231bc36902f9c5557d3909c4644565b971bdb2bfb186061,"{""distance"":7,""physical_error_rate"":0.0005}","{""detection_events"":3170,""detectors_checked"":1232896}"
       512,         0,         0,   0.546,exact_mw,fe773c48422346d89ea42b7ea8a90aa3034802874175ef2bfbcd9fbedf677903,"{""distance"":7,""physical_error_rate"":0.001}","{""detection_events"":1596,""detectors_checked"":308224}"
      1024,         0,         0,   0.195,exact_mw,09f626b7d1c8765fd231bc36902f9c5557d3909c4644565b971bdb2bfb186061,"{""distance"":7,""physical_error_rate"":0.0005}","{""detection_events"":1545,""detectors_checked"":616448}"
      1024,         0,         0,   0.156,exact_mw,09f626b7d1c8765fd231bc36902f9c5557d3909c4644565b971bdb2bfb186061,"{""distance"":7,""physical_error_rate"":0.0005}","{""detection_events"":1456,""detectors_checked"":616448}"
      1024,         0,         0,   0.236,exact_mw,09f626b7d1c8765fd231bc36902f9c5557d3909c4644565b971bdb2bfb186061,"{""distance"":7,""physical_error_rate"":0.0005}","{""detection_events"":1560,""detectors_checked"":616448}"
      4096,         0,         0,   0.658,exact_mw,09f626b7d1c8765fd231bc36902f9c5557d3909c4644565b971bdb2bfb186061,"{""distance"":7,""physical_error_rate"":0.0005}","{""detection_events"":5944,""detectors_checked"":2465792}"
       512,         0,         0,   0.395,exact_mw,fe773c48422346d89ea42b7ea8a90aa3034802874175ef2bfbcd9fbedf677903,"{""distance"":7,""physical_error_rate"":0.001}","{""detection_events"":1497,""detectors_checked"":308224}"
       512,         0,         0,   0.536,exact_mw,fe773c48422346d89ea42b7ea8a90aa3034802874175ef2bfbcd9fbedf677903,"{""distance"":7,""physical_error_rate"":0.001}","{""detection_events"":1550,""detectors_checked"":308224}"
      1024,         0,         0,   0.133,exact_mw,09f626b7d1c8765fd231bc36902f9c5557d3909c4644565b971bdb2bfb186061,"{""distance"":7,""physical_error_rate"":0.0005}","{""detection_events"":1488,""detectors_checked"":616448}"
      1024,         0,         0,   0.159,exact_mw,09f626b7d1c8765fd231bc36902f9c5557d3909c4644565b971bdb2bfb186061,"{""distance"":7,""physical_error_rate"":0.0005}","{""detection_events"":1549,""detectors_checked"":616448}"
      1024,         0,         0,   0.216,exact_mw,09f626b7d1c8765fd231bc36902f9c5557d3909c4644565b971bdb2bfb186061,"{""distance"":7,""physical_error_rate"":0.0005}","{""detection_events"":1549,""detectors_checked"":616448}"
       512,         0,         0,   0.331,exact_mw,fe773c48422346d89ea42b7ea8a90aa3034802874175ef2bfbcd9fbedf677903,"{""distance"":7,""physical_error_rate"":0.001}","{""detection_events"":1408,""detectors_checked"":308224}"
       512,         0,         0,   0.452,exact_mw,fe773c48422346d89ea42b7ea8a90aa3034802874175ef2bfbcd9fbedf677903,"{""distance"":7,""physical_error_rate"":0.001}","{""detection_events"":1505,""detectors_checked"":308224}"
      1024,         0,         0,   0.132,exact_mw,09f626b7d1c8765fd231bc36902f9c5557d3909c4644565b971bdb2bfb186061,"{""distance"":7,""physical_error_rate"":0.0005}","{""detection_events"":1592,""detectors_checked"":616448}"
       512,         0,         0,   0.491,exact_mw,fe773c48422346d89ea42b7ea8a90aa3034802874175ef2bfbcd9fbedf677903,"{""distance"":7,""physical_error_rate"":0.001}","{""detection_events"":1573,""detectors_checked"":308224}"
      2048,         0,         0,   0.288,exact_mw,09f626b7d1c8765fd231bc36902f9c5557d3909c4644565b971bdb2bfb186061,"{""distance"":7,""physical_error_rate"":0.0005}","{""detection_events"":2932,""detectors_checked"":1232896}"
      6144,         0,         0,    1.11,exact_mw,09f626b7d1c8765fd231bc36902f9c5557d3909c4644565b971bdb2bfb186061,"{""distance"":7,""physical_error_rate"":0.0005}","{""detection_events"":9146,""detectors_checked"":3698688}"
      1024,         0,         0,   0.859,exact_mw,fe773c48422346d89ea42b7ea8a90aa3034802874175ef2bfbcd9fbedf677903,"{""distance"":7,""physical_error_rate"":0.001}","{""detection_events"":2985,""detectors_checked"":616448}"
      1024,         0,         0,   0.874,exact_mw,fe773c48422346d89ea42b7ea8a90aa3034802874175ef2bfbcd9fbedf677903,"{""distance"":7,""physical_error_rate"":0.001}","{""detection_events"":2900,""detectors_checked"":616448}"
       512,         0,         0,   0.548,exact_mw,fe773c48422346d89ea42b7ea8a90aa3034802874175ef2bfbcd9fbedf677903,"{""distance"":7,""physical_error_rate"":0.001}","{""detection_events"":1620,""detectors_checked"":308224}"
      1024,         0,         0,   0.158,exact_mw,09f626b7d1c8765fd231bc36902f9c5557d3909c4644565b971bdb2bfb186061,"{""distance"":7,""physical_error_rate"":0.0005}","{""detection_events"":1436,""detectors_checked"":616448}"
       512,         0,         0,   0.568,exact_mw,fe773c48422346d89ea42b7ea8a90aa3034802874175ef2bfbcd9fbedf677903,"{""distance"":7,""physical_error_rate"":0.001}","{""detection_events"":1585,""detectors_checked"":308224}"
      1024,         0,         0,   0.289,exact_mw,09f626b7d1c8765fd231bc36902f9c5557d3909c4644565b971bdb2bfb186061,"{""distance"":7,""physical_error_rate"":0.0005}","{""detection_events"":1520,""detectors_checked"":616448}"
      3072,         1,         0,   0.537,exact_mw,09f626b7d1c8765fd231bc36902f9c5557d3909c4644565b971bdb2bfb186061,"{""distance"":7,""physical_error_rate"":0.0005}","{""detection_events"":4587,""detectors_checked"":1849344,""obs_mistake_mask=E"":1}"
       512,         0,         0,   0.401,exact_mw,fe773c48422346d89ea42b7ea8a90aa3034802874175ef2bfbcd9fbedf677903,"{""distance"":7,""physical_error_rate"":0.001}","{""detection_events"":1614,""detectors_checked"":308224}"
       512,         0,         0,   0.382,exact_mw,fe773c48422346d89ea42b7ea8a90aa3034802874175ef2bfbcd9fbedf677903,"{""distance"":7,""physical_error_rate"":0.001}","{""detection_events"":1480,""detectors_checked"":308224}"
       512,         0,         0,   0.336,exact_mw,fe773c48422346d89ea42b7ea8a90aa3034802874175ef2bfbcd9fbedf677903,"{""distance"":7,""physical_error_rate"":0.001}","{""detection_events"":1453,""detectors_checked"":308224}"
      1024,         0,         0,   0.080,exact_mw,09f626b7d1c8765fd231bc36902f9c5557d3909c4644565b971bdb2bfb186061,"{""distance"":7,""physical_error_rate"":0.0005}","{""detection_events"":1372,""detectors_checked"":616448}"
      3072,         0,         0,   0.419,exact_mw,09f626b7d1c8765fd231bc36902f9c5557d3909c4644565b971bdb2bfb186061,"{""distance"":7,""physical_error_rate"":0.0005}","{""detection_events"":4590,""detectors_checked"":1849344}"
      6144,         0,         0,   0.864,exact_mw,09f626b7d1c8765fd231bc36902f9c5557d3909c4644565b971bdb2bfb186061,"{""distance"":7,""physical_error_rate"":0.0005}","{""detection_events"":9142,""detectors_checked"":3698688}"
      1024,         0,         0,   0.091,exact_mw,09f626b7d1c8765fd231bc36902f9c5557d3909c4644565b971bdb2bfb186061,"{""distance"":7,""physical_error_rate"":0.0005}","{""detection_events"":1545,""detectors_checked"":616448}"
       512,         0,         0,   0.444,exact_mw,fe773c48422346d89ea42b7ea8a90aa3034802874175ef2bfbcd9fbedf677903,"{""distance"":7,""physical_error_rate"":0.001}","{""detection_events"":1494,""detectors_checked"":308224}"
      2048,         0,         0,   0.272,exact_mw,09f626b7d1c8765fd231bc36902f9c5557d3909c4644565b971bdb2bfb186061,"{""distance"":7,""physical_error_rate"":0.0005}","{""detection_events"":3002,""detectors_checked"":1232896}"
     14336,         0,         0,    2.26,exact_mw,09f626b7d1c8765fd231bc36902f9c5557d3909c4644565b971bdb2bfb186061,"{""distance"":7,""physical_error_rate"":0.0005}","{""detection_events"":21641,""detectors_checked"":8630272}"
       512,         0,         0,   0.348,exact_mw,fe773c48422346d89ea42b7ea8a90aa3034802874175ef2bfbcd9fbedf677903,"{""distance"":7,""physical_error_rate"":0.001}","{""detection_events"":1345,""detectors_checked"":308224}"
      3072,         0,         0,   0.463,exact_mw,09f626b7d1c8765fd231bc36902f9c5557d3909c4644565b971bdb2bfb186061,"{""distance"":7,""physical_error_rate"":0.0005}","{""detection_events"":4673,""detectors_checked"":1849344}"
      8192,         0,         0,    1.31,exact_mw,09f626b7d1c8765fd231bc36902f9c5557d3909c4644565b971bdb2bfb186061,"{""distance"":7,""physical_error_rate"":0.0005}","{""detection_events"":12507,""detectors_checked"":4931584}"
       512,         0,         0,   0.337,exact_mw,fe773c48422346d89ea42b7ea8a90aa3034802874175ef2bfbcd9fbedf677903,"{""distance"":7,""physical_error_rate"":0.001}","{""detection_events"":1465,""detectors_checked"":308224}"
       512,         0,         0,   0.369,exact_mw,fe773c48422346d89ea42b7ea8a90aa3034802874175ef2bfbcd9fbedf677903,"{""distance"":7,""physical_error_rate"":0.001}","{""detection_events"":1581,""detectors_checked"":308224}"
       512,         0,         0,   0.337,exact_mw,fe773c48422346d89ea42b7ea8a90aa3034802874175ef2bfbcd9fbedf677903,"{""distance"":7,""physical_error_rate"":0.001}","{""detection_events"":1541,""detectors_checked"":308224}"
      1024,         0,         0,   0.220,exact_mw,09f626b7d1c8765fd231bc36902f9c5557d3909c4644565b971bdb2bfb186061,"{""distance"":7,""physical_error_rate"":0.0005}","{""detection_events"":1720,""detectors_checked"":616448}"
     83200,         1,         0,   120.2,exact_mw,fe773c48422346d89ea42b7ea8a90aa3034802874175ef2bfbcd9fbedf677903,"{""distance"":7,""physical_error_rate"":0.001}","{""detection_events"":246127,""detectors_checked"":50086400,""obs_mistake_mask=E"":1}"
      1024,         0,         0,   0.224,exact_mw,09f626b7d1c8765fd231bc36902f9c5557d3909c4644565b971bdb2bfb186061,"{""distance"":7,""physical_error_rate"":0.0005}","{""detection_events"":1493,""detectors_checked"":616448}"
       512,         0,         0,   0.271,exact_mw,fe773c48422346d89ea42b7ea8a90aa3034802874175ef2bfbcd9fbedf677903,"{""distance"":7,""physical_error_rate"":0.001}","{""detection_events"":1425,""detectors_checked"":308224}"
      6144,         0,         0,   0.903,exact_mw,09f626b7d1c8765fd231bc36902f9c5557d3909c4644565b971bdb2bfb186061,"{""distance"":7,""physical_error_rate"":0.0005}","{""detection_events"":9058,""detectors_checked"":3698688}"
      1024,         0,         0,   0.711,exact_mw,fe773c48422346d89ea42b7ea8a90aa3034802874175ef2bfbcd9fbedf677903,"{""distance"":7,""physical_error_rate"":0.001}","{""detection_events"":3071,""detectors_checked"":616448}"
      1024,         0,         0,   0.144,exact_mw,09f626b7d1c8765fd231bc36902f9c5557d3909c4644565b971bdb2bfb186061,"{""distance"":7,""physical_error_rate"":0.0005}","{""detection_events"":1628,""detectors_checked"":616448}"
       512,         0,         0,   0.301,exact_mw,fe773c48422346d89ea42b7ea8a90aa3034802874175ef2bfbcd9fbedf677903,"{""distance"":7,""physical_error_rate"":0.001}","{""detection_events"":1462,""detectors_checked"":308224}"
      1024,         0,         0,   0.712,exact_mw,fe773c48422346d89ea42b7ea8a90aa3034802874175ef2bfbcd9fbedf677903,"{""distance"":7,""physical_error_rate"":0.001}","{""detection_events"":3040,""detectors_checked"":616448}"
      5120,         0,         0,   0.618,exact_mw,09f626b7d1c8765fd231bc36902f9c5557d3909c4644565b971bdb2bfb186061,"{""distance"":7,""physical_error_rate"":0.0005}","{""detection_events"":7312,""detectors_checked"":3082240}"
      1024,         0,         0,   0.813,exact_mw,fe773c48422346d89ea42b7ea8a90aa3034802874175ef2bfbcd9fbedf677903,"{""distance"":7,""physical_error_rate"":0.001}","{""detection_events"":3152,""detectors_checked"":616448}"
      3072,         0,         0,   0.548,exact_mw,09f626b7d1c8765fd231bc36902f9c5557d3909c4644565b971bdb2bfb186061,"{""distance"":7,""physical_error_rate"":0.0005}","{""detection_events"":4274,""detectors_checked"":1849344}"
      1024,         0,         0,   0.154,exact_mw,09f626b7d1c8765fd231bc36902f9c5557d3909c4644565b971bdb2bfb186061,"{""distance"":7,""physical_error_rate"":0.0005}","{""detection_events"":1389,""detectors_checked"":616448}"
      4096,         0,         0,   0.450,exact_mw,09f626b7d1c8765fd231bc36902f9c5557d3909c4644565b971bdb2bfb186061,"{""distance"":7,""physical_error_rate"":0.0005}","{""detection_events"":6135,""detectors_checked"":2465792}"
      2048,         0,         0,   0.290,exact_mw,09f626b7d1c8765fd231bc36902f9c5557d3909c4644565b971bdb2bfb186061,"{""distance"":7,""physical_error_rate"":0.0005}","{""detection_events"":2757,""detectors_checked"":1232896}"
       512,         0,         0,   0.363,exact_mw,fe773c48422346d89ea42b7ea8a90aa3034802874175ef2bfbcd9fbedf677903,"{""distance"":7,""physical_error_rate"":0.001}","{""detection_events"":1466,""detectors_checked"":308224}"
      1024,         0,         0,   0.756,exact_mw,fe773c48422346d89ea42b7ea8a90aa3034802874175ef2bfbcd9fbedf677903,"{""distance"":7,""physical_error_rate"":0.001}","{""detection_events"":3029,""detectors_checked"":616448}"
       512,         0,         0,   0.422,exact_mw,fe773c48422346d89ea42b7ea8a90aa3034802874175ef2bfbcd9fbedf677903,"{""distance"":7,""physical_error_rate"":0.001}","{""detection_events"":1543,""detectors_checked"":308224}"
       512,         0,         0,   0.478,exact_mw,fe773c48422346d89ea42b7ea8a90aa3034802874175ef2bfbcd9fbedf677903,"{""distance"":7,""physical_error_rate"":0.001}","{""detection_events"":1476,""detectors_checked"":308224}"
      2048,         0,         0,   0.267,exact_mw,09f626b7d1c8765fd231bc36902f9c5557d3909c4644565b971bdb2bfb186061,"{""distance"":7,""physical_error_rate"":0.0005}","{""detection_events"":3150,""detectors_checked"":1232896}"
       512,         0,         0,   0.506,exact_mw,fe773c48422346d89ea42b7ea8a90aa3034802874175ef2bfbcd9fbedf677903,"{""distance"":7,""physical_error_rate"":0.001}","{""detection_events"":1652,""detectors_checked"":308224}"
       512,         0,         0,   0.346,exact_mw,fe773c48422346d89ea42b7ea8a90aa3034802874175ef2bfbcd9fbedf677903,"{""distance"":7,""physical_error_rate"":0.001}","{""detection_events"":1479,""detectors_checked"":308224}"
       512,         0,         0,   0.425,exact_mw,fe773c48422346d89ea42b7ea8a90aa3034802874175ef2bfbcd9fbedf677903,"{""distance"":7,""physical_error_rate"":0.001}","{""detection_events"":1501,""detectors_checked"":308224}"
       512,         0,         0,   0.401,exact_mw,fe773c48422346d89ea42b7ea8a90aa3034802874175ef2bfbcd9fbedf677903,"{""distance"":7,""physical_error_rate"":0.001}","{""detection_events"":1476,""detectors_checked"":308224}"
      1024,         0,         0,   0.662,exact_mw,fe773c48422346d89ea42b7ea8a90aa3034802874175ef2bfbcd9fbedf677903,"{""distance"":7,""physical_error_rate"":0.001}","{""detection_events"":2979,""detectors_checked"":616448}"
      2048,         0,         0,   0.304,exact_mw,09f626b7d1c8765fd231bc36902f9c5557d3909c4644565b971bdb2bfb186061,"{""distance"":7,""physical_error_rate"":0.0005}","{""detection_events"":3085,""detectors_checked"":1232896}"
      1024,         0,         0,   0.808,exact_mw,fe773c48422346d89ea42b7ea8a90aa3034802874175ef2bfbcd9fbedf677903,"{""distance"":7,""physical_error_rate"":0.001}","{""detection_events"":3135,""detectors_checked"":616448}"
      4096,         0,         0,   0.566,exact_mw,09f626b7d1c8765fd231bc36902f9c5557d3909c4644565b971bdb2bfb186061,"{""distance"":7,""physical_error_rate"":0.0005}","{""detection_events"":6156,""detectors_checked"":2465792}"
      5120,         0,         0,   0.684,exact_mw,09f626b7d1c8765fd231bc36902f9c5557d3909c4644565b971bdb2bfb186061,"{""distance"":7,""physical_error_rate"":0.0005}","{""detection_events"":7689,""detectors_checked"":3082240}"
      5120,         0,         0,   0.681,exact_mw,09f626b7d1c8765fd231bc36902f9c5557d3909c4644565b971bdb2bfb186061,"{""distance"":7,""physical_error_rate"":0.0005}","{""detection_events"":7587,""detectors_checked"":3082240}"
     12288,         0,         0,    1.63,exact_mw,09f626b7d1c8765fd231bc36902f9c5557d3909c4644565b971bdb2bfb186061,"{""distance"":7,""physical_error_rate"":0.0005}","{""detection_events"":18329,""detectors_checked"":7397376}"
      9216,         0,         0,    1.30,exact_mw,09f626b7d1c8765fd231bc36902f9c5557d3909c4644565b971bdb2bfb186061,"{""distance"":7,""physical_error_rate"":0.0005}","{""detection_events"":14054,""detectors_checked"":5548032}"
       512,         0,         0,    1.93,exact_mw,fe773c48422346d89ea42b7ea8a90aa3034802874175ef2bfbcd9fbedf677903,"{""distance"":7,""physical_error_rate"":0.001}","{""detection_events"":1471,""detectors_checked"":308224}"
      1024,         0,         0,    1.03,exact_mw,fe773c48422346d89ea42b7ea8a90aa3034802874175ef2bfbcd9fbedf677903,"{""distance"":7,""physical_error_rate"":0.001}","{""detection_events"":2978,""detectors_checked"":616448}"
      7168,         0,         0,   0.967,exact_mw,09f626b7d1c8765fd231bc36902f9c5557d3909c4644565b971bdb2bfb186061,"{""distance"":7,""physical_error_rate"":0.0005}","{""detection_events"":10728,""detectors_checked"":4315136}"
      1024,         0,         0,   0.914,exact_mw,fe773c48422346d89ea42b7ea8a90aa3034802874175ef2bfbcd9fbedf677903,"{""distance"":7,""physical_error_rate"":0.001}","{""detection_events"":3056,""detectors_checked"":616448}"
       512,         0,         0,   0.505,exact_mw,fe773c48422346d89ea42b7ea8a90aa3034802874175ef2bfbcd9fbedf677903,"{""distance"":7,""physical_error_rate"":0.001}","{""detection_events"":1528,""detectors_checked"":308224}"
       512,         0,         0,   0.505,exact_mw,fe773c48422346d89ea42b7ea8a90aa3034802874175ef2bfbcd9fbedf677903,"{""distance"":7,""physical_error_rate"":0.001}","{""detection_events"":1444,""detectors_checked"":308224}"
      1024,         0,         0,   0.943,exact_mw,fe773c48422346d89ea42b7ea8a90aa3034802874175ef2bfbcd9fbedf677903,"{""distance"":7,""physical_error_rate"":0.001}","{""detection_events"":2924,""detectors_checked"":616448}"
      3072,         0,         0,   0.443,exact_mw,09f626b7d1c8765fd231bc36902f9c5557d3909c4644565b971bdb2bfb186061,"{""distance"":7,""physical_error_rate"":0.0005}","{""detection_events"":4221,""detectors_checked"":1849344}"
      9216,         0,         0,    1.32,exact_mw,09f626b7d1c8765fd231bc36902f9c5557d3909c4644565b971bdb2bfb186061,"{""distance"":7,""physical_error_rate"":0.0005}","{""detection_events"":13623,""detectors_checked"":5548032}"
      1024,         0,         0,   0.737,exact_mw,fe773c48422346d89ea42b7ea8a90aa3034802874175ef2bfbcd9fbedf677903,"{""distance"":7,""physical_error_rate"":0.001}","{""detection_events"":2899,""detectors_checked"":616448}"
      3072,         0,         0,   0.649,exact_mw,09f626b7d1c8765fd231bc36902f9c5557d3909c4644565b971bdb2bfb186061,"{""distance"":7,""physical_error_rate"":0.0005}","{""detection_events"":4709,""detectors_checked"":1849344}"
     11264,         0,         0,    1.68,exact_mw,09f626b7d1c8765fd231bc36902f9c5557d3909c4644565b971bdb2bfb186061,"{""distance"":7,""physical_error_rate"":0.0005}","{""detection_events"":16552,""detectors_checked"":6780928}"
      1024,         0,         0,   0.767,exact_mw,fe773c48422346d89ea42b7ea8a90aa3034802874175ef2bfbcd9fbedf677903,"{""distance"":7,""physical_error_rate"":0.001}","{""detection_events"":3101,""detectors_checked"":616448}"
       512,         0,         0,   0.452,exact_mw,fe773c48422346d89ea42b7ea8a90aa3034802874175ef2bfbcd9fbedf677903,"{""distance"":7,""physical_error_rate"":0.001}","{""detection_events"":1464,""detectors_checked"":308224}"
      1024,         0,         0,   0.888,exact_mw,fe773c48422346d89ea42b7ea8a90aa3034802874175ef2bfbcd9fbedf677903,"{""distance"":7,""physical_error_rate"":0.001}","{""detection_events"":3056,""detectors_checked"":616448}"
      1024,         0,         0,   0.936,exact_mw,fe773c48422346d89ea42b7ea8a90aa3034802874175ef2bfbcd9fbedf677903,"{""distance"":7,""physical_error_rate"":0.001}","{""detection_events"":3052,""detectors_checked"":616448}"
      5120,         0,         0,   0.881,exact_mw,09f626b7d1c8765fd231bc36902f9c5557d3909c4644565b971bdb2bfb186061,"{""distance"":7,""physical_error_rate"":0.0005}","{""detection_events"":7854,""detectors_checked"":3082240}"
       512,         0,         0,   0.593,exact_mw,fe773c48422346d89ea42b7ea8a90aa3034802874175ef2bfbcd9fbedf677903,"{""distance"":7,""physical_error_rate"":0.001}","{""detection_events"":1605,""detectors_checked"":308224}"
      1024,         0,         0,   0.682,exact_mw,fe773c48422346d89ea42b7ea8a90aa3034802874175ef2bfbcd9fbedf677903,"{""distance"":7,""physical_error_rate"":0.001}","{""detection_events"":3015,""detectors_checked"":616448}"
      7168,         0,         0,   0.858,exact_mw,09f626b7d1c8765fd231bc36902f9c5557d3909c4644565b971bdb2bfb186061,"{""distance"":7,""physical_error_rate"":0.0005}","{""detection_events"":10745,""detectors_checked"":4315136}"
      5120,         0,         0,   0.593,exact_mw,09f626b7d1c8765fd231bc36902f9c5557d3909c4644565b971bdb2bfb186061,"{""distance"":7,""physical_error_rate"":0.0005}","{""detection_events"":7255,""detectors_checked"":3082240}"
      1024,         0,         0,   0.865,exact_mw,fe773c48422346d89ea42b7ea8a90aa3034802874175ef2bfbcd9fbedf677903,"{""distance"":7,""physical_error_rate"":0.001}","{""detection_events"":2999,""detectors_checked"":616448}"
       256,         0,         0,   0.904,exact_mw,fe773c48422346d89ea42b7ea8a90aa3034802874175ef2bfbcd9fbedf677903,"{""distance"":7,""physical_error_rate"":0.001}","{""detection_events"":667,""detectors_checked"":154112}"
      8192,         0,         0,    1.12,exact_mw,09f626b7d1c8765fd231bc36902f9c5557d3909c4644565b971bdb2bfb186061,"{""distance"":7,""physical_error_rate"":0.0005}","{""detection_events"":12229,""detectors_checked"":4931584}"
      1024,         0,         0,   0.884,exact_mw,fe773c48422346d89ea42b7ea8a90aa3034802874175ef2bfbcd9fbedf677903,"{""distance"":7,""physical_error_rate"":0.001}","{""detection_events"":3107,""detectors_checked"":616448}"
      5120,         0,         0,   0.836,exact_mw,09f626b7d1c8765fd231bc36902f9c5557d3909c4644565b971bdb2bfb186061,"{""distance"":7,""physical_error_rate"":0.0005}","{""detection_events"":7521,""detectors_checked"":3082240}"
      1024,         0,         0,   0.704,exact_mw,fe773c48422346d89ea42b7ea8a90aa3034802874175ef2bfbcd9fbedf677903,"{""distance"":7,""physical_error_rate"":0.001}","{""detection_events"":2847,""detectors_checked"":616448}"
      1024,         0,         0,   0.831,exact_mw,fe773c48422346d89ea42b7ea8a90aa3034802874175ef2bfbcd9fbedf677903,"{""distance"":7,""physical_error_rate"":0.001}","{""detection_events"":2897,""detectors_checked"":616448}"
      1024,         0,         0,   0.921,exact_mw,fe773c48422346d89ea42b7ea8a90aa3034802874175ef2bfbcd9fbedf677903,"{""distance"":7,""physical_error_rate"":0.001}","{""detection_events"":3176,""detectors_checked"":616448}"
      1024,         0,         0,   0.815,exact_mw,fe773c48422346d89ea42b7ea8a90aa3034802874175ef2bfbcd9fbedf677903,"{""distance"":7,""physical_error_rate"":0.001}","{""detection_events"":3068,""detectors_checked"":616448}"
     12288,         0,         0,    1.65,exact_mw,09f626b7d1c8765fd231bc36902f9c5557d3909c4644565b971bdb2bfb186061,"{""distance"":7,""physical_error_rate"":0.0005}","{""detection_events"":17693,""detectors_checked"":7397376}"
      2048,         0,         0,    1.42,exact_mw,fe773c48422346d89ea42b7ea8a90aa3034802874175ef2bfbcd9fbedf677903,"{""distance"":7,""physical_error_rate"":0.001}","{""detection_events"":5787,""detectors_checked"":1232896}"
    134656,         1,         0,   120.2,exact_mw,fe773c48422346d89ea42b7ea8a90aa3034802874175ef2bfbcd9fbedf677903,"{""distance"":7,""physical_error_rate"":0.001}","{""detection_events"":396290,""detectors_checked"":81062912,""obs_mistake_mask=E"":1}"
      1024,         0,         0,   0.837,exact_mw,fe773c48422346d89ea42b7ea8a90aa3034802874175ef2bfbcd9fbedf677903,"{""distance"":7,""physical_error_rate"":0.001}","{""detection_events"":3212,""detectors_checked"":616448}"
      6144,         0,         0,   0.996,exact_mw,09f626b7d1c8765fd231bc36902f9c5557d3909c4644565b971bdb2bfb186061,"{""distance"":7,""physical_error_rate"":0.0005}","{""detection_events"":9131,""detectors_checked"":3698688}"
     11264,         0,         0,    1.61,exact_mw,09f626b7d1c8765fd231bc36902f9c5557d3909c4644565b971bdb2bfb186061,"{""distance"":7,""physical_error_rate"":0.0005}","{""detection_events"":16705,""detectors_checked"":6780928}"
     21504,         0,         0,    3.18,exact_mw,09f626b7d1c8765fd231bc36902f9c5557d3909c4644565b971bdb2bfb186061,"{""distance"":7,""physical_error_rate"":0.0005}","{""detection_events"":32246,""detectors_checked"":12945408}"
      8192,         0,         0,    1.14,exact_mw,09f626b7d1c8765fd231bc36902f9c5557d3909c4644565b971bdb2bfb186061,"{""distance"":7,""physical_error_rate"":0.0005}","{""detection_events"":12024,""detectors_checked"":4931584}"
      9216,         0,         0,    1.23,exact_mw,09f626b7d1c8765fd231bc36902f9c5557d3909c4644565b971bdb2bfb186061,"{""distance"":7,""physical_error_rate"":0.0005}","{""detection_events"":13452,""detectors_checked"":5548032}"
      1536,         0,         0,    1.28,exact_mw,fe773c48422346d89ea42b7ea8a90aa3034802874175ef2bfbcd9fbedf677903,"{""distance"":7,""physical_error_rate"":0.001}","{""detection_events"":4559,""detectors_checked"":924672}"
      2048,         0,         0,    1.56,exact_mw,fe773c48422346d89ea42b7ea8a90aa3034802874175ef2bfbcd9fbedf677903,"{""distance"":7,""physical_error_rate"":0.001}","{""detection_events"":6029,""detectors_checked"":1232896}"
     16384,         0,         0,    2.23,exact_mw,09f626b7d1c8765fd231bc36902f9c5557d3909c4644565b971bdb2bfb186061,"{""distance"":7,""physical_error_rate"":0.0005}","{""detection_events"":23864,""detectors_checked"":9863168}"
      1024,         0,         0,   0.770,exact_mw,fe773c48422346d89ea42b7ea8a90aa3034802874175ef2bfbcd9fbedf677903,"{""distance"":7,""physical_error_rate"":0.001}","{""detection_events"":3182,""detectors_checked"":616448}"
      1536,         0,         0,    1.12,exact_mw,fe773c48422346d89ea42b7ea8a90aa3034802874175ef2bfbcd9fbedf677903,"{""distance"":7,""physical_error_rate"":0.001}","{""detection_events"":4299,""detectors_checked"":924672}"
       256,         0,         0,    1.50,exact_mw,fe773c48422346d89ea42b7ea8a90aa3034802874175ef2bfbcd9fbedf677903,"{""distance"":7,""physical_error_rate"":0.001}","{""detection_events"":757,""detectors_checked"":154112}"
      1024,         0,         0,   0.840,exact_mw,fe773c48422346d89ea42b7ea8a90aa3034802874175ef2bfbcd9fbedf677903,"{""distance"":7,""physical_error_rate"":0.001}","{""detection_events"":2979,""detectors_checked"":616448}"
      1024,         0,         0,   0.851,exact_mw,fe773c48422346d89ea42b7ea8a90aa3034802874175ef2bfbcd9fbedf677903,"{""distance"":7,""physical_error_rate"":0.001}","{""detection_events"":2966,""detectors_checked"":616448}"
      1024,         0,         0,   0.760,exact_mw,fe773c48422346d89ea42b7ea8a90aa3034802874175ef2bfbcd9fbedf677903,"{""distance"":7,""physical_error_rate"":0.001}","{""detection_events"":3034,""detectors_checked"":616448}"
      7168,         0,         0,    1.19,exact_mw,09f626b7d1c8765fd231bc36902f9c5557d3909c4644565b971bdb2bfb186061,"{""distance"":7,""physical_error_rate"":0.0005}","{""detection_events"":10901,""detectors_checked"":4315136}"
     12288,         0,         0,    1.62,exact_mw,09f626b7d1c8765fd231bc36902f9c5557d3909c4644565b971bdb2bfb186061,"{""distance"":7,""physical_error_rate"":0.0005}","{""detection_events"":17895,""detectors_checked"":7397376}"
     15360,         0,         0,    2.29,exact_mw,09f626b7d1c8765fd231bc36902f9c5557d3909c4644565b971bdb2bfb186061,"{""distance"":7,""physical_error_rate"":0.0005}","{""detection_events"":22567,""detectors_checked"":9246720}"
       128,         0,         0,   0.600,exact_mw,fe773c48422346d89ea42b7ea8a90aa3034802874175ef2bfbcd9fbedf677903,"{""distance"":7,""physical_error_rate"":0.001}","{""detection_events"":406,""detectors_checked"":77056}"
      9216,         0,         0,    1.20,exact_mw,09f626b7d1c8765fd231bc36902f9c5557d3909c4644565b971bdb2bfb186061,"{""distance"":7,""physical_error_rate"":0.0005}","{""detection_events"":13321,""detectors_checked"":5548032}"
      1024,         0,         0,   0.817,exact_mw,fe773c48422346d89ea42b7ea8a90aa3034802874175ef2bfbcd9fbedf677903,"{""distance"":7,""physical_error_rate"":0.001}","{""detection_events"":3211,""detectors_checked"":616448}"
      1024,         0,         0,   0.634,exact_mw,fe773c48422346d89ea42b7ea8a90aa3034802874175ef2bfbcd9fbedf677903,"{""distance"":7,""physical_error_rate"":0.001}","{""detection_events"":3051,""detectors_checked"":616448}"
      2048,         0,         0,    1.67,exact_mw,fe773c48422346d89ea42b7ea8a90aa3034802874175ef2bfbcd9fbedf677903,"{""distance"":7,""physical_error_rate"":0.001}","{""detection_events"":5950,""detectors_checked"":1232896}"
      2048,         0,         0,    1.80,exact_mw,fe773c48422346d89ea42b7ea8a90aa3034802874175ef2bfbcd9fbedf677903,"{""distance"":7,""physical_error_rate"":0.001}","{""detection_events"":6024,""detectors_checked"":1232896}"
     13312,         0,         0,    1.59,exact_mw,09f626b7d1c8765fd231bc36902f9c5557d3909c4644565b971bdb2bfb186061,"{""distance"":7,""physical_error_rate"":0.0005}","{""detection_events"":19481,""detectors_checked"":8013824}"
      2048,         0,         0,    1.48,exact_mw,fe773c48422346d89ea42b7ea8a90aa3034802874175ef2bfbcd9fbedf677903,"{""distance"":7,""physical_error_rate"":0.001}","{""detection_events"":5871,""detectors_checked"":1232896}"
     13312,         0,         0,    1.69,exact_mw,09f626b7d1c8765fd231bc36902f9c5557d3909c4644565b971bdb2bfb186061,"{""distance"":7,""physical_error_rate"":0.0005}","{""detection_events"":19718,""detectors_checked"":8013824}"
       128,         0,         0,   0.662,exact_mw,fe773c48422346d89ea42b7ea8a90aa3034802874175ef2bfbcd9fbedf677903,"{""distance"":7,""physical_error_rate"":0.001}","{""detection_events"":348,""detectors_checked"":77056}"
      2048,         0,         0,    1.73,exact_mw,fe773c48422346d89ea42b7ea8a90aa3034802874175ef2bfbcd9fbedf677903,"{""distance"":7,""physical_error_rate"":0.001}","{""detection_events"":5929,""detectors_checked"":1232896}"
      1536,         0,         0,    1.47,exact_mw,fe773c48422346d89ea42b7ea8a90aa3034802874175ef2bfbcd9fbedf677903,"{""distance"":7,""physical_error_rate"":0.001}","{""detection_events"":4777,""detectors_checked"":924672}"
     15360,         0,         0,    2.28,exact_mw,09f626b7d1c8765fd231bc36902f9c5557d3909c4644565b971bdb2bfb186061,"{""distance"":7,""physical_error_rate"":0.0005}","{""detection_events"":22797,""detectors_checked"":9246720}"
      1024,         0,         0,   0.893,exact_mw,fe773c48422346d89ea42b7ea8a90aa3034802874175ef2bfbcd9fbedf677903,"{""distance"":7,""physical_error_rate"":0.001}","{""detection_events"":3097,""detectors_checked"":616448}"
      2048,         0,         0,    1.69,exact_mw,fe773c48422346d89ea42b7ea8a90aa3034802874175ef2bfbcd9fbedf677903,"{""distance"":7,""physical_error_rate"":0.001}","{""detection_events"":6212,""detectors_checked"":1232896}"
     15360,         0,         0,    2.20,exact_mw,09f626b7d1c8765fd231bc36902f9c5557d3909c4644565b971bdb2bfb186061,"{""distance"":7,""physical_error_rate"":0.0005}","{""detection_events"":22929,""detectors_checked"":9246720}"
      1024,         0,         0,    1.13,exact_mw,fe773c48422346d89ea42b7ea8a90aa3034802874175ef2bfbcd9fbedf677903,"{""distance"":7,""physical_error_rate"":0.001}","{""detection_events"":3039,""detectors_checked"":616448}"
     11264,         0,         0,    1.71,exact_mw,09f626b7d1c8765fd231bc36902f9c5557d3909c4644565b971bdb2bfb186061,"{""distance"":7,""physical_error_rate"":0.0005}","{""detection_events"":17060,""detectors_checked"":6780928}"
      2048,         0,         0,    2.04,exact_mw,fe773c48422346d89ea42b7ea8a90aa3034802874175ef2bfbcd9fbedf677903,"{""distance"":7,""physical_error_rate"":0.001}","{""detection_events"":6339,""detectors_checked"":1232896}"
     12288,         0,         0,    1.60,exact_mw,09f626b7d1c8765fd231bc36902f9c5557d3909c4644565b971bdb2bfb186061,"{""distance"":7,""physical_error_rate"":0.0005}","{""detection_events"":18133,""detectors_checked"":7397376}"
       256,         0,         0,    1.02,exact_mw,fe773c48422346d89ea42b7ea8a90aa3034802874175ef2bfbcd9fbedf677903,"{""distance"":7,""physical_error_rate"":0.001}","{""detection_events"":755,""detectors_checked"":154112}"
     16384,         0,         0,    2.23,exact_mw,09f626b7d1c8765fd231bc36902f9c5557d3909c4644565b971bdb2bfb186061,"{""distance"":7,""physical_error_rate"":0.0005}","{""detection_events"":23912,""detectors_checked"":9863168}"
      2048,         0,         0,    1.69,exact_mw,fe773c48422346d89ea42b7ea8a90aa3034802874175ef2bfbcd9fbedf677903,"{""distance"":7,""physical_error_rate"":0.001}","{""detection_events"":5797,""detectors_checked"":1232896}"
    153600,         0,         0,    23.0,exact_mw,09f626b7d1c8765fd231bc36902f9c5557d3909c4644565b971bdb2bfb186061,"{""distance"":7,""physical_error_rate"":0.0005}","{""detection_events"":227852,""detectors_checked"":92467200}"
     22528,         0,         0,    3.08,exact_mw,09f626b7d1c8765fd231bc36902f9c5557d3909c4644565b971bdb2bfb186061,"{""distance"":7,""physical_error_rate"":0.0005}","{""detection_events"":33631,""detectors_checked"":13561856}"
      2048,         0,         0,    1.78,exact_mw,fe773c48422346d89ea42b7ea8a90aa3034802874175ef2bfbcd9fbedf677903,"{""distance"":7,""physical_error_rate"":0.001}","{""detection_events"":6348,""detectors_checked"":1232896}"
      2048,         0,         0,    1.61,exact_mw,fe773c48422346d89ea42b7ea8a90aa3034802874175ef2bfbcd9fbedf677903,"{""distance"":7,""physical_error_rate"":0.001}","{""detection_events"":6051,""detectors_checked"":1232896}"
      2048,         0,         0,    1.64,exact_mw,fe773c48422346d89ea42b7ea8a90aa3034802874175ef2bfbcd9fbedf677903,"{""distance"":7,""physical_error_rate"":0.001}","{""detection_events"":6077,""detectors_checked"":1232896}"
      2560,         0,         0,    1.94,exact_mw,fe773c48422346d89ea42b7ea8a90aa3034802874175ef2bfbcd9fbedf677903,"{""distance"":7,""physical_error_rate"":0.001}","{""detection_events"":7544,""detectors_checked"":1541120}"
     15360,         0,         0,    2.23,exact_mw,09f626b7d1c8765fd231bc36902f9c5557d3909c4644565b971bdb2bfb186061,"{""distance"":7,""physical_error_rate"":0.0005}","{""detection_events"":22965,""detectors_checked"":9246720}"
     18432,         0,         0,    2.38,exact_mw,09f626b7d1c8765fd231bc36902f9c5557d3909c4644565b971bdb2bfb186061,"{""distance"":7,""physical_error_rate"":0.0005}","{""detection_events"":26790,""detectors_checked"":11096064}"
     20480,         0,         0,    3.16,exact_mw,09f626b7d1c8765fd231bc36902f9c5557d3909c4644565b971bdb2bfb186061,"{""distance"":7,""physical_error_rate"":0.0005}","{""detection_events"":30671,""detectors_checked"":12328960}"
       256,         0,         0,    1.32,exact_mw,fe773c48422346d89ea42b7ea8a90aa3034802874175ef2bfbcd9fbedf677903,"{""distance"":7,""physical_error_rate"":0.001}","{""detection_events"":766,""detectors_checked"":154112}"
      2048,         0,         0,    1.79,exact_mw,fe773c48422346d89ea42b7ea8a90aa3034802874175ef2bfbcd9fbedf677903,"{""distance"":7,""physical_error_rate"":0.001}","{""detection_events"":6132,""detectors_checked"":1232896}"
      3072,         0,         0,    2.82,exact_mw,fe773c48422346d89ea42b7ea8a90aa3034802874175ef2bfbcd9fbedf677903,"{""distance"":7,""physical_error_rate"":0.001}","{""detection_events"":9187,""detectors_checked"":1849344}"
     30720,         0,         0,    4.37,exact_mw,09f626b7d1c8765fd231bc36902f9c5557d3909c4644565b971bdb2bfb186061,"{""distance"":7,""physical_error_rate"":0.0005}","{""detection_events"":45639,""detectors_checked"":18493440}"
     27136,         0,         0,    23.0,exact_mw,09f626b7d1c8765fd231bc36902f9c5557d3909c4644565b971bdb2bfb186061,"{""distance"":7,""physical_error_rate"":0.0005}","{""detection_events"":39766,""detectors_checked"":16335872}"
      3584,         0,         0,    2.77,exact_mw,fe773c48422346d89ea42b7ea8a90aa3034802874175ef2bfbcd9fbedf677903,"{""distance"":7,""physical_error_rate"":0.001}","{""detection_events"":10421,""detectors_checked"":2157568}"
     14336,         0,         0,    2.26,exact_mw,09f626b7d1c8765fd231bc36902f9c5557d3909c4644565b971bdb2bfb186061,"{""distance"":7,""physical_error_rate"":0.0005}","{""detection_events"":20913,""detectors_checked"":8630272}"
      3072,         0,         0,    2.37,exact_mw,fe773c48422346d89ea42b7ea8a90aa3034802874175ef2bfbcd9fbedf677903,"{""distance"":7,""physical_error_rate"":0.001}","{""detection_events"":9183,""detectors_checked"":1849344}"
     15360,         0,         0,    2.27,exact_mw,09f626b7d1c8765fd231bc36902f9c5557d3909c4644565b971bdb2bfb186061,"{""distance"":7,""physical_error_rate"":0.0005}","{""detection_events"":22488,""detectors_checked"":9246720}"
     24576,         0,         0,    3.17,exact_mw,09f626b7d1c8765fd231bc36902f9c5557d3909c4644565b971bdb2bfb186061,"{""distance"":7,""physical_error_rate"":0.0005}","{""detection_events"":36526,""detectors_checked"":14794752}"
      2048,         0,         0,    1.61,exact_mw,fe773c48422346d89ea42b7ea8a90aa3034802874175ef2bfbcd9fbedf677903,"{""distance"":7,""physical_error_rate"":0.001}","{""detection_events"":5830,""detectors_checked"":1232896}"
       128,         0,         0,    1.19,exact_mw,fe773c48422346d89ea42b7ea8a90aa3034802874175ef2bfbcd9fbedf677903,"{""distance"":7,""physical_error_rate"":0.001}","{""detection_events"":399,""detectors_checked"":77056}"
     21504,         0,         0,    3.16,exact_mw,09f626b7d1c8765fd231bc36902f9c5557d3909c4644565b971bdb2bfb186061,"{""distance"":7,""physical_error_rate"":0.0005}","{""detection_events"":31159,""detectors_checked"":12945408}"
      4096,         0,         0,    3.08,exact_mw,fe773c48422346d89ea42b7ea8a90aa3034802874175ef2bfbcd9fbedf677903,"{""distance"":7,""physical_error_rate"":0.001}","{""detection_events"":11797,""detectors_checked"":2465792}"
      3072,         0,         0,    2.21,exact_mw,fe773c48422346d89ea42b7ea8a90aa3034802874175ef2bfbcd9fbedf677903,"{""distance"":7,""physical_error_rate"":0.001}","{""detection_events"":8901,""detectors_checked"":1849344}"
      4096,         1,         0,    2.85,exact_mw,fe773c48422346d89ea42b7ea8a90aa3034802874175ef2bfbcd9fbedf677903,"{""distance"":7,""physical_error_rate"":0.001}","{""detection_events"":11845,""detectors_checked"":2465792,""obs_mistake_mask=E"":1}"
     22528,         0,         0,    3.25,exact_mw,09f626b7d1c8765fd231bc36902f9c5557d3909c4644565b971bdb2bfb186061,"{""distance"":7,""physical_error_rate"":0.0005}","{""detection_events"":33137,""detectors_checked"":13561856}"
      3072,         0,         0,    2.52,exact_mw,fe773c48422346d89ea42b7ea8a90aa3034802874175ef2bfbcd9fbedf677903,"{""distance"":7,""physical_error_rate"":0.001}","{""detection_events"":9340,""detectors_checked"":1849344}"
      3072,         0,         0,    2.66,exact_mw,fe773c48422346d89ea42b7ea8a90aa3034802874175ef2bfbcd9fbedf677903,"{""distance"":7,""physical_error_rate"":0.001}","{""detection_events"":9120,""detectors_checked"":1849344}"
       256,         0,         0,    1.33,exact_mw,fe773c48422346d89ea42b7ea8a90aa3034802874175ef2bfbcd9fbedf677903,"{""distance"":7,""physical_error_rate"":0.001}","{""detection_events"":707,""detectors_checked"":154112}"
       273,         0,         0,   0.320,exact_mw,09f626b7d1c8765fd231bc36902f9c5557d3909c4644565b971bdb2bfb186061,"{""distance"":7,""physical_error_rate"":0.0005}","{""detection_events"":431,""detectors_checked"":164346}"
       256,         0,         0,   0.256,exact_mw,09f626b7d1c8765fd231bc36902f9c5557d3909c4644565b971bdb2bfb186061,"{""distance"":7,""physical_error_rate"":0.0005}","{""detection_events"":421,""detectors_checked"":154112}"
    158720,         0,         0,    23.1,exact_mw,09f626b7d1c8765fd231bc36902f9c5557d3909c4644565b971bdb2bfb186061,"{""distance"":7,""physical_error_rate"":0.0005}","{""detection_events"":233258,""detectors_checked"":95549440}"
     20480,         0,         0,    3.05,exact_mw,09f626b7d1c8765fd231bc36902f9c5557d3909c4644565b971bdb2bfb186061,"{""distance"":7,""physical_error_rate"":0.0005}","{""detection_events"":31055,""detectors_checked"":12328960}"
     22528,         0,         0,    3.10,exact_mw,09f626b7d1c8765fd231bc36902f9c5557d3909c4644565b971bdb2bfb186061,"{""distance"":7,""physical_error_rate"":0.0005}","{""detection_events"":33017,""detectors_checked"":13561856}"
       512,         0,         0,   0.439,exact_mw,09f626b7d1c8765fd231bc36902f9c5557d3909c4644565b971bdb2bfb186061,"{""distance"":7,""physical_error_rate"":0.0005}","{""detection_events"":710,""detectors_checked"":308224}"
     29696,         0,         0,    4.31,exact_mw,09f626b7d1c8765fd231bc36902f9c5557d3909c4644565b971bdb2bfb186061,"{""distance"":7,""physical_error_rate"":0.0005}","{""detection_events"":43259,""detectors_checked"":17876992}"
      4096,         0,         0,    3.54,exact_mw,fe773c48422346d89ea42b7ea8a90aa3034802874175ef2bfbcd9fbedf677903,"{""distance"":7,""physical_error_rate"":0.001}","{""detection_events"":12016,""detectors_checked"":2465792}"
     20480,         0,         0,    3.15,exact_mw,09f626b7d1c8765fd231bc36902f9c5557d3909c4644565b971bdb2bfb186061,"{""distance"":7,""physical_error_rate"":0.0005}","{""detection_events"":30374,""detectors_checked"":12328960}"
      3072,         0,         0,    2.56,exact_mw,fe773c48422346d89ea42b7ea8a90aa3034802874175ef2bfbcd9fbedf677903,"{""distance"":7,""physical_error_rate"":0.001}","{""detection_events"":8897,""detectors_checked"":1849344}"
     27648,         0,         0,    23.5,exact_mw,fe773c48422346d89ea42b7ea8a90aa3034802874175ef2bfbcd9fbedf677903,"{""distance"":7,""physical_error_rate"":0.001}","{""detection_events"":81190,""detectors_checked"":16644096}"
       512,         0,         0,   0.745,exact_mw,09f626b7d1c8765fd231bc36902f9c5557d3909c4644565b971bdb2bfb186061,"{""distance"":7,""physical_error_rate"":0.0005}","{""detection_events"":808,""detectors_checked"":308224}"
     21504,         0,         0,    3.11,exact_mw,09f626b7d1c8765fd231bc36902f9c5557d3909c4644565b971bdb2bfb186061,"{""distance"":7,""physical_error_rate"":0.0005}","{""detection_events"":31493,""detectors_checked"":12945408}"
      4096,         0,         0,    3.37,exact_mw,fe773c48422346d89ea42b7ea8a90aa3034802874175ef2bfbcd9fbedf677903,"{""distance"":7,""physical_error_rate"":0.001}","{""detection_events"":12333,""detectors_checked"":2465792}"
     29696,         0,         0,    4.34,exact_mw,09f626b7d1c8765fd231bc36902f9c5557d3909c4644565b971bdb2bfb186061,"{""distance"":7,""physical_error_rate"":0.0005}","{""detection_events"":44040,""detectors_checked"":17876992}"
      4096,         0,         0,    4.04,exact_mw,fe773c48422346d89ea42b7ea8a90aa3034802874175ef2bfbcd9fbedf677903,"{""distance"":7,""physical_error_rate"":0.001}","{""detection_events"":12223,""detectors_checked"":2465792}"
       384,         0,         0,    2.13,exact_mw,fe773c48422346d89ea42b7ea8a90aa3034802874175ef2bfbcd9fbedf677903,"{""distance"":7,""physical_error_rate"":0.001}","{""detection_events"":1119,""detectors_checked"":231168}"
       512,         0,         0,   0.713,exact_mw,09f626b7d1c8765fd231bc36902f9c5557d3909c4644565b971bdb2bfb186061,"{""distance"":7,""physical_error_rate"":0.0005}","{""detection_events"":689,""detectors_checked"":308224}"
      4096,         0,         0,    3.18,exact_mw,fe773c48422346d89ea42b7ea8a90aa3034802874175ef2bfbcd9fbedf677903,"{""distance"":7,""physical_error_rate"":0.001}","{""detection_events"":11809,""detectors_checked"":2465792}"
     31744,         0,         0,    4.31,exact_mw,09f626b7d1c8765fd231bc36902f9c5557d3909c4644565b971bdb2bfb186061,"{""distance"":7,""physical_error_rate"":0.0005}","{""detection_events"":46643,""detectors_checked"":19109888}"
       512,         0,         0,   0.704,exact_mw,09f626b7d1c8765fd231bc36902f9c5557d3909c4644565b971bdb2bfb186061,"{""distance"":7,""physical_error_rate"":0.0005}","{""detection_events"":760,""detectors_checked"":308224}"
      4096,         0,         0,    3.18,exact_mw,fe773c48422346d89ea42b7ea8a90aa3034802874175ef2bfbcd9fbedf677903,"{""distance"":7,""physical_error_rate"":0.001}","{""detection_events"":11988,""detectors_checked"":2465792}"
      4096,         0,         0,    3.20,exact_mw,fe773c48422346d89ea42b7ea8a90aa3034802874175ef2bfbcd9fbedf677903,"{""distance"":7,""physical_error_rate"":0.001}","{""detection_events"":12312,""detectors_checked"":2465792}"
      4096,         0,         0,    3.22,exact_mw,fe773c48422346d89ea42b7ea8a90aa3034802874175ef2bfbcd9fbedf677903,"{""distance"":7,""physical_error_rate"":0.001}","{""detection_events"":12145,""detectors_checked"":2465792}"
     30720,         0,         0,    4.44,exact_mw,09f626b7d1c8765fd231bc36902f9c5557d3909c4644565b971bdb2bfb186061,"{""distance"":7,""physical_error_rate"":0.0005}","{""detection_events"":46470,""detectors_checked"":18493440}"
      4096,         0,         0,    3.55,exact_mw,fe773c48422346d89ea42b7ea8a90aa3034802874175ef2bfbcd9fbedf677903,"{""distance"":7,""physical_error_rate"":0.001}","{""detection_events"":12090,""detectors_checked"":2465792}"
      4224,         0,         0,    23.2,exact_mw,fe773c48422346d89ea42b7ea8a90aa3034802874175ef2bfbcd9fbedf677903,"{""distance"":7,""physical_error_rate"":0.001}","{""detection_events"":12642,""detectors_checked"":2542848}"
       512,         0,         0,   0.380,exact_mw,09f626b7d1c8765fd231bc36902f9c5557d3909c4644565b971bdb2bfb186061,"{""distance"":7,""physical_error_rate"":0.0005}","{""detection_events"":790,""detectors_checked"":308224}"
     27648,         0,         0,    23.5,exact_mw,fe773c48422346d89ea42b7ea8a90aa3034802874175ef2bfbcd9fbedf677903,"{""distance"":7,""physical_error_rate"":0.001}","{""detection_events"":81902,""detectors_checked"":16644096}"
     45056,         0,         0,    6.06,exact_mw,09f626b7d1c8765fd231bc36902f9c5557d3909c4644565b971bdb2bfb186061,"{""distance"":7,""physical_error_rate"":0.0005}","{""detection_events"":66110,""detectors_checked"":27123712}"
     30720,         0,         0,    4.35,exact_mw,09f626b7d1c8765fd231bc36902f9c5557d3909c4644565b971bdb2bfb186061,"{""distance"":7,""physical_error_rate"":0.0005}","{""detection_events"":45732,""detectors_checked"":18493440}"
       512,         0,         0,   0.982,exact_mw,09f626b7d1c8765fd231bc36902f9c5557d3909c4644565b971bdb2bfb186061,"{""distance"":7,""physical_error_rate"":0.0005}","{""detection_events"":782,""detectors_checked"":308224}"
       384,         0,         0,    2.39,exact_mw,fe773c48422346d89ea42b7ea8a90aa3034802874175ef2bfbcd9fbedf677903,"{""distance"":7,""physical_error_rate"":0.001}","{""detection_events"":1205,""detectors_checked"":231168}"
     30720,         0,         0,    4.28,exact_mw,09f626b7d1c8765fd231bc36902f9c5557d3909c4644565b971bdb2bfb186061,"{""distance"":7,""physical_error_rate"":0.0005}","{""detection_events"":45193,""detectors_checked"":18493440}"
       512,         0,         0,   0.577,exact_mw,09f626b7d1c8765fd231bc36902f9c5557d3909c4644565b971bdb2bfb186061,"{""distance"":7,""physical_error_rate"":0.0005}","{""detection_events"":817,""detectors_checked"":308224}"
      4096,         0,         0,    3.60,exact_mw,fe773c48422346d89ea42b7ea8a90aa3034802874175ef2bfbcd9fbedf677903,"{""distance"":7,""physical_error_rate"":0.001}","{""detection_events"":12614,""detectors_checked"":2465792}"
     31744,         0,         0,    4.32,exact_mw,09f626b7d1c8765fd231bc36902f9c5557d3909c4644565b971bdb2bfb186061,"{""distance"":7,""physical_error_rate"":0.0005}","{""detection_events"":46279,""detectors_checked"":19109888}"
     28672,         2,         0,    23.2,exact_mw,fe773c48422346d89ea42b7ea8a90aa3034802874175ef2bfbcd9fbedf677903,"{""distance"":7,""physical_error_rate"":0.001}","{""detection_events"":84842,""detectors_checked"":17260544,""obs_mistake_mask=E"":2}"
       512,         0,         0,   0.381,exact_mw,09f626b7d1c8765fd231bc36902f9c5557d3909c4644565b971bdb2bfb186061,"{""distance"":7,""physical_error_rate"":0.0005}","{""detection_events"":716,""detectors_checked"":308224}"
     27648,         0,         0,    4.28,exact_mw,09f626b7d1c8765fd231bc36902f9c5557d3909c4644565b971bdb2bfb186061,"{""distance"":7,""physical_error_rate"":0.0005}","{""detection_events"":40675,""detectors_checked"":16644096}"
       512,         0,         0,   0.514,exact_mw,09f626b7d1c8765fd231bc36902f9c5557d3909c4644565b971bdb2bfb186061,"{""distance"":7,""physical_error_rate"":0.0005}","{""detection_events"":765,""detectors_checked"":308224}"
     28672,         0,         0,    4.32,exact_mw,09f626b7d1c8765fd231bc36902f9c5557d3909c4644565b971bdb2bfb186061,"{""distance"":7,""physical_error_rate"":0.0005}","{""detection_events"":42612,""detectors_checked"":17260544}"
      6144,         0,         0,    4.71,exact_mw,fe773c48422346d89ea42b7ea8a90aa3034802874175ef2bfbcd9fbedf677903,"{""distance"":7,""physical_error_rate"":0.001}","{""detection_events"":18021,""detectors_checked"":3698688}"
      5120,         0,         0,    4.62,exact_mw,fe773c48422346d89ea42b7ea8a90aa3034802874175ef2bfbcd9fbedf677903,"{""distance"":7,""physical_error_rate"":0.001}","{""detection_events"":15094,""detectors_checked"":3082240}"
       512,         0,         0,   0.576,exact_mw,09f626b7d1c8765fd231bc36902f9c5557d3909c4644565b971bdb2bfb186061,"{""distance"":7,""physical_error_rate"":0.0005}","{""detection_events"":745,""detectors_checked"":308224}"
       512,         0,         0,   0.637,exact_mw,09f626b7d1c8765fd231bc36902f9c5557d3909c4644565b971bdb2bfb186061,"{""distance"":7,""physical_error_rate"":0.0005}","{""detection_events"":817,""detectors_checked"":308224}"
     44032,         0,         0,    6.00,exact_mw,09f626b7d1c8765fd231bc36902f9c5557d3909c4644565b971bdb2bfb186061,"{""distance"":7,""physical_error_rate"":0.0005}","{""detection_events"":65195,""detectors_checked"":26507264}"
     28672,         0,         0,    23.3,exact_mw,fe773c48422346d89ea42b7ea8a90aa3034802874175ef2bfbcd9fbedf677903,"{""distance"":7,""physical_error_rate"":0.001}","{""detection_events"":83153,""detectors_checked"":17260544}"
      6144,         0,         0,    5.20,exact_mw,fe773c48422346d89ea42b7ea8a90aa3034802874175ef2bfbcd9fbedf677903,"{""distance"":7,""physical_error_rate"":0.001}","{""detection_events"":18357,""detectors_checked"":3698688}"
      5120,         0,         0,    4.50,exact_mw,fe773c48422346d89ea42b7ea8a90aa3034802874175ef2bfbcd9fbedf677903,"{""distance"":7,""physical_error_rate"":0.001}","{""detection_events"":15282,""detectors_checked"":3082240}"
      6144,         0,         0,    4.47,exact_mw,fe773c48422346d89ea42b7ea8a90aa3034802874175ef2bfbcd9fbedf677903,"{""distance"":7,""physical_error_rate"":0.001}","{""detection_events"":17840,""detectors_checked"":3698688}"
       384,         0,         0,    3.07,exact_mw,fe773c48422346d89ea42b7ea8a90aa3034802874175ef2bfbcd9fbedf677903,"{""distance"":7,""physical_error_rate"":0.001}","{""detection_events"":1097,""detectors_checked"":231168}"
      6144,         0,         0,    4.69,exact_mw,fe773c48422346d89ea42b7ea8a90aa3034802874175ef2bfbcd9fbedf677903,"{""distance"":7,""physical_error_rate"":0.001}","{""detection_events"":17932,""detectors_checked"":3698688}"
      5120,         0,         0,    4.60,exact_mw,fe773c48422346d89ea42b7ea8a90aa3034802874175ef2bfbcd9fbedf677903,"{""distance"":7,""physical_error_rate"":0.001}","{""detection_events"":15097,""detectors_checked"":3082240}"
       512,         0,         0,   0.833,exact_mw,09f626b7d1c8765fd231bc36902f9c5557d3909c4644565b971bdb2bfb186061,"{""distance"":7,""physical_error_rate"":0.0005}","{""detection_events"":801,""detectors_checked"":308224}"
     43008,         0,         0,    6.03,exact_mw,09f626b7d1c8765fd231bc36902f9c5557d3909c4644565b971bdb2bfb186061,"{""distance"":7,""physical_error_rate"":0.0005}","{""detection_events"":63863,""detectors_checked"":25890816}"
      6144,         0,         0,    4.63,exact_mw,fe773c48422346d89ea42b7ea8a90aa3034802874175ef2bfbcd9fbedf677903,"{""distance"":7,""physical_error_rate"":0.001}","{""detection_events"":17960,""detectors_checked"":3698688}"
        17,         0,         0,   0.064,exact_mw,09f626b7d1c8765fd231bc36902f9c5557d3909c4644565b971bdb2bfb186061,"{""distance"":7,""physical_error_rate"":0.0005}","{""detection_events"":29,""detectors_checked"":10234}"
       128,         0,         0,   0.127,exact_mw,09f626b7d1c8765fd231bc36902f9c5557d3909c4644565b971bdb2bfb186061,"{""distance"":7,""physical_error_rate"":0.0005}","{""detection_events"":143,""detectors_checked"":77056}"
     41984,         0,         0,    6.09,exact_mw,09f626b7d1c8765fd231bc36902f9c5557d3909c4644565b971bdb2bfb186061,"{""distance"":7,""physical_error_rate"":0.0005}","{""detection_events"":62684,""detectors_checked"":25274368}"
       512,         0,         0,   0.372,exact_mw,09f626b7d1c8765fd231bc36902f9c5557d3909c4644565b971bdb2bfb186061,"{""distance"":7,""physical_error_rate"":0.0005}","{""detection_events"":717,""detectors_checked"":308224}"
     41984,         0,         0,    6.02,exact_mw,09f626b7d1c8765fd231bc36902f9c5557d3909c4644565b971bdb2bfb186061,"{""distance"":7,""physical_error_rate"":0.0005}","{""detection_events"":62251,""detectors_checked"":25274368}"
      1024,         0,         0,    1.66,exact_mw,09f626b7d1c8765fd231bc36902f9c5557d3909c4644565b971bdb2bfb186061,"{""distance"":7,""physical_error_rate"":0.0005}","{""detection_events"":1477,""detectors_checked"":616448}"
       512,         0,         0,   0.574,exact_mw,09f626b7d1c8765fd231bc36902f9c5557d3909c4644565b971bdb2bfb186061,"{""distance"":7,""physical_error_rate"":0.0005}","{""detection_events"":678,""detectors_checked"":308224}"
      6144,         0,         0,    4.83,exact_mw,fe773c48422346d89ea42b7ea8a90aa3034802874175ef2bfbcd9fbedf677903,"{""distance"":7,""physical_error_rate"":0.001}","{""detection_events"":17886,""detectors_checked"":3698688}"
       512,         0,         0,   0.451,exact_mw,09f626b7d1c8765fd231bc36902f9c5557d3909c4644565b971bdb2bfb186061,"{""distance"":7,""physical_error_rate"":0.0005}","{""detection_events"":816,""detectors_checked"":308224}"
     41984,         0,         0,    6.03,exact_mw,09f626b7d1c8765fd231bc36902f9c5557d3909c4644565b971bdb2bfb186061,"{""distance"":7,""physical_error_rate"":0.0005}","{""detection_events"":62540,""detectors_checked"":25274368}"
       512,         0,         0,   0.386,exact_mw,09f626b7d1c8765fd231bc36902f9c5557d3909c4644565b971bdb2bfb186061,"{""distance"":7,""physical_error_rate"":0.0005}","{""detection_events"":863,""detectors_checked"":308224}"
       512,         0,         0,   0.322,exact_mw,09f626b7d1c8765fd231bc36902f9c5557d3909c4644565b971bdb2bfb186061,"{""distance"":7,""physical_error_rate"":0.0005}","{""detection_events"":683,""detectors_checked"":308224}"
     43008,         0,         0,    6.10,exact_mw,09f626b7d1c8765fd231bc36902f9c5557d3909c4644565b971bdb2bfb186061,"{""distance"":7,""physical_error_rate"":0.0005}","{""detection_events"":63258,""detectors_checked"":25890816}"
     45056,         0,         0,    6.04,exact_mw,09f626b7d1c8765fd231bc36902f9c5557d3909c4644565b971bdb2bfb186061,"{""distance"":7,""physical_error_rate"":0.0005}","{""detection_events"":66844,""detectors_checked"":27123712}"
      1536,         0,         0,    1.66,exact_mw,09f626b7d1c8765fd231bc36902f9c5557d3909c4644565b971bdb2bfb186061,"{""distance"":7,""physical_error_rate"":0.0005}","{""detection_events"":2204,""detectors_checked"":924672}"
       512,         0,         0,   0.639,exact_mw,09f626b7d1c8765fd231bc36902f9c5557d3909c4644565b971bdb2bfb186061,"{""distance"":7,""physical_error_rate"":0.0005}","{""detection_events"":761,""detectors_checked"":308224}"
     43008,         0,         0,    5.98,exact_mw,09f626b7d1c8765fd231bc36902f9c5557d3909c4644565b971bdb2bfb186061,"{""distance"":7,""physical_error_rate"":0.0005}","{""detection_events"":64123,""detectors_checked"":25890816}"
     40960,         0,         0,    6.04,exact_mw,09f626b7d1c8765fd231bc36902f9c5557d3909c4644565b971bdb2bfb186061,"{""distance"":7,""physical_error_rate"":0.0005}","{""detection_events"":60391,""detectors_checked"":24657920}"
      7168,         0,         0,    6.23,exact_mw,fe773c48422346d89ea42b7ea8a90aa3034802874175ef2bfbcd9fbedf677903,"{""distance"":7,""physical_error_rate"":0.001}","{""detection_events"":21002,""detectors_checked"":4315136}"
       512,         0,         0,   0.766,exact_mw,09f626b7d1c8765fd231bc36902f9c5557d3909c4644565b971bdb2bfb186061,"{""distance"":7,""physical_error_rate"":0.0005}","{""detection_events"":797,""detectors_checked"":308224}"
     61440,         0,         0,    8.44,exact_mw,09f626b7d1c8765fd231bc36902f9c5557d3909c4644565b971bdb2bfb186061,"{""distance"":7,""physical_error_rate"":0.0005}","{""detection_events"":91069,""detectors_checked"":36986880}"
      1536,         0,         0,   0.282,exact_mw,09f626b7d1c8765fd231bc36902f9c5557d3909c4644565b971bdb2bfb186061,"{""distance"":7,""physical_error_rate"":0.0005}","{""detection_events"":2350,""detectors_checked"":924672}"
      7680,         0,         0,    6.38,exact_mw,fe773c48422346d89ea42b7ea8a90aa3034802874175ef2bfbcd9fbedf677903,"{""distance"":7,""physical_error_rate"":0.001}","{""detection_events"":22911,""detectors_checked"":4623360}"
      2048,         0,         0,   0.295,exact_mw,09f626b7d1c8765fd231bc36902f9c5557d3909c4644565b971bdb2bfb186061,"{""distance"":7,""physical_error_rate"":0.0005}","{""detection_events"":2966,""detectors_checked"":1232896}"
       640,         0,         0,    5.31,exact_mw,fe773c48422346d89ea42b7ea8a90aa3034802874175ef2bfbcd9fbedf677903,"{""distance"":7,""physical_error_rate"":0.001}","{""detection_events"":1919,""detectors_checked"":385280}"
      3072,         0,         0,   0.570,exact_mw,09f626b7d1c8765fd231bc36902f9c5557d3909c4644565b971bdb2bfb186061,"{""distance"":7,""physical_error_rate"":0.0005}","{""detection_events"":4612,""detectors_checked"":1849344}"
      1536,         0,         0,    2.22,exact_mw,09f626b7d1c8765fd231bc36902f9c5557d3909c4644565b971bdb2bfb186061,"{""distance"":7,""physical_error_rate"":0.0005}","{""detection_events"":2234,""detectors_checked"":924672}"
      7168,         0,         0,    6.32,exact_mw,fe773c48422346d89ea42b7ea8a90aa3034802874175ef2bfbcd9fbedf677903,"{""distance"":7,""physical_error_rate"":0.001}","{""detection_events"":21832,""detectors_checked"":4315136}"
      8192,         0,         0,    6.38,exact_mw,fe773c48422346d89ea42b7ea8a90aa3034802874175ef2bfbcd9fbedf677903,"{""distance"":7,""physical_error_rate"":0.001}","{""detection_events"":23496,""detectors_checked"":4931584}"
      7168,         0,         0,    6.14,exact_mw,fe773c48422346d89ea42b7ea8a90aa3034802874175ef2bfbcd9fbedf677903,"{""distance"":7,""physical_error_rate"":0.001}","{""detection_events"":21251,""detectors_checked"":4315136}"
      4096,         0,         0,   0.628,exact_mw,09f626b7d1c8765fd231bc36902f9c5557d3909c4644565b971bdb2bfb186061,"{""distance"":7,""physical_error_rate"":0.0005}","{""detection_events"":5837,""detectors_checked"":2465792}"
      6656,         0,         0,    6.29,exact_mw,fe773c48422346d89ea42b7ea8a90aa3034802874175ef2bfbcd9fbedf677903,"{""distance"":7,""physical_error_rate"":0.001}","{""detection_events"":19685,""detectors_checked"":4006912}"
      8192,         0,         0,    6.03,exact_mw,fe773c48422346d89ea42b7ea8a90aa3034802874175ef2bfbcd9fbedf677903,"{""distance"":7,""physical_error_rate"":0.001}","{""detection_events"":23745,""detectors_checked"":4931584}"
      8192,         0,         0,    6.66,exact_mw,fe773c48422346d89ea42b7ea8a90aa3034802874175ef2bfbcd9fbedf677903,"{""distance"":7,""physical_error_rate"":0.001}","{""detection_events"":24414,""detectors_checked"":4931584}"
      6144,         0,         0,   0.883,exact_mw,09f626b7d1c8765fd231bc36902f9c5557d3909c4644565b971bdb2bfb186061,"{""distance"":7,""physical_error_rate"":0.0005}","{""detection_events"":9082,""detectors_checked"":3698688}"
     58368,         0,         0,    8.42,exact_mw,09f626b7d1c8765fd231bc36902f9c5557d3909c4644565b971bdb2bfb186061,"{""distance"":7,""physical_error_rate"":0.0005}","{""detection_events"":86601,""detectors_checked"":35137536}"
      8192,         0,         0,    1.26,exact_mw,09f626b7d1c8765fd231bc36902f9c5557d3909c4644565b971bdb2bfb186061,"{""distance"":7,""physical_error_rate"":0.0005}","{""detection_events"":11800,""detectors_checked"":4931584}"
     59392,         0,         0,    8.46,exact_mw,09f626b7d1c8765fd231bc36902f9c5557d3909c4644565b971bdb2bfb186061,"{""distance"":7,""physical_error_rate"":0.0005}","{""detection_events"":88157,""detectors_checked"":35753984}"
      2560,         0,         0,    3.18,exact_mw,09f626b7d1c8765fd231bc36902f9c5557d3909c4644565b971bdb2bfb186061,"{""distance"":7,""physical_error_rate"":0.0005}","{""detection_events"":3771,""detectors_checked"":1541120}"
      8192,         0,         0,    6.87,exact_mw,fe773c48422346d89ea42b7ea8a90aa3034802874175ef2bfbcd9fbedf677903,"{""distance"":7,""physical_error_rate"":0.001}","{""detection_events"":24103,""detectors_checked"":4931584}"
        17,         0,         0,   0.025,exact_mw,fe773c48422346d89ea42b7ea8a90aa3034802874175ef2bfbcd9fbedf677903,"{""distance"":7,""physical_error_rate"":0.001}","{""detection_events"":39,""detectors_checked"":10234}"
       256,         0,         0,   0.278,exact_mw,fe773c48422346d89ea42b7ea8a90aa3034802874175ef2bfbcd9fbedf677903,"{""distance"":7,""physical_error_rate"":0.001}","{""detection_events"":751,""detectors_checked"":154112}"
     56320,         0,         0,    8.35,exact_mw,09f626b7d1c8765fd231bc36902f9c5557d3909c4644565b971bdb2bfb186061,"{""distance"":7,""physical_error_rate"":0.0005}","{""detection_events"":83483,""detectors_checked"":33904640}"
     10240,         0,         0,    1.64,exact_mw,09f626b7d1c8765fd231bc36902f9c5557d3909c4644565b971bdb2bfb186061,"{""distance"":7,""physical_error_rate"":0.0005}","{""detection_events"":15142,""detectors_checked"":6164480}"
     55296,         1,         0,    8.59,exact_mw,09f626b7d1c8765fd231bc36902f9c5557d3909c4644565b971bdb2bfb186061,"{""distance"":7,""physical_error_rate"":0.0005}","{""detection_events"":82107,""detectors_checked"":33288192,""obs_mistake_mask=E"":1}"
       512,         0,         0,   0.741,exact_mw,fe773c48422346d89ea42b7ea8a90aa3034802874175ef2bfbcd9fbedf677903,"{""distance"":7,""physical_error_rate"":0.001}","{""detection_events"":1376,""detectors_checked"":308224}"
       512,         0,         0,   0.663,exact_mw,fe773c48422346d89ea42b7ea8a90aa3034802874175ef2bfbcd9fbedf677903,"{""distance"":7,""physical_error_rate"":0.001}","{""detection_events"":1481,""detectors_checked"":308224}"
     55296,         0,         0,    8.50,exact_mw,09f626b7d1c8765fd231bc36902f9c5557d3909c4644565b971bdb2bfb186061,"{""distance"":7,""physical_error_rate"":0.0005}","{""detection_events"":81726,""detectors_checked"":33288192}"
     51200,         0,         0,    8.39,exact_mw,09f626b7d1c8765fd231bc36902f9c5557d3909c4644565b971bdb2bfb186061,"{""distance"":7,""physical_error_rate"":0.0005}","{""detection_events"":75017,""detectors_checked"":30822400}"
     55296,         0,         0,    8.37,exact_mw,09f626b7d1c8765fd231bc36902f9c5557d3909c4644565b971bdb2bfb186061,"{""distance"":7,""physical_error_rate"":0.0005}","{""detection_events"":81708,""detectors_checked"":33288192}"
       512,         0,         0,   0.766,exact_mw,fe773c48422346d89ea42b7ea8a90aa3034802874175ef2bfbcd9fbedf677903,"{""distance"":7,""physical_error_rate"":0.001}","{""detection_events"":1586,""detectors_checked"":308224}"
      1088,         0,         0,    6.76,exact_mw,fe773c48422346d89ea42b7ea8a90aa3034802874175ef2bfbcd9fbedf677903,"{""distance"":7,""physical_error_rate"":0.001}","{""detection_events"":3287,""detectors_checked"":654976}"
     47104,         0,         0,    8.49,exact_mw,09f626b7d1c8765fd231bc36902f9c5557d3909c4644565b971bdb2bfb186061,"{""distance"":7,""physical_error_rate"":0.0005}","{""detection_events"":71070,""detectors_checked"":28356608}"
     14336,         0,         0,    2.30,exact_mw,09f626b7d1c8765fd231bc36902f9c5557d3909c4644565b971bdb2bfb186061,"{""distance"":7,""physical_error_rate"":0.0005}","{""detection_events"":20923,""detectors_checked"":8630272}"
       512,         0,         0,   0.726,exact_mw,fe773c48422346d89ea42b7ea8a90aa3034802874175ef2bfbcd9fbedf677903,"{""distance"":7,""physical_error_rate"":0.001}","{""detection_events"":1553,""detectors_checked"":308224}"
     56320,         0,         0,    8.44,exact_mw,09f626b7d1c8765fd231bc36902f9c5557d3909c4644565b971bdb2bfb186061,"{""distance"":7,""physical_error_rate"":0.0005}","{""detection_events"":82034,""detectors_checked"":33904640}"
     10240,         0,         0,    8.53,exact_mw,fe773c48422346d89ea42b7ea8a90aa3034802874175ef2bfbcd9fbedf677903,"{""distance"":7,""physical_error_rate"":0.001}","{""detection_events"":30952,""detectors_checked"":6164480}"
       512,         0,         0,   0.620,exact_mw,fe773c48422346d89ea42b7ea8a90aa3034802874175ef2bfbcd9fbedf677903,"{""distance"":7,""physical_error_rate"":0.001}","{""detection_events"":1550,""detectors_checked"":308224}"
      6144,         0,         0,    4.40,exact_mw,09f626b7d1c8765fd231bc36902f9c5557d3909c4644565b971bdb2bfb186061,"{""distance"":7,""physical_error_rate"":0.0005}","{""detection_events"":8931,""detectors_checked"":3698688}"
       512,         0,         0,   0.595,exact_mw,fe773c48422346d89ea42b7ea8a90aa3034802874175ef2bfbcd9fbedf677903,"{""distance"":7,""physical_error_rate"":0.001}","{""detection_events"":1408,""detectors_checked"":308224}"
     10240,         1,         0,    8.86,exact_mw,fe773c48422346d89ea42b7ea8a90aa3034802874175ef2bfbcd9fbedf677903,"{""distance"":7,""physical_error_rate"":0.001}","{""detection_events"":30044,""detectors_checked"":6164480,""obs_mistake_mask=E"":1}"
       512,         0,         0,   0.546,exact_mw,fe773c48422346d89ea42b7ea8a90aa3034802874175ef2bfbcd9fbedf677903,"{""distance"":7,""physical_error_rate"":0.001}","{""detection_events"":1441,""detectors_checked"":308224}"
      9216,         0,         0,    8.36,exact_mw,fe773c48422346d89ea42b7ea8a90aa3034802874175ef2bfbcd9fbedf677903,"{""distance"":7,""physical_error_rate"":0.001}","{""detection_events"":27097,""detectors_checked"":5548032}"
     10240,         0,         0,    9.06,exact_mw,fe773c48422346d89ea42b7ea8a90aa3034802874175ef2bfbcd9fbedf677903,"{""distance"":7,""physical_error_rate"":0.001}","{""detection_events"":30334,""detectors_checked"":6164480}"
      7680,         0,         0,    8.89,exact_mw,fe773c48422346d89ea42b7ea8a90aa3034802874175ef2bfbcd9fbedf677903,"{""distance"":7,""physical_error_rate"":0.001}","{""detection_events"":23047,""detectors_checked"":4623360}"
      9216,         0,         0,    8.39,exact_mw,fe773c48422346d89ea42b7ea8a90aa3034802874175ef2bfbcd9fbedf677903,"{""distance"":7,""physical_error_rate"":0.001}","{""detection_events"":26940,""detectors_checked"":5548032}"
       512,         0,         0,   0.868,exact_mw,fe773c48422346d89ea42b7ea8a90aa3034802874175ef2bfbcd9fbedf677903,"{""distance"":7,""physical_error_rate"":0.001}","{""detection_events"":1500,""detectors_checked"":308224}"
     11264,         0,         0,    8.78,exact_mw,fe773c48422346d89ea42b7ea8a90aa3034802874175ef2bfbcd9fbedf677903,"{""distance"":7,""physical_error_rate"":0.001}","{""detection_events"":33356,""detectors_checked"":6780928}"
     10752,         0,         0,    8.87,exact_mw,fe773c48422346d89ea42b7ea8a90aa3034802874175ef2bfbcd9fbedf677903,"{""distance"":7,""physical_error_rate"":0.001}","{""detection_events"":31669,""detectors_checked"":6472704}"
     19456,         0,         0,    3.08,exact_mw,09f626b7d1c8765fd231bc36902f9c5557d3909c4644565b971bdb2bfb186061,"{""distance"":7,""physical_error_rate"":0.0005}","{""detection_events"":29129,""detectors_checked"":11712512}"
       512,         0,         0,   0.548,exact_mw,fe773c48422346d89ea42b7ea8a90aa3034802874175ef2bfbcd9fbedf677903,"{""distance"":7,""physical_error_rate"":0.001}","{""detection_events"":1488,""detectors_checked"":308224}"
       512,         0,         0,   0.560,exact_mw,fe773c48422346d89ea42b7ea8a90aa3034802874175ef2bfbcd9fbedf677903,"{""distance"":7,""physical_error_rate"":0.001}","{""detection_events"":1485,""detectors_checked"":308224}"
     79872,         0,         0,    11.8,exact_mw,09f626b7d1c8765fd231bc36902f9c5557d3909c4644565b971bdb2bfb186061,"{""distance"":7,""physical_error_rate"":0.0005}","{""detection_events"":118607,""detectors_checked"":48082944}"
       512,         0,         0,   0.573,exact_mw,fe773c48422346d89ea42b7ea8a90aa3034802874175ef2bfbcd9fbedf677903,"{""distance"":7,""physical_error_rate"":0.001}","{""detection_events"":1515,""detectors_checked"":308224}"
     10240,         0,         0,    8.59,exact_mw,fe773c48422346d89ea42b7ea8a90aa3034802874175ef2bfbcd9fbedf677903,"{""distance"":7,""physical_error_rate"":0.001}","{""detection_events"":30400,""detectors_checked"":6164480}"
      1024,         0,         0,    1.30,exact_mw,fe773c48422346d89ea42b7ea8a90aa3034802874175ef2bfbcd9fbedf677903,"{""distance"":7,""physical_error_rate"":0.001}","{""detection_events"":3118,""detectors_checked"":616448}"
    865280,         0,         0,   120.0,exact_mw,09f626b7d1c8765fd231bc36902f9c5557d3909c4644565b971bdb2bfb186061,"{""distance"":7,""physical_error_rate"":0.0005}","{""detection_events"":1278602,""detectors_checked"":520898560}"
      1024,         0,         0,    1.20,exact_mw,fe773c48422346d89ea42b7ea8a90aa3034802874175ef2bfbcd9fbedf677903,"{""distance"":7,""physical_error_rate"":0.001}","{""detection_events"":3063,""detectors_checked"":616448}"
     74752,         0,         0,    11.7,exact_mw,09f626b7d1c8765fd231bc36902f9c5557d3909c4644565b971bdb2bfb186061,"{""distance"":7,""physical_error_rate"":0.0005}","{""detection_events"":110517,""detectors_checked"":45000704}"
     27648,         0,         0,    4.31,exact_mw,09f626b7d1c8765fd231bc36902f9c5557d3909c4644565b971bdb2bfb186061,"{""distance"":7,""physical_error_rate"":0.0005}","{""detection_events"":40568,""detectors_checked"":16644096}"
      8192,         0,         0,    6.66,exact_mw,09f626b7d1c8765fd231bc36902f9c5557d3909c4644565b971bdb2bfb186061,"{""distance"":7,""physical_error_rate"":0.0005}","{""detection_events"":12151,""detectors_checked"":4931584}"
     56320,         0,         0,    11.9,exact_mw,09f626b7d1c8765fd231bc36902f9c5557d3909c4644565b971bdb2bfb186061,"{""distance"":7,""physical_error_rate"":0.0005}","{""detection_events"":83440,""detectors_checked"":33904640}"
      2176,         0,         0,    8.66,exact_mw,fe773c48422346d89ea42b7ea8a90aa3034802874175ef2bfbcd9fbedf677903,"{""distance"":7,""physical_error_rate"":0.001}","{""detection_events"":6345,""detectors_checked"":1309952}"
      1536,         0,         0,    1.99,exact_mw,fe773c48422346d89ea42b7ea8a90aa3034802874175ef2bfbcd9fbedf677903,"{""distance"":7,""physical_error_rate"":0.001}","{""detection_events"":4586,""detectors_checked"":924672}"
    229376,         0,         0,    32.3,exact_mw,09f626b7d1c8765fd231bc36902f9c5557d3909c4644565b971bdb2bfb186061,"{""distance"":7,""physical_error_rate"":0.0005}","{""detection_events"":339340,""detectors_checked"":138084352}"
     78848,         1,         0,    11.8,exact_mw,09f626b7d1c8765fd231bc36902f9c5557d3909c4644565b971bdb2bfb186061,"{""distance"":7,""physical_error_rate"":0.0005}","{""detection_events"":116159,""detectors_checked"":47466496,""obs_mistake_mask=E"":1}"
     54272,         1,         0,    11.9,exact_mw,09f626b7d1c8765fd231bc36902f9c5557d3909c4644565b971bdb2bfb186061,"{""distance"":7,""physical_error_rate"":0.0005}","{""detection_events"":79411,""detectors_checked"":32671744,""obs_mistake_mask=E"":1}"
     97280,         0,         0,    32.2,exact_mw,09f626b7d1c8765fd231bc36902f9c5557d3909c4644565b971bdb2bfb186061,"{""distance"":7,""physical_error_rate"":0.0005}","{""detection_events"":144626,""detectors_checked"":58562560}"
     83968,         0,         0,    11.8,exact_mw,09f626b7d1c8765fd231bc36902f9c5557d3909c4644565b971bdb2bfb186061,"{""distance"":7,""physical_error_rate"":0.0005}","{""detection_events"":123142,""detectors_checked"":50548736}"
     46784,         1,         0,   120.3,exact_mw,fe773c48422346d89ea42b7ea8a90aa3034802874175ef2bfbcd9fbedf677903,"{""distance"":7,""physical_error_rate"":0.001}","{""detection_events"":136643,""detectors_checked"":28163968,""obs_mistake_mask=E"":1}"
     56320,         0,         0,    11.8,exact_mw,09f626b7d1c8765fd231bc36902f9c5557d3909c4644565b971bdb2bfb186061,"{""distance"":7,""physical_error_rate"":0.0005}","{""detection_events"":83470,""detectors_checked"":33904640}"
     79872,         1,         0,    11.7,exact_mw,09f626b7d1c8765fd231bc36902f9c5557d3909c4644565b971bdb2bfb186061,"{""distance"":7,""physical_error_rate"":0.0005}","{""detection_events"":117017,""detectors_checked"":48082944,""obs_mistake_mask=E"":1}"
      2048,         0,         0,    2.48,exact_mw,fe773c48422346d89ea42b7ea8a90aa3034802874175ef2bfbcd9fbedf677903,"{""distance"":7,""physical_error_rate"":0.001}","{""detection_events"":6028,""detectors_checked"":1232896}"
     71680,         0,         0,    11.8,exact_mw,09f626b7d1c8765fd231bc36902f9c5557d3909c4644565b971bdb2bfb186061,"{""distance"":7,""physical_error_rate"":0.0005}","{""detection_events"":106674,""detectors_checked"":43151360}"
     17408,         0,         0,    12.4,exact_mw,09f626b7d1c8765fd231bc36902f9c5557d3909c4644565b971bdb2bfb186061,"{""distance"":7,""physical_error_rate"":0.0005}","{""detection_events"":25108,""detectors_checked"":10479616}"
     13312,         2,         0,    11.9,exact_mw,fe773c48422346d89ea42b7ea8a90aa3034802874175ef2bfbcd9fbedf677903,"{""distance"":7,""physical_error_rate"":0.001}","{""detection_events"":38970,""detectors_checked"":8013824,""obs_mistake_mask=E"":2}"
    212992,         1,         0,    32.2,exact_mw,09f626b7d1c8765fd231bc36902f9c5557d3909c4644565b971bdb2bfb186061,"{""distance"":7,""physical_error_rate"":0.0005}","{""detection_events"":316664,""detectors_checked"":128221184,""obs_mistake_mask=E"":1}"
     13312,         1,         0,    11.7,exact_mw,fe773c48422346d89ea42b7ea8a90aa3034802874175ef2bfbcd9fbedf677903,"{""distance"":7,""physical_error_rate"":0.001}","{""detection_events"":39080,""detectors_checked"":8013824,""obs_mistake_mask=E"":1}"
     37888,         0,         0,    6.03,exact_mw,09f626b7d1c8765fd231bc36902f9c5557d3909c4644565b971bdb2bfb186061,"{""distance"":7,""physical_error_rate"":0.0005}","{""detection_events"":56554,""detectors_checked"":22808576}"
     38912,         0,         0,    32.3,exact_mw,fe773c48422346d89ea42b7ea8a90aa3034802874175ef2bfbcd9fbedf677903,"{""distance"":7,""physical_error_rate"":0.001}","{""detection_events"":115536,""detectors_checked"":23425024}"
     13312,         0,         0,    12.1,exact_mw,fe773c48422346d89ea42b7ea8a90aa3034802874175ef2bfbcd9fbedf677903,"{""distance"":7,""physical_error_rate"":0.001}","{""detection_events"":39278,""detectors_checked"":8013824}"
     13312,         0,         0,    11.8,exact_mw,fe773c48422346d89ea42b7ea8a90aa3034802874175ef2bfbcd9fbedf677903,"{""distance"":7,""physical_error_rate"":0.001}","{""detection_events"":39549,""detectors_checked"":8013824}"
     14336,         0,         0,    12.0,exact_mw,fe773c48422346d89ea42b7ea8a90aa3034802874175ef2bfbcd9fbedf677903,"{""distance"":7,""physical_error_rate"":0.001}","{""detection_events"":42856,""detectors_checked"":8630272}"
     13824,         1,         0,    12.1,exact_mw,fe773c48422346d89ea42b7ea8a90aa3034802874175ef2bfbcd9fbedf677903,"{""distance"":7,""physical_error_rate"":0.001}","{""detection_events"":40657,""detectors_checked"":8322048,""obs_mistake_mask=E"":1}"
      3072,         0,         0,    3.52,exact_mw,fe773c48422346d89ea42b7ea8a90aa3034802874175ef2bfbcd9fbedf677903,"{""distance"":7,""physical_error_rate"":0.001}","{""detection_events"":9075,""detectors_checked"":1849344}"
     15360,         1,         0,    12.2,exact_mw,fe773c48422346d89ea42b7ea8a90aa3034802874175ef2bfbcd9fbedf677903,"{""distance"":7,""physical_error_rate"":0.001}","{""detection_events"":45586,""detectors_checked"":9246720,""obs_mistake_mask=E"":1}"
    529408,         2,         0,   120.0,exact_mw,09f626b7d1c8765fd231bc36902f9c5557d3909c4644565b971bdb2bfb186061,"{""distance"":7,""physical_error_rate"":0.0005}","{""detection_events"":782085,""detectors_checked"":318703616,""obs_mistake_mask=E"":2}"
     14336,         0,         0,    12.5,exact_mw,fe773c48422346d89ea42b7ea8a90aa3034802874175ef2bfbcd9fbedf677903,"{""distance"":7,""physical_error_rate"":0.001}","{""detection_events"":42810,""detectors_checked"":8630272}"
    608256,         3,         0,   120.5,exact_mw,09f626b7d1c8765fd231bc36902f9c5557d3909c4644565b971bdb2bfb186061,"{""distance"":7,""physical_error_rate"":0.0005}","{""detection_events"":898775,""detectors_checked"":366170112,""obs_mistake_mask=E"":3}"
     40000,         1,         0,    32.6,exact_mw,fe773c48422346d89ea42b7ea8a90aa3034802874175ef2bfbcd9fbedf677903,"{""distance"":7,""physical_error_rate"":0.001}","{""detection_events"":118957,""detectors_checked"":24080000,""obs_mistake_mask=E"":1}"
     39936,         0,         0,    32.4,exact_mw,fe773c48422346d89ea42b7ea8a90aa3034802874175ef2bfbcd9fbedf677903,"{""distance"":7,""physical_error_rate"":0.001}","{""detection_events"":119328,""detectors_checked"":24041472}"
     11264,         0,         0,    8.57,exact_mw,09f626b7d1c8765fd231bc36902f9c5557d3909c4644565b971bdb2bfb186061,"{""distance"":7,""physical_error_rate"":0.0005}","{""detection_events"":16690,""detectors_checked"":6780928}"
     21120,         0,         0,    32.5,exact_mw,fe773c48422346d89ea42b7ea8a90aa3034802874175ef2bfbcd9fbedf677903,"{""distance"":7,""physical_error_rate"":0.001}","{""detection_events"":61933,""detectors_checked"":12714240}"
     15360,         0,         0,    12.5,exact_mw,fe773c48422346d89ea42b7ea8a90aa3034802874175ef2bfbcd9fbedf677903,"{""distance"":7,""physical_error_rate"":0.001}","{""detection_events"":45654,""detectors_checked"":9246720}"
      4096,         0,         0,    4.63,exact_mw,fe773c48422346d89ea42b7ea8a90aa3034802874175ef2bfbcd9fbedf677903,"{""distance"":7,""physical_error_rate"":0.001}","{""detection_events"":11559,""detectors_checked"":2465792}"
     41984,         2,         0,    32.7,exact_mw,fe773c48422346d89ea42b7ea8a90aa3034802874175ef2bfbcd9fbedf677903,"{""distance"":7,""physical_error_rate"":0.001}","{""detection_events"":122592,""detectors_checked"":25274368,""obs_mistake_mask=E"":2}"
      2560,         0,         0,    12.0,exact_mw,fe773c48422346d89ea42b7ea8a90aa3034802874175ef2bfbcd9fbedf677903,"{""distance"":7,""physical_error_rate"":0.001}","{""detection_events"":7584,""detectors_checked"":1541120}"
    112640,         0,         0,    16.4,exact_mw,09f626b7d1c8765fd231bc36902f9c5557d3909c4644565b971bdb2bfb186061,"{""distance"":7,""physical_error_rate"":0.0005}","{""detection_events"":165056,""detectors_checked"":67809280}"
    147456,         4,         0,   120.5,exact_mw,fe773c48422346d89ea42b7ea8a90aa3034802874175ef2bfbcd9fbedf677903,"{""distance"":7,""physical_error_rate"":0.001}","{""detection_events"":433223,""detectors_checked"":88768512,""obs_mistake_mask=E"":4}"
     57344,         1,         0,    8.42,exact_mw,09f626b7d1c8765fd231bc36902f9c5557d3909c4644565b971bdb2bfb186061,"{""distance"":7,""physical_error_rate"":0.0005}","{""detection_events"":85028,""detectors_checked"":34521088,""obs_mistake_mask=E"":1}"
    111616,         1,         0,    16.4,exact_mw,09f626b7d1c8765fd231bc36902f9c5557d3909c4644565b971bdb2bfb186061,"{""distance"":7,""physical_error_rate"":0.0005}","{""detection_events"":165754,""detectors_checked"":67192832,""obs_mistake_mask=E"":1}"
     79872,         0,         0,    16.4,exact_mw,09f626b7d1c8765fd231bc36902f9c5557d3909c4644565b971bdb2bfb186061,"{""distance"":7,""physical_error_rate"":0.0005}","{""detection_events"":116973,""detectors_checked"":48082944}"
    105472,         1,         0,    16.4,exact_mw,09f626b7d1c8765fd231bc36902f9c5557d3909c4644565b971bdb2bfb186061,"{""distance"":7,""physical_error_rate"":0.0005}","{""detection_events"":155748,""detectors_checked"":63494144,""obs_mistake_mask=E"":1}"
      6144,         0,         0,    6.11,exact_mw,fe773c48422346d89ea42b7ea8a90aa3034802874175ef2bfbcd9fbedf677903,"{""distance"":7,""physical_error_rate"":0.001}","{""detection_events"":18323,""detectors_checked"":3698688}"
    550400,         2,         0,   119.9,exact_mw,09f626b7d1c8765fd231bc36902f9c5557d3909c4644565b971bdb2bfb186061,"{""distance"":7,""physical_error_rate"":0.0005}","{""detection_events"":812986,""detectors_checked"":331340800,""obs_mistake_mask=E"":2}"
     24832,         0,         0,   119.9,exact_mw,fe773c48422346d89ea42b7ea8a90aa3034802874175ef2bfbcd9fbedf677903,"{""distance"":7,""physical_error_rate"":0.001}","{""detection_events"":73304,""detectors_checked"":14948864}"
     81920,         0,         0,    16.5,exact_mw,09f626b7d1c8765fd231bc36902f9c5557d3909c4644565b971bdb2bfb186061,"{""distance"":7,""physical_error_rate"":0.0005}","{""detection_events"":121202,""detectors_checked"":49315840}"
    114688,         0,         0,    16.5,exact_mw,09f626b7d1c8765fd231bc36902f9c5557d3909c4644565b971bdb2bfb186061,"{""distance"":7,""physical_error_rate"":0.0005}","{""detection_events"":169715,""detectors_checked"":69042176}"
     81920,         2,         0,    16.4,exact_mw,09f626b7d1c8765fd231bc36902f9c5557d3909c4644565b971bdb2bfb186061,"{""distance"":7,""physical_error_rate"":0.0005}","{""detection_events"":121915,""detectors_checked"":49315840,""obs_mistake_mask=E"":2}"
    110592,         0,         0,    16.5,exact_mw,09f626b7d1c8765fd231bc36902f9c5557d3909c4644565b971bdb2bfb186061,"{""distance"":7,""physical_error_rate"":0.0005}","{""detection_events"":162866,""detectors_checked"":66576384}"
     15360,         0,         0,    12.2,exact_mw,09f626b7d1c8765fd231bc36902f9c5557d3909c4644565b971bdb2bfb186061,"{""distance"":7,""physical_error_rate"":0.0005}","{""detection_events"":22483,""detectors_checked"":9246720}"
    101376,         0,         0,    16.4,exact_mw,09f626b7d1c8765fd231bc36902f9c5557d3909c4644565b971bdb2bfb186061,"{""distance"":7,""physical_error_rate"":0.0005}","{""detection_events"":150776,""detectors_checked"":61028352}"
     18432,         0,         0,    16.6,exact_mw,09f626b7d1c8765fd231bc36902f9c5557d3909c4644565b971bdb2bfb186061,"{""distance"":7,""physical_error_rate"":0.0005}","{""detection_events"":27670,""detectors_checked"":11096064}"
     20480,         0,         0,    16.5,exact_mw,fe773c48422346d89ea42b7ea8a90aa3034802874175ef2bfbcd9fbedf677903,"{""distance"":7,""physical_error_rate"":0.001}","{""detection_events"":61022,""detectors_checked"":12328960}"
     18432,         0,         0,    17.2,exact_mw,fe773c48422346d89ea42b7ea8a90aa3034802874175ef2bfbcd9fbedf677903,"{""distance"":7,""physical_error_rate"":0.001}","{""detection_events"":54449,""detectors_checked"":11096064}"
     19456,         0,         0,    16.7,exact_mw,fe773c48422346d89ea42b7ea8a90aa3034802874175ef2bfbcd9fbedf677903,"{""distance"":7,""physical_error_rate"":0.001}","{""detection_events"":57653,""detectors_checked"":11712512}"
     18432,         1,         0,    16.6,exact_mw,fe773c48422346d89ea42b7ea8a90aa3034802874175ef2bfbcd9fbedf677903,"{""distance"":7,""physical_error_rate"":0.001}","{""detection_events"":53892,""detectors_checked"":11096064,""obs_mistake_mask=E"":1}"
     17408,         0,         0,    16.4,exact_mw,fe773c48422346d89ea42b7ea8a90aa3034802874175ef2bfbcd9fbedf677903,"{""distance"":7,""physical_error_rate"":0.001}","{""detection_events"":51704,""detectors_checked"":10479616}"
     18432,         1,         0,    16.4,exact_mw,fe773c48422346d89ea42b7ea8a90aa3034802874175ef2bfbcd9fbedf677903,"{""distance"":7,""physical_error_rate"":0.001}","{""detection_events"":54616,""detectors_checked"":11096064,""obs_mistake_mask=E"":1}"
     19456,         1,         0,    17.1,exact_mw,fe773c48422346d89ea42b7ea8a90aa3034802874175ef2bfbcd9fbedf677903,"{""distance"":7,""physical_error_rate"":0.001}","{""detection_events"":58069,""detectors_checked"":11712512,""obs_mistake_mask=E"":1}"
     18432,         0,         0,    16.6,exact_mw,fe773c48422346d89ea42b7ea8a90aa3034802874175ef2bfbcd9fbedf677903,"{""distance"":7,""physical_error_rate"":0.001}","{""detection_events"":54422,""detectors_checked"":11096064}"
    135680,         2,         0,   120.4,exact_mw,fe773c48422346d89ea42b7ea8a90aa3034802874175ef2bfbcd9fbedf677903,"{""distance"":7,""physical_error_rate"":0.001}","{""detection_events"":399928,""detectors_checked"":81679360,""obs_mistake_mask=E"":2}"
     74944,         3,         0,   120.6,exact_mw,fe773c48422346d89ea42b7ea8a90aa3034802874175ef2bfbcd9fbedf677903,"{""distance"":7,""physical_error_rate"":0.001}","{""detection_events"":220978,""detectors_checked"":45116288,""obs_mistake_mask=E"":3}"
     74752,         0,         0,    11.7,exact_mw,09f626b7d1c8765fd231bc36902f9c5557d3909c4644565b971bdb2bfb186061,"{""distance"":7,""physical_error_rate"":0.0005}","{""detection_events"":110511,""detectors_checked"":45000704}"
    329216,         1,         0,   120.6,exact_mw,09f626b7d1c8765fd231bc36902f9c5557d3909c4644565b971bdb2bfb186061,"{""distance"":7,""physical_error_rate"":0.0005}","{""detection_events"":485709,""detectors_checked"":198188032,""obs_mistake_mask=E"":1}"
      9728,         0,         0,    8.60,exact_mw,fe773c48422346d89ea42b7ea8a90aa3034802874175ef2bfbcd9fbedf677903,"{""distance"":7,""physical_error_rate"":0.001}","{""detection_events"":28453,""detectors_checked"":5856256}"
     21504,         2,         0,    16.9,exact_mw,fe773c48422346d89ea42b7ea8a90aa3034802874175ef2bfbcd9fbedf677903,"{""distance"":7,""physical_error_rate"":0.001}","{""detection_events"":62910,""detectors_checked"":12945408,""obs_mistake_mask=E"":2}"
      4352,         0,         0,    17.3,exact_mw,fe773c48422346d89ea42b7ea8a90aa3034802874175ef2bfbcd9fbedf677903,"{""distance"":7,""physical_error_rate"":0.001}","{""detection_events"":12761,""detectors_checked"":2619904}"
    147456,         0,         0,    23.0,exact_mw,09f626b7d1c8765fd231bc36902f9c5557d3909c4644565b971bdb2bfb186061,"{""distance"":7,""physical_error_rate"":0.0005}","{""detection_events"":219665,""detectors_checked"":88768512}"
     22016,         0,         0,    16.5,exact_mw,09f626b7d1c8765fd231bc36902f9c5557d3909c4644565b971bdb2bfb186061,"{""distance"":7,""physical_error_rate"":0.0005}","{""detection_events"":33082,""detectors_checked"":13253632}"
     12288,         1,         0,    11.7,exact_mw,fe773c48422346d89ea42b7ea8a90aa3034802874175ef2bfbcd9fbedf677903,"{""distance"":7,""physical_error_rate"":0.001}","{""detection_events"":35969,""detectors_checked"":7397376,""obs_mistake_mask=E"":1}"
    119808,         0,         0,    23.0,exact_mw,09f626b7d1c8765fd231bc36902f9c5557d3909c4644565b971bdb2bfb186061,"{""distance"":7,""physical_error_rate"":0.0005}","{""detection_events"":176434,""detectors_checked"":72124416}"
    137216,         0,         0,    23.1,exact_mw,09f626b7d1c8765fd231bc36902f9c5557d3909c4644565b971bdb2bfb186061,"{""distance"":7,""physical_error_rate"":0.0005}","{""detection_events"":200918,""detectors_checked"":82604032}"
    141312,         2,         0,   120.0,exact_mw,fe773c48422346d89ea42b7ea8a90aa3034802874175ef2bfbcd9fbedf677903,"{""distance"":7,""physical_error_rate"":0.001}","{""detection_events"":413907,""detectors_checked"":85069824,""obs_mistake_mask=E"":2}"
    155648,         1,         0,    22.9,exact_mw,09f626b7d1c8765fd231bc36902f9c5557d3909c4644565b971bdb2bfb186061,"{""distance"":7,""physical_error_rate"":0.0005}","{""detection_events"":229278,""detectors_checked"":93700096,""obs_mistake_mask=E"":1}"
    122880,         1,         0,    23.0,exact_mw,09f626b7d1c8765fd231bc36902f9c5557d3909c4644565b971bdb2bfb186061,"{""distance"":7,""physical_error_rate"":0.0005}","{""detection_events"":181342,""detectors_checked"":73973760,""obs_mistake_mask=E"":1}"
    167936,         1,         0,    22.9,exact_mw,09f626b7d1c8765fd231bc36902f9c5557d3909c4644565b971bdb2bfb186061,"{""distance"":7,""physical_error_rate"":0.0005}","{""detection_events"":249776,""detectors_checked"":101097472,""obs_mistake_mask=E"":1}"
    105472,         1,         0,    16.4,exact_mw,09f626b7d1c8765fd231bc36902f9c5557d3909c4644565b971bdb2bfb186061,"{""distance"":7,""physical_error_rate"":0.0005}","{""detection_events"":156260,""detectors_checked"":63494144,""obs_mistake_mask=E"":1}"
    149504,         0,         0,    22.9,exact_mw,09f626b7d1c8765fd231bc36902f9c5557d3909c4644565b971bdb2bfb186061,"{""distance"":7,""physical_error_rate"":0.0005}","{""detection_events"":220974,""detectors_checked"":90001408}"
    129024,         0,         0,    23.1,exact_mw,09f626b7d1c8765fd231bc36902f9c5557d3909c4644565b971bdb2bfb186061,"{""distance"":7,""physical_error_rate"":0.0005}","{""detection_events"":190598,""detectors_checked"":77672448}"
    136704,         4,         0,   120.7,exact_mw,fe773c48422346d89ea42b7ea8a90aa3034802874175ef2bfbcd9fbedf677903,"{""distance"":7,""physical_error_rate"":0.001}","{""detection_events"":404142,""detectors_checked"":82295808,""obs_mistake_mask=E"":4}"
    153600,         0,         0,    23.0,exact_mw,09f626b7d1c8765fd231bc36902f9c5557d3909c4644565b971bdb2bfb186061,"{""distance"":7,""physical_error_rate"":0.0005}","{""detection_events"":226535,""detectors_checked"":92467200}"
     26624,         2,         0,    23.0,exact_mw,fe773c48422346d89ea42b7ea8a90aa3034802874175ef2bfbcd9fbedf677903,"{""distance"":7,""physical_error_rate"":0.001}","{""detection_events"":78340,""detectors_checked"":16027648,""obs_mistake_mask=E"":2}"
     29696,         0,         0,    23.8,exact_mw,09f626b7d1c8765fd231bc36902f9c5557d3909c4644565b971bdb2bfb186061,"{""distance"":7,""physical_error_rate"":0.0005}","{""detection_events"":44233,""detectors_checked"":17876992}"
       273,         0,         0,   0.221,exact_mw,09f626b7d1c8765fd231bc36902f9c5557d3909c4644565b971bdb2bfb186061,"{""distance"":7,""physical_error_rate"":0.0005}","{""detection_events"":375,""detectors_checked"":164346}"
       512,         0,         0,   0.306,exact_mw,09f626b7d1c8765fd231bc36902f9c5557d3909c4644565b971bdb2bfb186061,"{""distance"":7,""physical_error_rate"":0.0005}","{""detection_events"":664,""detectors_checked"":308224}"
     26624,         0,         0,    23.2,exact_mw,fe773c48422346d89ea42b7ea8a90aa3034802874175ef2bfbcd9fbedf677903,"{""distance"":7,""physical_error_rate"":0.001}","{""detection_events"":79187,""detectors_checked"":16027648}"
     26624,         2,         0,    23.2,exact_mw,fe773c48422346d89ea42b7ea8a90aa3034802874175ef2bfbcd9fbedf677903,"{""distance"":7,""physical_error_rate"":0.001}","{""detection_events"":78697,""detectors_checked"":16027648,""obs_mistake_mask=E"":2}"
    305152,         0,         0,    45.1,exact_mw,09f626b7d1c8765fd231bc36902f9c5557d3909c4644565b971bdb2bfb186061,"{""distance"":7,""physical_error_rate"":0.0005}","{""detection_events"":451849,""detectors_checked"":183701504}"
       512,         0,         0,   0.661,exact_mw,09f626b7d1c8765fd231bc36902f9c5557d3909c4644565b971bdb2bfb186061,"{""distance"":7,""physical_error_rate"":0.0005}","{""detection_events"":837,""detectors_checked"":308224}"
       512,         0,         0,   0.052,exact_mw,09f626b7d1c8765fd231bc36902f9c5557d3909c4644565b971bdb2bfb186061,"{""distance"":7,""physical_error_rate"":0.0005}","{""detection_events"":695,""detectors_checked"":308224}"
      1024,         0,         0,   0.159,exact_mw,09f626b7d1c8765fd231bc36902f9c5557d3909c4644565b971bdb2bfb186061,"{""distance"":7,""physical_error_rate"":0.0005}","{""detection_events"":1490,""detectors_checked"":616448}"
     26624,         0,         0,    23.3,exact_mw,fe773c48422346d89ea42b7ea8a90aa3034802874175ef2bfbcd9fbedf677903,"{""distance"":7,""physical_error_rate"":0.001}","{""detection_events"":77945,""detectors_checked"":16027648}"
      1024,         0,         0,   0.131,exact_mw,09f626b7d1c8765fd231bc36902f9c5557d3909c4644565b971bdb2bfb186061,"{""distance"":7,""physical_error_rate"":0.0005}","{""detection_events"":1463,""detectors_checked"":616448}"
      1024,         0,         0,   0.136,exact_mw,09f626b7d1c8765fd231bc36902f9c5557d3909c4644565b971bdb2bfb186061,"{""distance"":7,""physical_error_rate"":0.0005}","{""detection_events"":1515,""detectors_checked"":616448}"
     22528,         1,         0,    23.5,exact_mw,fe773c48422346d89ea42b7ea8a90aa3034802874175ef2bfbcd9fbedf677903,"{""distance"":7,""physical_error_rate"":0.001}","{""detection_events"":66869,""detectors_checked"":13561856,""obs_mistake_mask=E"":1}"
      1024,         0,         0,   0.175,exact_mw,09f626b7d1c8765fd231bc36902f9c5557d3909c4644565b971bdb2bfb186061,"{""distance"":7,""physical_error_rate"":0.0005}","{""detection_events"":1546,""detectors_checked"":616448}"
      1024,         0,         0,   0.152,exact_mw,09f626b7d1c8765fd231bc36902f9c5557d3909c4644565b971bdb2bfb186061,"{""distance"":7,""physical_error_rate"":0.0005}","{""detection_events"":1447,""detectors_checked"":616448}"
    242688,         1,         0,    44.9,exact_mw,09f626b7d1c8765fd231bc36902f9c5557d3909c4644565b971bdb2bfb186061,"{""distance"":7,""physical_error_rate"":0.0005}","{""detection_events"":359139,""detectors_checked"":146098176,""obs_mistake_mask=E"":1}"
     27648,         2,         0,    23.4,exact_mw,fe773c48422346d89ea42b7ea8a90aa3034802874175ef2bfbcd9fbedf677903,"{""distance"":7,""physical_error_rate"":0.001}","{""detection_events"":82292,""detectors_checked"":16644096,""obs_mistake_mask=E"":2}"
      2048,         0,         0,   0.281,exact_mw,09f626b7d1c8765fd231bc36902f9c5557d3909c4644565b971bdb2bfb186061,"{""distance"":7,""physical_error_rate"":0.0005}","{""detection_events"":2934,""detectors_checked"":1232896}"
     27648,         0,         0,    23.9,exact_mw,fe773c48422346d89ea42b7ea8a90aa3034802874175ef2bfbcd9fbedf677903,"{""distance"":7,""physical_error_rate"":0.001}","{""detection_events"":80936,""detectors_checked"":16644096}"
     26624,         0,         0,    23.7,exact_mw,fe773c48422346d89ea42b7ea8a90aa3034802874175ef2bfbcd9fbedf677903,"{""distance"":7,""physical_error_rate"":0.001}","{""detection_events"":78276,""detectors_checked"":16027648}"
      2048,         0,         0,   0.367,exact_mw,09f626b7d1c8765fd231bc36902f9c5557d3909c4644565b971bdb2bfb186061,"{""distance"":7,""physical_error_rate"":0.0005}","{""detection_events"":3105,""detectors_checked"":1232896}"
      3072,         0,         0,   0.521,exact_mw,09f626b7d1c8765fd231bc36902f9c5557d3909c4644565b971bdb2bfb186061,"{""distance"":7,""physical_error_rate"":0.0005}","{""detection_events"":4782,""detectors_checked"":1849344}"
      4096,         0,         0,   0.583,exact_mw,09f626b7d1c8765fd231bc36902f9c5557d3909c4644565b971bdb2bfb186061,"{""distance"":7,""physical_error_rate"":0.0005}","{""detection_events"":5950,""detectors_checked"":2465792}"
     73280,         1,         0,   120.1,exact_mw,fe773c48422346d89ea42b7ea8a90aa3034802874175ef2bfbcd9fbedf677903,"{""distance"":7,""physical_error_rate"":0.001}","{""detection_events"":216588,""detectors_checked"":44114560,""obs_mistake_mask=E"":1}"
    283648,         1,         0,    44.9,exact_mw,09f626b7d1c8765fd231bc36902f9c5557d3909c4644565b971bdb2bfb186061,"{""distance"":7,""physical_error_rate"":0.0005}","{""detection_events"":420908,""detectors_checked"":170756096,""obs_mistake_mask=E"":1}"
      6144,         0,         0,   0.951,exact_mw,09f626b7d1c8765fd231bc36902f9c5557d3909c4644565b971bdb2bfb186061,"{""distance"":7,""physical_error_rate"":0.0005}","{""detection_events"":8838,""detectors_checked"":3698688}"
     28672,         1,         0,    23.5,exact_mw,fe773c48422346d89ea42b7ea8a90aa3034802874175ef2bfbcd9fbedf677903,"{""distance"":7,""physical_error_rate"":0.001}","{""detection_events"":84522,""detectors_checked"":17260544,""obs_mistake_mask=E"":1}"
     54272,         1,         0,    45.2,exact_mw,fe773c48422346d89ea42b7ea8a90aa3034802874175ef2bfbcd9fbedf677903,"{""distance"":7,""physical_error_rate"":0.001}","{""detection_events"":161061,""detectors_checked"":32671744,""obs_mistake_mask=E"":1}"
      8192,         0,         0,    1.14,exact_mw,09f626b7d1c8765fd231bc36902f9c5557d3909c4644565b971bdb2bfb186061,"{""distance"":7,""physical_error_rate"":0.0005}","{""detection_events"":12185,""detectors_checked"":4931584}"
     11264,         0,         0,    1.59,exact_mw,09f626b7d1c8765fd231bc36902f9c5557d3909c4644565b971bdb2bfb186061,"{""distance"":7,""physical_error_rate"":0.0005}","{""detection_events"":16423,""detectors_checked"":6780928}"
      4992,         0,         0,    23.2,exact_mw,fe773c48422346d89ea42b7ea8a90aa3034802874175ef2bfbcd9fbedf677903,"{""distance"":7,""physical_error_rate"":0.001}","{""detection_events"":14897,""detectors_checked"":3005184}"
    806912,         1,         0,   119.9,exact_mw,09f626b7d1c8765fd231bc36902f9c5557d3909c4644565b971bdb2bfb186061,"{""distance"":7,""physical_error_rate"":0.0005}","{""detection_events"":1193883,""detectors_checked"":485761024,""obs_mistake_mask=E"":1}"
     51200,         1,         0,    45.6,exact_mw,fe773c48422346d89ea42b7ea8a90aa3034802874175ef2bfbcd9fbedf677903,"{""distance"":7,""physical_error_rate"":0.001}","{""detection_events"":150560,""detectors_checked"":30822400,""obs_mistake_mask=E"":1}"
    151552,         0,         0,   120.2,exact_mw,09f626b7d1c8765fd231bc36902f9c5557d3909c4644565b971bdb2bfb186061,"{""distance"":7,""physical_error_rate"":0.0005}","{""detection_events"":224731,""detectors_checked"":91234304}"
     55296,         1,         0,    45.6,exact_mw,fe773c48422346d89ea42b7ea8a90aa3034802874175ef2bfbcd9fbedf677903,"{""distance"":7,""physical_error_rate"":0.001}","{""detection_events"":164500,""detectors_checked"":33288192,""obs_mistake_mask=E"":1}"
     15360,         0,         0,    2.18,exact_mw,09f626b7d1c8765fd231bc36902f9c5557d3909c4644565b971bdb2bfb186061,"{""distance"":7,""physical_error_rate"":0.0005}","{""detection_events"":22312,""detectors_checked"":9246720}"
      9664,         0,         0,    45.2,exact_mw,fe773c48422346d89ea42b7ea8a90aa3034802874175ef2bfbcd9fbedf677903,"{""distance"":7,""physical_error_rate"":0.001}","{""detection_events"":28640,""detectors_checked"":5817728}"
     18432,         0,         0,    16.9,exact_mw,fe773c48422346d89ea42b7ea8a90aa3034802874175ef2bfbcd9fbedf677903,"{""distance"":7,""physical_error_rate"":0.001}","{""detection_events"":54535,""detectors_checked"":11096064}"
     49152,         0,         0,    45.3,exact_mw,fe773c48422346d89ea42b7ea8a90aa3034802874175ef2bfbcd9fbedf677903,"{""distance"":7,""physical_error_rate"":0.001}","{""detection_events"":145095,""detectors_checked"":29589504}"
     22528,         0,         0,    3.16,exact_mw,09f626b7d1c8765fd231bc36902f9c5557d3909c4644565b971bdb2bfb186061,"{""distance"":7,""physical_error_rate"":0.0005}","{""detection_events"":33828,""detectors_checked"":13561856}"
    120832,         2,         0,   120.4,exact_mw,fe773c48422346d89ea42b7ea8a90aa3034802874175ef2bfbcd9fbedf677903,"{""distance"":7,""physical_error_rate"":0.001}","{""detection_events"":356032,""detectors_checked"":72740864,""obs_mistake_mask=E"":2}"
    831488,         2,         0,   119.9,exact_mw,09f626b7d1c8765fd231bc36902f9c5557d3909c4644565b971bdb2bfb186061,"{""distance"":7,""physical_error_rate"":0.0005}","{""detection_events"":1233297,""detectors_checked"":500555776,""obs_mistake_mask=E"":2}"
     29696,         0,         0,    23.2,exact_mw,09f626b7d1c8765fd231bc36902f9c5557d3909c4644565b971bdb2bfb186061,"{""distance"":7,""physical_error_rate"":0.0005}","{""detection_events"":43515,""detectors_checked"":17876992}"
    138240,         1,         0,   120.1,exact_mw,fe773c48422346d89ea42b7ea8a90aa3034802874175ef2bfbcd9fbedf677903,"{""distance"":7,""physical_error_rate"":0.001}","{""detection_events"":406191,""detectors_checked"":83220480,""obs_mistake_mask=E"":1}"
    846848,         3,         0,   120.0,exact_mw,09f626b7d1c8765fd231bc36902f9c5557d3909c4644565b971bdb2bfb186061,"{""distance"":7,""physical_error_rate"":0.0005}","{""detection_events"":1250996,""detectors_checked"":509802496,""obs_mistake_mask=E"":3}"
     30720,         0,         0,    4.34,exact_mw,09f626b7d1c8765fd231bc36902f9c5557d3909c4644565b971bdb2bfb186061,"{""distance"":7,""physical_error_rate"":0.0005}","{""detection_events"":45287,""detectors_checked"":18493440}"
    176640,         0,         0,   120.2,exact_mw,09f626b7d1c8765fd231bc36902f9c5557d3909c4644565b971bdb2bfb186061,"{""distance"":7,""physical_error_rate"":0.0005}","{""detection_events"":262722,""detectors_checked"":106337280}"
    160768,         0,         0,    23.1,exact_mw,09f626b7d1c8765fd231bc36902f9c5557d3909c4644565b971bdb2bfb186061,"{""distance"":7,""physical_error_rate"":0.0005}","{""detection_events"":236464,""detectors_checked"":96782336}"
    843776,         5,         0,   120.0,exact_mw,09f626b7d1c8765fd231bc36902f9c5557d3909c4644565b971bdb2bfb186061,"{""distance"":7,""physical_error_rate"":0.0005}","{""detection_events"":1246116,""detectors_checked"":507953152,""obs_mistake_mask=E"":5}"
     38912,         0,         0,    5.97,exact_mw,09f626b7d1c8765fd231bc36902f9c5557d3909c4644565b971bdb2bfb186061,"{""distance"":7,""physical_error_rate"":0.0005}","{""detection_events"":56617,""detectors_checked"":23425024}"
    121856,         1,         0,    32.7,exact_mw,09f626b7d1c8765fd231bc36902f9c5557d3909c4644565b971bdb2bfb186061,"{""distance"":7,""physical_error_rate"":0.0005}","{""detection_events"":178601,""detectors_checked"":73357312,""obs_mistake_mask=E"":1}"
    147456,         1,         0,   120.8,exact_mw,fe773c48422346d89ea42b7ea8a90aa3034802874175ef2bfbcd9fbedf677903,"{""distance"":7,""physical_error_rate"":0.001}","{""detection_events"":432655,""detectors_checked"":88768512,""obs_mistake_mask=E"":1}"
    216064,         0,         0,    32.2,exact_mw,09f626b7d1c8765fd231bc36902f9c5557d3909c4644565b971bdb2bfb186061,"{""distance"":7,""physical_error_rate"":0.0005}","{""detection_events"":320573,""detectors_checked"":130070528}"
    138240,         3,         0,   120.5,exact_mw,fe773c48422346d89ea42b7ea8a90aa3034802874175ef2bfbcd9fbedf677903,"{""distance"":7,""physical_error_rate"":0.001}","{""detection_events"":407530,""detectors_checked"":83220480,""obs_mistake_mask=E"":3}"
    169984,         0,         0,    32.2,exact_mw,09f626b7d1c8765fd231bc36902f9c5557d3909c4644565b971bdb2bfb186061,"{""distance"":7,""physical_error_rate"":0.0005}","{""detection_events"":250620,""detectors_checked"":102330368}"
    787456,         2,         0,   120.0,exact_mw,09f626b7d1c8765fd231bc36902f9c5557d3909c4644565b971bdb2bfb186061,"{""distance"":7,""physical_error_rate"":0.0005}","{""detection_events"":1167730,""detectors_checked"":474048512,""obs_mistake_mask=E"":2}"
    220160,         0,         0,    32.3,exact_mw,09f626b7d1c8765fd231bc36902f9c5557d3909c4644565b971bdb2bfb186061,"{""distance"":7,""physical_error_rate"":0.0005}","{""detection_events"":325571,""detectors_checked"":132536320}"
    188416,         1,         0,    32.4,exact_mw,09f626b7d1c8765fd231bc36902f9c5557d3909c4644565b971bdb2bfb186061,"{""distance"":7,""physical_error_rate"":0.0005}","{""detection_events"":276311,""detectors_checked"":113426432,""obs_mistake_mask=E"":1}"
    221184,         2,         0,    32.2,exact_mw,09f626b7d1c8765fd231bc36902f9c5557d3909c4644565b971bdb2bfb186061,"{""distance"":7,""physical_error_rate"":0.0005}","{""detection_events"":325446,""detectors_checked"":133152768,""obs_mistake_mask=E"":2}"
    776192,         0,         0,   120.1,exact_mw,09f626b7d1c8765fd231bc36902f9c5557d3909c4644565b971bdb2bfb186061,"{""distance"":7,""physical_error_rate"":0.0005}","{""detection_events"":1146791,""detectors_checked"":467267584}"
    218112,         0,         0,    32.2,exact_mw,09f626b7d1c8765fd231bc36902f9c5557d3909c4644565b971bdb2bfb186061,"{""distance"":7,""physical_error_rate"":0.0005}","{""detection_events"":323953,""detectors_checked"":131303424}"
    137216,         1,         0,   120.1,exact_mw,fe773c48422346d89ea42b7ea8a90aa3034802874175ef2bfbcd9fbedf677903,"{""distance"":7,""physical_error_rate"":0.001}","{""detection_events"":403960,""detectors_checked"":82604032,""obs_mistake_mask=E"":1}"
    178176,         0,         0,    32.3,exact_mw,09f626b7d1c8765fd231bc36902f9c5557d3909c4644565b971bdb2bfb186061,"{""distance"":7,""physical_error_rate"":0.0005}","{""detection_events"":264531,""detectors_checked"":107261952}"
    790528,         1,         0,   120.0,exact_mw,09f626b7d1c8765fd231bc36902f9c5557d3909c4644565b971bdb2bfb186061,"{""distance"":7,""physical_error_rate"":0.0005}","{""detection_events"":1166826,""detectors_checked"":475897856,""obs_mistake_mask=E"":1}"
    197632,         0,         0,    32.1,exact_mw,09f626b7d1c8765fd231bc36902f9c5557d3909c4644565b971bdb2bfb186061,"{""distance"":7,""physical_error_rate"":0.0005}","{""detection_events"":294478,""detectors_checked"":118974464}"
    817152,         3,         0,   120.0,exact_mw,09f626b7d1c8765fd231bc36902f9c5557d3909c4644565b971bdb2bfb186061,"{""distance"":7,""physical_error_rate"":0.0005}","{""detection_events"":1208916,""detectors_checked"":491925504,""obs_mistake_mask=E"":3}"
     39936,         2,         0,    32.4,exact_mw,fe773c48422346d89ea42b7ea8a90aa3034802874175ef2bfbcd9fbedf677903,"{""distance"":7,""physical_error_rate"":0.001}","{""detection_events"":117545,""detectors_checked"":24041472,""obs_mistake_mask=E"":2}"
     57344,         0,         0,    8.42,exact_mw,09f626b7d1c8765fd231bc36902f9c5557d3909c4644565b971bdb2bfb186061,"{""distance"":7,""physical_error_rate"":0.0005}","{""detection_events"":84742,""detectors_checked"":34521088}"
    818176,         0,         0,   119.8,exact_mw,09f626b7d1c8765fd231bc36902f9c5557d3909c4644565b971bdb2bfb186061,"{""distance"":7,""physical_error_rate"":0.0005}","{""detection_events"":1219565,""detectors_checked"":492541952}"
     46080,         0,         0,    33.1,exact_mw,09f626b7d1c8765fd231bc36902f9c5557d3909c4644565b971bdb2bfb186061,"{""distance"":7,""physical_error_rate"":0.0005}","{""detection_events"":66595,""detectors_checked"":27740160}"
     20992,         0,         0,    23.1,exact_mw,fe773c48422346d89ea42b7ea8a90aa3034802874175ef2bfbcd9fbedf677903,"{""distance"":7,""physical_error_rate"":0.001}","{""detection_events"":61851,""detectors_checked"":12637184}"
     40960,         1,         0,    32.6,exact_mw,fe773c48422346d89ea42b7ea8a90aa3034802874175ef2bfbcd9fbedf677903,"{""distance"":7,""physical_error_rate"":0.001}","{""detection_events"":120641,""detectors_checked"":24657920,""obs_mistake_mask=E"":1}"
     35840,         0,         0,    32.4,exact_mw,fe773c48422346d89ea42b7ea8a90aa3034802874175ef2bfbcd9fbedf677903,"{""distance"":7,""physical_error_rate"":0.001}","{""detection_events"":105615,""detectors_checked"":21575680}"
     35328,         0,         0,    32.2,exact_mw,fe773c48422346d89ea42b7ea8a90aa3034802874175ef2bfbcd9fbedf677903,"{""distance"":7,""physical_error_rate"":0.001}","{""detection_events"":103126,""detectors_checked"":21267456}"
     39936,         0,         0,    32.8,exact_mw,fe773c48422346d89ea42b7ea8a90aa3034802874175ef2bfbcd9fbedf677903,"{""distance"":7,""physical_error_rate"":0.001}","{""detection_events"":119733,""detectors_checked"":24041472}"
     37888,         0,         0,    32.4,exact_mw,fe773c48422346d89ea42b7ea8a90aa3034802874175ef2bfbcd9fbedf677903,"{""distance"":7,""physical_error_rate"":0.001}","{""detection_events"":112290,""detectors_checked"":22808576}"
     34816,         1,         0,    32.5,exact_mw,fe773c48422346d89ea42b7ea8a90aa3034802874175ef2bfbcd9fbedf677903,"{""distance"":7,""physical_error_rate"":0.001}","{""detection_events"":101795,""detectors_checked"":20959232,""obs_mistake_mask=E"":1}"
     39936,         2,         0,    32.9,exact_mw,fe773c48422346d89ea42b7ea8a90aa3034802874175ef2bfbcd9fbedf677903,"{""distance"":7,""physical_error_rate"":0.001}","{""detection_events"":117295,""detectors_checked"":24041472,""obs_mistake_mask=E"":2}"
    138240,         4,         0,   120.4,exact_mw,fe773c48422346d89ea42b7ea8a90aa3034802874175ef2bfbcd9fbedf677903,"{""distance"":7,""physical_error_rate"":0.001}","{""detection_events"":410796,""detectors_checked"":83220480,""obs_mistake_mask=E"":4}"
     37888,         0,         0,    32.2,exact_mw,fe773c48422346d89ea42b7ea8a90aa3034802874175ef2bfbcd9fbedf677903,"{""distance"":7,""physical_error_rate"":0.001}","{""detection_events"":112121,""detectors_checked"":22808576}"
    137216,         3,         0,   120.0,exact_mw,fe773c48422346d89ea42b7ea8a90aa3034802874175ef2bfbcd9fbedf677903,"{""distance"":7,""physical_error_rate"":0.001}","{""detection_events"":405440,""detectors_checked"":82604032,""obs_mistake_mask=E"":3}"
    138240,         2,         0,   120.2,exact_mw,fe773c48422346d89ea42b7ea8a90aa3034802874175ef2bfbcd9fbedf677903,"{""distance"":7,""physical_error_rate"":0.001}","{""detection_events"":409251,""detectors_checked"":83220480,""obs_mistake_mask=E"":2}"
      7296,         0,         0,    32.8,exact_mw,fe773c48422346d89ea42b7ea8a90aa3034802874175ef2bfbcd9fbedf677903,"{""distance"":7,""physical_error_rate"":0.001}","{""detection_events"":21969,""detectors_checked"":4392192}"
     81920,         0,         0,    11.8,exact_mw,09f626b7d1c8765fd231bc36902f9c5557d3909c4644565b971bdb2bfb186061,"{""distance"":7,""physical_error_rate"":0.0005}","{""detection_events"":120842,""detectors_checked"":49315840}"
     38400,         0,         0,    32.7,exact_mw,09f626b7d1c8765fd231bc36902f9c5557d3909c4644565b971bdb2bfb186061,"{""distance"":7,""physical_error_rate"":0.0005}","{""detection_events"":57113,""detectors_checked"":23116800}"
    225280,         1,         0,    32.1,exact_mw,09f626b7d1c8765fd231bc36902f9c5557d3909c4644565b971bdb2bfb186061,"{""distance"":7,""physical_error_rate"":0.0005}","{""detection_events"":333914,""detectors_checked"":135618560,""obs_mistake_mask=E"":1}"
    111616,         0,         0,    16.4,exact_mw,09f626b7d1c8765fd231bc36902f9c5557d3909c4644565b971bdb2bfb186061,"{""distance"":7,""physical_error_rate"":0.0005}","{""detection_events"":163130,""detectors_checked"":67192832}"
    452608,         1,         0,    63.0,exact_mw,09f626b7d1c8765fd231bc36902f9c5557d3909c4644565b971bdb2bfb186061,"{""distance"":7,""physical_error_rate"":0.0005}","{""detection_events"":670285,""detectors_checked"":272470016,""obs_mistake_mask=E"":1}"
    408576,         0,         0,    63.0,exact_mw,09f626b7d1c8765fd231bc36902f9c5557d3909c4644565b971bdb2bfb186061,"{""distance"":7,""physical_error_rate"":0.0005}","{""detection_events"":603405,""detectors_checked"":245962752}"
     26752,         1,         0,    32.4,exact_mw,fe773c48422346d89ea42b7ea8a90aa3034802874175ef2bfbcd9fbedf677903,"{""distance"":7,""physical_error_rate"":0.001}","{""detection_events"":78748,""detectors_checked"":16104704,""obs_mistake_mask=E"":1}"
    403456,         2,         0,    63.0,exact_mw,09f626b7d1c8765fd231bc36902f9c5557d3909c4644565b971bdb2bfb186061,"{""distance"":7,""physical_error_rate"":0.0005}","{""detection_events"":598078,""detectors_checked"":242880512,""obs_mistake_mask=E"":2}"
     49664,         0,         0,    45.1,exact_mw,09f626b7d1c8765fd231bc36902f9c5557d3909c4644565b971bdb2bfb186061,"{""distance"":7,""physical_error_rate"":0.0005}","{""detection_events"":73309,""detectors_checked"":29897728}"
     80896,         1,         0,    63.8,exact_mw,fe773c48422346d89ea42b7ea8a90aa3034802874175ef2bfbcd9fbedf677903,"{""distance"":7,""physical_error_rate"":0.001}","{""detection_events"":236605,""detectors_checked"":48699392,""obs_mistake_mask=E"":1}"
    344064,         1,         0,    45.0,exact_mw,09f626b7d1c8765fd231bc36902f9c5557d3909c4644565b971bdb2bfb186061,"{""distance"":7,""physical_error_rate"":0.0005}","{""detection_events"":505097,""detectors_checked"":207126528,""obs_mistake_mask=E"":1}"
     36864,         3,         0,    63.0,exact_mw,fe773c48422346d89ea42b7ea8a90aa3034802874175ef2bfbcd9fbedf677903,"{""distance"":7,""physical_error_rate"":0.001}","{""detection_events"":109120,""detectors_checked"":22192128,""obs_mistake_mask=E"":3}"
    322560,         0,         0,    45.0,exact_mw,09f626b7d1c8765fd231bc36902f9c5557d3909c4644565b971bdb2bfb186061,"{""distance"":7,""physical_error_rate"":0.0005}","{""detection_events"":477801,""detectors_checked"":194181120}"
     75776,         2,         0,    63.7,exact_mw,fe773c48422346d89ea42b7ea8a90aa3034802874175ef2bfbcd9fbedf677903,"{""distance"":7,""physical_error_rate"":0.001}","{""detection_events"":224422,""detectors_checked"":45617152,""obs_mistake_mask=E"":2}"
    315392,         0,         0,    45.0,exact_mw,09f626b7d1c8765fd231bc36902f9c5557d3909c4644565b971bdb2bfb186061,"{""distance"":7,""physical_error_rate"":0.0005}","{""detection_events"":466664,""detectors_checked"":189865984}"
     12160,         0,         0,    63.4,exact_mw,fe773c48422346d89ea42b7ea8a90aa3034802874175ef2bfbcd9fbedf677903,"{""distance"":7,""physical_error_rate"":0.001}","{""detection_events"":35689,""detectors_checked"":7320320}"
    839680,         3,         0,   119.9,exact_mw,09f626b7d1c8765fd231bc36902f9c5557d3909c4644565b971bdb2bfb186061,"{""distance"":7,""physical_error_rate"":0.0005}","{""detection_events"":1243355,""detectors_checked"":505487360,""obs_mistake_mask=E"":3}"
    117248,         0,         0,    45.1,exact_mw,09f626b7d1c8765fd231bc36902f9c5557d3909c4644565b971bdb2bfb186061,"{""distance"":7,""physical_error_rate"":0.0005}","{""detection_events"":173376,""detectors_checked"":70583296}"
    324608,         0,         0,    45.0,exact_mw,09f626b7d1c8765fd231bc36902f9c5557d3909c4644565b971bdb2bfb186061,"{""distance"":7,""physical_error_rate"":0.0005}","{""detection_events"":480654,""detectors_checked"":195414016}"
    318464,         1,         0,    45.0,exact_mw,09f626b7d1c8765fd231bc36902f9c5557d3909c4644565b971bdb2bfb186061,"{""distance"":7,""physical_error_rate"":0.0005}","{""detection_events"":471380,""detectors_checked"":191715328,""obs_mistake_mask=E"":1}"
     76800,         0,         0,    45.4,exact_mw,09f626b7d1c8765fd231bc36902f9c5557d3909c4644565b971bdb2bfb186061,"{""distance"":7,""physical_error_rate"":0.0005}","{""detection_events"":113206,""detectors_checked"":46233600}"
    295936,         2,         0,    44.9,exact_mw,09f626b7d1c8765fd231bc36902f9c5557d3909c4644565b971bdb2bfb186061,"{""distance"":7,""physical_error_rate"":0.0005}","{""detection_events"":435657,""detectors_checked"":178153472,""obs_mistake_mask=E"":2}"
     71168,         1,         0,    63.7,exact_mw,fe773c48422346d89ea42b7ea8a90aa3034802874175ef2bfbcd9fbedf677903,"{""distance"":7,""physical_error_rate"":0.001}","{""detection_events"":209555,""detectors_checked"":42843136,""obs_mistake_mask=E"":1}"
     55296,         1,         0,    45.7,exact_mw,fe773c48422346d89ea42b7ea8a90aa3034802874175ef2bfbcd9fbedf677903,"{""distance"":7,""physical_error_rate"":0.001}","{""detection_events"":163370,""detectors_checked"":33288192,""obs_mistake_mask=E"":1}"
     44032,         0,         0,    45.0,exact_mw,09f626b7d1c8765fd231bc36902f9c5557d3909c4644565b971bdb2bfb186061,"{""distance"":7,""physical_error_rate"":0.0005}","{""detection_events"":65166,""detectors_checked"":26507264}"
     24768,         0,         0,   120.2,exact_mw,fe773c48422346d89ea42b7ea8a90aa3034802874175ef2bfbcd9fbedf677903,"{""distance"":7,""physical_error_rate"":0.001}","{""detection_events"":73152,""detectors_checked"":14910336}"
     55296,         0,         0,    45.3,exact_mw,fe773c48422346d89ea42b7ea8a90aa3034802874175ef2bfbcd9fbedf677903,"{""distance"":7,""physical_error_rate"":0.001}","{""detection_events"":163408,""detectors_checked"":33288192}"
     52224,         1,         0,    45.0,exact_mw,fe773c48422346d89ea42b7ea8a90aa3034802874175ef2bfbcd9fbedf677903,"{""distance"":7,""physical_error_rate"":0.001}","{""detection_events"":154131,""detectors_checked"":31438848,""obs_mistake_mask=E"":1}"
     45568,         1,         0,    45.3,exact_mw,fe773c48422346d89ea42b7ea8a90aa3034802874175ef2bfbcd9fbedf677903,"{""distance"":7,""physical_error_rate"":0.001}","{""detection_events"":134735,""detectors_checked"":27431936,""obs_mistake_mask=E"":1}"
     57344,         4,         0,    45.6,exact_mw,fe773c48422346d89ea42b7ea8a90aa3034802874175ef2bfbcd9fbedf677903,"{""distance"":7,""physical_error_rate"":0.001}","{""detection_events"":169111,""detectors_checked"":34521088,""obs_mistake_mask=E"":4}"
     58368,         1,         0,    45.4,exact_mw,fe773c48422346d89ea42b7ea8a90aa3034802874175ef2bfbcd9fbedf677903,"{""distance"":7,""physical_error_rate"":0.001}","{""detection_events"":170802,""detectors_checked"":35137536,""obs_mistake_mask=E"":1}"
     44544,         1,         0,    45.2,exact_mw,fe773c48422346d89ea42b7ea8a90aa3034802874175ef2bfbcd9fbedf677903,"{""distance"":7,""physical_error_rate"":0.001}","{""detection_events"":131993,""detectors_checked"":26815488,""obs_mistake_mask=E"":1}"
     55296,         2,         0,    45.5,exact_mw,fe773c48422346d89ea42b7ea8a90aa3034802874175ef2bfbcd9fbedf677903,"{""distance"":7,""physical_error_rate"":0.001}","{""detection_events"":164444,""detectors_checked"":33288192,""obs_mistake_mask=E"":2}"
    728064,         2,         0,   119.9,exact_mw,09f626b7d1c8765fd231bc36902f9c5557d3909c4644565b971bdb2bfb186061,"{""distance"":7,""physical_error_rate"":0.0005}","{""detection_events"":1074006,""detectors_checked"":438294528,""obs_mistake_mask=E"":2}"
    248832,         0,         0,   119.8,exact_mw,09f626b7d1c8765fd231bc36902f9c5557d3909c4644565b971bdb2bfb186061,"{""distance"":7,""physical_error_rate"":0.0005}","{""detection_events"":365452,""detectors_checked"":149796864}"
    158720,         1,         0,    23.0,exact_mw,09f626b7d1c8765fd231bc36902f9c5557d3909c4644565b971bdb2bfb186061,"{""distance"":7,""physical_error_rate"":0.0005}","{""detection_events"":235497,""detectors_checked"":95549440,""obs_mistake_mask=E"":1}"
     54272,         1,         0,    45.8,exact_mw,fe773c48422346d89ea42b7ea8a90aa3034802874175ef2bfbcd9fbedf677903,"{""distance"":7,""physical_error_rate"":0.001}","{""detection_events"":161068,""detectors_checked"":32671744,""obs_mistake_mask=E"":1}"
      7808,         0,         0,    45.1,exact_mw,fe773c48422346d89ea42b7ea8a90aa3034802874175ef2bfbcd9fbedf677903,"{""distance"":7,""physical_error_rate"":0.001}","{""detection_events"":23668,""detectors_checked"":4700416}"
    140288,         5,         0,   120.2,exact_mw,fe773c48422346d89ea42b7ea8a90aa3034802874175ef2bfbcd9fbedf677903,"{""distance"":7,""physical_error_rate"":0.001}","{""detection_events"":413987,""detectors_checked"":84453376,""obs_mistake_mask=E"":5}"
    763904,         5,         0,   120.0,exact_mw,09f626b7d1c8765fd231bc36902f9c5557d3909c4644565b971bdb2bfb186061,"{""distance"":7,""physical_error_rate"":0.0005}","{""detection_events"":1129427,""detectors_checked"":459870208,""obs_mistake_mask=E"":5}"
     46592,         0,         0,    45.2,exact_mw,09f626b7d1c8765fd231bc36902f9c5557d3909c4644565b971bdb2bfb186061,"{""distance"":7,""physical_error_rate"":0.0005}","{""detection_events"":68064,""detectors_checked"":28048384}"
     24832,         0,         0,   120.7,exact_mw,fe773c48422346d89ea42b7ea8a90aa3034802874175ef2bfbcd9fbedf677903,"{""distance"":7,""physical_error_rate"":0.001}","{""detection_events"":74051,""detectors_checked"":14948864}"
    308224,         0,         0,    45.3,exact_mw,09f626b7d1c8765fd231bc36902f9c5557d3909c4644565b971bdb2bfb186061,"{""distance"":7,""physical_error_rate"":0.0005}","{""detection_events"":453674,""detectors_checked"":185550848}"
    136704,         2,         0,   120.3,exact_mw,fe773c48422346d89ea42b7ea8a90aa3034802874175ef2bfbcd9fbedf677903,"{""distance"":7,""physical_error_rate"":0.001}","{""detection_events"":404020,""detectors_checked"":82295808,""obs_mistake_mask=E"":2}"
    136704,         2,         0,   120.6,exact_mw,fe773c48422346d89ea42b7ea8a90aa3034802874175ef2bfbcd9fbedf677903,"{""distance"":7,""physical_error_rate"":0.001}","{""detection_events"":403197,""detectors_checked"":82295808,""obs_mistake_mask=E"":2}"
    159744,         1,         0,   119.7,exact_mw,09f626b7d1c8765fd231bc36902f9c5557d3909c4644565b971bdb2bfb186061,"{""distance"":7,""physical_error_rate"":0.0005}","{""detection_events"":236273,""detectors_checked"":96165888,""obs_mistake_mask=E"":1}"
      9344,         0,         0,    45.3,exact_mw,fe773c48422346d89ea42b7ea8a90aa3034802874175ef2bfbcd9fbedf677903,"{""distance"":7,""physical_error_rate"":0.001}","{""detection_events"":27740,""detectors_checked"":5625088}"
    175104,         2,         0,    32.2,exact_mw,09f626b7d1c8765fd231bc36902f9c5557d3909c4644565b971bdb2bfb186061,"{""distance"":7,""physical_error_rate"":0.0005}","{""detection_events"":259019,""detectors_checked"":105412608,""obs_mistake_mask=E"":2}"
    144896,         5,         0,   120.8,exact_mw,fe773c48422346d89ea42b7ea8a90aa3034802874175ef2bfbcd9fbedf677903,"{""distance"":7,""physical_error_rate"":0.001}","{""detection_events"":426015,""detectors_checked"":87227392,""obs_mistake_mask=E"":5}"
    128256,         6,         0,   120.0,exact_mw,fe773c48422346d89ea42b7ea8a90aa3034802874175ef2bfbcd9fbedf677903,"{""distance"":7,""physical_error_rate"":0.001}","{""detection_events"":377376,""detectors_checked"":77210112,""obs_mistake_mask=E"":6}"
    135680,         1,         0,   120.8,exact_mw,fe773c48422346d89ea42b7ea8a90aa3034802874175ef2bfbcd9fbedf677903,"{""distance"":7,""physical_error_rate"":0.001}","{""detection_events"":398587,""detectors_checked"":81679360,""obs_mistake_mask=E"":1}"
    799744,         2,         0,   120.1,exact_mw,09f626b7d1c8765fd231bc36902f9c5557d3909c4644565b971bdb2bfb186061,"{""distance"":7,""physical_error_rate"":0.0005}","{""detection_events"":1183915,""detectors_checked"":481445888,""obs_mistake_mask=E"":2}"
    518656,         1,         0,   120.0,exact_mw,09f626b7d1c8765fd231bc36902f9c5557d3909c4644565b971bdb2bfb186061,"{""distance"":7,""physical_error_rate"":0.0005}","{""detection_events"":766043,""detectors_checked"":312230912,""obs_mistake_mask=E"":1}"
     70144,         0,         0,    63.8,exact_mw,09f626b7d1c8765fd231bc36902f9c5557d3909c4644565b971bdb2bfb186061,"{""distance"":7,""physical_error_rate"":0.0005}","{""detection_events"":105279,""detectors_checked"":42226688}"
    466944,         1,         0,    63.0,exact_mw,09f626b7d1c8765fd231bc36902f9c5557d3909c4644565b971bdb2bfb186061,"{""distance"":7,""physical_error_rate"":0.0005}","{""detection_events"":690101,""detectors_checked"":281100288,""obs_mistake_mask=E"":1}"
    144384,         8,         0,   120.0,exact_mw,fe773c48422346d89ea42b7ea8a90aa3034802874175ef2bfbcd9fbedf677903,"{""distance"":7,""physical_error_rate"":0.001}","{""detection_events"":426445,""detectors_checked"":86919168,""obs_mistake_mask=E"":8}"
    826368,         3,         0,   119.8,exact_mw,09f626b7d1c8765fd231bc36902f9c5557d3909c4644565b971bdb2bfb186061,"{""distance"":7,""physical_error_rate"":0.0005}","{""detection_events"":1219811,""detectors_checked"":497473536,""obs_mistake_mask=E"":3}"
    446464,         0,         0,    63.0,exact_mw,09f626b7d1c8765fd231bc36902f9c5557d3909c4644565b971bdb2bfb186061,"{""distance"":7,""physical_error_rate"":0.0005}","{""detection_events"":659512,""detectors_checked"":268771328}"
    263680,         1,         0,    63.3,exact_mw,09f626b7d1c8765fd231bc36902f9c5557d3909c4644565b971bdb2bfb186061,"{""distance"":7,""physical_error_rate"":0.0005}","{""detection_events"":392065,""detectors_checked"":158735360,""obs_mistake_mask=E"":1}"
    134656,         3,         0,   120.0,exact_mw,fe773c48422346d89ea42b7ea8a90aa3034802874175ef2bfbcd9fbedf677903,"{""distance"":7,""physical_error_rate"":0.001}","{""detection_events"":397940,""detectors_checked"":81062912,""obs_mistake_mask=E"":3}"
    284672,         2,         0,    63.1,exact_mw,09f626b7d1c8765fd231bc36902f9c5557d3909c4644565b971bdb2bfb186061,"{""distance"":7,""physical_error_rate"":0.0005}","{""detection_events"":421647,""detectors_checked"":171372544,""obs_mistake_mask=E"":2}"
    836608,         2,         0,   120.0,exact_mw,09f626b7d1c8765fd231bc36902f9c5557d3909c4644565b971bdb2bfb186061,"{""distance"":7,""physical_error_rate"":0.0005}","{""detection_events"":1239507,""detectors_checked"":503638016,""obs_mistake_mask=E"":2}"
    433152,         2,         0,    63.0,exact_mw,09f626b7d1c8765fd231bc36902f9c5557d3909c4644565b971bdb2bfb186061,"{""distance"":7,""physical_error_rate"":0.0005}","{""detection_events"":639094,""detectors_checked"":260757504,""obs_mistake_mask=E"":2}"
    381952,         1,         0,    63.0,exact_mw,09f626b7d1c8765fd231bc36902f9c5557d3909c4644565b971bdb2bfb186061,"{""distance"":7,""physical_error_rate"":0.0005}","{""detection_events"":563831,""detectors_checked"":229935104,""obs_mistake_mask=E"":1}"
    319488,         0,         0,    63.2,exact_mw,09f626b7d1c8765fd231bc36902f9c5557d3909c4644565b971bdb2bfb186061,"{""distance"":7,""physical_error_rate"":0.0005}","{""detection_events"":473786,""detectors_checked"":192331776}"
    130048,         1,         0,    63.7,exact_mw,09f626b7d1c8765fd231bc36902f9c5557d3909c4644565b971bdb2bfb186061,"{""distance"":7,""physical_error_rate"":0.0005}","{""detection_events"":192174,""detectors_checked"":78288896,""obs_mistake_mask=E"":1}"
    366080,         1,         0,   120.0,exact_mw,09f626b7d1c8765fd231bc36902f9c5557d3909c4644565b971bdb2bfb186061,"{""distance"":7,""physical_error_rate"":0.0005}","{""detection_events"":540169,""detectors_checked"":220380160,""obs_mistake_mask=E"":1}"
     71680,         0,         0,    63.1,exact_mw,fe773c48422346d89ea42b7ea8a90aa3034802874175ef2bfbcd9fbedf677903,"{""distance"":7,""physical_error_rate"":0.001}","{""detection_events"":211215,""detectors_checked"":43151360}"
    291072,         1,         0,    63.1,exact_mw,09f626b7d1c8765fd231bc36902f9c5557d3909c4644565b971bdb2bfb186061,"{""distance"":7,""physical_error_rate"":0.0005}","{""detection_events"":431274,""detectors_checked"":175225344,""obs_mistake_mask=E"":1}"
    802816,         2,         0,   119.9,exact_mw,09f626b7d1c8765fd231bc36902f9c5557d3909c4644565b971bdb2bfb186061,"{""distance"":7,""physical_error_rate"":0.0005}","{""detection_events"":1187862,""detectors_checked"":483295232,""obs_mistake_mask=E"":2}"
     73216,         2,         0,    63.1,exact_mw,fe773c48422346d89ea42b7ea8a90aa3034802874175ef2bfbcd9fbedf677903,"{""distance"":7,""physical_error_rate"":0.001}","{""detection_events"":215820,""detectors_checked"":44076032,""obs_mistake_mask=E"":2}"
     73728,         1,         0,    63.5,exact_mw,fe773c48422346d89ea42b7ea8a90aa3034802874175ef2bfbcd9fbedf677903,"{""distance"":7,""physical_error_rate"":0.001}","{""detection_events"":217381,""detectors_checked"":44384256,""obs_mistake_mask=E"":1}"
     32768,         0,         0,    63.8,exact_mw,fe773c48422346d89ea42b7ea8a90aa3034802874175ef2bfbcd9fbedf677903,"{""distance"":7,""physical_error_rate"":0.001}","{""detection_events"":97389,""detectors_checked"":19726336}"
     76800,         1,         0,    63.1,exact_mw,fe773c48422346d89ea42b7ea8a90aa3034802874175ef2bfbcd9fbedf677903,"{""distance"":7,""physical_error_rate"":0.001}","{""detection_events"":225199,""detectors_checked"":46233600,""obs_mistake_mask=E"":1}"
     72192,         2,         0,    63.8,exact_mw,fe773c48422346d89ea42b7ea8a90aa3034802874175ef2bfbcd9fbedf677903,"{""distance"":7,""physical_error_rate"":0.001}","{""detection_events"":212022,""detectors_checked"":43459584,""obs_mistake_mask=E"":2}"
     80896,         1,         0,    63.8,exact_mw,fe773c48422346d89ea42b7ea8a90aa3034802874175ef2bfbcd9fbedf677903,"{""distance"":7,""physical_error_rate"":0.001}","{""detection_events"":239053,""detectors_checked"":48699392,""obs_mistake_mask=E"":1}"
     25728,         1,         0,    63.0,exact_mw,fe773c48422346d89ea42b7ea8a90aa3034802874175ef2bfbcd9fbedf677903,"{""distance"":7,""physical_error_rate"":0.001}","{""detection_events"":76066,""detectors_checked"":15488256,""obs_mistake_mask=E"":1}"
    142336,         3,         0,   120.5,exact_mw,fe773c48422346d89ea42b7ea8a90aa3034802874175ef2bfbcd9fbedf677903,"{""distance"":7,""physical_error_rate"":0.001}","{""detection_events"":421008,""detectors_checked"":85686272,""obs_mistake_mask=E"":3}"
     78848,         2,         0,    63.7,exact_mw,fe773c48422346d89ea42b7ea8a90aa3034802874175ef2bfbcd9fbedf677903,"{""distance"":7,""physical_error_rate"":0.001}","{""detection_events"":233064,""detectors_checked"":47466496,""obs_mistake_mask=E"":2}"
     37760,         1,         0,   120.5,exact_mw,fe773c48422346d89ea42b7ea8a90aa3034802874175ef2bfbcd9fbedf677903,"{""distance"":7,""physical_error_rate"":0.001}","{""detection_events"":111209,""detectors_checked"":22731520,""obs_mistake_mask=E"":1}"
    824320,         8,         0,   120.0,exact_mw,09f626b7d1c8765fd231bc36902f9c5557d3909c4644565b971bdb2bfb186061,"{""distance"":7,""physical_error_rate"":0.0005}","{""detection_events"":1220052,""detectors_checked"":496240640,""obs_mistake_mask=E"":8}"
    673536,         3,         0,   120.0,exact_mw,09f626b7d1c8765fd231bc36902f9c5557d3909c4644565b971bdb2bfb186061,"{""distance"":7,""physical_error_rate"":0.0005}","{""detection_events"":995569,""detectors_checked"":405468672,""obs_mistake_mask=E"":3}"
     19584,         0,         0,    64.0,exact_mw,fe773c48422346d89ea42b7ea8a90aa3034802874175ef2bfbcd9fbedf677903,"{""distance"":7,""physical_error_rate"":0.001}","{""detection_events"":58109,""detectors_checked"":11789568}"
    141312,         1,         0,   120.4,exact_mw,fe773c48422346d89ea42b7ea8a90aa3034802874175ef2bfbcd9fbedf677903,"{""distance"":7,""physical_error_rate"":0.001}","{""detection_events"":418489,""detectors_checked"":85069824,""obs_mistake_mask=E"":1}"
    759808,         4,         0,   120.0,exact_mw,09f626b7d1c8765fd231bc36902f9c5557d3909c4644565b971bdb2bfb186061,"{""distance"":7,""physical_error_rate"":0.0005}","{""detection_events"":1124353,""detectors_checked"":457404416,""obs_mistake_mask=E"":4}"
    503808,         1,         0,   120.1,exact_mw,09f626b7d1c8765fd231bc36902f9c5557d3909c4644565b971bdb2bfb186061,"{""distance"":7,""physical_error_rate"":0.0005}","{""detection_events"":749501,""detectors_checked"":303292416,""obs_mistake_mask=E"":1}"
    774144,         2,         0,   119.9,exact_mw,09f626b7d1c8765fd231bc36902f9c5557d3909c4644565b971bdb2bfb186061,"{""distance"":7,""physical_error_rate"":0.0005}","{""detection_events"":1146866,""detectors_checked"":466034688,""obs_mistake_mask=E"":2}"
    585728,         1,         0,    88.1,exact_mw,09f626b7d1c8765fd231bc36902f9c5557d3909c4644565b971bdb2bfb186061,"{""distance"":7,""physical_error_rate"":0.0005}","{""detection_events"":868211,""detectors_checked"":352608256,""obs_mistake_mask=E"":1}"
    598016,         2,         0,    88.1,exact_mw,09f626b7d1c8765fd231bc36902f9c5557d3909c4644565b971bdb2bfb186061,"{""distance"":7,""physical_error_rate"":0.0005}","{""detection_events"":884046,""detectors_checked"":360005632,""obs_mistake_mask=E"":2}"
    558080,         0,         0,    88.1,exact_mw,09f626b7d1c8765fd231bc36902f9c5557d3909c4644565b971bdb2bfb186061,"{""distance"":7,""physical_error_rate"":0.0005}","{""detection_events"":828706,""detectors_checked"":335964160}"
    141824,         2,         0,   120.2,exact_mw,fe773c48422346d89ea42b7ea8a90aa3034802874175ef2bfbcd9fbedf677903,"{""distance"":7,""physical_error_rate"":0.001}","{""detection_events"":415830,""detectors_checked"":85378048,""obs_mistake_mask=E"":2}"
     72448,         0,         0,    63.4,exact_mw,09f626b7d1c8765fd231bc36902f9c5557d3909c4644565b971bdb2bfb186061,"{""distance"":7,""physical_error_rate"":0.0005}","{""detection_events"":107639,""detectors_checked"":43613696}"
    144896,         3,         0,   120.2,exact_mw,fe773c48422346d89ea42b7ea8a90aa3034802874175ef2bfbcd9fbedf677903,"{""distance"":7,""physical_error_rate"":0.001}","{""detection_events"":426680,""detectors_checked"":87227392,""obs_mistake_mask=E"":3}"
    104960,         3,         0,    88.6,exact_mw,fe773c48422346d89ea42b7ea8a90aa3034802874175ef2bfbcd9fbedf677903,"{""distance"":7,""physical_error_rate"":0.001}","{""detection_events"":309793,""detectors_checked"":63185920,""obs_mistake_mask=E"":3}"
     79552,         1,         0,    88.3,exact_mw,fe773c48422346d89ea42b7ea8a90aa3034802874175ef2bfbcd9fbedf677903,"{""distance"":7,""physical_error_rate"":0.001}","{""detection_events"":233506,""detectors_checked"":47890304,""obs_mistake_mask=E"":1}"
    300032,         0,         0,    45.0,exact_mw,09f626b7d1c8765fd231bc36902f9c5557d3909c4644565b971bdb2bfb186061,"{""distance"":7,""physical_error_rate"":0.0005}","{""detection_events"":443462,""detectors_checked"":180619264}"
    145920,         3,         0,   120.2,exact_mw,fe773c48422346d89ea42b7ea8a90aa3034802874175ef2bfbcd9fbedf677903,"{""distance"":7,""physical_error_rate"":0.001}","{""detection_events"":431564,""detectors_checked"":87843840,""obs_mistake_mask=E"":3}"
    108544,         4,         0,    88.6,exact_mw,fe773c48422346d89ea42b7ea8a90aa3034802874175ef2bfbcd9fbedf677903,"{""distance"":7,""physical_error_rate"":0.001}","{""detection_events"":320897,""detectors_checked"":65343488,""obs_mistake_mask=E"":4}"
     68096,         0,         0,    63.3,exact_mw,09f626b7d1c8765fd231bc36902f9c5557d3909c4644565b971bdb2bfb186061,"{""distance"":7,""physical_error_rate"":0.0005}","{""detection_events"":100782,""detectors_checked"":40993792}"
     75904,         3,         0,    88.3,exact_mw,fe773c48422346d89ea42b7ea8a90aa3034802874175ef2bfbcd9fbedf677903,"{""distance"":7,""physical_error_rate"":0.001}","{""detection_events"":225435,""detectors_checked"":45694208,""obs_mistake_mask=E"":3}"
    105472,         3,         0,    88.4,exact_mw,fe773c48422346d89ea42b7ea8a90aa3034802874175ef2bfbcd9fbedf677903,"{""distance"":7,""physical_error_rate"":0.001}","{""detection_events"":310274,""detectors_checked"":63494144,""obs_mistake_mask=E"":3}"
     10560,         0,         0,    63.0,exact_mw,fe773c48422346d89ea42b7ea8a90aa3034802874175ef2bfbcd9fbedf677903,"{""distance"":7,""physical_error_rate"":0.001}","{""detection_events"":30910,""detectors_checked"":6357120}"
    851968,         3,         0,   120.0,exact_mw,09f626b7d1c8765fd231bc36902f9c5557d3909c4644565b971bdb2bfb186061,"{""distance"":7,""physical_error_rate"":0.0005}","{""detection_events"":1263277,""detectors_checked"":512884736,""obs_mistake_mask=E"":3}"
    125504,         5,         0,   120.2,exact_mw,fe773c48422346d89ea42b7ea8a90aa3034802874175ef2bfbcd9fbedf677903,"{""distance"":7,""physical_error_rate"":0.001}","{""detection_events"":369288,""detectors_checked"":75553408,""obs_mistake_mask=E"":5}"
    785408,         1,         0,   119.9,exact_mw,09f626b7d1c8765fd231bc36902f9c5557d3909c4644565b971bdb2bfb186061,"{""distance"":7,""physical_error_rate"":0.0005}","{""detection_events"":1161404,""detectors_checked"":472815616,""obs_mistake_mask=E"":1}"
    804864,         3,         0,   120.1,exact_mw,09f626b7d1c8765fd231bc36902f9c5557d3909c4644565b971bdb2bfb186061,"{""distance"":7,""physical_error_rate"":0.0005}","{""detection_events"":1190023,""detectors_checked"":484528128,""obs_mistake_mask=E"":3}"
    143360,         2,         0,   120.7,exact_mw,fe773c48422346d89ea42b7ea8a90aa3034802874175ef2bfbcd9fbedf677903,"{""distance"":7,""physical_error_rate"":0.001}","{""detection_events"":424399,""detectors_checked"":86302720,""obs_mistake_mask=E"":2}"
    308736,         1,         0,   119.9,exact_mw,09f626b7d1c8765fd231bc36902f9c5557d3909c4644565b971bdb2bfb186061,"{""distance"":7,""physical_error_rate"":0.0005}","{""detection_events"":456354,""detectors_checked"":185859072,""obs_mistake_mask=E"":1}"
     30528,         0,         0,   120.0,exact_mw,fe773c48422346d89ea42b7ea8a90aa3034802874175ef2bfbcd9fbedf677903,"{""distance"":7,""physical_error_rate"":0.001}","{""detection_events"":90471,""detectors_checked"":18377856}"
    139776,         4,         0,   120.6,exact_mw,fe773c48422346d89ea42b7ea8a90aa3034802874175ef2bfbcd9fbedf677903,"{""distance"":7,""physical_error_rate"":0.001}","{""detection_events"":411777,""detectors_checked"":84145152,""obs_mistake_mask=E"":4}"
    136704,         2,         0,   120.3,exact_mw,fe773c48422346d89ea42b7ea8a90aa3034802874175ef2bfbcd9fbedf677903,"{""distance"":7,""physical_error_rate"":0.001}","{""detection_events"":404197,""detectors_checked"":82295808,""obs_mistake_mask=E"":2}"
    774144,         1,         0,   119.9,exact_mw,09f626b7d1c8765fd231bc36902f9c5557d3909c4644565b971bdb2bfb186061,"{""distance"":7,""physical_error_rate"":0.0005}","{""detection_events"":1150464,""detectors_checked"":466034688,""obs_mistake_mask=E"":1}"
    108032,         0,         0,    89.1,exact_mw,09f626b7d1c8765fd231bc36902f9c5557d3909c4644565b971bdb2bfb186061,"{""distance"":7,""physical_error_rate"":0.0005}","{""detection_events"":159536,""detectors_checked"":65035264}"
    567296,         1,         0,    88.1,exact_mw,09f626b7d1c8765fd231bc36902f9c5557d3909c4644565b971bdb2bfb186061,"{""distance"":7,""physical_error_rate"":0.0005}","{""detection_events"":840186,""detectors_checked"":341512192,""obs_mistake_mask=E"":1}"
    395264,         3,         0,    63.0,exact_mw,09f626b7d1c8765fd231bc36902f9c5557d3909c4644565b971bdb2bfb186061,"{""distance"":7,""physical_error_rate"":0.0005}","{""detection_events"":581832,""detectors_checked"":237948928,""obs_mistake_mask=E"":3}"
    593920,         0,         0,    88.4,exact_mw,09f626b7d1c8765fd231bc36902f9c5557d3909c4644565b971bdb2bfb186061,"{""distance"":7,""physical_error_rate"":0.0005}","{""detection_events"":875275,""detectors_checked"":357539840}"
    273408,         1,         0,    88.1,exact_mw,09f626b7d1c8765fd231bc36902f9c5557d3909c4644565b971bdb2bfb186061,"{""distance"":7,""physical_error_rate"":0.0005}","{""detection_events"":403500,""detectors_checked"":164591616,""obs_mistake_mask=E"":1}"
    553984,         2,         0,    88.3,exact_mw,09f626b7d1c8765fd231bc36902f9c5557d3909c4644565b971bdb2bfb186061,"{""distance"":7,""physical_error_rate"":0.0005}","{""detection_events"":818726,""detectors_checked"":333498368,""obs_mistake_mask=E"":2}"
    604160,         1,         0,    88.0,exact_mw,09f626b7d1c8765fd231bc36902f9c5557d3909c4644565b971bdb2bfb186061,"{""distance"":7,""physical_error_rate"":0.0005}","{""detection_events"":895206,""detectors_checked"":363704320,""obs_mistake_mask=E"":1}"
    162304,         0,         0,    88.6,exact_mw,09f626b7d1c8765fd231bc36902f9c5557d3909c4644565b971bdb2bfb186061,"{""distance"":7,""physical_error_rate"":0.0005}","{""detection_events"":240692,""detectors_checked"":97707008}"
    579584,         1,         0,    88.2,exact_mw,09f626b7d1c8765fd231bc36902f9c5557d3909c4644565b971bdb2bfb186061,"{""distance"":7,""physical_error_rate"":0.0005}","{""detection_events"":859056,""detectors_checked"":348909568,""obs_mistake_mask=E"":1}"
    280576,         1,         0,    88.1,exact_mw,09f626b7d1c8765fd231bc36902f9c5557d3909c4644565b971bdb2bfb186061,"{""distance"":7,""physical_error_rate"":0.0005}","{""detection_events"":413001,""detectors_checked"":168906752,""obs_mistake_mask=E"":1}"
    102400,         7,         0,    88.3,exact_mw,fe773c48422346d89ea42b7ea8a90aa3034802874175ef2bfbcd9fbedf677903,"{""distance"":7,""physical_error_rate"":0.001}","{""detection_events"":301355,""detectors_checked"":61644800,""obs_mistake_mask=E"":7}"
    581632,         2,         0,    88.2,exact_mw,09f626b7d1c8765fd231bc36902f9c5557d3909c4644565b971bdb2bfb186061,"{""distance"":7,""physical_error_rate"":0.0005}","{""detection_events"":862371,""detectors_checked"":350142464,""obs_mistake_mask=E"":2}"
     97792,         2,         0,    88.8,exact_mw,fe773c48422346d89ea42b7ea8a90aa3034802874175ef2bfbcd9fbedf677903,"{""distance"":7,""physical_error_rate"":0.001}","{""detection_events"":288278,""detectors_checked"":58870784,""obs_mistake_mask=E"":2}"
     57344,         1,         0,    88.8,exact_mw,fe773c48422346d89ea42b7ea8a90aa3034802874175ef2bfbcd9fbedf677903,"{""distance"":7,""physical_error_rate"":0.001}","{""detection_events"":168106,""detectors_checked"":34521088,""obs_mistake_mask=E"":1}"
     75072,         3,         0,    88.9,exact_mw,fe773c48422346d89ea42b7ea8a90aa3034802874175ef2bfbcd9fbedf677903,"{""distance"":7,""physical_error_rate"":0.001}","{""detection_events"":221381,""detectors_checked"":45193344,""obs_mistake_mask=E"":3}"
    103936,         2,         0,    88.7,exact_mw,fe773c48422346d89ea42b7ea8a90aa3034802874175ef2bfbcd9fbedf677903,"{""distance"":7,""physical_error_rate"":0.001}","{""detection_events"":306642,""detectors_checked"":62569472,""obs_mistake_mask=E"":2}"
     95232,         1,         0,    88.6,exact_mw,fe773c48422346d89ea42b7ea8a90aa3034802874175ef2bfbcd9fbedf677903,"{""distance"":7,""physical_error_rate"":0.001}","{""detection_events"":281292,""detectors_checked"":57329664,""obs_mistake_mask=E"":1}"
     53632,         0,         0,    88.4,exact_mw,fe773c48422346d89ea42b7ea8a90aa3034802874175ef2bfbcd9fbedf677903,"{""distance"":7,""physical_error_rate"":0.001}","{""detection_events"":157114,""detectors_checked"":32286464}"
     99328,         1,         0,    89.0,exact_mw,fe773c48422346d89ea42b7ea8a90aa3034802874175ef2bfbcd9fbedf677903,"{""distance"":7,""physical_error_rate"":0.001}","{""detection_events"":292446,""detectors_checked"":59795456,""obs_mistake_mask=E"":1}"
    104448,         6,         0,    88.8,exact_mw,fe773c48422346d89ea42b7ea8a90aa3034802874175ef2bfbcd9fbedf677903,"{""distance"":7,""physical_error_rate"":0.001}","{""detection_events"":309017,""detectors_checked"":62877696,""obs_mistake_mask=E"":6}"
    145920,         2,         0,   120.8,exact_mw,fe773c48422346d89ea42b7ea8a90aa3034802874175ef2bfbcd9fbedf677903,"{""distance"":7,""physical_error_rate"":0.001}","{""detection_events"":428732,""detectors_checked"":87843840,""obs_mistake_mask=E"":2}"
     20992,         0,         0,    88.2,exact_mw,fe773c48422346d89ea42b7ea8a90aa3034802874175ef2bfbcd9fbedf677903,"{""distance"":7,""physical_error_rate"":0.001}","{""detection_events"":62384,""detectors_checked"":12637184}"
     30912,         2,         0,   120.1,exact_mw,fe773c48422346d89ea42b7ea8a90aa3034802874175ef2bfbcd9fbedf677903,"{""distance"":7,""physical_error_rate"":0.001}","{""detection_events"":91610,""detectors_checked"":18609024,""obs_mistake_mask=E"":2}"
    130048,         2,         0,   120.0,exact_mw,fe773c48422346d89ea42b7ea8a90aa3034802874175ef2bfbcd9fbedf677903,"{""distance"":7,""physical_error_rate"":0.001}","{""detection_events"":382213,""detectors_checked"":78288896,""obs_mistake_mask=E"":2}"
    129536,         2,         0,    88.3,exact_mw,09f626b7d1c8765fd231bc36902f9c5557d3909c4644565b971bdb2bfb186061,"{""distance"":7,""physical_error_rate"":0.0005}","{""detection_events"":191754,""detectors_checked"":77980672,""obs_mistake_mask=E"":2}"
    837632,         1,         0,   119.9,exact_mw,09f626b7d1c8765fd231bc36902f9c5557d3909c4644565b971bdb2bfb186061,"{""distance"":7,""physical_error_rate"":0.0005}","{""detection_events"":1238710,""detectors_checked"":504254464,""obs_mistake_mask=E"":1}"
    782336,         1,         0,   120.0,exact_mw,09f626b7d1c8765fd231bc36902f9c5557d3909c4644565b971bdb2bfb186061,"{""distance"":7,""physical_error_rate"":0.0005}","{""detection_events"":1156551,""detectors_checked"":470966272,""obs_mistake_mask=E"":1}"
    350720,         1,         0,    88.1,exact_mw,09f626b7d1c8765fd231bc36902f9c5557d3909c4644565b971bdb2bfb186061,"{""distance"":7,""physical_error_rate"":0.0005}","{""detection_events"":519940,""detectors_checked"":211133440,""obs_mistake_mask=E"":1}"
    135680,         3,         0,   120.1,exact_mw,fe773c48422346d89ea42b7ea8a90aa3034802874175ef2bfbcd9fbedf677903,"{""distance"":7,""physical_error_rate"":0.001}","{""detection_events"":400948,""detectors_checked"":81679360,""obs_mistake_mask=E"":3}"
    763904,         4,         0,   119.9,exact_mw,09f626b7d1c8765fd231bc36902f9c5557d3909c4644565b971bdb2bfb186061,"{""distance"":7,""physical_error_rate"":0.0005}","{""detection_events"":1129827,""detectors_checked"":459870208,""obs_mistake_mask=E"":4}"
    842752,         3,         0,   119.9,exact_mw,09f626b7d1c8765fd231bc36902f9c5557d3909c4644565b971bdb2bfb186061,"{""distance"":7,""physical_error_rate"":0.0005}","{""detection_events"":1249974,""detectors_checked"":507336704,""obs_mistake_mask=E"":3}"
     88576,         4,         0,   121.0,exact_mw,fe773c48422346d89ea42b7ea8a90aa3034802874175ef2bfbcd9fbedf677903,"{""distance"":7,""physical_error_rate"":0.001}","{""detection_events"":260581,""detectors_checked"":53322752,""obs_mistake_mask=E"":4}"
    741376,         3,         0,   120.2,exact_mw,09f626b7d1c8765fd231bc36902f9c5557d3909c4644565b971bdb2bfb186061,"{""distance"":7,""physical_error_rate"":0.0005}","{""detection_events"":1097514,""detectors_checked"":446308352,""obs_mistake_mask=E"":3}"
     75904,         0,         0,    88.3,exact_mw,fe773c48422346d89ea42b7ea8a90aa3034802874175ef2bfbcd9fbedf677903,"{""distance"":7,""physical_error_rate"":0.001}","{""detection_events"":224750,""detectors_checked"":45694208}"
    802816,         8,         0,   120.0,exact_mw,09f626b7d1c8765fd231bc36902f9c5557d3909c4644565b971bdb2bfb186061,"{""distance"":7,""physical_error_rate"":0.0005}","{""detection_events"":1188043,""detectors_checked"":483295232,""obs_mistake_mask=E"":8}"
    142848,         0,         0,   120.1,exact_mw,fe773c48422346d89ea42b7ea8a90aa3034802874175ef2bfbcd9fbedf677903,"{""distance"":7,""physical_error_rate"":0.001}","{""detection_events"":420810,""detectors_checked"":85994496}"
     29312,         0,         0,   120.0,exact_mw,fe773c48422346d89ea42b7ea8a90aa3034802874175ef2bfbcd9fbedf677903,"{""distance"":7,""physical_error_rate"":0.001}","{""detection_events"":86352,""detectors_checked"":17645824}"
    791552,         3,         0,   119.9,exact_mw,09f626b7d1c8765fd231bc36902f9c5557d3909c4644565b971bdb2bfb186061,"{""distance"":7,""physical_error_rate"":0.0005}","{""detection_events"":1174706,""detectors_checked"":476514304,""obs_mistake_mask=E"":3}"
    754688,         5,         0,   119.9,exact_mw,09f626b7d1c8765fd231bc36902f9c5557d3909c4644565b971bdb2bfb186061,"{""distance"":7,""physical_error_rate"":0.0005}","{""detection_events"":1113195,""detectors_checked"":454322176,""obs_mistake_mask=E"":5}"
    130560,         2,         0,   120.3,exact_mw,fe773c48422346d89ea42b7ea8a90aa3034802874175ef2bfbcd9fbedf677903,"{""distance"":7,""physical_error_rate"":0.001}","{""detection_events"":384967,""detectors_checked"":78597120,""obs_mistake_mask=E"":2}"
    368640,         0,         0,   121.1,exact_mw,09f626b7d1c8765fd231bc36902f9c5557d3909c4644565b971bdb2bfb186061,"{""distance"":7,""physical_error_rate"":0.0005}","{""detection_events"":547858,""detectors_checked"":221921280}"
    540160,         3,         0,   120.0,exact_mw,09f626b7d1c8765fd231bc36902f9c5557d3909c4644565b971bdb2bfb186061,"{""distance"":7,""physical_error_rate"":0.0005}","{""detection_events"":800257,""detectors_checked"":325176320,""obs_mistake_mask=E"":3}"
    771072,         4,         0,   120.0,exact_mw,09f626b7d1c8765fd231bc36902f9c5557d3909c4644565b971bdb2bfb186061,"{""distance"":7,""physical_error_rate"":0.0005}","{""detection_events"":1139027,""detectors_checked"":464185344,""obs_mistake_mask=E"":4}"
    830464,         1,         0,   120.0,exact_mw,09f626b7d1c8765fd231bc36902f9c5557d3909c4644565b971bdb2bfb186061,"{""distance"":7,""physical_error_rate"":0.0005}","{""detection_events"":1225500,""detectors_checked"":499939328,""obs_mistake_mask=E"":1}"
    632832,         5,         0,   119.9,exact_mw,09f626b7d1c8765fd231bc36902f9c5557d3909c4644565b971bdb2bfb186061,"{""distance"":7,""physical_error_rate"":0.0005}","{""detection_events"":935609,""detectors_checked"":380964864,""obs_mistake_mask=E"":5}"
    720896,         2,         0,   119.9,exact_mw,09f626b7d1c8765fd231bc36902f9c5557d3909c4644565b971bdb2bfb186061,"{""distance"":7,""physical_error_rate"":0.0005}","{""detection_events"":1066729,""detectors_checked"":433979392,""obs_mistake_mask=E"":2}"
    142336,         3,         0,   120.6,exact_mw,fe773c48422346d89ea42b7ea8a90aa3034802874175ef2bfbcd9fbedf677903,"{""distance"":7,""physical_error_rate"":0.001}","{""detection_events"":419987,""detectors_checked"":85686272,""obs_mistake_mask=E"":3}"
    128512,         2,         0,   120.3,exact_mw,fe773c48422346d89ea42b7ea8a90aa3034802874175ef2bfbcd9fbedf677903,"{""distance"":7,""physical_error_rate"":0.001}","{""detection_events"":378473,""detectors_checked"":77364224,""obs_mistake_mask=E"":2}"
    144384,         2,         0,   120.3,exact_mw,fe773c48422346d89ea42b7ea8a90aa3034802874175ef2bfbcd9fbedf677903,"{""distance"":7,""physical_error_rate"":0.001}","{""detection_events"":424758,""detectors_checked"":86919168,""obs_mistake_mask=E"":2}"
    144896,         2,         0,   120.3,exact_mw,fe773c48422346d89ea42b7ea8a90aa3034802874175ef2bfbcd9fbedf677903,"{""distance"":7,""physical_error_rate"":0.001}","{""detection_events"":424456,""detectors_checked"":87227392,""obs_mistake_mask=E"":2}"
    128512,         1,         0,   120.3,exact_mw,fe773c48422346d89ea42b7ea8a90aa3034802874175ef2bfbcd9fbedf677903,"{""distance"":7,""physical_error_rate"":0.001}","{""detection_events"":382599,""detectors_checked"":77364224,""obs_mistake_mask=E"":1}"
    143872,         4,         0,   120.4,exact_mw,fe773c48422346d89ea42b7ea8a90aa3034802874175ef2bfbcd9fbedf677903,"{""distance"":7,""physical_error_rate"":0.001}","{""detection_events"":425109,""detectors_checked"":86610944,""obs_mistake_mask=E"":4}"
    143872,         5,         0,   120.8,exact_mw,fe773c48422346d89ea42b7ea8a90aa3034802874175ef2bfbcd9fbedf677903,"{""distance"":7,""physical_error_rate"":0.001}","{""detection_events"":424707,""detectors_checked"":86610944,""obs_mistake_mask=E"":5}"
    108672,         5,         0,   120.1,exact_mw,fe773c48422346d89ea42b7ea8a90aa3034802874175ef2bfbcd9fbedf677903,"{""distance"":7,""physical_error_rate"":0.001}","{""detection_events"":320901,""detectors_checked"":65420544,""obs_mistake_mask=E"":5}"
    538624,         2,         0,    88.2,exact_mw,09f626b7d1c8765fd231bc36902f9c5557d3909c4644565b971bdb2bfb186061,"{""distance"":7,""physical_error_rate"":0.0005}","{""detection_events"":796798,""detectors_checked"":324251648,""obs_mistake_mask=E"":2}"
    813056,         1,         0,   120.0,exact_mw,09f626b7d1c8765fd231bc36902f9c5557d3909c4644565b971bdb2bfb186061,"{""distance"":7,""physical_error_rate"":0.0005}","{""detection_events"":1203516,""detectors_checked"":489459712,""obs_mistake_mask=E"":1}"
    120064,         1,         0,   120.2,exact_mw,fe773c48422346d89ea42b7ea8a90aa3034802874175ef2bfbcd9fbedf677903,"{""distance"":7,""physical_error_rate"":0.001}","{""detection_events"":355195,""detectors_checked"":72278528,""obs_mistake_mask=E"":1}"
    787456,         2,         0,   119.8,exact_mw,09f626b7d1c8765fd231bc36902f9c5557d3909c4644565b971bdb2bfb186061,"{""distance"":7,""physical_error_rate"":0.0005}","{""detection_events"":1163680,""detectors_checked"":474048512,""obs_mistake_mask=E"":2}"
    563200,         4,         0,   120.3,exact_mw,09f626b7d1c8765fd231bc36902f9c5557d3909c4644565b971bdb2bfb186061,"{""distance"":7,""physical_error_rate"":0.0005}","{""detection_events"":832936,""detectors_checked"":339046400,""obs_mistake_mask=E"":4}"
    128512,         3,         0,   120.6,exact_mw,fe773c48422346d89ea42b7ea8a90aa3034802874175ef2bfbcd9fbedf677903,"{""distance"":7,""physical_error_rate"":0.001}","{""detection_events"":379056,""detectors_checked"":77364224,""obs_mistake_mask=E"":3}"
    689152,         1,         0,   120.0,exact_mw,09f626b7d1c8765fd231bc36902f9c5557d3909c4644565b971bdb2bfb186061,"{""distance"":7,""physical_error_rate"":0.0005}","{""detection_events"":1017251,""detectors_checked"":414869504,""obs_mistake_mask=E"":1}"
     65088,         1,         0,   120.0,exact_mw,fe773c48422346d89ea42b7ea8a90aa3034802874175ef2bfbcd9fbedf677903,"{""distance"":7,""physical_error_rate"":0.001}","{""detection_events"":192373,""detectors_checked"":39182976,""obs_mistake_mask=E"":1}"
     96128,         5,         0,   120.4,exact_mw,fe773c48422346d89ea42b7ea8a90aa3034802874175ef2bfbcd9fbedf677903,"{""distance"":7,""physical_error_rate"":0.001}","{""detection_events"":285841,""detectors_checked"":57869056,""obs_mistake_mask=E"":5}"
    805888,         2,         0,   119.9,exact_mw,09f626b7d1c8765fd231bc36902f9c5557d3909c4644565b971bdb2bfb186061,"{""distance"":7,""physical_error_rate"":0.0005}","{""detection_events"":1190794,""detectors_checked"":485144576,""obs_mistake_mask=E"":2}"
    473600,         0,         0,   120.0,exact_mw,09f626b7d1c8765fd231bc36902f9c5557d3909c4644565b971bdb2bfb186061,"{""distance"":7,""physical_error_rate"":0.0005}","{""detection_events"":702017,""detectors_checked"":285107200}"
    126464,         2,         0,   120.7,exact_mw,fe773c48422346d89ea42b7ea8a90aa3034802874175ef2bfbcd9fbedf677903,"{""distance"":7,""physical_error_rate"":0.001}","{""detection_events"":371600,""detectors_checked"":76131328,""obs_mistake_mask=E"":2}"
    743424,         4,         0,   119.9,exact_mw,09f626b7d1c8765fd231bc36902f9c5557d3909c4644565b971bdb2bfb186061,"{""distance"":7,""physical_error_rate"":0.0005}","{""detection_events"":1101821,""detectors_checked"":447541248,""obs_mistake_mask=E"":4}"
    751616,         3,         0,   119.9,exact_mw,09f626b7d1c8765fd231bc36902f9c5557d3909c4644565b971bdb2bfb186061,"{""distance"":7,""physical_error_rate"":0.0005}","{""detection_events"":1113342,""detectors_checked"":452472832,""obs_mistake_mask=E"":3}"
    794624,         0,         0,   119.9,exact_mw,09f626b7d1c8765fd231bc36902f9c5557d3909c4644565b971bdb2bfb186061,"{""distance"":7,""physical_error_rate"":0.0005}","{""detection_events"":1176229,""detectors_checked"":478363648}"
    821248,         1,         0,   119.9,exact_mw,09f626b7d1c8765fd231bc36902f9c5557d3909c4644565b971bdb2bfb186061,"{""distance"":7,""physical_error_rate"":0.0005}","{""detection_events"":1214530,""detectors_checked"":494391296,""obs_mistake_mask=E"":1}"
    482304,         0,         0,   120.8,exact_mw,09f626b7d1c8765fd231bc36902f9c5557d3909c4644565b971bdb2bfb186061,"{""distance"":7,""physical_error_rate"":0.0005}","{""detection_events"":714974,""detectors_checked"":290347008}"
    223232,         2,         0,   120.1,exact_mw,09f626b7d1c8765fd231bc36902f9c5557d3909c4644565b971bdb2bfb186061,"{""distance"":7,""physical_error_rate"":0.0005}","{""detection_events"":327911,""detectors_checked"":134385664,""obs_mistake_mask=E"":2}"
    784384,         3,         0,   119.8,exact_mw,09f626b7d1c8765fd231bc36902f9c5557d3909c4644565b971bdb2bfb186061,"{""distance"":7,""physical_error_rate"":0.0005}","{""detection_events"":1160708,""detectors_checked"":472199168,""obs_mistake_mask=E"":3}"
    777216,         3,         0,   120.0,exact_mw,09f626b7d1c8765fd231bc36902f9c5557d3909c4644565b971bdb2bfb186061,"{""distance"":7,""physical_error_rate"":0.0005}","{""detection_events"":1150586,""detectors_checked"":467884032,""obs_mistake_mask=E"":3}"
    145408,         2,         0,   120.1,exact_mw,fe773c48422346d89ea42b7ea8a90aa3034802874175ef2bfbcd9fbedf677903,"{""distance"":7,""physical_error_rate"":0.001}","{""detection_events"":429946,""detectors_checked"":87535616,""obs_mistake_mask=E"":2}"
    818176,         1,         0,   119.8,exact_mw,09f626b7d1c8765fd231bc36902f9c5557d3909c4644565b971bdb2bfb186061,"{""distance"":7,""physical_error_rate"":0.0005}","{""detection_events"":1206470,""detectors_checked"":492541952,""obs_mistake_mask=E"":1}"
    139776,         2,         0,   120.6,exact_mw,fe773c48422346d89ea42b7ea8a90aa3034802874175ef2bfbcd9fbedf677903,"{""distance"":7,""physical_error_rate"":0.001}","{""detection_events"":408363,""detectors_checked"":84145152,""obs_mistake_mask=E"":2}"
    126976,         2,         0,   120.2,exact_mw,fe773c48422346d89ea42b7ea8a90aa3034802874175ef2bfbcd9fbedf677903,"{""distance"":7,""physical_error_rate"":0.001}","{""detection_events"":375025,""detectors_checked"":76439552,""obs_mistake_mask=E"":2}"
    116224,         3,         0,   120.2,exact_mw,fe773c48422346d89ea42b7ea8a90aa3034802874175ef2bfbcd9fbedf677903,"{""distance"":7,""physical_error_rate"":0.001}","{""detection_events"":344429,""detectors_checked"":69966848,""obs_mistake_mask=E"":3}"
     75008,         0,         0,   121.0,exact_mw,fe773c48422346d89ea42b7ea8a90aa3034802874175ef2bfbcd9fbedf677903,"{""distance"":7,""physical_error_rate"":0.001}","{""detection_events"":221046,""detectors_checked"":45154816}"
     66688,         1,         0,   120.0,exact_mw,fe773c48422346d89ea42b7ea8a90aa3034802874175ef2bfbcd9fbedf677903,"{""distance"":7,""physical_error_rate"":0.001}","{""detection_events"":197531,""detectors_checked"":40146176,""obs_mistake_mask=E"":1}"
    125440,         2,         0,   120.8,exact_mw,fe773c48422346d89ea42b7ea8a90aa3034802874175ef2bfbcd9fbedf677903,"{""distance"":7,""physical_error_rate"":0.001}","{""detection_events"":371101,""detectors_checked"":75514880,""obs_mistake_mask=E"":2}"
    139264,         1,         0,   120.2,exact_mw,fe773c48422346d89ea42b7ea8a90aa3034802874175ef2bfbcd9fbedf677903,"{""distance"":7,""physical_error_rate"":0.001}","{""detection_events"":411138,""detectors_checked"":83836928,""obs_mistake_mask=E"":1}"
    138752,         2,         0,   120.5,exact_mw,fe773c48422346d89ea42b7ea8a90aa3034802874175ef2bfbcd9fbedf677903,"{""distance"":7,""physical_error_rate"":0.001}","{""detection_events"":407538,""detectors_checked"":83528704,""obs_mistake_mask=E"":2}"
    146432,         4,         0,   120.5,exact_mw,fe773c48422346d89ea42b7ea8a90aa3034802874175ef2bfbcd9fbedf677903,"{""distance"":7,""physical_error_rate"":0.001}","{""detection_events"":432508,""detectors_checked"":88152064,""obs_mistake_mask=E"":4}"
     34944,         0,         0,   119.8,exact_mw,fe773c48422346d89ea42b7ea8a90aa3034802874175ef2bfbcd9fbedf677903,"{""distance"":7,""physical_error_rate"":0.001}","{""detection_events"":102122,""detectors_checked"":21036288}"
     89792,         1,         0,   120.3,exact_mw,fe773c48422346d89ea42b7ea8a90aa3034802874175ef2bfbcd9fbedf677903,"{""distance"":7,""physical_error_rate"":0.001}","{""detection_events"":265233,""detectors_checked"":54054784,""obs_mistake_mask=E"":1}"
    114688,         5,         0,   120.3,exact_mw,fe773c48422346d89ea42b7ea8a90aa3034802874175ef2bfbcd9fbedf677903,"{""distance"":7,""physical_error_rate"":0.001}","{""detection_events"":338273,""detectors_checked"":69042176,""obs_mistake_mask=E"":5}"
    204800,         1,         0,   120.1,exact_mw,09f626b7d1c8765fd231bc36902f9c5557d3909c4644565b971bdb2bfb186061,"{""distance"":7,""physical_error_rate"":0.0005}","{""detection_events"":304964,""detectors_checked"":123289600,""obs_mistake_mask=E"":1}"
    761856,         0,         0,   119.8,exact_mw,09f626b7d1c8765fd231bc36902f9c5557d3909c4644565b971bdb2bfb186061,"{""distance"":7,""physical_error_rate"":0.0005}","{""detection_events"":1128652,""detectors_checked"":458637312}"
    692224,         1,         0,   120.0,exact_mw,09f626b7d1c8765fd231bc36902f9c5557d3909c4644565b971bdb2bfb186061,"{""distance"":7,""physical_error_rate"":0.0005}","{""detection_events"":1022730,""detectors_checked"":416718848,""obs_mistake_mask=E"":1}"
    751616,         3,         0,   120.0,exact_mw,09f626b7d1c8765fd231bc36902f9c5557d3909c4644565b971bdb2bfb186061,"{""distance"":7,""physical_error_rate"":0.0005}","{""detection_events"":1109639,""detectors_checked"":452472832,""obs_mistake_mask=E"":3}"
    675840,         1,         0,   120.0,exact_mw,09f626b7d1c8765fd231bc36902f9c5557d3909c4644565b971bdb2bfb186061,"{""distance"":7,""physical_error_rate"":0.0005}","{""detection_events"":997440,""detectors_checked"":406855680,""obs_mistake_mask=E"":1}"
    144384,         2,         0,   120.7,exact_mw,fe773c48422346d89ea42b7ea8a90aa3034802874175ef2bfbcd9fbedf677903,"{""distance"":7,""physical_error_rate"":0.001}","{""detection_events"":426976,""detectors_checked"":86919168,""obs_mistake_mask=E"":2}"
    820224,         3,         0,   119.9,exact_mw,09f626b7d1c8765fd231bc36902f9c5557d3909c4644565b971bdb2bfb186061,"{""distance"":7,""physical_error_rate"":0.0005}","{""detection_events"":1215508,""detectors_checked"":493774848,""obs_mistake_mask=E"":3}"
    119488,         1,         0,   120.3,exact_mw,fe773c48422346d89ea42b7ea8a90aa3034802874175ef2bfbcd9fbedf677903,"{""distance"":7,""physical_error_rate"":0.001}","{""detection_events"":351494,""detectors_checked"":71931776,""obs_mistake_mask=E"":1}"
    189440,         0,         0,   120.2,exact_mw,09f626b7d1c8765fd231bc36902f9c5557d3909c4644565b971bdb2bfb186061,"{""distance"":7,""physical_error_rate"":0.0005}","{""detection_events"":280170,""detectors_checked"":114042880}"
    846848,         1,         0,   119.9,exact_mw,09f626b7d1c8765fd231bc36902f9c5557d3909c4644565b971bdb2bfb186061,"{""distance"":7,""physical_error_rate"":0.0005}","{""detection_events"":1253867,""detectors_checked"":509802496,""obs_mistake_mask=E"":1}"
     99968,         2,         0,   120.1,exact_mw,fe773c48422346d89ea42b7ea8a90aa3034802874175ef2bfbcd9fbedf677903,"{""distance"":7,""physical_error_rate"":0.001}","{""detection_events"":294836,""detectors_checked"":60180736,""obs_mistake_mask=E"":2}"
    148480,         5,         0,   120.2,exact_mw,fe773c48422346d89ea42b7ea8a90aa3034802874175ef2bfbcd9fbedf677903,"{""distance"":7,""physical_error_rate"":0.001}","{""detection_events"":436068,""detectors_checked"":89384960,""obs_mistake_mask=E"":5}"
    114432,         2,         0,   120.3,exact_mw,fe773c48422346d89ea42b7ea8a90aa3034802874175ef2bfbcd9fbedf677903,"{""distance"":7,""physical_error_rate"":0.001}","{""detection_events"":338089,""detectors_checked"":68888064,""obs_mistake_mask=E"":2}"
    747520,         3,         0,   119.9,exact_mw,09f626b7d1c8765fd231bc36902f9c5557d3909c4644565b971bdb2bfb186061,"{""distance"":7,""physical_error_rate"":0.0005}","{""detection_events"":1107445,""detectors_checked"":450007040,""obs_mistake_mask=E"":3}"
    292352,         1,         0,   119.9,exact_mw,09f626b7d1c8765fd231bc36902f9c5557d3909c4644565b971bdb2bfb186061,"{""distance"":7,""physical_error_rate"":0.0005}","{""detection_events"":434125,""detectors_checked"":175995904,""obs_mistake_mask=E"":1}"
    116224,         1,         0,   120.2,exact_mw,fe773c48422346d89ea42b7ea8a90aa3034802874175ef2bfbcd9fbedf677903,"{""distance"":7,""physical_error_rate"":0.001}","{""detection_events"":342103,""detectors_checked"":69966848,""obs_mistake_mask=E"":1}"
    783360,         2,         0,   119.9,exact_mw,09f626b7d1c8765fd231bc36902f9c5557d3909c4644565b971bdb2bfb186061,"{""distance"":7,""physical_error_rate"":0.0005}","{""detection_events"":1160065,""detectors_checked"":471582720,""obs_mistake_mask=E"":2}"
    779264,         2,         0,   119.8,exact_mw,09f626b7d1c8765fd231bc36902f9c5557d3909c4644565b971bdb2bfb186061,"{""distance"":7,""physical_error_rate"":0.0005}","{""detection_events"":1155681,""detectors_checked"":469116928,""obs_mistake_mask=E"":2}"
    625152,         2,         0,   120.7,exact_mw,09f626b7d1c8765fd231bc36902f9c5557d3909c4644565b971bdb2bfb186061,"{""distance"":7,""physical_error_rate"":0.0005}","{""detection_events"":927302,""detectors_checked"":376341504,""obs_mistake_mask=E"":2}"
    838656,         1,         0,   120.0,exact_mw,09f626b7d1c8765fd231bc36902f9c5557d3909c4644565b971bdb2bfb186061,"{""distance"":7,""physical_error_rate"":0.0005}","{""detection_events"":1244413,""detectors_checked"":504870912,""obs_mistake_mask=E"":1}"
    417280,         0,         0,   120.1,exact_mw,09f626b7d1c8765fd231bc36902f9c5557d3909c4644565b971bdb2bfb186061,"{""distance"":7,""physical_error_rate"":0.0005}","{""detection_events"":613683,""detectors_checked"":251202560}"
    279040,         3,         0,   119.9,exact_mw,09f626b7d1c8765fd231bc36902f9c5557d3909c4644565b971bdb2bfb186061,"{""distance"":7,""physical_error_rate"":0.0005}","{""detection_events"":411991,""detectors_checked"":167982080,""obs_mistake_mask=E"":3}"
    142336,         2,         0,   120.6,exact_mw,fe773c48422346d89ea42b7ea8a90aa3034802874175ef2bfbcd9fbedf677903,"{""distance"":7,""physical_error_rate"":0.001}","{""detection_events"":421447,""detectors_checked"":85686272,""obs_mistake_mask=E"":2}"
    120832,         1,         0,   120.0,exact_mw,fe773c48422346d89ea42b7ea8a90aa3034802874175ef2bfbcd9fbedf677903,"{""distance"":7,""physical_error_rate"":0.001}","{""detection_events"":358292,""detectors_checked"":72740864,""obs_mistake_mask=E"":1}"
    144384,         3,         0,   120.3,exact_mw,fe773c48422346d89ea42b7ea8a90aa3034802874175ef2bfbcd9fbedf677903,"{""distance"":7,""physical_error_rate"":0.001}","{""detection_events"":427934,""detectors_checked"":86919168,""obs_mistake_mask=E"":3}"
    116224,         4,         0,   120.4,exact_mw,fe773c48422346d89ea42b7ea8a90aa3034802874175ef2bfbcd9fbedf677903,"{""distance"":7,""physical_error_rate"":0.001}","{""detection_events"":343598,""detectors_checked"":69966848,""obs_mistake_mask=E"":4}"
    128000,         2,         0,   120.0,exact_mw,fe773c48422346d89ea42b7ea8a90aa3034802874175ef2bfbcd9fbedf677903,"{""distance"":7,""physical_error_rate"":0.001}","{""detection_events"":377473,""detectors_checked"":77056000,""obs_mistake_mask=E"":2}"
    146432,         4,         0,   120.6,exact_mw,fe773c48422346d89ea42b7ea8a90aa3034802874175ef2bfbcd9fbedf677903,"{""distance"":7,""physical_error_rate"":0.001}","{""detection_events"":430259,""detectors_checked"":88152064,""obs_mistake_mask=E"":4}"
    141312,         6,         0,   120.8,exact_mw,fe773c48422346d89ea42b7ea8a90aa3034802874175ef2bfbcd9fbedf677903,"{""distance"":7,""physical_error_rate"":0.001}","{""detection_events"":415661,""detectors_checked"":85069824,""obs_mistake_mask=E"":6}"
    114560,         2,         0,   120.6,exact_mw,fe773c48422346d89ea42b7ea8a90aa3034802874175ef2bfbcd9fbedf677903,"{""distance"":7,""physical_error_rate"":0.001}","{""detection_events"":338181,""detectors_checked"":68965120,""obs_mistake_mask=E"":2}"
    317440,         1,         0,   119.9,exact_mw,09f626b7d1c8765fd231bc36902f9c5557d3909c4644565b971bdb2bfb186061,"{""distance"":7,""physical_error_rate"":0.0005}","{""detection_events"":469172,""detectors_checked"":191098880,""obs_mistake_mask=E"":1}"
    856064,         4,         0,   119.9,exact_mw,09f626b7d1c8765fd231bc36902f9c5557d3909c4644565b971bdb2bfb186061,"{""distance"":7,""physical_error_rate"":0.0005}","{""detection_events"":1265949,""detectors_checked"":515350528,""obs_mistake_mask=E"":4}"
    147968,         3,         0,   120.8,exact_mw,fe773c48422346d89ea42b7ea8a90aa3034802874175ef2bfbcd9fbedf677903,"{""distance"":7,""physical_error_rate"":0.001}","{""detection_events"":435843,""detectors_checked"":89076736,""obs_mistake_mask=E"":3}"
    200192,         0,         0,   120.0,exact_mw,09f626b7d1c8765fd231bc36902f9c5557d3909c4644565b971bdb2bfb186061,"{""distance"":7,""physical_error_rate"":0.0005}","{""detection_events"":296345,""detectors_checked"":120515584}"
    123904,         1,         0,   120.7,exact_mw,09f626b7d1c8765fd231bc36902f9c5557d3909c4644565b971bdb2bfb186061,"{""distance"":7,""physical_error_rate"":0.0005}","{""detection_events"":181366,""detectors_checked"":74590208,""obs_mistake_mask=E"":1}"
    144384,         5,         0,   120.3,exact_mw,fe773c48422346d89ea42b7ea8a90aa3034802874175ef2bfbcd9fbedf677903,"{""distance"":7,""physical_error_rate"":0.001}","{""detection_events"":427467,""detectors_checked"":86919168,""obs_mistake_mask=E"":5}"
    802816,         5,         0,   119.9,exact_mw,09f626b7d1c8765fd231bc36902f9c5557d3909c4644565b971bdb2bfb186061,"{""distance"":7,""physical_error_rate"":0.0005}","{""detection_events"":1188773,""detectors_checked"":483295232,""obs_mistake_mask=E"":5}"
    144896,         1,         0,   120.7,exact_mw,fe773c48422346d89ea42b7ea8a90aa3034802874175ef2bfbcd9fbedf677903,"{""distance"":7,""physical_error_rate"":0.001}","{""detection_events"":425918,""detectors_checked"":87227392,""obs_mistake_mask=E"":1}"
    792576,         2,         0,   119.9,exact_mw,09f626b7d1c8765fd231bc36902f9c5557d3909c4644565b971bdb2bfb186061,"{""distance"":7,""physical_error_rate"":0.0005}","{""detection_events"":1172215,""detectors_checked"":477130752,""obs_mistake_mask=E"":2}"
    143360,         2,         0,   120.6,exact_mw,fe773c48422346d89ea42b7ea8a90aa3034802874175ef2bfbcd9fbedf677903,"{""distance"":7,""physical_error_rate"":0.001}","{""detection_events"":421310,""detectors_checked"":86302720,""obs_mistake_mask=E"":2}"
    776192,         1,         0,   119.9,exact_mw,09f626b7d1c8765fd231bc36902f9c5557d3909c4644565b971bdb2bfb186061,"{""distance"":7,""physical_error_rate"":0.0005}","{""detection_events"":1151573,""detectors_checked"":467267584,""obs_mistake_mask=E"":1}"
    146432,         3,         0,   120.2,exact_mw,fe773c48422346d89ea42b7ea8a90aa3034802874175ef2bfbcd9fbedf677903,"{""distance"":7,""physical_error_rate"":0.001}","{""detection_events"":432552,""detectors_checked"":88152064,""obs_mistake_mask=E"":3}"
    845824,         3,         0,   119.9,exact_mw,09f626b7d1c8765fd231bc36902f9c5557d3909c4644565b971bdb2bfb186061,"{""distance"":7,""physical_error_rate"":0.0005}","{""detection_events"":1251028,""detectors_checked"":509186048,""obs_mistake_mask=E"":3}"
    833536,         1,         0,   120.0,exact_mw,09f626b7d1c8765fd231bc36902f9c5557d3909c4644565b971bdb2bfb186061,"{""distance"":7,""physical_error_rate"":0.0005}","{""detection_events"":1232800,""detectors_checked"":501788672,""obs_mistake_mask=E"":1}"
    807936,         4,         0,   119.9,exact_mw,09f626b7d1c8765fd231bc36902f9c5557d3909c4644565b971bdb2bfb186061,"{""distance"":7,""physical_error_rate"":0.0005}","{""detection_events"":1192809,""detectors_checked"":486377472,""obs_mistake_mask=E"":4}"
    835584,         1,         0,   119.8,exact_mw,09f626b7d1c8765fd231bc36902f9c5557d3909c4644565b971bdb2bfb186061,"{""distance"":7,""physical_error_rate"":0.0005}","{""detection_events"":1234732,""detectors_checked"":503021568,""obs_mistake_mask=E"":1}"
    128256,         0,         0,   120.1,exact_mw,09f626b7d1c8765fd231bc36902f9c5557d3909c4644565b971bdb2bfb186061,"{""distance"":7,""physical_error_rate"":0.0005}","{""detection_events"":190004,""detectors_checked"":77210112}"
    310272,         0,         0,   119.8,exact_mw,09f626b7d1c8765fd231bc36902f9c5557d3909c4644565b971bdb2bfb186061,"{""distance"":7,""physical_error_rate"":0.0005}","{""detection_events"":457605,""detectors_checked"":186783744}"
    786432,         1,         0,   120.0,exact_mw,09f626b7d1c8765fd231bc36902f9c5557d3909c4644565b971bdb2bfb186061,"{""distance"":7,""physical_error_rate"":0.0005}","{""detection_events"":1163490,""detectors_checked"":473432064,""obs_mistake_mask=E"":1}"
    832512,         0,         0,   119.9,exact_mw,09f626b7d1c8765fd231bc36902f9c5557d3909c4644565b971bdb2bfb186061,"{""distance"":7,""physical_error_rate"":0.0005}","{""detection_events"":1229661,""detectors_checked"":501172224}"
    141824,         5,         0,   120.1,exact_mw,fe773c48422346d89ea42b7ea8a90aa3034802874175ef2bfbcd9fbedf677903,"{""distance"":7,""physical_error_rate"":0.001}","{""detection_events"":416671,""detectors_checked"":85378048,""obs_mistake_mask=E"":5}"
    786432,         4,         0,   119.9,exact_mw,09f626b7d1c8765fd231bc36902f9c5557d3909c4644565b971bdb2bfb186061,"{""distance"":7,""physical_error_rate"":0.0005}","{""detection_events"":1170700,""detectors_checked"":473432064,""obs_mistake_mask=E"":4}"
    143360,         1,         0,   120.6,exact_mw,fe773c48422346d89ea42b7ea8a90aa3034802874175ef2bfbcd9fbedf677903,"{""distance"":7,""physical_error_rate"":0.001}","{""detection_events"":420669,""detectors_checked"":86302720,""obs_mistake_mask=E"":1}"
    140800,         5,         0,   120.1,exact_mw,fe773c48422346d89ea42b7ea8a90aa3034802874175ef2bfbcd9fbedf677903,"{""distance"":7,""physical_error_rate"":0.001}","{""detection_events"":417847,""detectors_checked"":84761600,""obs_mistake_mask=E"":5}"
    136192,         3,         0,   121.0,exact_mw,fe773c48422346d89ea42b7ea8a90aa3034802874175ef2bfbcd9fbedf677903,"{""distance"":7,""physical_error_rate"":0.001}","{""detection_events"":403659,""detectors_checked"":81987584,""obs_mistake_mask=E"":3}"
     26944,         0,         0,   120.0,exact_mw,fe773c48422346d89ea42b7ea8a90aa3034802874175ef2bfbcd9fbedf677903,"{""distance"":7,""physical_error_rate"":0.001}","{""detection_events"":80091,""detectors_checked"":16220288}"
     25216,         0,         0,   120.5,exact_mw,fe773c48422346d89ea42b7ea8a90aa3034802874175ef2bfbcd9fbedf677903,"{""distance"":7,""physical_error_rate"":0.001}","{""detection_events"":74294,""detectors_checked"":15180032}"
    147456,         2,         0,   120.4,exact_mw,fe773c48422346d89ea42b7ea8a90aa3034802874175ef2bfbcd9fbedf677903,"{""distance"":7,""physical_error_rate"":0.001}","{""detection_events"":435044,""detectors_checked"":88768512,""obs_mistake_mask=E"":2}"
    144384,         3,         0,   120.6,exact_mw,fe773c48422346d89ea42b7ea8a90aa3034802874175ef2bfbcd9fbedf677903,"{""distance"":7,""physical_error_rate"":0.001}","{""detection_events"":426774,""detectors_checked"":86919168,""obs_mistake_mask=E"":3}"
    146432,         2,         0,   120.1,exact_mw,fe773c48422346d89ea42b7ea8a90aa3034802874175ef2bfbcd9fbedf677903,"{""distance"":7,""physical_error_rate"":0.001}","{""detection_events"":431767,""detectors_checked"":88152064,""obs_mistake_mask=E"":2}"
    144896,         4,         0,   120.2,exact_mw,fe773c48422346d89ea42b7ea8a90aa3034802874175ef2bfbcd9fbedf677903,"{""distance"":7,""physical_error_rate"":0.001}","{""detection_events"":427632,""detectors_checked"":87227392,""obs_mistake_mask=E"":4}"
    145408,         2,         0,   120.2,exact_mw,fe773c48422346d89ea42b7ea8a90aa3034802874175ef2bfbcd9fbedf677903,"{""distance"":7,""physical_error_rate"":0.001}","{""detection_events"":428817,""detectors_checked"":87535616,""obs_mistake_mask=E"":2}"
     36096,         1,         0,   120.6,exact_mw,fe773c48422346d89ea42b7ea8a90aa3034802874175ef2bfbcd9fbedf677903,"{""distance"":7,""physical_error_rate"":0.001}","{""detection_events"":107000,""detectors_checked"":21729792,""obs_mistake_mask=E"":1}"
    134656,         1,         0,   120.1,exact_mw,09f626b7d1c8765fd231bc36902f9c5557d3909c4644565b971bdb2bfb186061,"{""distance"":7,""physical_error_rate"":0.0005}","{""detection_events"":199160,""detectors_checked"":81062912,""obs_mistake_mask=E"":1}"
    146432,         4,         0,   120.8,exact_mw,fe773c48422346d89ea42b7ea8a90aa3034802874175ef2bfbcd9fbedf677903,"{""distance"":7,""physical_error_rate"":0.001}","{""detection_events"":432776,""detectors_checked"":88152064,""obs_mistake_mask=E"":4}"
    801792,         2,         0,   119.9,exact_mw,09f626b7d1c8765fd231bc36902f9c5557d3909c4644565b971bdb2bfb186061,"{""distance"":7,""physical_error_rate"":0.0005}","{""detection_events"":1187563,""detectors_checked"":482678784,""obs_mistake_mask=E"":2}"
    828416,         3,         0,   120.1,exact_mw,09f626b7d1c8765fd231bc36902f9c5557d3909c4644565b971bdb2bfb186061,"{""distance"":7,""physical_error_rate"":0.0005}","{""detection_events"":1223827,""detectors_checked"":498706432,""obs_mistake_mask=E"":3}"
    824320,         2,         0,   119.9,exact_mw,09f626b7d1c8765fd231bc36902f9c5557d3909c4644565b971bdb2bfb186061,"{""distance"":7,""physical_error_rate"":0.0005}","{""detection_events"":1217416,""detectors_checked"":496240640,""obs_mistake_mask=E"":2}"
    864256,         4,         0,   120.1,exact_mw,09f626b7d1c8765fd231bc36902f9c5557d3909c4644565b971bdb2bfb186061,"{""distance"":7,""physical_error_rate"":0.0005}","{""detection_events"":1274816,""detectors_checked"":520282112,""obs_mistake_mask=E"":4}"
    135680,         3,         0,   120.1,exact_mw,fe773c48422346d89ea42b7ea8a90aa3034802874175ef2bfbcd9fbedf677903,"{""distance"":7,""physical_error_rate"":0.001}","{""detection_events"":400543,""detectors_checked"":81679360,""obs_mistake_mask=E"":3}"
    830464,         2,         0,   119.9,exact_mw,09f626b7d1c8765fd231bc36902f9c5557d3909c4644565b971bdb2bfb186061,"{""distance"":7,""physical_error_rate"":0.0005}","{""detection_events"":1235846,""detectors_checked"":499939328,""obs_mistake_mask=E"":2}"
    135168,         2,         0,   120.1,exact_mw,fe773c48422346d89ea42b7ea8a90aa3034802874175ef2bfbcd9fbedf677903,"{""distance"":7,""physical_error_rate"":0.001}","{""detection_events"":400420,""detectors_checked"":81371136,""obs_mistake_mask=E"":2}"
    280064,         0,         0,   119.9,exact_mw,09f626b7d1c8765fd231bc36902f9c5557d3909c4644565b971bdb2bfb186061,"{""distance"":7,""physical_error_rate"":0.0005}","{""detection_events"":413927,""detectors_checked"":168598528}"
    823296,         2,         0,   120.0,exact_mw,09f626b7d1c8765fd231bc36902f9c5557d3909c4644565b971bdb2bfb186061,"{""distance"":7,""physical_error_rate"":0.0005}","{""detection_events"":1219741,""detectors_checked"":495624192,""obs_mistake_mask=E"":2}"
     25792,         1,         0,   120.8,exact_mw,fe773c48422346d89ea42b7ea8a90aa3034802874175ef2bfbcd9fbedf677903,"{""distance"":7,""physical_error_rate"":0.001}","{""detection_events"":76264,""detectors_checked"":15526784,""obs_mistake_mask=E"":1}"
    147456,         8,         0,   120.1,exact_mw,fe773c48422346d89ea42b7ea8a90aa3034802874175ef2bfbcd9fbedf677903,"{""distance"":7,""physical_error_rate"":0.001}","{""detection_events"":432257,""detectors_checked"":88768512,""obs_mistake_mask=E"":8}"
    839680,         7,         0,   119.9,exact_mw,09f626b7d1c8765fd231bc36902f9c5557d3909c4644565b971bdb2bfb186061,"{""distance"":7,""physical_error_rate"":0.0005}","{""detection_events"":1243426,""detectors_checked"":505487360,""obs_mistake_mask=E"":7}"
    136704,         4,         0,   120.2,exact_mw,fe773c48422346d89ea42b7ea8a90aa3034802874175ef2bfbcd9fbedf677903,"{""distance"":7,""physical_error_rate"":0.001}","{""detection_events"":402840,""detectors_checked"":82295808,""obs_mistake_mask=E"":4}"
    800768,         1,         0,   119.9,exact_mw,09f626b7d1c8765fd231bc36902f9c5557d3909c4644565b971bdb2bfb186061,"{""distance"":7,""physical_error_rate"":0.0005}","{""detection_events"":1183654,""detectors_checked"":482062336,""obs_mistake_mask=E"":1}"
    144384,         3,         0,   120.0,exact_mw,fe773c48422346d89ea42b7ea8a90aa3034802874175ef2bfbcd9fbedf677903,"{""distance"":7,""physical_error_rate"":0.001}","{""detection_events"":427328,""detectors_checked"":86919168,""obs_mistake_mask=E"":3}"
    858112,         4,         0,   119.9,exact_mw,09f626b7d1c8765fd231bc36902f9c5557d3909c4644565b971bdb2bfb186061,"{""distance"":7,""physical_error_rate"":0.0005}","{""detection_events"":1271297,""detectors_checked"":516583424,""obs_mistake_mask=E"":4}"
    597504,         1,         0,   120.3,exact_mw,09f626b7d1c8765fd231bc36902f9c5557d3909c4644565b971bdb2bfb186061,"{""distance"":7,""physical_error_rate"":0.0005}","{""detection_events"":883692,""detectors_checked"":359697408,""obs_mistake_mask=E"":1}"
    143360,         0,         0,   120.4,exact_mw,09f626b7d1c8765fd231bc36902f9c5557d3909c4644565b971bdb2bfb186061,"{""distance"":7,""physical_error_rate"":0.0005}","{""detection_events"":211902,""detectors_checked"":86302720}"
    799744,         2,         0,   119.9,exact_mw,09f626b7d1c8765fd231bc36902f9c5557d3909c4644565b971bdb2bfb186061,"{""distance"":7,""physical_error_rate"":0.0005}","{""detection_events"":1187589,""detectors_checked"":481445888,""obs_mistake_mask=E"":2}"
    147456,         0,         0,   120.0,exact_mw,09f626b7d1c8765fd231bc36902f9c5557d3909c4644565b971bdb2bfb186061,"{""distance"":7,""physical_error_rate"":0.0005}","{""detection_events"":218430,""detectors_checked"":88768512}"
    335360,         1,         0,   119.9,exact_mw,09f626b7d1c8765fd231bc36902f9c5557d3909c4644565b971bdb2bfb186061,"{""distance"":7,""physical_error_rate"":0.0005}","{""detection_events"":494738,""detectors_checked"":201886720,""obs_mistake_mask=E"":1}"
    142336,         2,         0,   120.6,exact_mw,fe773c48422346d89ea42b7ea8a90aa3034802874175ef2bfbcd9fbedf677903,"{""distance"":7,""physical_error_rate"":0.001}","{""detection_events"":419008,""detectors_checked"":85686272,""obs_mistake_mask=E"":2}"
    148480,         5,         0,   120.6,exact_mw,fe773c48422346d89ea42b7ea8a90aa3034802874175ef2bfbcd9fbedf677903,"{""distance"":7,""physical_error_rate"":0.001}","{""detection_events"":436719,""detectors_checked"":89384960,""obs_mistake_mask=E"":5}"
    144384,         3,         0,   120.6,exact_mw,fe773c48422346d89ea42b7ea8a90aa3034802874175ef2bfbcd9fbedf677903,"{""distance"":7,""physical_error_rate"":0.001}","{""detection_events"":426515,""detectors_checked"":86919168,""obs_mistake_mask=E"":3}"
     22528,         0,         0,    21.7,exact_mw,fe773c48422346d89ea42b7ea8a90aa3034802874175ef2bfbcd9fbedf677903,"{""distance"":7,""physical_error_rate"":0.001}","{""detection_events"":66164,""detectors_checked"":13561856}"
    147456,         5,         0,   118.1,exact_mw,fe773c48422346d89ea42b7ea8a90aa3034802874175ef2bfbcd9fbedf677903,"{""distance"":7,""physical_error_rate"":0.001}","{""detection_events"":433753,""detectors_checked"":88768512,""obs_mistake_mask=E"":5}"
    132096,         5,         0,   114.6,exact_mw,fe773c48422346d89ea42b7ea8a90aa3034802874175ef2bfbcd9fbedf677903,"{""distance"":7,""physical_error_rate"":0.001}","{""detection_events"":390065,""detectors_checked"":79521792,""obs_mistake_mask=E"":5}"
     77696,         4,         0,   116.3,exact_mw,fe773c48422346d89ea42b7ea8a90aa3034802874175ef2bfbcd9fbedf677903,"{""distance"":7,""physical_error_rate"":0.001}","{""detection_events"":229278,""detectors_checked"":46772992,""obs_mistake_mask=E"":4}"
     51712,         1,         0,    45.9,exact_mw,fe773c48422346d89ea42b7ea8a90aa3034802874175ef2bfbcd9fbedf677903,"{""distance"":7,""physical_error_rate"":0.001}","{""detection_events"":151496,""detectors_checked"":31130624,""obs_mistake_mask=E"":1}"
     13824,         0,         0,    11.4,exact_mw,fe773c48422346d89ea42b7ea8a90aa3034802874175ef2bfbcd9fbedf677903,"{""distance"":7,""physical_error_rate"":0.001}","{""detection_events"":40426,""detectors_checked"":8322048}"
     54272,         2,         0,    43.4,exact_mw,fe773c48422346d89ea42b7ea8a90aa3034802874175ef2bfbcd9fbedf677903,"{""distance"":7,""physical_error_rate"":0.001}","{""detection_events"":159795,""detectors_checked"":32671744,""obs_mistake_mask=E"":2}"
     11264,         0,         0,    8.81,exact_mw,fe773c48422346d89ea42b7ea8a90aa3034802874175ef2bfbcd9fbedf677903,"{""distance"":7,""physical_error_rate"":0.001}","{""detection_events"":33386,""detectors_checked"":6780928}"
     11264,         0,         0,    46.6,exact_mw,fe773c48422346d89ea42b7ea8a90aa3034802874175ef2bfbcd9fbedf677903,"{""distance"":7,""physical_error_rate"":0.001}","{""detection_events"":32546,""detectors_checked"":6780928}"
     41600,         1,         0,    80.1,exact_mw,fe773c48422346d89ea42b7ea8a90aa3034802874175ef2bfbcd9fbedf677903,"{""distance"":7,""physical_error_rate"":0.001}","{""detection_events"":122974,""detectors_checked"":25043200,""obs_mistake_mask=E"":1}"
     79872,         1,         0,    65.0,exact_mw,fe773c48422346d89ea42b7ea8a90aa3034802874175ef2bfbcd9fbedf677903,"{""distance"":7,""physical_error_rate"":0.001}","{""detection_events"":234289,""detectors_checked"":48082944,""obs_mistake_mask=E"":1}"
     58368,         1,         0,    47.6,exact_mw,fe773c48422346d89ea42b7ea8a90aa3034802874175ef2bfbcd9fbedf677903,"{""distance"":7,""physical_error_rate"":0.001}","{""detection_events"":172524,""detectors_checked"":35137536,""obs_mistake_mask=E"":1}"
     51200,         1,         0,    57.8,exact_mw,fe773c48422346d89ea42b7ea8a90aa3034802874175ef2bfbcd9fbedf677903,"{""distance"":7,""physical_error_rate"":0.001}","{""detection_events"":149851,""detectors_checked"":30822400,""obs_mistake_mask=E"":1}"
      2048,         0,         0,    1.76,exact_mw,fe773c48422346d89ea42b7ea8a90aa3034802874175ef2bfbcd9fbedf677903,"{""distance"":7,""physical_error_rate"":0.001}","{""detection_events"":6080,""detectors_checked"":1232896}"
     53760,         0,         0,    58.4,exact_mw,fe773c48422346d89ea42b7ea8a90aa3034802874175ef2bfbcd9fbedf677903,"{""distance"":7,""physical_error_rate"":0.001}","{""detection_events"":157925,""detectors_checked"":32363520}"
     60416,         0,         0,    51.1,exact_mw,fe773c48422346d89ea42b7ea8a90aa3034802874175ef2bfbcd9fbedf677903,"{""distance"":7,""physical_error_rate"":0.001}","{""detection_events"":177818,""detectors_checked"":36370432}"
     53248,         3,         0,    47.4,exact_mw,fe773c48422346d89ea42b7ea8a90aa3034802874175ef2bfbcd9fbedf677903,"{""distance"":7,""physical_error_rate"":0.001}","{""detection_events"":156090,""detectors_checked"":32055296,""obs_mistake_mask=E"":3}"
     50176,         1,         0,    41.0,exact_mw,fe773c48422346d89ea42b7ea8a90aa3034802874175ef2bfbcd9fbedf677903,"{""distance"":7,""physical_error_rate"":0.001}","{""detection_events"":148625,""detectors_checked"":30205952,""obs_mistake_mask=E"":1}"
     69120,         2,         0,    69.4,exact_mw,fe773c48422346d89ea42b7ea8a90aa3034802874175ef2bfbcd9fbedf677903,"{""distance"":7,""physical_error_rate"":0.001}","{""detection_events"":202732,""detectors_checked"":41610240,""obs_mistake_mask=E"":2}"
     26112,         0,         0,    24.7,exact_mw,fe773c48422346d89ea42b7ea8a90aa3034802874175ef2bfbcd9fbedf677903,"{""distance"":7,""physical_error_rate"":0.001}","{""detection_events"":77358,""detectors_checked"":15719424}"
     62784,         1,         0,   119.1,exact_mw,fe773c48422346d89ea42b7ea8a90aa3034802874175ef2bfbcd9fbedf677903,"{""distance"":7,""physical_error_rate"":0.001}","{""detection_events"":185169,""detectors_checked"":37795968,""obs_mistake_mask=E"":1}"
     16384,         0,         0,    13.6,exact_mw,fe773c48422346d89ea42b7ea8a90aa3034802874175ef2bfbcd9fbedf677903,"{""distance"":7,""physical_error_rate"":0.001}","{""detection_events"":48403,""detectors_checked"":9863168}"
    145408,         1,         0,   118.5,exact_mw,fe773c48422346d89ea42b7ea8a90aa3034802874175ef2bfbcd9fbedf677903,"{""distance"":7,""physical_error_rate"":0.001}","{""detection_events"":427887,""detectors_checked"":87535616,""obs_mistake_mask=E"":1}"
     32896,         1,         0,    47.9,exact_mw,fe773c48422346d89ea42b7ea8a90aa3034802874175ef2bfbcd9fbedf677903,"{""distance"":7,""physical_error_rate"":0.001}","{""detection_events"":96508,""detectors_checked"":19803392,""obs_mistake_mask=E"":1}"
     59392,         0,         0,    47.1,exact_mw,fe773c48422346d89ea42b7ea8a90aa3034802874175ef2bfbcd9fbedf677903,"{""distance"":7,""physical_error_rate"":0.001}","{""detection_events"":175962,""detectors_checked"":35753984}"
     45568,         3,         0,    41.1,exact_mw,fe773c48422346d89ea42b7ea8a90aa3034802874175ef2bfbcd9fbedf677903,"{""distance"":7,""physical_error_rate"":0.001}","{""detection_events"":134962,""detectors_checked"":27431936,""obs_mistake_mask=E"":3}"
     43008,         0,         0,    34.3,exact_mw,fe773c48422346d89ea42b7ea8a90aa3034802874175ef2bfbcd9fbedf677903,"{""distance"":7,""physical_error_rate"":0.001}","{""detection_events"":127163,""detectors_checked"":25890816}"
      2048,         0,         0,    1.73,exact_mw,fe773c48422346d89ea42b7ea8a90aa3034802874175ef2bfbcd9fbedf677903,"{""distance"":7,""physical_error_rate"":0.001}","{""detection_events"":6301,""detectors_checked"":1232896}"
     47616,         0,         0,    47.6,exact_mw,fe773c48422346d89ea42b7ea8a90aa3034802874175ef2bfbcd9fbedf677903,"{""distance"":7,""physical_error_rate"":0.001}","{""detection_events"":139487,""detectors_checked"":28664832}"
     50688,         1,         0,    42.9,exact_mw,fe773c48422346d89ea42b7ea8a90aa3034802874175ef2bfbcd9fbedf677903,"{""distance"":7,""physical_error_rate"":0.001}","{""detection_events"":148565,""detectors_checked"":30514176,""obs_mistake_mask=E"":1}"
      2880,         0,         0,    17.0,exact_mw,fe773c48422346d89ea42b7ea8a90aa3034802874175ef2bfbcd9fbedf677903,"{""distance"":7,""physical_error_rate"":0.001}","{""detection_events"":8602,""detectors_checked"":1733760}"
      1024,         0,         0,   0.823,exact_mw,fe773c48422346d89ea42b7ea8a90aa3034802874175ef2bfbcd9fbedf677903,"{""distance"":7,""physical_error_rate"":0.001}","{""detection_events"":3143,""detectors_checked"":616448}"
         1,         0,         0,   0.001,exact_mw,09f626b7d1c8765fd231bc36902f9c5557d3909c4644565b971bdb2bfb186061,"{""distance"":7,""physical_error_rate"":0.0005}","{""detection_events"":2,""detectors_checked"":602}"
       272,         0,         0,   0.053,exact_mw,09f626b7d1c8765fd231bc36902f9c5557d3909c4644565b971bdb2bfb186061,"{""distance"":7,""physical_error_rate"":0.0005}","{""detection_events"":413,""detectors_checked"":163744}"
      1024,         0,         0,   0.160,exact_mw,09f626b7d1c8765fd231bc36902f9c5557d3909c4644565b971bdb2bfb186061,"{""distance"":7,""physical_error_rate"":0.0005}","{""detection_events"":1487,""detectors_checked"":616448}"
      1024,         0,         0,   0.135,exact_mw,09f626b7d1c8765fd231bc36902f9c5557d3909c4644565b971bdb2bfb186061,"{""distance"":7,""physical_error_rate"":0.0005}","{""detection_events"":1604,""detectors_checked"":616448}"
      1024,         0,         0,   0.088,exact_mw,09f626b7d1c8765fd231bc36902f9c5557d3909c4644565b971bdb2bfb186061,"{""distance"":7,""physical_error_rate"":0.0005}","{""detection_events"":1585,""detectors_checked"":616448}"
      1024,         0,         0,   0.217,exact_mw,09f626b7d1c8765fd231bc36902f9c5557d3909c4644565b971bdb2bfb186061,"{""distance"":7,""physical_error_rate"":0.0005}","{""detection_events"":1559,""detectors_checked"":616448}"
         1,         0,         0,   0.001,exact_mw,09f626b7d1c8765fd231bc36902f9c5557d3909c4644565b971bdb2bfb186061,"{""distance"":7,""physical_error_rate"":0.0005}","{""detection_events"":4,""detectors_checked"":602}"
      1024,         0,         0,   0.105,exact_mw,09f626b7d1c8765fd231bc36902f9c5557d3909c4644565b971bdb2bfb186061,"{""distance"":7,""physical_error_rate"":0.0005}","{""detection_events"":1497,""detectors_checked"":616448}"
         1,         0,         0,   0.001,exact_mw,09f626b7d1c8765fd231bc36902f9c5557d3909c4644565b971bdb2bfb186061,"{""distance"":7,""physical_error_rate"":0.0005}","{""detection_events"":2,""detectors_checked"":602}"
      1296,         0,         0,   0.205,exact_mw,09f626b7d1c8765fd231bc36902f9c5557d3909c4644565b971bdb2bfb186061,"{""distance"":7,""physical_error_rate"":0.0005}","{""detection_events"":1857,""detectors_checked"":780192}"
       272,         0,         0,   0.057,exact_mw,09f626b7d1c8765fd231bc36902f9c5557d3909c4644565b971bdb2bfb186061,"{""distance"":7,""physical_error_rate"":0.0005}","{""detection_events"":452,""detectors_checked"":163744}"
       273,         0,         0,   0.060,exact_mw,09f626b7d1c8765fd231bc36902f9c5557d3909c4644565b971bdb2bfb186061,"{""distance"":7,""physical_error_rate"":0.0005}","{""detection_events"":463,""detectors_checked"":164346}"
       273,         0,         0,   0.033,exact_mw,09f626b7d1c8765fd231bc36902f9c5557d3909c4644565b971bdb2bfb186061,"{""distance"":7,""physical_error_rate"":0.0005}","{""detection_events"":397,""detectors_checked"":164346}"
      1024,         0,         0,   0.232,exact_mw,09f626b7d1c8765fd231bc36902f9c5557d3909c4644565b971bdb2bfb186061,"{""distance"":7,""physical_error_rate"":0.0005}","{""detection_events"":1533,""detectors_checked"":616448}"
      1024,         0,         0,   0.117,exact_mw,09f626b7d1c8765fd231bc36902f9c5557d3909c4644565b971bdb2bfb186061,"{""distance"":7,""physical_error_rate"":0.0005}","{""detection_events"":1506,""detectors_checked"":616448}"
         1,         0,         0,   0.001,exact_mw,09f626b7d1c8765fd231bc36902f9c5557d3909c4644565b971bdb2bfb186061,"{""distance"":7,""physical_error_rate"":0.0005}","{""detection_events"":6,""detectors_checked"":602}"
      1024,         0,         0,   0.136,exact_mw,09f626b7d1c8765fd231bc36902f9c5557d3909c4644565b971bdb2bfb186061,"{""distance"":7,""physical_error_rate"":0.0005}","{""detection_events"":1437,""detectors_checked"":616448}"
      1024,         0,         0,   0.119,exact_mw,09f626b7d1c8765fd231bc36902f9c5557d3909c4644565b971bdb2bfb186061,"{""distance"":7,""physical_error_rate"":0.0005}","{""detection_events"":1371,""detectors_checked"":616448}"
      1024,         0,         0,   0.125,exact_mw,09f626b7d1c8765fd231bc36902f9c5557d3909c4644565b971bdb2bfb186061,"{""distance"":7,""physical_error_rate"":0.0005}","{""detection_events"":1445,""detectors_checked"":616448}"
       273,         0,         0,   0.022,exact_mw,09f626b7d1c8765fd231bc36902f9c5557d3909c4644565b971bdb2bfb186061,"{""distance"":7,""physical_error_rate"":0.0005}","{""detection_events"":390,""detectors_checked"":164346}"
       272,         0,         0,   0.054,exact_mw,09f626b7d1c8765fd231bc36902f9c5557d3909c4644565b971bdb2bfb186061,"{""distance"":7,""physical_error_rate"":0.0005}","{""detection_events"":481,""detectors_checked"":163744}"
      2048,         0,         0,   0.207,exact_mw,09f626b7d1c8765fd231bc36902f9c5557d3909c4644565b971bdb2bfb186061,"{""distance"":7,""physical_error_rate"":0.0005}","{""detection_events"":2942,""detectors_checked"":1232896}"
      1024,         0,         0,   0.138,exact_mw,09f626b7d1c8765fd231bc36902f9c5557d3909c4644565b971bdb2bfb186061,"{""distance"":7,""physical_error_rate"":0.0005}","{""detection_events"":1602,""detectors_checked"":616448}"
      1024,         0,         0,   0.104,exact_mw,09f626b7d1c8765fd231bc36902f9c5557d3909c4644565b971bdb2bfb186061,"{""distance"":7,""physical_error_rate"":0.0005}","{""detection_events"":1429,""detectors_checked"":616448}"
      1024,         0,         0,   0.157,exact_mw,09f626b7d1c8765fd231bc36902f9c5557d3909c4644565b971bdb2bfb186061,"{""distance"":7,""physical_error_rate"":0.0005}","{""detection_events"":1552,""detectors_checked"":616448}"
      1024,         0,         0,   0.109,exact_mw,09f626b7d1c8765fd231bc36902f9c5557d3909c4644565b971bdb2bfb186061,"{""distance"":7,""physical_error_rate"":0.0005}","{""detection_events"":1578,""detectors_checked"":616448}"
      1024,         0,         0,   0.154,exact_mw,09f626b7d1c8765fd231bc36902f9c5557d3909c4644565b971bdb2bfb186061,"{""distance"":7,""physical_error_rate"":0.0005}","{""detection_events"":1564,""detectors_checked"":616448}"
      1024,         0,         0,   0.181,exact_mw,09f626b7d1c8765fd231bc36902f9c5557d3909c4644565b971bdb2bfb186061,"{""distance"":7,""physical_error_rate"":0.0005}","{""detection_events"":1495,""detectors_checked"":616448}"
       273,         0,         0,   0.047,exact_mw,09f626b7d1c8765fd231bc36902f9c5557d3909c4644565b971bdb2bfb186061,"{""distance"":7,""physical_error_rate"":0.0005}","{""detection_events"":388,""detectors_checked"":164346}"
      1024,         0,         0,   0.110,exact_mw,09f626b7d1c8765fd231bc36902f9c5557d3909c4644565b971bdb2bfb186061,"{""distance"":7,""physical_error_rate"":0.0005}","{""detection_events"":1531,""detectors_checked"":616448}"
      1024,         0,         0,   0.115,exact_mw,09f626b7d1c8765fd231bc36902f9c5557d3909c4644565b971bdb2bfb186061,"{""distance"":7,""physical_error_rate"":0.0005}","{""detection_events"":1585,""detectors_checked"":616448}"
      1024,         0,         0,   0.124,exact_mw,09f626b7d1c8765fd231bc36902f9c5557d3909c4644565b971bdb2bfb186061,"{""distance"":7,""physical_error_rate"":0.0005}","{""detection_events"":1493,""detectors_checked"":616448}"
      1024,         0,         0,   0.156,exact_mw,09f626b7d1c8765fd231bc36902f9c5557d3909c4644565b971bdb2bfb186061,"{""distance"":7,""physical_error_rate"":0.0005}","{""detection_events"":1575,""detectors_checked"":616448}"
      1024,         0,         0,   0.194,exact_mw,09f626b7d1c8765fd231bc36902f9c5557d3909c4644565b971bdb2bfb186061,"{""distance"":7,""physical_error_rate"":0.0005}","{""detection_events"":1550,""detectors_checked"":616448}"
      1024,         0,         0,   0.183,exact_mw,09f626b7d1c8765fd231bc36902f9c5557d3909c4644565b971bdb2bfb186061,"{""distance"":7,""physical_error_rate"":0.0005}","{""detection_events"":1698,""detectors_checked"":616448}"
      1024,         0,         0,   0.183,exact_mw,09f626b7d1c8765fd231bc36902f9c5557d3909c4644565b971bdb2bfb186061,"{""distance"":7,""physical_error_rate"":0.0005}","{""detection_events"":1648,""detectors_checked"":616448}"
      1024,         0,         0,   0.129,exact_mw,09f626b7d1c8765fd231bc36902f9c5557d3909c4644565b971bdb2bfb186061,"{""distance"":7,""physical_error_rate"":0.0005}","{""detection_events"":1532,""detectors_checked"":616448}"
      1024,         0,         0,   0.131,exact_mw,09f626b7d1c8765fd231bc36902f9c5557d3909c4644565b971bdb2bfb186061,"{""distance"":7,""physical_error_rate"":0.0005}","{""detection_events"":1515,""detectors_checked"":616448}"
      2048,         0,         0,   0.311,exact_mw,09f626b7d1c8765fd231bc36902f9c5557d3909c4644565b971bdb2bfb186061,"{""distance"":7,""physical_error_rate"":0.0005}","{""detection_events"":3048,""detectors_checked"":1232896}"
      1024,         0,         0,   0.089,exact_mw,09f626b7d1c8765fd231bc36902f9c5557d3909c4644565b971bdb2bfb186061,"{""distance"":7,""physical_error_rate"":0.0005}","{""detection_events"":1663,""detectors_checked"":616448}"
      1024,         0,         0,   0.178,exact_mw,09f626b7d1c8765fd231bc36902f9c5557d3909c4644565b971bdb2bfb186061,"{""distance"":7,""physical_error_rate"":0.0005}","{""detection_events"":1649,""detectors_checked"":616448}"
      1024,         0,         0,   0.081,exact_mw,09f626b7d1c8765fd231bc36902f9c5557d3909c4644565b971bdb2bfb186061,"{""distance"":7,""physical_error_rate"":0.0005}","{""detection_events"":1435,""detectors_checked"":616448}"
      1024,         0,         0,   0.176,exact_mw,09f626b7d1c8765fd231bc36902f9c5557d3909c4644565b971bdb2bfb186061,"{""distance"":7,""physical_error_rate"":0.0005}","{""detection_events"":1409,""detectors_checked"":616448}"
       273,         0,         0,   0.032,exact_mw,09f626b7d1c8765fd231bc36902f9c5557d3909c4644565b971bdb2bfb186061,"{""distance"":7,""physical_error_rate"":0.0005}","{""detection_events"":453,""detectors_checked"":164346}"
      1024,         0,         0,   0.108,exact_mw,09f626b7d1c8765fd231bc36902f9c5557d3909c4644565b971bdb2bfb186061,"{""distance"":7,""physical_error_rate"":0.0005}","{""detection_events"":1499,""detectors_checked"":616448}"
      1024,         0,         0,   0.106,exact_mw,09f626b7d1c8765fd231bc36902f9c5557d3909c4644565b971bdb2bfb186061,"{""distance"":7,""physical_error_rate"":0.0005}","{""detection_events"":1442,""detectors_checked"":616448}"
      1024,         0,         0,   0.150,exact_mw,09f626b7d1c8765fd231bc36902f9c5557d3909c4644565b971bdb2bfb186061,"{""distance"":7,""physical_error_rate"":0.0005}","{""detection_events"":1480,""detectors_checked"":616448}"
      1024,         0,         0,   0.208,exact_mw,09f626b7d1c8765fd231bc36902f9c5557d3909c4644565b971bdb2bfb186061,"{""distance"":7,""physical_error_rate"":0.0005}","{""detection_events"":1504,""detectors_checked"":616448}"
      1024,         0,         0,   0.093,exact_mw,09f626b7d1c8765fd231bc36902f9c5557d3909c4644565b971bdb2bfb186061,"{""distance"":7,""physical_error_rate"":0.0005}","{""detection_events"":1402,""detectors_checked"":616448}"
      1024,         0,         0,   0.095,exact_mw,09f626b7d1c8765fd231bc36902f9c5557d3909c4644565b971bdb2bfb186061,"{""distance"":7,""physical_error_rate"":0.0005}","{""detection_events"":1574,""detectors_checked"":616448}"
       273,         0,         0,   0.037,exact_mw,09f626b7d1c8765fd231bc36902f9c5557d3909c4644565b971bdb2bfb186061,"{""distance"":7,""physical_error_rate"":0.0005}","{""detection_events"":498,""detectors_checked"":164346}"
      1024,         0,         0,   0.179,exact_mw,09f626b7d1c8765fd231bc36902f9c5557d3909c4644565b971bdb2bfb186061,"{""distance"":7,""physical_error_rate"":0.0005}","{""detection_events"":1631,""detectors_checked"":616448}"
      1024,         0,         0,   0.109,exact_mw,09f626b7d1c8765fd231bc36902f9c5557d3909c4644565b971bdb2bfb186061,"{""distance"":7,""physical_error_rate"":0.0005}","{""detection_events"":1521,""detectors_checked"":616448}"
      1024,         0,         0,   0.106,exact_mw,09f626b7d1c8765fd231bc36902f9c5557d3909c4644565b971bdb2bfb186061,"{""distance"":7,""physical_error_rate"":0.0005}","{""detection_events"":1582,""detectors_checked"":616448}"
      1024,         0,         0,   0.157,exact_mw,09f626b7d1c8765fd231bc36902f9c5557d3909c4644565b971bdb2bfb186061,"{""distance"":7,""physical_error_rate"":0.0005}","{""detection_events"":1480,""detectors_checked"":616448}"
      1024,         0,         0,   0.140,exact_mw,09f626b7d1c8765fd231bc36902f9c5557d3909c4644565b971bdb2bfb186061,"{""distance"":7,""physical_error_rate"":0.0005}","{""detection_events"":1379,""detectors_checked"":616448}"
      1024,         0,         0,   0.159,exact_mw,09f626b7d1c8765fd231bc36902f9c5557d3909c4644565b971bdb2bfb186061,"{""distance"":7,""physical_error_rate"":0.0005}","{""detection_events"":1681,""detectors_checked"":616448}"
      1024,         0,         0,   0.155,exact_mw,09f626b7d1c8765fd231bc36902f9c5557d3909c4644565b971bdb2bfb186061,"{""distance"":7,""physical_error_rate"":0.0005}","{""detection_events"":1395,""detectors_checked"":616448}"
      1024,         0,         0,   0.132,exact_mw,09f626b7d1c8765fd231bc36902f9c5557d3909c4644565b971bdb2bfb186061,"{""distance"":7,""physical_error_rate"":0.0005}","{""detection_events"":1472,""detectors_checked"":616448}"
      1024,         0,         0,   0.104,exact_mw,09f626b7d1c8765fd231bc36902f9c5557d3909c4644565b971bdb2bfb186061,"{""distance"":7,""physical_error_rate"":0.0005}","{""detection_events"":1430,""detectors_checked"":616448}"
      2048,         0,         0,   0.352,exact_mw,09f626b7d1c8765fd231bc36902f9c5557d3909c4644565b971bdb2bfb186061,"{""distance"":7,""physical_error_rate"":0.0005}","{""detection_events"":3111,""detectors_checked"":1232896}"
      1024,         0,         0,   0.113,exact_mw,09f626b7d1c8765fd231bc36902f9c5557d3909c4644565b971bdb2bfb186061,"{""distance"":7,""physical_error_rate"":0.0005}","{""detection_events"":1532,""detectors_checked"":616448}"
      1024,         0,         0,   0.109,exact_mw,09f626b7d1c8765fd231bc36902f9c5557d3909c4644565b971bdb2bfb186061,"{""distance"":7,""physical_error_rate"":0.0005}","{""detection_events"":1607,""detectors_checked"":616448}"
      1024,         0,         0,   0.107,exact_mw,09f626b7d1c8765fd231bc36902f9c5557d3909c4644565b971bdb2bfb186061,"{""distance"":7,""physical_error_rate"":0.0005}","{""detection_events"":1540,""detectors_checked"":616448}"
      1024,         0,         0,   0.134,exact_mw,09f626b7d1c8765fd231bc36902f9c5557d3909c4644565b971bdb2bfb186061,"{""distance"":7,""physical_error_rate"":0.0005}","{""detection_events"":1590,""detectors_checked"":616448}"
      1024,         0,         0,   0.173,exact_mw,09f626b7d1c8765fd231bc36902f9c5557d3909c4644565b971bdb2bfb186061,"{""distance"":7,""physical_error_rate"":0.0005}","{""detection_events"":1624,""detectors_checked"":616448}"
      1024,         0,         0,   0.159,exact_mw,09f626b7d1c8765fd231bc36902f9c5557d3909c4644565b971bdb2bfb186061,"{""distance"":7,""physical_error_rate"":0.0005}","{""detection_events"":1507,""detectors_checked"":616448}"
      1024,         0,         0,   0.141,exact_mw,09f626b7d1c8765fd231bc36902f9c5557d3909c4644565b971bdb2bfb186061,"{""distance"":7,""physical_error_rate"":0.0005}","{""detection_events"":1575,""detectors_checked"":616448}"
      1024,         0,         0,   0.134,exact_mw,09f626b7d1c8765fd231bc36902f9c5557d3909c4644565b971bdb2bfb186061,"{""distance"":7,""physical_error_rate"":0.0005}","{""detection_events"":1626,""detectors_checked"":616448}"
        17,         0,         0,   0.014,exact_mw,09f626b7d1c8765fd231bc36902f9c5557d3909c4644565b971bdb2bfb186061,"{""distance"":7,""physical_error_rate"":0.0005}","{""detection_events"":22,""detectors_checked"":10234}"
      1024,         0,         0,   0.152,exact_mw,09f626b7d1c8765fd231bc36902f9c5557d3909c4644565b971bdb2bfb186061,"{""distance"":7,""physical_error_rate"":0.0005}","{""detection_events"":1577,""detectors_checked"":616448}"
      1024,         0,         0,   0.184,exact_mw,09f626b7d1c8765fd231bc36902f9c5557d3909c4644565b971bdb2bfb186061,"{""distance"":7,""physical_error_rate"":0.0005}","{""detection_events"":1445,""detectors_checked"":616448}"
      2048,         0,         0,   0.293,exact_mw,09f626b7d1c8765fd231bc36902f9c5557d3909c4644565b971bdb2bfb186061,"{""distance"":7,""physical_error_rate"":0.0005}","{""detection_events"":3135,""detectors_checked"":1232896}"
      1024,         0,         0,   0.200,exact_mw,09f626b7d1c8765fd231bc36902f9c5557d3909c4644565b971bdb2bfb186061,"{""distance"":7,""physical_error_rate"":0.0005}","{""detection_events"":1651,""detectors_checked"":616448}"
       273,         0,         0,   0.043,exact_mw,09f626b7d1c8765fd231bc36902f9c5557d3909c4644565b971bdb2bfb186061,"{""distance"":7,""physical_error_rate"":0.0005}","{""detection_events"":408,""detectors_checked"":164346}"
      1024,         0,         0,   0.287,exact_mw,09f626b7d1c8765fd231bc36902f9c5557d3909c4644565b971bdb2bfb186061,"{""distance"":7,""physical_error_rate"":0.0005}","{""detection_events"":1522,""detectors_checked"":616448}"
      1024,         0,         0,   0.208,exact_mw,09f626b7d1c8765fd231bc36902f9c5557d3909c4644565b971bdb2bfb186061,"{""distance"":7,""physical_error_rate"":0.0005}","{""detection_events"":1552,""detectors_checked"":616448}"
      1024,         0,         0,   0.102,exact_mw,09f626b7d1c8765fd231bc36902f9c5557d3909c4644565b971bdb2bfb186061,"{""distance"":7,""physical_error_rate"":0.0005}","{""detection_events"":1380,""detectors_checked"":616448}"
      2048,         1,         0,   0.269,exact_mw,09f626b7d1c8765fd231bc36902f9c5557d3909c4644565b971bdb2bfb186061,"{""distance"":7,""physical_error_rate"":0.0005}","{""detection_events"":2985,""detectors_checked"":1232896,""obs_mistake_mask=E"":1}"
      1024,         0,         0,   0.199,exact_mw,09f626b7d1c8765fd231bc36902f9c5557d3909c4644565b971bdb2bfb186061,"{""distance"":7,""physical_error_rate"":0.0005}","{""detection_events"":1602,""detectors_checked"":616448}"
      1280,         0,         0,   0.220,exact_mw,09f626b7d1c8765fd231bc36902f9c5557d3909c4644565b971bdb2bfb186061,"{""distance"":7,""physical_error_rate"":0.0005}","{""detection_events"":1879,""detectors_checked"":770560}"
      2048,         0,         0,   0.298,exact_mw,09f626b7d1c8765fd231bc36902f9c5557d3909c4644565b971bdb2bfb186061,"{""distance"":7,""physical_error_rate"":0.0005}","{""detection_events"":3034,""detectors_checked"":1232896}"
         1,         0,         0,   0.001,exact_mw,09f626b7d1c8765fd231bc36902f9c5557d3909c4644565b971bdb2bfb186061,"{""distance"":7,""physical_error_rate"":0.0005}","{""detectors_checked"":602}"
      1024,         0,         0,   0.161,exact_mw,09f626b7d1c8765fd231bc36902f9c5557d3909c4644565b971bdb2bfb186061,"{""distance"":7,""physical_error_rate"":0.0005}","{""detection_events"":1632,""detectors_checked"":616448}"
      1024,         0,         0,   0.155,exact_mw,09f626b7d1c8765fd231bc36902f9c5557d3909c4644565b971bdb2bfb186061,"{""distance"":7,""physical_error_rate"":0.0005}","{""detection_events"":1627,""detectors_checked"":616448}"
       272,         0,         0,   0.062,exact_mw,09f626b7d1c8765fd231bc36902f9c5557d3909c4644565b971bdb2bfb186061,"{""distance"":7,""physical_error_rate"":0.0005}","{""detection_events"":421,""detectors_checked"":163744}"
      1024,         0,         0,   0.137,exact_mw,09f626b7d1c8765fd231bc36902f9c5557d3909c4644565b971bdb2bfb186061,"{""distance"":7,""physical_error_rate"":0.0005}","{""detection_events"":1435,""detectors_checked"":616448}"
         1,         0,         0,   0.001,exact_mw,09f626b7d1c8765fd231bc36902f9c5557d3909c4644565b971bdb2bfb186061,"{""distance"":7,""physical_error_rate"":0.0005}","{""detection_events"":4,""detectors_checked"":602}"
      1024,         0,         0,   0.172,exact_mw,09f626b7d1c8765fd231bc36902f9c5557d3909c4644565b971bdb2bfb186061,"{""distance"":7,""physical_error_rate"":0.0005}","{""detection_events"":1602,""detectors_checked"":616448}"
       272,         0,         0,   0.061,exact_mw,09f626b7d1c8765fd231bc36902f9c5557d3909c4644565b971bdb2bfb186061,"{""distance"":7,""physical_error_rate"":0.0005}","{""detection_events"":457,""detectors_checked"":163744}"
      2048,         0,         0,   0.230,exact_mw,09f626b7d1c8765fd231bc36902f9c5557d3909c4644565b971bdb2bfb186061,"{""distance"":7,""physical_error_rate"":0.0005}","{""detection_events"":3128,""detectors_checked"":1232896}"
      4096,         0,         0,   0.544,exact_mw,09f626b7d1c8765fd231bc36902f9c5557d3909c4644565b971bdb2bfb186061,"{""distance"":7,""physical_error_rate"":0.0005}","{""detection_events"":5998,""detectors_checked"":2465792}"
      1024,         0,         0,   0.109,exact_mw,09f626b7d1c8765fd231bc36902f9c5557d3909c4644565b971bdb2bfb186061,"{""distance"":7,""physical_error_rate"":0.0005}","{""detection_events"":1313,""detectors_checked"":616448}"
      1024,         0,         0,   0.190,exact_mw,09f626b7d1c8765fd231bc36902f9c5557d3909c4644565b971bdb2bfb186061,"{""distance"":7,""physical_error_rate"":0.0005}","{""detection_events"":1587,""detectors_checked"":616448}"
       273,         0,         0,   0.046,exact_mw,09f626b7d1c8765fd231bc36902f9c5557d3909c4644565b971bdb2bfb186061,"{""distance"":7,""physical_error_rate"":0.0005}","{""detection_events"":378,""detectors_checked"":164346}"
      1024,         0,         0,   0.132,exact_mw,09f626b7d1c8765fd231bc36902f9c5557d3909c4644565b971bdb2bfb186061,"{""distance"":7,""physical_error_rate"":0.0005}","{""detection_events"":1539,""detectors_checked"":616448}"
      2048,         0,         0,   0.359,exact_mw,09f626b7d1c8765fd231bc36902f9c5557d3909c4644565b971bdb2bfb186061,"{""distance"":7,""physical_error_rate"":0.0005}","{""detection_events"":3239,""detectors_checked"":1232896}"
      1024,         0,         0,   0.128,exact_mw,09f626b7d1c8765fd231bc36902f9c5557d3909c4644565b971bdb2bfb186061,"{""distance"":7,""physical_error_rate"":0.0005}","{""detection_events"":1510,""detectors_checked"":616448}"
      2048,         0,         0,   0.328,exact_mw,09f626b7d1c8765fd231bc36902f9c5557d3909c4644565b971bdb2bfb186061,"{""distance"":7,""physical_error_rate"":0.0005}","{""detection_events"":3170,""detectors_checked"":1232896}"
       273,         0,         0,   0.086,exact_mw,09f626b7d1c8765fd231bc36902f9c5557d3909c4644565b971bdb2bfb186061,"{""distance"":7,""physical_error_rate"":0.0005}","{""detection_events"":441,""detectors_checked"":164346}"
      2048,         0,         0,   0.277,exact_mw,09f626b7d1c8765fd231bc36902f9c5557d3909c4644565b971bdb2bfb186061,"{""distance"":7,""physical_error_rate"":0.0005}","{""detection_events"":3138,""detectors_checked"":1232896}"
      1024,         0,         0,   0.218,exact_mw,09f626b7d1c8765fd231bc36902f9c5557d3909c4644565b971bdb2bfb186061,"{""distance"":7,""physical_error_rate"":0.0005}","{""detection_events"":1538,""detectors_checked"":616448}"
      3072,         0,         0,   0.368,exact_mw,09f626b7d1c8765fd231bc36902f9c5557d3909c4644565b971bdb2bfb186061,"{""distance"":7,""physical_error_rate"":0.0005}","{""detection_events"":4671,""detectors_checked"":1849344}"
      1024,         0,         0,   0.113,exact_mw,09f626b7d1c8765fd231bc36902f9c5557d3909c4644565b971bdb2bfb186061,"{""distance"":7,""physical_error_rate"":0.0005}","{""detection_events"":1624,""detectors_checked"":616448}"
      1024,         0,         0,   0.115,exact_mw,09f626b7d1c8765fd231bc36902f9c5557d3909c4644565b971bdb2bfb186061,"{""distance"":7,""physical_error_rate"":0.0005}","{""detection_events"":1564,""detectors_checked"":616448}"
         1,         0,         0,   0.001,exact_mw,09f626b7d1c8765fd231bc36902f9c5557d3909c4644565b971bdb2bfb186061,"{""distance"":7,""physical_error_rate"":0.0005}","{""detectors_checked"":602}"
      1024,         0,         0,   0.175,exact_mw,09f626b7d1c8765fd231bc36902f9c5557d3909c4644565b971bdb2bfb186061,"{""distance"":7,""physical_error_rate"":0.0005}","{""detection_events"":1581,""detectors_checked"":616448}"
      1024,         0,         0,   0.176,exact_mw,09f626b7d1c8765fd231bc36902f9c5557d3909c4644565b971bdb2bfb186061,"{""distance"":7,""physical_error_rate"":0.0005}","{""detection_events"":1477,""detectors_checked"":616448}"
       272,         0,         0,   0.036,exact_mw,09f626b7d1c8765fd231bc36902f9c5557d3909c4644565b971bdb2bfb186061,"{""distance"":7,""physical_error_rate"":0.0005}","{""detection_events"":343,""detectors_checked"":163744}"
      1024,         0,         0,   0.159,exact_mw,09f626b7d1c8765fd231bc36902f9c5557d3909c4644565b971bdb2bfb186061,"{""distance"":7,""physical_error_rate"":0.0005}","{""detection_events"":1557,""detectors_checked"":616448}"
      1024,         0,         0,   0.167,exact_mw,09f626b7d1c8765fd231bc36902f9c5557d3909c4644565b971bdb2bfb186061,"{""distance"":7,""physical_error_rate"":0.0005}","{""detection_events"":1551,""detectors_checked"":616448}"
      2048,         0,         0,   0.403,exact_mw,09f626b7d1c8765fd231bc36902f9c5557d3909c4644565b971bdb2bfb186061,"{""distance"":7,""physical_error_rate"":0.0005}","{""detection_events"":3038,""detectors_checked"":1232896}"
      1024,         0,         0,   0.085,exact_mw,09f626b7d1c8765fd231bc36902f9c5557d3909c4644565b971bdb2bfb186061,"{""distance"":7,""physical_error_rate"":0.0005}","{""detection_events"":1330,""detectors_checked"":616448}"
      1024,         0,         0,   0.212,exact_mw,09f626b7d1c8765fd231bc36902f9c5557d3909c4644565b971bdb2bfb186061,"{""distance"":7,""physical_error_rate"":0.0005}","{""detection_events"":1445,""detectors_checked"":616448}"
      1024,         0,         0,   0.116,exact_mw,09f626b7d1c8765fd231bc36902f9c5557d3909c4644565b971bdb2bfb186061,"{""distance"":7,""physical_error_rate"":0.0005}","{""detection_events"":1551,""detectors_checked"":616448}"
      2048,         0,         0,   0.327,exact_mw,09f626b7d1c8765fd231bc36902f9c5557d3909c4644565b971bdb2bfb186061,"{""distance"":7,""physical_error_rate"":0.0005}","{""detection_events"":3018,""detectors_checked"":1232896}"
      1024,         0,         0,   0.137,exact_mw,09f626b7d1c8765fd231bc36902f9c5557d3909c4644565b971bdb2bfb186061,"{""distance"":7,""physical_error_rate"":0.0005}","{""detection_events"":1633,""detectors_checked"":616448}"
      1024,         0,         0,   0.190,exact_mw,09f626b7d1c8765fd231bc36902f9c5557d3909c4644565b971bdb2bfb186061,"{""distance"":7,""physical_error_rate"":0.0005}","{""detection_events"":1463,""detectors_checked"":616448}"
      2048,         0,         0,   0.317,exact_mw,09f626b7d1c8765fd231bc36902f9c5557d3909c4644565b971bdb2bfb186061,"{""distance"":7,""physical_error_rate"":0.0005}","{""detection_events"":2877,""detectors_checked"":1232896}"
      1024,         0,         0,   0.112,exact_mw,09f626b7d1c8765fd231bc36902f9c5557d3909c4644565b971bdb2bfb186061,"{""distance"":7,""physical_error_rate"":0.0005}","{""detection_events"":1443,""detectors_checked"":616448}"
      1024,         0,         0,   0.161,exact_mw,09f626b7d1c8765fd231bc36902f9c5557d3909c4644565b971bdb2bfb186061,"{""distance"":7,""physical_error_rate"":0.0005}","{""detection_events"":1483,""detectors_checked"":616448}"
      1024,         0,         0,   0.089,exact_mw,09f626b7d1c8765fd231bc36902f9c5557d3909c4644565b971bdb2bfb186061,"{""distance"":7,""physical_error_rate"":0.0005}","{""detection_events"":1497,""detectors_checked"":616448}"
      1024,         0,         0,   0.134,exact_mw,09f626b7d1c8765fd231bc36902f9c5557d3909c4644565b971bdb2bfb186061,"{""distance"":7,""physical_error_rate"":0.0005}","{""detection_events"":1483,""detectors_checked"":616448}"
      1024,         0,         0,   0.129,exact_mw,09f626b7d1c8765fd231bc36902f9c5557d3909c4644565b971bdb2bfb186061,"{""distance"":7,""physical_error_rate"":0.0005}","{""detection_events"":1548,""detectors_checked"":616448}"
      1024,         0,         0,   0.157,exact_mw,09f626b7d1c8765fd231bc36902f9c5557d3909c4644565b971bdb2bfb186061,"{""distance"":7,""physical_error_rate"":0.0005}","{""detection_events"":1583,""detectors_checked"":616448}"
      1024,         0,         0,   0.119,exact_mw,09f626b7d1c8765fd231bc36902f9c5557d3909c4644565b971bdb2bfb186061,"{""distance"":7,""physical_error_rate"":0.0005}","{""detection_events"":1343,""detectors_checked"":616448}"
      2048,         0,         0,   0.383,exact_mw,09f626b7d1c8765fd231bc36902f9c5557d3909c4644565b971bdb2bfb186061,"{""distance"":7,""physical_error_rate"":0.0005}","{""detection_events"":3062,""detectors_checked"":1232896}"
      1024,         0,         0,   0.114,exact_mw,09f626b7d1c8765fd231bc36902f9c5557d3909c4644565b971bdb2bfb186061,"{""distance"":7,""physical_error_rate"":0.0005}","{""detection_events"":1513,""detectors_checked"":616448}"
      3072,         0,         0,   0.406,exact_mw,09f626b7d1c8765fd231bc36902f9c5557d3909c4644565b971bdb2bfb186061,"{""distance"":7,""physical_error_rate"":0.0005}","{""detection_events"":4693,""detectors_checked"":1849344}"
      2048,         0,         0,   0.319,exact_mw,09f626b7d1c8765fd231bc36902f9c5557d3909c4644565b971bdb2bfb186061,"{""distance"":7,""physical_error_rate"":0.0005}","{""detection_events"":3103,""detectors_checked"":1232896}"
      1024,         0,         0,   0.106,exact_mw,09f626b7d1c8765fd231bc36902f9c5557d3909c4644565b971bdb2bfb186061,"{""distance"":7,""physical_error_rate"":0.0005}","{""detection_events"":1493,""detectors_checked"":616448}"
      3072,         0,         0,   0.427,exact_mw,09f626b7d1c8765fd231bc36902f9c5557d3909c4644565b971bdb2bfb186061,"{""distance"":7,""physical_error_rate"":0.0005}","{""detection_events"":4392,""detectors_checked"":1849344}"
      1024,         0,         0,   0.080,exact_mw,09f626b7d1c8765fd231bc36902f9c5557d3909c4644565b971bdb2bfb186061,"{""distance"":7,""physical_error_rate"":0.0005}","{""detection_events"":1463,""detectors_checked"":616448}"
      1024,         0,         0,   0.299,exact_mw,09f626b7d1c8765fd231bc36902f9c5557d3909c4644565b971bdb2bfb186061,"{""distance"":7,""physical_error_rate"":0.0005}","{""detection_events"":1533,""detectors_checked"":616448}"
      1024,         0,         0,   0.183,exact_mw,09f626b7d1c8765fd231bc36902f9c5557d3909c4644565b971bdb2bfb186061,"{""distance"":7,""physical_error_rate"":0.0005}","{""detection_events"":1472,""detectors_checked"":616448}"
      1024,         0,         0,   0.149,exact_mw,09f626b7d1c8765fd231bc36902f9c5557d3909c4644565b971bdb2bfb186061,"{""distance"":7,""physical_error_rate"":0.0005}","{""detection_events"":1505,""detectors_checked"":616448}"
      1024,         0,         0,   0.192,exact_mw,09f626b7d1c8765fd231bc36902f9c5557d3909c4644565b971bdb2bfb186061,"{""distance"":7,""physical_error_rate"":0.0005}","{""detection_events"":1668,""detectors_checked"":616448}"
      1024,         0,         0,   0.098,exact_mw,09f626b7d1c8765fd231bc36902f9c5557d3909c4644565b971bdb2bfb186061,"{""distance"":7,""physical_error_rate"":0.0005}","{""detection_events"":1494,""detectors_checked"":616448}"
      2048,         0,         0,   0.309,exact_mw,09f626b7d1c8765fd231bc36902f9c5557d3909c4644565b971bdb2bfb186061,"{""distance"":7,""physical_error_rate"":0.0005}","{""detection_events"":3142,""detectors_checked"":1232896}"
      1024,         0,         0,   0.316,exact_mw,09f626b7d1c8765fd231bc36902f9c5557d3909c4644565b971bdb2bfb186061,"{""distance"":7,""physical_error_rate"":0.0005}","{""detection_events"":1537,""detectors_checked"":616448}"
      1024,         0,         0,   0.211,exact_mw,09f626b7d1c8765fd231bc36902f9c5557d3909c4644565b971bdb2bfb186061,"{""distance"":7,""physical_error_rate"":0.0005}","{""detection_events"":1629,""detectors_checked"":616448}"
      4096,         0,         0,   0.626,exact_mw,09f626b7d1c8765fd231bc36902f9c5557d3909c4644565b971bdb2bfb186061,"{""distance"":7,""physical_error_rate"":0.0005}","{""detection_events"":5907,""detectors_checked"":2465792}"
      2048,         0,         0,   0.348,exact_mw,09f626b7d1c8765fd231bc36902f9c5557d3909c4644565b971bdb2bfb186061,"{""distance"":7,""physical_error_rate"":0.0005}","{""detection_events"":2873,""detectors_checked"":1232896}"
      1024,         0,         0,   0.191,exact_mw,09f626b7d1c8765fd231bc36902f9c5557d3909c4644565b971bdb2bfb186061,"{""distance"":7,""physical_error_rate"":0.0005}","{""detection_events"":1459,""detectors_checked"":616448}"
      5120,         0,         0,   0.436,exact_mw,09f626b7d1c8765fd231bc36902f9c5557d3909c4644565b971bdb2bfb186061,"{""distance"":7,""physical_error_rate"":0.0005}","{""detection_events"":7774,""detectors_checked"":3082240}"
      1024,         0,         0,   0.105,exact_mw,09f626b7d1c8765fd231bc36902f9c5557d3909c4644565b971bdb2bfb186061,"{""distance"":7,""physical_error_rate"":0.0005}","{""detection_events"":1439,""detectors_checked"":616448}"
      1024,         0,         0,   0.238,exact_mw,09f626b7d1c8765fd231bc36902f9c5557d3909c4644565b971bdb2bfb186061,"{""distance"":7,""physical_error_rate"":0.0005}","{""detection_events"":1549,""detectors_checked"":616448}"
      1024,         0,         0,   0.163,exact_mw,09f626b7d1c8765fd231bc36902f9c5557d3909c4644565b971bdb2bfb186061,"{""distance"":7,""physical_error_rate"":0.0005}","{""detection_events"":1461,""detectors_checked"":616448}"
      1024,         0,         0,   0.131,exact_mw,09f626b7d1c8765fd231bc36902f9c5557d3909c4644565b971bdb2bfb186061,"{""distance"":7,""physical_error_rate"":0.0005}","{""detection_events"":1409,""detectors_checked"":616448}"
      1024,         0,         0,   0.136,exact_mw,09f626b7d1c8765fd231bc36902f9c5557d3909c4644565b971bdb2bfb186061,"{""distance"":7,""physical_error_rate"":0.0005}","{""detection_events"":1485,""detectors_checked"":616448}"
      1024,         0,         0,   0.134,exact_mw,09f626b7d1c8765fd231bc36902f9c5557d3909c4644565b971bdb2bfb186061,"{""distance"":7,""physical_error_rate"":0.0005}","{""detection_events"":1683,""detectors_checked"":616448}"
      2048,         0,         0,   0.310,exact_mw,09f626b7d1c8765fd231bc36902f9c5557d3909c4644565b971bdb2bfb186061,"{""distance"":7,""physical_error_rate"":0.0005}","{""detection_events"":3129,""detectors_checked"":1232896}"
      1024,         0,         0,   0.192,exact_mw,09f626b7d1c8765fd231bc36902f9c5557d3909c4644565b971bdb2bfb186061,"{""distance"":7,""physical_error_rate"":0.0005}","{""detection_events"":1690,""detectors_checked"":616448}"
      1024,         0,         0,   0.243,exact_mw,09f626b7d1c8765fd231bc36902f9c5557d3909c4644565b971bdb2bfb186061,"{""distance"":7,""physical_error_rate"":0.0005}","{""detection_events"":1553,""detectors_checked"":616448}"
      1024,         0,         0,   0.083,exact_mw,09f626b7d1c8765fd231bc36902f9c5557d3909c4644565b971bdb2bfb186061,"{""distance"":7,""physical_error_rate"":0.0005}","{""detection_events"":1505,""detectors_checked"":616448}"
      1024,         0,         0,   0.150,exact_mw,09f626b7d1c8765fd231bc36902f9c5557d3909c4644565b971bdb2bfb186061,"{""distance"":7,""physical_error_rate"":0.0005}","{""detection_events"":1381,""detectors_checked"":616448}"
       273,         0,         0,   0.070,exact_mw,09f626b7d1c8765fd231bc36902f9c5557d3909c4644565b971bdb2bfb186061,"{""distance"":7,""physical_error_rate"":0.0005}","{""detection_events"":421,""detectors_checked"":164346}"
       273,         0,         0,   0.035,exact_mw,09f626b7d1c8765fd231bc36902f9c5557d3909c4644565b971bdb2bfb186061,"{""distance"":7,""physical_error_rate"":0.0005}","{""detection_events"":400,""detectors_checked"":164346}"
      1024,         0,         0,   0.111,exact_mw,09f626b7d1c8765fd231bc36902f9c5557d3909c4644565b971bdb2bfb186061,"{""distance"":7,""physical_error_rate"":0.0005}","{""detection_events"":1618,""detectors_checked"":616448}"
      1024,         0,         0,   0.116,exact_mw,09f626b7d1c8765fd231bc36902f9c5557d3909c4644565b971bdb2bfb186061,"{""distance"":7,""physical_error_rate"":0.0005}","{""detection_events"":1370,""detectors_checked"":616448}"
      3072,         0,         0,   0.411,exact_mw,09f626b7d1c8765fd231bc36902f9c5557d3909c4644565b971bdb2bfb186061,"{""distance"":7,""physical_error_rate"":0.0005}","{""detection_events"":4382,""detectors_checked"":1849344}"
      1024,         0,         0,   0.230,exact_mw,09f626b7d1c8765fd231bc36902f9c5557d3909c4644565b971bdb2bfb186061,"{""distance"":7,""physical_error_rate"":0.0005}","{""detection_events"":1546,""detectors_checked"":616448}"
      2048,         0,         0,   0.139,exact_mw,09f626b7d1c8765fd231bc36902f9c5557d3909c4644565b971bdb2bfb186061,"{""distance"":7,""physical_error_rate"":0.0005}","{""detection_events"":3094,""detectors_checked"":1232896}"
      3072,         0,         0,   0.332,exact_mw,09f626b7d1c8765fd231bc36902f9c5557d3909c4644565b971bdb2bfb186061,"{""distance"":7,""physical_error_rate"":0.0005}","{""detection_events"":4430,""detectors_checked"":1849344}"
      2048,         0,         0,   0.222,exact_mw,09f626b7d1c8765fd231bc36902f9c5557d3909c4644565b971bdb2bfb186061,"{""distance"":7,""physical_error_rate"":0.0005}","{""detection_events"":2984,""detectors_checked"":1232896}"
       273,         0,         0,   0.034,exact_mw,09f626b7d1c8765fd231bc36902f9c5557d3909c4644565b971bdb2bfb186061,"{""distance"":7,""physical_error_rate"":0.0005}","{""detection_events"":378,""detectors_checked"":164346}"
      4096,         0,         0,   0.492,exact_mw,09f626b7d1c8765fd231bc36902f9c5557d3909c4644565b971bdb2bfb186061,"{""distance"":7,""physical_error_rate"":0.0005}","{""detection_events"":6024,""detectors_checked"":2465792}"
      1024,         0,         0,   0.114,exact_mw,09f626b7d1c8765fd231bc36902f9c5557d3909c4644565b971bdb2bfb186061,"{""distance"":7,""physical_error_rate"":0.0005}","{""detection_events"":1557,""detectors_checked"":616448}"
      1024,         0,         0,   0.218,exact_mw,09f626b7d1c8765fd231bc36902f9c5557d3909c4644565b971bdb2bfb186061,"{""distance"":7,""physical_error_rate"":0.0005}","{""detection_events"":1555,""detectors_checked"":616448}"
      1024,         0,         0,   0.127,exact_mw,09f626b7d1c8765fd231bc36902f9c5557d3909c4644565b971bdb2bfb186061,"{""distance"":7,""physical_error_rate"":0.0005}","{""detection_events"":1470,""detectors_checked"":616448}"
      2048,         0,         0,   0.277,exact_mw,09f626b7d1c8765fd231bc36902f9c5557d3909c4644565b971bdb2bfb186061,"{""distance"":7,""physical_error_rate"":0.0005}","{""detection_events"":3043,""detectors_checked"":1232896}"
      4096,         0,         0,   0.546,exact_mw,09f626b7d1c8765fd231bc36902f9c5557d3909c4644565b971bdb2bfb186061,"{""distance"":7,""physical_error_rate"":0.0005}","{""detection_events"":6072,""detectors_checked"":2465792}"
      1024,         0,         0,   0.204,exact_mw,09f626b7d1c8765fd231bc36902f9c5557d3909c4644565b971bdb2bfb186061,"{""distance"":7,""physical_error_rate"":0.0005}","{""detection_events"":1521,""detectors_checked"":616448}"
      2048,         0,         0,   0.138,exact_mw,09f626b7d1c8765fd231bc36902f9c5557d3909c4644565b971bdb2bfb186061,"{""distance"":7,""physical_error_rate"":0.0005}","{""detection_events"":2918,""detectors_checked"":1232896}"
      1024,         0,         0,   0.192,exact_mw,09f626b7d1c8765fd231bc36902f9c5557d3909c4644565b971bdb2bfb186061,"{""distance"":7,""physical_error_rate"":0.0005}","{""detection_events"":1475,""detectors_checked"":616448}"
      3072,         0,         0,   0.437,exact_mw,09f626b7d1c8765fd231bc36902f9c5557d3909c4644565b971bdb2bfb186061,"{""distance"":7,""physical_error_rate"":0.0005}","{""detection_events"":4435,""detectors_checked"":1849344}"
      2048,         0,         0,   0.340,exact_mw,09f626b7d1c8765fd231bc36902f9c5557d3909c4644565b971bdb2bfb186061,"{""distance"":7,""physical_error_rate"":0.0005}","{""detection_events"":2947,""detectors_checked"":1232896}"
      1024,         0,         0,   0.148,exact_mw,09f626b7d1c8765fd231bc36902f9c5557d3909c4644565b971bdb2bfb186061,"{""distance"":7,""physical_error_rate"":0.0005}","{""detection_events"":1519,""detectors_checked"":616448}"
      1024,         0,         0,   0.234,exact_mw,09f626b7d1c8765fd231bc36902f9c5557d3909c4644565b971bdb2bfb186061,"{""distance"":7,""physical_error_rate"":0.0005}","{""detection_events"":1505,""detectors_checked"":616448}"
      1024,         0,         0,   0.290,exact_mw,09f626b7d1c8765fd231bc36902f9c5557d3909c4644565b971bdb2bfb186061,"{""distance"":7,""physical_error_rate"":0.0005}","{""detection_events"":1576,""detectors_checked"":616448}"
      1024,         0,         0,   0.209,exact_mw,09f626b7d1c8765fd231bc36902f9c5557d3909c4644565b971bdb2bfb186061,"{""distance"":7,""physical_error_rate"":0.0005}","{""detection_events"":1553,""detectors_checked"":616448}"
      1024,         0,         0,   0.201,exact_mw,09f626b7d1c8765fd231bc36902f9c5557d3909c4644565b971bdb2bfb186061,"{""distance"":7,""physical_error_rate"":0.0005}","{""detection_events"":1532,""detectors_checked"":616448}"
      2048,         0,         0,   0.206,exact_mw,09f626b7d1c8765fd231bc36902f9c5557d3909c4644565b971bdb2bfb186061,"{""distance"":7,""physical_error_rate"":0.0005}","{""detection_events"":3077,""detectors_checked"":1232896}"
      3072,         0,         0,   0.520,exact_mw,09f626b7d1c8765fd231bc36902f9c5557d3909c4644565b971bdb2bfb186061,"{""distance"":7,""physical_error_rate"":0.0005}","{""detection_events"":4593,""detectors_checked"":1849344}"
      2048,         0,         0,   0.307,exact_mw,09f626b7d1c8765fd231bc36902f9c5557d3909c4644565b971bdb2bfb186061,"{""distance"":7,""physical_error_rate"":0.0005}","{""detection_events"":3039,""detectors_checked"":1232896}"
      2048,         0,         0,   0.323,exact_mw,09f626b7d1c8765fd231bc36902f9c5557d3909c4644565b971bdb2bfb186061,"{""distance"":7,""physical_error_rate"":0.0005}","{""detection_events"":3285,""detectors_checked"":1232896}"
      5120,         0,         0,   0.629,exact_mw,09f626b7d1c8765fd231bc36902f9c5557d3909c4644565b971bdb2bfb186061,"{""distance"":7,""physical_error_rate"":0.0005}","{""detection_events"":7475,""detectors_checked"":3082240}"
      1024,         0,         0,   0.213,exact_mw,09f626b7d1c8765fd231bc36902f9c5557d3909c4644565b971bdb2bfb186061,"{""distance"":7,""physical_error_rate"":0.0005}","{""detection_events"":1466,""detectors_checked"":616448}"
      2048,         0,         0,   0.294,exact_mw,09f626b7d1c8765fd231bc36902f9c5557d3909c4644565b971bdb2bfb186061,"{""distance"":7,""physical_error_rate"":0.0005}","{""detection_events"":2950,""detectors_checked"":1232896}"
      1024,         0,         0,   0.197,exact_mw,09f626b7d1c8765fd231bc36902f9c5557d3909c4644565b971bdb2bfb186061,"{""distance"":7,""physical_error_rate"":0.0005}","{""detection_events"":1469,""detectors_checked"":616448}"
      1024,         0,         0,   0.251,exact_mw,09f626b7d1c8765fd231bc36902f9c5557d3909c4644565b971bdb2bfb186061,"{""distance"":7,""physical_error_rate"":0.0005}","{""detection_events"":1519,""detectors_checked"":616448}"
      2048,         0,         0,   0.374,exact_mw,09f626b7d1c8765fd231bc36902f9c5557d3909c4644565b971bdb2bfb186061,"{""distance"":7,""physical_error_rate"":0.0005}","{""detection_events"":2921,""detectors_checked"":1232896}"
      1024,         0,         0,   0.207,exact_mw,09f626b7d1c8765fd231bc36902f9c5557d3909c4644565b971bdb2bfb186061,"{""distance"":7,""physical_error_rate"":0.0005}","{""detection_events"":1490,""detectors_checked"":616448}"
      1024,         0,         0,   0.346,exact_mw,09f626b7d1c8765fd231bc36902f9c5557d3909c4644565b971bdb2bfb186061,"{""distance"":7,""physical_error_rate"":0.0005}","{""detection_events"":1529,""detectors_checked"":616448}"
      3072,         0,         0,   0.502,exact_mw,09f626b7d1c8765fd231bc36902f9c5557d3909c4644565b971bdb2bfb186061,"{""distance"":7,""physical_error_rate"":0.0005}","{""detection_events"":4421,""detectors_checked"":1849344}"
      5120,         0,         0,   0.829,exact_mw,09f626b7d1c8765fd231bc36902f9c5557d3909c4644565b971bdb2bfb186061,"{""distance"":7,""physical_error_rate"":0.0005}","{""detection_events"":7340,""detectors_checked"":3082240}"
      4096,         0,         0,   0.592,exact_mw,09f626b7d1c8765fd231bc36902f9c5557d3909c4644565b971bdb2bfb186061,"{""distance"":7,""physical_error_rate"":0.0005}","{""detection_events"":5939,""detectors_checked"":2465792}"
      4096,         0,         0,   0.237,exact_mw,09f626b7d1c8765fd231bc36902f9c5557d3909c4644565b971bdb2bfb186061,"{""distance"":7,""physical_error_rate"":0.0005}","{""detection_events"":5992,""detectors_checked"":2465792}"
      1024,         0,         0,   0.161,exact_mw,09f626b7d1c8765fd231bc36902f9c5557d3909c4644565b971bdb2bfb186061,"{""distance"":7,""physical_error_rate"":0.0005}","{""detection_events"":1406,""detectors_checked"":616448}"
      1024,         0,         0,   0.152,exact_mw,09f626b7d1c8765fd231bc36902f9c5557d3909c4644565b971bdb2bfb186061,"{""distance"":7,""physical_error_rate"":0.0005}","{""detection_events"":1469,""detectors_checked"":616448}"
      1297,         0,         0,   0.239,exact_mw,09f626b7d1c8765fd231bc36902f9c5557d3909c4644565b971bdb2bfb186061,"{""distance"":7,""physical_error_rate"":0.0005}","{""detection_events"":1905,""detectors_checked"":780794}"
      2048,         0,         0,   0.431,exact_mw,09f626b7d1c8765fd231bc36902f9c5557d3909c4644565b971bdb2bfb186061,"{""distance"":7,""physical_error_rate"":0.0005}","{""detection_events"":3059,""detectors_checked"":1232896}"
      5120,         0,         0,   0.586,exact_mw,09f626b7d1c8765fd231bc36902f9c5557d3909c4644565b971bdb2bfb186061,"{""distance"":7,""physical_error_rate"":0.0005}","{""detection_events"":7764,""detectors_checked"":3082240}"
      2048,         0,         0,   0.369,exact_mw,09f626b7d1c8765fd231bc36902f9c5557d3909c4644565b971bdb2bfb186061,"{""distance"":7,""physical_error_rate"":0.0005}","{""detection_events"":2994,""detectors_checked"":1232896}"
      2048,         0,         0,   0.303,exact_mw,09f626b7d1c8765fd231bc36902f9c5557d3909c4644565b971bdb2bfb186061,"{""distance"":7,""physical_error_rate"":0.0005}","{""detection_events"":3024,""detectors_checked"":1232896}"
      1024,         0,         0,   0.227,exact_mw,09f626b7d1c8765fd231bc36902f9c5557d3909c4644565b971bdb2bfb186061,"{""distance"":7,""physical_error_rate"":0.0005}","{""detection_events"":1601,""detectors_checked"":616448}"
      1024,         0,         0,   0.107,exact_mw,09f626b7d1c8765fd231bc36902f9c5557d3909c4644565b971bdb2bfb186061,"{""distance"":7,""physical_error_rate"":0.0005}","{""detection_events"":1506,""detectors_checked"":616448}"
      2048,         0,         0,   0.310,exact_mw,09f626b7d1c8765fd231bc36902f9c5557d3909c4644565b971bdb2bfb186061,"{""distance"":7,""physical_error_rate"":0.0005}","{""detection_events"":3027,""detectors_checked"":1232896}"
      1024,         0,         0,   0.243,exact_mw,09f626b7d1c8765fd231bc36902f9c5557d3909c4644565b971bdb2bfb186061,"{""distance"":7,""physical_error_rate"":0.0005}","{""detection_events"":1480,""detectors_checked"":616448}"
      5120,         0,         0,   0.680,exact_mw,09f626b7d1c8765fd231bc36902f9c5557d3909c4644565b971bdb2bfb186061,"{""distance"":7,""physical_error_rate"":0.0005}","{""detection_events"":7675,""detectors_checked"":3082240}"
      3072,         0,         0,   0.601,exact_mw,09f626b7d1c8765fd231bc36902f9c5557d3909c4644565b971bdb2bfb186061,"{""distance"":7,""physical_error_rate"":0.0005}","{""detection_events"":4603,""detectors_checked"":1849344}"
      2048,         0,         0,   0.327,exact_mw,09f626b7d1c8765fd231bc36902f9c5557d3909c4644565b971bdb2bfb186061,"{""distance"":7,""physical_error_rate"":0.0005}","{""detection_events"":3141,""detectors_checked"":1232896}"
      1024,         0,         0,   0.176,exact_mw,09f626b7d1c8765fd231bc36902f9c5557d3909c4644565b971bdb2bfb186061,"{""distance"":7,""physical_error_rate"":0.0005}","{""detection_events"":1511,""detectors_checked"":616448}"
      3072,         0,         0,   0.408,exact_mw,09f626b7d1c8765fd231bc36902f9c5557d3909c4644565b971bdb2bfb186061,"{""distance"":7,""physical_error_rate"":0.0005}","{""detection_events"":4545,""detectors_checked"":1849344}"
      1024,         0,         0,   0.108,exact_mw,09f626b7d1c8765fd231bc36902f9c5557d3909c4644565b971bdb2bfb186061,"{""distance"":7,""physical_error_rate"":0.0005}","{""detection_events"":1351,""detectors_checked"":616448}"
      1024,         0,         0,   0.264,exact_mw,09f626b7d1c8765fd231bc36902f9c5557d3909c4644565b971bdb2bfb186061,"{""distance"":7,""physical_error_rate"":0.0005}","{""detection_events"":1556,""detectors_checked"":616448}"
      3072,         0,         0,   0.472,exact_mw,09f626b7d1c8765fd231bc36902f9c5557d3909c4644565b971bdb2bfb186061,"{""distance"":7,""physical_error_rate"":0.0005}","{""detection_events"":4692,""detectors_checked"":1849344}"
      1024,         0,         0,   0.202,exact_mw,09f626b7d1c8765fd231bc36902f9c5557d3909c4644565b971bdb2bfb186061,"{""distance"":7,""physical_error_rate"":0.0005}","{""detection_events"":1599,""detectors_checked"":616448}"
      1024,         0,         0,   0.164,exact_mw,09f626b7d1c8765fd231bc36902f9c5557d3909c4644565b971bdb2bfb186061,"{""distance"":7,""physical_error_rate"":0.0005}","{""detection_events"":1485,""detectors_checked"":616448}"
      1024,         0,         0,   0.129,exact_mw,09f626b7d1c8765fd231bc36902f9c5557d3909c4644565b971bdb2bfb186061,"{""distance"":7,""physical_error_rate"":0.0005}","{""detection_events"":1367,""detectors_checked"":616448}"
      3072,         0,         0,   0.386,exact_mw,09f626b7d1c8765fd231bc36902f9c5557d3909c4644565b971bdb2bfb186061,"{""distance"":7,""physical_error_rate"":0.0005}","{""detection_events"":4562,""detectors_checked"":1849344}"
      1024,         0,         0,   0.239,exact_mw,09f626b7d1c8765fd231bc36902f9c5557d3909c4644565b971bdb2bfb186061,"{""distance"":7,""physical_error_rate"":0.0005}","{""detection_events"":1475,""detectors_checked"":616448}"
      3072,         0,         0,   0.350,exact_mw,09f626b7d1c8765fd231bc36902f9c5557d3909c4644565b971bdb2bfb186061,"{""distance"":7,""physical_error_rate"":0.0005}","{""detection_events"":4552,""detectors_checked"":1849344}"
      3072,         0,         0,   0.649,exact_mw,09f626b7d1c8765fd231bc36902f9c5557d3909c4644565b971bdb2bfb186061,"{""distance"":7,""physical_error_rate"":0.0005}","{""detection_events"":4612,""detectors_checked"":1849344}"
      1024,         0,         0,   0.221,exact_mw,09f626b7d1c8765fd231bc36902f9c5557d3909c4644565b971bdb2bfb186061,"{""distance"":7,""physical_error_rate"":0.0005}","{""detection_events"":1759,""detectors_checked"":616448}"
      1024,         0,         0,   0.130,exact_mw,09f626b7d1c8765fd231bc36902f9c5557d3909c4644565b971bdb2bfb186061,"{""distance"":7,""physical_error_rate"":0.0005}","{""detection_events"":1571,""detectors_checked"":616448}"
      3072,         0,         0,   0.442,exact_mw,09f626b7d1c8765fd231bc36902f9c5557d3909c4644565b971bdb2bfb186061,"{""distance"":7,""physical_error_rate"":0.0005}","{""detection_events"":4558,""detectors_checked"":1849344}"
      1024,         0,         0,   0.248,exact_mw,09f626b7d1c8765fd231bc36902f9c5557d3909c4644565b971bdb2bfb186061,"{""distance"":7,""physical_error_rate"":0.0005}","{""detection_events"":1528,""detectors_checked"":616448}"
      1024,         0,         0,   0.211,exact_mw,09f626b7d1c8765fd231bc36902f9c5557d3909c4644565b971bdb2bfb186061,"{""distance"":7,""physical_error_rate"":0.0005}","{""detection_events"":1629,""detectors_checked"":616448}"
      5120,         0,         0,   0.820,exact_mw,09f626b7d1c8765fd231bc36902f9c5557d3909c4644565b971bdb2bfb186061,"{""distance"":7,""physical_error_rate"":0.0005}","{""detection_events"":7446,""detectors_checked"":3082240}"
      2048,         0,         0,   0.431,exact_mw,09f626b7d1c8765fd231bc36902f9c5557d3909c4644565b971bdb2bfb186061,"{""distance"":7,""physical_error_rate"":0.0005}","{""detection_events"":3053,""detectors_checked"":1232896}"
      4096,         0,         0,   0.470,exact_mw,09f626b7d1c8765fd231bc36902f9c5557d3909c4644565b971bdb2bfb186061,"{""distance"":7,""physical_error_rate"":0.0005}","{""detection_events"":6276,""detectors_checked"":2465792}"
      5120,         0,         0,   0.718,exact_mw,09f626b7d1c8765fd231bc36902f9c5557d3909c4644565b971bdb2bfb186061,"{""distance"":7,""physical_error_rate"":0.0005}","{""detection_events"":7480,""detectors_checked"":3082240}"
      3072,         0,         0,   0.442,exact_mw,09f626b7d1c8765fd231bc36902f9c5557d3909c4644565b971bdb2bfb186061,"{""distance"":7,""physical_error_rate"":0.0005}","{""detection_events"":4615,""detectors_checked"":1849344}"
         1,         0,         0,   0.001,exact_mw,09f626b7d1c8765fd231bc36902f9c5557d3909c4644565b971bdb2bfb186061,"{""distance"":7,""physical_error_rate"":0.0005}","{""detection_events"":12,""detectors_checked"":602}"
      4096,         0,         0,   0.683,exact_mw,09f626b7d1c8765fd231bc36902f9c5557d3909c4644565b971bdb2bfb186061,"{""distance"":7,""physical_error_rate"":0.0005}","{""detection_events"":6149,""detectors_checked"":2465792}"
      1024,         0,         0,   0.221,exact_mw,09f626b7d1c8765fd231bc36902f9c5557d3909c4644565b971bdb2bfb186061,"{""distance"":7,""physical_error_rate"":0.0005}","{""detection_events"":1607,""detectors_checked"":616448}"
      1024,         0,         0,   0.233,exact_mw,09f626b7d1c8765fd231bc36902f9c5557d3909c4644565b971bdb2bfb186061,"{""distance"":7,""physical_error_rate"":0.0005}","{""detection_events"":1583,""detectors_checked"":616448}"
      3072,         0,         0,   0.439,exact_mw,09f626b7d1c8765fd231bc36902f9c5557d3909c4644565b971bdb2bfb186061,"{""distance"":7,""physical_error_rate"":0.0005}","{""detection_events"":4431,""detectors_checked"":1849344}"
      5120,         0,         0,   0.817,exact_mw,09f626b7d1c8765fd231bc36902f9c5557d3909c4644565b971bdb2bfb186061,"{""distance"":7,""physical_error_rate"":0.0005}","{""detection_events"":7768,""detectors_checked"":3082240}"
      1024,         0,         0,   0.208,exact_mw,09f626b7d1c8765fd231bc36902f9c5557d3909c4644565b971bdb2bfb186061,"{""distance"":7,""physical_error_rate"":0.0005}","{""detection_events"":1508,""detectors_checked"":616448}"
      1024,         0,         0,   0.409,exact_mw,09f626b7d1c8765fd231bc36902f9c5557d3909c4644565b971bdb2bfb186061,"{""distance"":7,""physical_error_rate"":0.0005}","{""detection_events"":1659,""detectors_checked"":616448}"
      1296,         0,         0,   0.116,exact_mw,09f626b7d1c8765fd231bc36902f9c5557d3909c4644565b971bdb2bfb186061,"{""distance"":7,""physical_error_rate"":0.0005}","{""detection_events"":1780,""detectors_checked"":780192}"
      2048,         0,         0,   0.237,exact_mw,09f626b7d1c8765fd231bc36902f9c5557d3909c4644565b971bdb2bfb186061,"{""distance"":7,""physical_error_rate"":0.0005}","{""detection_events"":3065,""detectors_checked"":1232896}"
      5120,         0,         0,   0.786,exact_mw,09f626b7d1c8765fd231bc36902f9c5557d3909c4644565b971bdb2bfb186061,"{""distance"":7,""physical_error_rate"":0.0005}","{""detection_events"":7585,""detectors_checked"":3082240}"
      3072,         0,         0,   0.468,exact_mw,09f626b7d1c8765fd231bc36902f9c5557d3909c4644565b971bdb2bfb186061,"{""distance"":7,""physical_error_rate"":0.0005}","{""detection_events"":4497,""detectors_checked"":1849344}"
      3072,         0,         0,   0.468,exact_mw,09f626b7d1c8765fd231bc36902f9c5557d3909c4644565b971bdb2bfb186061,"{""distance"":7,""physical_error_rate"":0.0005}","{""detection_events"":4760,""detectors_checked"":1849344}"
      1024,         0,         0,   0.163,exact_mw,09f626b7d1c8765fd231bc36902f9c5557d3909c4644565b971bdb2bfb186061,"{""distance"":7,""physical_error_rate"":0.0005}","{""detection_events"":1500,""detectors_checked"":616448}"
      1024,         0,         0,   0.151,exact_mw,09f626b7d1c8765fd231bc36902f9c5557d3909c4644565b971bdb2bfb186061,"{""distance"":7,""physical_error_rate"":0.0005}","{""detection_events"":1535,""detectors_checked"":616448}"
       273,         0,         0,   0.027,exact_mw,09f626b7d1c8765fd231bc36902f9c5557d3909c4644565b971bdb2bfb186061,"{""distance"":7,""physical_error_rate"":0.0005}","{""detection_events"":349,""detectors_checked"":164346}"
      1024,         0,         0,   0.247,exact_mw,09f626b7d1c8765fd231bc36902f9c5557d3909c4644565b971bdb2bfb186061,"{""distance"":7,""physical_error_rate"":0.0005}","{""detection_events"":1498,""detectors_checked"":616448}"
      5120,         0,         0,   0.836,exact_mw,09f626b7d1c8765fd231bc36902f9c5557d3909c4644565b971bdb2bfb186061,"{""distance"":7,""physical_error_rate"":0.0005}","{""detection_events"":7774,""detectors_checked"":3082240}"
      1024,         0,         0,   0.157,exact_mw,09f626b7d1c8765fd231bc36902f9c5557d3909c4644565b971bdb2bfb186061,"{""distance"":7,""physical_error_rate"":0.0005}","{""detection_events"":1412,""detectors_checked"":616448}"
      7168,         0,         0,   0.905,exact_mw,09f626b7d1c8765fd231bc36902f9c5557d3909c4644565b971bdb2bfb186061,"{""distance"":7,""physical_error_rate"":0.0005}","{""detection_events"":10511,""detectors_checked"":4315136}"
      1024,         0,         0,   0.126,exact_mw,09f626b7d1c8765fd231bc36902f9c5557d3909c4644565b971bdb2bfb186061,"{""distance"":7,""physical_error_rate"":0.0005}","{""detection_events"":1467,""detectors_checked"":616448}"
     16384,         0,         0,    1.14,exact_mw,09f626b7d1c8765fd231bc36902f9c5557d3909c4644565b971bdb2bfb186061,"{""distance"":7,""physical_error_rate"":0.0005}","{""detection_events"":23749,""detectors_checked"":9863168}"
      2048,         0,         0,   0.290,exact_mw,09f626b7d1c8765fd231bc36902f9c5557d3909c4644565b971bdb2bfb186061,"{""distance"":7,""physical_error_rate"":0.0005}","{""detection_events"":2985,""detectors_checked"":1232896}"
      1024,         0,         0,   0.141,exact_mw,09f626b7d1c8765fd231bc36902f9c5557d3909c4644565b971bdb2bfb186061,"{""distance"":7,""physical_error_rate"":0.0005}","{""detection_events"":1558,""detectors_checked"":616448}"
      2048,         0,         0,   0.335,exact_mw,09f626b7d1c8765fd231bc36902f9c5557d3909c4644565b971bdb2bfb186061,"{""distance"":7,""physical_error_rate"":0.0005}","{""detection_events"":3201,""detectors_checked"":1232896}"
      1024,         0,         0,   0.190,exact_mw,09f626b7d1c8765fd231bc36902f9c5557d3909c4644565b971bdb2bfb186061,"{""distance"":7,""physical_error_rate"":0.0005}","{""detection_events"":1405,""detectors_checked"":616448}"
      3072,         0,         0,   0.568,exact_mw,09f626b7d1c8765fd231bc36902f9c5557d3909c4644565b971bdb2bfb186061,"{""distance"":7,""physical_error_rate"":0.0005}","{""detection_events"":4504,""detectors_checked"":1849344}"
      3072,         0,         0,   0.723,exact_mw,09f626b7d1c8765fd231bc36902f9c5557d3909c4644565b971bdb2bfb186061,"{""distance"":7,""physical_error_rate"":0.0005}","{""detection_events"":4847,""detectors_checked"":1849344}"
      3072,         0,         0,   0.648,exact_mw,09f626b7d1c8765fd231bc36902f9c5557d3909c4644565b971bdb2bfb186061,"{""distance"":7,""physical_error_rate"":0.0005}","{""detection_events"":4627,""detectors_checked"":1849344}"
      2048,         0,         0,   0.483,exact_mw,09f626b7d1c8765fd231bc36902f9c5557d3909c4644565b971bdb2bfb186061,"{""distance"":7,""physical_error_rate"":0.0005}","{""detection_events"":3103,""detectors_checked"":1232896}"
       273,         0,         0,   0.030,exact_mw,09f626b7d1c8765fd231bc36902f9c5557d3909c4644565b971bdb2bfb186061,"{""distance"":7,""physical_error_rate"":0.0005}","{""detection_events"":400,""detectors_checked"":164346}"
      1024,         0,         0,   0.232,exact_mw,09f626b7d1c8765fd231bc36902f9c5557d3909c4644565b971bdb2bfb186061,"{""distance"":7,""physical_error_rate"":0.0005}","{""detection_events"":1598,""detectors_checked"":616448}"
      1024,         0,         0,   0.184,exact_mw,09f626b7d1c8765fd231bc36902f9c5557d3909c4644565b971bdb2bfb186061,"{""distance"":7,""physical_error_rate"":0.0005}","{""detection_events"":1582,""detectors_checked"":616448}"
      5120,         0,         0,   0.684,exact_mw,09f626b7d1c8765fd231bc36902f9c5557d3909c4644565b971bdb2bfb186061,"{""distance"":7,""physical_error_rate"":0.0005}","{""detection_events"":7515,""detectors_checked"":3082240}"
      4096,         0,         0,   0.580,exact_mw,09f626b7d1c8765fd231bc36902f9c5557d3909c4644565b971bdb2bfb186061,"{""distance"":7,""physical_error_rate"":0.0005}","{""detection_events"":5990,""detectors_checked"":2465792}"
      2048,         0,         0,   0.326,exact_mw,09f626b7d1c8765fd231bc36902f9c5557d3909c4644565b971bdb2bfb186061,"{""distance"":7,""physical_error_rate"":0.0005}","{""detection_events"":3079,""detectors_checked"":1232896}"
      4096,         0,         0,   0.973,exact_mw,09f626b7d1c8765fd231bc36902f9c5557d3909c4644565b971bdb2bfb186061,"{""distance"":7,""physical_error_rate"":0.0005}","{""detection_events"":6194,""detectors_checked"":2465792}"
      1024,         0,         0,   0.082,exact_mw,09f626b7d1c8765fd231bc36902f9c5557d3909c4644565b971bdb2bfb186061,"{""distance"":7,""physical_error_rate"":0.0005}","{""detection_events"":1446,""detectors_checked"":616448}"
      2048,         0,         0,   0.288,exact_mw,09f626b7d1c8765fd231bc36902f9c5557d3909c4644565b971bdb2bfb186061,"{""distance"":7,""physical_error_rate"":0.0005}","{""detection_events"":3132,""detectors_checked"":1232896}"
      4096,         0,         0,   0.596,exact_mw,09f626b7d1c8765fd231bc36902f9c5557d3909c4644565b971bdb2bfb186061,"{""distance"":7,""physical_error_rate"":0.0005}","{""detection_events"":6012,""detectors_checked"":2465792}"
      1024,         0,         0,   0.293,exact_mw,09f626b7d1c8765fd231bc36902f9c5557d3909c4644565b971bdb2bfb186061,"{""distance"":7,""physical_error_rate"":0.0005}","{""detection_events"":1340,""detectors_checked"":616448}"
      2048,         0,         0,   0.351,exact_mw,09f626b7d1c8765fd231bc36902f9c5557d3909c4644565b971bdb2bfb186061,"{""distance"":7,""physical_error_rate"":0.0005}","{""detection_events"":2946,""detectors_checked"":1232896}"
      1024,         0,         0,   0.193,exact_mw,09f626b7d1c8765fd231bc36902f9c5557d3909c4644565b971bdb2bfb186061,"{""distance"":7,""physical_error_rate"":0.0005}","{""detection_events"":1601,""detectors_checked"":616448}"
      4096,         0,         0,   0.672,exact_mw,09f626b7d1c8765fd231bc36902f9c5557d3909c4644565b971bdb2bfb186061,"{""distance"":7,""physical_error_rate"":0.0005}","{""detection_events"":6342,""detectors_checked"":2465792}"
      1024,         0,         0,   0.133,exact_mw,09f626b7d1c8765fd231bc36902f9c5557d3909c4644565b971bdb2bfb186061,"{""distance"":7,""physical_error_rate"":0.0005}","{""detection_events"":1546,""detectors_checked"":616448}"
      6144,         1,         0,   0.934,exact_mw,09f626b7d1c8765fd231bc36902f9c5557d3909c4644565b971bdb2bfb186061,"{""distance"":7,""physical_error_rate"":0.0005}","{""detection_events"":9145,""detectors_checked"":3698688,""obs_mistake_mask=E"":1}"
      1024,         0,         0,   0.321,exact_mw,09f626b7d1c8765fd231bc36902f9c5557d3909c4644565b971bdb2bfb186061,"{""distance"":7,""physical_error_rate"":0.0005}","{""detection_events"":1511,""detectors_checked"":616448}"
      1024,         0,         0,   0.157,exact_mw,09f626b7d1c8765fd231bc36902f9c5557d3909c4644565b971bdb2bfb186061,"{""distance"":7,""physical_error_rate"":0.0005}","{""detection_events"":1455,""detectors_checked"":616448}"
      6144,         0,         0,   0.935,exact_mw,09f626b7d1c8765fd231bc36902f9c5557d3909c4644565b971bdb2bfb186061,"{""distance"":7,""physical_error_rate"":0.0005}","{""detection_events"":9113,""detectors_checked"":3698688}"
      1024,         0,         0,   0.182,exact_mw,09f626b7d1c8765fd231bc36902f9c5557d3909c4644565b971bdb2bfb186061,"{""distance"":7,""physical_error_rate"":0.0005}","{""detection_events"":1566,""detectors_checked"":616448}"
      8192,         0,         0,    1.16,exact_mw,09f626b7d1c8765fd231bc36902f9c5557d3909c4644565b971bdb2bfb186061,"{""distance"":7,""physical_error_rate"":0.0005}","{""detection_events"":11952,""detectors_checked"":4931584}"
      2048,         0,         0,   0.275,exact_mw,09f626b7d1c8765fd231bc36902f9c5557d3909c4644565b971bdb2bfb186061,"{""distance"":7,""physical_error_rate"":0.0005}","{""detection_events"":3106,""detectors_checked"":1232896}"
      3072,         0,         0,   0.411,exact_mw,09f626b7d1c8765fd231bc36902f9c5557d3909c4644565b971bdb2bfb186061,"{""distance"":7,""physical_error_rate"":0.0005}","{""detection_events"":4594,""detectors_checked"":1849344}"
      2048,         0,         0,   0.479,exact_mw,09f626b7d1c8765fd231bc36902f9c5557d3909c4644565b971bdb2bfb186061,"{""distance"":7,""physical_error_rate"":0.0005}","{""detection_events"":2856,""detectors_checked"":1232896}"
      1024,         0,         0,   0.161,exact_mw,09f626b7d1c8765fd231bc36902f9c5557d3909c4644565b971bdb2bfb186061,"{""distance"":7,""physical_error_rate"":0.0005}","{""detection_events"":1537,""detectors_checked"":616448}"
      1024,         0,         0,   0.248,exact_mw,09f626b7d1c8765fd231bc36902f9c5557d3909c4644565b971bdb2bfb186061,"{""distance"":7,""physical_error_rate"":0.0005}","{""detection_events"":1515,""detectors_checked"":616448}"
      2048,         0,         0,   0.397,exact_mw,09f626b7d1c8765fd231bc36902f9c5557d3909c4644565b971bdb2bfb186061,"{""distance"":7,""physical_error_rate"":0.0005}","{""detection_events"":2906,""detectors_checked"":1232896}"
      1024,         0,         0,   0.240,exact_mw,09f626b7d1c8765fd231bc36902f9c5557d3909c4644565b971bdb2bfb186061,"{""distance"":7,""physical_error_rate"":0.0005}","{""detection_events"":1590,""detectors_checked"":616448}"
      3072,         0,         0,   0.673,exact_mw,09f626b7d1c8765fd231bc36902f9c5557d3909c4644565b971bdb2bfb186061,"{""distance"":7,""physical_error_rate"":0.0005}","{""detection_events"":4582,""detectors_checked"":1849344}"
      1024,         0,         0,   0.157,exact_mw,09f626b7d1c8765fd231bc36902f9c5557d3909c4644565b971bdb2bfb186061,"{""distance"":7,""physical_error_rate"":0.0005}","{""detection_events"":1590,""detectors_checked"":616448}"
      8192,         0,         0,    1.18,exact_mw,09f626b7d1c8765fd231bc36902f9c5557d3909c4644565b971bdb2bfb186061,"{""distance"":7,""physical_error_rate"":0.0005}","{""detection_events"":12119,""detectors_checked"":4931584}"
       273,         0,         0,   0.080,exact_mw,09f626b7d1c8765fd231bc36902f9c5557d3909c4644565b971bdb2bfb186061,"{""distance"":7,""physical_error_rate"":0.0005}","{""detection_events"":356,""detectors_checked"":164346}"
      1024,         0,         0,   0.158,exact_mw,09f626b7d1c8765fd231bc36902f9c5557d3909c4644565b971bdb2bfb186061,"{""distance"":7,""physical_error_rate"":0.0005}","{""detection_events"":1620,""detectors_checked"":616448}"
      4096,         0,         0,   0.832,exact_mw,09f626b7d1c8765fd231bc36902f9c5557d3909c4644565b971bdb2bfb186061,"{""distance"":7,""physical_error_rate"":0.0005}","{""detection_events"":5889,""detectors_checked"":2465792}"
      5120,         0,         0,   0.807,exact_mw,09f626b7d1c8765fd231bc36902f9c5557d3909c4644565b971bdb2bfb186061,"{""distance"":7,""physical_error_rate"":0.0005}","{""detection_events"":7425,""detectors_checked"":3082240}"
      9216,         0,         0,    1.22,exact_mw,09f626b7d1c8765fd231bc36902f9c5557d3909c4644565b971bdb2bfb186061,"{""distance"":7,""physical_error_rate"":0.0005}","{""detection_events"":13669,""detectors_checked"":5548032}"
      1024,         0,         0,   0.162,exact_mw,09f626b7d1c8765fd231bc36902f9c5557d3909c4644565b971bdb2bfb186061,"{""distance"":7,""physical_error_rate"":0.0005}","{""detection_events"":1527,""detectors_checked"":616448}"
      1024,         0,         0,   0.272,exact_mw,09f626b7d1c8765fd231bc36902f9c5557d3909c4644565b971bdb2bfb186061,"{""distance"":7,""physical_error_rate"":0.0005}","{""detection_events"":1673,""detectors_checked"":616448}"
      5120,         0,         0,   0.825,exact_mw,09f626b7d1c8765fd231bc36902f9c5557d3909c4644565b971bdb2bfb186061,"{""distance"":7,""physical_error_rate"":0.0005}","{""detection_events"":7498,""detectors_checked"":3082240}"
      7168,         0,         0,    1.16,exact_mw,09f626b7d1c8765fd231bc36902f9c5557d3909c4644565b971bdb2bfb186061,"{""distance"":7,""physical_error_rate"":0.0005}","{""detection_events"":10702,""detectors_checked"":4315136}"
      5120,         0,         0,   0.958,exact_mw,09f626b7d1c8765fd231bc36902f9c5557d3909c4644565b971bdb2bfb186061,"{""distance"":7,""physical_error_rate"":0.0005}","{""detection_events"":7491,""detectors_checked"":3082240}"
      1024,         0,         0,   0.214,exact_mw,09f626b7d1c8765fd231bc36902f9c5557d3909c4644565b971bdb2bfb186061,"{""distance"":7,""physical_error_rate"":0.0005}","{""detection_events"":1587,""detectors_checked"":616448}"
      9216,         0,         0,    1.18,exact_mw,09f626b7d1c8765fd231bc36902f9c5557d3909c4644565b971bdb2bfb186061,"{""distance"":7,""physical_error_rate"":0.0005}","{""detection_events"":13215,""detectors_checked"":5548032}"
      2048,         0,         0,   0.381,exact_mw,09f626b7d1c8765fd231bc36902f9c5557d3909c4644565b971bdb2bfb186061,"{""distance"":7,""physical_error_rate"":0.0005}","{""detection_events"":3048,""detectors_checked"":1232896}"
      5120,         0,         0,   0.963,exact_mw,09f626b7d1c8765fd231bc36902f9c5557d3909c4644565b971bdb2bfb186061,"{""distance"":7,""physical_error_rate"":0.0005}","{""detection_events"":7776,""detectors_checked"":3082240}"
      1024,         0,         0,   0.151,exact_mw,09f626b7d1c8765fd231bc36902f9c5557d3909c4644565b971bdb2bfb186061,"{""distance"":7,""physical_error_rate"":0.0005}","{""detection_events"":1554,""detectors_checked"":616448}"
      1024,         0,         0,   0.153,exact_mw,09f626b7d1c8765fd231bc36902f9c5557d3909c4644565b971bdb2bfb186061,"{""distance"":7,""physical_error_rate"":0.0005}","{""detection_events"":1544,""detectors_checked"":616448}"
      3072,         0,         0,   0.461,exact_mw,09f626b7d1c8765fd231bc36902f9c5557d3909c4644565b971bdb2bfb186061,"{""distance"":7,""physical_error_rate"":0.0005}","{""detection_events"":4481,""detectors_checked"":1849344}"
      2048,         0,         0,   0.381,exact_mw,09f626b7d1c8765fd231bc36902f9c5557d3909c4644565b971bdb2bfb186061,"{""distance"":7,""physical_error_rate"":0.0005}","{""detection_events"":3099,""detectors_checked"":1232896}"
      6144,         0,         0,   0.912,exact_mw,09f626b7d1c8765fd231bc36902f9c5557d3909c4644565b971bdb2bfb186061,"{""distance"":7,""physical_error_rate"":0.0005}","{""detection_events"":9063,""detectors_checked"":3698688}"
      3072,         0,         0,   0.516,exact_mw,09f626b7d1c8765fd231bc36902f9c5557d3909c4644565b971bdb2bfb186061,"{""distance"":7,""physical_error_rate"":0.0005}","{""detection_events"":4514,""detectors_checked"":1849344}"
      8192,         0,         0,   0.886,exact_mw,09f626b7d1c8765fd231bc36902f9c5557d3909c4644565b971bdb2bfb186061,"{""distance"":7,""physical_error_rate"":0.0005}","{""detection_events"":12198,""detectors_checked"":4931584}"
      1024,         0,         0,   0.179,exact_mw,09f626b7d1c8765fd231bc36902f9c5557d3909c4644565b971bdb2bfb186061,"{""distance"":7,""physical_error_rate"":0.0005}","{""detection_events"":1581,""detectors_checked"":616448}"
      1024,         0,         0,   0.191,exact_mw,09f626b7d1c8765fd231bc36902f9c5557d3909c4644565b971bdb2bfb186061,"{""distance"":7,""physical_error_rate"":0.0005}","{""detection_events"":1533,""detectors_checked"":616448}"
      4096,         0,         0,   0.729,exact_mw,09f626b7d1c8765fd231bc36902f9c5557d3909c4644565b971bdb2bfb186061,"{""distance"":7,""physical_error_rate"":0.0005}","{""detection_events"":6101,""detectors_checked"":2465792}"
      1024,         0,         0,   0.251,exact_mw,09f626b7d1c8765fd231bc36902f9c5557d3909c4644565b971bdb2bfb186061,"{""distance"":7,""physical_error_rate"":0.0005}","{""detection_events"":1621,""detectors_checked"":616448}"
     11264,         0,         0,    1.55,exact_mw,09f626b7d1c8765fd231bc36902f9c5557d3909c4644565b971bdb2bfb186061,"{""distance"":7,""physical_error_rate"":0.0005}","{""detection_events"":16260,""detectors_checked"":6780928}"
      2048,         0,         0,   0.405,exact_mw,09f626b7d1c8765fd231bc36902f9c5557d3909c4644565b971bdb2bfb186061,"{""distance"":7,""physical_error_rate"":0.0005}","{""detection_events"":3076,""detectors_checked"":1232896}"
      1024,         0,         0,   0.181,exact_mw,09f626b7d1c8765fd231bc36902f9c5557d3909c4644565b971bdb2bfb186061,"{""distance"":7,""physical_error_rate"":0.0005}","{""detection_events"":1443,""detectors_checked"":616448}"
      7168,         0,         0,    1.16,exact_mw,09f626b7d1c8765fd231bc36902f9c5557d3909c4644565b971bdb2bfb186061,"{""distance"":7,""physical_error_rate"":0.0005}","{""detection_events"":10203,""detectors_checked"":4315136}"
      2048,         0,         0,   0.392,exact_mw,09f626b7d1c8765fd231bc36902f9c5557d3909c4644565b971bdb2bfb186061,"{""distance"":7,""physical_error_rate"":0.0005}","{""detection_events"":3017,""detectors_checked"":1232896}"
      2048,         0,         0,   0.318,exact_mw,09f626b7d1c8765fd231bc36902f9c5557d3909c4644565b971bdb2bfb186061,"{""distance"":7,""physical_error_rate"":0.0005}","{""detection_events"":3306,""detectors_checked"":1232896}"
      6144,         0,         0,    1.36,exact_mw,09f626b7d1c8765fd231bc36902f9c5557d3909c4644565b971bdb2bfb186061,"{""distance"":7,""physical_error_rate"":0.0005}","{""detection_events"":9006,""detectors_checked"":3698688}"
      1024,         0,         0,   0.241,exact_mw,09f626b7d1c8765fd231bc36902f9c5557d3909c4644565b971bdb2bfb186061,"{""distance"":7,""physical_error_rate"":0.0005}","{""detection_events"":1512,""detectors_checked"":616448}"
      5120,         0,         0,   0.854,exact_mw,09f626b7d1c8765fd231bc36902f9c5557d3909c4644565b971bdb2bfb186061,"{""distance"":7,""physical_error_rate"":0.0005}","{""detection_events"":7345,""detectors_checked"":3082240}"
      9216,         0,         0,    1.24,exact_mw,09f626b7d1c8765fd231bc36902f9c5557d3909c4644565b971bdb2bfb186061,"{""distance"":7,""physical_error_rate"":0.0005}","{""detection_events"":13448,""detectors_checked"":5548032}"
      2048,         0,         0,   0.252,exact_mw,09f626b7d1c8765fd231bc36902f9c5557d3909c4644565b971bdb2bfb186061,"{""distance"":7,""physical_error_rate"":0.0005}","{""detection_events"":3043,""detectors_checked"":1232896}"
      1024,         0,         0,   0.162,exact_mw,09f626b7d1c8765fd231bc36902f9c5557d3909c4644565b971bdb2bfb186061,"{""distance"":7,""physical_error_rate"":0.0005}","{""detection_events"":1567,""detectors_checked"":616448}"
      1024,         0,         0,   0.165,exact_mw,09f626b7d1c8765fd231bc36902f9c5557d3909c4644565b971bdb2bfb186061,"{""distance"":7,""physical_error_rate"":0.0005}","{""detection_events"":1683,""detectors_checked"":616448}"
      2048,         0,         0,   0.364,exact_mw,09f626b7d1c8765fd231bc36902f9c5557d3909c4644565b971bdb2bfb186061,"{""distance"":7,""physical_error_rate"":0.0005}","{""detection_events"":3189,""detectors_checked"":1232896}"
      1024,         0,         0,   0.164,exact_mw,09f626b7d1c8765fd231bc36902f9c5557d3909c4644565b971bdb2bfb186061,"{""distance"":7,""physical_error_rate"":0.0005}","{""detection_events"":1626,""detectors_checked"":616448}"
      5120,         0,         0,    1.12,exact_mw,09f626b7d1c8765fd231bc36902f9c5557d3909c4644565b971bdb2bfb186061,"{""distance"":7,""physical_error_rate"":0.0005}","{""detection_events"":7458,""detectors_checked"":3082240}"
      4096,         0,         0,   0.755,exact_mw,09f626b7d1c8765fd231bc36902f9c5557d3909c4644565b971bdb2bfb186061,"{""distance"":7,""physical_error_rate"":0.0005}","{""detection_events"":5858,""detectors_checked"":2465792}"
      6144,         0,         0,    1.19,exact_mw,09f626b7d1c8765fd231bc36902f9c5557d3909c4644565b971bdb2bfb186061,"{""distance"":7,""physical_error_rate"":0.0005}","{""detection_events"":9410,""detectors_checked"":3698688}"
      4096,         0,         0,   0.575,exact_mw,09f626b7d1c8765fd231bc36902f9c5557d3909c4644565b971bdb2bfb186061,"{""distance"":7,""physical_error_rate"":0.0005}","{""detection_events"":6168,""detectors_checked"":2465792}"
      4096,         0,         0,   0.956,exact_mw,09f626b7d1c8765fd231bc36902f9c5557d3909c4644565b971bdb2bfb186061,"{""distance"":7,""physical_error_rate"":0.0005}","{""detection_events"":5976,""detectors_checked"":2465792}"
      1024,         0,         0,   0.163,exact_mw,09f626b7d1c8765fd231bc36902f9c5557d3909c4644565b971bdb2bfb186061,"{""distance"":7,""physical_error_rate"":0.0005}","{""detection_events"":1519,""detectors_checked"":616448}"
      3072,         0,         0,   0.601,exact_mw,09f626b7d1c8765fd231bc36902f9c5557d3909c4644565b971bdb2bfb186061,"{""distance"":7,""physical_error_rate"":0.0005}","{""detection_events"":4364,""detectors_checked"":1849344}"
     12288,         0,         0,    1.58,exact_mw,09f626b7d1c8765fd231bc36902f9c5557d3909c4644565b971bdb2bfb186061,"{""distance"":7,""physical_error_rate"":0.0005}","{""detection_events"":17788,""detectors_checked"":7397376}"
      1024,         0,         0,   0.240,exact_mw,09f626b7d1c8765fd231bc36902f9c5557d3909c4644565b971bdb2bfb186061,"{""distance"":7,""physical_error_rate"":0.0005}","{""detection_events"":1457,""detectors_checked"":616448}"
      6144,         0,         0,   0.855,exact_mw,09f626b7d1c8765fd231bc36902f9c5557d3909c4644565b971bdb2bfb186061,"{""distance"":7,""physical_error_rate"":0.0005}","{""detection_events"":9276,""detectors_checked"":3698688}"
      6144,         0,         0,    1.20,exact_mw,09f626b7d1c8765fd231bc36902f9c5557d3909c4644565b971bdb2bfb186061,"{""distance"":7,""physical_error_rate"":0.0005}","{""detection_events"":8975,""detectors_checked"":3698688}"
      1024,         0,         0,   0.181,exact_mw,09f626b7d1c8765fd231bc36902f9c5557d3909c4644565b971bdb2bfb186061,"{""distance"":7,""physical_error_rate"":0.0005}","{""detection_events"":1739,""detectors_checked"":616448}"
      6144,         0,         0,    1.32,exact_mw,09f626b7d1c8765fd231bc36902f9c5557d3909c4644565b971bdb2bfb186061,"{""distance"":7,""physical_error_rate"":0.0005}","{""detection_events"":9536,""detectors_checked"":3698688}"
      8192,         0,         0,    1.19,exact_mw,09f626b7d1c8765fd231bc36902f9c5557d3909c4644565b971bdb2bfb186061,"{""distance"":7,""physical_error_rate"":0.0005}","{""detection_events"":11915,""detectors_checked"":4931584}"
      7168,         1,         0,    1.12,exact_mw,09f626b7d1c8765fd231bc36902f9c5557d3909c4644565b971bdb2bfb186061,"{""distance"":7,""physical_error_rate"":0.0005}","{""detection_events"":10795,""detectors_checked"":4315136,""obs_mistake_mask=E"":1}"
      3072,         0,         0,   0.428,exact_mw,09f626b7d1c8765fd231bc36902f9c5557d3909c4644565b971bdb2bfb186061,"{""distance"":7,""physical_error_rate"":0.0005}","{""detection_events"":4541,""detectors_checked"":1849344}"
      8192,         0,         0,    1.18,exact_mw,09f626b7d1c8765fd231bc36902f9c5557d3909c4644565b971bdb2bfb186061,"{""distance"":7,""physical_error_rate"":0.0005}","{""detection_events"":12131,""detectors_checked"":4931584}"
     12288,         0,         0,    1.68,exact_mw,09f626b7d1c8765fd231bc36902f9c5557d3909c4644565b971bdb2bfb186061,"{""distance"":7,""physical_error_rate"":0.0005}","{""detection_events"":18204,""detectors_checked"":7397376}"
      9216,         0,         0,    1.60,exact_mw,09f626b7d1c8765fd231bc36902f9c5557d3909c4644565b971bdb2bfb186061,"{""distance"":7,""physical_error_rate"":0.0005}","{""detection_events"":13546,""detectors_checked"":5548032}"
      2048,         0,         0,   0.326,exact_mw,09f626b7d1c8765fd231bc36902f9c5557d3909c4644565b971bdb2bfb186061,"{""distance"":7,""physical_error_rate"":0.0005}","{""detection_events"":3274,""detectors_checked"":1232896}"
        17,         0,         0,   0.025,exact_mw,09f626b7d1c8765fd231bc36902f9c5557d3909c4644565b971bdb2bfb186061,"{""distance"":7,""physical_error_rate"":0.0005}","{""detection_events"":32,""detectors_checked"":10234}"
      2048,         0,         0,   0.292,exact_mw,09f626b7d1c8765fd231bc36902f9c5557d3909c4644565b971bdb2bfb186061,"{""distance"":7,""physical_error_rate"":0.0005}","{""detection_events"":3066,""detectors_checked"":1232896}"
     11264,         0,         0,    1.64,exact_mw,09f626b7d1c8765fd231bc36902f9c5557d3909c4644565b971bdb2bfb186061,"{""distance"":7,""physical_error_rate"":0.0005}","{""detection_events"":16839,""detectors_checked"":6780928}"
       256,         0,         0,   0.079,exact_mw,09f626b7d1c8765fd231bc36902f9c5557d3909c4644565b971bdb2bfb186061,"{""distance"":7,""physical_error_rate"":0.0005}","{""detection_events"":366,""detectors_checked"":154112}"
     12288,         0,         0,    1.67,exact_mw,09f626b7d1c8765fd231bc36902f9c5557d3909c4644565b971bdb2bfb186061,"{""distance"":7,""physical_error_rate"":0.0005}","{""detection_events"":17858,""detectors_checked"":7397376}"
      3072,         0,         0,   0.646,exact_mw,09f626b7d1c8765fd231bc36902f9c5557d3909c4644565b971bdb2bfb186061,"{""distance"":7,""physical_error_rate"":0.0005}","{""detection_events"":4562,""detectors_checked"":1849344}"
      5120,         0,         0,   0.873,exact_mw,09f626b7d1c8765fd231bc36902f9c5557d3909c4644565b971bdb2bfb186061,"{""distance"":7,""physical_error_rate"":0.0005}","{""detection_events"":7570,""detectors_checked"":3082240}"
      8192,         0,         0,    1.20,exact_mw,09f626b7d1c8765fd231bc36902f9c5557d3909c4644565b971bdb2bfb186061,"{""distance"":7,""physical_error_rate"":0.0005}","{""detection_events"":12390,""detectors_checked"":4931584}"
      1024,         0,         0,   0.219,exact_mw,09f626b7d1c8765fd231bc36902f9c5557d3909c4644565b971bdb2bfb186061,"{""distance"":7,""physical_error_rate"":0.0005}","{""detection_events"":1497,""detectors_checked"":616448}"
      2048,         0,         0,   0.371,exact_mw,09f626b7d1c8765fd231bc36902f9c5557d3909c4644565b971bdb2bfb186061,"{""distance"":7,""physical_error_rate"":0.0005}","{""detection_events"":2992,""detectors_checked"":1232896}"
      5120,         0,         0,   0.860,exact_mw,09f626b7d1c8765fd231bc36902f9c5557d3909c4644565b971bdb2bfb186061,"{""distance"":7,""physical_error_rate"":0.0005}","{""detection_events"":7647,""detectors_checked"":3082240}"
      3072,         0,         0,   0.885,exact_mw,09f626b7d1c8765fd231bc36902f9c5557d3909c4644565b971bdb2bfb186061,"{""distance"":7,""physical_error_rate"":0.0005}","{""detection_events"":4630,""detectors_checked"":1849344}"
      4096,         1,         0,   0.621,exact_mw,09f626b7d1c8765fd231bc36902f9c5557d3909c4644565b971bdb2bfb186061,"{""distance"":7,""physical_error_rate"":0.0005}","{""detection_events"":6232,""detectors_checked"":2465792,""obs_mistake_mask=E"":1}"
      1024,         0,         0,   0.190,exact_mw,09f626b7d1c8765fd231bc36902f9c5557d3909c4644565b971bdb2bfb186061,"{""distance"":7,""physical_error_rate"":0.0005}","{""detection_events"":1586,""detectors_checked"":616448}"
      4096,         0,         0,   0.554,exact_mw,09f626b7d1c8765fd231bc36902f9c5557d3909c4644565b971bdb2bfb186061,"{""distance"":7,""physical_error_rate"":0.0005}","{""detection_events"":6126,""detectors_checked"":2465792}"
     11264,         0,         0,    1.59,exact_mw,09f626b7d1c8765fd231bc36902f9c5557d3909c4644565b971bdb2bfb186061,"{""distance"":7,""physical_error_rate"":0.0005}","{""detection_events"":16678,""detectors_checked"":6780928}"
     10240,         0,         0,    1.58,exact_mw,09f626b7d1c8765fd231bc36902f9c5557d3909c4644565b971bdb2bfb186061,"{""distance"":7,""physical_error_rate"":0.0005}","{""detection_events"":15549,""detectors_checked"":6164480}"
      1024,         0,         0,   0.236,exact_mw,09f626b7d1c8765fd231bc36902f9c5557d3909c4644565b971bdb2bfb186061,"{""distance"":7,""physical_error_rate"":0.0005}","{""detection_events"":1585,""detectors_checked"":616448}"
     10240,         0,         0,    1.75,exact_mw,09f626b7d1c8765fd231bc36902f9c5557d3909c4644565b971bdb2bfb186061,"{""distance"":7,""physical_error_rate"":0.0005}","{""detection_events"":14767,""detectors_checked"":6164480}"
        17,         0,         0,   0.036,exact_mw,09f626b7d1c8765fd231bc36902f9c5557d3909c4644565b971bdb2bfb186061,"{""distance"":7,""physical_error_rate"":0.0005}","{""detection_events"":28,""detectors_checked"":10234}"
      4096,         0,         0,   0.454,exact_mw,09f626b7d1c8765fd231bc36902f9c5557d3909c4644565b971bdb2bfb186061,"{""distance"":7,""physical_error_rate"":0.0005}","{""detection_events"":6182,""detectors_checked"":2465792}"
      1024,         0,         0,   0.140,exact_mw,09f626b7d1c8765fd231bc36902f9c5557d3909c4644565b971bdb2bfb186061,"{""distance"":7,""physical_error_rate"":0.0005}","{""detection_events"":1370,""detectors_checked"":616448}"
      7168,         0,         0,    1.24,exact_mw,09f626b7d1c8765fd231bc36902f9c5557d3909c4644565b971bdb2bfb186061,"{""distance"":7,""physical_error_rate"":0.0005}","{""detection_events"":10598,""detectors_checked"":4315136}"
       256,         0,         0,   0.144,exact_mw,09f626b7d1c8765fd231bc36902f9c5557d3909c4644565b971bdb2bfb186061,"{""distance"":7,""physical_error_rate"":0.0005}","{""detection_events"":354,""detectors_checked"":154112}"
      9216,         0,         0,    1.54,exact_mw,09f626b7d1c8765fd231bc36902f9c5557d3909c4644565b971bdb2bfb186061,"{""distance"":7,""physical_error_rate"":0.0005}","{""detection_events"":13313,""detectors_checked"":5548032}"
      1024,         0,         0,   0.164,exact_mw,09f626b7d1c8765fd231bc36902f9c5557d3909c4644565b971bdb2bfb186061,"{""distance"":7,""physical_error_rate"":0.0005}","{""detection_events"":1404,""detectors_checked"":616448}"
     11264,         0,         0,    1.69,exact_mw,09f626b7d1c8765fd231bc36902f9c5557d3909c4644565b971bdb2bfb186061,"{""distance"":7,""physical_error_rate"":0.0005}","{""detection_events"":16565,""detectors_checked"":6780928}"
         1,         0,         0,   0.001,exact_mw,09f626b7d1c8765fd231bc36902f9c5557d3909c4644565b971bdb2bfb186061,"{""distance"":7,""physical_error_rate"":0.0005}","{""detectors_checked"":602}"
      4096,         0,         0,   0.684,exact_mw,09f626b7d1c8765fd231bc36902f9c5557d3909c4644565b971bdb2bfb186061,"{""distance"":7,""physical_error_rate"":0.0005}","{""detection_events"":6117,""detectors_checked"":2465792}"
       272,         0,         0,   0.036,exact_mw,09f626b7d1c8765fd231bc36902f9c5557d3909c4644565b971bdb2bfb186061,"{""distance"":7,""physical_error_rate"":0.0005}","{""detection_events"":370,""detectors_checked"":163744}"
      4096,         0,         0,   0.971,exact_mw,09f626b7d1c8765fd231bc36902f9c5557d3909c4644565b971bdb2bfb186061,"{""distance"":7,""physical_error_rate"":0.0005}","{""detection_events"":6175,""detectors_checked"":2465792}"
      6144,         1,         0,    1.56,exact_mw,09f626b7d1c8765fd231bc36902f9c5557d3909c4644565b971bdb2bfb186061,"{""distance"":7,""physical_error_rate"":0.0005}","{""detection_events"":9312,""detectors_checked"":3698688,""obs_mistake_mask=E"":1}"
     15360,         0,         0,    2.35,exact_mw,09f626b7d1c8765fd231bc36902f9c5557d3909c4644565b971bdb2bfb186061,"{""distance"":7,""physical_error_rate"":0.0005}","{""detection_events"":22911,""detectors_checked"":9246720}"
      7168,         0,         0,   0.884,exact_mw,09f626b7d1c8765fd231bc36902f9c5557d3909c4644565b971bdb2bfb186061,"{""distance"":7,""physical_error_rate"":0.0005}","{""detection_events"":10875,""detectors_checked"":4315136}"
      1024,         0,         0,   0.274,exact_mw,09f626b7d1c8765fd231bc36902f9c5557d3909c4644565b971bdb2bfb186061,"{""distance"":7,""physical_error_rate"":0.0005}","{""detection_events"":1522,""detectors_checked"":616448}"
       273,         0,         0,   0.082,exact_mw,09f626b7d1c8765fd231bc36902f9c5557d3909c4644565b971bdb2bfb186061,"{""distance"":7,""physical_error_rate"":0.0005}","{""detection_events"":433,""detectors_checked"":164346}"
      7168,         0,         0,    1.67,exact_mw,09f626b7d1c8765fd231bc36902f9c5557d3909c4644565b971bdb2bfb186061,"{""distance"":7,""physical_error_rate"":0.0005}","{""detection_events"":11089,""detectors_checked"":4315136}"
      1024,         0,         0,   0.179,exact_mw,09f626b7d1c8765fd231bc36902f9c5557d3909c4644565b971bdb2bfb186061,"{""distance"":7,""physical_error_rate"":0.0005}","{""detection_events"":1439,""detectors_checked"":616448}"
     12288,         0,         0,    1.64,exact_mw,09f626b7d1c8765fd231bc36902f9c5557d3909c4644565b971bdb2bfb186061,"{""distance"":7,""physical_error_rate"":0.0005}","{""detection_events"":18282,""detectors_checked"":7397376}"
     10240,         0,         0,    1.60,exact_mw,09f626b7d1c8765fd231bc36902f9c5557d3909c4644565b971bdb2bfb186061,"{""distance"":7,""physical_error_rate"":0.0005}","{""detection_events"":15110,""detectors_checked"":6164480}"
     11264,         0,         0,    1.68,exact_mw,09f626b7d1c8765fd231bc36902f9c5557d3909c4644565b971bdb2bfb186061,"{""distance"":7,""physical_error_rate"":0.0005}","{""detection_events"":16483,""detectors_checked"":6780928}"
      8192,         0,         0,    1.13,exact_mw,09f626b7d1c8765fd231bc36902f9c5557d3909c4644565b971bdb2bfb186061,"{""distance"":7,""physical_error_rate"":0.0005}","{""detection_events"":12034,""detectors_checked"":4931584}"
      1024,         0,         0,   0.178,exact_mw,09f626b7d1c8765fd231bc36902f9c5557d3909c4644565b971bdb2bfb186061,"{""distance"":7,""physical_error_rate"":0.0005}","{""detection_events"":1623,""detectors_checked"":616448}"
      4096,         0,         0,   0.700,exact_mw,09f626b7d1c8765fd231bc36902f9c5557d3909c4644565b971bdb2bfb186061,"{""distance"":7,""physical_error_rate"":0.0005}","{""detection_events"":6053,""detectors_checked"":2465792}"
      6144,         0,         0,    1.15,exact_mw,09f626b7d1c8765fd231bc36902f9c5557d3909c4644565b971bdb2bfb186061,"{""distance"":7,""physical_error_rate"":0.0005}","{""detection_events"":8998,""detectors_checked"":3698688}"
      7168,         0,         0,    1.29,exact_mw,09f626b7d1c8765fd231bc36902f9c5557d3909c4644565b971bdb2bfb186061,"{""distance"":7,""physical_error_rate"":0.0005}","{""detection_events"":10535,""detectors_checked"":4315136}"
      1024,         0,         0,   0.210,exact_mw,09f626b7d1c8765fd231bc36902f9c5557d3909c4644565b971bdb2bfb186061,"{""distance"":7,""physical_error_rate"":0.0005}","{""detection_events"":1517,""detectors_checked"":616448}"
       273,         0,         0,   0.058,exact_mw,09f626b7d1c8765fd231bc36902f9c5557d3909c4644565b971bdb2bfb186061,"{""distance"":7,""physical_error_rate"":0.0005}","{""detection_events"":447,""detectors_checked"":164346}"
      1024,         0,         0,   0.354,exact_mw,09f626b7d1c8765fd231bc36902f9c5557d3909c4644565b971bdb2bfb186061,"{""distance"":7,""physical_error_rate"":0.0005}","{""detection_events"":1550,""detectors_checked"":616448}"
      1024,         0,         0,   0.139,exact_mw,09f626b7d1c8765fd231bc36902f9c5557d3909c4644565b971bdb2bfb186061,"{""distance"":7,""physical_error_rate"":0.0005}","{""detection_events"":1409,""detectors_checked"":616448}"
      1024,         0,         0,   0.129,exact_mw,09f626b7d1c8765fd231bc36902f9c5557d3909c4644565b971bdb2bfb186061,"{""distance"":7,""physical_error_rate"":0.0005}","{""detection_events"":1523,""detectors_checked"":616448}"
       273,         0,         0,   0.030,exact_mw,09f626b7d1c8765fd231bc36902f9c5557d3909c4644565b971bdb2bfb186061,"{""distance"":7,""physical_error_rate"":0.0005}","{""detection_events"":406,""detectors_checked"":164346}"
      1024,         0,         0,   0.860,exact_mw,09f626b7d1c8765fd231bc36902f9c5557d3909c4644565b971bdb2bfb186061,"{""distance"":7,""physical_error_rate"":0.0005}","{""detection_events"":1598,""detectors_checked"":616448}"
      9216,         0,         0,    1.58,exact_mw,09f626b7d1c8765fd231bc36902f9c5557d3909c4644565b971bdb2bfb186061,"{""distance"":7,""physical_error_rate"":0.0005}","{""detection_events"":13906,""detectors_checked"":5548032}"
      1024,         0,         0,   0.165,exact_mw,09f626b7d1c8765fd231bc36902f9c5557d3909c4644565b971bdb2bfb186061,"{""distance"":7,""physical_error_rate"":0.0005}","{""detection_events"":1408,""detectors_checked"":616448}"
      1024,         0,         0,   0.112,exact_mw,09f626b7d1c8765fd231bc36902f9c5557d3909c4644565b971bdb2bfb186061,"{""distance"":7,""physical_error_rate"":0.0005}","{""detection_events"":1541,""detectors_checked"":616448}"
      1024,         0,         0,   0.184,exact_mw,09f626b7d1c8765fd231bc36902f9c5557d3909c4644565b971bdb2bfb186061,"{""distance"":7,""physical_error_rate"":0.0005}","{""detection_events"":1552,""detectors_checked"":616448}"
     14336,         0,         0,    2.33,exact_mw,09f626b7d1c8765fd231bc36902f9c5557d3909c4644565b971bdb2bfb186061,"{""distance"":7,""physical_error_rate"":0.0005}","{""detection_events"":21081,""detectors_checked"":8630272}"
      1024,         0,         0,   0.131,exact_mw,09f626b7d1c8765fd231bc36902f9c5557d3909c4644565b971bdb2bfb186061,"{""distance"":7,""physical_error_rate"":0.0005}","{""detection_events"":1471,""detectors_checked"":616448}"
      2048,         0,         0,   0.458,exact_mw,09f626b7d1c8765fd231bc36902f9c5557d3909c4644565b971bdb2bfb186061,"{""distance"":7,""physical_error_rate"":0.0005}","{""detection_events"":3125,""detectors_checked"":1232896}"
      1024,         0,         0,   0.149,exact_mw,09f626b7d1c8765fd231bc36902f9c5557d3909c4644565b971bdb2bfb186061,"{""distance"":7,""physical_error_rate"":0.0005}","{""detection_events"":1515,""detectors_checked"":616448}"
      1024,         0,         0,   0.215,exact_mw,09f626b7d1c8765fd231bc36902f9c5557d3909c4644565b971bdb2bfb186061,"{""distance"":7,""physical_error_rate"":0.0005}","{""detection_events"":1378,""detectors_checked"":616448}"
      1024,         0,         0,   0.151,exact_mw,09f626b7d1c8765fd231bc36902f9c5557d3909c4644565b971bdb2bfb186061,"{""distance"":7,""physical_error_rate"":0.0005}","{""detection_events"":1550,""detectors_checked"":616448}"
      1024,         0,         0,   0.188,exact_mw,09f626b7d1c8765fd231bc36902f9c5557d3909c4644565b971bdb2bfb186061,"{""distance"":7,""physical_error_rate"":0.0005}","{""detection_events"":1511,""detectors_checked"":616448}"
      5120,         0,         0,   0.936,exact_mw,09f626b7d1c8765fd231bc36902f9c5557d3909c4644565b971bdb2bfb186061,"{""distance"":7,""physical_error_rate"":0.0005}","{""detection_events"":7649,""detectors_checked"":3082240}"
     14336,         0,         0,    2.22,exact_mw,09f626b7d1c8765fd231bc36902f9c5557d3909c4644565b971bdb2bfb186061,"{""distance"":7,""physical_error_rate"":0.0005}","{""detection_events"":21011,""detectors_checked"":8630272}"
    508416,         2,         0,   120.0,exact_mw,09f626b7d1c8765fd231bc36902f9c5557d3909c4644565b971bdb2bfb186061,"{""distance"":7,""physical_error_rate"":0.0005}","{""detection_events"":752749,""detectors_checked"":306066432,""obs_mistake_mask=E"":2}"
      1024,         0,         0,   0.103,exact_mw,09f626b7d1c8765fd231bc36902f9c5557d3909c4644565b971bdb2bfb186061,"{""distance"":7,""physical_error_rate"":0.0005}","{""detection_events"":1565,""detectors_checked"":616448}"
     14336,         0,         0,    2.31,exact_mw,09f626b7d1c8765fd231bc36902f9c5557d3909c4644565b971bdb2bfb186061,"{""distance"":7,""physical_error_rate"":0.0005}","{""detection_events"":21514,""detectors_checked"":8630272}"
      1024,         0,         0,   0.124,exact_mw,09f626b7d1c8765fd231bc36902f9c5557d3909c4644565b971bdb2bfb186061,"{""distance"":7,""physical_error_rate"":0.0005}","{""detection_events"":1503,""detectors_checked"":616448}"
      1024,         0,         0,   0.186,exact_mw,09f626b7d1c8765fd231bc36902f9c5557d3909c4644565b971bdb2bfb186061,"{""distance"":7,""physical_error_rate"":0.0005}","{""detection_events"":1472,""detectors_checked"":616448}"
     14336,         0,         0,    2.19,exact_mw,09f626b7d1c8765fd231bc36902f9c5557d3909c4644565b971bdb2bfb186061,"{""distance"":7,""physical_error_rate"":0.0005}","{""detection_events"":21256,""detectors_checked"":8630272}"
      2048,         0,         0,   0.329,exact_mw,09f626b7d1c8765fd231bc36902f9c5557d3909c4644565b971bdb2bfb186061,"{""distance"":7,""physical_error_rate"":0.0005}","{""detection_events"":2980,""detectors_checked"":1232896}"
      1024,         0,         0,   0.215,exact_mw,09f626b7d1c8765fd231bc36902f9c5557d3909c4644565b971bdb2bfb186061,"{""distance"":7,""physical_error_rate"":0.0005}","{""detection_events"":1395,""detectors_checked"":616448}"
      1024,         0,         0,   0.134,exact_mw,09f626b7d1c8765fd231bc36902f9c5557d3909c4644565b971bdb2bfb186061,"{""distance"":7,""physical_error_rate"":0.0005}","{""detection_events"":1543,""detectors_checked"":616448}"
      5120,         0,         0,    1.13,exact_mw,09f626b7d1c8765fd231bc36902f9c5557d3909c4644565b971bdb2bfb186061,"{""distance"":7,""physical_error_rate"":0.0005}","{""detection_events"":7629,""detectors_checked"":3082240}"
      1024,         0,         0,   0.165,exact_mw,09f626b7d1c8765fd231bc36902f9c5557d3909c4644565b971bdb2bfb186061,"{""distance"":7,""physical_error_rate"":0.0005}","{""detection_events"":1592,""detectors_checked"":616448}"
      1024,         0,         0,   0.160,exact_mw,09f626b7d1c8765fd231bc36902f9c5557d3909c4644565b971bdb2bfb186061,"{""distance"":7,""physical_error_rate"":0.0005}","{""detection_events"":1543,""detectors_checked"":616448}"
      1024,         0,         0,   0.578,exact_mw,09f626b7d1c8765fd231bc36902f9c5557d3909c4644565b971bdb2bfb186061,"{""distance"":7,""physical_error_rate"":0.0005}","{""detection_events"":1660,""detectors_checked"":616448}"
     14336,         0,         0,    2.24,exact_mw,09f626b7d1c8765fd231bc36902f9c5557d3909c4644565b971bdb2bfb186061,"{""distance"":7,""physical_error_rate"":0.0005}","{""detection_events"":21003,""detectors_checked"":8630272}"
      6144,         0,         0,   0.991,exact_mw,09f626b7d1c8765fd231bc36902f9c5557d3909c4644565b971bdb2bfb186061,"{""distance"":7,""physical_error_rate"":0.0005}","{""detection_events"":9412,""detectors_checked"":3698688}"
      9216,         0,         0,    1.64,exact_mw,09f626b7d1c8765fd231bc36902f9c5557d3909c4644565b971bdb2bfb186061,"{""distance"":7,""physical_error_rate"":0.0005}","{""detection_events"":13673,""detectors_checked"":5548032}"
      1024,         0,         0,   0.187,exact_mw,09f626b7d1c8765fd231bc36902f9c5557d3909c4644565b971bdb2bfb186061,"{""distance"":7,""physical_error_rate"":0.0005}","{""detection_events"":1643,""detectors_checked"":616448}"
      1024,         0,         0,   0.189,exact_mw,09f626b7d1c8765fd231bc36902f9c5557d3909c4644565b971bdb2bfb186061,"{""distance"":7,""physical_error_rate"":0.0005}","{""detection_events"":1476,""detectors_checked"":616448}"
      1024,         0,         0,   0.297,exact_mw,09f626b7d1c8765fd231bc36902f9c5557d3909c4644565b971bdb2bfb186061,"{""distance"":7,""physical_error_rate"":0.0005}","{""detection_events"":1546,""detectors_checked"":616448}"
      9216,         0,         0,    1.33,exact_mw,09f626b7d1c8765fd231bc36902f9c5557d3909c4644565b971bdb2bfb186061,"{""distance"":7,""physical_error_rate"":0.0005}","{""detection_events"":13686,""detectors_checked"":5548032}"
      1024,         0,         0,   0.239,exact_mw,09f626b7d1c8765fd231bc36902f9c5557d3909c4644565b971bdb2bfb186061,"{""distance"":7,""physical_error_rate"":0.0005}","{""detection_events"":1424,""detectors_checked"":616448}"
      2048,         0,         0,   0.290,exact_mw,09f626b7d1c8765fd231bc36902f9c5557d3909c4644565b971bdb2bfb186061,"{""distance"":7,""physical_error_rate"":0.0005}","{""detection_events"":3144,""detectors_checked"":1232896}"
      1024,         0,         0,   0.161,exact_mw,09f626b7d1c8765fd231bc36902f9c5557d3909c4644565b971bdb2bfb186061,"{""distance"":7,""physical_error_rate"":0.0005}","{""detection_events"":1453,""detectors_checked"":616448}"
      1024,         0,         0,   0.140,exact_mw,09f626b7d1c8765fd231bc36902f9c5557d3909c4644565b971bdb2bfb186061,"{""distance"":7,""physical_error_rate"":0.0005}","{""detection_events"":1577,""detectors_checked"":616448}"
      2048,         0,         0,   0.459,exact_mw,09f626b7d1c8765fd231bc36902f9c5557d3909c4644565b971bdb2bfb186061,"{""distance"":7,""physical_error_rate"":0.0005}","{""detection_events"":2921,""detectors_checked"":1232896}"
      1024,         0,         0,   0.155,exact_mw,09f626b7d1c8765fd231bc36902f9c5557d3909c4644565b971bdb2bfb186061,"{""distance"":7,""physical_error_rate"":0.0005}","{""detection_events"":1488,""detectors_checked"":616448}"
     12288,         0,         0,    2.27,exact_mw,09f626b7d1c8765fd231bc36902f9c5557d3909c4644565b971bdb2bfb186061,"{""distance"":7,""physical_error_rate"":0.0005}","{""detection_events"":18676,""detectors_checked"":7397376}"
      1024,         0,         0,   0.162,exact_mw,09f626b7d1c8765fd231bc36902f9c5557d3909c4644565b971bdb2bfb186061,"{""distance"":7,""physical_error_rate"":0.0005}","{""detection_events"":1570,""detectors_checked"":616448}"
      1024,         0,         0,   0.297,exact_mw,09f626b7d1c8765fd231bc36902f9c5557d3909c4644565b971bdb2bfb186061,"{""distance"":7,""physical_error_rate"":0.0005}","{""detection_events"":1681,""detectors_checked"":616448}"
      1024,         0,         0,   0.172,exact_mw,09f626b7d1c8765fd231bc36902f9c5557d3909c4644565b971bdb2bfb186061,"{""distance"":7,""physical_error_rate"":0.0005}","{""detection_events"":1584,""detectors_checked"":616448}"
      2048,         0,         0,   0.281,exact_mw,09f626b7d1c8765fd231bc36902f9c5557d3909c4644565b971bdb2bfb186061,"{""distance"":7,""physical_error_rate"":0.0005}","{""detection_events"":2970,""detectors_checked"":1232896}"
      1024,         0,         0,   0.222,exact_mw,09f626b7d1c8765fd231bc36902f9c5557d3909c4644565b971bdb2bfb186061,"{""distance"":7,""physical_error_rate"":0.0005}","{""detection_events"":1440,""detectors_checked"":616448}"
     14336,         1,         0,    2.32,exact_mw,09f626b7d1c8765fd231bc36902f9c5557d3909c4644565b971bdb2bfb186061,"{""distance"":7,""physical_error_rate"":0.0005}","{""detection_events"":21633,""detectors_checked"":8630272,""obs_mistake_mask=E"":1}"
     16384,         0,         0,    2.31,exact_mw,09f626b7d1c8765fd231bc36902f9c5557d3909c4644565b971bdb2bfb186061,"{""distance"":7,""physical_error_rate"":0.0005}","{""detection_events"":24171,""detectors_checked"":9863168}"
      1024,         0,         0,   0.215,exact_mw,09f626b7d1c8765fd231bc36902f9c5557d3909c4644565b971bdb2bfb186061,"{""distance"":7,""physical_error_rate"":0.0005}","{""detection_events"":1489,""detectors_checked"":616448}"
      1024,         0,         0,   0.187,exact_mw,09f626b7d1c8765fd231bc36902f9c5557d3909c4644565b971bdb2bfb186061,"{""distance"":7,""physical_error_rate"":0.0005}","{""detection_events"":1501,""detectors_checked"":616448}"
     10240,         0,         0,    1.66,exact_mw,09f626b7d1c8765fd231bc36902f9c5557d3909c4644565b971bdb2bfb186061,"{""distance"":7,""physical_error_rate"":0.0005}","{""detection_events"":14800,""detectors_checked"":6164480}"
      8192,         0,         0,    1.60,exact_mw,09f626b7d1c8765fd231bc36902f9c5557d3909c4644565b971bdb2bfb186061,"{""distance"":7,""physical_error_rate"":0.0005}","{""detection_events"":12159,""detectors_checked"":4931584}"
      1024,         0,         0,   0.162,exact_mw,09f626b7d1c8765fd231bc36902f9c5557d3909c4644565b971bdb2bfb186061,"{""distance"":7,""physical_error_rate"":0.0005}","{""detection_events"":1668,""detectors_checked"":616448}"
      2048,         0,         0,   0.301,exact_mw,09f626b7d1c8765fd231bc36902f9c5557d3909c4644565b971bdb2bfb186061,"{""distance"":7,""physical_error_rate"":0.0005}","{""detection_events"":3051,""detectors_checked"":1232896}"
     13312,         0,         0,    2.19,exact_mw,09f626b7d1c8765fd231bc36902f9c5557d3909c4644565b971bdb2bfb186061,"{""distance"":7,""physical_error_rate"":0.0005}","{""detection_events"":19752,""detectors_checked"":8013824}"
      7168,         0,         0,    1.73,exact_mw,09f626b7d1c8765fd231bc36902f9c5557d3909c4644565b971bdb2bfb186061,"{""distance"":7,""physical_error_rate"":0.0005}","{""detection_events"":10638,""detectors_checked"":4315136}"
      8192,         0,         0,    1.19,exact_mw,09f626b7d1c8765fd231bc36902f9c5557d3909c4644565b971bdb2bfb186061,"{""distance"":7,""physical_error_rate"":0.0005}","{""detection_events"":12018,""detectors_checked"":4931584}"
     14336,         0,         0,    2.27,exact_mw,09f626b7d1c8765fd231bc36902f9c5557d3909c4644565b971bdb2bfb186061,"{""distance"":7,""physical_error_rate"":0.0005}","{""detection_events"":21590,""detectors_checked"":8630272}"
      2048,         0,         0,   0.606,exact_mw,09f626b7d1c8765fd231bc36902f9c5557d3909c4644565b971bdb2bfb186061,"{""distance"":7,""physical_error_rate"":0.0005}","{""detection_events"":3244,""detectors_checked"":1232896}"
      2048,         0,         0,   0.303,exact_mw,09f626b7d1c8765fd231bc36902f9c5557d3909c4644565b971bdb2bfb186061,"{""distance"":7,""physical_error_rate"":0.0005}","{""detection_events"":3048,""detectors_checked"":1232896}"
      2048,         0,         0,   0.379,exact_mw,09f626b7d1c8765fd231bc36902f9c5557d3909c4644565b971bdb2bfb186061,"{""distance"":7,""physical_error_rate"":0.0005}","{""detection_events"":3035,""detectors_checked"":1232896}"
      3072,         0,         0,   0.485,exact_mw,09f626b7d1c8765fd231bc36902f9c5557d3909c4644565b971bdb2bfb186061,"{""distance"":7,""physical_error_rate"":0.0005}","{""detection_events"":4646,""detectors_checked"":1849344}"
      2048,         0,         0,   0.265,exact_mw,09f626b7d1c8765fd231bc36902f9c5557d3909c4644565b971bdb2bfb186061,"{""distance"":7,""physical_error_rate"":0.0005}","{""detection_events"":2859,""detectors_checked"":1232896}"
     11264,         0,         0,    2.27,exact_mw,09f626b7d1c8765fd231bc36902f9c5557d3909c4644565b971bdb2bfb186061,"{""distance"":7,""physical_error_rate"":0.0005}","{""detection_events"":16656,""detectors_checked"":6780928}"
      1024,         0,         0,   0.212,exact_mw,09f626b7d1c8765fd231bc36902f9c5557d3909c4644565b971bdb2bfb186061,"{""distance"":7,""physical_error_rate"":0.0005}","{""detection_events"":1474,""detectors_checked"":616448}"
      2048,         0,         0,   0.440,exact_mw,09f626b7d1c8765fd231bc36902f9c5557d3909c4644565b971bdb2bfb186061,"{""distance"":7,""physical_error_rate"":0.0005}","{""detection_events"":3057,""detectors_checked"":1232896}"
     13312,         0,         0,    2.22,exact_mw,09f626b7d1c8765fd231bc36902f9c5557d3909c4644565b971bdb2bfb186061,"{""distance"":7,""physical_error_rate"":0.0005}","{""detection_events"":19541,""detectors_checked"":8013824}"
     15360,         0,         0,    2.33,exact_mw,09f626b7d1c8765fd231bc36902f9c5557d3909c4644565b971bdb2bfb186061,"{""distance"":7,""physical_error_rate"":0.0005}","{""detection_events"":22990,""detectors_checked"":9246720}"
     10240,         0,         0,    2.35,exact_mw,09f626b7d1c8765fd231bc36902f9c5557d3909c4644565b971bdb2bfb186061,"{""distance"":7,""physical_error_rate"":0.0005}","{""detection_events"":15477,""detectors_checked"":6164480}"
     15360,         0,         0,    2.33,exact_mw,09f626b7d1c8765fd231bc36902f9c5557d3909c4644565b971bdb2bfb186061,"{""distance"":7,""physical_error_rate"":0.0005}","{""detection_events"":22805,""detectors_checked"":9246720}"
      1024,         0,         0,   0.307,exact_mw,09f626b7d1c8765fd231bc36902f9c5557d3909c4644565b971bdb2bfb186061,"{""distance"":7,""physical_error_rate"":0.0005}","{""detection_events"":1458,""detectors_checked"":616448}"
      2048,         0,         0,   0.361,exact_mw,09f626b7d1c8765fd231bc36902f9c5557d3909c4644565b971bdb2bfb186061,"{""distance"":7,""physical_error_rate"":0.0005}","{""detection_events"":3195,""detectors_checked"":1232896}"
      8192,         0,         0,    1.35,exact_mw,09f626b7d1c8765fd231bc36902f9c5557d3909c4644565b971bdb2bfb186061,"{""distance"":7,""physical_error_rate"":0.0005}","{""detection_events"":12075,""detectors_checked"":4931584}"
      2048,         0,         0,   0.314,exact_mw,09f626b7d1c8765fd231bc36902f9c5557d3909c4644565b971bdb2bfb186061,"{""distance"":7,""physical_error_rate"":0.0005}","{""detection_events"":3045,""detectors_checked"":1232896}"
      7168,         0,         0,    1.63,exact_mw,09f626b7d1c8765fd231bc36902f9c5557d3909c4644565b971bdb2bfb186061,"{""distance"":7,""physical_error_rate"":0.0005}","{""detection_events"":10805,""detectors_checked"":4315136}"
      3072,         0,         0,   0.414,exact_mw,09f626b7d1c8765fd231bc36902f9c5557d3909c4644565b971bdb2bfb186061,"{""distance"":7,""physical_error_rate"":0.0005}","{""detection_events"":4385,""detectors_checked"":1849344}"
      4096,         0,         0,   0.622,exact_mw,09f626b7d1c8765fd231bc36902f9c5557d3909c4644565b971bdb2bfb186061,"{""distance"":7,""physical_error_rate"":0.0005}","{""detection_events"":6162,""detectors_checked"":2465792}"
      5120,         0,         0,   0.785,exact_mw,09f626b7d1c8765fd231bc36902f9c5557d3909c4644565b971bdb2bfb186061,"{""distance"":7,""physical_error_rate"":0.0005}","{""detection_events"":7389,""detectors_checked"":3082240}"
      3072,         0,         0,   0.337,exact_mw,09f626b7d1c8765fd231bc36902f9c5557d3909c4644565b971bdb2bfb186061,"{""distance"":7,""physical_error_rate"":0.0005}","{""detection_events"":4644,""detectors_checked"":1849344}"
     15360,         0,         0,    2.40,exact_mw,09f626b7d1c8765fd231bc36902f9c5557d3909c4644565b971bdb2bfb186061,"{""distance"":7,""physical_error_rate"":0.0005}","{""detection_events"":23271,""detectors_checked"":9246720}"
     11264,         0,         0,    1.66,exact_mw,09f626b7d1c8765fd231bc36902f9c5557d3909c4644565b971bdb2bfb186061,"{""distance"":7,""physical_error_rate"":0.0005}","{""detection_events"":16606,""detectors_checked"":6780928}"
    769024,         2,         0,   120.0,exact_mw,09f626b7d1c8765fd231bc36902f9c5557d3909c4644565b971bdb2bfb186061,"{""distance"":7,""physical_error_rate"":0.0005}","{""detection_events"":1134455,""detectors_checked"":462952448,""obs_mistake_mask=E"":2}"
      3072,         0,         0,   0.555,exact_mw,09f626b7d1c8765fd231bc36902f9c5557d3909c4644565b971bdb2bfb186061,"{""distance"":7,""physical_error_rate"":0.0005}","{""detection_events"":4583,""detectors_checked"":1849344}"
     18432,         0,         0,    3.12,exact_mw,09f626b7d1c8765fd231bc36902f9c5557d3909c4644565b971bdb2bfb186061,"{""distance"":7,""physical_error_rate"":0.0005}","{""detection_events"":27350,""detectors_checked"":11096064}"
      3072,         0,         0,   0.460,exact_mw,09f626b7d1c8765fd231bc36902f9c5557d3909c4644565b971bdb2bfb186061,"{""distance"":7,""physical_error_rate"":0.0005}","{""detection_events"":4649,""detectors_checked"":1849344}"
      2048,         0,         0,   0.427,exact_mw,09f626b7d1c8765fd231bc36902f9c5557d3909c4644565b971bdb2bfb186061,"{""distance"":7,""physical_error_rate"":0.0005}","{""detection_events"":3067,""detectors_checked"":1232896}"
     16384,         0,         0,    2.23,exact_mw,09f626b7d1c8765fd231bc36902f9c5557d3909c4644565b971bdb2bfb186061,"{""distance"":7,""physical_error_rate"":0.0005}","{""detection_events"":23391,""detectors_checked"":9863168}"
      4096,         0,         0,   0.685,exact_mw,09f626b7d1c8765fd231bc36902f9c5557d3909c4644565b971bdb2bfb186061,"{""distance"":7,""physical_error_rate"":0.0005}","{""detection_events"":6427,""detectors_checked"":2465792}"
      2048,         0,         0,   0.569,exact_mw,09f626b7d1c8765fd231bc36902f9c5557d3909c4644565b971bdb2bfb186061,"{""distance"":7,""physical_error_rate"":0.0005}","{""detection_events"":3146,""detectors_checked"":1232896}"
      3072,         0,         0,   0.559,exact_mw,09f626b7d1c8765fd231bc36902f9c5557d3909c4644565b971bdb2bfb186061,"{""distance"":7,""physical_error_rate"":0.0005}","{""detection_events"":4588,""detectors_checked"":1849344}"
      6144,         0,         0,   0.879,exact_mw,09f626b7d1c8765fd231bc36902f9c5557d3909c4644565b971bdb2bfb186061,"{""distance"":7,""physical_error_rate"":0.0005}","{""detection_events"":9016,""detectors_checked"":3698688}"
     10240,         0,         0,    1.71,exact_mw,09f626b7d1c8765fd231bc36902f9c5557d3909c4644565b971bdb2bfb186061,"{""distance"":7,""physical_error_rate"":0.0005}","{""detection_events"":15359,""detectors_checked"":6164480}"
     21504,         0,         0,    3.15,exact_mw,09f626b7d1c8765fd231bc36902f9c5557d3909c4644565b971bdb2bfb186061,"{""distance"":7,""physical_error_rate"":0.0005}","{""detection_events"":32299,""detectors_checked"":12945408}"
     22528,         0,         0,    3.09,exact_mw,09f626b7d1c8765fd231bc36902f9c5557d3909c4644565b971bdb2bfb186061,"{""distance"":7,""physical_error_rate"":0.0005}","{""detection_events"":33600,""detectors_checked"":13561856}"
      4096,         0,         0,   0.728,exact_mw,09f626b7d1c8765fd231bc36902f9c5557d3909c4644565b971bdb2bfb186061,"{""distance"":7,""physical_error_rate"":0.0005}","{""detection_events"":6083,""detectors_checked"":2465792}"
     20480,         0,         0,    3.16,exact_mw,09f626b7d1c8765fd231bc36902f9c5557d3909c4644565b971bdb2bfb186061,"{""distance"":7,""physical_error_rate"":0.0005}","{""detection_events"":30543,""detectors_checked"":12328960}"
     13312,         0,         0,    2.22,exact_mw,09f626b7d1c8765fd231bc36902f9c5557d3909c4644565b971bdb2bfb186061,"{""distance"":7,""physical_error_rate"":0.0005}","{""detection_events"":19514,""detectors_checked"":8013824}"
     20480,         0,         0,    3.17,exact_mw,09f626b7d1c8765fd231bc36902f9c5557d3909c4644565b971bdb2bfb186061,"{""distance"":7,""physical_error_rate"":0.0005}","{""detection_events"":30085,""detectors_checked"":12328960}"
      5120,         0,         0,    1.29,exact_mw,09f626b7d1c8765fd231bc36902f9c5557d3909c4644565b971bdb2bfb186061,"{""distance"":7,""physical_error_rate"":0.0005}","{""detection_events"":7506,""detectors_checked"":3082240}"
     10240,         0,         0,    2.29,exact_mw,09f626b7d1c8765fd231bc36902f9c5557d3909c4644565b971bdb2bfb186061,"{""distance"":7,""physical_error_rate"":0.0005}","{""detection_events"":14726,""detectors_checked"":6164480}"
     10240,         0,         0,    1.71,exact_mw,09f626b7d1c8765fd231bc36902f9c5557d3909c4644565b971bdb2bfb186061,"{""distance"":7,""physical_error_rate"":0.0005}","{""detection_events"":15158,""detectors_checked"":6164480}"
     11264,         0,         0,    2.30,exact_mw,09f626b7d1c8765fd231bc36902f9c5557d3909c4644565b971bdb2bfb186061,"{""distance"":7,""physical_error_rate"":0.0005}","{""detection_events"":17028,""detectors_checked"":6780928}"
     21504,         0,         0,    3.21,exact_mw,09f626b7d1c8765fd231bc36902f9c5557d3909c4644565b971bdb2bfb186061,"{""distance"":7,""physical_error_rate"":0.0005}","{""detection_events"":31539,""detectors_checked"":12945408}"
      6144,         0,         0,   0.974,exact_mw,09f626b7d1c8765fd231bc36902f9c5557d3909c4644565b971bdb2bfb186061,"{""distance"":7,""physical_error_rate"":0.0005}","{""detection_events"":9074,""detectors_checked"":3698688}"
      5120,         0,         0,   0.794,exact_mw,09f626b7d1c8765fd231bc36902f9c5557d3909c4644565b971bdb2bfb186061,"{""distance"":7,""physical_error_rate"":0.0005}","{""detection_events"":7736,""detectors_checked"":3082240}"
      4096,         0,         0,   0.937,exact_mw,09f626b7d1c8765fd231bc36902f9c5557d3909c4644565b971bdb2bfb186061,"{""distance"":7,""physical_error_rate"":0.0005}","{""detection_events"":6096,""detectors_checked"":2465792}"
     20480,         0,         0,    3.22,exact_mw,09f626b7d1c8765fd231bc36902f9c5557d3909c4644565b971bdb2bfb186061,"{""distance"":7,""physical_error_rate"":0.0005}","{""detection_events"":29973,""detectors_checked"":12328960}"
     21504,         0,         0,    3.15,exact_mw,09f626b7d1c8765fd231bc36902f9c5557d3909c4644565b971bdb2bfb186061,"{""distance"":7,""physical_error_rate"":0.0005}","{""detection_events"":32119,""detectors_checked"":12945408}"
      6144,         0,         0,   0.838,exact_mw,09f626b7d1c8765fd231bc36902f9c5557d3909c4644565b971bdb2bfb186061,"{""distance"":7,""physical_error_rate"":0.0005}","{""detection_events"":9188,""detectors_checked"":3698688}"
      9216,         1,         0,    2.22,exact_mw,09f626b7d1c8765fd231bc36902f9c5557d3909c4644565b971bdb2bfb186061,"{""distance"":7,""physical_error_rate"":0.0005}","{""detection_events"":13822,""detectors_checked"":5548032,""obs_mistake_mask=E"":1}"
     20480,         0,         0,    3.17,exact_mw,09f626b7d1c8765fd231bc36902f9c5557d3909c4644565b971bdb2bfb186061,"{""distance"":7,""physical_error_rate"":0.0005}","{""detection_events"":30080,""detectors_checked"":12328960}"
      8192,         0,         0,    1.26,exact_mw,09f626b7d1c8765fd231bc36902f9c5557d3909c4644565b971bdb2bfb186061,"{""distance"":7,""physical_error_rate"":0.0005}","{""detection_events"":11841,""detectors_checked"":4931584}"
     20480,         0,         0,    3.05,exact_mw,09f626b7d1c8765fd231bc36902f9c5557d3909c4644565b971bdb2bfb186061,"{""distance"":7,""physical_error_rate"":0.0005}","{""detection_events"":30579,""detectors_checked"":12328960}"
     15360,         0,         0,    3.16,exact_mw,09f626b7d1c8765fd231bc36902f9c5557d3909c4644565b971bdb2bfb186061,"{""distance"":7,""physical_error_rate"":0.0005}","{""detection_events"":22841,""detectors_checked"":9246720}"
     15360,         0,         0,    2.35,exact_mw,09f626b7d1c8765fd231bc36902f9c5557d3909c4644565b971bdb2bfb186061,"{""distance"":7,""physical_error_rate"":0.0005}","{""detection_events"":22409,""detectors_checked"":9246720}"
     16384,         0,         0,    3.10,exact_mw,09f626b7d1c8765fd231bc36902f9c5557d3909c4644565b971bdb2bfb186061,"{""distance"":7,""physical_error_rate"":0.0005}","{""detection_events"":24074,""detectors_checked"":9863168}"
     18432,         0,         0,    3.06,exact_mw,09f626b7d1c8765fd231bc36902f9c5557d3909c4644565b971bdb2bfb186061,"{""distance"":7,""physical_error_rate"":0.0005}","{""detection_events"":27285,""detectors_checked"":11096064}"
     13312,         0,         0,    3.07,exact_mw,09f626b7d1c8765fd231bc36902f9c5557d3909c4644565b971bdb2bfb186061,"{""distance"":7,""physical_error_rate"":0.0005}","{""detection_events"":20042,""detectors_checked"":8013824}"
     20480,         0,         0,    3.13,exact_mw,09f626b7d1c8765fd231bc36902f9c5557d3909c4644565b971bdb2bfb186061,"{""distance"":7,""physical_error_rate"":0.0005}","{""detection_events"":30153,""detectors_checked"":12328960}"
     21504,         0,         0,    3.13,exact_mw,09f626b7d1c8765fd231bc36902f9c5557d3909c4644565b971bdb2bfb186061,"{""distance"":7,""physical_error_rate"":0.0005}","{""detection_events"":31331,""detectors_checked"":12945408}"
      9216,         0,         0,    1.20,exact_mw,09f626b7d1c8765fd231bc36902f9c5557d3909c4644565b971bdb2bfb186061,"{""distance"":7,""physical_error_rate"":0.0005}","{""detection_events"":13449,""detectors_checked"":5548032}"
      8192,         0,         0,    1.25,exact_mw,09f626b7d1c8765fd231bc36902f9c5557d3909c4644565b971bdb2bfb186061,"{""distance"":7,""physical_error_rate"":0.0005}","{""detection_events"":12129,""detectors_checked"":4931584}"
      8192,         0,         0,    1.66,exact_mw,09f626b7d1c8765fd231bc36902f9c5557d3909c4644565b971bdb2bfb186061,"{""distance"":7,""physical_error_rate"":0.0005}","{""detection_events"":11891,""detectors_checked"":4931584}"
      6144,         0,         0,    1.35,exact_mw,09f626b7d1c8765fd231bc36902f9c5557d3909c4644565b971bdb2bfb186061,"{""distance"":7,""physical_error_rate"":0.0005}","{""detection_events"":9054,""detectors_checked"":3698688}"
     16384,         0,         0,    2.21,exact_mw,09f626b7d1c8765fd231bc36902f9c5557d3909c4644565b971bdb2bfb186061,"{""distance"":7,""physical_error_rate"":0.0005}","{""detection_events"":24080,""detectors_checked"":9863168}"
      8192,         0,         0,    1.20,exact_mw,09f626b7d1c8765fd231bc36902f9c5557d3909c4644565b971bdb2bfb186061,"{""distance"":7,""physical_error_rate"":0.0005}","{""detection_events"":12153,""detectors_checked"":4931584}"
     20480,         0,         0,    3.14,exact_mw,09f626b7d1c8765fd231bc36902f9c5557d3909c4644565b971bdb2bfb186061,"{""distance"":7,""physical_error_rate"":0.0005}","{""detection_events"":29877,""detectors_checked"":12328960}"
     15360,         0,         0,    2.41,exact_mw,09f626b7d1c8765fd231bc36902f9c5557d3909c4644565b971bdb2bfb186061,"{""distance"":7,""physical_error_rate"":0.0005}","{""detection_events"":23147,""detectors_checked"":9246720}"
      9216,         0,         0,    1.94,exact_mw,09f626b7d1c8765fd231bc36902f9c5557d3909c4644565b971bdb2bfb186061,"{""distance"":7,""physical_error_rate"":0.0005}","{""detection_events"":13446,""detectors_checked"":5548032}"
     19456,         0,         0,    3.44,exact_mw,09f626b7d1c8765fd231bc36902f9c5557d3909c4644565b971bdb2bfb186061,"{""distance"":7,""physical_error_rate"":0.0005}","{""detection_events"":28762,""detectors_checked"":11712512}"
     18432,         0,         0,    3.10,exact_mw,09f626b7d1c8765fd231bc36902f9c5557d3909c4644565b971bdb2bfb186061,"{""distance"":7,""physical_error_rate"":0.0005}","{""detection_events"":27551,""detectors_checked"":11096064}"
     15360,         0,         0,    3.08,exact_mw,09f626b7d1c8765fd231bc36902f9c5557d3909c4644565b971bdb2bfb186061,"{""distance"":7,""physical_error_rate"":0.0005}","{""detection_events"":22958,""detectors_checked"":9246720}"
     10240,         0,         0,    1.57,exact_mw,09f626b7d1c8765fd231bc36902f9c5557d3909c4644565b971bdb2bfb186061,"{""distance"":7,""physical_error_rate"":0.0005}","{""detection_events"":15364,""detectors_checked"":6164480}"
     11264,         0,         0,    1.64,exact_mw,09f626b7d1c8765fd231bc36902f9c5557d3909c4644565b971bdb2bfb186061,"{""distance"":7,""physical_error_rate"":0.0005}","{""detection_events"":16552,""detectors_checked"":6780928}"
     26624,         0,         0,    4.30,exact_mw,09f626b7d1c8765fd231bc36902f9c5557d3909c4644565b971bdb2bfb186061,"{""distance"":7,""physical_error_rate"":0.0005}","{""detection_events"":39248,""detectors_checked"":16027648}"
      7168,         0,         0,    1.56,exact_mw,09f626b7d1c8765fd231bc36902f9c5557d3909c4644565b971bdb2bfb186061,"{""distance"":7,""physical_error_rate"":0.0005}","{""detection_events"":10803,""detectors_checked"":4315136}"
     14336,         0,         0,    3.23,exact_mw,09f626b7d1c8765fd231bc36902f9c5557d3909c4644565b971bdb2bfb186061,"{""distance"":7,""physical_error_rate"":0.0005}","{""detection_events"":21801,""detectors_checked"":8630272}"
     11264,         0,         0,    1.64,exact_mw,09f626b7d1c8765fd231bc36902f9c5557d3909c4644565b971bdb2bfb186061,"{""distance"":7,""physical_error_rate"":0.0005}","{""detection_events"":16952,""detectors_checked"":6780928}"
     15360,         0,         0,    3.06,exact_mw,09f626b7d1c8765fd231bc36902f9c5557d3909c4644565b971bdb2bfb186061,"{""distance"":7,""physical_error_rate"":0.0005}","{""detection_events"":22548,""detectors_checked"":9246720}"
     11264,         0,         0,    2.24,exact_mw,09f626b7d1c8765fd231bc36902f9c5557d3909c4644565b971bdb2bfb186061,"{""distance"":7,""physical_error_rate"":0.0005}","{""detection_events"":15984,""detectors_checked"":6780928}"
     30720,         0,         0,    4.29,exact_mw,09f626b7d1c8765fd231bc36902f9c5557d3909c4644565b971bdb2bfb186061,"{""distance"":7,""physical_error_rate"":0.0005}","{""detection_events"":45686,""detectors_checked"":18493440}"
     28672,         0,         0,    4.32,exact_mw,09f626b7d1c8765fd231bc36902f9c5557d3909c4644565b971bdb2bfb186061,"{""distance"":7,""physical_error_rate"":0.0005}","{""detection_events"":42694,""detectors_checked"":17260544}"
         1,         0,         0,   0.001,exact_mw,09f626b7d1c8765fd231bc36902f9c5557d3909c4644565b971bdb2bfb186061,"{""distance"":7,""physical_error_rate"":0.0005}","{""detectors_checked"":602}"
       272,         0,         0,   0.077,exact_mw,09f626b7d1c8765fd231bc36902f9c5557d3909c4644565b971bdb2bfb186061,"{""distance"":7,""physical_error_rate"":0.0005}","{""detection_events"":414,""detectors_checked"":163744}"
     19456,         0,         0,    3.09,exact_mw,09f626b7d1c8765fd231bc36902f9c5557d3909c4644565b971bdb2bfb186061,"{""distance"":7,""physical_error_rate"":0.0005}","{""detection_events"":28993,""detectors_checked"":11712512}"
     28672,         0,         0,    4.43,exact_mw,09f626b7d1c8765fd231bc36902f9c5557d3909c4644565b971bdb2bfb186061,"{""distance"":7,""physical_error_rate"":0.0005}","{""detection_events"":42831,""detectors_checked"":17260544}"
     28672,         0,         0,    4.38,exact_mw,09f626b7d1c8765fd231bc36902f9c5557d3909c4644565b971bdb2bfb186061,"{""distance"":7,""physical_error_rate"":0.0005}","{""detection_events"":42295,""detectors_checked"":17260544}"
      1024,         0,         0,   0.184,exact_mw,09f626b7d1c8765fd231bc36902f9c5557d3909c4644565b971bdb2bfb186061,"{""distance"":7,""physical_error_rate"":0.0005}","{""detection_events"":1531,""detectors_checked"":616448}"
     27648,         0,         0,    4.25,exact_mw,09f626b7d1c8765fd231bc36902f9c5557d3909c4644565b971bdb2bfb186061,"{""distance"":7,""physical_error_rate"":0.0005}","{""detection_events"":41274,""detectors_checked"":16644096}"
      1024,         0,         0,   0.134,exact_mw,09f626b7d1c8765fd231bc36902f9c5557d3909c4644565b971bdb2bfb186061,"{""distance"":7,""physical_error_rate"":0.0005}","{""detection_events"":1402,""detectors_checked"":616448}"
      1024,         0,         0,   0.316,exact_mw,09f626b7d1c8765fd231bc36902f9c5557d3909c4644565b971bdb2bfb186061,"{""distance"":7,""physical_error_rate"":0.0005}","{""detection_events"":1568,""detectors_checked"":616448}"
     19456,         0,         0,    3.10,exact_mw,09f626b7d1c8765fd231bc36902f9c5557d3909c4644565b971bdb2bfb186061,"{""distance"":7,""physical_error_rate"":0.0005}","{""detection_events"":27958,""detectors_checked"":11712512}"
      4096,         0,         0,    2.18,exact_mw,09f626b7d1c8765fd231bc36902f9c5557d3909c4644565b971bdb2bfb186061,"{""distance"":7,""physical_error_rate"":0.0005}","{""detection_events"":5832,""detectors_checked"":2465792}"
     27648,         0,         0,    4.40,exact_mw,09f626b7d1c8765fd231bc36902f9c5557d3909c4644565b971bdb2bfb186061,"{""distance"":7,""physical_error_rate"":0.0005}","{""detection_events"":40487,""detectors_checked"":16644096}"
     28672,         0,         0,    4.31,exact_mw,09f626b7d1c8765fd231bc36902f9c5557d3909c4644565b971bdb2bfb186061,"{""distance"":7,""physical_error_rate"":0.0005}","{""detection_events"":42700,""detectors_checked"":17260544}"
     24576,         0,         0,    4.30,exact_mw,09f626b7d1c8765fd231bc36902f9c5557d3909c4644565b971bdb2bfb186061,"{""distance"":7,""physical_error_rate"":0.0005}","{""detection_events"":36526,""detectors_checked"":14794752}"
      1024,         0,         0,   0.218,exact_mw,09f626b7d1c8765fd231bc36902f9c5557d3909c4644565b971bdb2bfb186061,"{""distance"":7,""physical_error_rate"":0.0005}","{""detection_events"":1530,""detectors_checked"":616448}"
     26624,         0,         0,    4.28,exact_mw,09f626b7d1c8765fd231bc36902f9c5557d3909c4644565b971bdb2bfb186061,"{""distance"":7,""physical_error_rate"":0.0005}","{""detection_events"":39107,""detectors_checked"":16027648}"
     25600,         0,         0,    4.26,exact_mw,09f626b7d1c8765fd231bc36902f9c5557d3909c4644565b971bdb2bfb186061,"{""distance"":7,""physical_error_rate"":0.0005}","{""detection_events"":37816,""detectors_checked"":15411200}"
      1024,         0,         0,   0.216,exact_mw,09f626b7d1c8765fd231bc36902f9c5557d3909c4644565b971bdb2bfb186061,"{""distance"":7,""physical_error_rate"":0.0005}","{""detection_events"":1626,""detectors_checked"":616448}"
     16384,         0,         0,    2.21,exact_mw,09f626b7d1c8765fd231bc36902f9c5557d3909c4644565b971bdb2bfb186061,"{""distance"":7,""physical_error_rate"":0.0005}","{""detection_events"":24253,""detectors_checked"":9863168}"
     15360,         0,         0,    2.23,exact_mw,09f626b7d1c8765fd231bc36902f9c5557d3909c4644565b971bdb2bfb186061,"{""distance"":7,""physical_error_rate"":0.0005}","{""detection_events"":22779,""detectors_checked"":9246720}"
      1024,         0,         0,   0.221,exact_mw,09f626b7d1c8765fd231bc36902f9c5557d3909c4644565b971bdb2bfb186061,"{""distance"":7,""physical_error_rate"":0.0005}","{""detection_events"":1441,""detectors_checked"":616448}"
     25600,         0,         0,    4.35,exact_mw,09f626b7d1c8765fd231bc36902f9c5557d3909c4644565b971bdb2bfb186061,"{""distance"":7,""physical_error_rate"":0.0005}","{""detection_events"":38431,""detectors_checked"":15411200}"
     27648,         0,         0,    4.26,exact_mw,09f626b7d1c8765fd231bc36902f9c5557d3909c4644565b971bdb2bfb186061,"{""distance"":7,""physical_error_rate"":0.0005}","{""detection_events"":41836,""detectors_checked"":16644096}"
     10240,         0,         0,    2.32,exact_mw,09f626b7d1c8765fd231bc36902f9c5557d3909c4644565b971bdb2bfb186061,"{""distance"":7,""physical_error_rate"":0.0005}","{""detection_events"":15045,""detectors_checked"":6164480}"
     29696,         0,         0,    4.36,exact_mw,09f626b7d1c8765fd231bc36902f9c5557d3909c4644565b971bdb2bfb186061,"{""distance"":7,""physical_error_rate"":0.0005}","{""detection_events"":44400,""detectors_checked"":17876992}"
     21504,         0,         0,    3.15,exact_mw,09f626b7d1c8765fd231bc36902f9c5557d3909c4644565b971bdb2bfb186061,"{""distance"":7,""physical_error_rate"":0.0005}","{""detection_events"":32043,""detectors_checked"":12945408}"
     30720,         0,         0,    4.32,exact_mw,09f626b7d1c8765fd231bc36902f9c5557d3909c4644565b971bdb2bfb186061,"{""distance"":7,""physical_error_rate"":0.0005}","{""detection_events"":45674,""detectors_checked"":18493440}"
      1024,         0,         0,   0.226,exact_mw,09f626b7d1c8765fd231bc36902f9c5557d3909c4644565b971bdb2bfb186061,"{""distance"":7,""physical_error_rate"":0.0005}","{""detection_events"":1452,""detectors_checked"":616448}"
     26624,         0,         0,    4.30,exact_mw,09f626b7d1c8765fd231bc36902f9c5557d3909c4644565b971bdb2bfb186061,"{""distance"":7,""physical_error_rate"":0.0005}","{""detection_events"":39192,""detectors_checked"":16027648}"
     13312,         0,         0,    2.20,exact_mw,09f626b7d1c8765fd231bc36902f9c5557d3909c4644565b971bdb2bfb186061,"{""distance"":7,""physical_error_rate"":0.0005}","{""detection_events"":20143,""detectors_checked"":8013824}"
      2048,         0,         0,   0.408,exact_mw,09f626b7d1c8765fd231bc36902f9c5557d3909c4644565b971bdb2bfb186061,"{""distance"":7,""physical_error_rate"":0.0005}","{""detection_events"":3021,""detectors_checked"":1232896}"
     27648,         0,         0,    4.38,exact_mw,09f626b7d1c8765fd231bc36902f9c5557d3909c4644565b971bdb2bfb186061,"{""distance"":7,""physical_error_rate"":0.0005}","{""detection_events"":40993,""detectors_checked"":16644096}"
      1024,         0,         0,   0.354,exact_mw,09f626b7d1c8765fd231bc36902f9c5557d3909c4644565b971bdb2bfb186061,"{""distance"":7,""physical_error_rate"":0.0005}","{""detection_events"":1679,""detectors_checked"":616448}"
      2048,         0,         0,   0.429,exact_mw,09f626b7d1c8765fd231bc36902f9c5557d3909c4644565b971bdb2bfb186061,"{""distance"":7,""physical_error_rate"":0.0005}","{""detection_events"":3013,""detectors_checked"":1232896}"
     16384,         0,         0,    3.14,exact_mw,09f626b7d1c8765fd231bc36902f9c5557d3909c4644565b971bdb2bfb186061,"{""distance"":7,""physical_error_rate"":0.0005}","{""detection_events"":24001,""detectors_checked"":9863168}"
     26624,         0,         0,    4.39,exact_mw,09f626b7d1c8765fd231bc36902f9c5557d3909c4644565b971bdb2bfb186061,"{""distance"":7,""physical_error_rate"":0.0005}","{""detection_events"":39092,""detectors_checked"":16027648}"
     27648,         0,         0,    4.28,exact_mw,09f626b7d1c8765fd231bc36902f9c5557d3909c4644565b971bdb2bfb186061,"{""distance"":7,""physical_error_rate"":0.0005}","{""detection_events"":41170,""detectors_checked"":16644096}"
     20480,         0,         0,    4.38,exact_mw,09f626b7d1c8765fd231bc36902f9c5557d3909c4644565b971bdb2bfb186061,"{""distance"":7,""physical_error_rate"":0.0005}","{""detection_events"":30716,""detectors_checked"":12328960}"
      3072,         0,         0,   0.555,exact_mw,09f626b7d1c8765fd231bc36902f9c5557d3909c4644565b971bdb2bfb186061,"{""distance"":7,""physical_error_rate"":0.0005}","{""detection_events"":4597,""detectors_checked"":1849344}"
    618496,         1,         0,   120.0,exact_mw,09f626b7d1c8765fd231bc36902f9c5557d3909c4644565b971bdb2bfb186061,"{""distance"":7,""physical_error_rate"":0.0005}","{""detection_events"":916777,""detectors_checked"":372334592,""obs_mistake_mask=E"":1}"
     21504,         0,         0,    4.34,exact_mw,09f626b7d1c8765fd231bc36902f9c5557d3909c4644565b971bdb2bfb186061,"{""distance"":7,""physical_error_rate"":0.0005}","{""detection_events"":31905,""detectors_checked"":12945408}"
     15360,         0,         0,    3.26,exact_mw,09f626b7d1c8765fd231bc36902f9c5557d3909c4644565b971bdb2bfb186061,"{""distance"":7,""physical_error_rate"":0.0005}","{""detection_events"":22851,""detectors_checked"":9246720}"
     22528,         0,         0,    4.40,exact_mw,09f626b7d1c8765fd231bc36902f9c5557d3909c4644565b971bdb2bfb186061,"{""distance"":7,""physical_error_rate"":0.0005}","{""detection_events"":32977,""detectors_checked"":13561856}"
     22528,         0,         0,    3.12,exact_mw,09f626b7d1c8765fd231bc36902f9c5557d3909c4644565b971bdb2bfb186061,"{""distance"":7,""physical_error_rate"":0.0005}","{""detection_events"":33530,""detectors_checked"":13561856}"
     19456,         0,         0,    3.13,exact_mw,09f626b7d1c8765fd231bc36902f9c5557d3909c4644565b971bdb2bfb186061,"{""distance"":7,""physical_error_rate"":0.0005}","{""detection_events"":28097,""detectors_checked"":11712512}"
      5120,         0,         0,    1.03,exact_mw,09f626b7d1c8765fd231bc36902f9c5557d3909c4644565b971bdb2bfb186061,"{""distance"":7,""physical_error_rate"":0.0005}","{""detection_events"":7526,""detectors_checked"":3082240}"
     26624,         0,         0,    4.31,exact_mw,09f626b7d1c8765fd231bc36902f9c5557d3909c4644565b971bdb2bfb186061,"{""distance"":7,""physical_error_rate"":0.0005}","{""detection_events"":39510,""detectors_checked"":16027648}"
     17408,         0,         0,    3.11,exact_mw,09f626b7d1c8765fd231bc36902f9c5557d3909c4644565b971bdb2bfb186061,"{""distance"":7,""physical_error_rate"":0.0005}","{""detection_events"":25981,""detectors_checked"":10479616}"
     17408,         0,         0,    3.07,exact_mw,09f626b7d1c8765fd231bc36902f9c5557d3909c4644565b971bdb2bfb186061,"{""distance"":7,""physical_error_rate"":0.0005}","{""detection_events"":25225,""detectors_checked"":10479616}"
     32768,         0,         0,    6.07,exact_mw,09f626b7d1c8765fd231bc36902f9c5557d3909c4644565b971bdb2bfb186061,"{""distance"":7,""physical_error_rate"":0.0005}","{""detection_events"":48369,""detectors_checked"":19726336}"
     20480,         0,         0,    4.53,exact_mw,09f626b7d1c8765fd231bc36902f9c5557d3909c4644565b971bdb2bfb186061,"{""distance"":7,""physical_error_rate"":0.0005}","{""detection_events"":30031,""detectors_checked"":12328960}"
    175616,         0,         0,   120.2,exact_mw,09f626b7d1c8765fd231bc36902f9c5557d3909c4644565b971bdb2bfb186061,"{""distance"":7,""physical_error_rate"":0.0005}","{""detection_events"":260558,""detectors_checked"":105720832}"
      5120,         0,         0,    1.26,exact_mw,09f626b7d1c8765fd231bc36902f9c5557d3909c4644565b971bdb2bfb186061,"{""distance"":7,""physical_error_rate"":0.0005}","{""detection_events"":7368,""detectors_checked"":3082240}"
     28672,         0,         0,    4.37,exact_mw,09f626b7d1c8765fd231bc36902f9c5557d3909c4644565b971bdb2bfb186061,"{""distance"":7,""physical_error_rate"":0.0005}","{""detection_events"":42587,""detectors_checked"":17260544}"
     28672,         0,         0,    5.97,exact_mw,09f626b7d1c8765fd231bc36902f9c5557d3909c4644565b971bdb2bfb186061,"{""distance"":7,""physical_error_rate"":0.0005}","{""detection_events"":42827,""detectors_checked"":17260544}"
     39936,         0,         0,    6.20,exact_mw,09f626b7d1c8765fd231bc36902f9c5557d3909c4644565b971bdb2bfb186061,"{""distance"":7,""physical_error_rate"":0.0005}","{""detection_events"":58238,""detectors_checked"":24041472}"
     38912,         0,         0,    6.03,exact_mw,09f626b7d1c8765fd231bc36902f9c5557d3909c4644565b971bdb2bfb186061,"{""distance"":7,""physical_error_rate"":0.0005}","{""detection_events"":58192,""detectors_checked"":23425024}"
     28672,         0,         0,    5.97,exact_mw,09f626b7d1c8765fd231bc36902f9c5557d3909c4644565b971bdb2bfb186061,"{""distance"":7,""physical_error_rate"":0.0005}","{""detection_events"":42423,""detectors_checked"":17260544}"
     39936,         0,         0,    6.15,exact_mw,09f626b7d1c8765fd231bc36902f9c5557d3909c4644565b971bdb2bfb186061,"{""distance"":7,""physical_error_rate"":0.0005}","{""detection_events"":59091,""detectors_checked"":24041472}"
     38912,         0,         0,    6.01,exact_mw,09f626b7d1c8765fd231bc36902f9c5557d3909c4644565b971bdb2bfb186061,"{""distance"":7,""physical_error_rate"":0.0005}","{""detection_events"":57051,""detectors_checked"":23425024}"
     37888,         1,         0,    6.19,exact_mw,09f626b7d1c8765fd231bc36902f9c5557d3909c4644565b971bdb2bfb186061,"{""distance"":7,""physical_error_rate"":0.0005}","{""detection_events"":56856,""detectors_checked"":22808576,""obs_mistake_mask=E"":1}"
     35840,         0,         0,    6.21,exact_mw,09f626b7d1c8765fd231bc36902f9c5557d3909c4644565b971bdb2bfb186061,"{""distance"":7,""physical_error_rate"":0.0005}","{""detection_events"":52767,""detectors_checked"":21575680}"
     40960,         1,         0,    6.04,exact_mw,09f626b7d1c8765fd231bc36902f9c5557d3909c4644565b971bdb2bfb186061,"{""distance"":7,""physical_error_rate"":0.0005}","{""detection_events"":60558,""detectors_checked"":24657920,""obs_mistake_mask=E"":1}"
     38912,         1,         0,    6.16,exact_mw,09f626b7d1c8765fd231bc36902f9c5557d3909c4644565b971bdb2bfb186061,"{""distance"":7,""physical_error_rate"":0.0005}","{""detection_events"":57483,""detectors_checked"":23425024,""obs_mistake_mask=E"":1}"
      7168,         0,         0,    1.62,exact_mw,09f626b7d1c8765fd231bc36902f9c5557d3909c4644565b971bdb2bfb186061,"{""distance"":7,""physical_error_rate"":0.0005}","{""detection_events"":10539,""detectors_checked"":4315136}"
     22528,         0,         0,    4.43,exact_mw,09f626b7d1c8765fd231bc36902f9c5557d3909c4644565b971bdb2bfb186061,"{""distance"":7,""physical_error_rate"":0.0005}","{""detection_events"":32765,""detectors_checked"":13561856}"
     34816,         0,         0,    6.01,exact_mw,09f626b7d1c8765fd231bc36902f9c5557d3909c4644565b971bdb2bfb186061,"{""distance"":7,""physical_error_rate"":0.0005}","{""detection_events"":50865,""detectors_checked"":20959232}"
     36864,         1,         0,    6.09,exact_mw,09f626b7d1c8765fd231bc36902f9c5557d3909c4644565b971bdb2bfb186061,"{""distance"":7,""physical_error_rate"":0.0005}","{""detection_events"":54890,""detectors_checked"":22192128,""obs_mistake_mask=E"":1}"
     38912,         0,         0,    6.03,exact_mw,09f626b7d1c8765fd231bc36902f9c5557d3909c4644565b971bdb2bfb186061,"{""distance"":7,""physical_error_rate"":0.0005}","{""detection_events"":57400,""detectors_checked"":23425024}"
     39936,         0,         0,    6.01,exact_mw,09f626b7d1c8765fd231bc36902f9c5557d3909c4644565b971bdb2bfb186061,"{""distance"":7,""physical_error_rate"":0.0005}","{""detection_events"":58700,""detectors_checked"":24041472}"
     37888,         0,         0,    5.97,exact_mw,09f626b7d1c8765fd231bc36902f9c5557d3909c4644565b971bdb2bfb186061,"{""distance"":7,""physical_error_rate"":0.0005}","{""detection_events"":56069,""detectors_checked"":22808576}"
     39936,         0,         0,    6.00,exact_mw,09f626b7d1c8765fd231bc36902f9c5557d3909c4644565b971bdb2bfb186061,"{""distance"":7,""physical_error_rate"":0.0005}","{""detection_events"":58859,""detectors_checked"":24041472}"
     20480,         1,         0,    4.41,exact_mw,09f626b7d1c8765fd231bc36902f9c5557d3909c4644565b971bdb2bfb186061,"{""distance"":7,""physical_error_rate"":0.0005}","{""detection_events"":30315,""detectors_checked"":12328960,""obs_mistake_mask=E"":1}"
     28672,         0,         0,    4.26,exact_mw,09f626b7d1c8765fd231bc36902f9c5557d3909c4644565b971bdb2bfb186061,"{""distance"":7,""physical_error_rate"":0.0005}","{""detection_events"":42618,""detectors_checked"":17260544}"
     27648,         0,         0,    4.37,exact_mw,09f626b7d1c8765fd231bc36902f9c5557d3909c4644565b971bdb2bfb186061,"{""distance"":7,""physical_error_rate"":0.0005}","{""detection_events"":40499,""detectors_checked"":16644096}"
     27648,         0,         0,    4.28,exact_mw,09f626b7d1c8765fd231bc36902f9c5557d3909c4644565b971bdb2bfb186061,"{""distance"":7,""physical_error_rate"":0.0005}","{""detection_events"":41093,""detectors_checked"":16644096}"
     32768,         0,         0,    6.08,exact_mw,09f626b7d1c8765fd231bc36902f9c5557d3909c4644565b971bdb2bfb186061,"{""distance"":7,""physical_error_rate"":0.0005}","{""detection_events"":47801,""detectors_checked"":19726336}"
     29696,         0,         0,    4.37,exact_mw,09f626b7d1c8765fd231bc36902f9c5557d3909c4644565b971bdb2bfb186061,"{""distance"":7,""physical_error_rate"":0.0005}","{""detection_events"":43607,""detectors_checked"":17876992}"
     40960,         0,         0,    6.17,exact_mw,09f626b7d1c8765fd231bc36902f9c5557d3909c4644565b971bdb2bfb186061,"{""distance"":7,""physical_error_rate"":0.0005}","{""detection_events"":60318,""detectors_checked"":24657920}"
     38912,         0,         0,    6.11,exact_mw,09f626b7d1c8765fd231bc36902f9c5557d3909c4644565b971bdb2bfb186061,"{""distance"":7,""physical_error_rate"":0.0005}","{""detection_events"":57530,""detectors_checked"":23425024}"
     10240,         0,         0,    2.26,exact_mw,09f626b7d1c8765fd231bc36902f9c5557d3909c4644565b971bdb2bfb186061,"{""distance"":7,""physical_error_rate"":0.0005}","{""detection_events"":15748,""detectors_checked"":6164480}"
     28672,         0,         0,    6.15,exact_mw,09f626b7d1c8765fd231bc36902f9c5557d3909c4644565b971bdb2bfb186061,"{""distance"":7,""physical_error_rate"":0.0005}","{""detection_events"":42256,""detectors_checked"":17260544}"
     27648,         1,         0,    6.07,exact_mw,09f626b7d1c8765fd231bc36902f9c5557d3909c4644565b971bdb2bfb186061,"{""distance"":7,""physical_error_rate"":0.0005}","{""detection_events"":40994,""detectors_checked"":16644096,""obs_mistake_mask=E"":1}"
     41984,         0,         0,    6.18,exact_mw,09f626b7d1c8765fd231bc36902f9c5557d3909c4644565b971bdb2bfb186061,"{""distance"":7,""physical_error_rate"":0.0005}","{""detection_events"":61433,""detectors_checked"":25274368}"
     32768,         0,         0,    6.00,exact_mw,09f626b7d1c8765fd231bc36902f9c5557d3909c4644565b971bdb2bfb186061,"{""distance"":7,""physical_error_rate"":0.0005}","{""detection_events"":48172,""detectors_checked"":19726336}"
     38912,         0,         0,    6.17,exact_mw,09f626b7d1c8765fd231bc36902f9c5557d3909c4644565b971bdb2bfb186061,"{""distance"":7,""physical_error_rate"":0.0005}","{""detection_events"":57410,""detectors_checked"":23425024}"
     16384,         0,         0,    3.19,exact_mw,09f626b7d1c8765fd231bc36902f9c5557d3909c4644565b971bdb2bfb186061,"{""distance"":7,""physical_error_rate"":0.0005}","{""detection_events"":24101,""detectors_checked"":9863168}"
     27648,         0,         0,    6.13,exact_mw,09f626b7d1c8765fd231bc36902f9c5557d3909c4644565b971bdb2bfb186061,"{""distance"":7,""physical_error_rate"":0.0005}","{""detection_events"":40877,""detectors_checked"":16644096}"
     50176,         0,         0,    8.47,exact_mw,09f626b7d1c8765fd231bc36902f9c5557d3909c4644565b971bdb2bfb186061,"{""distance"":7,""physical_error_rate"":0.0005}","{""detection_events"":73807,""detectors_checked"":30205952}"
    770048,         0,         0,   119.9,exact_mw,09f626b7d1c8765fd231bc36902f9c5557d3909c4644565b971bdb2bfb186061,"{""distance"":7,""physical_error_rate"":0.0005}","{""detection_events"":1133934,""detectors_checked"":463568896}"
     38912,         1,         0,    8.48,exact_mw,09f626b7d1c8765fd231bc36902f9c5557d3909c4644565b971bdb2bfb186061,"{""distance"":7,""physical_error_rate"":0.0005}","{""detection_events"":57108,""detectors_checked"":23425024,""obs_mistake_mask=E"":1}"
     54272,         0,         0,    8.45,exact_mw,09f626b7d1c8765fd231bc36902f9c5557d3909c4644565b971bdb2bfb186061,"{""distance"":7,""physical_error_rate"":0.0005}","{""detection_events"":79903,""detectors_checked"":32671744}"
     37888,         0,         0,    6.04,exact_mw,09f626b7d1c8765fd231bc36902f9c5557d3909c4644565b971bdb2bfb186061,"{""distance"":7,""physical_error_rate"":0.0005}","{""detection_events"":56462,""detectors_checked"":22808576}"
     39936,         0,         0,    6.00,exact_mw,09f626b7d1c8765fd231bc36902f9c5557d3909c4644565b971bdb2bfb186061,"{""distance"":7,""physical_error_rate"":0.0005}","{""detection_events"":59496,""detectors_checked"":24041472}"
     56320,         0,         0,    8.49,exact_mw,09f626b7d1c8765fd231bc36902f9c5557d3909c4644565b971bdb2bfb186061,"{""distance"":7,""physical_error_rate"":0.0005}","{""detection_events"":83091,""detectors_checked"":33904640}"
     37888,         1,         0,    8.49,exact_mw,09f626b7d1c8765fd231bc36902f9c5557d3909c4644565b971bdb2bfb186061,"{""distance"":7,""physical_error_rate"":0.0005}","{""detection_events"":56331,""detectors_checked"":22808576,""obs_mistake_mask=E"":1}"
     41984,         0,         0,    6.04,exact_mw,09f626b7d1c8765fd231bc36902f9c5557d3909c4644565b971bdb2bfb186061,"{""distance"":7,""physical_error_rate"":0.0005}","{""detection_events"":61980,""detectors_checked"":25274368}"
     25600,         0,         0,    8.60,exact_mw,09f626b7d1c8765fd231bc36902f9c5557d3909c4644565b971bdb2bfb186061,"{""distance"":7,""physical_error_rate"":0.0005}","{""detection_events"":38367,""detectors_checked"":15411200}"
     38912,         0,         0,    6.20,exact_mw,09f626b7d1c8765fd231bc36902f9c5557d3909c4644565b971bdb2bfb186061,"{""distance"":7,""physical_error_rate"":0.0005}","{""detection_events"":57852,""detectors_checked"":23425024}"
     54272,         0,         0,    8.36,exact_mw,09f626b7d1c8765fd231bc36902f9c5557d3909c4644565b971bdb2bfb186061,"{""distance"":7,""physical_error_rate"":0.0005}","{""detection_events"":80361,""detectors_checked"":32671744}"
     33792,         0,         0,    6.13,exact_mw,09f626b7d1c8765fd231bc36902f9c5557d3909c4644565b971bdb2bfb186061,"{""distance"":7,""physical_error_rate"":0.0005}","{""detection_events"":50242,""detectors_checked"":20342784}"
     53248,         0,         0,    8.38,exact_mw,09f626b7d1c8765fd231bc36902f9c5557d3909c4644565b971bdb2bfb186061,"{""distance"":7,""physical_error_rate"":0.0005}","{""detection_events"":78391,""detectors_checked"":32055296}"
     57344,         0,         0,    8.50,exact_mw,09f626b7d1c8765fd231bc36902f9c5557d3909c4644565b971bdb2bfb186061,"{""distance"":7,""physical_error_rate"":0.0005}","{""detection_events"":84593,""detectors_checked"":34521088}"
     50176,         0,         0,    8.38,exact_mw,09f626b7d1c8765fd231bc36902f9c5557d3909c4644565b971bdb2bfb186061,"{""distance"":7,""physical_error_rate"":0.0005}","{""detection_events"":74997,""detectors_checked"":30205952}"
     50176,         0,         0,    8.46,exact_mw,09f626b7d1c8765fd231bc36902f9c5557d3909c4644565b971bdb2bfb186061,"{""distance"":7,""physical_error_rate"":0.0005}","{""detection_events"":74438,""detectors_checked"":30205952}"
     53248,         1,         0,    8.38,exact_mw,09f626b7d1c8765fd231bc36902f9c5557d3909c4644565b971bdb2bfb186061,"{""distance"":7,""physical_error_rate"":0.0005}","{""detection_events"":78331,""detectors_checked"":32055296,""obs_mistake_mask=E"":1}"
     54272,         0,         0,    8.43,exact_mw,09f626b7d1c8765fd231bc36902f9c5557d3909c4644565b971bdb2bfb186061,"{""distance"":7,""physical_error_rate"":0.0005}","{""detection_events"":79357,""detectors_checked"":32671744}"
     52224,         0,         0,    8.39,exact_mw,09f626b7d1c8765fd231bc36902f9c5557d3909c4644565b971bdb2bfb186061,"{""distance"":7,""physical_error_rate"":0.0005}","{""detection_events"":77243,""detectors_checked"":31438848}"
     54272,         0,         0,    8.48,exact_mw,09f626b7d1c8765fd231bc36902f9c5557d3909c4644565b971bdb2bfb186061,"{""distance"":7,""physical_error_rate"":0.0005}","{""detection_events"":80023,""detectors_checked"":32671744}"
     55296,         0,         0,    8.46,exact_mw,09f626b7d1c8765fd231bc36902f9c5557d3909c4644565b971bdb2bfb186061,"{""distance"":7,""physical_error_rate"":0.0005}","{""detection_events"":81633,""detectors_checked"":33288192}"
     50176,         0,         0,    8.36,exact_mw,09f626b7d1c8765fd231bc36902f9c5557d3909c4644565b971bdb2bfb186061,"{""distance"":7,""physical_error_rate"":0.0005}","{""detection_events"":74897,""detectors_checked"":30205952}"
     23552,         0,         0,    4.32,exact_mw,09f626b7d1c8765fd231bc36902f9c5557d3909c4644565b971bdb2bfb186061,"{""distance"":7,""physical_error_rate"":0.0005}","{""detection_events"":34596,""detectors_checked"":14178304}"
     39936,         0,         0,    8.42,exact_mw,09f626b7d1c8765fd231bc36902f9c5557d3909c4644565b971bdb2bfb186061,"{""distance"":7,""physical_error_rate"":0.0005}","{""detection_events"":59013,""detectors_checked"":24041472}"
     52224,         0,         0,    8.36,exact_mw,09f626b7d1c8765fd231bc36902f9c5557d3909c4644565b971bdb2bfb186061,"{""distance"":7,""physical_error_rate"":0.0005}","{""detection_events"":77243,""detectors_checked"":31438848}"
     53248,         0,         0,    8.50,exact_mw,09f626b7d1c8765fd231bc36902f9c5557d3909c4644565b971bdb2bfb186061,"{""distance"":7,""physical_error_rate"":0.0005}","{""detection_events"":79081,""detectors_checked"":32055296}"
     50176,         0,         0,    8.41,exact_mw,09f626b7d1c8765fd231bc36902f9c5557d3909c4644565b971bdb2bfb186061,"{""distance"":7,""physical_error_rate"":0.0005}","{""detection_events"":73747,""detectors_checked"":30205952}"
     37888,         0,         0,    8.38,exact_mw,09f626b7d1c8765fd231bc36902f9c5557d3909c4644565b971bdb2bfb186061,"{""distance"":7,""physical_error_rate"":0.0005}","{""detection_events"":56366,""detectors_checked"":22808576}"
     58368,         0,         0,    8.45,exact_mw,09f626b7d1c8765fd231bc36902f9c5557d3909c4644565b971bdb2bfb186061,"{""distance"":7,""physical_error_rate"":0.0005}","{""detection_events"":85982,""detectors_checked"":35137536}"
     57344,         0,         0,    8.56,exact_mw,09f626b7d1c8765fd231bc36902f9c5557d3909c4644565b971bdb2bfb186061,"{""distance"":7,""physical_error_rate"":0.0005}","{""detection_events"":85176,""detectors_checked"":34521088}"
     55296,         0,         0,    8.55,exact_mw,09f626b7d1c8765fd231bc36902f9c5557d3909c4644565b971bdb2bfb186061,"{""distance"":7,""physical_error_rate"":0.0005}","{""detection_events"":82489,""detectors_checked"":33288192}"
     59392,         1,         0,    8.50,exact_mw,09f626b7d1c8765fd231bc36902f9c5557d3909c4644565b971bdb2bfb186061,"{""distance"":7,""physical_error_rate"":0.0005}","{""detection_events"":86783,""detectors_checked"":35753984,""obs_mistake_mask=E"":1}"
    246272,         0,         0,   120.2,exact_mw,09f626b7d1c8765fd231bc36902f9c5557d3909c4644565b971bdb2bfb186061,"{""distance"":7,""physical_error_rate"":0.0005}","{""detection_events"":364961,""detectors_checked"":148255744}"
    669696,         2,         0,   119.9,exact_mw,09f626b7d1c8765fd231bc36902f9c5557d3909c4644565b971bdb2bfb186061,"{""distance"":7,""physical_error_rate"":0.0005}","{""detection_events"":993884,""detectors_checked"":403156992,""obs_mistake_mask=E"":2}"
     52224,         0,         0,    8.44,exact_mw,09f626b7d1c8765fd231bc36902f9c5557d3909c4644565b971bdb2bfb186061,"{""distance"":7,""physical_error_rate"":0.0005}","{""detection_events"":77627,""detectors_checked"":31438848}"
     57344,         0,         0,    8.39,exact_mw,09f626b7d1c8765fd231bc36902f9c5557d3909c4644565b971bdb2bfb186061,"{""distance"":7,""physical_error_rate"":0.0005}","{""detection_events"":84542,""detectors_checked"":34521088}"
     36864,         0,         0,    6.00,exact_mw,09f626b7d1c8765fd231bc36902f9c5557d3909c4644565b971bdb2bfb186061,"{""distance"":7,""physical_error_rate"":0.0005}","{""detection_events"":54759,""detectors_checked"":22192128}"
    673792,         2,         0,   120.1,exact_mw,09f626b7d1c8765fd231bc36902f9c5557d3909c4644565b971bdb2bfb186061,"{""distance"":7,""physical_error_rate"":0.0005}","{""detection_events"":995816,""detectors_checked"":405622784,""obs_mistake_mask=E"":2}"
     59392,         0,         0,    8.48,exact_mw,09f626b7d1c8765fd231bc36902f9c5557d3909c4644565b971bdb2bfb186061,"{""distance"":7,""physical_error_rate"":0.0005}","{""detection_events"":87962,""detectors_checked"":35753984}"
     53248,         0,         0,    8.43,exact_mw,09f626b7d1c8765fd231bc36902f9c5557d3909c4644565b971bdb2bfb186061,"{""distance"":7,""physical_error_rate"":0.0005}","{""detection_events"":78866,""detectors_checked"":32055296}"
     38912,         1,         0,    8.36,exact_mw,09f626b7d1c8765fd231bc36902f9c5557d3909c4644565b971bdb2bfb186061,"{""distance"":7,""physical_error_rate"":0.0005}","{""detection_events"":57447,""detectors_checked"":23425024,""obs_mistake_mask=E"":1}"
    727040,         0,         0,   119.9,exact_mw,09f626b7d1c8765fd231bc36902f9c5557d3909c4644565b971bdb2bfb186061,"{""distance"":7,""physical_error_rate"":0.0005}","{""detection_events"":1071520,""detectors_checked"":437678080}"
     79872,         1,         0,    11.8,exact_mw,09f626b7d1c8765fd231bc36902f9c5557d3909c4644565b971bdb2bfb186061,"{""distance"":7,""physical_error_rate"":0.0005}","{""detection_events"":117675,""detectors_checked"":48082944,""obs_mistake_mask=E"":1}"
    757760,         3,         0,   120.0,exact_mw,09f626b7d1c8765fd231bc36902f9c5557d3909c4644565b971bdb2bfb186061,"{""distance"":7,""physical_error_rate"":0.0005}","{""detection_events"":1120499,""detectors_checked"":456171520,""obs_mistake_mask=E"":3}"
     77824,         0,         0,    11.7,exact_mw,09f626b7d1c8765fd231bc36902f9c5557d3909c4644565b971bdb2bfb186061,"{""distance"":7,""physical_error_rate"":0.0005}","{""detection_events"":114901,""detectors_checked"":46850048}"
     79872,         0,         0,    11.8,exact_mw,09f626b7d1c8765fd231bc36902f9c5557d3909c4644565b971bdb2bfb186061,"{""distance"":7,""physical_error_rate"":0.0005}","{""detection_events"":119326,""detectors_checked"":48082944}"
    846848,         3,         0,   119.9,exact_mw,09f626b7d1c8765fd231bc36902f9c5557d3909c4644565b971bdb2bfb186061,"{""distance"":7,""physical_error_rate"":0.0005}","{""detection_events"":1252346,""detectors_checked"":509802496,""obs_mistake_mask=E"":3}"
     73728,         0,         0,    11.7,exact_mw,09f626b7d1c8765fd231bc36902f9c5557d3909c4644565b971bdb2bfb186061,"{""distance"":7,""physical_error_rate"":0.0005}","{""detection_events"":108886,""detectors_checked"":44384256}"
     72704,         0,         0,    11.9,exact_mw,09f626b7d1c8765fd231bc36902f9c5557d3909c4644565b971bdb2bfb186061,"{""distance"":7,""physical_error_rate"":0.0005}","{""detection_events"":108556,""detectors_checked"":43767808}"
     19456,         0,         0,    11.8,exact_mw,09f626b7d1c8765fd231bc36902f9c5557d3909c4644565b971bdb2bfb186061,"{""distance"":7,""physical_error_rate"":0.0005}","{""detection_events"":28718,""detectors_checked"":11712512}"
     75776,         1,         0,    11.8,exact_mw,09f626b7d1c8765fd231bc36902f9c5557d3909c4644565b971bdb2bfb186061,"{""distance"":7,""physical_error_rate"":0.0005}","{""detection_events"":112275,""detectors_checked"":45617152,""obs_mistake_mask=E"":1}"
     73728,         0,         0,    11.7,exact_mw,09f626b7d1c8765fd231bc36902f9c5557d3909c4644565b971bdb2bfb186061,"{""distance"":7,""physical_error_rate"":0.0005}","{""detection_events"":109323,""detectors_checked"":44384256}"
    540672,         2,         0,   119.9,exact_mw,09f626b7d1c8765fd231bc36902f9c5557d3909c4644565b971bdb2bfb186061,"{""distance"":7,""physical_error_rate"":0.0005}","{""detection_events"":798234,""detectors_checked"":325484544,""obs_mistake_mask=E"":2}"
     72704,         0,         0,    11.9,exact_mw,09f626b7d1c8765fd231bc36902f9c5557d3909c4644565b971bdb2bfb186061,"{""distance"":7,""physical_error_rate"":0.0005}","{""detection_events"":108024,""detectors_checked"":43767808}"
     65536,         0,         0,    11.8,exact_mw,09f626b7d1c8765fd231bc36902f9c5557d3909c4644565b971bdb2bfb186061,"{""distance"":7,""physical_error_rate"":0.0005}","{""detection_events"":96398,""detectors_checked"":39452672}"
     52224,         0,         0,    11.9,exact_mw,09f626b7d1c8765fd231bc36902f9c5557d3909c4644565b971bdb2bfb186061,"{""distance"":7,""physical_error_rate"":0.0005}","{""detection_events"":76935,""detectors_checked"":31438848}"
     64512,         0,         0,    11.7,exact_mw,09f626b7d1c8765fd231bc36902f9c5557d3909c4644565b971bdb2bfb186061,"{""distance"":7,""physical_error_rate"":0.0005}","{""detection_events"":94886,""detectors_checked"":38836224}"
     57344,         0,         0,    11.7,exact_mw,09f626b7d1c8765fd231bc36902f9c5557d3909c4644565b971bdb2bfb186061,"{""distance"":7,""physical_error_rate"":0.0005}","{""detection_events"":84720,""detectors_checked"":34521088}"
     68608,         0,         0,    11.8,exact_mw,09f626b7d1c8765fd231bc36902f9c5557d3909c4644565b971bdb2bfb186061,"{""distance"":7,""physical_error_rate"":0.0005}","{""detection_events"":101842,""detectors_checked"":41302016}"
     76800,         0,         0,    11.8,exact_mw,09f626b7d1c8765fd231bc36902f9c5557d3909c4644565b971bdb2bfb186061,"{""distance"":7,""physical_error_rate"":0.0005}","{""detection_events"":112806,""detectors_checked"":46233600}"
     55296,         0,         0,    11.8,exact_mw,09f626b7d1c8765fd231bc36902f9c5557d3909c4644565b971bdb2bfb186061,"{""distance"":7,""physical_error_rate"":0.0005}","{""detection_events"":80743,""detectors_checked"":33288192}"
    427520,         0,         0,   120.0,exact_mw,09f626b7d1c8765fd231bc36902f9c5557d3909c4644565b971bdb2bfb186061,"{""distance"":7,""physical_error_rate"":0.0005}","{""detection_events"":634253,""detectors_checked"":257367040}"
    796672,         5,         0,   120.0,exact_mw,09f626b7d1c8765fd231bc36902f9c5557d3909c4644565b971bdb2bfb186061,"{""distance"":7,""physical_error_rate"":0.0005}","{""detection_events"":1177456,""detectors_checked"":479596544,""obs_mistake_mask=E"":5}"
    749568,         1,         0,   120.0,exact_mw,09f626b7d1c8765fd231bc36902f9c5557d3909c4644565b971bdb2bfb186061,"{""distance"":7,""physical_error_rate"":0.0005}","{""detection_events"":1105435,""detectors_checked"":451239936,""obs_mistake_mask=E"":1}"
     68608,         1,         0,    11.8,exact_mw,09f626b7d1c8765fd231bc36902f9c5557d3909c4644565b971bdb2bfb186061,"{""distance"":7,""physical_error_rate"":0.0005}","{""detection_events"":100996,""detectors_checked"":41302016,""obs_mistake_mask=E"":1}"
     69632,         0,         0,    11.7,exact_mw,09f626b7d1c8765fd231bc36902f9c5557d3909c4644565b971bdb2bfb186061,"{""distance"":7,""physical_error_rate"":0.0005}","{""detection_events"":102773,""detectors_checked"":41918464}"
     70656,         0,         0,    11.7,exact_mw,09f626b7d1c8765fd231bc36902f9c5557d3909c4644565b971bdb2bfb186061,"{""distance"":7,""physical_error_rate"":0.0005}","{""detection_events"":104420,""detectors_checked"":42534912}"
     75776,         0,         0,    11.8,exact_mw,09f626b7d1c8765fd231bc36902f9c5557d3909c4644565b971bdb2bfb186061,"{""distance"":7,""physical_error_rate"":0.0005}","{""detection_events"":112120,""detectors_checked"":45617152}"
     68608,         1,         0,    11.8,exact_mw,09f626b7d1c8765fd231bc36902f9c5557d3909c4644565b971bdb2bfb186061,"{""distance"":7,""physical_error_rate"":0.0005}","{""detection_events"":101751,""detectors_checked"":41302016,""obs_mistake_mask=E"":1}"
     67584,         1,         0,    11.8,exact_mw,09f626b7d1c8765fd231bc36902f9c5557d3909c4644565b971bdb2bfb186061,"{""distance"":7,""physical_error_rate"":0.0005}","{""detection_events"":100662,""detectors_checked"":40685568,""obs_mistake_mask=E"":1}"
    514048,         0,         0,   120.3,exact_mw,09f626b7d1c8765fd231bc36902f9c5557d3909c4644565b971bdb2bfb186061,"{""distance"":7,""physical_error_rate"":0.0005}","{""detection_events"":759576,""detectors_checked"":309456896}"
     74752,         0,         0,    11.7,exact_mw,09f626b7d1c8765fd231bc36902f9c5557d3909c4644565b971bdb2bfb186061,"{""distance"":7,""physical_error_rate"":0.0005}","{""detection_events"":110724,""detectors_checked"":45000704}"
     72704,         0,         0,    11.8,exact_mw,09f626b7d1c8765fd231bc36902f9c5557d3909c4644565b971bdb2bfb186061,"{""distance"":7,""physical_error_rate"":0.0005}","{""detection_events"":107778,""detectors_checked"":43767808}"
     55296,         0,         0,    8.51,exact_mw,09f626b7d1c8765fd231bc36902f9c5557d3909c4644565b971bdb2bfb186061,"{""distance"":7,""physical_error_rate"":0.0005}","{""detection_events"":82098,""detectors_checked"":33288192}"
     75776,         1,         0,    11.7,exact_mw,09f626b7d1c8765fd231bc36902f9c5557d3909c4644565b971bdb2bfb186061,"{""distance"":7,""physical_error_rate"":0.0005}","{""detection_events"":111971,""detectors_checked"":45617152,""obs_mistake_mask=E"":1}"
     65536,         0,         0,    11.8,exact_mw,09f626b7d1c8765fd231bc36902f9c5557d3909c4644565b971bdb2bfb186061,"{""distance"":7,""physical_error_rate"":0.0005}","{""detection_events"":96517,""detectors_checked"":39452672}"
     80896,         0,         0,    11.8,exact_mw,09f626b7d1c8765fd231bc36902f9c5557d3909c4644565b971bdb2bfb186061,"{""distance"":7,""physical_error_rate"":0.0005}","{""detection_events"":118693,""detectors_checked"":48699392}"
     79872,         1,         0,    11.7,exact_mw,09f626b7d1c8765fd231bc36902f9c5557d3909c4644565b971bdb2bfb186061,"{""distance"":7,""physical_error_rate"":0.0005}","{""detection_events"":118683,""detectors_checked"":48082944,""obs_mistake_mask=E"":1}"
     84992,         0,         0,    11.8,exact_mw,09f626b7d1c8765fd231bc36902f9c5557d3909c4644565b971bdb2bfb186061,"{""distance"":7,""physical_error_rate"":0.0005}","{""detection_events"":124989,""detectors_checked"":51165184}"
     61440,         0,         0,    12.0,exact_mw,09f626b7d1c8765fd231bc36902f9c5557d3909c4644565b971bdb2bfb186061,"{""distance"":7,""physical_error_rate"":0.0005}","{""detection_events"":90468,""detectors_checked"":36986880}"
     71680,         0,         0,    11.9,exact_mw,09f626b7d1c8765fd231bc36902f9c5557d3909c4644565b971bdb2bfb186061,"{""distance"":7,""physical_error_rate"":0.0005}","{""detection_events"":105805,""detectors_checked"":43151360}"
    114688,         1,         0,    16.6,exact_mw,09f626b7d1c8765fd231bc36902f9c5557d3909c4644565b971bdb2bfb186061,"{""distance"":7,""physical_error_rate"":0.0005}","{""detection_events"":169548,""detectors_checked"":69042176,""obs_mistake_mask=E"":1}"
    113664,         2,         0,    16.4,exact_mw,09f626b7d1c8765fd231bc36902f9c5557d3909c4644565b971bdb2bfb186061,"{""distance"":7,""physical_error_rate"":0.0005}","{""detection_events"":168197,""detectors_checked"":68425728,""obs_mistake_mask=E"":2}"
     97280,         0,         0,    16.6,exact_mw,09f626b7d1c8765fd231bc36902f9c5557d3909c4644565b971bdb2bfb186061,"{""distance"":7,""physical_error_rate"":0.0005}","{""detection_events"":143941,""detectors_checked"":58562560}"
    103424,         0,         0,    16.4,exact_mw,09f626b7d1c8765fd231bc36902f9c5557d3909c4644565b971bdb2bfb186061,"{""distance"":7,""physical_error_rate"":0.0005}","{""detection_events"":153338,""detectors_checked"":62261248}"
     98304,         0,         0,    16.5,exact_mw,09f626b7d1c8765fd231bc36902f9c5557d3909c4644565b971bdb2bfb186061,"{""distance"":7,""physical_error_rate"":0.0005}","{""detection_events"":146239,""detectors_checked"":59179008}"
     25600,         0,         0,    16.5,exact_mw,09f626b7d1c8765fd231bc36902f9c5557d3909c4644565b971bdb2bfb186061,"{""distance"":7,""physical_error_rate"":0.0005}","{""detection_events"":37409,""detectors_checked"":15411200}"
     71680,         0,         0,    11.7,exact_mw,09f626b7d1c8765fd231bc36902f9c5557d3909c4644565b971bdb2bfb186061,"{""distance"":7,""physical_error_rate"":0.0005}","{""detection_events"":105854,""detectors_checked"":43151360}"
    106496,         0,         0,    16.4,exact_mw,09f626b7d1c8765fd231bc36902f9c5557d3909c4644565b971bdb2bfb186061,"{""distance"":7,""physical_error_rate"":0.0005}","{""detection_events"":157753,""detectors_checked"":64110592}"
     99328,         0,         0,    16.5,exact_mw,09f626b7d1c8765fd231bc36902f9c5557d3909c4644565b971bdb2bfb186061,"{""distance"":7,""physical_error_rate"":0.0005}","{""detection_events"":146385,""detectors_checked"":59795456}"
    104448,         1,         0,    16.4,exact_mw,09f626b7d1c8765fd231bc36902f9c5557d3909c4644565b971bdb2bfb186061,"{""distance"":7,""physical_error_rate"":0.0005}","{""detection_events"":155515,""detectors_checked"":62877696,""obs_mistake_mask=E"":1}"
    111616,         0,         0,    16.4,exact_mw,09f626b7d1c8765fd231bc36902f9c5557d3909c4644565b971bdb2bfb186061,"{""distance"":7,""physical_error_rate"":0.0005}","{""detection_events"":165282,""detectors_checked"":67192832}"
    103424,         0,         0,    16.5,exact_mw,09f626b7d1c8765fd231bc36902f9c5557d3909c4644565b971bdb2bfb186061,"{""distance"":7,""physical_error_rate"":0.0005}","{""detection_events"":154138,""detectors_checked"":62261248}"
     88064,         0,         0,    16.4,exact_mw,09f626b7d1c8765fd231bc36902f9c5557d3909c4644565b971bdb2bfb186061,"{""distance"":7,""physical_error_rate"":0.0005}","{""detection_events"":130048,""detectors_checked"":53014528}"
     99328,         0,         0,    16.5,exact_mw,09f626b7d1c8765fd231bc36902f9c5557d3909c4644565b971bdb2bfb186061,"{""distance"":7,""physical_error_rate"":0.0005}","{""detection_events"":146823,""detectors_checked"":59795456}"
     93184,         2,         0,    16.4,exact_mw,09f626b7d1c8765fd231bc36902f9c5557d3909c4644565b971bdb2bfb186061,"{""distance"":7,""physical_error_rate"":0.0005}","{""detection_events"":137347,""detectors_checked"":56096768,""obs_mistake_mask=E"":2}"
     90112,         0,         0,    16.4,exact_mw,09f626b7d1c8765fd231bc36902f9c5557d3909c4644565b971bdb2bfb186061,"{""distance"":7,""physical_error_rate"":0.0005}","{""detection_events"":133265,""detectors_checked"":54247424}"
     83968,         1,         0,    16.6,exact_mw,09f626b7d1c8765fd231bc36902f9c5557d3909c4644565b971bdb2bfb186061,"{""distance"":7,""physical_error_rate"":0.0005}","{""detection_events"":124689,""detectors_checked"":50548736,""obs_mistake_mask=E"":1}"
     88064,         0,         0,    16.4,exact_mw,09f626b7d1c8765fd231bc36902f9c5557d3909c4644565b971bdb2bfb186061,"{""distance"":7,""physical_error_rate"":0.0005}","{""detection_events"":131457,""detectors_checked"":53014528}"
    112640,         0,         0,    16.4,exact_mw,09f626b7d1c8765fd231bc36902f9c5557d3909c4644565b971bdb2bfb186061,"{""distance"":7,""physical_error_rate"":0.0005}","{""detection_events"":166881,""detectors_checked"":67809280}"
     86016,         0,         0,    16.5,exact_mw,09f626b7d1c8765fd231bc36902f9c5557d3909c4644565b971bdb2bfb186061,"{""distance"":7,""physical_error_rate"":0.0005}","{""detection_events"":127377,""detectors_checked"":51781632}"
     99328,         0,         0,    16.6,exact_mw,09f626b7d1c8765fd231bc36902f9c5557d3909c4644565b971bdb2bfb186061,"{""distance"":7,""physical_error_rate"":0.0005}","{""detection_events"":146972,""detectors_checked"":59795456}"
    112640,         0,         0,    16.5,exact_mw,09f626b7d1c8765fd231bc36902f9c5557d3909c4644565b971bdb2bfb186061,"{""distance"":7,""physical_error_rate"":0.0005}","{""detection_events"":166318,""detectors_checked"":67809280}"
    110592,         0,         0,    16.5,exact_mw,09f626b7d1c8765fd231bc36902f9c5557d3909c4644565b971bdb2bfb186061,"{""distance"":7,""physical_error_rate"":0.0005}","{""detection_events"":164534,""detectors_checked"":66576384}"
    183296,         0,         0,   120.3,exact_mw,09f626b7d1c8765fd231bc36902f9c5557d3909c4644565b971bdb2bfb186061,"{""distance"":7,""physical_error_rate"":0.0005}","{""detection_events"":271201,""detectors_checked"":110344192}"
    104448,         1,         0,    16.4,exact_mw,09f626b7d1c8765fd231bc36902f9c5557d3909c4644565b971bdb2bfb186061,"{""distance"":7,""physical_error_rate"":0.0005}","{""detection_events"":155866,""detectors_checked"":62877696,""obs_mistake_mask=E"":1}"
     98304,         1,         0,    16.4,exact_mw,09f626b7d1c8765fd231bc36902f9c5557d3909c4644565b971bdb2bfb186061,"{""distance"":7,""physical_error_rate"":0.0005}","{""detection_events"":145881,""detectors_checked"":59179008,""obs_mistake_mask=E"":1}"
     91136,         0,         0,    16.6,exact_mw,09f626b7d1c8765fd231bc36902f9c5557d3909c4644565b971bdb2bfb186061,"{""distance"":7,""physical_error_rate"":0.0005}","{""detection_events"":135253,""detectors_checked"":54863872}"
    817152,         3,         0,   119.8,exact_mw,09f626b7d1c8765fd231bc36902f9c5557d3909c4644565b971bdb2bfb186061,"{""distance"":7,""physical_error_rate"":0.0005}","{""detection_events"":1207448,""detectors_checked"":491925504,""obs_mistake_mask=E"":3}"
    734208,         2,         0,   119.9,exact_mw,09f626b7d1c8765fd231bc36902f9c5557d3909c4644565b971bdb2bfb186061,"{""distance"":7,""physical_error_rate"":0.0005}","{""detection_events"":1088344,""detectors_checked"":441993216,""obs_mistake_mask=E"":2}"
    104448,         0,         0,    16.4,exact_mw,09f626b7d1c8765fd231bc36902f9c5557d3909c4644565b971bdb2bfb186061,"{""distance"":7,""physical_error_rate"":0.0005}","{""detection_events"":155039,""detectors_checked"":62877696}"
    438272,         1,         0,   120.3,exact_mw,09f626b7d1c8765fd231bc36902f9c5557d3909c4644565b971bdb2bfb186061,"{""distance"":7,""physical_error_rate"":0.0005}","{""detection_events"":650456,""detectors_checked"":263839744,""obs_mistake_mask=E"":1}"
    106496,         0,         0,    16.4,exact_mw,09f626b7d1c8765fd231bc36902f9c5557d3909c4644565b971bdb2bfb186061,"{""distance"":7,""physical_error_rate"":0.0005}","{""detection_events"":157552,""detectors_checked"":64110592}"
    109568,         1,         0,    16.4,exact_mw,09f626b7d1c8765fd231bc36902f9c5557d3909c4644565b971bdb2bfb186061,"{""distance"":7,""physical_error_rate"":0.0005}","{""detection_events"":162807,""detectors_checked"":65959936,""obs_mistake_mask=E"":1}"
    115712,         1,         0,    16.4,exact_mw,09f626b7d1c8765fd231bc36902f9c5557d3909c4644565b971bdb2bfb186061,"{""distance"":7,""physical_error_rate"":0.0005}","{""detection_events"":170099,""detectors_checked"":69658624,""obs_mistake_mask=E"":1}"
    103424,         1,         0,    16.4,exact_mw,09f626b7d1c8765fd231bc36902f9c5557d3909c4644565b971bdb2bfb186061,"{""distance"":7,""physical_error_rate"":0.0005}","{""detection_events"":152035,""detectors_checked"":62261248,""obs_mistake_mask=E"":1}"
    100352,         0,         0,    16.5,exact_mw,09f626b7d1c8765fd231bc36902f9c5557d3909c4644565b971bdb2bfb186061,"{""distance"":7,""physical_error_rate"":0.0005}","{""detection_events"":147774,""detectors_checked"":60411904}"
    797696,         2,         0,   119.8,exact_mw,09f626b7d1c8765fd231bc36902f9c5557d3909c4644565b971bdb2bfb186061,"{""distance"":7,""physical_error_rate"":0.0005}","{""detection_events"":1180691,""detectors_checked"":480212992,""obs_mistake_mask=E"":2}"
    833536,         3,         0,   119.9,exact_mw,09f626b7d1c8765fd231bc36902f9c5557d3909c4644565b971bdb2bfb186061,"{""distance"":7,""physical_error_rate"":0.0005}","{""detection_events"":1229276,""detectors_checked"":501788672,""obs_mistake_mask=E"":3}"
    105472,         0,         0,    16.5,exact_mw,09f626b7d1c8765fd231bc36902f9c5557d3909c4644565b971bdb2bfb186061,"{""distance"":7,""physical_error_rate"":0.0005}","{""detection_events"":156759,""detectors_checked"":63494144}"
    344064,         1,         0,   120.2,exact_mw,09f626b7d1c8765fd231bc36902f9c5557d3909c4644565b971bdb2bfb186061,"{""distance"":7,""physical_error_rate"":0.0005}","{""detection_events"":510117,""detectors_checked"":207126528,""obs_mistake_mask=E"":1}"
    816128,         3,         0,   120.0,exact_mw,09f626b7d1c8765fd231bc36902f9c5557d3909c4644565b971bdb2bfb186061,"{""distance"":7,""physical_error_rate"":0.0005}","{""detection_events"":1210531,""detectors_checked"":491309056,""obs_mistake_mask=E"":3}"
    155648,         0,         0,    23.0,exact_mw,09f626b7d1c8765fd231bc36902f9c5557d3909c4644565b971bdb2bfb186061,"{""distance"":7,""physical_error_rate"":0.0005}","{""detection_events"":229962,""detectors_checked"":93700096}"
    157696,         1,         0,    23.0,exact_mw,09f626b7d1c8765fd231bc36902f9c5557d3909c4644565b971bdb2bfb186061,"{""distance"":7,""physical_error_rate"":0.0005}","{""detection_events"":232208,""detectors_checked"":94932992,""obs_mistake_mask=E"":1}"
    145408,         1,         0,    23.0,exact_mw,09f626b7d1c8765fd231bc36902f9c5557d3909c4644565b971bdb2bfb186061,"{""distance"":7,""physical_error_rate"":0.0005}","{""detection_events"":214944,""detectors_checked"":87535616,""obs_mistake_mask=E"":1}"
    112640,         0,         0,    23.1,exact_mw,09f626b7d1c8765fd231bc36902f9c5557d3909c4644565b971bdb2bfb186061,"{""distance"":7,""physical_error_rate"":0.0005}","{""detection_events"":166659,""detectors_checked"":67809280}"
    138240,         0,         0,    23.1,exact_mw,09f626b7d1c8765fd231bc36902f9c5557d3909c4644565b971bdb2bfb186061,"{""distance"":7,""physical_error_rate"":0.0005}","{""detection_events"":205694,""detectors_checked"":83220480}"
    149504,         0,         0,    23.0,exact_mw,09f626b7d1c8765fd231bc36902f9c5557d3909c4644565b971bdb2bfb186061,"{""distance"":7,""physical_error_rate"":0.0005}","{""detection_events"":222610,""detectors_checked"":90001408}"
    151552,         0,         0,    22.9,exact_mw,09f626b7d1c8765fd231bc36902f9c5557d3909c4644565b971bdb2bfb186061,"{""distance"":7,""physical_error_rate"":0.0005}","{""detection_events"":223214,""detectors_checked"":91234304}"
     38400,         1,         0,    23.6,exact_mw,09f626b7d1c8765fd231bc36902f9c5557d3909c4644565b971bdb2bfb186061,"{""distance"":7,""physical_error_rate"":0.0005}","{""detection_events"":56556,""detectors_checked"":23116800,""obs_mistake_mask=E"":1}"
    154624,         0,         0,    23.0,exact_mw,09f626b7d1c8765fd231bc36902f9c5557d3909c4644565b971bdb2bfb186061,"{""distance"":7,""physical_error_rate"":0.0005}","{""detection_events"":228081,""detectors_checked"":93083648}"
    142336,         0,         0,    23.1,exact_mw,09f626b7d1c8765fd231bc36902f9c5557d3909c4644565b971bdb2bfb186061,"{""distance"":7,""physical_error_rate"":0.0005}","{""detection_events"":211254,""detectors_checked"":85686272}"
    152576,         0,         0,    22.9,exact_mw,09f626b7d1c8765fd231bc36902f9c5557d3909c4644565b971bdb2bfb186061,"{""distance"":7,""physical_error_rate"":0.0005}","{""detection_events"":224823,""detectors_checked"":91850752}"
    108544,         0,         0,    23.1,exact_mw,09f626b7d1c8765fd231bc36902f9c5557d3909c4644565b971bdb2bfb186061,"{""distance"":7,""physical_error_rate"":0.0005}","{""detection_events"":161254,""detectors_checked"":65343488}"
    110592,         3,         0,    23.0,exact_mw,09f626b7d1c8765fd231bc36902f9c5557d3909c4644565b971bdb2bfb186061,"{""distance"":7,""physical_error_rate"":0.0005}","{""detection_events"":163448,""detectors_checked"":66576384,""obs_mistake_mask=E"":3}"
    155648,         0,         0,    23.1,exact_mw,09f626b7d1c8765fd231bc36902f9c5557d3909c4644565b971bdb2bfb186061,"{""distance"":7,""physical_error_rate"":0.0005}","{""detection_events"":228895,""detectors_checked"":93700096}"
    113664,         0,         0,    23.1,exact_mw,09f626b7d1c8765fd231bc36902f9c5557d3909c4644565b971bdb2bfb186061,"{""distance"":7,""physical_error_rate"":0.0005}","{""detection_events"":168084,""detectors_checked"":68425728}"
    118784,         0,         0,    23.0,exact_mw,09f626b7d1c8765fd231bc36902f9c5557d3909c4644565b971bdb2bfb186061,"{""distance"":7,""physical_error_rate"":0.0005}","{""detection_events"":176668,""detectors_checked"":71507968}"
    106496,         1,         0,    23.0,exact_mw,09f626b7d1c8765fd231bc36902f9c5557d3909c4644565b971bdb2bfb186061,"{""distance"":7,""physical_error_rate"":0.0005}","{""detection_events"":157547,""detectors_checked"":64110592,""obs_mistake_mask=E"":1}"
    150528,         0,         0,    23.0,exact_mw,09f626b7d1c8765fd231bc36902f9c5557d3909c4644565b971bdb2bfb186061,"{""distance"":7,""physical_error_rate"":0.0005}","{""detection_events"":221280,""detectors_checked"":90617856}"
    760832,         4,         0,   119.9,exact_mw,09f626b7d1c8765fd231bc36902f9c5557d3909c4644565b971bdb2bfb186061,"{""distance"":7,""physical_error_rate"":0.0005}","{""detection_events"":1129893,""detectors_checked"":458020864,""obs_mistake_mask=E"":4}"
    143360,         1,         0,    23.1,exact_mw,09f626b7d1c8765fd231bc36902f9c5557d3909c4644565b971bdb2bfb186061,"{""distance"":7,""physical_error_rate"":0.0005}","{""detection_events"":211096,""detectors_checked"":86302720,""obs_mistake_mask=E"":1}"
    133120,         0,         0,    23.1,exact_mw,09f626b7d1c8765fd231bc36902f9c5557d3909c4644565b971bdb2bfb186061,"{""distance"":7,""physical_error_rate"":0.0005}","{""detection_events"":197099,""detectors_checked"":80138240}"
    149504,         1,         0,    23.0,exact_mw,09f626b7d1c8765fd231bc36902f9c5557d3909c4644565b971bdb2bfb186061,"{""distance"":7,""physical_error_rate"":0.0005}","{""detection_events"":222867,""detectors_checked"":90001408,""obs_mistake_mask=E"":1}"
    146432,         0,         0,    23.1,exact_mw,09f626b7d1c8765fd231bc36902f9c5557d3909c4644565b971bdb2bfb186061,"{""distance"":7,""physical_error_rate"":0.0005}","{""detection_events"":217499,""detectors_checked"":88152064}"
    133120,         1,         0,    23.0,exact_mw,09f626b7d1c8765fd231bc36902f9c5557d3909c4644565b971bdb2bfb186061,"{""distance"":7,""physical_error_rate"":0.0005}","{""detection_events"":198197,""detectors_checked"":80138240,""obs_mistake_mask=E"":1}"
    138240,         0,         0,    23.0,exact_mw,09f626b7d1c8765fd231bc36902f9c5557d3909c4644565b971bdb2bfb186061,"{""distance"":7,""physical_error_rate"":0.0005}","{""detection_events"":203076,""detectors_checked"":83220480}"
    703488,         1,         0,   119.8,exact_mw,09f626b7d1c8765fd231bc36902f9c5557d3909c4644565b971bdb2bfb186061,"{""distance"":7,""physical_error_rate"":0.0005}","{""detection_events"":1040691,""detectors_checked"":423499776,""obs_mistake_mask=E"":1}"
    106496,         0,         0,    22.9,exact_mw,09f626b7d1c8765fd231bc36902f9c5557d3909c4644565b971bdb2bfb186061,"{""distance"":7,""physical_error_rate"":0.0005}","{""detection_events"":157122,""detectors_checked"":64110592}"
    762880,         1,         0,   119.9,exact_mw,09f626b7d1c8765fd231bc36902f9c5557d3909c4644565b971bdb2bfb186061,"{""distance"":7,""physical_error_rate"":0.0005}","{""detection_events"":1130864,""detectors_checked"":459253760,""obs_mistake_mask=E"":1}"
    153600,         0,         0,    22.9,exact_mw,09f626b7d1c8765fd231bc36902f9c5557d3909c4644565b971bdb2bfb186061,"{""distance"":7,""physical_error_rate"":0.0005}","{""detection_events"":227107,""detectors_checked"":92467200}"
    574464,         2,         0,   120.0,exact_mw,09f626b7d1c8765fd231bc36902f9c5557d3909c4644565b971bdb2bfb186061,"{""distance"":7,""physical_error_rate"":0.0005}","{""detection_events"":848786,""detectors_checked"":345827328,""obs_mistake_mask=E"":2}"
    796672,         1,         0,   119.9,exact_mw,09f626b7d1c8765fd231bc36902f9c5557d3909c4644565b971bdb2bfb186061,"{""distance"":7,""physical_error_rate"":0.0005}","{""detection_events"":1176006,""detectors_checked"":479596544,""obs_mistake_mask=E"":1}"
    197120,         0,         0,   120.8,exact_mw,09f626b7d1c8765fd231bc36902f9c5557d3909c4644565b971bdb2bfb186061,"{""distance"":7,""physical_error_rate"":0.0005}","{""detection_events"":290815,""detectors_checked"":118666240}"
    149504,         0,         0,    23.0,exact_mw,09f626b7d1c8765fd231bc36902f9c5557d3909c4644565b971bdb2bfb186061,"{""distance"":7,""physical_error_rate"":0.0005}","{""detection_events"":221624,""detectors_checked"":90001408}"
    162816,         0,         0,    23.0,exact_mw,09f626b7d1c8765fd231bc36902f9c5557d3909c4644565b971bdb2bfb186061,"{""distance"":7,""physical_error_rate"":0.0005}","{""detection_events"":241715,""detectors_checked"":98015232}"
    156672,         1,         0,    23.1,exact_mw,09f626b7d1c8765fd231bc36902f9c5557d3909c4644565b971bdb2bfb186061,"{""distance"":7,""physical_error_rate"":0.0005}","{""detection_events"":231302,""detectors_checked"":94316544,""obs_mistake_mask=E"":1}"
    131072,         0,         0,    23.0,exact_mw,09f626b7d1c8765fd231bc36902f9c5557d3909c4644565b971bdb2bfb186061,"{""distance"":7,""physical_error_rate"":0.0005}","{""detection_events"":193237,""detectors_checked"":78905344}"
    143360,         0,         0,    23.0,exact_mw,09f626b7d1c8765fd231bc36902f9c5557d3909c4644565b971bdb2bfb186061,"{""distance"":7,""physical_error_rate"":0.0005}","{""detection_events"":211634,""detectors_checked"":86302720}"
    198656,         1,         0,   120.4,exact_mw,09f626b7d1c8765fd231bc36902f9c5557d3909c4644565b971bdb2bfb186061,"{""distance"":7,""physical_error_rate"":0.0005}","{""detection_events"":293557,""detectors_checked"":119590912,""obs_mistake_mask=E"":1}"
    697344,         2,         0,   120.0,exact_mw,09f626b7d1c8765fd231bc36902f9c5557d3909c4644565b971bdb2bfb186061,"{""distance"":7,""physical_error_rate"":0.0005}","{""detection_events"":1028318,""detectors_checked"":419801088,""obs_mistake_mask=E"":2}"
    138240,         0,         0,    23.1,exact_mw,09f626b7d1c8765fd231bc36902f9c5557d3909c4644565b971bdb2bfb186061,"{""distance"":7,""physical_error_rate"":0.0005}","{""detection_events"":204222,""detectors_checked"":83220480}"
    212992,         1,         0,    32.1,exact_mw,09f626b7d1c8765fd231bc36902f9c5557d3909c4644565b971bdb2bfb186061,"{""distance"":7,""physical_error_rate"":0.0005}","{""detection_events"":316562,""detectors_checked"":128221184,""obs_mistake_mask=E"":1}"
    211968,         0,         0,    32.2,exact_mw,09f626b7d1c8765fd231bc36902f9c5557d3909c4644565b971bdb2bfb186061,"{""distance"":7,""physical_error_rate"":0.0005}","{""detection_events"":311901,""detectors_checked"":127604736}"
    198656,         0,         0,    32.2,exact_mw,09f626b7d1c8765fd231bc36902f9c5557d3909c4644565b971bdb2bfb186061,"{""distance"":7,""physical_error_rate"":0.0005}","{""detection_events"":293640,""detectors_checked"":119590912}"
    211968,         0,         0,    32.3,exact_mw,09f626b7d1c8765fd231bc36902f9c5557d3909c4644565b971bdb2bfb186061,"{""distance"":7,""physical_error_rate"":0.0005}","{""detection_events"":312926,""detectors_checked"":127604736}"
    207872,         1,         0,    32.2,exact_mw,09f626b7d1c8765fd231bc36902f9c5557d3909c4644565b971bdb2bfb186061,"{""distance"":7,""physical_error_rate"":0.0005}","{""detection_events"":308110,""detectors_checked"":125138944,""obs_mistake_mask=E"":1}"
    220160,         1,         0,    32.3,exact_mw,09f626b7d1c8765fd231bc36902f9c5557d3909c4644565b971bdb2bfb186061,"{""distance"":7,""physical_error_rate"":0.0005}","{""detection_events"":326242,""detectors_checked"":132536320,""obs_mistake_mask=E"":1}"
    190464,         0,         0,    32.3,exact_mw,09f626b7d1c8765fd231bc36902f9c5557d3909c4644565b971bdb2bfb186061,"{""distance"":7,""physical_error_rate"":0.0005}","{""detection_events"":281141,""detectors_checked"":114659328}"
    185344,         0,         0,    32.3,exact_mw,09f626b7d1c8765fd231bc36902f9c5557d3909c4644565b971bdb2bfb186061,"{""distance"":7,""physical_error_rate"":0.0005}","{""detection_events"":274304,""detectors_checked"":111577088}"
    198656,         0,         0,    32.3,exact_mw,09f626b7d1c8765fd231bc36902f9c5557d3909c4644565b971bdb2bfb186061,"{""distance"":7,""physical_error_rate"":0.0005}","{""detection_events"":293986,""detectors_checked"":119590912}"
    201728,         0,         0,    32.2,exact_mw,09f626b7d1c8765fd231bc36902f9c5557d3909c4644565b971bdb2bfb186061,"{""distance"":7,""physical_error_rate"":0.0005}","{""detection_events"":297667,""detectors_checked"":121440256}"
    192512,         0,         0,    32.3,exact_mw,09f626b7d1c8765fd231bc36902f9c5557d3909c4644565b971bdb2bfb186061,"{""distance"":7,""physical_error_rate"":0.0005}","{""detection_events"":284728,""detectors_checked"":115892224}"
    215040,         1,         0,    32.2,exact_mw,09f626b7d1c8765fd231bc36902f9c5557d3909c4644565b971bdb2bfb186061,"{""distance"":7,""physical_error_rate"":0.0005}","{""detection_events"":318991,""detectors_checked"":129454080,""obs_mistake_mask=E"":1}"
     48128,         0,         0,    32.8,exact_mw,09f626b7d1c8765fd231bc36902f9c5557d3909c4644565b971bdb2bfb186061,"{""distance"":7,""physical_error_rate"":0.0005}","{""detection_events"":71018,""detectors_checked"":28973056}"
    185344,         0,         0,    32.3,exact_mw,09f626b7d1c8765fd231bc36902f9c5557d3909c4644565b971bdb2bfb186061,"{""distance"":7,""physical_error_rate"":0.0005}","{""detection_events"":273908,""detectors_checked"":111577088}"
    187392,         0,         0,    32.7,exact_mw,09f626b7d1c8765fd231bc36902f9c5557d3909c4644565b971bdb2bfb186061,"{""distance"":7,""physical_error_rate"":0.0005}","{""detection_events"":279062,""detectors_checked"":112809984}"
    103424,         1,         0,    32.9,exact_mw,09f626b7d1c8765fd231bc36902f9c5557d3909c4644565b971bdb2bfb186061,"{""distance"":7,""physical_error_rate"":0.0005}","{""detection_events"":152957,""detectors_checked"":62261248,""obs_mistake_mask=E"":1}"
    196608,         1,         0,    32.2,exact_mw,09f626b7d1c8765fd231bc36902f9c5557d3909c4644565b971bdb2bfb186061,"{""distance"":7,""physical_error_rate"":0.0005}","{""detection_events"":289853,""detectors_checked"":118358016,""obs_mistake_mask=E"":1}"
    186368,         0,         0,    32.2,exact_mw,09f626b7d1c8765fd231bc36902f9c5557d3909c4644565b971bdb2bfb186061,"{""distance"":7,""physical_error_rate"":0.0005}","{""detection_events"":276201,""detectors_checked"":112193536}"
    210944,         0,         0,    32.1,exact_mw,09f626b7d1c8765fd231bc36902f9c5557d3909c4644565b971bdb2bfb186061,"{""distance"":7,""physical_error_rate"":0.0005}","{""detection_events"":311745,""detectors_checked"":126988288}"
    201728,         0,         0,    32.3,exact_mw,09f626b7d1c8765fd231bc36902f9c5557d3909c4644565b971bdb2bfb186061,"{""distance"":7,""physical_error_rate"":0.0005}","{""detection_events"":298262,""detectors_checked"":121440256}"
    190464,         0,         0,    32.2,exact_mw,09f626b7d1c8765fd231bc36902f9c5557d3909c4644565b971bdb2bfb186061,"{""distance"":7,""physical_error_rate"":0.0005}","{""detection_events"":279794,""detectors_checked"":114659328}"
    208896,         0,         0,    32.2,exact_mw,09f626b7d1c8765fd231bc36902f9c5557d3909c4644565b971bdb2bfb186061,"{""distance"":7,""physical_error_rate"":0.0005}","{""detection_events"":309709,""detectors_checked"":125755392}"
    194560,         0,         0,    32.1,exact_mw,09f626b7d1c8765fd231bc36902f9c5557d3909c4644565b971bdb2bfb186061,"{""distance"":7,""physical_error_rate"":0.0005}","{""detection_events"":288354,""detectors_checked"":117125120}"
    201728,         1,         0,    32.2,exact_mw,09f626b7d1c8765fd231bc36902f9c5557d3909c4644565b971bdb2bfb186061,"{""distance"":7,""physical_error_rate"":0.0005}","{""detection_events"":298621,""detectors_checked"":121440256,""obs_mistake_mask=E"":1}"
    193536,         1,         0,    32.2,exact_mw,09f626b7d1c8765fd231bc36902f9c5557d3909c4644565b971bdb2bfb186061,"{""distance"":7,""physical_error_rate"":0.0005}","{""detection_events"":284872,""detectors_checked"":116508672,""obs_mistake_mask=E"":1}"
    186368,         1,         0,    32.2,exact_mw,09f626b7d1c8765fd231bc36902f9c5557d3909c4644565b971bdb2bfb186061,"{""distance"":7,""physical_error_rate"":0.0005}","{""detection_events"":275869,""detectors_checked"":112193536,""obs_mistake_mask=E"":1}"
    219136,         1,         0,    32.2,exact_mw,09f626b7d1c8765fd231bc36902f9c5557d3909c4644565b971bdb2bfb186061,"{""distance"":7,""physical_error_rate"":0.0005}","{""detection_events"":326032,""detectors_checked"":131919872,""obs_mistake_mask=E"":1}"
    208896,         1,         0,    32.3,exact_mw,09f626b7d1c8765fd231bc36902f9c5557d3909c4644565b971bdb2bfb186061,"{""distance"":7,""physical_error_rate"":0.0005}","{""detection_events"":307858,""detectors_checked"":125755392,""obs_mistake_mask=E"":1}"
    220160,         1,         0,    32.1,exact_mw,09f626b7d1c8765fd231bc36902f9c5557d3909c4644565b971bdb2bfb186061,"{""distance"":7,""physical_error_rate"":0.0005}","{""detection_events"":326579,""detectors_checked"":132536320,""obs_mistake_mask=E"":1}"
    204800,         0,         0,    32.2,exact_mw,09f626b7d1c8765fd231bc36902f9c5557d3909c4644565b971bdb2bfb186061,"{""distance"":7,""physical_error_rate"":0.0005}","{""detection_events"":303104,""detectors_checked"":123289600}"
    185344,         1,         0,    32.2,exact_mw,09f626b7d1c8765fd231bc36902f9c5557d3909c4644565b971bdb2bfb186061,"{""distance"":7,""physical_error_rate"":0.0005}","{""detection_events"":273257,""detectors_checked"":111577088,""obs_mistake_mask=E"":1}"
    698368,         0,         0,   119.9,exact_mw,09f626b7d1c8765fd231bc36902f9c5557d3909c4644565b971bdb2bfb186061,"{""distance"":7,""physical_error_rate"":0.0005}","{""detection_events"":1029258,""detectors_checked"":420417536}"
    803840,         3,         0,   120.0,exact_mw,09f626b7d1c8765fd231bc36902f9c5557d3909c4644565b971bdb2bfb186061,"{""distance"":7,""physical_error_rate"":0.0005}","{""detection_events"":1190049,""detectors_checked"":483911680,""obs_mistake_mask=E"":3}"
    194560,         1,         0,    32.1,exact_mw,09f626b7d1c8765fd231bc36902f9c5557d3909c4644565b971bdb2bfb186061,"{""distance"":7,""physical_error_rate"":0.0005}","{""detection_events"":287765,""detectors_checked"":117125120,""obs_mistake_mask=E"":1}"
    712704,         3,         0,   119.9,exact_mw,09f626b7d1c8765fd231bc36902f9c5557d3909c4644565b971bdb2bfb186061,"{""distance"":7,""physical_error_rate"":0.0005}","{""detection_events"":1057116,""detectors_checked"":429047808,""obs_mistake_mask=E"":3}"
    190976,         1,         0,   120.8,exact_mw,09f626b7d1c8765fd231bc36902f9c5557d3909c4644565b971bdb2bfb186061,"{""distance"":7,""physical_error_rate"":0.0005}","{""detection_events"":282150,""detectors_checked"":114967552,""obs_mistake_mask=E"":1}"
    723968,         2,         0,   120.0,exact_mw,09f626b7d1c8765fd231bc36902f9c5557d3909c4644565b971bdb2bfb186061,"{""distance"":7,""physical_error_rate"":0.0005}","{""detection_events"":1068733,""detectors_checked"":435828736,""obs_mistake_mask=E"":2}"
    279552,         2,         0,    45.1,exact_mw,09f626b7d1c8765fd231bc36902f9c5557d3909c4644565b971bdb2bfb186061,"{""distance"":7,""physical_error_rate"":0.0005}","{""detection_events"":413401,""detectors_checked"":168290304,""obs_mistake_mask=E"":2}"
    647680,         2,         0,   120.2,exact_mw,09f626b7d1c8765fd231bc36902f9c5557d3909c4644565b971bdb2bfb186061,"{""distance"":7,""physical_error_rate"":0.0005}","{""detection_events"":958115,""detectors_checked"":389903360,""obs_mistake_mask=E"":2}"
    293888,         2,         0,    45.0,exact_mw,09f626b7d1c8765fd231bc36902f9c5557d3909c4644565b971bdb2bfb186061,"{""distance"":7,""physical_error_rate"":0.0005}","{""detection_events"":433714,""detectors_checked"":176920576,""obs_mistake_mask=E"":2}"
    182272,         0,         0,   120.5,exact_mw,09f626b7d1c8765fd231bc36902f9c5557d3909c4644565b971bdb2bfb186061,"{""distance"":7,""physical_error_rate"":0.0005}","{""detection_events"":270405,""detectors_checked"":109727744}"
    294912,         0,         0,    45.0,exact_mw,09f626b7d1c8765fd231bc36902f9c5557d3909c4644565b971bdb2bfb186061,"{""distance"":7,""physical_error_rate"":0.0005}","{""detection_events"":434052,""detectors_checked"":177537024}"
    690176,         5,         0,   120.0,exact_mw,09f626b7d1c8765fd231bc36902f9c5557d3909c4644565b971bdb2bfb186061,"{""distance"":7,""physical_error_rate"":0.0005}","{""detection_events"":1017948,""detectors_checked"":415485952,""obs_mistake_mask=E"":5}"
    357376,         0,         0,    45.0,exact_mw,09f626b7d1c8765fd231bc36902f9c5557d3909c4644565b971bdb2bfb186061,"{""distance"":7,""physical_error_rate"":0.0005}","{""detection_events"":530388,""detectors_checked"":215140352}"
    293888,         0,         0,    45.0,exact_mw,09f626b7d1c8765fd231bc36902f9c5557d3909c4644565b971bdb2bfb186061,"{""distance"":7,""physical_error_rate"":0.0005}","{""detection_events"":434821,""detectors_checked"":176920576}"
    110080,         0,         0,    45.7,exact_mw,09f626b7d1c8765fd231bc36902f9c5557d3909c4644565b971bdb2bfb186061,"{""distance"":7,""physical_error_rate"":0.0005}","{""detection_events"":163275,""detectors_checked"":66268160}"
    254976,         0,         0,    45.0,exact_mw,09f626b7d1c8765fd231bc36902f9c5557d3909c4644565b971bdb2bfb186061,"{""distance"":7,""physical_error_rate"":0.0005}","{""detection_events"":376390,""detectors_checked"":153495552}"
    261120,         1,         0,    45.1,exact_mw,09f626b7d1c8765fd231bc36902f9c5557d3909c4644565b971bdb2bfb186061,"{""distance"":7,""physical_error_rate"":0.0005}","{""detection_events"":385781,""detectors_checked"":157194240,""obs_mistake_mask=E"":1}"
    319488,         0,         0,    45.1,exact_mw,09f626b7d1c8765fd231bc36902f9c5557d3909c4644565b971bdb2bfb186061,"{""distance"":7,""physical_error_rate"":0.0005}","{""detection_events"":473596,""detectors_checked"":192331776}"
    287744,         0,         0,    45.1,exact_mw,09f626b7d1c8765fd231bc36902f9c5557d3909c4644565b971bdb2bfb186061,"{""distance"":7,""physical_error_rate"":0.0005}","{""detection_events"":426579,""detectors_checked"":173221888}"
    270336,         0,         0,    45.1,exact_mw,09f626b7d1c8765fd231bc36902f9c5557d3909c4644565b971bdb2bfb186061,"{""distance"":7,""physical_error_rate"":0.0005}","{""detection_events"":398132,""detectors_checked"":162742272}"
    287744,         0,         0,    45.0,exact_mw,09f626b7d1c8765fd231bc36902f9c5557d3909c4644565b971bdb2bfb186061,"{""distance"":7,""physical_error_rate"":0.0005}","{""detection_events"":425837,""detectors_checked"":173221888}"
    806912,         3,         0,   120.0,exact_mw,09f626b7d1c8765fd231bc36902f9c5557d3909c4644565b971bdb2bfb186061,"{""distance"":7,""physical_error_rate"":0.0005}","{""detection_events"":1195537,""detectors_checked"":485761024,""obs_mistake_mask=E"":3}"
    109568,         0,         0,    45.0,exact_mw,09f626b7d1c8765fd231bc36902f9c5557d3909c4644565b971bdb2bfb186061,"{""distance"":7,""physical_error_rate"":0.0005}","{""detection_events"":162312,""detectors_checked"":65959936}"
    224256,         0,         0,    45.1,exact_mw,09f626b7d1c8765fd231bc36902f9c5557d3909c4644565b971bdb2bfb186061,"{""distance"":7,""physical_error_rate"":0.0005}","{""detection_events"":331336,""detectors_checked"":135002112}"
    201728,         1,         0,    45.5,exact_mw,09f626b7d1c8765fd231bc36902f9c5557d3909c4644565b971bdb2bfb186061,"{""distance"":7,""physical_error_rate"":0.0005}","{""detection_events"":297964,""detectors_checked"":121440256,""obs_mistake_mask=E"":1}"
     65024,         0,         0,    45.6,exact_mw,09f626b7d1c8765fd231bc36902f9c5557d3909c4644565b971bdb2bfb186061,"{""distance"":7,""physical_error_rate"":0.0005}","{""detection_events"":96506,""detectors_checked"":39144448}"
    211968,         0,         0,    45.8,exact_mw,09f626b7d1c8765fd231bc36902f9c5557d3909c4644565b971bdb2bfb186061,"{""distance"":7,""physical_error_rate"":0.0005}","{""detection_events"":314200,""detectors_checked"":127604736}"
    273408,         1,         0,    45.0,exact_mw,09f626b7d1c8765fd231bc36902f9c5557d3909c4644565b971bdb2bfb186061,"{""distance"":7,""physical_error_rate"":0.0005}","{""detection_events"":404330,""detectors_checked"":164591616,""obs_mistake_mask=E"":1}"
    598016,         4,         0,   120.6,exact_mw,09f626b7d1c8765fd231bc36902f9c5557d3909c4644565b971bdb2bfb186061,"{""distance"":7,""physical_error_rate"":0.0005}","{""detection_events"":885092,""detectors_checked"":360005632,""obs_mistake_mask=E"":4}"
    800768,         0,         0,   119.9,exact_mw,09f626b7d1c8765fd231bc36902f9c5557d3909c4644565b971bdb2bfb186061,"{""distance"":7,""physical_error_rate"":0.0005}","{""detection_events"":1185479,""detectors_checked"":482062336}"
    304128,         1,         0,    45.0,exact_mw,09f626b7d1c8765fd231bc36902f9c5557d3909c4644565b971bdb2bfb186061,"{""distance"":7,""physical_error_rate"":0.0005}","{""detection_events"":450063,""detectors_checked"":183085056,""obs_mistake_mask=E"":1}"
    310272,         1,         0,    45.0,exact_mw,09f626b7d1c8765fd231bc36902f9c5557d3909c4644565b971bdb2bfb186061,"{""distance"":7,""physical_error_rate"":0.0005}","{""detection_events"":461000,""detectors_checked"":186783744,""obs_mistake_mask=E"":1}"
    314368,         0,         0,    45.0,exact_mw,09f626b7d1c8765fd231bc36902f9c5557d3909c4644565b971bdb2bfb186061,"{""distance"":7,""physical_error_rate"":0.0005}","{""detection_events"":466409,""detectors_checked"":189249536}"
    296960,         2,         0,    45.1,exact_mw,09f626b7d1c8765fd231bc36902f9c5557d3909c4644565b971bdb2bfb186061,"{""distance"":7,""physical_error_rate"":0.0005}","{""detection_events"":438049,""detectors_checked"":178769920,""obs_mistake_mask=E"":2}"
    749568,         2,         0,   120.0,exact_mw,09f626b7d1c8765fd231bc36902f9c5557d3909c4644565b971bdb2bfb186061,"{""distance"":7,""physical_error_rate"":0.0005}","{""detection_events"":1108901,""detectors_checked"":451239936,""obs_mistake_mask=E"":2}"
    206848,         1,         0,    45.0,exact_mw,09f626b7d1c8765fd231bc36902f9c5557d3909c4644565b971bdb2bfb186061,"{""distance"":7,""physical_error_rate"":0.0005}","{""detection_events"":305440,""detectors_checked"":124522496,""obs_mistake_mask=E"":1}"
    724992,         6,         0,   119.9,exact_mw,09f626b7d1c8765fd231bc36902f9c5557d3909c4644565b971bdb2bfb186061,"{""distance"":7,""physical_error_rate"":0.0005}","{""detection_events"":1071916,""detectors_checked"":436445184,""obs_mistake_mask=E"":6}"
    605184,         1,         0,   119.9,exact_mw,09f626b7d1c8765fd231bc36902f9c5557d3909c4644565b971bdb2bfb186061,"{""distance"":7,""physical_error_rate"":0.0005}","{""detection_events"":895588,""detectors_checked"":364320768,""obs_mistake_mask=E"":1}"
    251904,         0,         0,    45.2,exact_mw,09f626b7d1c8765fd231bc36902f9c5557d3909c4644565b971bdb2bfb186061,"{""distance"":7,""physical_error_rate"":0.0005}","{""detection_events"":371673,""detectors_checked"":151646208}"
    507904,         2,         0,   120.7,exact_mw,09f626b7d1c8765fd231bc36902f9c5557d3909c4644565b971bdb2bfb186061,"{""distance"":7,""physical_error_rate"":0.0005}","{""detection_events"":749729,""detectors_checked"":305758208,""obs_mistake_mask=E"":2}"
    303104,         0,         0,    45.2,exact_mw,09f626b7d1c8765fd231bc36902f9c5557d3909c4644565b971bdb2bfb186061,"{""distance"":7,""physical_error_rate"":0.0005}","{""detection_events"":446874,""detectors_checked"":182468608}"
    352256,         0,         0,    45.0,exact_mw,09f626b7d1c8765fd231bc36902f9c5557d3909c4644565b971bdb2bfb186061,"{""distance"":7,""physical_error_rate"":0.0005}","{""detection_events"":522382,""detectors_checked"":212058112}"
    406528,         3,         0,   120.0,exact_mw,09f626b7d1c8765fd231bc36902f9c5557d3909c4644565b971bdb2bfb186061,"{""distance"":7,""physical_error_rate"":0.0005}","{""detection_events"":599827,""detectors_checked"":244729856,""obs_mistake_mask=E"":3}"
    270336,         0,         0,    45.0,exact_mw,09f626b7d1c8765fd231bc36902f9c5557d3909c4644565b971bdb2bfb186061,"{""distance"":7,""physical_error_rate"":0.0005}","{""detection_events"":399548,""detectors_checked"":162742272}"
    347136,         1,         0,    45.0,exact_mw,09f626b7d1c8765fd231bc36902f9c5557d3909c4644565b971bdb2bfb186061,"{""distance"":7,""physical_error_rate"":0.0005}","{""detection_events"":512676,""detectors_checked"":208975872,""obs_mistake_mask=E"":1}"
    333824,         0,         0,    45.1,exact_mw,09f626b7d1c8765fd231bc36902f9c5557d3909c4644565b971bdb2bfb186061,"{""distance"":7,""physical_error_rate"":0.0005}","{""detection_events"":494571,""detectors_checked"":200962048}"
    319488,         0,         0,    45.0,exact_mw,09f626b7d1c8765fd231bc36902f9c5557d3909c4644565b971bdb2bfb186061,"{""distance"":7,""physical_error_rate"":0.0005}","{""detection_events"":472536,""detectors_checked"":192331776}"
    309248,         1,         0,    45.1,exact_mw,09f626b7d1c8765fd231bc36902f9c5557d3909c4644565b971bdb2bfb186061,"{""distance"":7,""physical_error_rate"":0.0005}","{""detection_events"":454360,""detectors_checked"":186167296,""obs_mistake_mask=E"":1}"
     54784,         0,         0,    45.1,exact_mw,09f626b7d1c8765fd231bc36902f9c5557d3909c4644565b971bdb2bfb186061,"{""distance"":7,""physical_error_rate"":0.0005}","{""detection_events"":80730,""detectors_checked"":32979968}"
    166400,         0,         0,   120.3,exact_mw,09f626b7d1c8765fd231bc36902f9c5557d3909c4644565b971bdb2bfb186061,"{""distance"":7,""physical_error_rate"":0.0005}","{""detection_events"":244351,""detectors_checked"":100172800}"
    824320,         3,         0,   120.0,exact_mw,09f626b7d1c8765fd231bc36902f9c5557d3909c4644565b971bdb2bfb186061,"{""distance"":7,""physical_error_rate"":0.0005}","{""detection_events"":1221076,""detectors_checked"":496240640,""obs_mistake_mask=E"":3}"
    740352,         2,         0,   119.9,exact_mw,09f626b7d1c8765fd231bc36902f9c5557d3909c4644565b971bdb2bfb186061,"{""distance"":7,""physical_error_rate"":0.0005}","{""detection_events"":1095575,""detectors_checked"":445691904,""obs_mistake_mask=E"":2}"
    477184,         1,         0,   120.0,exact_mw,09f626b7d1c8765fd231bc36902f9c5557d3909c4644565b971bdb2bfb186061,"{""distance"":7,""physical_error_rate"":0.0005}","{""detection_events"":705083,""detectors_checked"":287264768,""obs_mistake_mask=E"":1}"
    843776,         0,         0,   120.0,exact_mw,09f626b7d1c8765fd231bc36902f9c5557d3909c4644565b971bdb2bfb186061,"{""distance"":7,""physical_error_rate"":0.0005}","{""detection_events"":1247037,""detectors_checked"":507953152}"
    792576,         2,         0,   119.9,exact_mw,09f626b7d1c8765fd231bc36902f9c5557d3909c4644565b971bdb2bfb186061,"{""distance"":7,""physical_error_rate"":0.0005}","{""detection_events"":1171250,""detectors_checked"":477130752,""obs_mistake_mask=E"":2}"
    531456,         1,         0,   120.0,exact_mw,09f626b7d1c8765fd231bc36902f9c5557d3909c4644565b971bdb2bfb186061,"{""distance"":7,""physical_error_rate"":0.0005}","{""detection_events"":786394,""detectors_checked"":319936512,""obs_mistake_mask=E"":1}"
    789504,         4,         0,   119.9,exact_mw,09f626b7d1c8765fd231bc36902f9c5557d3909c4644565b971bdb2bfb186061,"{""distance"":7,""physical_error_rate"":0.0005}","{""detection_events"":1171422,""detectors_checked"":475281408,""obs_mistake_mask=E"":4}"
    834560,         2,         0,   119.9,exact_mw,09f626b7d1c8765fd231bc36902f9c5557d3909c4644565b971bdb2bfb186061,"{""distance"":7,""physical_error_rate"":0.0005}","{""detection_events"":1240434,""detectors_checked"":502405120,""obs_mistake_mask=E"":2}"
    697856,         3,         0,   120.0,exact_mw,09f626b7d1c8765fd231bc36902f9c5557d3909c4644565b971bdb2bfb186061,"{""distance"":7,""physical_error_rate"":0.0005}","{""detection_events"":1031626,""detectors_checked"":420109312,""obs_mistake_mask=E"":3}"
    848896,         6,         0,   120.0,exact_mw,09f626b7d1c8765fd231bc36902f9c5557d3909c4644565b971bdb2bfb186061,"{""distance"":7,""physical_error_rate"":0.0005}","{""detection_events"":1259655,""detectors_checked"":511035392,""obs_mistake_mask=E"":6}"
    746496,         3,         0,   119.9,exact_mw,09f626b7d1c8765fd231bc36902f9c5557d3909c4644565b971bdb2bfb186061,"{""distance"":7,""physical_error_rate"":0.0005}","{""detection_events"":1104629,""detectors_checked"":449390592,""obs_mistake_mask=E"":3}"
    790528,         4,         0,   119.9,exact_mw,09f626b7d1c8765fd231bc36902f9c5557d3909c4644565b971bdb2bfb186061,"{""distance"":7,""physical_error_rate"":0.0005}","{""detection_events"":1170904,""detectors_checked"":475897856,""obs_mistake_mask=E"":4}"
    225792,         0,         0,   120.0,exact_mw,09f626b7d1c8765fd231bc36902f9c5557d3909c4644565b971bdb2bfb186061,"{""distance"":7,""physical_error_rate"":0.0005}","{""detection_events"":333833,""detectors_checked"":135926784}"
    198912,         0,         0,   119.9,exact_mw,09f626b7d1c8765fd231bc36902f9c5557d3909c4644565b971bdb2bfb186061,"{""distance"":7,""physical_error_rate"":0.0005}","{""detection_events"":295987,""detectors_checked"":119745024}"
    535552,         2,         0,   120.0,exact_mw,09f626b7d1c8765fd231bc36902f9c5557d3909c4644565b971bdb2bfb186061,"{""distance"":7,""physical_error_rate"":0.0005}","{""detection_events"":791119,""detectors_checked"":322402304,""obs_mistake_mask=E"":2}"
    396288,         0,         0,    62.9,exact_mw,09f626b7d1c8765fd231bc36902f9c5557d3909c4644565b971bdb2bfb186061,"{""distance"":7,""physical_error_rate"":0.0005}","{""detection_events"":586050,""detectors_checked"":238565376}"
    442368,         2,         0,    63.0,exact_mw,09f626b7d1c8765fd231bc36902f9c5557d3909c4644565b971bdb2bfb186061,"{""distance"":7,""physical_error_rate"":0.0005}","{""detection_events"":652989,""detectors_checked"":266305536,""obs_mistake_mask=E"":2}"
    416768,         1,         0,    63.0,exact_mw,09f626b7d1c8765fd231bc36902f9c5557d3909c4644565b971bdb2bfb186061,"{""distance"":7,""physical_error_rate"":0.0005}","{""detection_events"":618557,""detectors_checked"":250894336,""obs_mistake_mask=E"":1}"
    464896,         2,         0,    63.1,exact_mw,09f626b7d1c8765fd231bc36902f9c5557d3909c4644565b971bdb2bfb186061,"{""distance"":7,""physical_error_rate"":0.0005}","{""detection_events"":689950,""detectors_checked"":279867392,""obs_mistake_mask=E"":2}"
    422912,         1,         0,    63.0,exact_mw,09f626b7d1c8765fd231bc36902f9c5557d3909c4644565b971bdb2bfb186061,"{""distance"":7,""physical_error_rate"":0.0005}","{""detection_events"":625521,""detectors_checked"":254593024,""obs_mistake_mask=E"":1}"
     69120,         2,         0,    63.1,exact_mw,09f626b7d1c8765fd231bc36902f9c5557d3909c4644565b971bdb2bfb186061,"{""distance"":7,""physical_error_rate"":0.0005}","{""detection_events"":102195,""detectors_checked"":41610240,""obs_mistake_mask=E"":2}"
    406528,         2,         0,    62.9,exact_mw,09f626b7d1c8765fd231bc36902f9c5557d3909c4644565b971bdb2bfb186061,"{""distance"":7,""physical_error_rate"":0.0005}","{""detection_events"":602379,""detectors_checked"":244729856,""obs_mistake_mask=E"":2}"
    427008,         3,         0,    63.0,exact_mw,09f626b7d1c8765fd231bc36902f9c5557d3909c4644565b971bdb2bfb186061,"{""distance"":7,""physical_error_rate"":0.0005}","{""detection_events"":633341,""detectors_checked"":257058816,""obs_mistake_mask=E"":3}"
    437248,         0,         0,    63.0,exact_mw,09f626b7d1c8765fd231bc36902f9c5557d3909c4644565b971bdb2bfb186061,"{""distance"":7,""physical_error_rate"":0.0005}","{""detection_events"":649344,""detectors_checked"":263223296}"
    437248,         1,         0,    63.0,exact_mw,09f626b7d1c8765fd231bc36902f9c5557d3909c4644565b971bdb2bfb186061,"{""distance"":7,""physical_error_rate"":0.0005}","{""detection_events"":647829,""detectors_checked"":263223296,""obs_mistake_mask=E"":1}"
    402432,         1,         0,    63.1,exact_mw,09f626b7d1c8765fd231bc36902f9c5557d3909c4644565b971bdb2bfb186061,"{""distance"":7,""physical_error_rate"":0.0005}","{""detection_events"":597639,""detectors_checked"":242264064,""obs_mistake_mask=E"":1}"
    413696,         1,         0,    63.1,exact_mw,09f626b7d1c8765fd231bc36902f9c5557d3909c4644565b971bdb2bfb186061,"{""distance"":7,""physical_error_rate"":0.0005}","{""detection_events"":611917,""detectors_checked"":249044992,""obs_mistake_mask=E"":1}"
    405504,         2,         0,    63.0,exact_mw,09f626b7d1c8765fd231bc36902f9c5557d3909c4644565b971bdb2bfb186061,"{""distance"":7,""physical_error_rate"":0.0005}","{""detection_events"":597801,""detectors_checked"":244113408,""obs_mistake_mask=E"":2}"
    321536,         1,         0,    63.7,exact_mw,09f626b7d1c8765fd231bc36902f9c5557d3909c4644565b971bdb2bfb186061,"{""distance"":7,""physical_error_rate"":0.0005}","{""detection_events"":477722,""detectors_checked"":193564672,""obs_mistake_mask=E"":1}"
     69632,         0,         0,    63.1,exact_mw,09f626b7d1c8765fd231bc36902f9c5557d3909c4644565b971bdb2bfb186061,"{""distance"":7,""physical_error_rate"":0.0005}","{""detection_events"":103954,""detectors_checked"":41918464}"
     74240,         0,         0,    63.2,exact_mw,09f626b7d1c8765fd231bc36902f9c5557d3909c4644565b971bdb2bfb186061,"{""distance"":7,""physical_error_rate"":0.0005}","{""detection_events"":110017,""detectors_checked"":44692480}"
    418816,         1,         0,    63.0,exact_mw,09f626b7d1c8765fd231bc36902f9c5557d3909c4644565b971bdb2bfb186061,"{""distance"":7,""physical_error_rate"":0.0005}","{""detection_events"":617791,""detectors_checked"":252127232,""obs_mistake_mask=E"":1}"
    422912,         1,         0,    63.0,exact_mw,09f626b7d1c8765fd231bc36902f9c5557d3909c4644565b971bdb2bfb186061,"{""distance"":7,""physical_error_rate"":0.0005}","{""detection_events"":626250,""detectors_checked"":254593024,""obs_mistake_mask=E"":1}"
    421888,         1,         0,    63.0,exact_mw,09f626b7d1c8765fd231bc36902f9c5557d3909c4644565b971bdb2bfb186061,"{""distance"":7,""physical_error_rate"":0.0005}","{""detection_events"":624816,""detectors_checked"":253976576,""obs_mistake_mask=E"":1}"
    387072,         0,         0,    63.0,exact_mw,09f626b7d1c8765fd231bc36902f9c5557d3909c4644565b971bdb2bfb186061,"{""distance"":7,""physical_error_rate"":0.0005}","{""detection_events"":572572,""detectors_checked"":233017344}"
     70144,         0,         0,    64.0,exact_mw,09f626b7d1c8765fd231bc36902f9c5557d3909c4644565b971bdb2bfb186061,"{""distance"":7,""physical_error_rate"":0.0005}","{""detection_events"":103442,""detectors_checked"":42226688}"
    432128,         2,         0,    63.0,exact_mw,09f626b7d1c8765fd231bc36902f9c5557d3909c4644565b971bdb2bfb186061,"{""distance"":7,""physical_error_rate"":0.0005}","{""detection_events"":638726,""detectors_checked"":260141056,""obs_mistake_mask=E"":2}"
    394240,         2,         0,    63.0,exact_mw,09f626b7d1c8765fd231bc36902f9c5557d3909c4644565b971bdb2bfb186061,"{""distance"":7,""physical_error_rate"":0.0005}","{""detection_events"":582861,""detectors_checked"":237332480,""obs_mistake_mask=E"":2}"
    404480,         2,         0,    63.1,exact_mw,09f626b7d1c8765fd231bc36902f9c5557d3909c4644565b971bdb2bfb186061,"{""distance"":7,""physical_error_rate"":0.0005}","{""detection_events"":597883,""detectors_checked"":243496960,""obs_mistake_mask=E"":2}"
    416768,         0,         0,    63.1,exact_mw,09f626b7d1c8765fd231bc36902f9c5557d3909c4644565b971bdb2bfb186061,"{""distance"":7,""physical_error_rate"":0.0005}","{""detection_events"":619088,""detectors_checked"":250894336}"
    430080,         3,         0,    63.0,exact_mw,09f626b7d1c8765fd231bc36902f9c5557d3909c4644565b971bdb2bfb186061,"{""distance"":7,""physical_error_rate"":0.0005}","{""detection_events"":636093,""detectors_checked"":258908160,""obs_mistake_mask=E"":3}"
    411648,         2,         0,    63.0,exact_mw,09f626b7d1c8765fd231bc36902f9c5557d3909c4644565b971bdb2bfb186061,"{""distance"":7,""physical_error_rate"":0.0005}","{""detection_events"":611075,""detectors_checked"":247812096,""obs_mistake_mask=E"":2}"
    392192,         1,         0,    63.1,exact_mw,09f626b7d1c8765fd231bc36902f9c5557d3909c4644565b971bdb2bfb186061,"{""distance"":7,""physical_error_rate"":0.0005}","{""detection_events"":581799,""detectors_checked"":236099584,""obs_mistake_mask=E"":1}"
    458752,         2,         0,    63.0,exact_mw,09f626b7d1c8765fd231bc36902f9c5557d3909c4644565b971bdb2bfb186061,"{""distance"":7,""physical_error_rate"":0.0005}","{""detection_events"":676818,""detectors_checked"":276168704,""obs_mistake_mask=E"":2}"
    422912,         2,         0,    63.0,exact_mw,09f626b7d1c8765fd231bc36902f9c5557d3909c4644565b971bdb2bfb186061,"{""distance"":7,""physical_error_rate"":0.0005}","{""detection_events"":626747,""detectors_checked"":254593024,""obs_mistake_mask=E"":2}"
    414720,         0,         0,    63.0,exact_mw,09f626b7d1c8765fd231bc36902f9c5557d3909c4644565b971bdb2bfb186061,"{""distance"":7,""physical_error_rate"":0.0005}","{""detection_events"":614558,""detectors_checked"":249661440}"
     71680,         0,         0,    64.2,exact_mw,09f626b7d1c8765fd231bc36902f9c5557d3909c4644565b971bdb2bfb186061,"{""distance"":7,""physical_error_rate"":0.0005}","{""detection_events"":106441,""detectors_checked"":43151360}"
    784384,         2,         0,   120.0,exact_mw,09f626b7d1c8765fd231bc36902f9c5557d3909c4644565b971bdb2bfb186061,"{""distance"":7,""physical_error_rate"":0.0005}","{""detection_events"":1159134,""detectors_checked"":472199168,""obs_mistake_mask=E"":2}"
    147456,         0,         0,    20.9,exact_mw,09f626b7d1c8765fd231bc36902f9c5557d3909c4644565b971bdb2bfb186061,"{""distance"":7,""physical_error_rate"":0.0005}","{""detection_events"":216737,""detectors_checked"":88768512}"
    178176,         0,         0,    25.4,exact_mw,09f626b7d1c8765fd231bc36902f9c5557d3909c4644565b971bdb2bfb186061,"{""distance"":7,""physical_error_rate"":0.0005}","{""detection_events"":263614,""detectors_checked"":107261952}"
    197632,         0,         0,    39.0,exact_mw,09f626b7d1c8765fd231bc36902f9c5557d3909c4644565b971bdb2bfb186061,"{""distance"":7,""physical_error_rate"":0.0005}","{""detection_events"":293543,""detectors_checked"":118974464}"
    151552,         0,         0,    22.9,exact_mw,09f626b7d1c8765fd231bc36902f9c5557d3909c4644565b971bdb2bfb186061,"{""distance"":7,""physical_error_rate"":0.0005}","{""detection_events"":223214,""detectors_checked"":91234304}"
    145408,         1,         0,    21.8,exact_mw,09f626b7d1c8765fd231bc36902f9c5557d3909c4644565b971bdb2bfb186061,"{""distance"":7,""physical_error_rate"":0.0005}","{""detection_events"":215218,""detectors_checked"":87535616,""obs_mistake_mask=E"":1}"
     92160,         0,         0,    17.9,exact_mw,09f626b7d1c8765fd231bc36902f9c5557d3909c4644565b971bdb2bfb186061,"{""distance"":7,""physical_error_rate"":0.0005}","{""detection_events"":137160,""detectors_checked"":55480320}"
    176128,         0,         0,    24.5,exact_mw,09f626b7d1c8765fd231bc36902f9c5557d3909c4644565b971bdb2bfb186061,"{""distance"":7,""physical_error_rate"":0.0005}","{""detection_events"":259202,""detectors_checked"":106029056}"
    587776,         1,         0,    87.8,exact_mw,09f626b7d1c8765fd231bc36902f9c5557d3909c4644565b971bdb2bfb186061,"{""distance"":7,""physical_error_rate"":0.0005}","{""detection_events"":870365,""detectors_checked"":353841152,""obs_mistake_mask=E"":1}"
    114688,         0,         0,    17.3,exact_mw,09f626b7d1c8765fd231bc36902f9c5557d3909c4644565b971bdb2bfb186061,"{""distance"":7,""physical_error_rate"":0.0005}","{""detection_events"":169516,""detectors_checked"":69042176}"
    108544,         0,         0,    17.0,exact_mw,09f626b7d1c8765fd231bc36902f9c5557d3909c4644565b971bdb2bfb186061,"{""distance"":7,""physical_error_rate"":0.0005}","{""detection_events"":161468,""detectors_checked"":65343488}"
    177152,         0,         0,    25.9,exact_mw,09f626b7d1c8765fd231bc36902f9c5557d3909c4644565b971bdb2bfb186061,"{""distance"":7,""physical_error_rate"":0.0005}","{""detection_events"":262743,""detectors_checked"":106645504}"
    168960,         0,         0,    23.5,exact_mw,09f626b7d1c8765fd231bc36902f9c5557d3909c4644565b971bdb2bfb186061,"{""distance"":7,""physical_error_rate"":0.0005}","{""detection_events"":250545,""detectors_checked"":101713920}"
    179200,         1,         0,   106.4,exact_mw,09f626b7d1c8765fd231bc36902f9c5557d3909c4644565b971bdb2bfb186061,"{""distance"":7,""physical_error_rate"":0.0005}","{""detection_events"":265047,""detectors_checked"":107878400,""obs_mistake_mask=E"":1}"
    342016,         1,         0,    49.1,exact_mw,09f626b7d1c8765fd231bc36902f9c5557d3909c4644565b971bdb2bfb186061,"{""distance"":7,""physical_error_rate"":0.0005}","{""detection_events"":507101,""detectors_checked"":205893632,""obs_mistake_mask=E"":1}"
    116736,         0,         0,    17.4,exact_mw,09f626b7d1c8765fd231bc36902f9c5557d3909c4644565b971bdb2bfb186061,"{""distance"":7,""physical_error_rate"":0.0005}","{""detection_events"":172791,""detectors_checked"":70275072}"
    184320,         0,         0,    25.2,exact_mw,09f626b7d1c8765fd231bc36902f9c5557d3909c4644565b971bdb2bfb186061,"{""distance"":7,""physical_error_rate"":0.0005}","{""detection_events"":273977,""detectors_checked"":110960640}"
    192512,         0,         0,    26.1,exact_mw,09f626b7d1c8765fd231bc36902f9c5557d3909c4644565b971bdb2bfb186061,"{""distance"":7,""physical_error_rate"":0.0005}","{""detection_events"":283870,""detectors_checked"":115892224}"
    176128,         1,         0,    25.6,exact_mw,09f626b7d1c8765fd231bc36902f9c5557d3909c4644565b971bdb2bfb186061,"{""distance"":7,""physical_error_rate"":0.0005}","{""detection_events"":262713,""detectors_checked"":106029056,""obs_mistake_mask=E"":1}"
    285696,         1,         0,    41.2,exact_mw,09f626b7d1c8765fd231bc36902f9c5557d3909c4644565b971bdb2bfb186061,"{""distance"":7,""physical_error_rate"":0.0005}","{""detection_events"":423556,""detectors_checked"":171988992,""obs_mistake_mask=E"":1}"
    165888,         2,         0,    25.2,exact_mw,09f626b7d1c8765fd231bc36902f9c5557d3909c4644565b971bdb2bfb186061,"{""distance"":7,""physical_error_rate"":0.0005}","{""detection_events"":245833,""detectors_checked"":99864576,""obs_mistake_mask=E"":2}"
    270336,         1,         0,    38.9,exact_mw,09f626b7d1c8765fd231bc36902f9c5557d3909c4644565b971bdb2bfb186061,"{""distance"":7,""physical_error_rate"":0.0005}","{""detection_events"":402015,""detectors_checked"":162742272,""obs_mistake_mask=E"":1}"
    159744,         2,         0,    22.3,exact_mw,09f626b7d1c8765fd231bc36902f9c5557d3909c4644565b971bdb2bfb186061,"{""distance"":7,""physical_error_rate"":0.0005}","{""detection_events"":237504,""detectors_checked"":96165888,""obs_mistake_mask=E"":2}"
     37888,         1,         0,    37.3,exact_mw,09f626b7d1c8765fd231bc36902f9c5557d3909c4644565b971bdb2bfb186061,"{""distance"":7,""physical_error_rate"":0.0005}","{""detection_events"":55962,""detectors_checked"":22808576,""obs_mistake_mask=E"":1}"
    719872,         1,         0,   109.0,exact_mw,09f626b7d1c8765fd231bc36902f9c5557d3909c4644565b971bdb2bfb186061,"{""distance"":7,""physical_error_rate"":0.0005}","{""detection_events"":1063388,""detectors_checked"":433362944,""obs_mistake_mask=E"":1}"
    295936,         3,         0,    43.7,exact_mw,09f626b7d1c8765fd231bc36902f9c5557d3909c4644565b971bdb2bfb186061,"{""distance"":7,""physical_error_rate"":0.0005}","{""detection_events"":437435,""detectors_checked"":178153472,""obs_mistake_mask=E"":3}"
    191488,         2,         0,    27.2,exact_mw,09f626b7d1c8765fd231bc36902f9c5557d3909c4644565b971bdb2bfb186061,"{""distance"":7,""physical_error_rate"":0.0005}","{""detection_events"":282778,""detectors_checked"":115275776,""obs_mistake_mask=E"":2}"
    174080,         0,         0,    24.9,exact_mw,09f626b7d1c8765fd231bc36902f9c5557d3909c4644565b971bdb2bfb186061,"{""distance"":7,""physical_error_rate"":0.0005}","{""detection_events"":256643,""detectors_checked"":104796160}"
    409600,         0,         0,    62.3,exact_mw,09f626b7d1c8765fd231bc36902f9c5557d3909c4644565b971bdb2bfb186061,"{""distance"":7,""physical_error_rate"":0.0005}","{""detection_events"":605120,""detectors_checked"":246579200}"
    568320,         3,         0,    84.2,exact_mw,09f626b7d1c8765fd231bc36902f9c5557d3909c4644565b971bdb2bfb186061,"{""distance"":7,""physical_error_rate"":0.0005}","{""detection_events"":838878,""detectors_checked"":342128640,""obs_mistake_mask=E"":3}"
    585728,         1,         0,    89.0,exact_mw,09f626b7d1c8765fd231bc36902f9c5557d3909c4644565b971bdb2bfb186061,"{""distance"":7,""physical_error_rate"":0.0005}","{""detection_events"":864857,""detectors_checked"":352608256,""obs_mistake_mask=E"":1}"
    544768,         1,         0,    85.2,exact_mw,09f626b7d1c8765fd231bc36902f9c5557d3909c4644565b971bdb2bfb186061,"{""distance"":7,""physical_error_rate"":0.0005}","{""detection_events"":808122,""detectors_checked"":327950336,""obs_mistake_mask=E"":1}"
    649216,         0,         0,    98.4,exact_mw,09f626b7d1c8765fd231bc36902f9c5557d3909c4644565b971bdb2bfb186061,"{""distance"":7,""physical_error_rate"":0.0005}","{""detection_events"":957493,""detectors_checked"":390828032}"
    615424,         1,         0,    86.1,exact_mw,09f626b7d1c8765fd231bc36902f9c5557d3909c4644565b971bdb2bfb186061,"{""distance"":7,""physical_error_rate"":0.0005}","{""detection_events"":907846,""detectors_checked"":370485248,""obs_mistake_mask=E"":1}"
    137216,         0,         0,    20.1,exact_mw,09f626b7d1c8765fd231bc36902f9c5557d3909c4644565b971bdb2bfb186061,"{""distance"":7,""physical_error_rate"":0.0005}","{""detection_events"":205295,""detectors_checked"":82604032}"
    114688,         0,         0,    22.8,exact_mw,09f626b7d1c8765fd231bc36902f9c5557d3909c4644565b971bdb2bfb186061,"{""distance"":7,""physical_error_rate"":0.0005}","{""detection_events"":170373,""detectors_checked"":69042176}"
    385024,         1,         0,    56.6,exact_mw,09f626b7d1c8765fd231bc36902f9c5557d3909c4644565b971bdb2bfb186061,"{""distance"":7,""physical_error_rate"":0.0005}","{""detection_events"":569090,""detectors_checked"":231784448,""obs_mistake_mask=E"":1}"
     24576,         0,         0,    23.8,exact_mw,09f626b7d1c8765fd231bc36902f9c5557d3909c4644565b971bdb2bfb186061,"{""distance"":7,""physical_error_rate"":0.0005}","{""detection_events"":36264,""detectors_checked"":14794752}"
     93696,         0,         0,    89.7,exact_mw,09f626b7d1c8765fd231bc36902f9c5557d3909c4644565b971bdb2bfb186061,"{""distance"":7,""physical_error_rate"":0.0005}","{""detection_events"":138916,""detectors_checked"":56404992}"
    178176,         1,         0,    24.9,exact_mw,09f626b7d1c8765fd231bc36902f9c5557d3909c4644565b971bdb2bfb186061,"{""distance"":7,""physical_error_rate"":0.0005}","{""detection_events"":261522,""detectors_checked"":107261952,""obs_mistake_mask=E"":1}"
    175104,         0,         0,    24.9,exact_mw,09f626b7d1c8765fd231bc36902f9c5557d3909c4644565b971bdb2bfb186061,"{""distance"":7,""physical_error_rate"":0.0005}","{""detection_events"":257576,""detectors_checked"":105412608}"
     24576,         0,         0,    25.5,exact_mw,09f626b7d1c8765fd231bc36902f9c5557d3909c4644565b971bdb2bfb186061,"{""distance"":7,""physical_error_rate"":0.0005}","{""detection_events"":36875,""detectors_checked"":14794752}"
    199680,         0,         0,    86.3,exact_mw,09f626b7d1c8765fd231bc36902f9c5557d3909c4644565b971bdb2bfb186061,"{""distance"":7,""physical_error_rate"":0.0005}","{""detection_events"":295569,""detectors_checked"":120207360}"
    235520,         0,         0,    35.6,exact_mw,09f626b7d1c8765fd231bc36902f9c5557d3909c4644565b971bdb2bfb186061,"{""distance"":7,""physical_error_rate"":0.0005}","{""detection_events"":348284,""detectors_checked"":141783040}"
    425984,         1,         0,    62.1,exact_mw,09f626b7d1c8765fd231bc36902f9c5557d3909c4644565b971bdb2bfb186061,"{""distance"":7,""physical_error_rate"":0.0005}","{""detection_events"":631371,""detectors_checked"":256442368,""obs_mistake_mask=E"":1}"
    531456,         1,         0,    81.8,exact_mw,09f626b7d1c8765fd231bc36902f9c5557d3909c4644565b971bdb2bfb186061,"{""distance"":7,""physical_error_rate"":0.0005}","{""detection_events"":784153,""detectors_checked"":319936512,""obs_mistake_mask=E"":1}"
     46592,         0,         0,    38.6,exact_mw,09f626b7d1c8765fd231bc36902f9c5557d3909c4644565b971bdb2bfb186061,"{""distance"":7,""physical_error_rate"":0.0005}","{""detection_events"":68901,""detectors_checked"":28048384}"
     91648,         0,         0,    83.8,exact_mw,09f626b7d1c8765fd231bc36902f9c5557d3909c4644565b971bdb2bfb186061,"{""distance"":7,""physical_error_rate"":0.0005}","{""detection_events"":134725,""detectors_checked"":55172096}"
     25600,         0,         0,    24.2,exact_mw,09f626b7d1c8765fd231bc36902f9c5557d3909c4644565b971bdb2bfb186061,"{""distance"":7,""physical_error_rate"":0.0005}","{""detection_events"":37847,""detectors_checked"":15411200}"
    186368,         1,         0,    26.7,exact_mw,09f626b7d1c8765fd231bc36902f9c5557d3909c4644565b971bdb2bfb186061,"{""distance"":7,""physical_error_rate"":0.0005}","{""detection_events"":275744,""detectors_checked"":112193536,""obs_mistake_mask=E"":1}"
    391168,         0,         0,    54.7,exact_mw,09f626b7d1c8765fd231bc36902f9c5557d3909c4644565b971bdb2bfb186061,"{""distance"":7,""physical_error_rate"":0.0005}","{""detection_events"":578820,""detectors_checked"":235483136}"
     70656,         0,         0,    65.4,exact_mw,09f626b7d1c8765fd231bc36902f9c5557d3909c4644565b971bdb2bfb186061,"{""distance"":7,""physical_error_rate"":0.0005}","{""detection_events"":104957,""detectors_checked"":42534912}"
      7680,         0,         0,    7.99,exact_mw,09f626b7d1c8765fd231bc36902f9c5557d3909c4644565b971bdb2bfb186061,"{""distance"":7,""physical_error_rate"":0.0005}","{""detection_events"":11474,""detectors_checked"":4623360}"
    269312,         2,         0,    39.7,exact_mw,09f626b7d1c8765fd231bc36902f9c5557d3909c4644565b971bdb2bfb186061,"{""distance"":7,""physical_error_rate"":0.0005}","{""detection_events"":398430,""detectors_checked"":162125824,""obs_mistake_mask=E"":2}"
    338944,         0,         0,    50.9,exact_mw,09f626b7d1c8765fd231bc36902f9c5557d3909c4644565b971bdb2bfb186061,"{""distance"":7,""physical_error_rate"":0.0005}","{""detection_events"":503290,""detectors_checked"":204044288}"
     98816,         0,         0,    89.4,exact_mw,09f626b7d1c8765fd231bc36902f9c5557d3909c4644565b971bdb2bfb186061,"{""distance"":7,""physical_error_rate"":0.0005}","{""detection_events"":145697,""detectors_checked"":59487232}"
      1024,         0,         0,   0.100,exact_mw,09f626b7d1c8765fd231bc36902f9c5557d3909c4644565b971bdb2bfb186061,"{""distance"":7,""physical_error_rate"":0.0005}","{""detection_events"":1425,""detectors_checked"":616448}"
    821248,         0,         0,   117.8,exact_mw,09f626b7d1c8765fd231bc36902f9c5557d3909c4644565b971bdb2bfb186061,"{""distance"":7,""physical_error_rate"":0.0005}","{""detection_events"":1215871,""detectors_checked"":494391296}"
    132096,         0,         0,    19.0,exact_mw,09f626b7d1c8765fd231bc36902f9c5557d3909c4644565b971bdb2bfb186061,"{""distance"":7,""physical_error_rate"":0.0005}","{""detection_events"":195711,""detectors_checked"":79521792}"
     23552,         0,         0,    24.1,exact_mw,09f626b7d1c8765fd231bc36902f9c5557d3909c4644565b971bdb2bfb186061,"{""distance"":7,""physical_error_rate"":0.0005}","{""detection_events"":35468,""detectors_checked"":14178304}"
    125952,         0,         0,    18.1,exact_mw,09f626b7d1c8765fd231bc36902f9c5557d3909c4644565b971bdb2bfb186061,"{""distance"":7,""physical_error_rate"":0.0005}","{""detection_events"":186564,""detectors_checked"":75823104}"
    446464,         3,         0,    63.2,exact_mw,09f626b7d1c8765fd231bc36902f9c5557d3909c4644565b971bdb2bfb186061,"{""distance"":7,""physical_error_rate"":0.0005}","{""detection_events"":659756,""detectors_checked"":268771328,""obs_mistake_mask=E"":3}"
    551936,         2,         0,    84.3,exact_mw,09f626b7d1c8765fd231bc36902f9c5557d3909c4644565b971bdb2bfb186061,"{""distance"":7,""physical_error_rate"":0.0005}","{""detection_events"":819152,""detectors_checked"":332265472,""obs_mistake_mask=E"":2}"
     22528,         1,         0,    22.7,exact_mw,09f626b7d1c8765fd231bc36902f9c5557d3909c4644565b971bdb2bfb186061,"{""distance"":7,""physical_error_rate"":0.0005}","{""detection_events"":33523,""detectors_checked"":13561856,""obs_mistake_mask=E"":1}"
    134144,         0,         0,    23.1,exact_mw,09f626b7d1c8765fd231bc36902f9c5557d3909c4644565b971bdb2bfb186061,"{""distance"":7,""physical_error_rate"":0.0005}","{""detection_events"":198110,""detectors_checked"":80754688}"
