     shots,    errors,  discards, seconds,decoder,strong_id,json_metadata,custom_counts
        17,         0,         0,   0.155,exact_mw,a7c002779361d29bb296963a23dd35d34b706f38009a8e2e2f5aee9a5ee0acdb,"{""distance"":7,""physical_error_rate"":0.005}","{""detection_events"":269,""detectors_checked"":10234}"
        64,         0,         0,   0.487,exact_mw,a7c002779361d29bb296963a23dd35d34b706f38009a8e2e2f5aee9a5ee0acdb,"{""distance"":7,""physical_error_rate"":0.005}","{""detection_events"":897,""detectors_checked"":38528}"
        64,         0,         0,   0.383,exact_mw,a7c002779361d29bb296963a23dd35d34b706f38009a8e2e2f5aee9a5ee0acdb,"{""distance"":7,""physical_error_rate"":0.005}","{""detection_events"":720,""detectors_checked"":38528}"
        64,         0,         0,   0.491,exact_mw,a7c002779361d29bb296963a23dd35d34b706f38009a8e2e2f5aee9a5ee0acdb,"{""distance"":7,""physical_error_rate"":0.005}","{""detection_events"":908,""detectors_checked"":38528}"
        64,         0,         0,   0.532,exact_mw,a7c002779361d29bb296963a23dd35d34b706f38009a8e2e2f5aee9a5ee0acdb,"{""distance"":7,""physical_error_rate"":0.005}","{""detection_events"":995,""detectors_checked"":38528}"
        64,         0,         0,   0.506,exact_mw,a7c002779361d29bb296963a23dd35d34b706f38009a8e2e2f5aee9a5ee0acdb,"{""distance"":7,""physical_error_rate"":0.005}","{""detection_events"":871,""detectors_checked"":38528}"
        64,         0,         0,   0.567,exact_mw,a7c002779361d29bb296963a23dd35d34b706f38009a8e2e2f5aee9a5ee0acdb,"{""distance"":7,""physical_error_rate"":0.005}","{""detection_events"":823,""detectors_checked"":38528}"
        64,         0,         0,   0.501,exact_mw,a7c002779361d29bb296963a23dd35d34b706f38009a8e2e2f5aee9a5ee0acdb,"{""distance"":7,""physical_error_rate"":0.005}","{""detection_events"":921,""detectors_checked"":38528}"
        64,         0,         0,   0.533,exact_mw,a7c002779361d29bb296963a23dd35d34b706f38009a8e2e2f5aee9a5ee0acdb,"{""distance"":7,""physical_error_rate"":0.005}","{""detection_events"":1007,""detectors_checked"":38528}"
         1,         0,         0,   0.014,exact_mw,590a535fae2c18c7445aa3259c8038467453e1d6a10b68541c755b2dcb29eb74,"{""distance"":7,""physical_error_rate"":5e-05}","{""detectors_checked"":602}"
      2320,         0,         0,   0.024,exact_mw,590a535fae2c18c7445aa3259c8038467453e1d6a10b68541c755b2dcb29eb74,"{""distance"":7,""physical_error_rate"":5e-05}","{""detection_events"":348,""detectors_checked"":1396640}"
      1024,         0,         0,   0.020,exact_mw,590a535fae2c18c7445aa3259c8038467453e1d6a10b68541c755b2dcb29eb74,"{""distance"":7,""physical_error_rate"":5e-05}","{""detection_events"":151,""detectors_checked"":616448}"
      2048,         0,         0,   0.027,exact_mw,590a535fae2c18c7445aa3259c8038467453e1d6a10b68541c755b2dcb29eb74,"{""distance"":7,""physical_error_rate"":5e-05}","{""detection_events"":271,""detectors_checked"":1232896}"
        64,         0,         0,   0.582,exact_mw,a7c002779361d29bb296963a23dd35d34b706f38009a8e2e2f5aee9a5ee0acdb,"{""distance"":7,""physical_error_rate"":0.005}","{""detection_events"":903,""detectors_checked"":38528}"
      4096,         0,         0,   0.053,exact_mw,590a535fae2c18c7445aa3259c8038467453e1d6a10b68541c755b2dcb29eb74,"{""distance"":7,""physical_error_rate"":5e-05}","{""detection_events"":526,""detectors_checked"":2465792}"
      4096,         0,         0,   0.054,exact_mw,590a535fae2c18c7445aa3259c8038467453e1d6a10b68541c755b2dcb29eb74,"{""distance"":7,""physical_error_rate"":5e-05}","{""detection_events"":567,""detectors_checked"":2465792}"
      5120,         0,         0,   0.075,exact_mw,590a535fae2c18c7445aa3259c8038467453e1d6a10b68541c755b2dcb29eb74,"{""distance"":7,""physical_error_rate"":5e-05}","{""detection_events"":747,""detectors_checked"":3082240}"
      8192,         0,         0,   0.095,exact_mw,590a535fae2c18c7445aa3259c8038467453e1d6a10b68541c755b2dcb29eb74,"{""distance"":7,""physical_error_rate"":5e-05}","{""detection_events"":1332,""detectors_checked"":4931584}"
     10240,         0,         0,   0.151,exact_mw,590a535fae2c18c7445aa3259c8038467453e1d6a10b68541c755b2dcb29eb74,"{""distance"":7,""physical_error_rate"":5e-05}","{""detection_events"":1495,""detectors_checked"":6164480}"
        64,         0,         0,   0.609,exact_mw,a7c002779361d29bb296963a23dd35d34b706f38009a8e2e2f5aee9a5ee0acdb,"{""distance"":7,""physical_error_rate"":0.005}","{""detection_events"":980,""detectors_checked"":38528}"
     15360,         0,         0,   0.206,exact_mw,590a535fae2c18c7445aa3259c8038467453e1d6a10b68541c755b2dcb29eb74,"{""distance"":7,""physical_error_rate"":5e-05}","{""detection_events"":2289,""detectors_checked"":9246720}"
     20480,         0,         0,   0.274,exact_mw,590a535fae2c18c7445aa3259c8038467453e1d6a10b68541c755b2dcb29eb74,"{""distance"":7,""physical_error_rate"":5e-05}","{""detection_events"":2905,""detectors_checked"":12328960}"
     52224,         0,         0,   0.403,exact_mw,590a535fae2c18c7445aa3259c8038467453e1d6a10b68541c755b2dcb29eb74,"{""distance"":7,""physical_error_rate"":5e-05}","{""detection_events"":7720,""detectors_checked"":31438848}"
        64,         0,         0,   0.895,exact_mw,a7c002779361d29bb296963a23dd35d34b706f38009a8e2e2f5aee9a5ee0acdb,"{""distance"":7,""physical_error_rate"":0.005}","{""detection_events"":947,""detectors_checked"":38528}"
     53248,         0,         0,   0.549,exact_mw,590a535fae2c18c7445aa3259c8038467453e1d6a10b68541c755b2dcb29eb74,"{""distance"":7,""physical_error_rate"":5e-05}","{""detection_events"":7804,""detectors_checked"":32055296}"
        64,         0,         0,   0.858,exact_mw,a7c002779361d29bb296963a23dd35d34b706f38009a8e2e2f5aee9a5ee0acdb,"{""distance"":7,""physical_error_rate"":0.005}","{""detection_events"":1049,""detectors_checked"":38528}"
     55296,         0,         0,   0.789,exact_mw,590a535fae2c18c7445aa3259c8038467453e1d6a10b68541c755b2dcb29eb74,"{""distance"":7,""physical_error_rate"":5e-05}","{""detection_events"":8262,""detectors_checked"":33288192}"
       128,         0,         0,    1.40,exact_mw,a7c002779361d29bb296963a23dd35d34b706f38009a8e2e2f5aee9a5ee0acdb,"{""distance"":7,""physical_error_rate"":0.005}","{""detection_events"":1829,""detectors_checked"":77056}"
     98304,         0,         0,    1.09,exact_mw,590a535fae2c18c7445aa3259c8038467453e1d6a10b68541c755b2dcb29eb74,"{""distance"":7,""physical_error_rate"":5e-05}","{""detection_events"":14610,""detectors_checked"":59179008}"
         1,         0,         0,   0.023,exact_mw,73653d459d83448bea9c32985aa9fd156ebef5824b05d1ed55d386d98a968072,"{""distance"":7,""physical_error_rate"":0.01}","{""detection_events"":26,""detectors_checked"":602}"
        16,         0,         0,   0.189,exact_mw,73653d459d83448bea9c32985aa9fd156ebef5824b05d1ed55d386d98a968072,"{""distance"":7,""physical_error_rate"":0.01}","{""detection_events"":468,""detectors_checked"":9632}"
         1,         0,         0,   0.014,exact_mw,c5b9b378753080b028cc9d6f4434ddf95ab0a61b3333c7295fd718d5436747fc,"{""distance"":7,""physical_error_rate"":0.0001}","{""detectors_checked"":602}"
      2320,         0,         0,   0.026,exact_mw,c5b9b378753080b028cc9d6f4434ddf95ab0a61b3333c7295fd718d5436747fc,"{""distance"":7,""physical_error_rate"":0.0001}","{""detection_events"":684,""detectors_checked"":1396640}"
         1,         0,         0,   0.014,exact_mw,8973b2281876bd917be29e6214e197de75d185bf3f5e531e264555f10574746e,"{""distance"":7,""physical_error_rate"":0.0005}","{""detection_events"":2,""detectors_checked"":602}"
      1024,         0,         0,   0.020,exact_mw,c5b9b378753080b028cc9d6f4434ddf95ab0a61b3333c7295fd718d5436747fc,"{""distance"":7,""physical_error_rate"":0.0001}","{""detection_events"":257,""detectors_checked"":616448}"
      2048,         0,         0,   0.028,exact_mw,c5b9b378753080b028cc9d6f4434ddf95ab0a61b3333c7295fd718d5436747fc,"{""distance"":7,""physical_error_rate"":0.0001}","{""detection_events"":621,""detectors_checked"":1232896}"
       272,         0,         0,   0.046,exact_mw,8973b2281876bd917be29e6214e197de75d185bf3f5e531e264555f10574746e,"{""distance"":7,""physical_error_rate"":0.0005}","{""detection_events"":381,""detectors_checked"":163744}"
      3072,         0,         0,   0.041,exact_mw,c5b9b378753080b028cc9d6f4434ddf95ab0a61b3333c7295fd718d5436747fc,"{""distance"":7,""physical_error_rate"":0.0001}","{""detection_events"":860,""detectors_checked"":1849344}"
      6144,         0,         0,   0.055,exact_mw,c5b9b378753080b028cc9d6f4434ddf95ab0a61b3333c7295fd718d5436747fc,"{""distance"":7,""physical_error_rate"":0.0001}","{""detection_events"":1789,""detectors_checked"":3698688}"
     10240,         0,         0,   0.075,exact_mw,c5b9b378753080b028cc9d6f4434ddf95ab0a61b3333c7295fd718d5436747fc,"{""distance"":7,""physical_error_rate"":0.0001}","{""detection_events"":3169,""detectors_checked"":6164480}"
      1024,         0,         0,   0.259,exact_mw,8973b2281876bd917be29e6214e197de75d185bf3f5e531e264555f10574746e,"{""distance"":7,""physical_error_rate"":0.0005}","{""detection_events"":1539,""detectors_checked"":616448}"
     12288,         0,         0,   0.107,exact_mw,c5b9b378753080b028cc9d6f4434ddf95ab0a61b3333c7295fd718d5436747fc,"{""distance"":7,""physical_error_rate"":0.0001}","{""detection_events"":3601,""detectors_checked"":7397376}"
        32,         0,         0,   0.664,exact_mw,73653d459d83448bea9c32985aa9fd156ebef5824b05d1ed55d386d98a968072,"{""distance"":7,""physical_error_rate"":0.01}","{""detection_events"":978,""detectors_checked"":19264}"
        64,         0,         0,    1.36,exact_mw,a7c002779361d29bb296963a23dd35d34b706f38009a8e2e2f5aee9a5ee0acdb,"{""distance"":7,""physical_error_rate"":0.005}","{""detection_events"":957,""detectors_checked"":38528}"
     18432,         0,         0,   0.151,exact_mw,c5b9b378753080b028cc9d6f4434ddf95ab0a61b3333c7295fd718d5436747fc,"{""distance"":7,""physical_error_rate"":0.0001}","{""detection_events"":5136,""detectors_checked"":11096064}"
         1,         0,         0,   0.063,exact_mw,6f5489aeee258679dc72a3e249dc8e02f40944f7ca4d24fa31eb242c8075b1b5,"{""distance"":7,""physical_error_rate"":0.05}","{""detection_events"":107,""detectors_checked"":602}"
      1024,         0,         0,   0.230,exact_mw,8973b2281876bd917be29e6214e197de75d185bf3f5e531e264555f10574746e,"{""distance"":7,""physical_error_rate"":0.0005}","{""detection_events"":1535,""detectors_checked"":616448}"
         1,         0,         0,   0.002,exact_mw,f9daf7670c28e8b8b7ac9af8e1984263f26063cb589f7a54f43332f7ce5001d2,"{""distance"":7,""physical_error_rate"":0.002}","{""detection_events"":6,""detectors_checked"":602}"
     26624,         0,         0,   0.206,exact_mw,c5b9b378753080b028cc9d6f4434ddf95ab0a61b3333c7295fd718d5436747fc,"{""distance"":7,""physical_error_rate"":0.0001}","{""detection_events"":7914,""detectors_checked"":16027648}"
         1,         0,         0,   0.024,exact_mw,834abdd41b1b65931acfd3ee091dfffbb9772582814260e519c7dbaf7b14ebec,"{""distance"":7,""physical_error_rate"":0.02}","{""detection_events"":36,""detectors_checked"":602}"
        16,         0,         0,   0.057,exact_mw,f9daf7670c28e8b8b7ac9af8e1984263f26063cb589f7a54f43332f7ce5001d2,"{""distance"":7,""physical_error_rate"":0.002}","{""detection_events"":126,""detectors_checked"":9632}"
    111616,         0,         0,    1.53,exact_mw,590a535fae2c18c7445aa3259c8038467453e1d6a10b68541c755b2dcb29eb74,"{""distance"":7,""physical_error_rate"":5e-05}","{""detection_events"":16734,""detectors_checked"":67192832}"
      1024,         1,         0,   0.184,exact_mw,8973b2281876bd917be29e6214e197de75d185bf3f5e531e264555f10574746e,"{""distance"":7,""physical_error_rate"":0.0005}","{""detection_events"":1643,""detectors_checked"":616448,""obs_mistake_mask=E"":1}"
      1024,         0,         0,   0.130,exact_mw,8973b2281876bd917be29e6214e197de75d185bf3f5e531e264555f10574746e,"{""distance"":7,""physical_error_rate"":0.0005}","{""detection_events"":1442,""detectors_checked"":616448}"
         8,         2,         0,   0.414,exact_mw,6f5489aeee258679dc72a3e249dc8e02f40944f7ca4d24fa31eb242c8075b1b5,"{""distance"":7,""physical_error_rate"":0.05}","{""detection_events"":851,""detectors_checked"":4816,""obs_mistake_mask=E"":2}"
      1024,         0,         0,   0.111,exact_mw,8973b2281876bd917be29e6214e197de75d185bf3f5e531e264555f10574746e,"{""distance"":7,""physical_error_rate"":0.0005}","{""detection_events"":1416,""detectors_checked"":616448}"
     39936,         0,         0,   0.289,exact_mw,c5b9b378753080b028cc9d6f4434ddf95ab0a61b3333c7295fd718d5436747fc,"{""distance"":7,""physical_error_rate"":0.0001}","{""detection_events"":11568,""detectors_checked"":24041472}"
        16,         1,         0,   0.375,exact_mw,834abdd41b1b65931acfd3ee091dfffbb9772582814260e519c7dbaf7b14ebec,"{""distance"":7,""physical_error_rate"":0.02}","{""detection_events"":779,""detectors_checked"":9632,""obs_mistake_mask=E"":1}"
      1024,         0,         0,   0.175,exact_mw,8973b2281876bd917be29e6214e197de75d185bf3f5e531e264555f10574746e,"{""distance"":7,""physical_error_rate"":0.0005}","{""detection_events"":1675,""detectors_checked"":616448}"
       128,         0,         0,   0.484,exact_mw,f9daf7670c28e8b8b7ac9af8e1984263f26063cb589f7a54f43332f7ce5001d2,"{""distance"":7,""physical_error_rate"":0.002}","{""detection_events"":715,""detectors_checked"":77056}"
         1,         0,         0,   0.014,exact_mw,fb98ac5f0d986856d2cb4e87c937a37162f60383230d2323a40d4b2e77ef556c,"{""distance"":7,""physical_error_rate"":0.0002}","{""detection_events"":1,""detectors_checked"":602}"
      1296,         0,         0,   0.026,exact_mw,fb98ac5f0d986856d2cb4e87c937a37162f60383230d2323a40d4b2e77ef556c,"{""distance"":7,""physical_error_rate"":0.0002}","{""detection_events"":731,""detectors_checked"":780192}"
      1024,         0,         0,   0.011,exact_mw,fb98ac5f0d986856d2cb4e87c937a37162f60383230d2323a40d4b2e77ef556c,"{""distance"":7,""physical_error_rate"":0.0002}","{""detection_events"":592,""detectors_checked"":616448}"
      2048,         0,         0,   0.195,exact_mw,8973b2281876bd917be29e6214e197de75d185bf3f5e531e264555f10574746e,"{""distance"":7,""physical_error_rate"":0.0005}","{""detection_events"":2998,""detectors_checked"":1232896}"
      1024,         0,         0,   0.027,exact_mw,fb98ac5f0d986856d2cb4e87c937a37162f60383230d2323a40d4b2e77ef556c,"{""distance"":7,""physical_error_rate"":0.0002}","{""detection_events"":615,""detectors_checked"":616448}"
         1,         0,         0,   0.002,exact_mw,fb98ac5f0d986856d2cb4e87c937a37162f60383230d2323a40d4b2e77ef556c,"{""distance"":7,""physical_error_rate"":0.0002}","{""detectors_checked"":602}"
      1296,         0,         0,   0.022,exact_mw,fb98ac5f0d986856d2cb4e87c937a37162f60383230d2323a40d4b2e77ef556c,"{""distance"":7,""physical_error_rate"":0.0002}","{""detection_events"":791,""detectors_checked"":780192}"
         8,         2,         0,   0.440,exact_mw,6f5489aeee258679dc72a3e249dc8e02f40944f7ca4d24fa31eb242c8075b1b5,"{""distance"":7,""physical_error_rate"":0.05}","{""detection_events"":971,""detectors_checked"":4816,""obs_mistake_mask=E"":2}"
      3072,         0,         0,   0.056,exact_mw,fb98ac5f0d986856d2cb4e87c937a37162f60383230d2323a40d4b2e77ef556c,"{""distance"":7,""physical_error_rate"":0.0002}","{""detection_events"":1886,""detectors_checked"":1849344}"
     52224,         0,         0,   0.413,exact_mw,c5b9b378753080b028cc9d6f4434ddf95ab0a61b3333c7295fd718d5436747fc,"{""distance"":7,""physical_error_rate"":0.0001}","{""detection_events"":15499,""detectors_checked"":31438848}"
      1024,         0,         0,   0.027,exact_mw,fb98ac5f0d986856d2cb4e87c937a37162f60383230d2323a40d4b2e77ef556c,"{""distance"":7,""physical_error_rate"":0.0002}","{""detection_events"":524,""detectors_checked"":616448}"
        16,         0,         0,   0.369,exact_mw,834abdd41b1b65931acfd3ee091dfffbb9772582814260e519c7dbaf7b14ebec,"{""distance"":7,""physical_error_rate"":0.02}","{""detection_events"":781,""detectors_checked"":9632}"
      2048,         0,         0,   0.050,exact_mw,fb98ac5f0d986856d2cb4e87c937a37162f60383230d2323a40d4b2e77ef556c,"{""distance"":7,""physical_error_rate"":0.0002}","{""detection_events"":1224,""detectors_checked"":1232896}"
        32,         0,         0,    1.10,exact_mw,73653d459d83448bea9c32985aa9fd156ebef5824b05d1ed55d386d98a968072,"{""distance"":7,""physical_error_rate"":0.01}","{""detection_events"":818,""detectors_checked"":19264}"
      4096,         0,         0,   0.079,exact_mw,fb98ac5f0d986856d2cb4e87c937a37162f60383230d2323a40d4b2e77ef556c,"{""distance"":7,""physical_error_rate"":0.0002}","{""detection_events"":2399,""detectors_checked"":2465792}"
      2048,         0,         0,   0.050,exact_mw,fb98ac5f0d986856d2cb4e87c937a37162f60383230d2323a40d4b2e77ef556c,"{""distance"":7,""physical_error_rate"":0.0002}","{""detection_events"":1197,""detectors_checked"":1232896}"
      4096,         0,         0,   0.076,exact_mw,fb98ac5f0d986856d2cb4e87c937a37162f60383230d2323a40d4b2e77ef556c,"{""distance"":7,""physical_error_rate"":0.0002}","{""detection_events"":2523,""detectors_checked"":2465792}"
      2048,         0,         0,   0.059,exact_mw,fb98ac5f0d986856d2cb4e87c937a37162f60383230d2323a40d4b2e77ef556c,"{""distance"":7,""physical_error_rate"":0.0002}","{""detection_events"":1166,""detectors_checked"":1232896}"
      2048,         0,         0,   0.249,exact_mw,8973b2281876bd917be29e6214e197de75d185bf3f5e531e264555f10574746e,"{""distance"":7,""physical_error_rate"":0.0005}","{""detection_events"":3124,""detectors_checked"":1232896}"
      5120,         0,         0,   0.108,exact_mw,fb98ac5f0d986856d2cb4e87c937a37162f60383230d2323a40d4b2e77ef556c,"{""distance"":7,""physical_error_rate"":0.0002}","{""detection_events"":3018,""detectors_checked"":3082240}"
      2048,         0,         0,   0.111,exact_mw,fb98ac5f0d986856d2cb4e87c937a37162f60383230d2323a40d4b2e77ef556c,"{""distance"":7,""physical_error_rate"":0.0002}","{""detection_events"":1253,""detectors_checked"":1232896}"
        16,         0,         0,   0.348,exact_mw,834abdd41b1b65931acfd3ee091dfffbb9772582814260e519c7dbaf7b14ebec,"{""distance"":7,""physical_error_rate"":0.02}","{""detection_events"":819,""detectors_checked"":9632}"
         1,         0,         0,   0.044,exact_mw,834abdd41b1b65931acfd3ee091dfffbb9772582814260e519c7dbaf7b14ebec,"{""distance"":7,""physical_error_rate"":0.02}","{""detection_events"":35,""detectors_checked"":602}"
         8,         2,         0,   0.414,exact_mw,6f5489aeee258679dc72a3e249dc8e02f40944f7ca4d24fa31eb242c8075b1b5,"{""distance"":7,""physical_error_rate"":0.05}","{""detection_events"":867,""detectors_checked"":4816,""obs_mistake_mask=E"":2}"
      5120,         0,         0,   0.114,exact_mw,fb98ac5f0d986856d2cb4e87c937a37162f60383230d2323a40d4b2e77ef556c,"{""distance"":7,""physical_error_rate"":0.0002}","{""detection_events"":3088,""detectors_checked"":3082240}"
      3072,         0,         0,   0.163,exact_mw,fb98ac5f0d986856d2cb4e87c937a37162f60383230d2323a40d4b2e77ef556c,"{""distance"":7,""physical_error_rate"":0.0002}","{""detection_events"":1901,""detectors_checked"":1849344}"
        17,         0,         0,   0.015,exact_mw,a17a1dfb4cb0509fbcf9caf9ce6f4704b111f022b15740e51c84c2b7e14a6407,"{""distance"":7,""physical_error_rate"":0.001}","{""detection_events"":53,""detectors_checked"":10234}"
     43008,         0,         0,   0.563,exact_mw,c5b9b378753080b028cc9d6f4434ddf95ab0a61b3333c7295fd718d5436747fc,"{""distance"":7,""physical_error_rate"":0.0001}","{""detection_events"":12387,""detectors_checked"":25890816}"
     12288,         0,         0,   0.137,exact_mw,fb98ac5f0d986856d2cb4e87c937a37162f60383230d2323a40d4b2e77ef556c,"{""distance"":7,""physical_error_rate"":0.0002}","{""detection_events"":7347,""detectors_checked"":7397376}"
      2048,         0,         0,   0.442,exact_mw,8973b2281876bd917be29e6214e197de75d185bf3f5e531e264555f10574746e,"{""distance"":7,""physical_error_rate"":0.0005}","{""detection_events"":3020,""detectors_checked"":1232896}"
         1,         0,         0,   0.013,exact_mw,a7c002779361d29bb296963a23dd35d34b706f38009a8e2e2f5aee9a5ee0acdb,"{""distance"":7,""physical_error_rate"":0.005}","{""detection_events"":16,""detectors_checked"":602}"
      4096,         0,         0,   0.244,exact_mw,fb98ac5f0d986856d2cb4e87c937a37162f60383230d2323a40d4b2e77ef556c,"{""distance"":7,""physical_error_rate"":0.0002}","{""detection_events"":2601,""detectors_checked"":2465792}"
         1,         0,         0,   0.009,exact_mw,c5b9b378753080b028cc9d6f4434ddf95ab0a61b3333c7295fd718d5436747fc,"{""distance"":7,""physical_error_rate"":0.0001}","{""detection_events"":1,""detectors_checked"":602}"
       128,         0,         0,   0.902,exact_mw,f9daf7670c28e8b8b7ac9af8e1984263f26063cb589f7a54f43332f7ce5001d2,"{""distance"":7,""physical_error_rate"":0.002}","{""detection_events"":729,""detectors_checked"":77056}"
         8,         0,         0,   0.327,exact_mw,834abdd41b1b65931acfd3ee091dfffbb9772582814260e519c7dbaf7b14ebec,"{""distance"":7,""physical_error_rate"":0.02}","{""detection_events"":408,""detectors_checked"":4816}"
      1296,         0,         0,   0.016,exact_mw,c5b9b378753080b028cc9d6f4434ddf95ab0a61b3333c7295fd718d5436747fc,"{""distance"":7,""physical_error_rate"":0.0001}","{""detection_events"":323,""detectors_checked"":780192}"
         1,         0,         0,   0.074,exact_mw,c641915013202091ff5a6523ca1acdb371a70207f808e5be7753cd68f2436e97,"{""distance"":7,""physical_error_rate"":0.5}","{""detection_events"":317,""detectors_checked"":602}"
      1024,         0,         0,   0.007,exact_mw,c5b9b378753080b028cc9d6f4434ddf95ab0a61b3333c7295fd718d5436747fc,"{""distance"":7,""physical_error_rate"":0.0001}","{""detection_events"":222,""detectors_checked"":616448}"
       256,         0,         0,   0.302,exact_mw,a17a1dfb4cb0509fbcf9caf9ce6f4704b111f022b15740e51c84c2b7e14a6407,"{""distance"":7,""physical_error_rate"":0.001}","{""detection_events"":781,""detectors_checked"":154112}"
      2048,         0,         0,   0.041,exact_mw,c5b9b378753080b028cc9d6f4434ddf95ab0a61b3333c7295fd718d5436747fc,"{""distance"":7,""physical_error_rate"":0.0001}","{""detection_events"":595,""detectors_checked"":1232896}"
        16,         1,         0,   0.395,exact_mw,834abdd41b1b65931acfd3ee091dfffbb9772582814260e519c7dbaf7b14ebec,"{""distance"":7,""physical_error_rate"":0.02}","{""detection_events"":853,""detectors_checked"":9632,""obs_mistake_mask=E"":1}"
      9216,         0,         0,   0.211,exact_mw,fb98ac5f0d986856d2cb4e87c937a37162f60383230d2323a40d4b2e77ef556c,"{""distance"":7,""physical_error_rate"":0.0002}","{""detection_events"":5691,""detectors_checked"":5548032}"
         8,         2,         0,   0.409,exact_mw,6f5489aeee258679dc72a3e249dc8e02f40944f7ca4d24fa31eb242c8075b1b5,"{""distance"":7,""physical_error_rate"":0.05}","{""detection_events"":932,""detectors_checked"":4816,""obs_mistake_mask=E"":2}"
      2048,         0,         0,   0.044,exact_mw,c5b9b378753080b028cc9d6f4434ddf95ab0a61b3333c7295fd718d5436747fc,"{""distance"":7,""physical_error_rate"":0.0001}","{""detection_events"":594,""detectors_checked"":1232896}"
      3072,         0,         0,   0.058,exact_mw,c5b9b378753080b028cc9d6f4434ddf95ab0a61b3333c7295fd718d5436747fc,"{""distance"":7,""physical_error_rate"":0.0001}","{""detection_events"":969,""detectors_checked"":1849344}"
      7168,         0,         0,   0.264,exact_mw,fb98ac5f0d986856d2cb4e87c937a37162f60383230d2323a40d4b2e77ef556c,"{""distance"":7,""physical_error_rate"":0.0002}","{""detection_events"":4325,""detectors_checked"":4315136}"
         1,         0,         0,   0.014,exact_mw,73653d459d83448bea9c32985aa9fd156ebef5824b05d1ed55d386d98a968072,"{""distance"":7,""physical_error_rate"":0.01}","{""detection_events"":12,""detectors_checked"":602}"
      6144,         0,         0,   0.092,exact_mw,c5b9b378753080b028cc9d6f4434ddf95ab0a61b3333c7295fd718d5436747fc,"{""distance"":7,""physical_error_rate"":0.0001}","{""detection_events"":1898,""detectors_checked"":3698688}"
        16,         0,         0,   0.403,exact_mw,a7c002779361d29bb296963a23dd35d34b706f38009a8e2e2f5aee9a5ee0acdb,"{""distance"":7,""physical_error_rate"":0.005}","{""detection_events"":281,""detectors_checked"":9632}"
     10240,         0,         0,   0.308,exact_mw,fb98ac5f0d986856d2cb4e87c937a37162f60383230d2323a40d4b2e77ef556c,"{""distance"":7,""physical_error_rate"":0.0002}","{""detection_events"":6058,""detectors_checked"":6164480}"
      6144,         0,         0,   0.102,exact_mw,c5b9b378753080b028cc9d6f4434ddf95ab0a61b3333c7295fd718d5436747fc,"{""distance"":7,""physical_error_rate"":0.0001}","{""detection_events"":1892,""detectors_checked"":3698688}"
      4096,         0,         0,   0.466,exact_mw,8973b2281876bd917be29e6214e197de75d185bf3f5e531e264555f10574746e,"{""distance"":7,""physical_error_rate"":0.0005}","{""detection_events"":6045,""detectors_checked"":2465792}"
       256,         0,         0,   0.336,exact_mw,a17a1dfb4cb0509fbcf9caf9ce6f4704b111f022b15740e51c84c2b7e14a6407,"{""distance"":7,""physical_error_rate"":0.001}","{""detection_events"":754,""detectors_checked"":154112}"
         8,         0,         0,   0.412,exact_mw,834abdd41b1b65931acfd3ee091dfffbb9772582814260e519c7dbaf7b14ebec,"{""distance"":7,""physical_error_rate"":0.02}","{""detection_events"":415,""detectors_checked"":4816}"
       192,         0,         0,    2.16,exact_mw,a7c002779361d29bb296963a23dd35d34b706f38009a8e2e2f5aee9a5ee0acdb,"{""distance"":7,""physical_error_rate"":0.005}","{""detection_events"":2843,""detectors_checked"":115584}"
         8,         1,         0,   0.419,exact_mw,6f5489aeee258679dc72a3e249dc8e02f40944f7ca4d24fa31eb242c8075b1b5,"{""distance"":7,""physical_error_rate"":0.05}","{""detection_events"":881,""detectors_checked"":4816,""obs_mistake_mask=E"":1}"
         8,         5,         0,   0.499,exact_mw,c641915013202091ff5a6523ca1acdb371a70207f808e5be7753cd68f2436e97,"{""distance"":7,""physical_error_rate"":0.5}","{""detection_events"":2429,""detectors_checked"":4816,""obs_mistake_mask=E"":5}"
         1,         0,         0,   0.018,exact_mw,f9daf7670c28e8b8b7ac9af8e1984263f26063cb589f7a54f43332f7ce5001d2,"{""distance"":7,""physical_error_rate"":0.002}","{""detection_events"":8,""detectors_checked"":602}"
     10240,         0,         0,   0.161,exact_mw,c5b9b378753080b028cc9d6f4434ddf95ab0a61b3333c7295fd718d5436747fc,"{""distance"":7,""physical_error_rate"":0.0001}","{""detection_events"":3016,""detectors_checked"":6164480}"
        16,         0,         0,   0.058,exact_mw,f9daf7670c28e8b8b7ac9af8e1984263f26063cb589f7a54f43332f7ce5001d2,"{""distance"":7,""physical_error_rate"":0.002}","{""detection_events"":111,""detectors_checked"":9632}"
       256,         0,         0,   0.242,exact_mw,a17a1dfb4cb0509fbcf9caf9ce6f4704b111f022b15740e51c84c2b7e14a6407,"{""distance"":7,""physical_error_rate"":0.001}","{""detection_events"":782,""detectors_checked"":154112}"
       128,         0,         0,   0.656,exact_mw,f9daf7670c28e8b8b7ac9af8e1984263f26063cb589f7a54f43332f7ce5001d2,"{""distance"":7,""physical_error_rate"":0.002}","{""detection_events"":593,""detectors_checked"":77056}"
     37888,         0,         0,   0.769,exact_mw,c5b9b378753080b028cc9d6f4434ddf95ab0a61b3333c7295fd718d5436747fc,"{""distance"":7,""physical_error_rate"":0.0001}","{""detection_events"":10933,""detectors_checked"":22808576}"
        32,         0,         0,    1.33,exact_mw,73653d459d83448bea9c32985aa9fd156ebef5824b05d1ed55d386d98a968072,"{""distance"":7,""physical_error_rate"":0.01}","{""detection_events"":784,""detectors_checked"":19264}"
     12288,         0,         0,   0.429,exact_mw,fb98ac5f0d986856d2cb4e87c937a37162f60383230d2323a40d4b2e77ef556c,"{""distance"":7,""physical_error_rate"":0.0002}","{""detection_events"":7140,""detectors_checked"":7397376}"
        16,         0,         0,   0.481,exact_mw,73653d459d83448bea9c32985aa9fd156ebef5824b05d1ed55d386d98a968072,"{""distance"":7,""physical_error_rate"":0.01}","{""detection_events"":454,""detectors_checked"":9632}"
        16,         0,         0,   0.704,exact_mw,834abdd41b1b65931acfd3ee091dfffbb9772582814260e519c7dbaf7b14ebec,"{""distance"":7,""physical_error_rate"":0.02}","{""detection_events"":784,""detectors_checked"":9632}"
     13312,         0,         0,   0.215,exact_mw,c5b9b378753080b028cc9d6f4434ddf95ab0a61b3333c7295fd718d5436747fc,"{""distance"":7,""physical_error_rate"":0.0001}","{""detection_events"":3923,""detectors_checked"":8013824}"
         8,         0,         0,   0.313,exact_mw,834abdd41b1b65931acfd3ee091dfffbb9772582814260e519c7dbaf7b14ebec,"{""distance"":7,""physical_error_rate"":0.02}","{""detection_events"":355,""detectors_checked"":4816}"
        16,         0,         0,   0.428,exact_mw,a7c002779361d29bb296963a23dd35d34b706f38009a8e2e2f5aee9a5ee0acdb,"{""distance"":7,""physical_error_rate"":0.005}","{""detection_events"":213,""detectors_checked"":9632}"
         1,         0,         0,   0.033,exact_mw,834abdd41b1b65931acfd3ee091dfffbb9772582814260e519c7dbaf7b14ebec,"{""distance"":7,""physical_error_rate"":0.02}","{""detection_events"":60,""detectors_checked"":602}"
    143360,         0,         0,    2.17,exact_mw,590a535fae2c18c7445aa3259c8038467453e1d6a10b68541c755b2dcb29eb74,"{""distance"":7,""physical_error_rate"":5e-05}","{""detection_events"":21356,""detectors_checked"":86302720}"
     15360,         0,         0,   0.426,exact_mw,fb98ac5f0d986856d2cb4e87c937a37162f60383230d2323a40d4b2e77ef556c,"{""distance"":7,""physical_error_rate"":0.0002}","{""detection_events"":8733,""detectors_checked"":9246720}"
         1,         1,         0,   0.050,exact_mw,6f5489aeee258679dc72a3e249dc8e02f40944f7ca4d24fa31eb242c8075b1b5,"{""distance"":7,""physical_error_rate"":0.05}","{""detection_events"":123,""detectors_checked"":602,""obs_mistake_mask=E"":1}"
         1,         0,         0,   0.017,exact_mw,a7c002779361d29bb296963a23dd35d34b706f38009a8e2e2f5aee9a5ee0acdb,"{""distance"":7,""physical_error_rate"":0.005}","{""detection_events"":19,""detectors_checked"":602}"
         8,         5,         0,   0.384,exact_mw,6f5489aeee258679dc72a3e249dc8e02f40944f7ca4d24fa31eb242c8075b1b5,"{""distance"":7,""physical_error_rate"":0.05}","{""detection_events"":904,""detectors_checked"":4816,""obs_mistake_mask=E"":5}"
       512,         0,         0,   0.372,exact_mw,a17a1dfb4cb0509fbcf9caf9ce6f4704b111f022b15740e51c84c2b7e14a6407,"{""distance"":7,""physical_error_rate"":0.001}","{""detection_events"":1455,""detectors_checked"":308224}"
         8,         5,         0,   0.501,exact_mw,c641915013202091ff5a6523ca1acdb371a70207f808e5be7753cd68f2436e97,"{""distance"":7,""physical_error_rate"":0.5}","{""detection_events"":2411,""detectors_checked"":4816,""obs_mistake_mask=E"":5}"
      4096,         0,         0,   0.648,exact_mw,8973b2281876bd917be29e6214e197de75d185bf3f5e531e264555f10574746e,"{""distance"":7,""physical_error_rate"":0.0005}","{""detection_events"":5905,""detectors_checked"":2465792}"
     21504,         0,         0,   0.306,exact_mw,c5b9b378753080b028cc9d6f4434ddf95ab0a61b3333c7295fd718d5436747fc,"{""distance"":7,""physical_error_rate"":0.0001}","{""detection_events"":6457,""detectors_checked"":12945408}"
         8,         1,         0,   0.321,exact_mw,834abdd41b1b65931acfd3ee091dfffbb9772582814260e519c7dbaf7b14ebec,"{""distance"":7,""physical_error_rate"":0.02}","{""detection_events"":418,""detectors_checked"":4816,""obs_mistake_mask=E"":1}"
       128,         0,         0,   0.509,exact_mw,f9daf7670c28e8b8b7ac9af8e1984263f26063cb589f7a54f43332f7ce5001d2,"{""distance"":7,""physical_error_rate"":0.002}","{""detection_events"":799,""detectors_checked"":77056}"
        16,         0,         0,   0.310,exact_mw,a7c002779361d29bb296963a23dd35d34b706f38009a8e2e2f5aee9a5ee0acdb,"{""distance"":7,""physical_error_rate"":0.005}","{""detection_events"":245,""detectors_checked"":9632}"
        16,         0,         0,   0.382,exact_mw,a7c002779361d29bb296963a23dd35d34b706f38009a8e2e2f5aee9a5ee0acdb,"{""distance"":7,""physical_error_rate"":0.005}","{""detection_events"":197,""detectors_checked"":9632}"
         8,         1,         0,   0.386,exact_mw,6f5489aeee258679dc72a3e249dc8e02f40944f7ca4d24fa31eb242c8075b1b5,"{""distance"":7,""physical_error_rate"":0.05}","{""detection_events"":870,""detectors_checked"":4816,""obs_mistake_mask=E"":1}"
        16,         1,         0,   0.539,exact_mw,73653d459d83448bea9c32985aa9fd156ebef5824b05d1ed55d386d98a968072,"{""distance"":7,""physical_error_rate"":0.01}","{""detection_events"":444,""detectors_checked"":9632,""obs_mistake_mask=E"":1}"
         1,         0,         0,   0.015,exact_mw,a17a1dfb4cb0509fbcf9caf9ce6f4704b111f022b15740e51c84c2b7e14a6407,"{""distance"":7,""physical_error_rate"":0.001}","{""detection_events"":4,""detectors_checked"":602}"
         1,         0,         0,   0.013,exact_mw,a17a1dfb4cb0509fbcf9caf9ce6f4704b111f022b15740e51c84c2b7e14a6407,"{""distance"":7,""physical_error_rate"":0.001}","{""detection_events"":9,""detectors_checked"":602}"
        16,         0,         0,   0.475,exact_mw,73653d459d83448bea9c32985aa9fd156ebef5824b05d1ed55d386d98a968072,"{""distance"":7,""physical_error_rate"":0.01}","{""detection_events"":436,""detectors_checked"":9632}"
        16,         0,         0,   0.021,exact_mw,a17a1dfb4cb0509fbcf9caf9ce6f4704b111f022b15740e51c84c2b7e14a6407,"{""distance"":7,""physical_error_rate"":0.001}","{""detection_events"":48,""detectors_checked"":9632}"
         1,         0,         0,   0.056,exact_mw,c641915013202091ff5a6523ca1acdb371a70207f808e5be7753cd68f2436e97,"{""distance"":7,""physical_error_rate"":0.5}","{""detection_events"":284,""detectors_checked"":602}"
         1,         0,         0,   0.001,exact_mw,590a535fae2c18c7445aa3259c8038467453e1d6a10b68541c755b2dcb29eb74,"{""distance"":7,""physical_error_rate"":5e-05}","{""detectors_checked"":602}"
         1,         0,         0,   0.054,exact_mw,eaf6c0e366ca4ef858d4f05f9aa5827b452e47c06da5214dd4b433059c5f6ad5,"{""distance"":7,""physical_error_rate"":0.2}","{""detection_events"":245,""detectors_checked"":602}"
         8,         2,         0,   0.379,exact_mw,6f5489aeee258679dc72a3e249dc8e02f40944f7ca4d24fa31eb242c8075b1b5,"{""distance"":7,""physical_error_rate"":0.05}","{""detection_events"":965,""detectors_checked"":4816,""obs_mistake_mask=E"":2}"
         1,         0,         0,   0.062,exact_mw,eaf6c0e366ca4ef858d4f05f9aa5827b452e47c06da5214dd4b433059c5f6ad5,"{""distance"":7,""physical_error_rate"":0.2}","{""detection_events"":238,""detectors_checked"":602}"
      2320,         0,         0,   0.024,exact_mw,590a535fae2c18c7445aa3259c8038467453e1d6a10b68541c755b2dcb29eb74,"{""distance"":7,""physical_error_rate"":5e-05}","{""detection_events"":331,""detectors_checked"":1396640}"
     19456,         0,         0,   0.610,exact_mw,fb98ac5f0d986856d2cb4e87c937a37162f60383230d2323a40d4b2e77ef556c,"{""distance"":7,""physical_error_rate"":0.0002}","{""detection_events"":11419,""detectors_checked"":11712512}"
        17,         0,         0,   0.010,exact_mw,a17a1dfb4cb0509fbcf9caf9ce6f4704b111f022b15740e51c84c2b7e14a6407,"{""distance"":7,""physical_error_rate"":0.001}","{""detection_events"":67,""detectors_checked"":10234}"
         1,         0,         0,   0.051,exact_mw,eaf6c0e366ca4ef858d4f05f9aa5827b452e47c06da5214dd4b433059c5f6ad5,"{""distance"":7,""physical_error_rate"":0.2}","{""detection_events"":259,""detectors_checked"":602}"
      1024,         0,         0,   0.027,exact_mw,590a535fae2c18c7445aa3259c8038467453e1d6a10b68541c755b2dcb29eb74,"{""distance"":7,""physical_error_rate"":5e-05}","{""detection_events"":132,""detectors_checked"":616448}"
      3072,         0,         0,   0.033,exact_mw,590a535fae2c18c7445aa3259c8038467453e1d6a10b68541c755b2dcb29eb74,"{""distance"":7,""physical_error_rate"":5e-05}","{""detection_events"":456,""detectors_checked"":1849344}"
         8,         3,         0,   0.265,exact_mw,834abdd41b1b65931acfd3ee091dfffbb9772582814260e519c7dbaf7b14ebec,"{""distance"":7,""physical_error_rate"":0.02}","{""detection_events"":405,""detectors_checked"":4816,""obs_mistake_mask=E"":3}"
         1,         1,         0,   0.048,exact_mw,0f36ab2f416ea2e248dded4e100ad4e56c6bc9d6a288fc2b58a364b6cb3b9030,"{""distance"":7,""physical_error_rate"":0.1}","{""detection_events"":194,""detectors_checked"":602,""obs_mistake_mask=E"":1}"
     24576,         0,         0,   0.581,exact_mw,fb98ac5f0d986856d2cb4e87c937a37162f60383230d2323a40d4b2e77ef556c,"{""distance"":7,""physical_error_rate"":0.0002}","{""detection_events"":14386,""detectors_checked"":14794752}"
       512,         0,         0,   0.386,exact_mw,a17a1dfb4cb0509fbcf9caf9ce6f4704b111f022b15740e51c84c2b7e14a6407,"{""distance"":7,""physical_error_rate"":0.001}","{""detection_events"":1487,""detectors_checked"":308224}"
        16,         0,         0,   0.637,exact_mw,834abdd41b1b65931acfd3ee091dfffbb9772582814260e519c7dbaf7b14ebec,"{""distance"":7,""physical_error_rate"":0.02}","{""detection_events"":842,""detectors_checked"":9632}"
      2048,         0,         0,   0.029,exact_mw,590a535fae2c18c7445aa3259c8038467453e1d6a10b68541c755b2dcb29eb74,"{""distance"":7,""physical_error_rate"":5e-05}","{""detection_events"":345,""detectors_checked"":1232896}"
       272,         0,         0,   0.217,exact_mw,a17a1dfb4cb0509fbcf9caf9ce6f4704b111f022b15740e51c84c2b7e14a6407,"{""distance"":7,""physical_error_rate"":0.001}","{""detection_events"":792,""detectors_checked"":163744}"
         1,         0,         0,   0.011,exact_mw,8973b2281876bd917be29e6214e197de75d185bf3f5e531e264555f10574746e,"{""distance"":7,""physical_error_rate"":0.0005}","{""detectors_checked"":602}"
        16,         0,         0,   0.293,exact_mw,a7c002779361d29bb296963a23dd35d34b706f38009a8e2e2f5aee9a5ee0acdb,"{""distance"":7,""physical_error_rate"":0.005}","{""detection_events"":259,""detectors_checked"":9632}"
       256,         0,         0,   0.205,exact_mw,a17a1dfb4cb0509fbcf9caf9ce6f4704b111f022b15740e51c84c2b7e14a6407,"{""distance"":7,""physical_error_rate"":0.001}","{""detection_events"":759,""detectors_checked"":154112}"
      5120,         0,         0,   0.059,exact_mw,590a535fae2c18c7445aa3259c8038467453e1d6a10b68541c755b2dcb29eb74,"{""distance"":7,""physical_error_rate"":5e-05}","{""detection_events"":787,""detectors_checked"":3082240}"
         8,         5,         0,   0.439,exact_mw,c641915013202091ff5a6523ca1acdb371a70207f808e5be7753cd68f2436e97,"{""distance"":7,""physical_error_rate"":0.5}","{""detection_events"":2379,""detectors_checked"":4816,""obs_mistake_mask=E"":5}"
       128,         0,         0,   0.830,exact_mw,f9daf7670c28e8b8b7ac9af8e1984263f26063cb589f7a54f43332f7ce5001d2,"{""distance"":7,""physical_error_rate"":0.002}","{""detection_events"":772,""detectors_checked"":77056}"
         1,         0,         0,   0.041,exact_mw,834abdd41b1b65931acfd3ee091dfffbb9772582814260e519c7dbaf7b14ebec,"{""distance"":7,""physical_error_rate"":0.02}","{""detection_events"":52,""detectors_checked"":602}"
        16,         1,         0,   0.702,exact_mw,834abdd41b1b65931acfd3ee091dfffbb9772582814260e519c7dbaf7b14ebec,"{""distance"":7,""physical_error_rate"":0.02}","{""detection_events"":832,""detectors_checked"":9632,""obs_mistake_mask=E"":1}"
        16,         0,         0,   0.304,exact_mw,a7c002779361d29bb296963a23dd35d34b706f38009a8e2e2f5aee9a5ee0acdb,"{""distance"":7,""physical_error_rate"":0.005}","{""detection_events"":246,""detectors_checked"":9632}"
     29696,         0,         0,   0.403,exact_mw,c5b9b378753080b028cc9d6f4434ddf95ab0a61b3333c7295fd718d5436747fc,"{""distance"":7,""physical_error_rate"":0.0001}","{""detection_events"":8773,""detectors_checked"":17876992}"
       272,         0,         0,   0.074,exact_mw,8973b2281876bd917be29e6214e197de75d185bf3f5e531e264555f10574746e,"{""distance"":7,""physical_error_rate"":0.0005}","{""detection_events"":464,""detectors_checked"":163744}"
         1,         0,         0,   0.048,exact_mw,0f36ab2f416ea2e248dded4e100ad4e56c6bc9d6a288fc2b58a364b6cb3b9030,"{""distance"":7,""physical_error_rate"":0.1}","{""detection_events"":183,""detectors_checked"":602}"
         1,         0,         0,   0.032,exact_mw,0f36ab2f416ea2e248dded4e100ad4e56c6bc9d6a288fc2b58a364b6cb3b9030,"{""distance"":7,""physical_error_rate"":0.1}","{""detection_events"":194,""detectors_checked"":602}"
         1,         1,         0,   0.046,exact_mw,0f36ab2f416ea2e248dded4e100ad4e56c6bc9d6a288fc2b58a364b6cb3b9030,"{""distance"":7,""physical_error_rate"":0.1}","{""detection_events"":182,""detectors_checked"":602,""obs_mistake_mask=E"":1}"
        16,         0,         0,   0.322,exact_mw,73653d459d83448bea9c32985aa9fd156ebef5824b05d1ed55d386d98a968072,"{""distance"":7,""physical_error_rate"":0.01}","{""detection_events"":434,""detectors_checked"":9632}"
      6144,         0,         0,   0.075,exact_mw,590a535fae2c18c7445aa3259c8038467453e1d6a10b68541c755b2dcb29eb74,"{""distance"":7,""physical_error_rate"":5e-05}","{""detection_events"":880,""detectors_checked"":3698688}"
         8,         1,         0,   0.365,exact_mw,6f5489aeee258679dc72a3e249dc8e02f40944f7ca4d24fa31eb242c8075b1b5,"{""distance"":7,""physical_error_rate"":0.05}","{""detection_events"":926,""detectors_checked"":4816,""obs_mistake_mask=E"":1}"
       256,         0,         0,   0.307,exact_mw,a17a1dfb4cb0509fbcf9caf9ce6f4704b111f022b15740e51c84c2b7e14a6407,"{""distance"":7,""physical_error_rate"":0.001}","{""detection_events"":782,""detectors_checked"":154112}"
         8,         2,         0,   0.355,exact_mw,6f5489aeee258679dc72a3e249dc8e02f40944f7ca4d24fa31eb242c8075b1b5,"{""distance"":7,""physical_error_rate"":0.05}","{""detection_events"":884,""detectors_checked"":4816,""obs_mistake_mask=E"":2}"
      9216,         0,         0,   0.103,exact_mw,590a535fae2c18c7445aa3259c8038467453e1d6a10b68541c755b2dcb29eb74,"{""distance"":7,""physical_error_rate"":5e-05}","{""detection_events"":1328,""detectors_checked"":5548032}"
       128,         0,         0,   0.559,exact_mw,f9daf7670c28e8b8b7ac9af8e1984263f26063cb589f7a54f43332f7ce5001d2,"{""distance"":7,""physical_error_rate"":0.002}","{""detection_events"":735,""detectors_checked"":77056}"
        16,         0,         0,   0.444,exact_mw,73653d459d83448bea9c32985aa9fd156ebef5824b05d1ed55d386d98a968072,"{""distance"":7,""physical_error_rate"":0.01}","{""detection_events"":460,""detectors_checked"":9632}"
      1024,         0,         0,   0.161,exact_mw,8973b2281876bd917be29e6214e197de75d185bf3f5e531e264555f10574746e,"{""distance"":7,""physical_error_rate"":0.0005}","{""detection_events"":1556,""detectors_checked"":616448}"
         8,         7,         0,   0.425,exact_mw,c641915013202091ff5a6523ca1acdb371a70207f808e5be7753cd68f2436e97,"{""distance"":7,""physical_error_rate"":0.5}","{""detection_events"":2441,""detectors_checked"":4816,""obs_mistake_mask=E"":7}"
         8,         3,         0,   0.434,exact_mw,eaf6c0e366ca4ef858d4f05f9aa5827b452e47c06da5214dd4b433059c5f6ad5,"{""distance"":7,""physical_error_rate"":0.2}","{""detection_events"":1991,""detectors_checked"":4816,""obs_mistake_mask=E"":3}"
      1297,         0,         0,   0.011,exact_mw,c5b9b378753080b028cc9d6f4434ddf95ab0a61b3333c7295fd718d5436747fc,"{""distance"":7,""physical_error_rate"":0.0001}","{""detection_events"":350,""detectors_checked"":780794}"
      2048,         0,         0,   0.026,exact_mw,c5b9b378753080b028cc9d6f4434ddf95ab0a61b3333c7295fd718d5436747fc,"{""distance"":7,""physical_error_rate"":0.0001}","{""detection_events"":619,""detectors_checked"":1232896}"
     64512,         0,         0,    1.11,exact_mw,c5b9b378753080b028cc9d6f4434ddf95ab0a61b3333c7295fd718d5436747fc,"{""distance"":7,""physical_error_rate"":0.0001}","{""detection_events"":19181,""detectors_checked"":38836224}"
      1024,         0,         0,   0.007,exact_mw,c5b9b378753080b028cc9d6f4434ddf95ab0a61b3333c7295fd718d5436747fc,"{""distance"":7,""physical_error_rate"":0.0001}","{""detection_events"":308,""detectors_checked"":616448}"
         1,         0,         0,   0.013,exact_mw,8973b2281876bd917be29e6214e197de75d185bf3f5e531e264555f10574746e,"{""distance"":7,""physical_error_rate"":0.0005}","{""detectors_checked"":602}"
       512,         0,         0,   0.379,exact_mw,a17a1dfb4cb0509fbcf9caf9ce6f4704b111f022b15740e51c84c2b7e14a6407,"{""distance"":7,""physical_error_rate"":0.001}","{""detection_events"":1515,""detectors_checked"":308224}"
       272,         0,         0,   0.023,exact_mw,8973b2281876bd917be29e6214e197de75d185bf3f5e531e264555f10574746e,"{""distance"":7,""physical_error_rate"":0.0005}","{""detection_events"":390,""detectors_checked"":163744}"
        16,         0,         0,   0.304,exact_mw,a7c002779361d29bb296963a23dd35d34b706f38009a8e2e2f5aee9a5ee0acdb,"{""distance"":7,""physical_error_rate"":0.005}","{""detection_events"":213,""detectors_checked"":9632}"
       273,         0,         0,   0.004,exact_mw,c5b9b378753080b028cc9d6f4434ddf95ab0a61b3333c7295fd718d5436747fc,"{""distance"":7,""physical_error_rate"":0.0001}","{""detection_events"":93,""detectors_checked"":164346}"
         8,         5,         0,   0.416,exact_mw,0f36ab2f416ea2e248dded4e100ad4e56c6bc9d6a288fc2b58a364b6cb3b9030,"{""distance"":7,""physical_error_rate"":0.1}","{""detection_events"":1387,""detectors_checked"":4816,""obs_mistake_mask=E"":5}"
      2048,         0,         0,   0.029,exact_mw,c5b9b378753080b028cc9d6f4434ddf95ab0a61b3333c7295fd718d5436747fc,"{""distance"":7,""physical_error_rate"":0.0001}","{""detection_events"":680,""detectors_checked"":1232896}"
      1024,         0,         0,   0.116,exact_mw,8973b2281876bd917be29e6214e197de75d185bf3f5e531e264555f10574746e,"{""distance"":7,""physical_error_rate"":0.0005}","{""detection_events"":1409,""detectors_checked"":616448}"
     12288,         0,         0,   0.150,exact_mw,590a535fae2c18c7445aa3259c8038467453e1d6a10b68541c755b2dcb29eb74,"{""distance"":7,""physical_error_rate"":5e-05}","{""detection_events"":1949,""detectors_checked"":7397376}"
       512,         0,         0,   0.357,exact_mw,a17a1dfb4cb0509fbcf9caf9ce6f4704b111f022b15740e51c84c2b7e14a6407,"{""distance"":7,""physical_error_rate"":0.001}","{""detection_events"":1532,""detectors_checked"":308224}"
         1,         1,         0,   0.057,exact_mw,6f5489aeee258679dc72a3e249dc8e02f40944f7ca4d24fa31eb242c8075b1b5,"{""distance"":7,""physical_error_rate"":0.05}","{""detection_events"":124,""detectors_checked"":602,""obs_mistake_mask=E"":1}"
      2048,         0,         0,   0.030,exact_mw,c5b9b378753080b028cc9d6f4434ddf95ab0a61b3333c7295fd718d5436747fc,"{""distance"":7,""physical_error_rate"":0.0001}","{""detection_events"":586,""detectors_checked"":1232896}"
      2048,         0,         0,   0.040,exact_mw,c5b9b378753080b028cc9d6f4434ddf95ab0a61b3333c7295fd718d5436747fc,"{""distance"":7,""physical_error_rate"":0.0001}","{""detection_events"":569,""detectors_checked"":1232896}"
         8,         0,         0,   0.531,exact_mw,eaf6c0e366ca4ef858d4f05f9aa5827b452e47c06da5214dd4b433059c5f6ad5,"{""distance"":7,""physical_error_rate"":0.2}","{""detection_events"":1927,""detectors_checked"":4816}"
         1,         0,         0,   0.011,exact_mw,f9daf7670c28e8b8b7ac9af8e1984263f26063cb589f7a54f43332f7ce5001d2,"{""distance"":7,""physical_error_rate"":0.002}","{""detection_events"":1,""detectors_checked"":602}"
      2048,         0,         0,   0.026,exact_mw,c5b9b378753080b028cc9d6f4434ddf95ab0a61b3333c7295fd718d5436747fc,"{""distance"":7,""physical_error_rate"":0.0001}","{""detection_events"":609,""detectors_checked"":1232896}"
         8,         4,         0,   0.412,exact_mw,c641915013202091ff5a6523ca1acdb371a70207f808e5be7753cd68f2436e97,"{""distance"":7,""physical_error_rate"":0.5}","{""detection_events"":2387,""detectors_checked"":4816,""obs_mistake_mask=E"":4}"
         1,         0,         0,   0.009,exact_mw,fb98ac5f0d986856d2cb4e87c937a37162f60383230d2323a40d4b2e77ef556c,"{""distance"":7,""physical_error_rate"":0.0002}","{""detectors_checked"":602}"
       256,         0,         0,   0.275,exact_mw,a17a1dfb4cb0509fbcf9caf9ce6f4704b111f022b15740e51c84c2b7e14a6407,"{""distance"":7,""physical_error_rate"":0.001}","{""detection_events"":779,""detectors_checked"":154112}"
      2048,         0,         0,   0.029,exact_mw,c5b9b378753080b028cc9d6f4434ddf95ab0a61b3333c7295fd718d5436747fc,"{""distance"":7,""physical_error_rate"":0.0001}","{""detection_events"":603,""detectors_checked"":1232896}"
       272,         0,         0,   0.005,exact_mw,fb98ac5f0d986856d2cb4e87c937a37162f60383230d2323a40d4b2e77ef556c,"{""distance"":7,""physical_error_rate"":0.0002}","{""detection_events"":172,""detectors_checked"":163744}"
      5120,         0,         0,   0.054,exact_mw,c5b9b378753080b028cc9d6f4434ddf95ab0a61b3333c7295fd718d5436747fc,"{""distance"":7,""physical_error_rate"":0.0001}","{""detection_events"":1535,""detectors_checked"":3082240}"
      1024,         0,         0,   0.110,exact_mw,8973b2281876bd917be29e6214e197de75d185bf3f5e531e264555f10574746e,"{""distance"":7,""physical_error_rate"":0.0005}","{""detection_events"":1550,""detectors_checked"":616448}"
         8,         2,         0,   0.356,exact_mw,6f5489aeee258679dc72a3e249dc8e02f40944f7ca4d24fa31eb242c8075b1b5,"{""distance"":7,""physical_error_rate"":0.05}","{""detection_events"":907,""detectors_checked"":4816,""obs_mistake_mask=E"":2}"
         8,         3,         0,   0.380,exact_mw,0f36ab2f416ea2e248dded4e100ad4e56c6bc9d6a288fc2b58a364b6cb3b9030,"{""distance"":7,""physical_error_rate"":0.1}","{""detection_events"":1358,""detectors_checked"":4816,""obs_mistake_mask=E"":3}"
      1024,         0,         0,   0.122,exact_mw,8973b2281876bd917be29e6214e197de75d185bf3f5e531e264555f10574746e,"{""distance"":7,""physical_error_rate"":0.0005}","{""detection_events"":1461,""detectors_checked"":616448}"
      6144,         0,         0,   0.909,exact_mw,8973b2281876bd917be29e6214e197de75d185bf3f5e531e264555f10574746e,"{""distance"":7,""physical_error_rate"":0.0005}","{""detection_events"":9206,""detectors_checked"":3698688}"
        16,         0,         0,   0.389,exact_mw,73653d459d83448bea9c32985aa9fd156ebef5824b05d1ed55d386d98a968072,"{""distance"":7,""physical_error_rate"":0.01}","{""detection_events"":489,""detectors_checked"":9632}"
         8,         0,         0,   0.462,exact_mw,834abdd41b1b65931acfd3ee091dfffbb9772582814260e519c7dbaf7b14ebec,"{""distance"":7,""physical_error_rate"":0.02}","{""detection_events"":346,""detectors_checked"":4816}"
        16,         0,         0,   0.094,exact_mw,f9daf7670c28e8b8b7ac9af8e1984263f26063cb589f7a54f43332f7ce5001d2,"{""distance"":7,""physical_error_rate"":0.002}","{""detection_events"":107,""detectors_checked"":9632}"
        32,         0,         0,   0.495,exact_mw,a7c002779361d29bb296963a23dd35d34b706f38009a8e2e2f5aee9a5ee0acdb,"{""distance"":7,""physical_error_rate"":0.005}","{""detection_events"":481,""detectors_checked"":19264}"
      4096,         0,         0,   0.057,exact_mw,c5b9b378753080b028cc9d6f4434ddf95ab0a61b3333c7295fd718d5436747fc,"{""distance"":7,""physical_error_rate"":0.0001}","{""detection_events"":1208,""detectors_checked"":2465792}"
      1024,         0,         0,   0.065,exact_mw,fb98ac5f0d986856d2cb4e87c937a37162f60383230d2323a40d4b2e77ef556c,"{""distance"":7,""physical_error_rate"":0.0002}","{""detection_events"":616,""detectors_checked"":616448}"
         8,         5,         0,   0.406,exact_mw,0f36ab2f416ea2e248dded4e100ad4e56c6bc9d6a288fc2b58a364b6cb3b9030,"{""distance"":7,""physical_error_rate"":0.1}","{""detection_events"":1436,""detectors_checked"":4816,""obs_mistake_mask=E"":5}"
        16,         4,         0,   0.588,exact_mw,834abdd41b1b65931acfd3ee091dfffbb9772582814260e519c7dbaf7b14ebec,"{""distance"":7,""physical_error_rate"":0.02}","{""detection_events"":861,""detectors_checked"":9632,""obs_mistake_mask=E"":4}"
      6144,         0,         0,   0.064,exact_mw,c5b9b378753080b028cc9d6f4434ddf95ab0a61b3333c7295fd718d5436747fc,"{""distance"":7,""physical_error_rate"":0.0001}","{""detection_events"":1780,""detectors_checked"":3698688}"
      2048,         0,         0,   0.031,exact_mw,fb98ac5f0d986856d2cb4e87c937a37162f60383230d2323a40d4b2e77ef556c,"{""distance"":7,""physical_error_rate"":0.0002}","{""detection_events"":1195,""detectors_checked"":1232896}"
         8,         2,         0,   0.355,exact_mw,6f5489aeee258679dc72a3e249dc8e02f40944f7ca4d24fa31eb242c8075b1b5,"{""distance"":7,""physical_error_rate"":0.05}","{""detection_events"":928,""detectors_checked"":4816,""obs_mistake_mask=E"":2}"
      4096,         0,         0,   0.053,exact_mw,c5b9b378753080b028cc9d6f4434ddf95ab0a61b3333c7295fd718d5436747fc,"{""distance"":7,""physical_error_rate"":0.0001}","{""detection_events"":1219,""detectors_checked"":2465792}"
        16,         0,         0,   0.624,exact_mw,834abdd41b1b65931acfd3ee091dfffbb9772582814260e519c7dbaf7b14ebec,"{""distance"":7,""physical_error_rate"":0.02}","{""detection_events"":896,""detectors_checked"":9632}"
     17408,         0,         0,   0.225,exact_mw,590a535fae2c18c7445aa3259c8038467453e1d6a10b68541c755b2dcb29eb74,"{""distance"":7,""physical_error_rate"":5e-05}","{""detection_events"":2575,""detectors_checked"":10479616}"
      1024,         0,         0,   0.030,exact_mw,fb98ac5f0d986856d2cb4e87c937a37162f60383230d2323a40d4b2e77ef556c,"{""distance"":7,""physical_error_rate"":0.0002}","{""detection_events"":590,""detectors_checked"":616448}"
       512,         0,         0,   0.612,exact_mw,a17a1dfb4cb0509fbcf9caf9ce6f4704b111f022b15740e51c84c2b7e14a6407,"{""distance"":7,""physical_error_rate"":0.001}","{""detection_events"":1604,""detectors_checked"":308224}"
         1,         1,         0,   0.035,exact_mw,c641915013202091ff5a6523ca1acdb371a70207f808e5be7753cd68f2436e97,"{""distance"":7,""physical_error_rate"":0.5}","{""detection_events"":280,""detectors_checked"":602,""obs_mistake_mask=E"":1}"
      1024,         0,         0,   0.134,exact_mw,8973b2281876bd917be29e6214e197de75d185bf3f5e531e264555f10574746e,"{""distance"":7,""physical_error_rate"":0.0005}","{""detection_events"":1468,""detectors_checked"":616448}"
     41984,         0,         0,   0.569,exact_mw,c5b9b378753080b028cc9d6f4434ddf95ab0a61b3333c7295fd718d5436747fc,"{""distance"":7,""physical_error_rate"":0.0001}","{""detection_events"":12442,""detectors_checked"":25274368}"
       128,         0,         0,   0.586,exact_mw,f9daf7670c28e8b8b7ac9af8e1984263f26063cb589f7a54f43332f7ce5001d2,"{""distance"":7,""physical_error_rate"":0.002}","{""detection_events"":771,""detectors_checked"":77056}"
         1,         0,         0,   0.041,exact_mw,6f5489aeee258679dc72a3e249dc8e02f40944f7ca4d24fa31eb242c8075b1b5,"{""distance"":7,""physical_error_rate"":0.05}","{""detection_events"":92,""detectors_checked"":602}"
      7168,         0,         0,   0.126,exact_mw,c5b9b378753080b028cc9d6f4434ddf95ab0a61b3333c7295fd718d5436747fc,"{""distance"":7,""physical_error_rate"":0.0001}","{""detection_events"":2149,""detectors_checked"":4315136}"
      1024,         0,         0,   0.164,exact_mw,8973b2281876bd917be29e6214e197de75d185bf3f5e531e264555f10574746e,"{""distance"":7,""physical_error_rate"":0.0005}","{""detection_events"":1707,""detectors_checked"":616448}"
      6144,         0,         0,   0.080,exact_mw,c5b9b378753080b028cc9d6f4434ddf95ab0a61b3333c7295fd718d5436747fc,"{""distance"":7,""physical_error_rate"":0.0001}","{""detection_events"":1793,""detectors_checked"":3698688}"
         8,         5,         0,   0.398,exact_mw,c641915013202091ff5a6523ca1acdb371a70207f808e5be7753cd68f2436e97,"{""distance"":7,""physical_error_rate"":0.5}","{""detection_events"":2437,""detectors_checked"":4816,""obs_mistake_mask=E"":5}"
     29696,         0,         0,   0.785,exact_mw,fb98ac5f0d986856d2cb4e87c937a37162f60383230d2323a40d4b2e77ef556c,"{""distance"":7,""physical_error_rate"":0.0002}","{""detection_events"":17769,""detectors_checked"":17876992}"
      2048,         0,         0,   0.079,exact_mw,fb98ac5f0d986856d2cb4e87c937a37162f60383230d2323a40d4b2e77ef556c,"{""distance"":7,""physical_error_rate"":0.0002}","{""detection_events"":1306,""detectors_checked"":1232896}"
        16,         2,         0,   0.631,exact_mw,834abdd41b1b65931acfd3ee091dfffbb9772582814260e519c7dbaf7b14ebec,"{""distance"":7,""physical_error_rate"":0.02}","{""detection_events"":833,""detectors_checked"":9632,""obs_mistake_mask=E"":2}"
        16,         1,         0,   0.442,exact_mw,73653d459d83448bea9c32985aa9fd156ebef5824b05d1ed55d386d98a968072,"{""distance"":7,""physical_error_rate"":0.01}","{""detection_events"":480,""detectors_checked"":9632,""obs_mistake_mask=E"":1}"
         8,         4,         0,   0.432,exact_mw,eaf6c0e366ca4ef858d4f05f9aa5827b452e47c06da5214dd4b433059c5f6ad5,"{""distance"":7,""physical_error_rate"":0.2}","{""detection_events"":1932,""detectors_checked"":4816,""obs_mistake_mask=E"":4}"
         8,         3,         0,   0.339,exact_mw,6f5489aeee258679dc72a3e249dc8e02f40944f7ca4d24fa31eb242c8075b1b5,"{""distance"":7,""physical_error_rate"":0.05}","{""detection_events"":901,""detectors_checked"":4816,""obs_mistake_mask=E"":3}"
        16,         0,         0,   0.373,exact_mw,a7c002779361d29bb296963a23dd35d34b706f38009a8e2e2f5aee9a5ee0acdb,"{""distance"":7,""physical_error_rate"":0.005}","{""detection_events"":229,""detectors_checked"":9632}"
         8,         3,         0,   0.379,exact_mw,0f36ab2f416ea2e248dded4e100ad4e56c6bc9d6a288fc2b58a364b6cb3b9030,"{""distance"":7,""physical_error_rate"":0.1}","{""detection_events"":1459,""detectors_checked"":4816,""obs_mistake_mask=E"":3}"
      3072,         0,         0,   0.085,exact_mw,fb98ac5f0d986856d2cb4e87c937a37162f60383230d2323a40d4b2e77ef556c,"{""distance"":7,""physical_error_rate"":0.0002}","{""detection_events"":1759,""detectors_checked"":1849344}"
     40960,         0,         0,   0.815,exact_mw,fb98ac5f0d986856d2cb4e87c937a37162f60383230d2323a40d4b2e77ef556c,"{""distance"":7,""physical_error_rate"":0.0002}","{""detection_events"":23833,""detectors_checked"":24657920}"
      9216,         0,         0,   0.111,exact_mw,c5b9b378753080b028cc9d6f4434ddf95ab0a61b3333c7295fd718d5436747fc,"{""distance"":7,""physical_error_rate"":0.0001}","{""detection_events"":2679,""detectors_checked"":5548032}"
        64,         0,         0,   0.266,exact_mw,f9daf7670c28e8b8b7ac9af8e1984263f26063cb589f7a54f43332f7ce5001d2,"{""distance"":7,""physical_error_rate"":0.002}","{""detection_events"":409,""detectors_checked"":38528}"
      1024,         0,         0,   0.122,exact_mw,8973b2281876bd917be29e6214e197de75d185bf3f5e531e264555f10574746e,"{""distance"":7,""physical_error_rate"":0.0005}","{""detection_events"":1389,""detectors_checked"":616448}"
      1024,         0,         0,   0.166,exact_mw,8973b2281876bd917be29e6214e197de75d185bf3f5e531e264555f10574746e,"{""distance"":7,""physical_error_rate"":0.0005}","{""detection_events"":1666,""detectors_checked"":616448}"
     10240,         0,         0,   0.149,exact_mw,c5b9b378753080b028cc9d6f4434ddf95ab0a61b3333c7295fd718d5436747fc,"{""distance"":7,""physical_error_rate"":0.0001}","{""detection_events"":3125,""detectors_checked"":6164480}"
       128,         1,         0,   0.593,exact_mw,f9daf7670c28e8b8b7ac9af8e1984263f26063cb589f7a54f43332f7ce5001d2,"{""distance"":7,""physical_error_rate"":0.002}","{""detection_events"":690,""detectors_checked"":77056,""obs_mistake_mask=E"":1}"
         8,         1,         0,   0.347,exact_mw,6f5489aeee258679dc72a3e249dc8e02f40944f7ca4d24fa31eb242c8075b1b5,"{""distance"":7,""physical_error_rate"":0.05}","{""detection_events"":873,""detectors_checked"":4816,""obs_mistake_mask=E"":1}"
         8,         2,         0,   0.395,exact_mw,c641915013202091ff5a6523ca1acdb371a70207f808e5be7753cd68f2436e97,"{""distance"":7,""physical_error_rate"":0.5}","{""detection_events"":2447,""detectors_checked"":4816,""obs_mistake_mask=E"":2}"
         8,         7,         0,   0.376,exact_mw,0f36ab2f416ea2e248dded4e100ad4e56c6bc9d6a288fc2b58a364b6cb3b9030,"{""distance"":7,""physical_error_rate"":0.1}","{""detection_events"":1428,""detectors_checked"":4816,""obs_mistake_mask=E"":7}"
        16,         6,         0,   0.755,exact_mw,0f36ab2f416ea2e248dded4e100ad4e56c6bc9d6a288fc2b58a364b6cb3b9030,"{""distance"":7,""physical_error_rate"":0.1}","{""detection_events"":2752,""detectors_checked"":9632,""obs_mistake_mask=E"":6}"
     24576,         0,         0,   0.289,exact_mw,590a535fae2c18c7445aa3259c8038467453e1d6a10b68541c755b2dcb29eb74,"{""distance"":7,""physical_error_rate"":5e-05}","{""detection_events"":3752,""detectors_checked"":14794752}"
       512,         0,         0,   0.439,exact_mw,a17a1dfb4cb0509fbcf9caf9ce6f4704b111f022b15740e51c84c2b7e14a6407,"{""distance"":7,""physical_error_rate"":0.001}","{""detection_events"":1549,""detectors_checked"":308224}"
      3072,         0,         0,   0.110,exact_mw,fb98ac5f0d986856d2cb4e87c937a37162f60383230d2323a40d4b2e77ef556c,"{""distance"":7,""physical_error_rate"":0.0002}","{""detection_events"":1835,""detectors_checked"":1849344}"
       512,         0,         0,   0.546,exact_mw,a17a1dfb4cb0509fbcf9caf9ce6f4704b111f022b15740e51c84c2b7e14a6407,"{""distance"":7,""physical_error_rate"":0.001}","{""detection_events"":1550,""detectors_checked"":308224}"
       512,         0,         0,   0.532,exact_mw,a17a1dfb4cb0509fbcf9caf9ce6f4704b111f022b15740e51c84c2b7e14a6407,"{""distance"":7,""physical_error_rate"":0.001}","{""detection_events"":1490,""detectors_checked"":308224}"
         8,         4,         0,   0.345,exact_mw,6f5489aeee258679dc72a3e249dc8e02f40944f7ca4d24fa31eb242c8075b1b5,"{""distance"":7,""physical_error_rate"":0.05}","{""detection_events"":910,""detectors_checked"":4816,""obs_mistake_mask=E"":4}"
      1024,         0,         0,   0.138,exact_mw,8973b2281876bd917be29e6214e197de75d185bf3f5e531e264555f10574746e,"{""distance"":7,""physical_error_rate"":0.0005}","{""detection_events"":1395,""detectors_checked"":616448}"
         8,         2,         0,   0.402,exact_mw,0f36ab2f416ea2e248dded4e100ad4e56c6bc9d6a288fc2b58a364b6cb3b9030,"{""distance"":7,""physical_error_rate"":0.1}","{""detection_events"":1495,""detectors_checked"":4816,""obs_mistake_mask=E"":2}"
     11264,         0,         0,   0.142,exact_mw,c5b9b378753080b028cc9d6f4434ddf95ab0a61b3333c7295fd718d5436747fc,"{""distance"":7,""physical_error_rate"":0.0001}","{""detection_events"":3351,""detectors_checked"":6780928}"
      1024,         0,         0,   0.133,exact_mw,8973b2281876bd917be29e6214e197de75d185bf3f5e531e264555f10574746e,"{""distance"":7,""physical_error_rate"":0.0005}","{""detection_events"":1482,""detectors_checked"":616448}"
         8,         1,         0,   0.461,exact_mw,834abdd41b1b65931acfd3ee091dfffbb9772582814260e519c7dbaf7b14ebec,"{""distance"":7,""physical_error_rate"":0.02}","{""detection_events"":441,""detectors_checked"":4816,""obs_mistake_mask=E"":1}"
         8,         1,         0,   0.325,exact_mw,6f5489aeee258679dc72a3e249dc8e02f40944f7ca4d24fa31eb242c8075b1b5,"{""distance"":7,""physical_error_rate"":0.05}","{""detection_events"":879,""detectors_checked"":4816,""obs_mistake_mask=E"":1}"
        16,         0,         0,   0.474,exact_mw,73653d459d83448bea9c32985aa9fd156ebef5824b05d1ed55d386d98a968072,"{""distance"":7,""physical_error_rate"":0.01}","{""detection_events"":408,""detectors_checked"":9632}"
        16,         0,         0,   0.322,exact_mw,73653d459d83448bea9c32985aa9fd156ebef5824b05d1ed55d386d98a968072,"{""distance"":7,""physical_error_rate"":0.01}","{""detection_events"":401,""detectors_checked"":9632}"
     17408,         0,         0,   0.209,exact_mw,c5b9b378753080b028cc9d6f4434ddf95ab0a61b3333c7295fd718d5436747fc,"{""distance"":7,""physical_error_rate"":0.0001}","{""detection_events"":5357,""detectors_checked"":10479616}"
      1024,         0,         0,   0.108,exact_mw,8973b2281876bd917be29e6214e197de75d185bf3f5e531e264555f10574746e,"{""distance"":7,""physical_error_rate"":0.0005}","{""detection_events"":1672,""detectors_checked"":616448}"
        32,         0,         0,   0.535,exact_mw,a7c002779361d29bb296963a23dd35d34b706f38009a8e2e2f5aee9a5ee0acdb,"{""distance"":7,""physical_error_rate"":0.005}","{""detection_events"":536,""detectors_checked"":19264}"
        16,         0,         0,   0.327,exact_mw,a7c002779361d29bb296963a23dd35d34b706f38009a8e2e2f5aee9a5ee0acdb,"{""distance"":7,""physical_error_rate"":0.005}","{""detection_events"":251,""detectors_checked"":9632}"
         8,         4,         0,   0.393,exact_mw,c641915013202091ff5a6523ca1acdb371a70207f808e5be7753cd68f2436e97,"{""distance"":7,""physical_error_rate"":0.5}","{""detection_events"":2403,""detectors_checked"":4816,""obs_mistake_mask=E"":4}"
         8,         3,         0,   0.340,exact_mw,6f5489aeee258679dc72a3e249dc8e02f40944f7ca4d24fa31eb242c8075b1b5,"{""distance"":7,""physical_error_rate"":0.05}","{""detection_events"":978,""detectors_checked"":4816,""obs_mistake_mask=E"":3}"
       128,         0,         0,   0.440,exact_mw,f9daf7670c28e8b8b7ac9af8e1984263f26063cb589f7a54f43332f7ce5001d2,"{""distance"":7,""physical_error_rate"":0.002}","{""detection_events"":745,""detectors_checked"":77056}"
         8,         7,         0,   0.672,exact_mw,eaf6c0e366ca4ef858d4f05f9aa5827b452e47c06da5214dd4b433059c5f6ad5,"{""distance"":7,""physical_error_rate"":0.2}","{""detection_events"":2085,""detectors_checked"":4816,""obs_mistake_mask=E"":7}"
        16,         1,         0,   0.593,exact_mw,834abdd41b1b65931acfd3ee091dfffbb9772582814260e519c7dbaf7b14ebec,"{""distance"":7,""physical_error_rate"":0.02}","{""detection_events"":953,""detectors_checked"":9632,""obs_mistake_mask=E"":1}"
         8,         2,         0,   0.415,exact_mw,eaf6c0e366ca4ef858d4f05f9aa5827b452e47c06da5214dd4b433059c5f6ad5,"{""distance"":7,""physical_error_rate"":0.2}","{""detection_events"":2013,""detectors_checked"":4816,""obs_mistake_mask=E"":2}"
         8,         4,         0,   0.368,exact_mw,0f36ab2f416ea2e248dded4e100ad4e56c6bc9d6a288fc2b58a364b6cb3b9030,"{""distance"":7,""physical_error_rate"":0.1}","{""detection_events"":1421,""detectors_checked"":4816,""obs_mistake_mask=E"":4}"
      6144,         0,         0,   0.240,exact_mw,fb98ac5f0d986856d2cb4e87c937a37162f60383230d2323a40d4b2e77ef556c,"{""distance"":7,""physical_error_rate"":0.0002}","{""detection_events"":3637,""detectors_checked"":3698688}"
     16384,         0,         0,   0.222,exact_mw,c5b9b378753080b028cc9d6f4434ddf95ab0a61b3333c7295fd718d5436747fc,"{""distance"":7,""physical_error_rate"":0.0001}","{""detection_events"":4805,""detectors_checked"":9863168}"
      1024,         0,         0,   0.105,exact_mw,8973b2281876bd917be29e6214e197de75d185bf3f5e531e264555f10574746e,"{""distance"":7,""physical_error_rate"":0.0005}","{""detection_events"":1470,""detectors_checked"":616448}"
         8,         2,         0,   0.357,exact_mw,6f5489aeee258679dc72a3e249dc8e02f40944f7ca4d24fa31eb242c8075b1b5,"{""distance"":7,""physical_error_rate"":0.05}","{""detection_events"":848,""detectors_checked"":4816,""obs_mistake_mask=E"":2}"
        16,         0,         0,   0.619,exact_mw,834abdd41b1b65931acfd3ee091dfffbb9772582814260e519c7dbaf7b14ebec,"{""distance"":7,""physical_error_rate"":0.02}","{""detection_events"":809,""detectors_checked"":9632}"
      2048,         0,         0,   0.300,exact_mw,8973b2281876bd917be29e6214e197de75d185bf3f5e531e264555f10574746e,"{""distance"":7,""physical_error_rate"":0.0005}","{""detection_events"":3087,""detectors_checked"":1232896}"
       512,         0,         0,   0.333,exact_mw,a17a1dfb4cb0509fbcf9caf9ce6f4704b111f022b15740e51c84c2b7e14a6407,"{""distance"":7,""physical_error_rate"":0.001}","{""detection_events"":1446,""detectors_checked"":308224}"
         8,         6,         0,   0.394,exact_mw,c641915013202091ff5a6523ca1acdb371a70207f808e5be7753cd68f2436e97,"{""distance"":7,""physical_error_rate"":0.5}","{""detection_events"":2428,""detectors_checked"":4816,""obs_mistake_mask=E"":6}"
       512,         0,         0,   0.649,exact_mw,a17a1dfb4cb0509fbcf9caf9ce6f4704b111f022b15740e51c84c2b7e14a6407,"{""distance"":7,""physical_error_rate"":0.001}","{""detection_events"":1481,""detectors_checked"":308224}"
         8,         5,         0,   0.385,exact_mw,0f36ab2f416ea2e248dded4e100ad4e56c6bc9d6a288fc2b58a364b6cb3b9030,"{""distance"":7,""physical_error_rate"":0.1}","{""detection_events"":1410,""detectors_checked"":4816,""obs_mistake_mask=E"":5}"
        16,         0,         0,   0.306,exact_mw,73653d459d83448bea9c32985aa9fd156ebef5824b05d1ed55d386d98a968072,"{""distance"":7,""physical_error_rate"":0.01}","{""detection_events"":440,""detectors_checked"":9632}"
     32768,         0,         0,   0.407,exact_mw,590a535fae2c18c7445aa3259c8038467453e1d6a10b68541c755b2dcb29eb74,"{""distance"":7,""physical_error_rate"":5e-05}","{""detection_events"":4867,""detectors_checked"":19726336}"
     22528,         0,         0,   0.305,exact_mw,c5b9b378753080b028cc9d6f4434ddf95ab0a61b3333c7295fd718d5436747fc,"{""distance"":7,""physical_error_rate"":0.0001}","{""detection_events"":6656,""detectors_checked"":13561856}"
        16,         0,         0,   0.271,exact_mw,a7c002779361d29bb296963a23dd35d34b706f38009a8e2e2f5aee9a5ee0acdb,"{""distance"":7,""physical_error_rate"":0.005}","{""detection_events"":204,""detectors_checked"":9632}"
         8,         2,         0,   0.356,exact_mw,6f5489aeee258679dc72a3e249dc8e02f40944f7ca4d24fa31eb242c8075b1b5,"{""distance"":7,""physical_error_rate"":0.05}","{""detection_events"":869,""detectors_checked"":4816,""obs_mistake_mask=E"":2}"
       128,         0,         0,   0.552,exact_mw,f9daf7670c28e8b8b7ac9af8e1984263f26063cb589f7a54f43332f7ce5001d2,"{""distance"":7,""physical_error_rate"":0.002}","{""detection_events"":768,""detectors_checked"":77056}"
       128,         0,         0,   0.518,exact_mw,f9daf7670c28e8b8b7ac9af8e1984263f26063cb589f7a54f43332f7ce5001d2,"{""distance"":7,""physical_error_rate"":0.002}","{""detection_events"":745,""detectors_checked"":77056}"
         8,         2,         0,   0.413,exact_mw,0f36ab2f416ea2e248dded4e100ad4e56c6bc9d6a288fc2b58a364b6cb3b9030,"{""distance"":7,""physical_error_rate"":0.1}","{""detection_events"":1382,""detectors_checked"":4816,""obs_mistake_mask=E"":2}"
         8,         1,         0,   0.404,exact_mw,834abdd41b1b65931acfd3ee091dfffbb9772582814260e519c7dbaf7b14ebec,"{""distance"":7,""physical_error_rate"":0.02}","{""detection_events"":407,""detectors_checked"":4816,""obs_mistake_mask=E"":1}"
      2048,         0,         0,   0.252,exact_mw,fb98ac5f0d986856d2cb4e87c937a37162f60383230d2323a40d4b2e77ef556c,"{""distance"":7,""physical_error_rate"":0.0002}","{""detection_events"":1132,""detectors_checked"":1232896}"
        16,         0,         0,   0.386,exact_mw,73653d459d83448bea9c32985aa9fd156ebef5824b05d1ed55d386d98a968072,"{""distance"":7,""physical_error_rate"":0.01}","{""detection_events"":526,""detectors_checked"":9632}"
       512,         0,         0,   0.488,exact_mw,a17a1dfb4cb0509fbcf9caf9ce6f4704b111f022b15740e51c84c2b7e14a6407,"{""distance"":7,""physical_error_rate"":0.001}","{""detection_events"":1580,""detectors_checked"":308224}"
        16,        12,         0,   0.793,exact_mw,c641915013202091ff5a6523ca1acdb371a70207f808e5be7753cd68f2436e97,"{""distance"":7,""physical_error_rate"":0.5}","{""detection_events"":4867,""detectors_checked"":9632,""obs_mistake_mask=E"":12}"
      2048,         0,         0,   0.250,exact_mw,8973b2281876bd917be29e6214e197de75d185bf3f5e531e264555f10574746e,"{""distance"":7,""physical_error_rate"":0.0005}","{""detection_events"":2962,""detectors_checked"":1232896}"
         8,         2,         0,   0.347,exact_mw,6f5489aeee258679dc72a3e249dc8e02f40944f7ca4d24fa31eb242c8075b1b5,"{""distance"":7,""physical_error_rate"":0.05}","{""detection_events"":930,""detectors_checked"":4816,""obs_mistake_mask=E"":2}"
     60416,         0,         0,   0.795,exact_mw,c5b9b378753080b028cc9d6f4434ddf95ab0a61b3333c7295fd718d5436747fc,"{""distance"":7,""physical_error_rate"":0.0001}","{""detection_events"":18114,""detectors_checked"":36370432}"
        16,         1,         0,   0.746,exact_mw,834abdd41b1b65931acfd3ee091dfffbb9772582814260e519c7dbaf7b14ebec,"{""distance"":7,""physical_error_rate"":0.02}","{""detection_events"":769,""detectors_checked"":9632,""obs_mistake_mask=E"":1}"
     22528,         0,         0,   0.304,exact_mw,c5b9b378753080b028cc9d6f4434ddf95ab0a61b3333c7295fd718d5436747fc,"{""distance"":7,""physical_error_rate"":0.0001}","{""detection_events"":6666,""detectors_checked"":13561856}"
         8,         5,         0,   0.401,exact_mw,c641915013202091ff5a6523ca1acdb371a70207f808e5be7753cd68f2436e97,"{""distance"":7,""physical_error_rate"":0.5}","{""detection_events"":2367,""detectors_checked"":4816,""obs_mistake_mask=E"":5}"
       512,         0,         0,   0.560,exact_mw,a17a1dfb4cb0509fbcf9caf9ce6f4704b111f022b15740e51c84c2b7e14a6407,"{""distance"":7,""physical_error_rate"":0.001}","{""detection_events"":1542,""detectors_checked"":308224}"
       128,         0,         0,   0.418,exact_mw,f9daf7670c28e8b8b7ac9af8e1984263f26063cb589f7a54f43332f7ce5001d2,"{""distance"":7,""physical_error_rate"":0.002}","{""detection_events"":698,""detectors_checked"":77056}"
      2048,         0,         0,   0.266,exact_mw,8973b2281876bd917be29e6214e197de75d185bf3f5e531e264555f10574746e,"{""distance"":7,""physical_error_rate"":0.0005}","{""detection_events"":2978,""detectors_checked"":1232896}"
         8,         5,         0,   0.396,exact_mw,0f36ab2f416ea2e248dded4e100ad4e56c6bc9d6a288fc2b58a364b6cb3b9030,"{""distance"":7,""physical_error_rate"":0.1}","{""detection_events"":1399,""detectors_checked"":4816,""obs_mistake_mask=E"":5}"
         8,         3,         0,   0.342,exact_mw,6f5489aeee258679dc72a3e249dc8e02f40944f7ca4d24fa31eb242c8075b1b5,"{""distance"":7,""physical_error_rate"":0.05}","{""detection_events"":861,""detectors_checked"":4816,""obs_mistake_mask=E"":3}"
        32,         0,         0,   0.507,exact_mw,a7c002779361d29bb296963a23dd35d34b706f38009a8e2e2f5aee9a5ee0acdb,"{""distance"":7,""physical_error_rate"":0.005}","{""detection_events"":471,""detectors_checked"":19264}"
        16,         0,         0,   0.298,exact_mw,73653d459d83448bea9c32985aa9fd156ebef5824b05d1ed55d386d98a968072,"{""distance"":7,""physical_error_rate"":0.01}","{""detection_events"":432,""detectors_checked"":9632}"
         8,         4,         0,   0.483,exact_mw,eaf6c0e366ca4ef858d4f05f9aa5827b452e47c06da5214dd4b433059c5f6ad5,"{""distance"":7,""physical_error_rate"":0.2}","{""detection_events"":1905,""detectors_checked"":4816,""obs_mistake_mask=E"":4}"
        16,         4,         0,   0.696,exact_mw,6f5489aeee258679dc72a3e249dc8e02f40944f7ca4d24fa31eb242c8075b1b5,"{""distance"":7,""physical_error_rate"":0.05}","{""detection_events"":1780,""detectors_checked"":9632,""obs_mistake_mask=E"":4}"
       192,         0,         0,    2.55,exact_mw,a7c002779361d29bb296963a23dd35d34b706f38009a8e2e2f5aee9a5ee0acdb,"{""distance"":7,""physical_error_rate"":0.005}","{""detection_events"":2772,""detectors_checked"":115584}"
        16,        12,         0,   0.748,exact_mw,0f36ab2f416ea2e248dded4e100ad4e56c6bc9d6a288fc2b58a364b6cb3b9030,"{""distance"":7,""physical_error_rate"":0.1}","{""detection_events"":2827,""detectors_checked"":9632,""obs_mistake_mask=E"":12}"
         8,         4,         0,   0.379,exact_mw,0f36ab2f416ea2e248dded4e100ad4e56c6bc9d6a288fc2b58a364b6cb3b9030,"{""distance"":7,""physical_error_rate"":0.1}","{""detection_events"":1364,""detectors_checked"":4816,""obs_mistake_mask=E"":4}"
         8,         4,         0,   0.388,exact_mw,c641915013202091ff5a6523ca1acdb371a70207f808e5be7753cd68f2436e97,"{""distance"":7,""physical_error_rate"":0.5}","{""detection_events"":2415,""detectors_checked"":4816,""obs_mistake_mask=E"":4}"
      8192,         0,         0,    1.13,exact_mw,8973b2281876bd917be29e6214e197de75d185bf3f5e531e264555f10574746e,"{""distance"":7,""physical_error_rate"":0.0005}","{""detection_events"":12369,""detectors_checked"":4931584}"
        16,         1,         0,   0.572,exact_mw,834abdd41b1b65931acfd3ee091dfffbb9772582814260e519c7dbaf7b14ebec,"{""distance"":7,""physical_error_rate"":0.02}","{""detection_events"":814,""detectors_checked"":9632,""obs_mistake_mask=E"":1}"
       512,         0,         0,   0.485,exact_mw,a17a1dfb4cb0509fbcf9caf9ce6f4704b111f022b15740e51c84c2b7e14a6407,"{""distance"":7,""physical_error_rate"":0.001}","{""detection_events"":1560,""detectors_checked"":308224}"
         1,         0,         0,   0.048,exact_mw,590a535fae2c18c7445aa3259c8038467453e1d6a10b68541c755b2dcb29eb74,"{""distance"":7,""physical_error_rate"":5e-05}","{""detectors_checked"":602}"
       512,         0,         0,   0.325,exact_mw,a17a1dfb4cb0509fbcf9caf9ce6f4704b111f022b15740e51c84c2b7e14a6407,"{""distance"":7,""physical_error_rate"":0.001}","{""detection_events"":1373,""detectors_checked"":308224}"
         8,         3,         0,   0.377,exact_mw,6f5489aeee258679dc72a3e249dc8e02f40944f7ca4d24fa31eb242c8075b1b5,"{""distance"":7,""physical_error_rate"":0.05}","{""detection_events"":907,""detectors_checked"":4816,""obs_mistake_mask=E"":3}"
     28672,         0,         0,   0.419,exact_mw,c5b9b378753080b028cc9d6f4434ddf95ab0a61b3333c7295fd718d5436747fc,"{""distance"":7,""physical_error_rate"":0.0001}","{""detection_events"":8455,""detectors_checked"":17260544}"
         8,         4,         0,   0.397,exact_mw,0f36ab2f416ea2e248dded4e100ad4e56c6bc9d6a288fc2b58a364b6cb3b9030,"{""distance"":7,""physical_error_rate"":0.1}","{""detection_events"":1377,""detectors_checked"":4816,""obs_mistake_mask=E"":4}"
      2048,         0,         0,   0.340,exact_mw,8973b2281876bd917be29e6214e197de75d185bf3f5e531e264555f10574746e,"{""distance"":7,""physical_error_rate"":0.0005}","{""detection_events"":2951,""detectors_checked"":1232896}"
        16,         0,         0,   0.360,exact_mw,73653d459d83448bea9c32985aa9fd156ebef5824b05d1ed55d386d98a968072,"{""distance"":7,""physical_error_rate"":0.01}","{""detection_events"":488,""detectors_checked"":9632}"
        16,         0,         0,   0.552,exact_mw,834abdd41b1b65931acfd3ee091dfffbb9772582814260e519c7dbaf7b14ebec,"{""distance"":7,""physical_error_rate"":0.02}","{""detection_events"":887,""detectors_checked"":9632}"
      3072,         0,         0,   0.392,exact_mw,fb98ac5f0d986856d2cb4e87c937a37162f60383230d2323a40d4b2e77ef556c,"{""distance"":7,""physical_error_rate"":0.0002}","{""detection_events"":1664,""detectors_checked"":1849344}"
     49152,         0,         0,    1.12,exact_mw,fb98ac5f0d986856d2cb4e87c937a37162f60383230d2323a40d4b2e77ef556c,"{""distance"":7,""physical_error_rate"":0.0002}","{""detection_events"":28963,""detectors_checked"":29589504}"
         8,         4,         0,   0.378,exact_mw,6f5489aeee258679dc72a3e249dc8e02f40944f7ca4d24fa31eb242c8075b1b5,"{""distance"":7,""physical_error_rate"":0.05}","{""detection_events"":920,""detectors_checked"":4816,""obs_mistake_mask=E"":4}"
         8,         0,         0,   0.429,exact_mw,834abdd41b1b65931acfd3ee091dfffbb9772582814260e519c7dbaf7b14ebec,"{""distance"":7,""physical_error_rate"":0.02}","{""detection_events"":403,""detectors_checked"":4816}"
      1160,         0,         0,   0.112,exact_mw,590a535fae2c18c7445aa3259c8038467453e1d6a10b68541c755b2dcb29eb74,"{""distance"":7,""physical_error_rate"":5e-05}","{""detection_events"":117,""detectors_checked"":698320}"
     30720,         0,         0,   0.403,exact_mw,c5b9b378753080b028cc9d6f4434ddf95ab0a61b3333c7295fd718d5436747fc,"{""distance"":7,""physical_error_rate"":0.0001}","{""detection_events"":9067,""detectors_checked"":18493440}"
       128,         1,         0,   0.531,exact_mw,f9daf7670c28e8b8b7ac9af8e1984263f26063cb589f7a54f43332f7ce5001d2,"{""distance"":7,""physical_error_rate"":0.002}","{""detection_events"":823,""detectors_checked"":77056,""obs_mistake_mask=E"":1}"
     46080,         0,         0,   0.557,exact_mw,590a535fae2c18c7445aa3259c8038467453e1d6a10b68541c755b2dcb29eb74,"{""distance"":7,""physical_error_rate"":5e-05}","{""detection_events"":6628,""detectors_checked"":27740160}"
         8,         5,         0,   0.341,exact_mw,6f5489aeee258679dc72a3e249dc8e02f40944f7ca4d24fa31eb242c8075b1b5,"{""distance"":7,""physical_error_rate"":0.05}","{""detection_events"":963,""detectors_checked"":4816,""obs_mistake_mask=E"":5}"
     50176,         0,         0,    1.10,exact_mw,fb98ac5f0d986856d2cb4e87c937a37162f60383230d2323a40d4b2e77ef556c,"{""distance"":7,""physical_error_rate"":0.0002}","{""detection_events"":29407,""detectors_checked"":30205952}"
         8,         5,         0,   0.426,exact_mw,c641915013202091ff5a6523ca1acdb371a70207f808e5be7753cd68f2436e97,"{""distance"":7,""physical_error_rate"":0.5}","{""detection_events"":2481,""detectors_checked"":4816,""obs_mistake_mask=E"":5}"
    116736,         0,         0,    1.54,exact_mw,c5b9b378753080b028cc9d6f4434ddf95ab0a61b3333c7295fd718d5436747fc,"{""distance"":7,""physical_error_rate"":0.0001}","{""detection_events"":34068,""detectors_checked"":70275072}"
       128,         0,         0,   0.546,exact_mw,f9daf7670c28e8b8b7ac9af8e1984263f26063cb589f7a54f43332f7ce5001d2,"{""distance"":7,""physical_error_rate"":0.002}","{""detection_events"":664,""detectors_checked"":77056}"
       512,         0,         0,   0.453,exact_mw,a17a1dfb4cb0509fbcf9caf9ce6f4704b111f022b15740e51c84c2b7e14a6407,"{""distance"":7,""physical_error_rate"":0.001}","{""detection_events"":1543,""detectors_checked"":308224}"
      2048,         0,         0,   0.421,exact_mw,8973b2281876bd917be29e6214e197de75d185bf3f5e531e264555f10574746e,"{""distance"":7,""physical_error_rate"":0.0005}","{""detection_events"":3036,""detectors_checked"":1232896}"
      1024,         0,         0,   0.058,exact_mw,590a535fae2c18c7445aa3259c8038467453e1d6a10b68541c755b2dcb29eb74,"{""distance"":7,""physical_error_rate"":5e-05}","{""detection_events"":126,""detectors_checked"":616448}"
         8,         6,         0,   0.391,exact_mw,0f36ab2f416ea2e248dded4e100ad4e56c6bc9d6a288fc2b58a364b6cb3b9030,"{""distance"":7,""physical_error_rate"":0.1}","{""detection_events"":1434,""detectors_checked"":4816,""obs_mistake_mask=E"":6}"
      1024,         0,         0,   0.007,exact_mw,590a535fae2c18c7445aa3259c8038467453e1d6a10b68541c755b2dcb29eb74,"{""distance"":7,""physical_error_rate"":5e-05}","{""detection_events"":172,""detectors_checked"":616448}"
         8,         5,         0,    2.07,exact_mw,eaf6c0e366ca4ef858d4f05f9aa5827b452e47c06da5214dd4b433059c5f6ad5,"{""distance"":7,""physical_error_rate"":0.2}","{""detection_events"":2023,""detectors_checked"":4816,""obs_mistake_mask=E"":5}"
       128,         0,         0,   0.454,exact_mw,f9daf7670c28e8b8b7ac9af8e1984263f26063cb589f7a54f43332f7ce5001d2,"{""distance"":7,""physical_error_rate"":0.002}","{""detection_events"":698,""detectors_checked"":77056}"
      2048,         0,         0,   0.049,exact_mw,590a535fae2c18c7445aa3259c8038467453e1d6a10b68541c755b2dcb29eb74,"{""distance"":7,""physical_error_rate"":5e-05}","{""detection_events"":293,""detectors_checked"":1232896}"
        32,         0,         0,   0.657,exact_mw,a7c002779361d29bb296963a23dd35d34b706f38009a8e2e2f5aee9a5ee0acdb,"{""distance"":7,""physical_error_rate"":0.005}","{""detection_events"":450,""detectors_checked"":19264}"
       512,         0,         0,   0.741,exact_mw,a17a1dfb4cb0509fbcf9caf9ce6f4704b111f022b15740e51c84c2b7e14a6407,"{""distance"":7,""physical_error_rate"":0.001}","{""detection_events"":1606,""detectors_checked"":308224}"
        32,         0,         0,   0.425,exact_mw,a7c002779361d29bb296963a23dd35d34b706f38009a8e2e2f5aee9a5ee0acdb,"{""distance"":7,""physical_error_rate"":0.005}","{""detection_events"":435,""detectors_checked"":19264}"
         8,         4,         0,   0.374,exact_mw,0f36ab2f416ea2e248dded4e100ad4e56c6bc9d6a288fc2b58a364b6cb3b9030,"{""distance"":7,""physical_error_rate"":0.1}","{""detection_events"":1393,""detectors_checked"":4816,""obs_mistake_mask=E"":4}"
         8,         3,         0,   0.416,exact_mw,eaf6c0e366ca4ef858d4f05f9aa5827b452e47c06da5214dd4b433059c5f6ad5,"{""distance"":7,""physical_error_rate"":0.2}","{""detection_events"":1975,""detectors_checked"":4816,""obs_mistake_mask=E"":3}"
      3072,         0,         0,   0.055,exact_mw,590a535fae2c18c7445aa3259c8038467453e1d6a10b68541c755b2dcb29eb74,"{""distance"":7,""physical_error_rate"":5e-05}","{""detection_events"":466,""detectors_checked"":1849344}"
         8,         4,         0,   0.390,exact_mw,c641915013202091ff5a6523ca1acdb371a70207f808e5be7753cd68f2436e97,"{""distance"":7,""physical_error_rate"":0.5}","{""detection_events"":2429,""detectors_checked"":4816,""obs_mistake_mask=E"":4}"
        16,         0,         0,   0.633,exact_mw,834abdd41b1b65931acfd3ee091dfffbb9772582814260e519c7dbaf7b14ebec,"{""distance"":7,""physical_error_rate"":0.02}","{""detection_events"":840,""detectors_checked"":9632}"
         8,         4,         0,   0.362,exact_mw,6f5489aeee258679dc72a3e249dc8e02f40944f7ca4d24fa31eb242c8075b1b5,"{""distance"":7,""physical_error_rate"":0.05}","{""detection_events"":869,""detectors_checked"":4816,""obs_mistake_mask=E"":4}"
      5120,         0,         0,   0.088,exact_mw,590a535fae2c18c7445aa3259c8038467453e1d6a10b68541c755b2dcb29eb74,"{""distance"":7,""physical_error_rate"":5e-05}","{""detection_events"":764,""detectors_checked"":3082240}"
         8,         0,         0,   0.322,exact_mw,834abdd41b1b65931acfd3ee091dfffbb9772582814260e519c7dbaf7b14ebec,"{""distance"":7,""physical_error_rate"":0.02}","{""detection_events"":339,""detectors_checked"":4816}"
      2048,         0,         0,   0.390,exact_mw,8973b2281876bd917be29e6214e197de75d185bf3f5e531e264555f10574746e,"{""distance"":7,""physical_error_rate"":0.0005}","{""detection_events"":3151,""detectors_checked"":1232896}"
       512,         0,         0,   0.416,exact_mw,a17a1dfb4cb0509fbcf9caf9ce6f4704b111f022b15740e51c84c2b7e14a6407,"{""distance"":7,""physical_error_rate"":0.001}","{""detection_events"":1441,""detectors_checked"":308224}"
         8,         2,         0,   0.349,exact_mw,6f5489aeee258679dc72a3e249dc8e02f40944f7ca4d24fa31eb242c8075b1b5,"{""distance"":7,""physical_error_rate"":0.05}","{""detection_events"":843,""detectors_checked"":4816,""obs_mistake_mask=E"":2}"
       512,         0,         0,   0.436,exact_mw,a17a1dfb4cb0509fbcf9caf9ce6f4704b111f022b15740e51c84c2b7e14a6407,"{""distance"":7,""physical_error_rate"":0.001}","{""detection_events"":1571,""detectors_checked"":308224}"
         8,         4,         0,   0.408,exact_mw,0f36ab2f416ea2e248dded4e100ad4e56c6bc9d6a288fc2b58a364b6cb3b9030,"{""distance"":7,""physical_error_rate"":0.1}","{""detection_events"":1402,""detectors_checked"":4816,""obs_mistake_mask=E"":4}"
        16,         0,         0,   0.414,exact_mw,73653d459d83448bea9c32985aa9fd156ebef5824b05d1ed55d386d98a968072,"{""distance"":7,""physical_error_rate"":0.01}","{""detection_events"":495,""detectors_checked"":9632}"
        32,         0,         0,   0.582,exact_mw,73653d459d83448bea9c32985aa9fd156ebef5824b05d1ed55d386d98a968072,"{""distance"":7,""physical_error_rate"":0.01}","{""detection_events"":942,""detectors_checked"":19264}"
         8,         3,         0,   0.259,exact_mw,0f36ab2f416ea2e248dded4e100ad4e56c6bc9d6a288fc2b58a364b6cb3b9030,"{""distance"":7,""physical_error_rate"":0.1}","{""detection_events"":1430,""detectors_checked"":4816,""obs_mistake_mask=E"":3}"
      6144,         0,         0,   0.110,exact_mw,590a535fae2c18c7445aa3259c8038467453e1d6a10b68541c755b2dcb29eb74,"{""distance"":7,""physical_error_rate"":5e-05}","{""detection_events"":872,""detectors_checked"":3698688}"
         8,         4,         0,   0.361,exact_mw,6f5489aeee258679dc72a3e249dc8e02f40944f7ca4d24fa31eb242c8075b1b5,"{""distance"":7,""physical_error_rate"":0.05}","{""detection_events"":923,""detectors_checked"":4816,""obs_mistake_mask=E"":4}"
         8,         3,         0,   0.415,exact_mw,c641915013202091ff5a6523ca1acdb371a70207f808e5be7753cd68f2436e97,"{""distance"":7,""physical_error_rate"":0.5}","{""detection_events"":2353,""detectors_checked"":4816,""obs_mistake_mask=E"":3}"
     41984,         0,         0,   0.576,exact_mw,c5b9b378753080b028cc9d6f4434ddf95ab0a61b3333c7295fd718d5436747fc,"{""distance"":7,""physical_error_rate"":0.0001}","{""detection_events"":12328,""detectors_checked"":25274368}"
      3072,         0,         0,   0.416,exact_mw,8973b2281876bd917be29e6214e197de75d185bf3f5e531e264555f10574746e,"{""distance"":7,""physical_error_rate"":0.0005}","{""detection_events"":4657,""detectors_checked"":1849344}"
      4096,         0,         0,   0.557,exact_mw,fb98ac5f0d986856d2cb4e87c937a37162f60383230d2323a40d4b2e77ef556c,"{""distance"":7,""physical_error_rate"":0.0002}","{""detection_events"":2221,""detectors_checked"":2465792}"
        16,         2,         0,   0.658,exact_mw,834abdd41b1b65931acfd3ee091dfffbb9772582814260e519c7dbaf7b14ebec,"{""distance"":7,""physical_error_rate"":0.02}","{""detection_events"":777,""detectors_checked"":9632,""obs_mistake_mask=E"":2}"
        16,         1,         0,   0.592,exact_mw,834abdd41b1b65931acfd3ee091dfffbb9772582814260e519c7dbaf7b14ebec,"{""distance"":7,""physical_error_rate"":0.02}","{""detection_events"":781,""detectors_checked"":9632,""obs_mistake_mask=E"":1}"
        16,        12,         0,   0.759,exact_mw,0f36ab2f416ea2e248dded4e100ad4e56c6bc9d6a288fc2b58a364b6cb3b9030,"{""distance"":7,""physical_error_rate"":0.1}","{""detection_events"":2818,""detectors_checked"":9632,""obs_mistake_mask=E"":12}"
      8192,         0,         0,   0.144,exact_mw,590a535fae2c18c7445aa3259c8038467453e1d6a10b68541c755b2dcb29eb74,"{""distance"":7,""physical_error_rate"":5e-05}","{""detection_events"":1136,""detectors_checked"":4931584}"
    239616,         0,         0,    3.03,exact_mw,590a535fae2c18c7445aa3259c8038467453e1d6a10b68541c755b2dcb29eb74,"{""distance"":7,""physical_error_rate"":5e-05}","{""detection_events"":35183,""detectors_checked"":144248832}"
         8,         3,         0,   0.331,exact_mw,6f5489aeee258679dc72a3e249dc8e02f40944f7ca4d24fa31eb242c8075b1b5,"{""distance"":7,""physical_error_rate"":0.05}","{""detection_events"":832,""detectors_checked"":4816,""obs_mistake_mask=E"":3}"
       512,         0,         0,   0.510,exact_mw,a17a1dfb4cb0509fbcf9caf9ce6f4704b111f022b15740e51c84c2b7e14a6407,"{""distance"":7,""physical_error_rate"":0.001}","{""detection_events"":1513,""detectors_checked"":308224}"
         8,         3,         0,   0.410,exact_mw,0f36ab2f416ea2e248dded4e100ad4e56c6bc9d6a288fc2b58a364b6cb3b9030,"{""distance"":7,""physical_error_rate"":0.1}","{""detection_events"":1400,""detectors_checked"":4816,""obs_mistake_mask=E"":3}"
     41984,         0,         0,   0.552,exact_mw,c5b9b378753080b028cc9d6f4434ddf95ab0a61b3333c7295fd718d5436747fc,"{""distance"":7,""physical_error_rate"":0.0001}","{""detection_events"":12634,""detectors_checked"":25274368}"
       512,         0,         0,   0.302,exact_mw,a17a1dfb4cb0509fbcf9caf9ce6f4704b111f022b15740e51c84c2b7e14a6407,"{""distance"":7,""physical_error_rate"":0.001}","{""detection_events"":1358,""detectors_checked"":308224}"
         8,         5,         0,   0.391,exact_mw,c641915013202091ff5a6523ca1acdb371a70207f808e5be7753cd68f2436e97,"{""distance"":7,""physical_error_rate"":0.5}","{""detection_events"":2396,""detectors_checked"":4816,""obs_mistake_mask=E"":5}"
         4,         2,         0,   0.524,exact_mw,eaf6c0e366ca4ef858d4f05f9aa5827b452e47c06da5214dd4b433059c5f6ad5,"{""distance"":7,""physical_error_rate"":0.2}","{""detection_events"":969,""detectors_checked"":2408,""obs_mistake_mask=E"":2}"
         8,         3,         0,   0.415,exact_mw,eaf6c0e366ca4ef858d4f05f9aa5827b452e47c06da5214dd4b433059c5f6ad5,"{""distance"":7,""physical_error_rate"":0.2}","{""detection_events"":1970,""detectors_checked"":4816,""obs_mistake_mask=E"":3}"
        32,         0,         0,   0.461,exact_mw,a7c002779361d29bb296963a23dd35d34b706f38009a8e2e2f5aee9a5ee0acdb,"{""distance"":7,""physical_error_rate"":0.005}","{""detection_events"":473,""detectors_checked"":19264}"
         8,         5,         0,    1.39,exact_mw,eaf6c0e366ca4ef858d4f05f9aa5827b452e47c06da5214dd4b433059c5f6ad5,"{""distance"":7,""physical_error_rate"":0.2}","{""detection_events"":2006,""detectors_checked"":4816,""obs_mistake_mask=E"":5}"
         8,         3,         0,   0.342,exact_mw,6f5489aeee258679dc72a3e249dc8e02f40944f7ca4d24fa31eb242c8075b1b5,"{""distance"":7,""physical_error_rate"":0.05}","{""detection_events"":872,""detectors_checked"":4816,""obs_mistake_mask=E"":3}"
       512,         0,         0,   0.497,exact_mw,a17a1dfb4cb0509fbcf9caf9ce6f4704b111f022b15740e51c84c2b7e14a6407,"{""distance"":7,""physical_error_rate"":0.001}","{""detection_events"":1459,""detectors_checked"":308224}"
        16,         3,         0,   0.867,exact_mw,6f5489aeee258679dc72a3e249dc8e02f40944f7ca4d24fa31eb242c8075b1b5,"{""distance"":7,""physical_error_rate"":0.05}","{""detection_events"":1742,""detectors_checked"":9632,""obs_mistake_mask=E"":3}"
         8,         0,         0,   0.404,exact_mw,834abdd41b1b65931acfd3ee091dfffbb9772582814260e519c7dbaf7b14ebec,"{""distance"":7,""physical_error_rate"":0.02}","{""detection_events"":490,""detectors_checked"":4816}"
       128,         0,         0,   0.642,exact_mw,f9daf7670c28e8b8b7ac9af8e1984263f26063cb589f7a54f43332f7ce5001d2,"{""distance"":7,""physical_error_rate"":0.002}","{""detection_events"":820,""detectors_checked"":77056}"
       128,         0,         0,   0.582,exact_mw,f9daf7670c28e8b8b7ac9af8e1984263f26063cb589f7a54f43332f7ce5001d2,"{""distance"":7,""physical_error_rate"":0.002}","{""detection_events"":792,""detectors_checked"":77056}"
     60416,         0,         0,    1.12,exact_mw,c5b9b378753080b028cc9d6f4434ddf95ab0a61b3333c7295fd718d5436747fc,"{""distance"":7,""physical_error_rate"":0.0001}","{""detection_events"":18150,""detectors_checked"":36370432}"
         8,         2,         0,   0.398,exact_mw,0f36ab2f416ea2e248dded4e100ad4e56c6bc9d6a288fc2b58a364b6cb3b9030,"{""distance"":7,""physical_error_rate"":0.1}","{""detection_events"":1417,""detectors_checked"":4816,""obs_mistake_mask=E"":2}"
        32,         0,         0,   0.582,exact_mw,a7c002779361d29bb296963a23dd35d34b706f38009a8e2e2f5aee9a5ee0acdb,"{""distance"":7,""physical_error_rate"":0.005}","{""detection_events"":460,""detectors_checked"":19264}"
      2048,         0,         0,   0.460,exact_mw,8973b2281876bd917be29e6214e197de75d185bf3f5e531e264555f10574746e,"{""distance"":7,""physical_error_rate"":0.0005}","{""detection_events"":3198,""detectors_checked"":1232896}"
       512,         0,         0,   0.463,exact_mw,a17a1dfb4cb0509fbcf9caf9ce6f4704b111f022b15740e51c84c2b7e14a6407,"{""distance"":7,""physical_error_rate"":0.001}","{""detection_events"":1472,""detectors_checked"":308224}"
     11264,         0,         0,   0.215,exact_mw,590a535fae2c18c7445aa3259c8038467453e1d6a10b68541c755b2dcb29eb74,"{""distance"":7,""physical_error_rate"":5e-05}","{""detection_events"":1685,""detectors_checked"":6780928}"
        16,         0,         0,   0.469,exact_mw,73653d459d83448bea9c32985aa9fd156ebef5824b05d1ed55d386d98a968072,"{""distance"":7,""physical_error_rate"":0.01}","{""detection_events"":395,""detectors_checked"":9632}"
        16,         7,         0,   0.466,exact_mw,0f36ab2f416ea2e248dded4e100ad4e56c6bc9d6a288fc2b58a364b6cb3b9030,"{""distance"":7,""physical_error_rate"":0.1}","{""detection_events"":2840,""detectors_checked"":9632,""obs_mistake_mask=E"":7}"
         4,         3,         0,   0.235,exact_mw,eaf6c0e366ca4ef858d4f05f9aa5827b452e47c06da5214dd4b433059c5f6ad5,"{""distance"":7,""physical_error_rate"":0.2}","{""detection_events"":972,""detectors_checked"":2408,""obs_mistake_mask=E"":3}"
         8,         4,         0,   0.395,exact_mw,c641915013202091ff5a6523ca1acdb371a70207f808e5be7753cd68f2436e97,"{""distance"":7,""physical_error_rate"":0.5}","{""detection_events"":2408,""detectors_checked"":4816,""obs_mistake_mask=E"":4}"
     35840,         0,         0,   0.796,exact_mw,590a535fae2c18c7445aa3259c8038467453e1d6a10b68541c755b2dcb29eb74,"{""distance"":7,""physical_error_rate"":5e-05}","{""detection_events"":5272,""detectors_checked"":21575680}"
         8,         2,         0,   0.469,exact_mw,6f5489aeee258679dc72a3e249dc8e02f40944f7ca4d24fa31eb242c8075b1b5,"{""distance"":7,""physical_error_rate"":0.05}","{""detection_events"":881,""detectors_checked"":4816,""obs_mistake_mask=E"":2}"
        16,         0,         0,   0.666,exact_mw,834abdd41b1b65931acfd3ee091dfffbb9772582814260e519c7dbaf7b14ebec,"{""distance"":7,""physical_error_rate"":0.02}","{""detection_events"":804,""detectors_checked"":9632}"
       128,         0,         0,   0.858,exact_mw,f9daf7670c28e8b8b7ac9af8e1984263f26063cb589f7a54f43332f7ce5001d2,"{""distance"":7,""physical_error_rate"":0.002}","{""detection_events"":732,""detectors_checked"":77056}"
         8,         2,         0,   0.360,exact_mw,6f5489aeee258679dc72a3e249dc8e02f40944f7ca4d24fa31eb242c8075b1b5,"{""distance"":7,""physical_error_rate"":0.05}","{""detection_events"":955,""detectors_checked"":4816,""obs_mistake_mask=E"":2}"
       128,         0,         0,   0.257,exact_mw,f9daf7670c28e8b8b7ac9af8e1984263f26063cb589f7a54f43332f7ce5001d2,"{""distance"":7,""physical_error_rate"":0.002}","{""detection_events"":696,""detectors_checked"":77056}"
         8,         1,         0,   0.343,exact_mw,6f5489aeee258679dc72a3e249dc8e02f40944f7ca4d24fa31eb242c8075b1b5,"{""distance"":7,""physical_error_rate"":0.05}","{""detection_events"":905,""detectors_checked"":4816,""obs_mistake_mask=E"":1}"
         8,         2,         0,   0.390,exact_mw,c641915013202091ff5a6523ca1acdb371a70207f808e5be7753cd68f2436e97,"{""distance"":7,""physical_error_rate"":0.5}","{""detection_events"":2411,""detectors_checked"":4816,""obs_mistake_mask=E"":2}"
         8,         3,         0,   0.427,exact_mw,eaf6c0e366ca4ef858d4f05f9aa5827b452e47c06da5214dd4b433059c5f6ad5,"{""distance"":7,""physical_error_rate"":0.2}","{""detection_events"":1991,""detectors_checked"":4816,""obs_mistake_mask=E"":3}"
     14336,         0,         0,   0.289,exact_mw,590a535fae2c18c7445aa3259c8038467453e1d6a10b68541c755b2dcb29eb74,"{""distance"":7,""physical_error_rate"":5e-05}","{""detection_events"":2109,""detectors_checked"":8630272}"
     10240,         0,         0,   0.572,exact_mw,fb98ac5f0d986856d2cb4e87c937a37162f60383230d2323a40d4b2e77ef556c,"{""distance"":7,""physical_error_rate"":0.0002}","{""detection_events"":5914,""detectors_checked"":6164480}"
       512,         0,         0,   0.481,exact_mw,a17a1dfb4cb0509fbcf9caf9ce6f4704b111f022b15740e51c84c2b7e14a6407,"{""distance"":7,""physical_error_rate"":0.001}","{""detection_events"":1443,""detectors_checked"":308224}"
         8,         0,         0,   0.415,exact_mw,834abdd41b1b65931acfd3ee091dfffbb9772582814260e519c7dbaf7b14ebec,"{""distance"":7,""physical_error_rate"":0.02}","{""detection_events"":439,""detectors_checked"":4816}"
         8,         6,         0,   0.424,exact_mw,0f36ab2f416ea2e248dded4e100ad4e56c6bc9d6a288fc2b58a364b6cb3b9030,"{""distance"":7,""physical_error_rate"":0.1}","{""detection_events"":1465,""detectors_checked"":4816,""obs_mistake_mask=E"":6}"
         8,         4,         0,   0.541,exact_mw,0f36ab2f416ea2e248dded4e100ad4e56c6bc9d6a288fc2b58a364b6cb3b9030,"{""distance"":7,""physical_error_rate"":0.1}","{""detection_events"":1456,""detectors_checked"":4816,""obs_mistake_mask=E"":4}"
      2048,         0,         0,   0.676,exact_mw,8973b2281876bd917be29e6214e197de75d185bf3f5e531e264555f10574746e,"{""distance"":7,""physical_error_rate"":0.0005}","{""detection_events"":3097,""detectors_checked"":1232896}"
        32,         0,         0,   0.469,exact_mw,a7c002779361d29bb296963a23dd35d34b706f38009a8e2e2f5aee9a5ee0acdb,"{""distance"":7,""physical_error_rate"":0.005}","{""detection_events"":437,""detectors_checked"":19264}"
        32,         0,         0,   0.643,exact_mw,a7c002779361d29bb296963a23dd35d34b706f38009a8e2e2f5aee9a5ee0acdb,"{""distance"":7,""physical_error_rate"":0.005}","{""detection_events"":478,""detectors_checked"":19264}"
         8,         4,         0,   0.421,exact_mw,eaf6c0e366ca4ef858d4f05f9aa5827b452e47c06da5214dd4b433059c5f6ad5,"{""distance"":7,""physical_error_rate"":0.2}","{""detection_events"":1974,""detectors_checked"":4816,""obs_mistake_mask=E"":4}"
        16,         1,         0,   0.768,exact_mw,834abdd41b1b65931acfd3ee091dfffbb9772582814260e519c7dbaf7b14ebec,"{""distance"":7,""physical_error_rate"":0.02}","{""detection_events"":712,""detectors_checked"":9632,""obs_mistake_mask=E"":1}"
     61440,         0,         0,   0.785,exact_mw,c5b9b378753080b028cc9d6f4434ddf95ab0a61b3333c7295fd718d5436747fc,"{""distance"":7,""physical_error_rate"":0.0001}","{""detection_events"":18394,""detectors_checked"":36986880}"
         1,         0,         0,   0.002,exact_mw,8973b2281876bd917be29e6214e197de75d185bf3f5e531e264555f10574746e,"{""distance"":7,""physical_error_rate"":0.0005}","{""detectors_checked"":602}"
       512,         0,         0,   0.623,exact_mw,a17a1dfb4cb0509fbcf9caf9ce6f4704b111f022b15740e51c84c2b7e14a6407,"{""distance"":7,""physical_error_rate"":0.001}","{""detection_events"":1408,""detectors_checked"":308224}"
       512,         0,         0,   0.680,exact_mw,a17a1dfb4cb0509fbcf9caf9ce6f4704b111f022b15740e51c84c2b7e14a6407,"{""distance"":7,""physical_error_rate"":0.001}","{""detection_events"":1525,""detectors_checked"":308224}"
         8,         2,         0,   0.416,exact_mw,c641915013202091ff5a6523ca1acdb371a70207f808e5be7753cd68f2436e97,"{""distance"":7,""physical_error_rate"":0.5}","{""detection_events"":2348,""detectors_checked"":4816,""obs_mistake_mask=E"":2}"
       272,         0,         0,   0.024,exact_mw,8973b2281876bd917be29e6214e197de75d185bf3f5e531e264555f10574746e,"{""distance"":7,""physical_error_rate"":0.0005}","{""detection_events"":438,""detectors_checked"":163744}"
       128,         0,         0,   0.605,exact_mw,f9daf7670c28e8b8b7ac9af8e1984263f26063cb589f7a54f43332f7ce5001d2,"{""distance"":7,""physical_error_rate"":0.002}","{""detection_events"":752,""detectors_checked"":77056}"
         8,         4,         0,   0.365,exact_mw,6f5489aeee258679dc72a3e249dc8e02f40944f7ca4d24fa31eb242c8075b1b5,"{""distance"":7,""physical_error_rate"":0.05}","{""detection_events"":909,""detectors_checked"":4816,""obs_mistake_mask=E"":4}"
         8,         3,         0,   0.334,exact_mw,6f5489aeee258679dc72a3e249dc8e02f40944f7ca4d24fa31eb242c8075b1b5,"{""distance"":7,""physical_error_rate"":0.05}","{""detection_events"":873,""detectors_checked"":4816,""obs_mistake_mask=E"":3}"
       512,         0,         0,   0.568,exact_mw,a17a1dfb4cb0509fbcf9caf9ce6f4704b111f022b15740e51c84c2b7e14a6407,"{""distance"":7,""physical_error_rate"":0.001}","{""detection_events"":1480,""detectors_checked"":308224}"
         8,         3,         0,   0.490,exact_mw,6f5489aeee258679dc72a3e249dc8e02f40944f7ca4d24fa31eb242c8075b1b5,"{""distance"":7,""physical_error_rate"":0.05}","{""detection_events"":864,""detectors_checked"":4816,""obs_mistake_mask=E"":3}"
        16,         1,         0,   0.844,exact_mw,834abdd41b1b65931acfd3ee091dfffbb9772582814260e519c7dbaf7b14ebec,"{""distance"":7,""physical_error_rate"":0.02}","{""detection_events"":860,""detectors_checked"":9632,""obs_mistake_mask=E"":1}"
     57344,         0,         0,   0.780,exact_mw,c5b9b378753080b028cc9d6f4434ddf95ab0a61b3333c7295fd718d5436747fc,"{""distance"":7,""physical_error_rate"":0.0001}","{""detection_events"":17110,""detectors_checked"":34521088}"
      9216,         1,         0,    1.61,exact_mw,8973b2281876bd917be29e6214e197de75d185bf3f5e531e264555f10574746e,"{""distance"":7,""physical_error_rate"":0.0005}","{""detection_events"":13532,""detectors_checked"":5548032,""obs_mistake_mask=E"":1}"
         8,         2,         0,   0.335,exact_mw,834abdd41b1b65931acfd3ee091dfffbb9772582814260e519c7dbaf7b14ebec,"{""distance"":7,""physical_error_rate"":0.02}","{""detection_events"":386,""detectors_checked"":4816,""obs_mistake_mask=E"":2}"
      1024,         0,         0,   0.156,exact_mw,8973b2281876bd917be29e6214e197de75d185bf3f5e531e264555f10574746e,"{""distance"":7,""physical_error_rate"":0.0005}","{""detection_events"":1517,""detectors_checked"":616448}"
       128,         0,         0,   0.537,exact_mw,f9daf7670c28e8b8b7ac9af8e1984263f26063cb589f7a54f43332f7ce5001d2,"{""distance"":7,""physical_error_rate"":0.002}","{""detection_events"":741,""detectors_checked"":77056}"
         8,         5,         0,   0.424,exact_mw,eaf6c0e366ca4ef858d4f05f9aa5827b452e47c06da5214dd4b433059c5f6ad5,"{""distance"":7,""physical_error_rate"":0.2}","{""detection_events"":1974,""detectors_checked"":4816,""obs_mistake_mask=E"":5}"
     31744,         0,         0,   0.412,exact_mw,590a535fae2c18c7445aa3259c8038467453e1d6a10b68541c755b2dcb29eb74,"{""distance"":7,""physical_error_rate"":5e-05}","{""detection_events"":4965,""detectors_checked"":19109888}"
        16,         7,         0,    1.92,exact_mw,c641915013202091ff5a6523ca1acdb371a70207f808e5be7753cd68f2436e97,"{""distance"":7,""physical_error_rate"":0.5}","{""detection_events"":4808,""detectors_checked"":9632,""obs_mistake_mask=E"":7}"
     77824,         0,         0,    1.56,exact_mw,fb98ac5f0d986856d2cb4e87c937a37162f60383230d2323a40d4b2e77ef556c,"{""distance"":7,""physical_error_rate"":0.0002}","{""detection_events"":45949,""detectors_checked"":46850048}"
         8,         5,         0,   0.381,exact_mw,0f36ab2f416ea2e248dded4e100ad4e56c6bc9d6a288fc2b58a364b6cb3b9030,"{""distance"":7,""physical_error_rate"":0.1}","{""detection_events"":1381,""detectors_checked"":4816,""obs_mistake_mask=E"":5}"
         8,         6,         0,   0.391,exact_mw,0f36ab2f416ea2e248dded4e100ad4e56c6bc9d6a288fc2b58a364b6cb3b9030,"{""distance"":7,""physical_error_rate"":0.1}","{""detection_events"":1343,""detectors_checked"":4816,""obs_mistake_mask=E"":6}"
        16,         5,         0,   0.873,exact_mw,6f5489aeee258679dc72a3e249dc8e02f40944f7ca4d24fa31eb242c8075b1b5,"{""distance"":7,""physical_error_rate"":0.05}","{""detection_events"":1765,""detectors_checked"":9632,""obs_mistake_mask=E"":5}"
      4096,         0,         0,   0.783,exact_mw,8973b2281876bd917be29e6214e197de75d185bf3f5e531e264555f10574746e,"{""distance"":7,""physical_error_rate"":0.0005}","{""detection_events"":5845,""detectors_checked"":2465792}"
        16,         7,         0,   0.781,exact_mw,0f36ab2f416ea2e248dded4e100ad4e56c6bc9d6a288fc2b58a364b6cb3b9030,"{""distance"":7,""physical_error_rate"":0.1}","{""detection_events"":2883,""detectors_checked"":9632,""obs_mistake_mask=E"":7}"
     68608,         0,         0,    1.54,exact_mw,fb98ac5f0d986856d2cb4e87c937a37162f60383230d2323a40d4b2e77ef556c,"{""distance"":7,""physical_error_rate"":0.0002}","{""detection_events"":40904,""detectors_checked"":41302016}"
       512,         0,         0,   0.332,exact_mw,a17a1dfb4cb0509fbcf9caf9ce6f4704b111f022b15740e51c84c2b7e14a6407,"{""distance"":7,""physical_error_rate"":0.001}","{""detection_events"":1519,""detectors_checked"":308224}"
        16,         0,         0,   0.731,exact_mw,834abdd41b1b65931acfd3ee091dfffbb9772582814260e519c7dbaf7b14ebec,"{""distance"":7,""physical_error_rate"":0.02}","{""detection_events"":876,""detectors_checked"":9632}"
         4,         4,         0,   0.946,exact_mw,eaf6c0e366ca4ef858d4f05f9aa5827b452e47c06da5214dd4b433059c5f6ad5,"{""distance"":7,""physical_error_rate"":0.2}","{""detection_events"":959,""detectors_checked"":2408,""obs_mistake_mask=E"":4}"
      1024,         0,         0,   0.178,exact_mw,8973b2281876bd917be29e6214e197de75d185bf3f5e531e264555f10574746e,"{""distance"":7,""physical_error_rate"":0.0005}","{""detection_events"":1577,""detectors_checked"":616448}"
        48,         0,         0,   0.879,exact_mw,73653d459d83448bea9c32985aa9fd156ebef5824b05d1ed55d386d98a968072,"{""distance"":7,""physical_error_rate"":0.01}","{""detection_events"":1399,""detectors_checked"":28896}"
         8,         3,         0,   0.347,exact_mw,6f5489aeee258679dc72a3e249dc8e02f40944f7ca4d24fa31eb242c8075b1b5,"{""distance"":7,""physical_error_rate"":0.05}","{""detection_events"":880,""detectors_checked"":4816,""obs_mistake_mask=E"":3}"
        64,         2,         0,    1.35,exact_mw,73653d459d83448bea9c32985aa9fd156ebef5824b05d1ed55d386d98a968072,"{""distance"":7,""physical_error_rate"":0.01}","{""detection_events"":1661,""detectors_checked"":38528,""obs_mistake_mask=E"":2}"
         8,         3,         0,   0.337,exact_mw,6f5489aeee258679dc72a3e249dc8e02f40944f7ca4d24fa31eb242c8075b1b5,"{""distance"":7,""physical_error_rate"":0.05}","{""detection_events"":870,""detectors_checked"":4816,""obs_mistake_mask=E"":3}"
         8,         4,         0,   0.409,exact_mw,c641915013202091ff5a6523ca1acdb371a70207f808e5be7753cd68f2436e97,"{""distance"":7,""physical_error_rate"":0.5}","{""detection_events"":2409,""detectors_checked"":4816,""obs_mistake_mask=E"":4}"
         8,         4,         0,   0.440,exact_mw,eaf6c0e366ca4ef858d4f05f9aa5827b452e47c06da5214dd4b433059c5f6ad5,"{""distance"":7,""physical_error_rate"":0.2}","{""detection_events"":1942,""detectors_checked"":4816,""obs_mistake_mask=E"":4}"
         8,         0,         0,   0.282,exact_mw,834abdd41b1b65931acfd3ee091dfffbb9772582814260e519c7dbaf7b14ebec,"{""distance"":7,""physical_error_rate"":0.02}","{""detection_events"":414,""detectors_checked"":4816}"
      1024,         0,         0,   0.135,exact_mw,8973b2281876bd917be29e6214e197de75d185bf3f5e531e264555f10574746e,"{""distance"":7,""physical_error_rate"":0.0005}","{""detection_events"":1454,""detectors_checked"":616448}"
         8,         5,         0,   0.408,exact_mw,6f5489aeee258679dc72a3e249dc8e02f40944f7ca4d24fa31eb242c8075b1b5,"{""distance"":7,""physical_error_rate"":0.05}","{""detection_events"":974,""detectors_checked"":4816,""obs_mistake_mask=E"":5}"
        16,        10,         0,   0.785,exact_mw,c641915013202091ff5a6523ca1acdb371a70207f808e5be7753cd68f2436e97,"{""distance"":7,""physical_error_rate"":0.5}","{""detection_events"":4788,""detectors_checked"":9632,""obs_mistake_mask=E"":10}"
        32,         0,         0,   0.560,exact_mw,a7c002779361d29bb296963a23dd35d34b706f38009a8e2e2f5aee9a5ee0acdb,"{""distance"":7,""physical_error_rate"":0.005}","{""detection_events"":508,""detectors_checked"":19264}"
       512,         0,         0,   0.503,exact_mw,a17a1dfb4cb0509fbcf9caf9ce6f4704b111f022b15740e51c84c2b7e14a6407,"{""distance"":7,""physical_error_rate"":0.001}","{""detection_events"":1476,""detectors_checked"":308224}"
        16,         0,         0,   0.584,exact_mw,834abdd41b1b65931acfd3ee091dfffbb9772582814260e519c7dbaf7b14ebec,"{""distance"":7,""physical_error_rate"":0.02}","{""detection_events"":799,""detectors_checked"":9632}"
      6144,         0,         0,   0.796,exact_mw,fb98ac5f0d986856d2cb4e87c937a37162f60383230d2323a40d4b2e77ef556c,"{""distance"":7,""physical_error_rate"":0.0002}","{""detection_events"":3800,""detectors_checked"":3698688}"
      1024,         0,         0,   0.082,exact_mw,8973b2281876bd917be29e6214e197de75d185bf3f5e531e264555f10574746e,"{""distance"":7,""physical_error_rate"":0.0005}","{""detection_events"":1519,""detectors_checked"":616448}"
       128,         0,         0,   0.425,exact_mw,f9daf7670c28e8b8b7ac9af8e1984263f26063cb589f7a54f43332f7ce5001d2,"{""distance"":7,""physical_error_rate"":0.002}","{""detection_events"":786,""detectors_checked"":77056}"
         8,         3,         0,   0.439,exact_mw,eaf6c0e366ca4ef858d4f05f9aa5827b452e47c06da5214dd4b433059c5f6ad5,"{""distance"":7,""physical_error_rate"":0.2}","{""detection_events"":1936,""detectors_checked"":4816,""obs_mistake_mask=E"":3}"
         8,         3,         0,   0.396,exact_mw,0f36ab2f416ea2e248dded4e100ad4e56c6bc9d6a288fc2b58a364b6cb3b9030,"{""distance"":7,""physical_error_rate"":0.1}","{""detection_events"":1384,""detectors_checked"":4816,""obs_mistake_mask=E"":3}"
         8,         5,         0,   0.473,exact_mw,0f36ab2f416ea2e248dded4e100ad4e56c6bc9d6a288fc2b58a364b6cb3b9030,"{""distance"":7,""physical_error_rate"":0.1}","{""detection_events"":1325,""detectors_checked"":4816,""obs_mistake_mask=E"":5}"
      4096,         0,         0,   0.838,exact_mw,8973b2281876bd917be29e6214e197de75d185bf3f5e531e264555f10574746e,"{""distance"":7,""physical_error_rate"":0.0005}","{""detection_events"":5938,""detectors_checked"":2465792}"
        16,         3,         0,   0.635,exact_mw,834abdd41b1b65931acfd3ee091dfffbb9772582814260e519c7dbaf7b14ebec,"{""distance"":7,""physical_error_rate"":0.02}","{""detection_events"":838,""detectors_checked"":9632,""obs_mistake_mask=E"":3}"
         8,         3,         0,   0.339,exact_mw,6f5489aeee258679dc72a3e249dc8e02f40944f7ca4d24fa31eb242c8075b1b5,"{""distance"":7,""physical_error_rate"":0.05}","{""detection_events"":808,""detectors_checked"":4816,""obs_mistake_mask=E"":3}"
     43008,         0,         0,   0.569,exact_mw,590a535fae2c18c7445aa3259c8038467453e1d6a10b68541c755b2dcb29eb74,"{""distance"":7,""physical_error_rate"":5e-05}","{""detection_events"":6327,""detectors_checked"":25890816}"
     18432,         0,         0,    1.19,exact_mw,590a535fae2c18c7445aa3259c8038467453e1d6a10b68541c755b2dcb29eb74,"{""distance"":7,""physical_error_rate"":5e-05}","{""detection_events"":2807,""detectors_checked"":11096064}"
         8,         3,         0,   0.383,exact_mw,6f5489aeee258679dc72a3e249dc8e02f40944f7ca4d24fa31eb242c8075b1b5,"{""distance"":7,""physical_error_rate"":0.05}","{""detection_events"":950,""detectors_checked"":4816,""obs_mistake_mask=E"":3}"
         8,         5,         0,   0.587,exact_mw,c641915013202091ff5a6523ca1acdb371a70207f808e5be7753cd68f2436e97,"{""distance"":7,""physical_error_rate"":0.5}","{""detection_events"":2401,""detectors_checked"":4816,""obs_mistake_mask=E"":5}"
       512,         0,         0,   0.462,exact_mw,a17a1dfb4cb0509fbcf9caf9ce6f4704b111f022b15740e51c84c2b7e14a6407,"{""distance"":7,""physical_error_rate"":0.001}","{""detection_events"":1604,""detectors_checked"":308224}"
      1024,         0,         0,   0.228,exact_mw,8973b2281876bd917be29e6214e197de75d185bf3f5e531e264555f10574746e,"{""distance"":7,""physical_error_rate"":0.0005}","{""detection_events"":1483,""detectors_checked"":616448}"
         8,         5,         0,   0.416,exact_mw,c641915013202091ff5a6523ca1acdb371a70207f808e5be7753cd68f2436e97,"{""distance"":7,""physical_error_rate"":0.5}","{""detection_events"":2431,""detectors_checked"":4816,""obs_mistake_mask=E"":5}"
        64,         0,         0,   0.937,exact_mw,a7c002779361d29bb296963a23dd35d34b706f38009a8e2e2f5aee9a5ee0acdb,"{""distance"":7,""physical_error_rate"":0.005}","{""detection_events"":867,""detectors_checked"":38528}"
      1024,         0,         0,   0.882,exact_mw,a17a1dfb4cb0509fbcf9caf9ce6f4704b111f022b15740e51c84c2b7e14a6407,"{""distance"":7,""physical_error_rate"":0.001}","{""detection_events"":2913,""detectors_checked"":616448}"
         8,         5,         0,   0.446,exact_mw,eaf6c0e366ca4ef858d4f05f9aa5827b452e47c06da5214dd4b433059c5f6ad5,"{""distance"":7,""physical_error_rate"":0.2}","{""detection_events"":1962,""detectors_checked"":4816,""obs_mistake_mask=E"":5}"
       256,         0,         0,    1.24,exact_mw,f9daf7670c28e8b8b7ac9af8e1984263f26063cb589f7a54f43332f7ce5001d2,"{""distance"":7,""physical_error_rate"":0.002}","{""detection_events"":1613,""detectors_checked"":154112}"
    130048,         0,         0,    2.16,exact_mw,c5b9b378753080b028cc9d6f4434ddf95ab0a61b3333c7295fd718d5436747fc,"{""distance"":7,""physical_error_rate"":0.0001}","{""detection_events"":38132,""detectors_checked"":78288896}"
       128,         0,         0,   0.923,exact_mw,f9daf7670c28e8b8b7ac9af8e1984263f26063cb589f7a54f43332f7ce5001d2,"{""distance"":7,""physical_error_rate"":0.002}","{""detection_events"":753,""detectors_checked"":77056}"
      1024,         0,         0,   0.157,exact_mw,8973b2281876bd917be29e6214e197de75d185bf3f5e531e264555f10574746e,"{""distance"":7,""physical_error_rate"":0.0005}","{""detection_events"":1643,""detectors_checked"":616448}"
        32,         0,         0,   0.427,exact_mw,a7c002779361d29bb296963a23dd35d34b706f38009a8e2e2f5aee9a5ee0acdb,"{""distance"":7,""physical_error_rate"":0.005}","{""detection_events"":363,""detectors_checked"":19264}"
     23552,         0,         0,    1.60,exact_mw,c5b9b378753080b028cc9d6f4434ddf95ab0a61b3333c7295fd718d5436747fc,"{""distance"":7,""physical_error_rate"":0.0001}","{""detection_events"":7056,""detectors_checked"":14178304}"
         8,         4,         0,   0.424,exact_mw,eaf6c0e366ca4ef858d4f05f9aa5827b452e47c06da5214dd4b433059c5f6ad5,"{""distance"":7,""physical_error_rate"":0.2}","{""detection_events"":2012,""detectors_checked"":4816,""obs_mistake_mask=E"":4}"
         8,         1,         0,   0.409,exact_mw,0f36ab2f416ea2e248dded4e100ad4e56c6bc9d6a288fc2b58a364b6cb3b9030,"{""distance"":7,""physical_error_rate"":0.1}","{""detection_events"":1374,""detectors_checked"":4816,""obs_mistake_mask=E"":1}"
        16,         1,         0,   0.615,exact_mw,834abdd41b1b65931acfd3ee091dfffbb9772582814260e519c7dbaf7b14ebec,"{""distance"":7,""physical_error_rate"":0.02}","{""detection_events"":795,""detectors_checked"":9632,""obs_mistake_mask=E"":1}"
         8,         3,         0,   0.382,exact_mw,0f36ab2f416ea2e248dded4e100ad4e56c6bc9d6a288fc2b58a364b6cb3b9030,"{""distance"":7,""physical_error_rate"":0.1}","{""detection_events"":1369,""detectors_checked"":4816,""obs_mistake_mask=E"":3}"
        16,         9,         0,   0.791,exact_mw,0f36ab2f416ea2e248dded4e100ad4e56c6bc9d6a288fc2b58a364b6cb3b9030,"{""distance"":7,""physical_error_rate"":0.1}","{""detection_events"":2783,""detectors_checked"":9632,""obs_mistake_mask=E"":9}"
         8,         1,         0,   0.345,exact_mw,6f5489aeee258679dc72a3e249dc8e02f40944f7ca4d24fa31eb242c8075b1b5,"{""distance"":7,""physical_error_rate"":0.05}","{""detection_events"":848,""detectors_checked"":4816,""obs_mistake_mask=E"":1}"
      4096,         0,         0,   0.866,exact_mw,8973b2281876bd917be29e6214e197de75d185bf3f5e531e264555f10574746e,"{""distance"":7,""physical_error_rate"":0.0005}","{""detection_events"":6082,""detectors_checked"":2465792}"
     81920,         0,         0,    1.12,exact_mw,c5b9b378753080b028cc9d6f4434ddf95ab0a61b3333c7295fd718d5436747fc,"{""distance"":7,""physical_error_rate"":0.0001}","{""detection_events"":24107,""detectors_checked"":49315840}"
       512,         0,         0,   0.376,exact_mw,a17a1dfb4cb0509fbcf9caf9ce6f4704b111f022b15740e51c84c2b7e14a6407,"{""distance"":7,""physical_error_rate"":0.001}","{""detection_events"":1669,""detectors_checked"":308224}"
        16,         0,         0,   0.829,exact_mw,834abdd41b1b65931acfd3ee091dfffbb9772582814260e519c7dbaf7b14ebec,"{""distance"":7,""physical_error_rate"":0.02}","{""detection_events"":845,""detectors_checked"":9632}"
     82944,         0,         0,    1.11,exact_mw,c5b9b378753080b028cc9d6f4434ddf95ab0a61b3333c7295fd718d5436747fc,"{""distance"":7,""physical_error_rate"":0.0001}","{""detection_events"":24420,""detectors_checked"":49932288}"
        16,         1,         0,   0.733,exact_mw,6f5489aeee258679dc72a3e249dc8e02f40944f7ca4d24fa31eb242c8075b1b5,"{""distance"":7,""physical_error_rate"":0.05}","{""detection_events"":1776,""detectors_checked"":9632,""obs_mistake_mask=E"":1}"
         8,         2,         0,   0.416,exact_mw,c641915013202091ff5a6523ca1acdb371a70207f808e5be7753cd68f2436e97,"{""distance"":7,""physical_error_rate"":0.5}","{""detection_events"":2426,""detectors_checked"":4816,""obs_mistake_mask=E"":2}"
        32,         0,         0,   0.867,exact_mw,73653d459d83448bea9c32985aa9fd156ebef5824b05d1ed55d386d98a968072,"{""distance"":7,""physical_error_rate"":0.01}","{""detection_events"":931,""detectors_checked"":19264}"
       128,         0,         0,   0.676,exact_mw,f9daf7670c28e8b8b7ac9af8e1984263f26063cb589f7a54f43332f7ce5001d2,"{""distance"":7,""physical_error_rate"":0.002}","{""detection_events"":758,""detectors_checked"":77056}"
        16,         9,         0,   0.777,exact_mw,c641915013202091ff5a6523ca1acdb371a70207f808e5be7753cd68f2436e97,"{""distance"":7,""physical_error_rate"":0.5}","{""detection_events"":4696,""detectors_checked"":9632,""obs_mistake_mask=E"":9}"
        16,         1,         0,   0.710,exact_mw,834abdd41b1b65931acfd3ee091dfffbb9772582814260e519c7dbaf7b14ebec,"{""distance"":7,""physical_error_rate"":0.02}","{""detection_events"":870,""detectors_checked"":9632,""obs_mistake_mask=E"":1}"
         8,         3,         0,   0.432,exact_mw,eaf6c0e366ca4ef858d4f05f9aa5827b452e47c06da5214dd4b433059c5f6ad5,"{""distance"":7,""physical_error_rate"":0.2}","{""detection_events"":1964,""detectors_checked"":4816,""obs_mistake_mask=E"":3}"
      2048,         0,         0,   0.391,exact_mw,8973b2281876bd917be29e6214e197de75d185bf3f5e531e264555f10574746e,"{""distance"":7,""physical_error_rate"":0.0005}","{""detection_events"":2974,""detectors_checked"":1232896}"
        32,         1,         0,   0.957,exact_mw,73653d459d83448bea9c32985aa9fd156ebef5824b05d1ed55d386d98a968072,"{""distance"":7,""physical_error_rate"":0.01}","{""detection_events"":997,""detectors_checked"":19264,""obs_mistake_mask=E"":1}"
         8,         4,         0,   0.599,exact_mw,c641915013202091ff5a6523ca1acdb371a70207f808e5be7753cd68f2436e97,"{""distance"":7,""physical_error_rate"":0.5}","{""detection_events"":2464,""detectors_checked"":4816,""obs_mistake_mask=E"":4}"
       512,         0,         0,   0.835,exact_mw,a17a1dfb4cb0509fbcf9caf9ce6f4704b111f022b15740e51c84c2b7e14a6407,"{""distance"":7,""physical_error_rate"":0.001}","{""detection_events"":1587,""detectors_checked"":308224}"
        16,         8,         0,   0.723,exact_mw,6f5489aeee258679dc72a3e249dc8e02f40944f7ca4d24fa31eb242c8075b1b5,"{""distance"":7,""physical_error_rate"":0.05}","{""detection_events"":1785,""detectors_checked"":9632,""obs_mistake_mask=E"":8}"
         4,         3,         0,    1.14,exact_mw,eaf6c0e366ca4ef858d4f05f9aa5827b452e47c06da5214dd4b433059c5f6ad5,"{""distance"":7,""physical_error_rate"":0.2}","{""detection_events"":959,""detectors_checked"":2408,""obs_mistake_mask=E"":3}"
         8,         3,         0,   0.439,exact_mw,eaf6c0e366ca4ef858d4f05f9aa5827b452e47c06da5214dd4b433059c5f6ad5,"{""distance"":7,""physical_error_rate"":0.2}","{""detection_events"":1957,""detectors_checked"":4816,""obs_mistake_mask=E"":3}"
         8,         2,         0,   0.434,exact_mw,0f36ab2f416ea2e248dded4e100ad4e56c6bc9d6a288fc2b58a364b6cb3b9030,"{""distance"":7,""physical_error_rate"":0.1}","{""detection_events"":1358,""detectors_checked"":4816,""obs_mistake_mask=E"":2}"
     60416,         0,         0,   0.779,exact_mw,590a535fae2c18c7445aa3259c8038467453e1d6a10b68541c755b2dcb29eb74,"{""distance"":7,""physical_error_rate"":5e-05}","{""detection_events"":8407,""detectors_checked"":36370432}"
       512,         0,         0,   0.436,exact_mw,a17a1dfb4cb0509fbcf9caf9ce6f4704b111f022b15740e51c84c2b7e14a6407,"{""distance"":7,""physical_error_rate"":0.001}","{""detection_events"":1530,""detectors_checked"":308224}"
        32,        11,         0,    1.37,exact_mw,6f5489aeee258679dc72a3e249dc8e02f40944f7ca4d24fa31eb242c8075b1b5,"{""distance"":7,""physical_error_rate"":0.05}","{""detection_events"":3559,""detectors_checked"":19264,""obs_mistake_mask=E"":11}"
        16,         0,         0,   0.618,exact_mw,834abdd41b1b65931acfd3ee091dfffbb9772582814260e519c7dbaf7b14ebec,"{""distance"":7,""physical_error_rate"":0.02}","{""detection_events"":794,""detectors_checked"":9632}"
       512,         0,         0,    1.90,exact_mw,a17a1dfb4cb0509fbcf9caf9ce6f4704b111f022b15740e51c84c2b7e14a6407,"{""distance"":7,""physical_error_rate"":0.001}","{""detection_events"":1585,""detectors_checked"":308224}"
      9216,         0,         0,    1.14,exact_mw,fb98ac5f0d986856d2cb4e87c937a37162f60383230d2323a40d4b2e77ef556c,"{""distance"":7,""physical_error_rate"":0.0002}","{""detection_events"":5478,""detectors_checked"":5548032}"
      1024,         0,         0,   0.836,exact_mw,a17a1dfb4cb0509fbcf9caf9ce6f4704b111f022b15740e51c84c2b7e14a6407,"{""distance"":7,""physical_error_rate"":0.001}","{""detection_events"":3134,""detectors_checked"":616448}"
      2048,         0,         0,   0.387,exact_mw,8973b2281876bd917be29e6214e197de75d185bf3f5e531e264555f10574746e,"{""distance"":7,""physical_error_rate"":0.0005}","{""detection_events"":3018,""detectors_checked"":1232896}"
       128,         0,         0,   0.786,exact_mw,f9daf7670c28e8b8b7ac9af8e1984263f26063cb589f7a54f43332f7ce5001d2,"{""distance"":7,""physical_error_rate"":0.002}","{""detection_events"":720,""detectors_checked"":77056}"
         8,         5,         0,   0.404,exact_mw,eaf6c0e366ca4ef858d4f05f9aa5827b452e47c06da5214dd4b433059c5f6ad5,"{""distance"":7,""physical_error_rate"":0.2}","{""detection_events"":1978,""detectors_checked"":4816,""obs_mistake_mask=E"":5}"
        16,         5,         0,   0.776,exact_mw,0f36ab2f416ea2e248dded4e100ad4e56c6bc9d6a288fc2b58a364b6cb3b9030,"{""distance"":7,""physical_error_rate"":0.1}","{""detection_events"":2789,""detectors_checked"":9632,""obs_mistake_mask=E"":5}"
       192,         0,         0,    3.34,exact_mw,a7c002779361d29bb296963a23dd35d34b706f38009a8e2e2f5aee9a5ee0acdb,"{""distance"":7,""physical_error_rate"":0.005}","{""detection_events"":2823,""detectors_checked"":115584}"
        16,         5,         0,   0.722,exact_mw,6f5489aeee258679dc72a3e249dc8e02f40944f7ca4d24fa31eb242c8075b1b5,"{""distance"":7,""physical_error_rate"":0.05}","{""detection_events"":1849,""detectors_checked"":9632,""obs_mistake_mask=E"":5}"
       128,         0,         0,   0.577,exact_mw,f9daf7670c28e8b8b7ac9af8e1984263f26063cb589f7a54f43332f7ce5001d2,"{""distance"":7,""physical_error_rate"":0.002}","{""detection_events"":830,""detectors_checked"":77056}"
        64,         0,         0,   0.862,exact_mw,a7c002779361d29bb296963a23dd35d34b706f38009a8e2e2f5aee9a5ee0acdb,"{""distance"":7,""physical_error_rate"":0.005}","{""detection_events"":969,""detectors_checked"":38528}"
      5120,         0,         0,    1.17,exact_mw,8973b2281876bd917be29e6214e197de75d185bf3f5e531e264555f10574746e,"{""distance"":7,""physical_error_rate"":0.0005}","{""detection_events"":7401,""detectors_checked"":3082240}"
        16,         4,         0,   0.794,exact_mw,0f36ab2f416ea2e248dded4e100ad4e56c6bc9d6a288fc2b58a364b6cb3b9030,"{""distance"":7,""physical_error_rate"":0.1}","{""detection_events"":2755,""detectors_checked"":9632,""obs_mistake_mask=E"":4}"
         8,         4,         0,   0.608,exact_mw,c641915013202091ff5a6523ca1acdb371a70207f808e5be7753cd68f2436e97,"{""distance"":7,""physical_error_rate"":0.5}","{""detection_events"":2361,""detectors_checked"":4816,""obs_mistake_mask=E"":4}"
        32,         1,         0,    1.25,exact_mw,834abdd41b1b65931acfd3ee091dfffbb9772582814260e519c7dbaf7b14ebec,"{""distance"":7,""physical_error_rate"":0.02}","{""detection_events"":1603,""detectors_checked"":19264,""obs_mistake_mask=E"":1}"
       256,         1,         0,    1.09,exact_mw,f9daf7670c28e8b8b7ac9af8e1984263f26063cb589f7a54f43332f7ce5001d2,"{""distance"":7,""physical_error_rate"":0.002}","{""detection_events"":1597,""detectors_checked"":154112,""obs_mistake_mask=E"":1}"
       512,         0,         0,   0.417,exact_mw,a17a1dfb4cb0509fbcf9caf9ce6f4704b111f022b15740e51c84c2b7e14a6407,"{""distance"":7,""physical_error_rate"":0.001}","{""detection_events"":1553,""detectors_checked"":308224}"
        16,         6,         0,   0.830,exact_mw,c641915013202091ff5a6523ca1acdb371a70207f808e5be7753cd68f2436e97,"{""distance"":7,""physical_error_rate"":0.5}","{""detection_events"":4844,""detectors_checked"":9632,""obs_mistake_mask=E"":6}"
        32,         1,         0,   0.821,exact_mw,73653d459d83448bea9c32985aa9fd156ebef5824b05d1ed55d386d98a968072,"{""distance"":7,""physical_error_rate"":0.01}","{""detection_events"":904,""detectors_checked"":19264,""obs_mistake_mask=E"":1}"
        16,         1,         0,   0.899,exact_mw,834abdd41b1b65931acfd3ee091dfffbb9772582814260e519c7dbaf7b14ebec,"{""distance"":7,""physical_error_rate"":0.02}","{""detection_events"":878,""detectors_checked"":9632,""obs_mistake_mask=E"":1}"
        16,         9,         0,   0.803,exact_mw,c641915013202091ff5a6523ca1acdb371a70207f808e5be7753cd68f2436e97,"{""distance"":7,""physical_error_rate"":0.5}","{""detection_events"":4879,""detectors_checked"":9632,""obs_mistake_mask=E"":9}"
        16,         5,         0,   0.698,exact_mw,6f5489aeee258679dc72a3e249dc8e02f40944f7ca4d24fa31eb242c8075b1b5,"{""distance"":7,""physical_error_rate"":0.05}","{""detection_events"":1739,""detectors_checked"":9632,""obs_mistake_mask=E"":5}"
      2048,         0,         0,   0.412,exact_mw,8973b2281876bd917be29e6214e197de75d185bf3f5e531e264555f10574746e,"{""distance"":7,""physical_error_rate"":0.0005}","{""detection_events"":3313,""detectors_checked"":1232896}"
         8,         2,         0,   0.440,exact_mw,eaf6c0e366ca4ef858d4f05f9aa5827b452e47c06da5214dd4b433059c5f6ad5,"{""distance"":7,""physical_error_rate"":0.2}","{""detection_events"":1968,""detectors_checked"":4816,""obs_mistake_mask=E"":2}"
        24,         9,         0,    1.03,exact_mw,6f5489aeee258679dc72a3e249dc8e02f40944f7ca4d24fa31eb242c8075b1b5,"{""distance"":7,""physical_error_rate"":0.05}","{""detection_events"":2651,""detectors_checked"":14448,""obs_mistake_mask=E"":9}"
        16,         0,         0,   0.577,exact_mw,834abdd41b1b65931acfd3ee091dfffbb9772582814260e519c7dbaf7b14ebec,"{""distance"":7,""physical_error_rate"":0.02}","{""detection_events"":799,""detectors_checked"":9632}"
      5120,         0,         0,    1.15,exact_mw,8973b2281876bd917be29e6214e197de75d185bf3f5e531e264555f10574746e,"{""distance"":7,""physical_error_rate"":0.0005}","{""detection_events"":7740,""detectors_checked"":3082240}"
        16,         6,         0,   0.779,exact_mw,0f36ab2f416ea2e248dded4e100ad4e56c6bc9d6a288fc2b58a364b6cb3b9030,"{""distance"":7,""physical_error_rate"":0.1}","{""detection_events"":2856,""detectors_checked"":9632,""obs_mistake_mask=E"":6}"
        16,         9,         0,   0.841,exact_mw,eaf6c0e366ca4ef858d4f05f9aa5827b452e47c06da5214dd4b433059c5f6ad5,"{""distance"":7,""physical_error_rate"":0.2}","{""detection_events"":3956,""detectors_checked"":9632,""obs_mistake_mask=E"":9}"
     21504,         0,         0,    1.61,exact_mw,590a535fae2c18c7445aa3259c8038467453e1d6a10b68541c755b2dcb29eb74,"{""distance"":7,""physical_error_rate"":5e-05}","{""detection_events"":3231,""detectors_checked"":12945408}"
        32,         1,         0,    1.12,exact_mw,834abdd41b1b65931acfd3ee091dfffbb9772582814260e519c7dbaf7b14ebec,"{""distance"":7,""physical_error_rate"":0.02}","{""detection_events"":1771,""detectors_checked"":19264,""obs_mistake_mask=E"":1}"
     89088,         0,         0,    2.18,exact_mw,fb98ac5f0d986856d2cb4e87c937a37162f60383230d2323a40d4b2e77ef556c,"{""distance"":7,""physical_error_rate"":0.0002}","{""detection_events"":52843,""detectors_checked"":53630976}"
       128,         0,         0,   0.572,exact_mw,f9daf7670c28e8b8b7ac9af8e1984263f26063cb589f7a54f43332f7ce5001d2,"{""distance"":7,""physical_error_rate"":0.002}","{""detection_events"":776,""detectors_checked"":77056}"
        32,         0,         0,   0.575,exact_mw,a7c002779361d29bb296963a23dd35d34b706f38009a8e2e2f5aee9a5ee0acdb,"{""distance"":7,""physical_error_rate"":0.005}","{""detection_events"":476,""detectors_checked"":19264}"
     95232,         0,         0,    2.16,exact_mw,fb98ac5f0d986856d2cb4e87c937a37162f60383230d2323a40d4b2e77ef556c,"{""distance"":7,""physical_error_rate"":0.0002}","{""detection_events"":56622,""detectors_checked"":57329664}"
       256,         0,         0,   0.756,exact_mw,a17a1dfb4cb0509fbcf9caf9ce6f4704b111f022b15740e51c84c2b7e14a6407,"{""distance"":7,""physical_error_rate"":0.001}","{""detection_events"":640,""detectors_checked"":154112}"
     16384,         0,         0,    2.38,exact_mw,8973b2281876bd917be29e6214e197de75d185bf3f5e531e264555f10574746e,"{""distance"":7,""physical_error_rate"":0.0005}","{""detection_events"":23632,""detectors_checked"":9863168}"
        16,         1,         0,   0.445,exact_mw,834abdd41b1b65931acfd3ee091dfffbb9772582814260e519c7dbaf7b14ebec,"{""distance"":7,""physical_error_rate"":0.02}","{""detection_events"":808,""detectors_checked"":9632,""obs_mistake_mask=E"":1}"
      1024,         0,         0,    1.14,exact_mw,a17a1dfb4cb0509fbcf9caf9ce6f4704b111f022b15740e51c84c2b7e14a6407,"{""distance"":7,""physical_error_rate"":0.001}","{""detection_events"":2998,""detectors_checked"":616448}"
        16,         2,         0,   0.715,exact_mw,6f5489aeee258679dc72a3e249dc8e02f40944f7ca4d24fa31eb242c8075b1b5,"{""distance"":7,""physical_error_rate"":0.05}","{""detection_events"":1783,""detectors_checked"":9632,""obs_mistake_mask=E"":2}"
         8,         3,         0,   0.582,exact_mw,c641915013202091ff5a6523ca1acdb371a70207f808e5be7753cd68f2436e97,"{""distance"":7,""physical_error_rate"":0.5}","{""detection_events"":2368,""detectors_checked"":4816,""obs_mistake_mask=E"":3}"
         8,         5,         0,   0.433,exact_mw,eaf6c0e366ca4ef858d4f05f9aa5827b452e47c06da5214dd4b433059c5f6ad5,"{""distance"":7,""physical_error_rate"":0.2}","{""detection_events"":1953,""detectors_checked"":4816,""obs_mistake_mask=E"":5}"
        16,        11,         0,   0.821,exact_mw,0f36ab2f416ea2e248dded4e100ad4e56c6bc9d6a288fc2b58a364b6cb3b9030,"{""distance"":7,""physical_error_rate"":0.1}","{""detection_events"":2838,""detectors_checked"":9632,""obs_mistake_mask=E"":11}"
     90112,         0,         0,    1.11,exact_mw,590a535fae2c18c7445aa3259c8038467453e1d6a10b68541c755b2dcb29eb74,"{""distance"":7,""physical_error_rate"":5e-05}","{""detection_events"":13272,""detectors_checked"":54247424}"
    115712,         0,         0,    1.55,exact_mw,c5b9b378753080b028cc9d6f4434ddf95ab0a61b3333c7295fd718d5436747fc,"{""distance"":7,""physical_error_rate"":0.0001}","{""detection_events"":34160,""detectors_checked"":69658624}"
      4096,         0,         0,   0.523,exact_mw,8973b2281876bd917be29e6214e197de75d185bf3f5e531e264555f10574746e,"{""distance"":7,""physical_error_rate"":0.0005}","{""detection_events"":5970,""detectors_checked"":2465792}"
        16,         4,         0,   0.803,exact_mw,0f36ab2f416ea2e248dded4e100ad4e56c6bc9d6a288fc2b58a364b6cb3b9030,"{""distance"":7,""physical_error_rate"":0.1}","{""detection_events"":2851,""detectors_checked"":9632,""obs_mistake_mask=E"":4}"
    115712,         0,         0,    1.56,exact_mw,c5b9b378753080b028cc9d6f4434ddf95ab0a61b3333c7295fd718d5436747fc,"{""distance"":7,""physical_error_rate"":0.0001}","{""detection_events"":33800,""detectors_checked"":69658624}"
      1024,         0,         0,   0.803,exact_mw,a17a1dfb4cb0509fbcf9caf9ce6f4704b111f022b15740e51c84c2b7e14a6407,"{""distance"":7,""physical_error_rate"":0.001}","{""detection_events"":3051,""detectors_checked"":616448}"
        16,         0,         0,   0.313,exact_mw,834abdd41b1b65931acfd3ee091dfffbb9772582814260e519c7dbaf7b14ebec,"{""distance"":7,""physical_error_rate"":0.02}","{""detection_events"":810,""detectors_checked"":9632}"
         1,         0,         0,   0.013,exact_mw,fb98ac5f0d986856d2cb4e87c937a37162f60383230d2323a40d4b2e77ef556c,"{""distance"":7,""physical_error_rate"":0.0002}","{""detectors_checked"":602}"
       256,         0,         0,    1.13,exact_mw,f9daf7670c28e8b8b7ac9af8e1984263f26063cb589f7a54f43332f7ce5001d2,"{""distance"":7,""physical_error_rate"":0.002}","{""detection_events"":1434,""detectors_checked"":154112}"
        16,         9,         0,   0.825,exact_mw,c641915013202091ff5a6523ca1acdb371a70207f808e5be7753cd68f2436e97,"{""distance"":7,""physical_error_rate"":0.5}","{""detection_events"":4828,""detectors_checked"":9632,""obs_mistake_mask=E"":9}"
       256,         0,         0,   0.917,exact_mw,f9daf7670c28e8b8b7ac9af8e1984263f26063cb589f7a54f43332f7ce5001d2,"{""distance"":7,""physical_error_rate"":0.002}","{""detection_events"":1504,""detectors_checked"":154112}"
      2320,         0,         0,   0.027,exact_mw,fb98ac5f0d986856d2cb4e87c937a37162f60383230d2323a40d4b2e77ef556c,"{""distance"":7,""physical_error_rate"":0.0002}","{""detection_events"":1375,""detectors_checked"":1396640}"
      1024,         0,         0,   0.012,exact_mw,fb98ac5f0d986856d2cb4e87c937a37162f60383230d2323a40d4b2e77ef556c,"{""distance"":7,""physical_error_rate"":0.0002}","{""detection_events"":621,""detectors_checked"":616448}"
         1,         0,         0,   0.049,exact_mw,eaf6c0e366ca4ef858d4f05f9aa5827b452e47c06da5214dd4b433059c5f6ad5,"{""distance"":7,""physical_error_rate"":0.2}","{""detection_events"":256,""detectors_checked"":602}"
      1024,         0,         0,   0.034,exact_mw,fb98ac5f0d986856d2cb4e87c937a37162f60383230d2323a40d4b2e77ef556c,"{""distance"":7,""physical_error_rate"":0.0002}","{""detection_events"":594,""detectors_checked"":616448}"
         4,         2,         0,    1.50,exact_mw,eaf6c0e366ca4ef858d4f05f9aa5827b452e47c06da5214dd4b433059c5f6ad5,"{""distance"":7,""physical_error_rate"":0.2}","{""detection_events"":961,""detectors_checked"":2408,""obs_mistake_mask=E"":2}"
      1536,         0,         0,    1.25,exact_mw,a17a1dfb4cb0509fbcf9caf9ce6f4704b111f022b15740e51c84c2b7e14a6407,"{""distance"":7,""physical_error_rate"":0.001}","{""detection_events"":4573,""detectors_checked"":924672}"
      3072,         0,         0,   0.054,exact_mw,fb98ac5f0d986856d2cb4e87c937a37162f60383230d2323a40d4b2e77ef556c,"{""distance"":7,""physical_error_rate"":0.0002}","{""detection_events"":1811,""detectors_checked"":1849344}"
       128,         0,         0,   0.599,exact_mw,f9daf7670c28e8b8b7ac9af8e1984263f26063cb589f7a54f43332f7ce5001d2,"{""distance"":7,""physical_error_rate"":0.002}","{""detection_events"":844,""detectors_checked"":77056}"
         8,         5,         0,   0.442,exact_mw,eaf6c0e366ca4ef858d4f05f9aa5827b452e47c06da5214dd4b433059c5f6ad5,"{""distance"":7,""physical_error_rate"":0.2}","{""detection_events"":1992,""detectors_checked"":4816,""obs_mistake_mask=E"":5}"
      3072,         0,         0,   0.059,exact_mw,fb98ac5f0d986856d2cb4e87c937a37162f60383230d2323a40d4b2e77ef556c,"{""distance"":7,""physical_error_rate"":0.0002}","{""detection_events"":1867,""detectors_checked"":1849344}"
        16,        10,         0,   0.784,exact_mw,0f36ab2f416ea2e248dded4e100ad4e56c6bc9d6a288fc2b58a364b6cb3b9030,"{""distance"":7,""physical_error_rate"":0.1}","{""detection_events"":2845,""detectors_checked"":9632,""obs_mistake_mask=E"":10}"
        32,         3,         0,    1.15,exact_mw,834abdd41b1b65931acfd3ee091dfffbb9772582814260e519c7dbaf7b14ebec,"{""distance"":7,""physical_error_rate"":0.02}","{""detection_events"":1775,""detectors_checked"":19264,""obs_mistake_mask=E"":3}"
        16,         5,         0,    3.91,exact_mw,0f36ab2f416ea2e248dded4e100ad4e56c6bc9d6a288fc2b58a364b6cb3b9030,"{""distance"":7,""physical_error_rate"":0.1}","{""detection_events"":2823,""detectors_checked"":9632,""obs_mistake_mask=E"":5}"
         8,         5,         0,   0.601,exact_mw,c641915013202091ff5a6523ca1acdb371a70207f808e5be7753cd68f2436e97,"{""distance"":7,""physical_error_rate"":0.5}","{""detection_events"":2422,""detectors_checked"":4816,""obs_mistake_mask=E"":5}"
        16,         5,         0,   0.857,exact_mw,eaf6c0e366ca4ef858d4f05f9aa5827b452e47c06da5214dd4b433059c5f6ad5,"{""distance"":7,""physical_error_rate"":0.2}","{""detection_events"":3956,""detectors_checked"":9632,""obs_mistake_mask=E"":5}"
        24,         5,         0,    1.04,exact_mw,6f5489aeee258679dc72a3e249dc8e02f40944f7ca4d24fa31eb242c8075b1b5,"{""distance"":7,""physical_error_rate"":0.05}","{""detection_events"":2741,""detectors_checked"":14448,""obs_mistake_mask=E"":5}"
      4096,         0,         0,   0.099,exact_mw,fb98ac5f0d986856d2cb4e87c937a37162f60383230d2323a40d4b2e77ef556c,"{""distance"":7,""physical_error_rate"":0.0002}","{""detection_events"":2460,""detectors_checked"":2465792}"
        64,         0,         0,   0.799,exact_mw,a7c002779361d29bb296963a23dd35d34b706f38009a8e2e2f5aee9a5ee0acdb,"{""distance"":7,""physical_error_rate"":0.005}","{""detection_events"":841,""detectors_checked"":38528}"
     24576,         0,         0,    2.23,exact_mw,c5b9b378753080b028cc9d6f4434ddf95ab0a61b3333c7295fd718d5436747fc,"{""distance"":7,""physical_error_rate"":0.0001}","{""detection_events"":7270,""detectors_checked"":14794752}"
        24,        13,         0,    1.18,exact_mw,c641915013202091ff5a6523ca1acdb371a70207f808e5be7753cd68f2436e97,"{""distance"":7,""physical_error_rate"":0.5}","{""detection_events"":7297,""detectors_checked"":14448,""obs_mistake_mask=E"":13}"
        64,         0,         0,    1.93,exact_mw,73653d459d83448bea9c32985aa9fd156ebef5824b05d1ed55d386d98a968072,"{""distance"":7,""physical_error_rate"":0.01}","{""detection_events"":1983,""detectors_checked"":38528}"
        16,         7,         0,   0.573,exact_mw,0f36ab2f416ea2e248dded4e100ad4e56c6bc9d6a288fc2b58a364b6cb3b9030,"{""distance"":7,""physical_error_rate"":0.1}","{""detection_events"":2879,""detectors_checked"":9632,""obs_mistake_mask=E"":7}"
      9216,         0,         0,    1.60,exact_mw,fb98ac5f0d986856d2cb4e87c937a37162f60383230d2323a40d4b2e77ef556c,"{""distance"":7,""physical_error_rate"":0.0002}","{""detection_events"":5505,""detectors_checked"":5548032}"
      5120,         0,         0,   0.113,exact_mw,fb98ac5f0d986856d2cb4e87c937a37162f60383230d2323a40d4b2e77ef556c,"{""distance"":7,""physical_error_rate"":0.0002}","{""detection_events"":3125,""detectors_checked"":3082240}"
      4096,         0,         0,   0.630,exact_mw,8973b2281876bd917be29e6214e197de75d185bf3f5e531e264555f10574746e,"{""distance"":7,""physical_error_rate"":0.0005}","{""detection_events"":6038,""detectors_checked"":2465792}"
        40,        15,         0,    1.73,exact_mw,6f5489aeee258679dc72a3e249dc8e02f40944f7ca4d24fa31eb242c8075b1b5,"{""distance"":7,""physical_error_rate"":0.05}","{""detection_events"":4610,""detectors_checked"":24080,""obs_mistake_mask=E"":15}"
         8,         4,         0,   0.422,exact_mw,eaf6c0e366ca4ef858d4f05f9aa5827b452e47c06da5214dd4b433059c5f6ad5,"{""distance"":7,""physical_error_rate"":0.2}","{""detection_events"":1977,""detectors_checked"":4816,""obs_mistake_mask=E"":4}"
        16,         7,         0,   0.804,exact_mw,0f36ab2f416ea2e248dded4e100ad4e56c6bc9d6a288fc2b58a364b6cb3b9030,"{""distance"":7,""physical_error_rate"":0.1}","{""detection_events"":2798,""detectors_checked"":9632,""obs_mistake_mask=E"":7}"
        32,         2,         0,    1.20,exact_mw,834abdd41b1b65931acfd3ee091dfffbb9772582814260e519c7dbaf7b14ebec,"{""distance"":7,""physical_error_rate"":0.02}","{""detection_events"":1714,""detectors_checked"":19264,""obs_mistake_mask=E"":2}"
      6144,         0,         0,   0.141,exact_mw,fb98ac5f0d986856d2cb4e87c937a37162f60383230d2323a40d4b2e77ef556c,"{""distance"":7,""physical_error_rate"":0.0002}","{""detection_events"":3755,""detectors_checked"":3698688}"
      8192,         1,         0,    1.58,exact_mw,8973b2281876bd917be29e6214e197de75d185bf3f5e531e264555f10574746e,"{""distance"":7,""physical_error_rate"":0.0005}","{""detection_events"":11913,""detectors_checked"":4931584,""obs_mistake_mask=E"":1}"
      1024,         0,         0,   0.980,exact_mw,a17a1dfb4cb0509fbcf9caf9ce6f4704b111f022b15740e51c84c2b7e14a6407,"{""distance"":7,""physical_error_rate"":0.001}","{""detection_events"":2896,""detectors_checked"":616448}"
        32,         3,         0,    1.14,exact_mw,834abdd41b1b65931acfd3ee091dfffbb9772582814260e519c7dbaf7b14ebec,"{""distance"":7,""physical_error_rate"":0.02}","{""detection_events"":1762,""detectors_checked"":19264,""obs_mistake_mask=E"":3}"
    331776,         0,         0,    4.21,exact_mw,590a535fae2c18c7445aa3259c8038467453e1d6a10b68541c755b2dcb29eb74,"{""distance"":7,""physical_error_rate"":5e-05}","{""detection_events"":48939,""detectors_checked"":199729152}"
        24,         7,         0,    1.07,exact_mw,6f5489aeee258679dc72a3e249dc8e02f40944f7ca4d24fa31eb242c8075b1b5,"{""distance"":7,""physical_error_rate"":0.05}","{""detection_events"":2780,""detectors_checked"":14448,""obs_mistake_mask=E"":7}"
      1024,         0,         0,   0.808,exact_mw,a17a1dfb4cb0509fbcf9caf9ce6f4704b111f022b15740e51c84c2b7e14a6407,"{""distance"":7,""physical_error_rate"":0.001}","{""detection_events"":3090,""detectors_checked"":616448}"
        32,         7,         0,    1.40,exact_mw,6f5489aeee258679dc72a3e249dc8e02f40944f7ca4d24fa31eb242c8075b1b5,"{""distance"":7,""physical_error_rate"":0.05}","{""detection_events"":3581,""detectors_checked"":19264,""obs_mistake_mask=E"":7}"
      8192,         0,         0,   0.208,exact_mw,fb98ac5f0d986856d2cb4e87c937a37162f60383230d2323a40d4b2e77ef556c,"{""distance"":7,""physical_error_rate"":0.0002}","{""detection_events"":4828,""detectors_checked"":4931584}"
        64,         0,         0,    1.61,exact_mw,73653d459d83448bea9c32985aa9fd156ebef5824b05d1ed55d386d98a968072,"{""distance"":7,""physical_error_rate"":0.01}","{""detection_events"":1751,""detectors_checked"":38528}"
         8,         4,         0,   0.589,exact_mw,c641915013202091ff5a6523ca1acdb371a70207f808e5be7753cd68f2436e97,"{""distance"":7,""physical_error_rate"":0.5}","{""detection_events"":2423,""detectors_checked"":4816,""obs_mistake_mask=E"":4}"
         8,         5,         0,   0.425,exact_mw,eaf6c0e366ca4ef858d4f05f9aa5827b452e47c06da5214dd4b433059c5f6ad5,"{""distance"":7,""physical_error_rate"":0.2}","{""detection_events"":1967,""detectors_checked"":4816,""obs_mistake_mask=E"":5}"
         2,         2,         0,   0.899,exact_mw,eaf6c0e366ca4ef858d4f05f9aa5827b452e47c06da5214dd4b433059c5f6ad5,"{""distance"":7,""physical_error_rate"":0.2}","{""detection_events"":475,""detectors_checked"":1204,""obs_mistake_mask=E"":2}"
      6144,         0,         0,    1.64,exact_mw,8973b2281876bd917be29e6214e197de75d185bf3f5e531e264555f10574746e,"{""distance"":7,""physical_error_rate"":0.0005}","{""detection_events"":9342,""detectors_checked"":3698688}"
        16,        10,         0,   0.865,exact_mw,eaf6c0e366ca4ef858d4f05f9aa5827b452e47c06da5214dd4b433059c5f6ad5,"{""distance"":7,""physical_error_rate"":0.2}","{""detection_events"":3932,""detectors_checked"":9632,""obs_mistake_mask=E"":10}"
     10240,         0,         0,   0.287,exact_mw,fb98ac5f0d986856d2cb4e87c937a37162f60383230d2323a40d4b2e77ef556c,"{""distance"":7,""physical_error_rate"":0.0002}","{""detection_events"":6192,""detectors_checked"":6164480}"
    227328,         0,         0,    3.04,exact_mw,c5b9b378753080b028cc9d6f4434ddf95ab0a61b3333c7295fd718d5436747fc,"{""distance"":7,""physical_error_rate"":0.0001}","{""detection_events"":67784,""detectors_checked"":136851456}"
        24,        12,         0,    1.23,exact_mw,c641915013202091ff5a6523ca1acdb371a70207f808e5be7753cd68f2436e97,"{""distance"":7,""physical_error_rate"":0.5}","{""detection_events"":7229,""detectors_checked"":14448,""obs_mistake_mask=E"":12}"
       256,         0,         0,    1.24,exact_mw,f9daf7670c28e8b8b7ac9af8e1984263f26063cb589f7a54f43332f7ce5001d2,"{""distance"":7,""physical_error_rate"":0.002}","{""detection_events"":1579,""detectors_checked"":154112}"
      6144,         0,         0,   0.855,exact_mw,8973b2281876bd917be29e6214e197de75d185bf3f5e531e264555f10574746e,"{""distance"":7,""physical_error_rate"":0.0005}","{""detection_events"":8597,""detectors_checked"":3698688}"
       256,         0,         0,    1.17,exact_mw,f9daf7670c28e8b8b7ac9af8e1984263f26063cb589f7a54f43332f7ce5001d2,"{""distance"":7,""physical_error_rate"":0.002}","{""detection_events"":1560,""detectors_checked"":154112}"
    124928,         0,         0,    1.52,exact_mw,590a535fae2c18c7445aa3259c8038467453e1d6a10b68541c755b2dcb29eb74,"{""distance"":7,""physical_error_rate"":5e-05}","{""detection_events"":18561,""detectors_checked"":75206656}"
        48,         6,         0,    1.38,exact_mw,834abdd41b1b65931acfd3ee091dfffbb9772582814260e519c7dbaf7b14ebec,"{""distance"":7,""physical_error_rate"":0.02}","{""detection_events"":2467,""detectors_checked"":28896,""obs_mistake_mask=E"":6}"
         8,         4,         0,   0.443,exact_mw,eaf6c0e366ca4ef858d4f05f9aa5827b452e47c06da5214dd4b433059c5f6ad5,"{""distance"":7,""physical_error_rate"":0.2}","{""detection_events"":1994,""detectors_checked"":4816,""obs_mistake_mask=E"":4}"
        24,        15,         0,    1.17,exact_mw,0f36ab2f416ea2e248dded4e100ad4e56c6bc9d6a288fc2b58a364b6cb3b9030,"{""distance"":7,""physical_error_rate"":0.1}","{""detection_events"":4236,""detectors_checked"":14448,""obs_mistake_mask=E"":15}"
         1,         0,         0,   0.049,exact_mw,eaf6c0e366ca4ef858d4f05f9aa5827b452e47c06da5214dd4b433059c5f6ad5,"{""distance"":7,""physical_error_rate"":0.2}","{""detection_events"":234,""detectors_checked"":602}"
         8,         5,         0,   0.605,exact_mw,c641915013202091ff5a6523ca1acdb371a70207f808e5be7753cd68f2436e97,"{""distance"":7,""physical_error_rate"":0.5}","{""detection_events"":2400,""detectors_checked"":4816,""obs_mistake_mask=E"":5}"
     19456,         0,         0,   0.421,exact_mw,fb98ac5f0d986856d2cb4e87c937a37162f60383230d2323a40d4b2e77ef556c,"{""distance"":7,""physical_error_rate"":0.0002}","{""detection_events"":11524,""detectors_checked"":11712512}"
       256,         0,         0,    1.92,exact_mw,a17a1dfb4cb0509fbcf9caf9ce6f4704b111f022b15740e51c84c2b7e14a6407,"{""distance"":7,""physical_error_rate"":0.001}","{""detection_events"":804,""detectors_checked"":154112}"
        24,        11,         0,    1.25,exact_mw,eaf6c0e366ca4ef858d4f05f9aa5827b452e47c06da5214dd4b433059c5f6ad5,"{""distance"":7,""physical_error_rate"":0.2}","{""detection_events"":5871,""detectors_checked"":14448,""obs_mistake_mask=E"":11}"
        48,        19,         0,    1.17,exact_mw,0f36ab2f416ea2e248dded4e100ad4e56c6bc9d6a288fc2b58a364b6cb3b9030,"{""distance"":7,""physical_error_rate"":0.1}","{""detection_events"":8516,""detectors_checked"":28896,""obs_mistake_mask=E"":19}"
     21504,         0,         0,    2.18,exact_mw,590a535fae2c18c7445aa3259c8038467453e1d6a10b68541c755b2dcb29eb74,"{""distance"":7,""physical_error_rate"":5e-05}","{""detection_events"":3194,""detectors_checked"":12945408}"
        32,         8,         0,    1.37,exact_mw,6f5489aeee258679dc72a3e249dc8e02f40944f7ca4d24fa31eb242c8075b1b5,"{""distance"":7,""physical_error_rate"":0.05}","{""detection_events"":3538,""detectors_checked"":19264,""obs_mistake_mask=E"":8}"
        32,         1,         0,    1.16,exact_mw,834abdd41b1b65931acfd3ee091dfffbb9772582814260e519c7dbaf7b14ebec,"{""distance"":7,""physical_error_rate"":0.02}","{""detection_events"":1593,""detectors_checked"":19264,""obs_mistake_mask=E"":1}"
        24,        11,         0,    1.21,exact_mw,0f36ab2f416ea2e248dded4e100ad4e56c6bc9d6a288fc2b58a364b6cb3b9030,"{""distance"":7,""physical_error_rate"":0.1}","{""detection_events"":4273,""detectors_checked"":14448,""obs_mistake_mask=E"":11}"
         8,         4,         0,   0.421,exact_mw,eaf6c0e366ca4ef858d4f05f9aa5827b452e47c06da5214dd4b433059c5f6ad5,"{""distance"":7,""physical_error_rate"":0.2}","{""detection_events"":1975,""detectors_checked"":4816,""obs_mistake_mask=E"":4}"
         8,         5,         0,   0.398,exact_mw,eaf6c0e366ca4ef858d4f05f9aa5827b452e47c06da5214dd4b433059c5f6ad5,"{""distance"":7,""physical_error_rate"":0.2}","{""detection_events"":1963,""detectors_checked"":4816,""obs_mistake_mask=E"":5}"
         2,         0,         0,   0.895,exact_mw,eaf6c0e366ca4ef858d4f05f9aa5827b452e47c06da5214dd4b433059c5f6ad5,"{""distance"":7,""physical_error_rate"":0.2}","{""detection_events"":509,""detectors_checked"":1204}"
      2048,         0,         0,    1.82,exact_mw,a17a1dfb4cb0509fbcf9caf9ce6f4704b111f022b15740e51c84c2b7e14a6407,"{""distance"":7,""physical_error_rate"":0.001}","{""detection_events"":6063,""detectors_checked"":1232896}"
        96,         0,         0,    1.57,exact_mw,a7c002779361d29bb296963a23dd35d34b706f38009a8e2e2f5aee9a5ee0acdb,"{""distance"":7,""physical_error_rate"":0.005}","{""detection_events"":1375,""detectors_checked"":57792}"
        16,        10,         0,   0.857,exact_mw,eaf6c0e366ca4ef858d4f05f9aa5827b452e47c06da5214dd4b433059c5f6ad5,"{""distance"":7,""physical_error_rate"":0.2}","{""detection_events"":3915,""detectors_checked"":9632,""obs_mistake_mask=E"":10}"
        32,        18,         0,    1.57,exact_mw,c641915013202091ff5a6523ca1acdb371a70207f808e5be7753cd68f2436e97,"{""distance"":7,""physical_error_rate"":0.5}","{""detection_events"":9569,""detectors_checked"":19264,""obs_mistake_mask=E"":18}"
        48,         0,         0,    1.69,exact_mw,834abdd41b1b65931acfd3ee091dfffbb9772582814260e519c7dbaf7b14ebec,"{""distance"":7,""physical_error_rate"":0.02}","{""detection_events"":2387,""detectors_checked"":28896}"
    164864,         0,         0,    2.15,exact_mw,c5b9b378753080b028cc9d6f4434ddf95ab0a61b3333c7295fd718d5436747fc,"{""distance"":7,""physical_error_rate"":0.0001}","{""detection_events"":48972,""detectors_checked"":99248128}"
      1536,         0,         0,    1.25,exact_mw,a17a1dfb4cb0509fbcf9caf9ce6f4704b111f022b15740e51c84c2b7e14a6407,"{""distance"":7,""physical_error_rate"":0.001}","{""detection_events"":4353,""detectors_checked"":924672}"
       512,         0,         0,    2.04,exact_mw,f9daf7670c28e8b8b7ac9af8e1984263f26063cb589f7a54f43332f7ce5001d2,"{""distance"":7,""physical_error_rate"":0.002}","{""detection_events"":2928,""detectors_checked"":308224}"
         8,         7,         0,   0.593,exact_mw,c641915013202091ff5a6523ca1acdb371a70207f808e5be7753cd68f2436e97,"{""distance"":7,""physical_error_rate"":0.5}","{""detection_events"":2443,""detectors_checked"":4816,""obs_mistake_mask=E"":7}"
     24576,         0,         0,   0.565,exact_mw,fb98ac5f0d986856d2cb4e87c937a37162f60383230d2323a40d4b2e77ef556c,"{""distance"":7,""physical_error_rate"":0.0002}","{""detection_events"":14763,""detectors_checked"":14794752}"
        64,         0,         0,    1.69,exact_mw,73653d459d83448bea9c32985aa9fd156ebef5824b05d1ed55d386d98a968072,"{""distance"":7,""physical_error_rate"":0.01}","{""detection_events"":1665,""detectors_checked"":38528}"
    161792,         0,         0,    2.18,exact_mw,c5b9b378753080b028cc9d6f4434ddf95ab0a61b3333c7295fd718d5436747fc,"{""distance"":7,""physical_error_rate"":0.0001}","{""detection_events"":47826,""detectors_checked"":97398784}"
       256,         0,         0,   0.880,exact_mw,f9daf7670c28e8b8b7ac9af8e1984263f26063cb589f7a54f43332f7ce5001d2,"{""distance"":7,""physical_error_rate"":0.002}","{""detection_events"":1386,""detectors_checked"":154112}"
        32,        13,         0,    1.40,exact_mw,6f5489aeee258679dc72a3e249dc8e02f40944f7ca4d24fa31eb242c8075b1b5,"{""distance"":7,""physical_error_rate"":0.05}","{""detection_events"":3470,""detectors_checked"":19264,""obs_mistake_mask=E"":13}"
         8,         2,         0,   0.420,exact_mw,eaf6c0e366ca4ef858d4f05f9aa5827b452e47c06da5214dd4b433059c5f6ad5,"{""distance"":7,""physical_error_rate"":0.2}","{""detection_events"":1931,""detectors_checked"":4816,""obs_mistake_mask=E"":2}"
        64,         0,         0,    4.29,exact_mw,a7c002779361d29bb296963a23dd35d34b706f38009a8e2e2f5aee9a5ee0acdb,"{""distance"":7,""physical_error_rate"":0.005}","{""detection_events"":832,""detectors_checked"":38528}"
         8,         4,         0,   0.398,exact_mw,eaf6c0e366ca4ef858d4f05f9aa5827b452e47c06da5214dd4b433059c5f6ad5,"{""distance"":7,""physical_error_rate"":0.2}","{""detection_events"":1964,""detectors_checked"":4816,""obs_mistake_mask=E"":4}"
       256,         0,         0,    1.09,exact_mw,f9daf7670c28e8b8b7ac9af8e1984263f26063cb589f7a54f43332f7ce5001d2,"{""distance"":7,""physical_error_rate"":0.002}","{""detection_events"":1566,""detectors_checked"":154112}"
      9216,         0,         0,    1.12,exact_mw,8973b2281876bd917be29e6214e197de75d185bf3f5e531e264555f10574746e,"{""distance"":7,""physical_error_rate"":0.0005}","{""detection_events"":13829,""detectors_checked"":5548032}"
        48,         2,         0,    1.80,exact_mw,834abdd41b1b65931acfd3ee091dfffbb9772582814260e519c7dbaf7b14ebec,"{""distance"":7,""physical_error_rate"":0.02}","{""detection_events"":2563,""detectors_checked"":28896,""obs_mistake_mask=E"":2}"
        40,         7,         0,    1.73,exact_mw,6f5489aeee258679dc72a3e249dc8e02f40944f7ca4d24fa31eb242c8075b1b5,"{""distance"":7,""physical_error_rate"":0.05}","{""detection_events"":4494,""detectors_checked"":24080,""obs_mistake_mask=E"":7}"
        32,         2,         0,    1.19,exact_mw,834abdd41b1b65931acfd3ee091dfffbb9772582814260e519c7dbaf7b14ebec,"{""distance"":7,""physical_error_rate"":0.02}","{""detection_events"":1633,""detectors_checked"":19264,""obs_mistake_mask=E"":2}"
        64,         0,         0,    1.74,exact_mw,73653d459d83448bea9c32985aa9fd156ebef5824b05d1ed55d386d98a968072,"{""distance"":7,""physical_error_rate"":0.01}","{""detection_events"":1663,""detectors_checked"":38528}"
      2560,         0,         0,    1.94,exact_mw,a17a1dfb4cb0509fbcf9caf9ce6f4704b111f022b15740e51c84c2b7e14a6407,"{""distance"":7,""physical_error_rate"":0.001}","{""detection_events"":7221,""detectors_checked"":1541120}"
    141312,         0,         0,    3.05,exact_mw,fb98ac5f0d986856d2cb4e87c937a37162f60383230d2323a40d4b2e77ef556c,"{""distance"":7,""physical_error_rate"":0.0002}","{""detection_events"":83871,""detectors_checked"":85069824}"
         8,         3,         0,   0.579,exact_mw,c641915013202091ff5a6523ca1acdb371a70207f808e5be7753cd68f2436e97,"{""distance"":7,""physical_error_rate"":0.5}","{""detection_events"":2455,""detectors_checked"":4816,""obs_mistake_mask=E"":3}"
     12288,         0,         0,    2.24,exact_mw,fb98ac5f0d986856d2cb4e87c937a37162f60383230d2323a40d4b2e77ef556c,"{""distance"":7,""physical_error_rate"":0.0002}","{""detection_events"":7466,""detectors_checked"":7397376}"
         8,         3,         0,   0.396,exact_mw,eaf6c0e366ca4ef858d4f05f9aa5827b452e47c06da5214dd4b433059c5f6ad5,"{""distance"":7,""physical_error_rate"":0.2}","{""detection_events"":1942,""detectors_checked"":4816,""obs_mistake_mask=E"":3}"
         8,         3,         0,   0.435,exact_mw,eaf6c0e366ca4ef858d4f05f9aa5827b452e47c06da5214dd4b433059c5f6ad5,"{""distance"":7,""physical_error_rate"":0.2}","{""detection_events"":1952,""detectors_checked"":4816,""obs_mistake_mask=E"":3}"
    141312,         0,         0,    3.07,exact_mw,fb98ac5f0d986856d2cb4e87c937a37162f60383230d2323a40d4b2e77ef556c,"{""distance"":7,""physical_error_rate"":0.0002}","{""detection_events"":82850,""detectors_checked"":85069824}"
        32,        15,         0,    1.12,exact_mw,0f36ab2f416ea2e248dded4e100ad4e56c6bc9d6a288fc2b58a364b6cb3b9030,"{""distance"":7,""physical_error_rate"":0.1}","{""detection_events"":5573,""detectors_checked"":19264,""obs_mistake_mask=E"":15}"
         2,         1,         0,   0.832,exact_mw,eaf6c0e366ca4ef858d4f05f9aa5827b452e47c06da5214dd4b433059c5f6ad5,"{""distance"":7,""physical_error_rate"":0.2}","{""detection_events"":480,""detectors_checked"":1204,""obs_mistake_mask=E"":1}"
       128,         0,         0,    1.21,exact_mw,a17a1dfb4cb0509fbcf9caf9ce6f4704b111f022b15740e51c84c2b7e14a6407,"{""distance"":7,""physical_error_rate"":0.001}","{""detection_events"":407,""detectors_checked"":77056}"
     21504,         0,         0,    3.20,exact_mw,8973b2281876bd917be29e6214e197de75d185bf3f5e531e264555f10574746e,"{""distance"":7,""physical_error_rate"":0.0005}","{""detection_events"":32033,""detectors_checked"":12945408}"
         1,         0,         0,   0.044,exact_mw,a17a1dfb4cb0509fbcf9caf9ce6f4704b111f022b15740e51c84c2b7e14a6407,"{""distance"":7,""physical_error_rate"":0.001}","{""detection_events"":4,""detectors_checked"":602}"
        56,        22,         0,    2.40,exact_mw,6f5489aeee258679dc72a3e249dc8e02f40944f7ca4d24fa31eb242c8075b1b5,"{""distance"":7,""physical_error_rate"":0.05}","{""detection_events"":6300,""detectors_checked"":33712,""obs_mistake_mask=E"":22}"
        32,        14,         0,    1.64,exact_mw,c641915013202091ff5a6523ca1acdb371a70207f808e5be7753cd68f2436e97,"{""distance"":7,""physical_error_rate"":0.5}","{""detection_events"":9598,""detectors_checked"":19264,""obs_mistake_mask=E"":14}"
     10240,         0,         0,    2.31,exact_mw,8973b2281876bd917be29e6214e197de75d185bf3f5e531e264555f10574746e,"{""distance"":7,""physical_error_rate"":0.0005}","{""detection_events"":15316,""detectors_checked"":6164480}"
     38912,         0,         0,   0.803,exact_mw,fb98ac5f0d986856d2cb4e87c937a37162f60383230d2323a40d4b2e77ef556c,"{""distance"":7,""physical_error_rate"":0.0002}","{""detection_events"":23514,""detectors_checked"":23425024}"
        32,        15,         0,    1.57,exact_mw,0f36ab2f416ea2e248dded4e100ad4e56c6bc9d6a288fc2b58a364b6cb3b9030,"{""distance"":7,""physical_error_rate"":0.1}","{""detection_events"":5652,""detectors_checked"":19264,""obs_mistake_mask=E"":15}"
         8,         5,         0,   0.415,exact_mw,eaf6c0e366ca4ef858d4f05f9aa5827b452e47c06da5214dd4b433059c5f6ad5,"{""distance"":7,""physical_error_rate"":0.2}","{""detection_events"":1964,""detectors_checked"":4816,""obs_mistake_mask=E"":5}"
         8,         5,         0,   0.419,exact_mw,eaf6c0e366ca4ef858d4f05f9aa5827b452e47c06da5214dd4b433059c5f6ad5,"{""distance"":7,""physical_error_rate"":0.2}","{""detection_events"":1993,""detectors_checked"":4816,""obs_mistake_mask=E"":5}"
        24,        15,         0,    1.28,exact_mw,eaf6c0e366ca4ef858d4f05f9aa5827b452e47c06da5214dd4b433059c5f6ad5,"{""distance"":7,""physical_error_rate"":0.2}","{""detection_events"":5879,""detectors_checked"":14448,""obs_mistake_mask=E"":15}"
      8192,         0,         0,    2.23,exact_mw,8973b2281876bd917be29e6214e197de75d185bf3f5e531e264555f10574746e,"{""distance"":7,""physical_error_rate"":0.0005}","{""detection_events"":12294,""detectors_checked"":4931584}"
        32,        17,         0,    1.69,exact_mw,eaf6c0e366ca4ef858d4f05f9aa5827b452e47c06da5214dd4b433059c5f6ad5,"{""distance"":7,""physical_error_rate"":0.2}","{""detection_events"":7693,""detectors_checked"":19264,""obs_mistake_mask=E"":17}"
         8,         3,         0,   0.604,exact_mw,c641915013202091ff5a6523ca1acdb371a70207f808e5be7753cd68f2436e97,"{""distance"":7,""physical_error_rate"":0.5}","{""detection_events"":2425,""detectors_checked"":4816,""obs_mistake_mask=E"":3}"
       320,         0,         0,    4.39,exact_mw,a7c002779361d29bb296963a23dd35d34b706f38009a8e2e2f5aee9a5ee0acdb,"{""distance"":7,""physical_error_rate"":0.005}","{""detection_events"":4374,""detectors_checked"":192640}"
        40,        13,         0,    1.69,exact_mw,6f5489aeee258679dc72a3e249dc8e02f40944f7ca4d24fa31eb242c8075b1b5,"{""distance"":7,""physical_error_rate"":0.05}","{""detection_events"":4491,""detectors_checked"":24080,""obs_mistake_mask=E"":13}"
        32,        15,         0,    1.58,exact_mw,0f36ab2f416ea2e248dded4e100ad4e56c6bc9d6a288fc2b58a364b6cb3b9030,"{""distance"":7,""physical_error_rate"":0.1}","{""detection_events"":5649,""detectors_checked"":19264,""obs_mistake_mask=E"":15}"
         8,         4,         0,    3.14,exact_mw,0f36ab2f416ea2e248dded4e100ad4e56c6bc9d6a288fc2b58a364b6cb3b9030,"{""distance"":7,""physical_error_rate"":0.1}","{""detection_events"":1375,""detectors_checked"":4816,""obs_mistake_mask=E"":4}"
        48,         3,         0,    1.66,exact_mw,834abdd41b1b65931acfd3ee091dfffbb9772582814260e519c7dbaf7b14ebec,"{""distance"":7,""physical_error_rate"":0.02}","{""detection_events"":2377,""detectors_checked"":28896,""obs_mistake_mask=E"":3}"
     28672,         0,         0,    3.12,exact_mw,c5b9b378753080b028cc9d6f4434ddf95ab0a61b3333c7295fd718d5436747fc,"{""distance"":7,""physical_error_rate"":0.0001}","{""detection_events"":8181,""detectors_checked"":17260544}"
         8,         4,         0,   0.411,exact_mw,eaf6c0e366ca4ef858d4f05f9aa5827b452e47c06da5214dd4b433059c5f6ad5,"{""distance"":7,""physical_error_rate"":0.2}","{""detection_events"":1887,""detectors_checked"":4816,""obs_mistake_mask=E"":4}"
         8,         6,         0,   0.429,exact_mw,eaf6c0e366ca4ef858d4f05f9aa5827b452e47c06da5214dd4b433059c5f6ad5,"{""distance"":7,""physical_error_rate"":0.2}","{""detection_events"":1957,""detectors_checked"":4816,""obs_mistake_mask=E"":6}"
    177152,         0,         0,    2.18,exact_mw,590a535fae2c18c7445aa3259c8038467453e1d6a10b68541c755b2dcb29eb74,"{""distance"":7,""physical_error_rate"":5e-05}","{""detection_events"":26537,""detectors_checked"":106645504}"
        96,         0,         0,    1.60,exact_mw,a7c002779361d29bb296963a23dd35d34b706f38009a8e2e2f5aee9a5ee0acdb,"{""distance"":7,""physical_error_rate"":0.005}","{""detection_events"":1388,""detectors_checked"":57792}"
         2,         2,         0,   0.840,exact_mw,eaf6c0e366ca4ef858d4f05f9aa5827b452e47c06da5214dd4b433059c5f6ad5,"{""distance"":7,""physical_error_rate"":0.2}","{""detection_events"":485,""detectors_checked"":1204,""obs_mistake_mask=E"":2}"
       256,         0,         0,    1.16,exact_mw,f9daf7670c28e8b8b7ac9af8e1984263f26063cb589f7a54f43332f7ce5001d2,"{""distance"":7,""physical_error_rate"":0.002}","{""detection_events"":1441,""detectors_checked"":154112}"
        16,         0,         0,    1.34,exact_mw,a7c002779361d29bb296963a23dd35d34b706f38009a8e2e2f5aee9a5ee0acdb,"{""distance"":7,""physical_error_rate"":0.005}","{""detection_events"":231,""detectors_checked"":9632}"
       136,         0,         0,   0.766,exact_mw,a17a1dfb4cb0509fbcf9caf9ce6f4704b111f022b15740e51c84c2b7e14a6407,"{""distance"":7,""physical_error_rate"":0.001}","{""detection_events"":458,""detectors_checked"":81872}"
        32,         0,         0,    1.13,exact_mw,834abdd41b1b65931acfd3ee091dfffbb9772582814260e519c7dbaf7b14ebec,"{""distance"":7,""physical_error_rate"":0.02}","{""detection_events"":1692,""detectors_checked"":19264}"
         8,         2,         0,   0.284,exact_mw,eaf6c0e366ca4ef858d4f05f9aa5827b452e47c06da5214dd4b433059c5f6ad5,"{""distance"":7,""physical_error_rate"":0.2}","{""detection_events"":2002,""detectors_checked"":4816,""obs_mistake_mask=E"":2}"
      2048,         0,         0,    1.85,exact_mw,a17a1dfb4cb0509fbcf9caf9ce6f4704b111f022b15740e51c84c2b7e14a6407,"{""distance"":7,""physical_error_rate"":0.001}","{""detection_events"":6010,""detectors_checked"":1232896}"
        40,        11,         0,    1.74,exact_mw,6f5489aeee258679dc72a3e249dc8e02f40944f7ca4d24fa31eb242c8075b1b5,"{""distance"":7,""physical_error_rate"":0.05}","{""detection_events"":4486,""detectors_checked"":24080,""obs_mistake_mask=E"":11}"
         8,         4,         0,   0.414,exact_mw,eaf6c0e366ca4ef858d4f05f9aa5827b452e47c06da5214dd4b433059c5f6ad5,"{""distance"":7,""physical_error_rate"":0.2}","{""detection_events"":1931,""detectors_checked"":4816,""obs_mistake_mask=E"":4}"
       512,         0,         0,    1.82,exact_mw,f9daf7670c28e8b8b7ac9af8e1984263f26063cb589f7a54f43332f7ce5001d2,"{""distance"":7,""physical_error_rate"":0.002}","{""detection_events"":2991,""detectors_checked"":308224}"
     11264,         0,         0,    1.60,exact_mw,8973b2281876bd917be29e6214e197de75d185bf3f5e531e264555f10574746e,"{""distance"":7,""physical_error_rate"":0.0005}","{""detection_events"":16722,""detectors_checked"":6780928}"
     48128,         0,         0,    1.13,exact_mw,fb98ac5f0d986856d2cb4e87c937a37162f60383230d2323a40d4b2e77ef556c,"{""distance"":7,""physical_error_rate"":0.0002}","{""detection_events"":28788,""detectors_checked"":28973056}"
      2048,         1,         0,    1.56,exact_mw,a17a1dfb4cb0509fbcf9caf9ce6f4704b111f022b15740e51c84c2b7e14a6407,"{""distance"":7,""physical_error_rate"":0.001}","{""detection_events"":6123,""detectors_checked"":1232896,""obs_mistake_mask=E"":1}"
        88,        42,         0,    2.19,exact_mw,c641915013202091ff5a6523ca1acdb371a70207f808e5be7753cd68f2436e97,"{""distance"":7,""physical_error_rate"":0.5}","{""detection_events"":26405,""detectors_checked"":52976,""obs_mistake_mask=E"":42}"
        64,         0,         0,    2.25,exact_mw,834abdd41b1b65931acfd3ee091dfffbb9772582814260e519c7dbaf7b14ebec,"{""distance"":7,""physical_error_rate"":0.02}","{""detection_events"":3203,""detectors_checked"":38528}"
         8,         5,         0,   0.411,exact_mw,eaf6c0e366ca4ef858d4f05f9aa5827b452e47c06da5214dd4b433059c5f6ad5,"{""distance"":7,""physical_error_rate"":0.2}","{""detection_events"":2006,""detectors_checked"":4816,""obs_mistake_mask=E"":5}"
       256,         0,         0,    1.60,exact_mw,a17a1dfb4cb0509fbcf9caf9ce6f4704b111f022b15740e51c84c2b7e14a6407,"{""distance"":7,""physical_error_rate"":0.001}","{""detection_events"":770,""detectors_checked"":154112}"
        64,         0,         0,    1.83,exact_mw,73653d459d83448bea9c32985aa9fd156ebef5824b05d1ed55d386d98a968072,"{""distance"":7,""physical_error_rate"":0.01}","{""detection_events"":1880,""detectors_checked"":38528}"
      3072,         0,         0,    2.46,exact_mw,a17a1dfb4cb0509fbcf9caf9ce6f4704b111f022b15740e51c84c2b7e14a6407,"{""distance"":7,""physical_error_rate"":0.001}","{""detection_events"":8857,""detectors_checked"":1849344}"
         2,         2,         0,   0.833,exact_mw,eaf6c0e366ca4ef858d4f05f9aa5827b452e47c06da5214dd4b433059c5f6ad5,"{""distance"":7,""physical_error_rate"":0.2}","{""detection_events"":504,""detectors_checked"":1204,""obs_mistake_mask=E"":2}"
        16,         2,         0,    1.18,exact_mw,c641915013202091ff5a6523ca1acdb371a70207f808e5be7753cd68f2436e97,"{""distance"":7,""physical_error_rate"":0.5}","{""detection_events"":4858,""detectors_checked"":9632,""obs_mistake_mask=E"":2}"
       640,         1,         0,    2.48,exact_mw,f9daf7670c28e8b8b7ac9af8e1984263f26063cb589f7a54f43332f7ce5001d2,"{""distance"":7,""physical_error_rate"":0.002}","{""detection_events"":3695,""detectors_checked"":385280,""obs_mistake_mask=E"":1}"
        16,        12,         0,   0.846,exact_mw,eaf6c0e366ca4ef858d4f05f9aa5827b452e47c06da5214dd4b433059c5f6ad5,"{""distance"":7,""physical_error_rate"":0.2}","{""detection_events"":3944,""detectors_checked"":9632,""obs_mistake_mask=E"":12}"
        96,         1,         0,    2.54,exact_mw,73653d459d83448bea9c32985aa9fd156ebef5824b05d1ed55d386d98a968072,"{""distance"":7,""physical_error_rate"":0.01}","{""detection_events"":2724,""detectors_checked"":57792,""obs_mistake_mask=E"":1}"
         8,         4,         0,   0.418,exact_mw,eaf6c0e366ca4ef858d4f05f9aa5827b452e47c06da5214dd4b433059c5f6ad5,"{""distance"":7,""physical_error_rate"":0.2}","{""detection_events"":1974,""detectors_checked"":4816,""obs_mistake_mask=E"":4}"
     30720,         0,         0,    3.04,exact_mw,590a535fae2c18c7445aa3259c8038467453e1d6a10b68541c755b2dcb29eb74,"{""distance"":7,""physical_error_rate"":5e-05}","{""detection_events"":4720,""detectors_checked"":18493440}"
        64,         2,         0,    2.37,exact_mw,834abdd41b1b65931acfd3ee091dfffbb9772582814260e519c7dbaf7b14ebec,"{""distance"":7,""physical_error_rate"":0.02}","{""detection_events"":3303,""detectors_checked"":38528,""obs_mistake_mask=E"":2}"
        32,         2,         0,    1.24,exact_mw,834abdd41b1b65931acfd3ee091dfffbb9772582814260e519c7dbaf7b14ebec,"{""distance"":7,""physical_error_rate"":0.02}","{""detection_events"":1620,""detectors_checked"":19264,""obs_mistake_mask=E"":2}"
        56,        15,         0,    2.40,exact_mw,6f5489aeee258679dc72a3e249dc8e02f40944f7ca4d24fa31eb242c8075b1b5,"{""distance"":7,""physical_error_rate"":0.05}","{""detection_events"":6276,""detectors_checked"":33712,""obs_mistake_mask=E"":15}"
         4,         2,         0,    1.53,exact_mw,0f36ab2f416ea2e248dded4e100ad4e56c6bc9d6a288fc2b58a364b6cb3b9030,"{""distance"":7,""physical_error_rate"":0.1}","{""detection_events"":719,""detectors_checked"":2408,""obs_mistake_mask=E"":2}"
        48,        21,         0,    2.27,exact_mw,0f36ab2f416ea2e248dded4e100ad4e56c6bc9d6a288fc2b58a364b6cb3b9030,"{""distance"":7,""physical_error_rate"":0.1}","{""detection_events"":8397,""detectors_checked"":28896,""obs_mistake_mask=E"":21}"
        32,        13,         0,    1.76,exact_mw,eaf6c0e366ca4ef858d4f05f9aa5827b452e47c06da5214dd4b433059c5f6ad5,"{""distance"":7,""physical_error_rate"":0.2}","{""detection_events"":8004,""detectors_checked"":19264,""obs_mistake_mask=E"":13}"
    229376,         0,         0,    3.02,exact_mw,c5b9b378753080b028cc9d6f4434ddf95ab0a61b3333c7295fd718d5436747fc,"{""distance"":7,""physical_error_rate"":0.0001}","{""detection_events"":68309,""detectors_checked"":138084352}"
    229376,         0,         0,    3.02,exact_mw,c5b9b378753080b028cc9d6f4434ddf95ab0a61b3333c7295fd718d5436747fc,"{""distance"":7,""physical_error_rate"":0.0001}","{""detection_events"":67859,""detectors_checked"":138084352}"
       128,         0,         0,    1.58,exact_mw,a17a1dfb4cb0509fbcf9caf9ce6f4704b111f022b15740e51c84c2b7e14a6407,"{""distance"":7,""physical_error_rate"":0.001}","{""detection_events"":466,""detectors_checked"":77056}"
         8,         2,         0,   0.447,exact_mw,eaf6c0e366ca4ef858d4f05f9aa5827b452e47c06da5214dd4b433059c5f6ad5,"{""distance"":7,""physical_error_rate"":0.2}","{""detection_events"":1964,""detectors_checked"":4816,""obs_mistake_mask=E"":2}"
         2,         2,         0,   0.862,exact_mw,eaf6c0e366ca4ef858d4f05f9aa5827b452e47c06da5214dd4b433059c5f6ad5,"{""distance"":7,""physical_error_rate"":0.2}","{""detection_events"":487,""detectors_checked"":1204,""obs_mistake_mask=E"":2}"
        48,        22,         0,    2.30,exact_mw,0f36ab2f416ea2e248dded4e100ad4e56c6bc9d6a288fc2b58a364b6cb3b9030,"{""distance"":7,""physical_error_rate"":0.1}","{""detection_events"":8402,""detectors_checked"":28896,""obs_mistake_mask=E"":22}"
        48,        24,         0,    2.43,exact_mw,c641915013202091ff5a6523ca1acdb371a70207f808e5be7753cd68f2436e97,"{""distance"":7,""physical_error_rate"":0.5}","{""detection_events"":14408,""detectors_checked"":28896,""obs_mistake_mask=E"":24}"
        64,         0,         0,   0.180,exact_mw,a17a1dfb4cb0509fbcf9caf9ce6f4704b111f022b15740e51c84c2b7e14a6407,"{""distance"":7,""physical_error_rate"":0.001}","{""detection_events"":157,""detectors_checked"":38528}"
    320512,         0,         0,    4.21,exact_mw,c5b9b378753080b028cc9d6f4434ddf95ab0a61b3333c7295fd718d5436747fc,"{""distance"":7,""physical_error_rate"":0.0001}","{""detection_events"":95748,""detectors_checked"":192948224}"
        16,         8,         0,   0.886,exact_mw,eaf6c0e366ca4ef858d4f05f9aa5827b452e47c06da5214dd4b433059c5f6ad5,"{""distance"":7,""physical_error_rate"":0.2}","{""detection_events"":3924,""detectors_checked"":9632,""obs_mistake_mask=E"":8}"
        16,         0,         0,    1.99,exact_mw,a7c002779361d29bb296963a23dd35d34b706f38009a8e2e2f5aee9a5ee0acdb,"{""distance"":7,""physical_error_rate"":0.005}","{""detection_events"":165,""detectors_checked"":9632}"
     66560,         0,         0,    1.55,exact_mw,fb98ac5f0d986856d2cb4e87c937a37162f60383230d2323a40d4b2e77ef556c,"{""distance"":7,""physical_error_rate"":0.0002}","{""detection_events"":39611,""detectors_checked"":40069120}"
         8,         3,         0,   0.408,exact_mw,eaf6c0e366ca4ef858d4f05f9aa5827b452e47c06da5214dd4b433059c5f6ad5,"{""distance"":7,""physical_error_rate"":0.2}","{""detection_events"":1924,""detectors_checked"":4816,""obs_mistake_mask=E"":3}"
        16,         6,         0,    1.19,exact_mw,c641915013202091ff5a6523ca1acdb371a70207f808e5be7753cd68f2436e97,"{""distance"":7,""physical_error_rate"":0.5}","{""detection_events"":4857,""detectors_checked"":9632,""obs_mistake_mask=E"":6}"
         2,         1,         0,   0.721,exact_mw,0f36ab2f416ea2e248dded4e100ad4e56c6bc9d6a288fc2b58a364b6cb3b9030,"{""distance"":7,""physical_error_rate"":0.1}","{""detection_events"":371,""detectors_checked"":1204,""obs_mistake_mask=E"":1}"
        64,         4,         0,    2.27,exact_mw,834abdd41b1b65931acfd3ee091dfffbb9772582814260e519c7dbaf7b14ebec,"{""distance"":7,""physical_error_rate"":0.02}","{""detection_events"":3287,""detectors_checked"":38528,""obs_mistake_mask=E"":4}"
       512,         0,         0,    2.12,exact_mw,f9daf7670c28e8b8b7ac9af8e1984263f26063cb589f7a54f43332f7ce5001d2,"{""distance"":7,""physical_error_rate"":0.002}","{""detection_events"":3086,""detectors_checked"":308224}"
        48,        26,         0,    2.35,exact_mw,0f36ab2f416ea2e248dded4e100ad4e56c6bc9d6a288fc2b58a364b6cb3b9030,"{""distance"":7,""physical_error_rate"":0.1}","{""detection_events"":8468,""detectors_checked"":28896,""obs_mistake_mask=E"":26}"
        56,        20,         0,    2.40,exact_mw,6f5489aeee258679dc72a3e249dc8e02f40944f7ca4d24fa31eb242c8075b1b5,"{""distance"":7,""physical_error_rate"":0.05}","{""detection_events"":6157,""detectors_checked"":33712,""obs_mistake_mask=E"":20}"
        48,        29,         0,    2.53,exact_mw,eaf6c0e366ca4ef858d4f05f9aa5827b452e47c06da5214dd4b433059c5f6ad5,"{""distance"":7,""physical_error_rate"":0.2}","{""detection_events"":11779,""detectors_checked"":28896,""obs_mistake_mask=E"":29}"
       256,         0,         0,    1.47,exact_mw,a17a1dfb4cb0509fbcf9caf9ce6f4704b111f022b15740e51c84c2b7e14a6407,"{""distance"":7,""physical_error_rate"":0.001}","{""detection_events"":741,""detectors_checked"":154112}"
     18432,         0,         0,    3.22,exact_mw,fb98ac5f0d986856d2cb4e87c937a37162f60383230d2323a40d4b2e77ef556c,"{""distance"":7,""physical_error_rate"":0.0002}","{""detection_events"":11130,""detectors_checked"":11096064}"
        72,        22,         0,    3.07,exact_mw,6f5489aeee258679dc72a3e249dc8e02f40944f7ca4d24fa31eb242c8075b1b5,"{""distance"":7,""physical_error_rate"":0.05}","{""detection_events"":7856,""detectors_checked"":43344,""obs_mistake_mask=E"":22}"
       512,         0,         0,    1.99,exact_mw,f9daf7670c28e8b8b7ac9af8e1984263f26063cb589f7a54f43332f7ce5001d2,"{""distance"":7,""physical_error_rate"":0.002}","{""detection_events"":2948,""detectors_checked"":308224}"
         8,         5,         0,   0.413,exact_mw,eaf6c0e366ca4ef858d4f05f9aa5827b452e47c06da5214dd4b433059c5f6ad5,"{""distance"":7,""physical_error_rate"":0.2}","{""detection_events"":1949,""detectors_checked"":4816,""obs_mistake_mask=E"":5}"
       128,         0,         0,   0.719,exact_mw,a17a1dfb4cb0509fbcf9caf9ce6f4704b111f022b15740e51c84c2b7e14a6407,"{""distance"":7,""physical_error_rate"":0.001}","{""detection_events"":371,""detectors_checked"":77056}"
     15360,         0,         0,    3.24,exact_mw,8973b2281876bd917be29e6214e197de75d185bf3f5e531e264555f10574746e,"{""distance"":7,""physical_error_rate"":0.0005}","{""detection_events"":22295,""detectors_checked"":9246720}"
       160,         0,         0,    2.67,exact_mw,a7c002779361d29bb296963a23dd35d34b706f38009a8e2e2f5aee9a5ee0acdb,"{""distance"":7,""physical_error_rate"":0.005}","{""detection_events"":2455,""detectors_checked"":96320}"
     15360,         0,         0,    2.18,exact_mw,8973b2281876bd917be29e6214e197de75d185bf3f5e531e264555f10574746e,"{""distance"":7,""physical_error_rate"":0.0005}","{""detection_events"":22480,""detectors_checked"":9246720}"
      2560,         0,         0,    2.39,exact_mw,a17a1dfb4cb0509fbcf9caf9ce6f4704b111f022b15740e51c84c2b7e14a6407,"{""distance"":7,""physical_error_rate"":0.001}","{""detection_events"":7752,""detectors_checked"":1541120}"
     14336,         0,         0,    3.05,exact_mw,8973b2281876bd917be29e6214e197de75d185bf3f5e531e264555f10574746e,"{""distance"":7,""physical_error_rate"":0.0005}","{""detection_events"":20985,""detectors_checked"":8630272}"
        56,        15,         0,    2.43,exact_mw,6f5489aeee258679dc72a3e249dc8e02f40944f7ca4d24fa31eb242c8075b1b5,"{""distance"":7,""physical_error_rate"":0.05}","{""detection_events"":6214,""detectors_checked"":33712,""obs_mistake_mask=E"":15}"
        16,         9,         0,   0.805,exact_mw,eaf6c0e366ca4ef858d4f05f9aa5827b452e47c06da5214dd4b433059c5f6ad5,"{""distance"":7,""physical_error_rate"":0.2}","{""detection_events"":3849,""detectors_checked"":9632,""obs_mistake_mask=E"":9}"
         2,         2,         0,   0.723,exact_mw,0f36ab2f416ea2e248dded4e100ad4e56c6bc9d6a288fc2b58a364b6cb3b9030,"{""distance"":7,""physical_error_rate"":0.1}","{""detection_events"":338,""detectors_checked"":1204,""obs_mistake_mask=E"":2}"
       128,         0,         0,   0.425,exact_mw,a17a1dfb4cb0509fbcf9caf9ce6f4704b111f022b15740e51c84c2b7e14a6407,"{""distance"":7,""physical_error_rate"":0.001}","{""detection_events"":334,""detectors_checked"":77056}"
    248832,         0,         0,    3.02,exact_mw,590a535fae2c18c7445aa3259c8038467453e1d6a10b68541c755b2dcb29eb74,"{""distance"":7,""physical_error_rate"":5e-05}","{""detection_events"":36361,""detectors_checked"":149796864}"
    485376,         0,         0,    5.97,exact_mw,590a535fae2c18c7445aa3259c8038467453e1d6a10b68541c755b2dcb29eb74,"{""distance"":7,""physical_error_rate"":5e-05}","{""detection_events"":71671,""detectors_checked"":292196352}"
        96,         0,         0,    2.44,exact_mw,73653d459d83448bea9c32985aa9fd156ebef5824b05d1ed55d386d98a968072,"{""distance"":7,""physical_error_rate"":0.01}","{""detection_events"":2885,""detectors_checked"":57792}"
    190464,         0,         0,    4.24,exact_mw,fb98ac5f0d986856d2cb4e87c937a37162f60383230d2323a40d4b2e77ef556c,"{""distance"":7,""physical_error_rate"":0.0002}","{""detection_events"":111444,""detectors_checked"":114659328}"
         4,         2,         0,    1.54,exact_mw,eaf6c0e366ca4ef858d4f05f9aa5827b452e47c06da5214dd4b433059c5f6ad5,"{""distance"":7,""physical_error_rate"":0.2}","{""detection_events"":974,""detectors_checked"":2408,""obs_mistake_mask=E"":2}"
        16,        10,         0,   0.838,exact_mw,eaf6c0e366ca4ef858d4f05f9aa5827b452e47c06da5214dd4b433059c5f6ad5,"{""distance"":7,""physical_error_rate"":0.2}","{""detection_events"":3946,""detectors_checked"":9632,""obs_mistake_mask=E"":10}"
    196608,         0,         0,    4.29,exact_mw,fb98ac5f0d986856d2cb4e87c937a37162f60383230d2323a40d4b2e77ef556c,"{""distance"":7,""physical_error_rate"":0.0002}","{""detection_events"":116920,""detectors_checked"":118358016}"
      3072,         0,         0,    2.97,exact_mw,a17a1dfb4cb0509fbcf9caf9ce6f4704b111f022b15740e51c84c2b7e14a6407,"{""distance"":7,""physical_error_rate"":0.001}","{""detection_events"":8908,""detectors_checked"":1849344}"
         2,         2,         0,   0.721,exact_mw,0f36ab2f416ea2e248dded4e100ad4e56c6bc9d6a288fc2b58a364b6cb3b9030,"{""distance"":7,""physical_error_rate"":0.1}","{""detection_events"":357,""detectors_checked"":1204,""obs_mistake_mask=E"":2}"
        40,        25,         0,    2.18,exact_mw,eaf6c0e366ca4ef858d4f05f9aa5827b452e47c06da5214dd4b433059c5f6ad5,"{""distance"":7,""physical_error_rate"":0.2}","{""detection_events"":9905,""detectors_checked"":24080,""obs_mistake_mask=E"":25}"
     31744,         0,         0,    4.33,exact_mw,8973b2281876bd917be29e6214e197de75d185bf3f5e531e264555f10574746e,"{""distance"":7,""physical_error_rate"":0.0005}","{""detection_events"":47117,""detectors_checked"":19109888}"
        16,        10,         0,   0.861,exact_mw,eaf6c0e366ca4ef858d4f05f9aa5827b452e47c06da5214dd4b433059c5f6ad5,"{""distance"":7,""physical_error_rate"":0.2}","{""detection_events"":3913,""detectors_checked"":9632,""obs_mistake_mask=E"":10}"
        48,        23,         0,    2.26,exact_mw,0f36ab2f416ea2e248dded4e100ad4e56c6bc9d6a288fc2b58a364b6cb3b9030,"{""distance"":7,""physical_error_rate"":0.1}","{""detection_events"":8547,""detectors_checked"":28896,""obs_mistake_mask=E"":23}"
        80,        41,         0,    3.17,exact_mw,c641915013202091ff5a6523ca1acdb371a70207f808e5be7753cd68f2436e97,"{""distance"":7,""physical_error_rate"":0.5}","{""detection_events"":23841,""detectors_checked"":48160,""obs_mistake_mask=E"":41}"
        64,         1,         0,    2.45,exact_mw,834abdd41b1b65931acfd3ee091dfffbb9772582814260e519c7dbaf7b14ebec,"{""distance"":7,""physical_error_rate"":0.02}","{""detection_events"":3176,""detectors_checked"":38528,""obs_mistake_mask=E"":1}"
        24,        14,         0,    1.78,exact_mw,c641915013202091ff5a6523ca1acdb371a70207f808e5be7753cd68f2436e97,"{""distance"":7,""physical_error_rate"":0.5}","{""detection_events"":7191,""detectors_checked"":14448,""obs_mistake_mask=E"":14}"
       192,         0,         0,    1.62,exact_mw,a17a1dfb4cb0509fbcf9caf9ce6f4704b111f022b15740e51c84c2b7e14a6407,"{""distance"":7,""physical_error_rate"":0.001}","{""detection_events"":554,""detectors_checked"":115584}"
        96,         4,         0,    3.47,exact_mw,834abdd41b1b65931acfd3ee091dfffbb9772582814260e519c7dbaf7b14ebec,"{""distance"":7,""physical_error_rate"":0.02}","{""detection_events"":4863,""detectors_checked"":57792,""obs_mistake_mask=E"":4}"
        16,        10,         0,   0.839,exact_mw,eaf6c0e366ca4ef858d4f05f9aa5827b452e47c06da5214dd4b433059c5f6ad5,"{""distance"":7,""physical_error_rate"":0.2}","{""detection_events"":3977,""detectors_checked"":9632,""obs_mistake_mask=E"":10}"
      3584,         0,         0,    3.39,exact_mw,a17a1dfb4cb0509fbcf9caf9ce6f4704b111f022b15740e51c84c2b7e14a6407,"{""distance"":7,""physical_error_rate"":0.001}","{""detection_events"":10813,""detectors_checked"":2157568}"
    100352,         0,         0,    2.18,exact_mw,fb98ac5f0d986856d2cb4e87c937a37162f60383230d2323a40d4b2e77ef556c,"{""distance"":7,""physical_error_rate"":0.0002}","{""detection_events"":59177,""detectors_checked"":60411904}"
       128,         0,         0,    1.32,exact_mw,a17a1dfb4cb0509fbcf9caf9ce6f4704b111f022b15740e51c84c2b7e14a6407,"{""distance"":7,""physical_error_rate"":0.001}","{""detection_events"":443,""detectors_checked"":77056}"
        24,         0,         0,    2.28,exact_mw,a7c002779361d29bb296963a23dd35d34b706f38009a8e2e2f5aee9a5ee0acdb,"{""distance"":7,""physical_error_rate"":0.005}","{""detection_events"":344,""detectors_checked"":14448}"
     41984,         0,         0,    4.38,exact_mw,c5b9b378753080b028cc9d6f4434ddf95ab0a61b3333c7295fd718d5436747fc,"{""distance"":7,""physical_error_rate"":0.0001}","{""detection_events"":12460,""detectors_checked"":25274368}"
         2,         0,         0,   0.779,exact_mw,0f36ab2f416ea2e248dded4e100ad4e56c6bc9d6a288fc2b58a364b6cb3b9030,"{""distance"":7,""physical_error_rate"":0.1}","{""detection_events"":365,""detectors_checked"":1204}"
        72,        18,         0,    3.11,exact_mw,6f5489aeee258679dc72a3e249dc8e02f40944f7ca4d24fa31eb242c8075b1b5,"{""distance"":7,""physical_error_rate"":0.05}","{""detection_events"":7998,""detectors_checked"":43344,""obs_mistake_mask=E"":18}"
       896,         0,         0,    3.50,exact_mw,f9daf7670c28e8b8b7ac9af8e1984263f26063cb589f7a54f43332f7ce5001d2,"{""distance"":7,""physical_error_rate"":0.002}","{""detection_events"":5178,""detectors_checked"":539392}"
       640,         0,         0,    2.37,exact_mw,f9daf7670c28e8b8b7ac9af8e1984263f26063cb589f7a54f43332f7ce5001d2,"{""distance"":7,""physical_error_rate"":0.002}","{""detection_events"":3639,""detectors_checked"":385280}"
        64,         0,         0,   0.295,exact_mw,a17a1dfb4cb0509fbcf9caf9ce6f4704b111f022b15740e51c84c2b7e14a6407,"{""distance"":7,""physical_error_rate"":0.001}","{""detection_events"":168,""detectors_checked"":38528}"
        96,         4,         0,    3.36,exact_mw,834abdd41b1b65931acfd3ee091dfffbb9772582814260e519c7dbaf7b14ebec,"{""distance"":7,""physical_error_rate"":0.02}","{""detection_events"":5199,""detectors_checked"":57792,""obs_mistake_mask=E"":4}"
       128,         0,         0,    3.63,exact_mw,73653d459d83448bea9c32985aa9fd156ebef5824b05d1ed55d386d98a968072,"{""distance"":7,""physical_error_rate"":0.01}","{""detection_events"":3653,""detectors_checked"":77056}"
         4,         1,         0,    1.50,exact_mw,eaf6c0e366ca4ef858d4f05f9aa5827b452e47c06da5214dd4b433059c5f6ad5,"{""distance"":7,""physical_error_rate"":0.2}","{""detection_events"":991,""detectors_checked"":2408,""obs_mistake_mask=E"":1}"
        64,        27,         0,    3.09,exact_mw,0f36ab2f416ea2e248dded4e100ad4e56c6bc9d6a288fc2b58a364b6cb3b9030,"{""distance"":7,""physical_error_rate"":0.1}","{""detection_events"":11103,""detectors_checked"":38528,""obs_mistake_mask=E"":27}"
       768,         0,         0,    2.50,exact_mw,f9daf7670c28e8b8b7ac9af8e1984263f26063cb589f7a54f43332f7ce5001d2,"{""distance"":7,""physical_error_rate"":0.002}","{""detection_events"":4381,""detectors_checked"":462336}"
         2,         0,         0,   0.721,exact_mw,0f36ab2f416ea2e248dded4e100ad4e56c6bc9d6a288fc2b58a364b6cb3b9030,"{""distance"":7,""physical_error_rate"":0.1}","{""detection_events"":353,""detectors_checked"":1204}"
        64,        36,         0,    3.28,exact_mw,c641915013202091ff5a6523ca1acdb371a70207f808e5be7753cd68f2436e97,"{""distance"":7,""physical_error_rate"":0.5}","{""detection_events"":19303,""detectors_checked"":38528,""obs_mistake_mask=E"":36}"
        64,        26,         0,    3.12,exact_mw,0f36ab2f416ea2e248dded4e100ad4e56c6bc9d6a288fc2b58a364b6cb3b9030,"{""distance"":7,""physical_error_rate"":0.1}","{""detection_events"":11025,""detectors_checked"":38528,""obs_mistake_mask=E"":26}"
        72,        23,         0,    3.10,exact_mw,6f5489aeee258679dc72a3e249dc8e02f40944f7ca4d24fa31eb242c8075b1b5,"{""distance"":7,""physical_error_rate"":0.05}","{""detection_events"":7840,""detectors_checked"":43344,""obs_mistake_mask=E"":23}"
        32,        16,         0,    1.69,exact_mw,eaf6c0e366ca4ef858d4f05f9aa5827b452e47c06da5214dd4b433059c5f6ad5,"{""distance"":7,""physical_error_rate"":0.2}","{""detection_events"":7757,""detectors_checked"":19264,""obs_mistake_mask=E"":16}"
         1,         0,         0,   0.014,exact_mw,73653d459d83448bea9c32985aa9fd156ebef5824b05d1ed55d386d98a968072,"{""distance"":7,""physical_error_rate"":0.01}","{""detection_events"":9,""detectors_checked"":602}"
        24,        14,         0,    1.26,exact_mw,eaf6c0e366ca4ef858d4f05f9aa5827b452e47c06da5214dd4b433059c5f6ad5,"{""distance"":7,""physical_error_rate"":0.2}","{""detection_events"":5856,""detectors_checked"":14448,""obs_mistake_mask=E"":14}"
    337920,         0,         0,    4.23,exact_mw,590a535fae2c18c7445aa3259c8038467453e1d6a10b68541c755b2dcb29eb74,"{""distance"":7,""physical_error_rate"":5e-05}","{""detection_events"":50817,""detectors_checked"":203427840}"
        96,         3,         0,    3.50,exact_mw,834abdd41b1b65931acfd3ee091dfffbb9772582814260e519c7dbaf7b14ebec,"{""distance"":7,""physical_error_rate"":0.02}","{""detection_events"":4920,""detectors_checked"":57792,""obs_mistake_mask=E"":3}"
       128,         0,         0,    1.09,exact_mw,a17a1dfb4cb0509fbcf9caf9ce6f4704b111f022b15740e51c84c2b7e14a6407,"{""distance"":7,""physical_error_rate"":0.001}","{""detection_events"":369,""detectors_checked"":77056}"
        64,        25,         0,    3.42,exact_mw,eaf6c0e366ca4ef858d4f05f9aa5827b452e47c06da5214dd4b433059c5f6ad5,"{""distance"":7,""physical_error_rate"":0.2}","{""detection_events"":15925,""detectors_checked"":38528,""obs_mistake_mask=E"":25}"
        16,         0,         0,   0.381,exact_mw,73653d459d83448bea9c32985aa9fd156ebef5824b05d1ed55d386d98a968072,"{""distance"":7,""physical_error_rate"":0.01}","{""detection_events"":355,""detectors_checked"":9632}"
         2,         0,         0,   0.723,exact_mw,0f36ab2f416ea2e248dded4e100ad4e56c6bc9d6a288fc2b58a364b6cb3b9030,"{""distance"":7,""physical_error_rate"":0.1}","{""detection_events"":384,""detectors_checked"":1204}"
    321536,         0,         0,    4.27,exact_mw,c5b9b378753080b028cc9d6f4434ddf95ab0a61b3333c7295fd718d5436747fc,"{""distance"":7,""physical_error_rate"":0.0001}","{""detection_events"":94886,""detectors_checked"":193564672}"
     21504,         0,         0,    3.11,exact_mw,8973b2281876bd917be29e6214e197de75d185bf3f5e531e264555f10574746e,"{""distance"":7,""physical_error_rate"":0.0005}","{""detection_events"":31808,""detectors_checked"":12945408}"
    321536,         0,         0,    4.25,exact_mw,c5b9b378753080b028cc9d6f4434ddf95ab0a61b3333c7295fd718d5436747fc,"{""distance"":7,""physical_error_rate"":0.0001}","{""detection_events"":95907,""detectors_checked"":193564672}"
      4096,         0,         0,    3.21,exact_mw,a17a1dfb4cb0509fbcf9caf9ce6f4704b111f022b15740e51c84c2b7e14a6407,"{""distance"":7,""physical_error_rate"":0.001}","{""detection_events"":11898,""detectors_checked"":2465792}"
        72,        15,         0,    3.17,exact_mw,6f5489aeee258679dc72a3e249dc8e02f40944f7ca4d24fa31eb242c8075b1b5,"{""distance"":7,""physical_error_rate"":0.05}","{""detection_events"":7950,""detectors_checked"":43344,""obs_mistake_mask=E"":15}"
         1,         0,         0,   0.029,exact_mw,834abdd41b1b65931acfd3ee091dfffbb9772582814260e519c7dbaf7b14ebec,"{""distance"":7,""physical_error_rate"":0.02}","{""detection_events"":52,""detectors_checked"":602}"
       192,         0,         0,    3.34,exact_mw,a7c002779361d29bb296963a23dd35d34b706f38009a8e2e2f5aee9a5ee0acdb,"{""distance"":7,""physical_error_rate"":0.005}","{""detection_events"":2878,""detectors_checked"":115584}"
       384,         0,         0,    6.23,exact_mw,a7c002779361d29bb296963a23dd35d34b706f38009a8e2e2f5aee9a5ee0acdb,"{""distance"":7,""physical_error_rate"":0.005}","{""detection_events"":5293,""detectors_checked"":231168}"
        16,         1,         0,   0.446,exact_mw,73653d459d83448bea9c32985aa9fd156ebef5824b05d1ed55d386d98a968072,"{""distance"":7,""physical_error_rate"":0.01}","{""detection_events"":467,""detectors_checked"":9632,""obs_mistake_mask=E"":1}"
       640,         0,         0,   0.548,exact_mw,a17a1dfb4cb0509fbcf9caf9ce6f4704b111f022b15740e51c84c2b7e14a6407,"{""distance"":7,""physical_error_rate"":0.001}","{""detection_events"":1873,""detectors_checked"":385280}"
        32,        13,         0,    2.38,exact_mw,c641915013202091ff5a6523ca1acdb371a70207f808e5be7753cd68f2436e97,"{""distance"":7,""physical_error_rate"":0.5}","{""detection_events"":9577,""detectors_checked"":19264,""obs_mistake_mask=E"":13}"
       512,         0,         0,    2.37,exact_mw,a17a1dfb4cb0509fbcf9caf9ce6f4704b111f022b15740e51c84c2b7e14a6407,"{""distance"":7,""physical_error_rate"":0.001}","{""detection_events"":1412,""detectors_checked"":308224}"
        64,         1,         0,    2.46,exact_mw,834abdd41b1b65931acfd3ee091dfffbb9772582814260e519c7dbaf7b14ebec,"{""distance"":7,""physical_error_rate"":0.02}","{""detection_events"":3173,""detectors_checked"":38528,""obs_mistake_mask=E"":1}"
         1,         0,         0,   0.017,exact_mw,f9daf7670c28e8b8b7ac9af8e1984263f26063cb589f7a54f43332f7ce5001d2,"{""distance"":7,""physical_error_rate"":0.002}","{""detection_events"":14,""detectors_checked"":602}"
        16,         0,         0,   0.102,exact_mw,f9daf7670c28e8b8b7ac9af8e1984263f26063cb589f7a54f43332f7ce5001d2,"{""distance"":7,""physical_error_rate"":0.002}","{""detection_events"":120,""detectors_checked"":9632}"
         1,         1,         0,   0.048,exact_mw,c641915013202091ff5a6523ca1acdb371a70207f808e5be7753cd68f2436e97,"{""distance"":7,""physical_error_rate"":0.5}","{""detection_events"":311,""detectors_checked"":602,""obs_mistake_mask=E"":1}"
       512,         0,         0,   0.295,exact_mw,a17a1dfb4cb0509fbcf9caf9ce6f4704b111f022b15740e51c84c2b7e14a6407,"{""distance"":7,""physical_error_rate"":0.001}","{""detection_events"":1537,""detectors_checked"":308224}"
        64,         0,         0,   0.195,exact_mw,f9daf7670c28e8b8b7ac9af8e1984263f26063cb589f7a54f43332f7ce5001d2,"{""distance"":7,""physical_error_rate"":0.002}","{""detection_events"":326,""detectors_checked"":38528}"
        16,         2,         0,   0.589,exact_mw,834abdd41b1b65931acfd3ee091dfffbb9772582814260e519c7dbaf7b14ebec,"{""distance"":7,""physical_error_rate"":0.02}","{""detection_events"":886,""detectors_checked"":9632,""obs_mistake_mask=E"":2}"
     50176,         0,         0,    4.21,exact_mw,fb98ac5f0d986856d2cb4e87c937a37162f60383230d2323a40d4b2e77ef556c,"{""distance"":7,""physical_error_rate"":0.0002}","{""detection_events"":29443,""detectors_checked"":30205952}"
        16,         0,         0,   0.472,exact_mw,73653d459d83448bea9c32985aa9fd156ebef5824b05d1ed55d386d98a968072,"{""distance"":7,""physical_error_rate"":0.01}","{""detection_events"":466,""detectors_checked"":9632}"
        56,        27,         0,    3.06,exact_mw,eaf6c0e366ca4ef858d4f05f9aa5827b452e47c06da5214dd4b433059c5f6ad5,"{""distance"":7,""physical_error_rate"":0.2}","{""detection_events"":13851,""detectors_checked"":33712,""obs_mistake_mask=E"":27}"
        64,        33,         0,    3.07,exact_mw,0f36ab2f416ea2e248dded4e100ad4e56c6bc9d6a288fc2b58a364b6cb3b9030,"{""distance"":7,""physical_error_rate"":0.1}","{""detection_events"":11407,""detectors_checked"":38528,""obs_mistake_mask=E"":33}"
         8,         4,         0,   0.388,exact_mw,c641915013202091ff5a6523ca1acdb371a70207f808e5be7753cd68f2436e97,"{""distance"":7,""physical_error_rate"":0.5}","{""detection_events"":2390,""detectors_checked"":4816,""obs_mistake_mask=E"":4}"
       104,        30,         0,    4.46,exact_mw,6f5489aeee258679dc72a3e249dc8e02f40944f7ca4d24fa31eb242c8075b1b5,"{""distance"":7,""physical_error_rate"":0.05}","{""detection_events"":11212,""detectors_checked"":62608,""obs_mistake_mask=E"":30}"
       128,         1,         0,    3.57,exact_mw,73653d459d83448bea9c32985aa9fd156ebef5824b05d1ed55d386d98a968072,"{""distance"":7,""physical_error_rate"":0.01}","{""detection_events"":3430,""detectors_checked"":77056,""obs_mistake_mask=E"":1}"
     19456,         0,         0,    4.34,exact_mw,8973b2281876bd917be29e6214e197de75d185bf3f5e531e264555f10574746e,"{""distance"":7,""physical_error_rate"":0.0005}","{""detection_events"":29086,""detectors_checked"":11712512}"
         6,         3,         0,    2.24,exact_mw,eaf6c0e366ca4ef858d4f05f9aa5827b452e47c06da5214dd4b433059c5f6ad5,"{""distance"":7,""physical_error_rate"":0.2}","{""detection_events"":1476,""detectors_checked"":3612,""obs_mistake_mask=E"":3}"
        32,        23,         0,    1.69,exact_mw,eaf6c0e366ca4ef858d4f05f9aa5827b452e47c06da5214dd4b433059c5f6ad5,"{""distance"":7,""physical_error_rate"":0.2}","{""detection_events"":7859,""detectors_checked"":19264,""obs_mistake_mask=E"":23}"
        16,         0,         0,   0.438,exact_mw,73653d459d83448bea9c32985aa9fd156ebef5824b05d1ed55d386d98a968072,"{""distance"":7,""physical_error_rate"":0.01}","{""detection_events"":416,""detectors_checked"":9632}"
       128,         0,         0,   0.522,exact_mw,f9daf7670c28e8b8b7ac9af8e1984263f26063cb589f7a54f43332f7ce5001d2,"{""distance"":7,""physical_error_rate"":0.002}","{""detection_events"":788,""detectors_checked"":77056}"
        16,         0,         0,   0.521,exact_mw,834abdd41b1b65931acfd3ee091dfffbb9772582814260e519c7dbaf7b14ebec,"{""distance"":7,""physical_error_rate"":0.02}","{""detection_events"":790,""detectors_checked"":9632}"
        32,        17,         0,    1.67,exact_mw,eaf6c0e366ca4ef858d4f05f9aa5827b452e47c06da5214dd4b433059c5f6ad5,"{""distance"":7,""physical_error_rate"":0.2}","{""detection_events"":7797,""detectors_checked"":19264,""obs_mistake_mask=E"":17}"
      4096,         0,         0,    3.59,exact_mw,a17a1dfb4cb0509fbcf9caf9ce6f4704b111f022b15740e51c84c2b7e14a6407,"{""distance"":7,""physical_error_rate"":0.001}","{""detection_events"":12291,""detectors_checked"":2465792}"
     20480,         0,         0,    4.44,exact_mw,8973b2281876bd917be29e6214e197de75d185bf3f5e531e264555f10574746e,"{""distance"":7,""physical_error_rate"":0.0005}","{""detection_events"":30050,""detectors_checked"":12328960}"
         4,         2,         0,    1.40,exact_mw,0f36ab2f416ea2e248dded4e100ad4e56c6bc9d6a288fc2b58a364b6cb3b9030,"{""distance"":7,""physical_error_rate"":0.1}","{""detection_events"":683,""detectors_checked"":2408,""obs_mistake_mask=E"":2}"
         1,         0,         0,   0.001,exact_mw,fb98ac5f0d986856d2cb4e87c937a37162f60383230d2323a40d4b2e77ef556c,"{""distance"":7,""physical_error_rate"":0.0002}","{""detectors_checked"":602}"
        16,         0,         0,   0.001,exact_mw,fb98ac5f0d986856d2cb4e87c937a37162f60383230d2323a40d4b2e77ef556c,"{""distance"":7,""physical_error_rate"":0.0002}","{""detection_events"":22,""detectors_checked"":9632}"
         8,         3,         0,   0.394,exact_mw,c641915013202091ff5a6523ca1acdb371a70207f808e5be7753cd68f2436e97,"{""distance"":7,""physical_error_rate"":0.5}","{""detection_events"":2433,""detectors_checked"":4816,""obs_mistake_mask=E"":3}"
      1280,         0,         0,   0.021,exact_mw,fb98ac5f0d986856d2cb4e87c937a37162f60383230d2323a40d4b2e77ef556c,"{""distance"":7,""physical_error_rate"":0.0002}","{""detection_events"":739,""detectors_checked"":770560}"
         1,         0,         0,   0.049,exact_mw,73653d459d83448bea9c32985aa9fd156ebef5824b05d1ed55d386d98a968072,"{""distance"":7,""physical_error_rate"":0.01}","{""detection_events"":29,""detectors_checked"":602}"
      1024,         0,         0,   0.054,exact_mw,fb98ac5f0d986856d2cb4e87c937a37162f60383230d2323a40d4b2e77ef556c,"{""distance"":7,""physical_error_rate"":0.0002}","{""detection_events"":615,""detectors_checked"":616448}"
    342016,         0,         0,    4.23,exact_mw,590a535fae2c18c7445aa3259c8038467453e1d6a10b68541c755b2dcb29eb74,"{""distance"":7,""physical_error_rate"":5e-05}","{""detection_events"":52038,""detectors_checked"":205893632}"
      1024,         0,         0,   0.794,exact_mw,a17a1dfb4cb0509fbcf9caf9ce6f4704b111f022b15740e51c84c2b7e14a6407,"{""distance"":7,""physical_error_rate"":0.001}","{""detection_events"":2889,""detectors_checked"":616448}"
      2048,         0,         0,   0.057,exact_mw,fb98ac5f0d986856d2cb4e87c937a37162f60383230d2323a40d4b2e77ef556c,"{""distance"":7,""physical_error_rate"":0.0002}","{""detection_events"":1266,""detectors_checked"":1232896}"
     93184,         0,         0,    3.08,exact_mw,fb98ac5f0d986856d2cb4e87c937a37162f60383230d2323a40d4b2e77ef556c,"{""distance"":7,""physical_error_rate"":0.0002}","{""detection_events"":55659,""detectors_checked"":56096768}"
      2048,         0,         0,   0.078,exact_mw,fb98ac5f0d986856d2cb4e87c937a37162f60383230d2323a40d4b2e77ef556c,"{""distance"":7,""physical_error_rate"":0.0002}","{""detection_events"":1163,""detectors_checked"":1232896}"
         8,         0,         0,   0.208,exact_mw,73653d459d83448bea9c32985aa9fd156ebef5824b05d1ed55d386d98a968072,"{""distance"":7,""physical_error_rate"":0.01}","{""detection_events"":213,""detectors_checked"":4816}"
      2048,         0,         0,   0.081,exact_mw,fb98ac5f0d986856d2cb4e87c937a37162f60383230d2323a40d4b2e77ef556c,"{""distance"":7,""physical_error_rate"":0.0002}","{""detection_events"":1165,""detectors_checked"":1232896}"
        16,         0,         0,   0.446,exact_mw,73653d459d83448bea9c32985aa9fd156ebef5824b05d1ed55d386d98a968072,"{""distance"":7,""physical_error_rate"":0.01}","{""detection_events"":430,""detectors_checked"":9632}"
         8,         4,         0,   0.399,exact_mw,c641915013202091ff5a6523ca1acdb371a70207f808e5be7753cd68f2436e97,"{""distance"":7,""physical_error_rate"":0.5}","{""detection_events"":2480,""detectors_checked"":4816,""obs_mistake_mask=E"":4}"
      4096,         0,         0,   0.138,exact_mw,fb98ac5f0d986856d2cb4e87c937a37162f60383230d2323a40d4b2e77ef556c,"{""distance"":7,""physical_error_rate"":0.0002}","{""detection_events"":2424,""detectors_checked"":2465792}"
        16,         1,         0,   0.555,exact_mw,834abdd41b1b65931acfd3ee091dfffbb9772582814260e519c7dbaf7b14ebec,"{""distance"":7,""physical_error_rate"":0.02}","{""detection_events"":843,""detectors_checked"":9632,""obs_mistake_mask=E"":1}"
       128,         0,         0,   0.603,exact_mw,f9daf7670c28e8b8b7ac9af8e1984263f26063cb589f7a54f43332f7ce5001d2,"{""distance"":7,""physical_error_rate"":0.002}","{""detection_events"":883,""detectors_checked"":77056}"
    440320,         0,         0,    5.93,exact_mw,c5b9b378753080b028cc9d6f4434ddf95ab0a61b3333c7295fd718d5436747fc,"{""distance"":7,""physical_error_rate"":0.0001}","{""detection_events"":130014,""detectors_checked"":265072640}"
      5120,         0,         0,   0.183,exact_mw,fb98ac5f0d986856d2cb4e87c937a37162f60383230d2323a40d4b2e77ef556c,"{""distance"":7,""physical_error_rate"":0.0002}","{""detection_events"":3127,""detectors_checked"":3082240}"
       768,         0,         0,    3.32,exact_mw,f9daf7670c28e8b8b7ac9af8e1984263f26063cb589f7a54f43332f7ce5001d2,"{""distance"":7,""physical_error_rate"":0.002}","{""detection_events"":4592,""detectors_checked"":462336}"
        16,         0,         0,   0.401,exact_mw,73653d459d83448bea9c32985aa9fd156ebef5824b05d1ed55d386d98a968072,"{""distance"":7,""physical_error_rate"":0.01}","{""detection_events"":470,""detectors_checked"":9632}"
         1,         0,         0,   0.011,exact_mw,8973b2281876bd917be29e6214e197de75d185bf3f5e531e264555f10574746e,"{""distance"":7,""physical_error_rate"":0.0005}","{""detection_events"":4,""detectors_checked"":602}"
        16,         0,         0,   0.351,exact_mw,73653d459d83448bea9c32985aa9fd156ebef5824b05d1ed55d386d98a968072,"{""distance"":7,""physical_error_rate"":0.01}","{""detection_events"":446,""detectors_checked"":9632}"
       272,         0,         0,   0.025,exact_mw,8973b2281876bd917be29e6214e197de75d185bf3f5e531e264555f10574746e,"{""distance"":7,""physical_error_rate"":0.0005}","{""detection_events"":387,""detectors_checked"":163744}"
         1,         0,         0,   0.013,exact_mw,f9daf7670c28e8b8b7ac9af8e1984263f26063cb589f7a54f43332f7ce5001d2,"{""distance"":7,""physical_error_rate"":0.002}","{""detection_events"":3,""detectors_checked"":602}"
         8,         4,         0,   0.397,exact_mw,c641915013202091ff5a6523ca1acdb371a70207f808e5be7753cd68f2436e97,"{""distance"":7,""physical_error_rate"":0.5}","{""detection_events"":2371,""detectors_checked"":4816,""obs_mistake_mask=E"":4}"
      7168,         0,         0,   0.216,exact_mw,fb98ac5f0d986856d2cb4e87c937a37162f60383230d2323a40d4b2e77ef556c,"{""distance"":7,""physical_error_rate"":0.0002}","{""detection_events"":4371,""detectors_checked"":4315136}"
      1024,         0,         0,   0.108,exact_mw,8973b2281876bd917be29e6214e197de75d185bf3f5e531e264555f10574746e,"{""distance"":7,""physical_error_rate"":0.0005}","{""detection_events"":1534,""detectors_checked"":616448}"
      1024,         0,         0,   0.748,exact_mw,a17a1dfb4cb0509fbcf9caf9ce6f4704b111f022b15740e51c84c2b7e14a6407,"{""distance"":7,""physical_error_rate"":0.001}","{""detection_events"":2985,""detectors_checked"":616448}"
        16,         0,         0,   0.129,exact_mw,f9daf7670c28e8b8b7ac9af8e1984263f26063cb589f7a54f43332f7ce5001d2,"{""distance"":7,""physical_error_rate"":0.002}","{""detection_events"":128,""detectors_checked"":9632}"
        32,         0,         0,    3.81,exact_mw,a7c002779361d29bb296963a23dd35d34b706f38009a8e2e2f5aee9a5ee0acdb,"{""distance"":7,""physical_error_rate"":0.005}","{""detection_events"":457,""detectors_checked"":19264}"
      1024,         0,         0,   0.096,exact_mw,8973b2281876bd917be29e6214e197de75d185bf3f5e531e264555f10574746e,"{""distance"":7,""physical_error_rate"":0.0005}","{""detection_events"":1446,""detectors_checked"":616448}"
       768,         0,         0,    3.27,exact_mw,f9daf7670c28e8b8b7ac9af8e1984263f26063cb589f7a54f43332f7ce5001d2,"{""distance"":7,""physical_error_rate"":0.002}","{""detection_events"":4504,""detectors_checked"":462336}"
        16,         0,         0,   0.327,exact_mw,73653d459d83448bea9c32985aa9fd156ebef5824b05d1ed55d386d98a968072,"{""distance"":7,""physical_error_rate"":0.01}","{""detection_events"":381,""detectors_checked"":9632}"
        16,         0,         0,   0.584,exact_mw,834abdd41b1b65931acfd3ee091dfffbb9772582814260e519c7dbaf7b14ebec,"{""distance"":7,""physical_error_rate"":0.02}","{""detection_events"":725,""detectors_checked"":9632}"
      1024,         0,         0,   0.128,exact_mw,8973b2281876bd917be29e6214e197de75d185bf3f5e531e264555f10574746e,"{""distance"":7,""physical_error_rate"":0.0005}","{""detection_events"":1466,""detectors_checked"":616448}"
       128,         0,         0,   0.563,exact_mw,f9daf7670c28e8b8b7ac9af8e1984263f26063cb589f7a54f43332f7ce5001d2,"{""distance"":7,""physical_error_rate"":0.002}","{""detection_events"":806,""detectors_checked"":77056}"
        16,         2,         0,   0.399,exact_mw,73653d459d83448bea9c32985aa9fd156ebef5824b05d1ed55d386d98a968072,"{""distance"":7,""physical_error_rate"":0.01}","{""detection_events"":433,""detectors_checked"":9632,""obs_mistake_mask=E"":2}"
        64,         0,         0,   0.194,exact_mw,f9daf7670c28e8b8b7ac9af8e1984263f26063cb589f7a54f43332f7ce5001d2,"{""distance"":7,""physical_error_rate"":0.002}","{""detection_events"":366,""detectors_checked"":38528}"
      9216,         0,         0,   0.296,exact_mw,fb98ac5f0d986856d2cb4e87c937a37162f60383230d2323a40d4b2e77ef556c,"{""distance"":7,""physical_error_rate"":0.0002}","{""detection_events"":5541,""detectors_checked"":5548032}"
         8,         7,         0,   0.387,exact_mw,c641915013202091ff5a6523ca1acdb371a70207f808e5be7753cd68f2436e97,"{""distance"":7,""physical_error_rate"":0.5}","{""detection_events"":2408,""detectors_checked"":4816,""obs_mistake_mask=E"":7}"
      1024,         0,         0,   0.183,exact_mw,8973b2281876bd917be29e6214e197de75d185bf3f5e531e264555f10574746e,"{""distance"":7,""physical_error_rate"":0.0005}","{""detection_events"":1546,""detectors_checked"":616448}"
        18,        13,         0,    1.26,exact_mw,0f36ab2f416ea2e248dded4e100ad4e56c6bc9d6a288fc2b58a364b6cb3b9030,"{""distance"":7,""physical_error_rate"":0.1}","{""detection_events"":3152,""detectors_checked"":10836,""obs_mistake_mask=E"":13}"
        96,        52,         0,    4.71,exact_mw,c641915013202091ff5a6523ca1acdb371a70207f808e5be7753cd68f2436e97,"{""distance"":7,""physical_error_rate"":0.5}","{""detection_events"":29095,""detectors_checked"":57792,""obs_mistake_mask=E"":52}"
      1024,         0,         0,   0.131,exact_mw,8973b2281876bd917be29e6214e197de75d185bf3f5e531e264555f10574746e,"{""distance"":7,""physical_error_rate"":0.0005}","{""detection_events"":1533,""detectors_checked"":616448}"
        16,         0,         0,   0.312,exact_mw,73653d459d83448bea9c32985aa9fd156ebef5824b05d1ed55d386d98a968072,"{""distance"":7,""physical_error_rate"":0.01}","{""detection_events"":423,""detectors_checked"":9632}"
        16,         0,         0,   0.412,exact_mw,73653d459d83448bea9c32985aa9fd156ebef5824b05d1ed55d386d98a968072,"{""distance"":7,""physical_error_rate"":0.01}","{""detection_events"":433,""detectors_checked"":9632}"
      1024,         0,         0,    4.29,exact_mw,f9daf7670c28e8b8b7ac9af8e1984263f26063cb589f7a54f43332f7ce5001d2,"{""distance"":7,""physical_error_rate"":0.002}","{""detection_events"":6112,""detectors_checked"":616448}"
      1024,         0,         0,   0.181,exact_mw,8973b2281876bd917be29e6214e197de75d185bf3f5e531e264555f10574746e,"{""distance"":7,""physical_error_rate"":0.0005}","{""detection_events"":1542,""detectors_checked"":616448}"
     15360,         0,         0,   0.430,exact_mw,fb98ac5f0d986856d2cb4e87c937a37162f60383230d2323a40d4b2e77ef556c,"{""distance"":7,""physical_error_rate"":0.0002}","{""detection_events"":8856,""detectors_checked"":9246720}"
         8,         2,         0,   0.391,exact_mw,c641915013202091ff5a6523ca1acdb371a70207f808e5be7753cd68f2436e97,"{""distance"":7,""physical_error_rate"":0.5}","{""detection_events"":2464,""detectors_checked"":4816,""obs_mistake_mask=E"":2}"
      5120,         0,         0,    4.60,exact_mw,a17a1dfb4cb0509fbcf9caf9ce6f4704b111f022b15740e51c84c2b7e14a6407,"{""distance"":7,""physical_error_rate"":0.001}","{""detection_events"":14912,""detectors_checked"":3082240}"
        16,         0,         0,   0.576,exact_mw,834abdd41b1b65931acfd3ee091dfffbb9772582814260e519c7dbaf7b14ebec,"{""distance"":7,""physical_error_rate"":0.02}","{""detection_events"":797,""detectors_checked"":9632}"
       128,         6,         0,    4.76,exact_mw,834abdd41b1b65931acfd3ee091dfffbb9772582814260e519c7dbaf7b14ebec,"{""distance"":7,""physical_error_rate"":0.02}","{""detection_events"":6928,""detectors_checked"":77056,""obs_mistake_mask=E"":6}"
       128,         0,         0,   0.623,exact_mw,f9daf7670c28e8b8b7ac9af8e1984263f26063cb589f7a54f43332f7ce5001d2,"{""distance"":7,""physical_error_rate"":0.002}","{""detection_events"":802,""detectors_checked"":77056}"
       128,         0,         0,   0.632,exact_mw,f9daf7670c28e8b8b7ac9af8e1984263f26063cb589f7a54f43332f7ce5001d2,"{""distance"":7,""physical_error_rate"":0.002}","{""detection_events"":801,""detectors_checked"":77056}"
       104,        31,         0,    4.48,exact_mw,6f5489aeee258679dc72a3e249dc8e02f40944f7ca4d24fa31eb242c8075b1b5,"{""distance"":7,""physical_error_rate"":0.05}","{""detection_events"":11501,""detectors_checked"":62608,""obs_mistake_mask=E"":31}"
      1024,         0,         0,   0.236,exact_mw,8973b2281876bd917be29e6214e197de75d185bf3f5e531e264555f10574746e,"{""distance"":7,""physical_error_rate"":0.0005}","{""detection_events"":1529,""detectors_checked"":616448}"
        16,         0,         0,   0.371,exact_mw,73653d459d83448bea9c32985aa9fd156ebef5824b05d1ed55d386d98a968072,"{""distance"":7,""physical_error_rate"":0.01}","{""detection_events"":473,""detectors_checked"":9632}"
      1024,         0,         0,   0.976,exact_mw,a17a1dfb4cb0509fbcf9caf9ce6f4704b111f022b15740e51c84c2b7e14a6407,"{""distance"":7,""physical_error_rate"":0.001}","{""detection_events"":3144,""detectors_checked"":616448}"
        16,         0,         0,   0.481,exact_mw,73653d459d83448bea9c32985aa9fd156ebef5824b05d1ed55d386d98a968072,"{""distance"":7,""physical_error_rate"":0.01}","{""detection_events"":465,""detectors_checked"":9632}"
         8,         6,         0,   0.386,exact_mw,c641915013202091ff5a6523ca1acdb371a70207f808e5be7753cd68f2436e97,"{""distance"":7,""physical_error_rate"":0.5}","{""detection_events"":2395,""detectors_checked"":4816,""obs_mistake_mask=E"":6}"
       160,         1,         0,    4.51,exact_mw,73653d459d83448bea9c32985aa9fd156ebef5824b05d1ed55d386d98a968072,"{""distance"":7,""physical_error_rate"":0.01}","{""detection_events"":4397,""detectors_checked"":96320,""obs_mistake_mask=E"":1}"
      2048,         0,         0,   0.270,exact_mw,8973b2281876bd917be29e6214e197de75d185bf3f5e531e264555f10574746e,"{""distance"":7,""physical_error_rate"":0.0005}","{""detection_events"":3106,""detectors_checked"":1232896}"
    261120,         0,         0,    5.95,exact_mw,fb98ac5f0d986856d2cb4e87c937a37162f60383230d2323a40d4b2e77ef556c,"{""distance"":7,""physical_error_rate"":0.0002}","{""detection_events"":154490,""detectors_checked"":157194240}"
         6,         5,         0,    2.24,exact_mw,eaf6c0e366ca4ef858d4f05f9aa5827b452e47c06da5214dd4b433059c5f6ad5,"{""distance"":7,""physical_error_rate"":0.2}","{""detection_events"":1456,""detectors_checked"":3612,""obs_mistake_mask=E"":5}"
     15360,         0,         0,   0.548,exact_mw,fb98ac5f0d986856d2cb4e87c937a37162f60383230d2323a40d4b2e77ef556c,"{""distance"":7,""physical_error_rate"":0.0002}","{""detection_events"":9053,""detectors_checked"":9246720}"
       128,         0,         0,   0.457,exact_mw,f9daf7670c28e8b8b7ac9af8e1984263f26063cb589f7a54f43332f7ce5001d2,"{""distance"":7,""physical_error_rate"":0.002}","{""detection_events"":728,""detectors_checked"":77056}"
       128,         6,         0,    4.74,exact_mw,834abdd41b1b65931acfd3ee091dfffbb9772582814260e519c7dbaf7b14ebec,"{""distance"":7,""physical_error_rate"":0.02}","{""detection_events"":6654,""detectors_checked"":77056,""obs_mistake_mask=E"":6}"
        16,         0,         0,   0.327,exact_mw,73653d459d83448bea9c32985aa9fd156ebef5824b05d1ed55d386d98a968072,"{""distance"":7,""physical_error_rate"":0.01}","{""detection_events"":438,""detectors_checked"":9632}"
    263168,         0,         0,    5.94,exact_mw,fb98ac5f0d986856d2cb4e87c937a37162f60383230d2323a40d4b2e77ef556c,"{""distance"":7,""physical_error_rate"":0.0002}","{""detection_events"":155356,""detectors_checked"":158427136}"
        16,         0,         0,   0.605,exact_mw,834abdd41b1b65931acfd3ee091dfffbb9772582814260e519c7dbaf7b14ebec,"{""distance"":7,""physical_error_rate"":0.02}","{""detection_events"":863,""detectors_checked"":9632}"
        96,        47,         0,    4.60,exact_mw,0f36ab2f416ea2e248dded4e100ad4e56c6bc9d6a288fc2b58a364b6cb3b9030,"{""distance"":7,""physical_error_rate"":0.1}","{""detection_events"":17022,""detectors_checked"":57792,""obs_mistake_mask=E"":47}"
        16,         0,         0,   0.347,exact_mw,73653d459d83448bea9c32985aa9fd156ebef5824b05d1ed55d386d98a968072,"{""distance"":7,""physical_error_rate"":0.01}","{""detection_events"":395,""detectors_checked"":9632}"
        88,        42,         0,    4.41,exact_mw,c641915013202091ff5a6523ca1acdb371a70207f808e5be7753cd68f2436e97,"{""distance"":7,""physical_error_rate"":0.5}","{""detection_events"":26549,""detectors_checked"":52976,""obs_mistake_mask=E"":42}"
        48,        29,         0,    2.46,exact_mw,eaf6c0e366ca4ef858d4f05f9aa5827b452e47c06da5214dd4b433059c5f6ad5,"{""distance"":7,""physical_error_rate"":0.2}","{""detection_events"":11730,""detectors_checked"":28896,""obs_mistake_mask=E"":29}"
       128,         0,         0,   0.570,exact_mw,f9daf7670c28e8b8b7ac9af8e1984263f26063cb589f7a54f43332f7ce5001d2,"{""distance"":7,""physical_error_rate"":0.002}","{""detection_events"":807,""detectors_checked"":77056}"
        48,        22,         0,    2.45,exact_mw,eaf6c0e366ca4ef858d4f05f9aa5827b452e47c06da5214dd4b433059c5f6ad5,"{""distance"":7,""physical_error_rate"":0.2}","{""detection_events"":11734,""detectors_checked"":28896,""obs_mistake_mask=E"":22}"
         8,         2,         0,   0.393,exact_mw,c641915013202091ff5a6523ca1acdb371a70207f808e5be7753cd68f2436e97,"{""distance"":7,""physical_error_rate"":0.5}","{""detection_events"":2391,""detectors_checked"":4816,""obs_mistake_mask=E"":2}"
        72,        34,         0,    4.27,exact_mw,0f36ab2f416ea2e248dded4e100ad4e56c6bc9d6a288fc2b58a364b6cb3b9030,"{""distance"":7,""physical_error_rate"":0.1}","{""detection_events"":12792,""detectors_checked"":43344,""obs_mistake_mask=E"":34}"
      2048,         0,         0,   0.313,exact_mw,8973b2281876bd917be29e6214e197de75d185bf3f5e531e264555f10574746e,"{""distance"":7,""physical_error_rate"":0.0005}","{""detection_events"":3017,""detectors_checked"":1232896}"
     40960,         0,         0,    5.97,exact_mw,8973b2281876bd917be29e6214e197de75d185bf3f5e531e264555f10574746e,"{""distance"":7,""physical_error_rate"":0.0005}","{""detection_events"":59463,""detectors_checked"":24657920}"
       640,         0,         0,    3.50,exact_mw,a17a1dfb4cb0509fbcf9caf9ce6f4704b111f022b15740e51c84c2b7e14a6407,"{""distance"":7,""physical_error_rate"":0.001}","{""detection_events"":1871,""detectors_checked"":385280}"
       104,        28,         0,    4.44,exact_mw,6f5489aeee258679dc72a3e249dc8e02f40944f7ca4d24fa31eb242c8075b1b5,"{""distance"":7,""physical_error_rate"":0.05}","{""detection_events"":11549,""detectors_checked"":62608,""obs_mistake_mask=E"":28}"
        48,        21,         0,    3.55,exact_mw,c641915013202091ff5a6523ca1acdb371a70207f808e5be7753cd68f2436e97,"{""distance"":7,""physical_error_rate"":0.5}","{""detection_events"":14459,""detectors_checked"":28896,""obs_mistake_mask=E"":21}"
        96,         4,         0,    3.57,exact_mw,834abdd41b1b65931acfd3ee091dfffbb9772582814260e519c7dbaf7b14ebec,"{""distance"":7,""physical_error_rate"":0.02}","{""detection_events"":5132,""detectors_checked"":57792,""obs_mistake_mask=E"":4}"
       128,         0,         0,   0.495,exact_mw,f9daf7670c28e8b8b7ac9af8e1984263f26063cb589f7a54f43332f7ce5001d2,"{""distance"":7,""physical_error_rate"":0.002}","{""detection_events"":763,""detectors_checked"":77056}"
       128,         0,         0,   0.405,exact_mw,f9daf7670c28e8b8b7ac9af8e1984263f26063cb589f7a54f43332f7ce5001d2,"{""distance"":7,""physical_error_rate"":0.002}","{""detection_events"":702,""detectors_checked"":77056}"
        16,         0,         0,   0.489,exact_mw,73653d459d83448bea9c32985aa9fd156ebef5824b05d1ed55d386d98a968072,"{""distance"":7,""physical_error_rate"":0.01}","{""detection_events"":520,""detectors_checked"":9632}"
         8,         4,         0,   0.387,exact_mw,c641915013202091ff5a6523ca1acdb371a70207f808e5be7753cd68f2436e97,"{""distance"":7,""physical_error_rate"":0.5}","{""detection_events"":2395,""detectors_checked"":4816,""obs_mistake_mask=E"":4}"
      3072,         0,         0,   0.406,exact_mw,8973b2281876bd917be29e6214e197de75d185bf3f5e531e264555f10574746e,"{""distance"":7,""physical_error_rate"":0.0005}","{""detection_events"":4420,""detectors_checked"":1849344}"
        16,         0,         0,   0.582,exact_mw,834abdd41b1b65931acfd3ee091dfffbb9772582814260e519c7dbaf7b14ebec,"{""distance"":7,""physical_error_rate"":0.02}","{""detection_events"":771,""detectors_checked"":9632}"
     21504,         0,         0,   0.812,exact_mw,fb98ac5f0d986856d2cb4e87c937a37162f60383230d2323a40d4b2e77ef556c,"{""distance"":7,""physical_error_rate"":0.0002}","{""detection_events"":12364,""detectors_checked"":12945408}"
     30720,         1,         0,    4.38,exact_mw,8973b2281876bd917be29e6214e197de75d185bf3f5e531e264555f10574746e,"{""distance"":7,""physical_error_rate"":0.0005}","{""detection_events"":45109,""detectors_checked"":18493440,""obs_mistake_mask=E"":1}"
        32,         0,         0,   0.805,exact_mw,73653d459d83448bea9c32985aa9fd156ebef5824b05d1ed55d386d98a968072,"{""distance"":7,""physical_error_rate"":0.01}","{""detection_events"":938,""detectors_checked"":19264}"
        24,        11,         0,    1.73,exact_mw,0f36ab2f416ea2e248dded4e100ad4e56c6bc9d6a288fc2b58a364b6cb3b9030,"{""distance"":7,""physical_error_rate"":0.1}","{""detection_events"":4335,""detectors_checked"":14448,""obs_mistake_mask=E"":11}"
        88,        33,         0,    4.53,exact_mw,eaf6c0e366ca4ef858d4f05f9aa5827b452e47c06da5214dd4b433059c5f6ad5,"{""distance"":7,""physical_error_rate"":0.2}","{""detection_events"":21858,""detectors_checked"":52976,""obs_mistake_mask=E"":33}"
     59392,         1,         0,    5.99,exact_mw,c5b9b378753080b028cc9d6f4434ddf95ab0a61b3333c7295fd718d5436747fc,"{""distance"":7,""physical_error_rate"":0.0001}","{""detection_events"":18079,""detectors_checked"":35753984,""obs_mistake_mask=E"":1}"
       128,         0,         0,   0.410,exact_mw,f9daf7670c28e8b8b7ac9af8e1984263f26063cb589f7a54f43332f7ce5001d2,"{""distance"":7,""physical_error_rate"":0.002}","{""detection_events"":691,""detectors_checked"":77056}"
       128,         0,         0,   0.502,exact_mw,f9daf7670c28e8b8b7ac9af8e1984263f26063cb589f7a54f43332f7ce5001d2,"{""distance"":7,""physical_error_rate"":0.002}","{""detection_events"":737,""detectors_checked"":77056}"
         8,         3,         0,   0.379,exact_mw,c641915013202091ff5a6523ca1acdb371a70207f808e5be7753cd68f2436e97,"{""distance"":7,""physical_error_rate"":0.5}","{""detection_events"":2402,""detectors_checked"":4816,""obs_mistake_mask=E"":3}"
      5632,         0,         0,    4.48,exact_mw,a17a1dfb4cb0509fbcf9caf9ce6f4704b111f022b15740e51c84c2b7e14a6407,"{""distance"":7,""physical_error_rate"":0.001}","{""detection_events"":16589,""detectors_checked"":3390464}"
       104,        40,         0,    4.49,exact_mw,6f5489aeee258679dc72a3e249dc8e02f40944f7ca4d24fa31eb242c8075b1b5,"{""distance"":7,""physical_error_rate"":0.05}","{""detection_events"":11429,""detectors_checked"":62608,""obs_mistake_mask=E"":40}"
        16,         0,         0,   0.524,exact_mw,73653d459d83448bea9c32985aa9fd156ebef5824b05d1ed55d386d98a968072,"{""distance"":7,""physical_error_rate"":0.01}","{""detection_events"":447,""detectors_checked"":9632}"
      2048,         0,         0,    1.43,exact_mw,a17a1dfb4cb0509fbcf9caf9ce6f4704b111f022b15740e51c84c2b7e14a6407,"{""distance"":7,""physical_error_rate"":0.001}","{""detection_events"":5872,""detectors_checked"":1232896}"
        16,         0,         0,   0.548,exact_mw,834abdd41b1b65931acfd3ee091dfffbb9772582814260e519c7dbaf7b14ebec,"{""distance"":7,""physical_error_rate"":0.02}","{""detection_events"":788,""detectors_checked"":9632}"
       288,         0,         0,    4.63,exact_mw,a7c002779361d29bb296963a23dd35d34b706f38009a8e2e2f5aee9a5ee0acdb,"{""distance"":7,""physical_error_rate"":0.005}","{""detection_events"":4273,""detectors_checked"":173376}"
      5120,         0,         0,   0.676,exact_mw,8973b2281876bd917be29e6214e197de75d185bf3f5e531e264555f10574746e,"{""distance"":7,""physical_error_rate"":0.0005}","{""detection_events"":7480,""detectors_checked"":3082240}"
         8,         6,         0,   0.394,exact_mw,c641915013202091ff5a6523ca1acdb371a70207f808e5be7753cd68f2436e97,"{""distance"":7,""physical_error_rate"":0.5}","{""detection_events"":2409,""detectors_checked"":4816,""obs_mistake_mask=E"":6}"
       128,         0,         0,   0.443,exact_mw,f9daf7670c28e8b8b7ac9af8e1984263f26063cb589f7a54f43332f7ce5001d2,"{""distance"":7,""physical_error_rate"":0.002}","{""detection_events"":724,""detectors_checked"":77056}"
       128,         0,         0,   0.479,exact_mw,f9daf7670c28e8b8b7ac9af8e1984263f26063cb589f7a54f43332f7ce5001d2,"{""distance"":7,""physical_error_rate"":0.002}","{""detection_events"":807,""detectors_checked"":77056}"
        16,         0,         0,   0.446,exact_mw,73653d459d83448bea9c32985aa9fd156ebef5824b05d1ed55d386d98a968072,"{""distance"":7,""physical_error_rate"":0.01}","{""detection_events"":473,""detectors_checked"":9632}"
        32,         1,         0,   0.885,exact_mw,73653d459d83448bea9c32985aa9fd156ebef5824b05d1ed55d386d98a968072,"{""distance"":7,""physical_error_rate"":0.01}","{""detection_events"":872,""detectors_checked"":19264,""obs_mistake_mask=E"":1}"
        16,         0,         0,   0.579,exact_mw,834abdd41b1b65931acfd3ee091dfffbb9772582814260e519c7dbaf7b14ebec,"{""distance"":7,""physical_error_rate"":0.02}","{""detection_events"":920,""detectors_checked"":9632}"
       128,         0,         0,   0.346,exact_mw,f9daf7670c28e8b8b7ac9af8e1984263f26063cb589f7a54f43332f7ce5001d2,"{""distance"":7,""physical_error_rate"":0.002}","{""detection_events"":790,""detectors_checked"":77056}"
     36864,         0,         0,    1.11,exact_mw,fb98ac5f0d986856d2cb4e87c937a37162f60383230d2323a40d4b2e77ef556c,"{""distance"":7,""physical_error_rate"":0.0002}","{""detection_events"":22090,""detectors_checked"":22192128}"
        96,        47,         0,    4.52,exact_mw,0f36ab2f416ea2e248dded4e100ad4e56c6bc9d6a288fc2b58a364b6cb3b9030,"{""distance"":7,""physical_error_rate"":0.1}","{""detection_events"":16620,""detectors_checked"":57792,""obs_mistake_mask=E"":47}"
        28,        12,         0,    4.63,exact_mw,eaf6c0e366ca4ef858d4f05f9aa5827b452e47c06da5214dd4b433059c5f6ad5,"{""distance"":7,""physical_error_rate"":0.2}","{""detection_events"":6789,""detectors_checked"":16856,""obs_mistake_mask=E"":12}"
      5120,         0,         0,    4.28,exact_mw,a17a1dfb4cb0509fbcf9caf9ce6f4704b111f022b15740e51c84c2b7e14a6407,"{""distance"":7,""physical_error_rate"":0.001}","{""detection_events"":15317,""detectors_checked"":3082240}"
       128,         0,         0,   0.631,exact_mw,f9daf7670c28e8b8b7ac9af8e1984263f26063cb589f7a54f43332f7ce5001d2,"{""distance"":7,""physical_error_rate"":0.002}","{""detection_events"":730,""detectors_checked"":77056}"
    679936,         0,         0,    8.31,exact_mw,590a535fae2c18c7445aa3259c8038467453e1d6a10b68541c755b2dcb29eb74,"{""distance"":7,""physical_error_rate"":5e-05}","{""detection_events"":101745,""detectors_checked"":409321472}"
    488448,         0,         0,    5.94,exact_mw,590a535fae2c18c7445aa3259c8038467453e1d6a10b68541c755b2dcb29eb74,"{""distance"":7,""physical_error_rate"":5e-05}","{""detection_events"":72715,""detectors_checked"":294045696}"
      5120,         0,         0,   0.884,exact_mw,8973b2281876bd917be29e6214e197de75d185bf3f5e531e264555f10574746e,"{""distance"":7,""physical_error_rate"":0.0005}","{""detection_events"":7749,""detectors_checked"":3082240}"
        16,         8,         0,   0.785,exact_mw,c641915013202091ff5a6523ca1acdb371a70207f808e5be7753cd68f2436e97,"{""distance"":7,""physical_error_rate"":0.5}","{""detection_events"":4867,""detectors_checked"":9632,""obs_mistake_mask=E"":8}"
       128,         0,         0,   0.370,exact_mw,f9daf7670c28e8b8b7ac9af8e1984263f26063cb589f7a54f43332f7ce5001d2,"{""distance"":7,""physical_error_rate"":0.002}","{""detection_events"":649,""detectors_checked"":77056}"
        16,         0,         0,   0.540,exact_mw,834abdd41b1b65931acfd3ee091dfffbb9772582814260e519c7dbaf7b14ebec,"{""distance"":7,""physical_error_rate"":0.02}","{""detection_events"":878,""detectors_checked"":9632}"
       192,         0,         0,    4.89,exact_mw,73653d459d83448bea9c32985aa9fd156ebef5824b05d1ed55d386d98a968072,"{""distance"":7,""physical_error_rate"":0.01}","{""detection_events"":5452,""detectors_checked"":115584}"
    443392,         0,         0,    5.96,exact_mw,c5b9b378753080b028cc9d6f4434ddf95ab0a61b3333c7295fd718d5436747fc,"{""distance"":7,""physical_error_rate"":0.0001}","{""detection_events"":131410,""detectors_checked"":266921984}"
     25600,         0,         0,    4.42,exact_mw,fb98ac5f0d986856d2cb4e87c937a37162f60383230d2323a40d4b2e77ef556c,"{""distance"":7,""physical_error_rate"":0.0002}","{""detection_events"":15491,""detectors_checked"":15411200}"
    448512,         0,         0,    5.92,exact_mw,c5b9b378753080b028cc9d6f4434ddf95ab0a61b3333c7295fd718d5436747fc,"{""distance"":7,""physical_error_rate"":0.0001}","{""detection_events"":132934,""detectors_checked"":270004224}"
        24,         1,         0,    6.19,exact_mw,834abdd41b1b65931acfd3ee091dfffbb9772582814260e519c7dbaf7b14ebec,"{""distance"":7,""physical_error_rate"":0.02}","{""detection_events"":1224,""detectors_checked"":14448,""obs_mistake_mask=E"":1}"
        32,         0,         0,   0.947,exact_mw,73653d459d83448bea9c32985aa9fd156ebef5824b05d1ed55d386d98a968072,"{""distance"":7,""physical_error_rate"":0.01}","{""detection_events"":884,""detectors_checked"":19264}"
       128,         0,         0,   0.511,exact_mw,f9daf7670c28e8b8b7ac9af8e1984263f26063cb589f7a54f43332f7ce5001d2,"{""distance"":7,""physical_error_rate"":0.002}","{""detection_events"":714,""detectors_checked"":77056}"
        48,         0,         0,    1.15,exact_mw,73653d459d83448bea9c32985aa9fd156ebef5824b05d1ed55d386d98a968072,"{""distance"":7,""physical_error_rate"":0.01}","{""detection_events"":1318,""detectors_checked"":28896}"
      2048,         1,         0,    1.80,exact_mw,a17a1dfb4cb0509fbcf9caf9ce6f4704b111f022b15740e51c84c2b7e14a6407,"{""distance"":7,""physical_error_rate"":0.001}","{""detection_events"":6141,""detectors_checked"":1232896,""obs_mistake_mask=E"":1}"
        16,         1,         0,   0.595,exact_mw,834abdd41b1b65931acfd3ee091dfffbb9772582814260e519c7dbaf7b14ebec,"{""distance"":7,""physical_error_rate"":0.02}","{""detection_events"":871,""detectors_checked"":9632,""obs_mistake_mask=E"":1}"
         8,         5,         0,    3.06,exact_mw,eaf6c0e366ca4ef858d4f05f9aa5827b452e47c06da5214dd4b433059c5f6ad5,"{""distance"":7,""physical_error_rate"":0.2}","{""detection_events"":1924,""detectors_checked"":4816,""obs_mistake_mask=E"":5}"
       256,         0,         0,   0.891,exact_mw,f9daf7670c28e8b8b7ac9af8e1984263f26063cb589f7a54f43332f7ce5001d2,"{""distance"":7,""physical_error_rate"":0.002}","{""detection_events"":1472,""detectors_checked"":154112}"
        16,         9,         0,   0.796,exact_mw,c641915013202091ff5a6523ca1acdb371a70207f808e5be7753cd68f2436e97,"{""distance"":7,""physical_error_rate"":0.5}","{""detection_events"":4754,""detectors_checked"":9632,""obs_mistake_mask=E"":9}"
        44,         0,         0,    4.32,exact_mw,a7c002779361d29bb296963a23dd35d34b706f38009a8e2e2f5aee9a5ee0acdb,"{""distance"":7,""physical_error_rate"":0.005}","{""detection_events"":655,""detectors_checked"":26488}"
        32,        13,         0,    2.27,exact_mw,0f36ab2f416ea2e248dded4e100ad4e56c6bc9d6a288fc2b58a364b6cb3b9030,"{""distance"":7,""physical_error_rate"":0.1}","{""detection_events"":5689,""detectors_checked"":19264,""obs_mistake_mask=E"":13}"
       128,         0,         0,   0.447,exact_mw,f9daf7670c28e8b8b7ac9af8e1984263f26063cb589f7a54f43332f7ce5001d2,"{""distance"":7,""physical_error_rate"":0.002}","{""detection_events"":690,""detectors_checked"":77056}"
      1280,         0,         0,    4.69,exact_mw,f9daf7670c28e8b8b7ac9af8e1984263f26063cb589f7a54f43332f7ce5001d2,"{""distance"":7,""physical_error_rate"":0.002}","{""detection_events"":7596,""detectors_checked"":770560}"
    281600,         0,         0,    5.96,exact_mw,fb98ac5f0d986856d2cb4e87c937a37162f60383230d2323a40d4b2e77ef556c,"{""distance"":7,""physical_error_rate"":0.0002}","{""detection_events"":166879,""detectors_checked"":169523200}"
        64,        30,         0,    3.29,exact_mw,eaf6c0e366ca4ef858d4f05f9aa5827b452e47c06da5214dd4b433059c5f6ad5,"{""distance"":7,""physical_error_rate"":0.2}","{""detection_events"":15745,""detectors_checked"":38528,""obs_mistake_mask=E"":30}"
      1280,         0,         0,    4.63,exact_mw,f9daf7670c28e8b8b7ac9af8e1984263f26063cb589f7a54f43332f7ce5001d2,"{""distance"":7,""physical_error_rate"":0.002}","{""detection_events"":7251,""detectors_checked"":770560}"
        64,        32,         0,    3.25,exact_mw,eaf6c0e366ca4ef858d4f05f9aa5827b452e47c06da5214dd4b433059c5f6ad5,"{""distance"":7,""physical_error_rate"":0.2}","{""detection_events"":15544,""detectors_checked"":38528,""obs_mistake_mask=E"":32}"
     46080,         0,         0,    1.54,exact_mw,fb98ac5f0d986856d2cb4e87c937a37162f60383230d2323a40d4b2e77ef556c,"{""distance"":7,""physical_error_rate"":0.0002}","{""detection_events"":27558,""detectors_checked"":27740160}"
      9216,         0,         0,    1.25,exact_mw,8973b2281876bd917be29e6214e197de75d185bf3f5e531e264555f10574746e,"{""distance"":7,""physical_error_rate"":0.0005}","{""detection_events"":13434,""detectors_checked"":5548032}"
        32,         0,         0,   0.814,exact_mw,73653d459d83448bea9c32985aa9fd156ebef5824b05d1ed55d386d98a968072,"{""distance"":7,""physical_error_rate"":0.01}","{""detection_events"":881,""detectors_checked"":19264}"
        16,         0,         0,   0.598,exact_mw,834abdd41b1b65931acfd3ee091dfffbb9772582814260e519c7dbaf7b14ebec,"{""distance"":7,""physical_error_rate"":0.02}","{""detection_events"":817,""detectors_checked"":9632}"
       144,        42,         0,    6.11,exact_mw,6f5489aeee258679dc72a3e249dc8e02f40944f7ca4d24fa31eb242c8075b1b5,"{""distance"":7,""physical_error_rate"":0.05}","{""detection_events"":15859,""detectors_checked"":86688,""obs_mistake_mask=E"":42}"
     28672,         0,         0,    6.07,exact_mw,8973b2281876bd917be29e6214e197de75d185bf3f5e531e264555f10574746e,"{""distance"":7,""physical_error_rate"":0.0005}","{""detection_events"":42719,""detectors_checked"":17260544}"
       128,         0,         0,   0.574,exact_mw,f9daf7670c28e8b8b7ac9af8e1984263f26063cb589f7a54f43332f7ce5001d2,"{""distance"":7,""physical_error_rate"":0.002}","{""detection_events"":833,""detectors_checked"":77056}"
     27648,         0,         0,    5.96,exact_mw,8973b2281876bd917be29e6214e197de75d185bf3f5e531e264555f10574746e,"{""distance"":7,""physical_error_rate"":0.0005}","{""detection_events"":40595,""detectors_checked"":16644096}"
        48,         1,         0,    1.23,exact_mw,73653d459d83448bea9c32985aa9fd156ebef5824b05d1ed55d386d98a968072,"{""distance"":7,""physical_error_rate"":0.01}","{""detection_events"":1175,""detectors_checked"":28896,""obs_mistake_mask=E"":1}"
       256,         0,         0,   0.893,exact_mw,f9daf7670c28e8b8b7ac9af8e1984263f26063cb589f7a54f43332f7ce5001d2,"{""distance"":7,""physical_error_rate"":0.002}","{""detection_events"":1426,""detectors_checked"":154112}"
    489472,         0,         0,    5.93,exact_mw,590a535fae2c18c7445aa3259c8038467453e1d6a10b68541c755b2dcb29eb74,"{""distance"":7,""physical_error_rate"":5e-05}","{""detection_events"":72137,""detectors_checked"":294662144}"
        24,         8,         0,    1.17,exact_mw,c641915013202091ff5a6523ca1acdb371a70207f808e5be7753cd68f2436e97,"{""distance"":7,""physical_error_rate"":0.5}","{""detection_events"":7281,""detectors_checked"":14448,""obs_mistake_mask=E"":8}"
        32,         0,         0,   0.887,exact_mw,73653d459d83448bea9c32985aa9fd156ebef5824b05d1ed55d386d98a968072,"{""distance"":7,""physical_error_rate"":0.01}","{""detection_events"":839,""detectors_checked"":19264}"
        32,         4,         0,    1.22,exact_mw,834abdd41b1b65931acfd3ee091dfffbb9772582814260e519c7dbaf7b14ebec,"{""distance"":7,""physical_error_rate"":0.02}","{""detection_events"":1730,""detectors_checked"":19264,""obs_mistake_mask=E"":4}"
        64,        29,         0,    4.38,exact_mw,c641915013202091ff5a6523ca1acdb371a70207f808e5be7753cd68f2436e97,"{""distance"":7,""physical_error_rate"":0.5}","{""detection_events"":19407,""detectors_checked"":38528,""obs_mistake_mask=E"":29}"
       256,         0,         0,    1.13,exact_mw,f9daf7670c28e8b8b7ac9af8e1984263f26063cb589f7a54f43332f7ce5001d2,"{""distance"":7,""physical_error_rate"":0.002}","{""detection_events"":1434,""detectors_checked"":154112}"
       128,         3,         0,    4.47,exact_mw,834abdd41b1b65931acfd3ee091dfffbb9772582814260e519c7dbaf7b14ebec,"{""distance"":7,""physical_error_rate"":0.02}","{""detection_events"":6758,""detectors_checked"":77056,""obs_mistake_mask=E"":3}"
     11264,         0,         0,    1.58,exact_mw,8973b2281876bd917be29e6214e197de75d185bf3f5e531e264555f10574746e,"{""distance"":7,""physical_error_rate"":0.0005}","{""detection_events"":16914,""detectors_checked"":6780928}"
       384,         0,         0,    1.25,exact_mw,f9daf7670c28e8b8b7ac9af8e1984263f26063cb589f7a54f43332f7ce5001d2,"{""distance"":7,""physical_error_rate"":0.002}","{""detection_events"":2160,""detectors_checked"":231168}"
        32,         0,         0,   0.841,exact_mw,73653d459d83448bea9c32985aa9fd156ebef5824b05d1ed55d386d98a968072,"{""distance"":7,""physical_error_rate"":0.01}","{""detection_events"":914,""detectors_checked"":19264}"
       128,        64,         0,    6.18,exact_mw,c641915013202091ff5a6523ca1acdb371a70207f808e5be7753cd68f2436e97,"{""distance"":7,""physical_error_rate"":0.5}","{""detection_events"":38413,""detectors_checked"":77056,""obs_mistake_mask=E"":64}"
       896,         4,         0,    8.67,exact_mw,a7c002779361d29bb296963a23dd35d34b706f38009a8e2e2f5aee9a5ee0acdb,"{""distance"":7,""physical_error_rate"":0.005}","{""detection_events"":12828,""detectors_checked"":539392,""obs_mistake_mask=E"":4}"
       768,         0,         0,    5.05,exact_mw,a17a1dfb4cb0509fbcf9caf9ce6f4704b111f022b15740e51c84c2b7e14a6407,"{""distance"":7,""physical_error_rate"":0.001}","{""detection_events"":2308,""detectors_checked"":462336}"
       144,        47,         0,    6.07,exact_mw,6f5489aeee258679dc72a3e249dc8e02f40944f7ca4d24fa31eb242c8075b1b5,"{""distance"":7,""physical_error_rate"":0.05}","{""detection_events"":16058,""detectors_checked"":86688,""obs_mistake_mask=E"":47}"
     69632,         0,         0,    2.17,exact_mw,fb98ac5f0d986856d2cb4e87c937a37162f60383230d2323a40d4b2e77ef556c,"{""distance"":7,""physical_error_rate"":0.0002}","{""detection_events"":41107,""detectors_checked"":41918464}"
        32,        17,         0,    1.57,exact_mw,c641915013202091ff5a6523ca1acdb371a70207f808e5be7753cd68f2436e97,"{""distance"":7,""physical_error_rate"":0.5}","{""detection_events"":9701,""detectors_checked"":19264,""obs_mistake_mask=E"":17}"
        64,         0,         0,    1.90,exact_mw,73653d459d83448bea9c32985aa9fd156ebef5824b05d1ed55d386d98a968072,"{""distance"":7,""physical_error_rate"":0.01}","{""detection_events"":1754,""detectors_checked"":38528}"
     10240,         0,         0,    6.36,exact_mw,a17a1dfb4cb0509fbcf9caf9ce6f4704b111f022b15740e51c84c2b7e14a6407,"{""distance"":7,""physical_error_rate"":0.001}","{""detection_events"":30142,""detectors_checked"":6164480}"
      1792,         0,         0,    6.51,exact_mw,f9daf7670c28e8b8b7ac9af8e1984263f26063cb589f7a54f43332f7ce5001d2,"{""distance"":7,""physical_error_rate"":0.002}","{""detection_events"":10263,""detectors_checked"":1078784}"
       176,        13,         0,    6.42,exact_mw,834abdd41b1b65931acfd3ee091dfffbb9772582814260e519c7dbaf7b14ebec,"{""distance"":7,""physical_error_rate"":0.02}","{""detection_events"":9171,""detectors_checked"":105952,""obs_mistake_mask=E"":13}"
        32,         2,         0,    1.17,exact_mw,834abdd41b1b65931acfd3ee091dfffbb9772582814260e519c7dbaf7b14ebec,"{""distance"":7,""physical_error_rate"":0.02}","{""detection_events"":1653,""detectors_checked"":19264,""obs_mistake_mask=E"":2}"
       224,         1,         0,    6.21,exact_mw,73653d459d83448bea9c32985aa9fd156ebef5824b05d1ed55d386d98a968072,"{""distance"":7,""physical_error_rate"":0.01}","{""detection_events"":6153,""detectors_checked"":134848,""obs_mistake_mask=E"":1}"
       120,        59,         0,    6.01,exact_mw,c641915013202091ff5a6523ca1acdb371a70207f808e5be7753cd68f2436e97,"{""distance"":7,""physical_error_rate"":0.5}","{""detection_events"":35935,""detectors_checked"":72240,""obs_mistake_mask=E"":59}"
       384,         0,         0,    1.34,exact_mw,f9daf7670c28e8b8b7ac9af8e1984263f26063cb589f7a54f43332f7ce5001d2,"{""distance"":7,""physical_error_rate"":0.002}","{""detection_events"":2161,""detectors_checked"":231168}"
       128,        62,         0,    6.15,exact_mw,0f36ab2f416ea2e248dded4e100ad4e56c6bc9d6a288fc2b58a364b6cb3b9030,"{""distance"":7,""physical_error_rate"":0.1}","{""detection_events"":22425,""detectors_checked"":77056,""obs_mistake_mask=E"":62}"
       176,        11,         0,    6.31,exact_mw,834abdd41b1b65931acfd3ee091dfffbb9772582814260e519c7dbaf7b14ebec,"{""distance"":7,""physical_error_rate"":0.02}","{""detection_events"":9379,""detectors_checked"":105952,""obs_mistake_mask=E"":11}"
       144,        51,         0,    6.04,exact_mw,6f5489aeee258679dc72a3e249dc8e02f40944f7ca4d24fa31eb242c8075b1b5,"{""distance"":7,""physical_error_rate"":0.05}","{""detection_events"":15946,""detectors_checked"":86688,""obs_mistake_mask=E"":51}"
        48,        18,         0,    3.37,exact_mw,0f36ab2f416ea2e248dded4e100ad4e56c6bc9d6a288fc2b58a364b6cb3b9030,"{""distance"":7,""physical_error_rate"":0.1}","{""detection_events"":8286,""detectors_checked"":28896,""obs_mistake_mask=E"":18}"
        88,        47,         0,    6.28,exact_mw,0f36ab2f416ea2e248dded4e100ad4e56c6bc9d6a288fc2b58a364b6cb3b9030,"{""distance"":7,""physical_error_rate"":0.1}","{""detection_events"":15676,""detectors_checked"":52976,""obs_mistake_mask=E"":47}"
    658432,         0,         0,    8.33,exact_mw,c5b9b378753080b028cc9d6f4434ddf95ab0a61b3333c7295fd718d5436747fc,"{""distance"":7,""physical_error_rate"":0.0001}","{""detection_events"":193790,""detectors_checked"":396376064}"
       384,         0,         0,    1.67,exact_mw,f9daf7670c28e8b8b7ac9af8e1984263f26063cb589f7a54f43332f7ce5001d2,"{""distance"":7,""physical_error_rate"":0.002}","{""detection_events"":2283,""detectors_checked"":231168}"
     41984,         0,         0,    6.04,exact_mw,8973b2281876bd917be29e6214e197de75d185bf3f5e531e264555f10574746e,"{""distance"":7,""physical_error_rate"":0.0005}","{""detection_events"":62603,""detectors_checked"":25274368}"
        64,         0,         0,    1.66,exact_mw,73653d459d83448bea9c32985aa9fd156ebef5824b05d1ed55d386d98a968072,"{""distance"":7,""physical_error_rate"":0.01}","{""detection_events"":1608,""detectors_checked"":38528}"
       120,        60,         0,    6.14,exact_mw,eaf6c0e366ca4ef858d4f05f9aa5827b452e47c06da5214dd4b433059c5f6ad5,"{""distance"":7,""physical_error_rate"":0.2}","{""detection_events"":29373,""detectors_checked"":72240,""obs_mistake_mask=E"":60}"
       144,        41,         0,    6.11,exact_mw,6f5489aeee258679dc72a3e249dc8e02f40944f7ca4d24fa31eb242c8075b1b5,"{""distance"":7,""physical_error_rate"":0.05}","{""detection_events"":15840,""detectors_checked"":86688,""obs_mistake_mask=E"":41}"
     16384,         0,         0,    2.18,exact_mw,8973b2281876bd917be29e6214e197de75d185bf3f5e531e264555f10574746e,"{""distance"":7,""physical_error_rate"":0.0005}","{""detection_events"":24512,""detectors_checked"":9863168}"
      8192,         0,         0,    6.51,exact_mw,a17a1dfb4cb0509fbcf9caf9ce6f4704b111f022b15740e51c84c2b7e14a6407,"{""distance"":7,""physical_error_rate"":0.001}","{""detection_events"":23783,""detectors_checked"":4931584}"
       448,         0,         0,    6.38,exact_mw,a7c002779361d29bb296963a23dd35d34b706f38009a8e2e2f5aee9a5ee0acdb,"{""distance"":7,""physical_error_rate"":0.005}","{""detection_events"":6376,""detectors_checked"":269696}"
        48,         3,         0,    1.80,exact_mw,834abdd41b1b65931acfd3ee091dfffbb9772582814260e519c7dbaf7b14ebec,"{""distance"":7,""physical_error_rate"":0.02}","{""detection_events"":2611,""detectors_checked"":28896,""obs_mistake_mask=E"":3}"
       128,        66,         0,    6.03,exact_mw,0f36ab2f416ea2e248dded4e100ad4e56c6bc9d6a288fc2b58a364b6cb3b9030,"{""distance"":7,""physical_error_rate"":0.1}","{""detection_events"":22393,""detectors_checked"":77056,""obs_mistake_mask=E"":66}"
        12,         7,         0,    4.99,exact_mw,eaf6c0e366ca4ef858d4f05f9aa5827b452e47c06da5214dd4b433059c5f6ad5,"{""distance"":7,""physical_error_rate"":0.2}","{""detection_events"":3003,""detectors_checked"":7224,""obs_mistake_mask=E"":7}"
        88,        40,         0,    4.51,exact_mw,eaf6c0e366ca4ef858d4f05f9aa5827b452e47c06da5214dd4b433059c5f6ad5,"{""distance"":7,""physical_error_rate"":0.2}","{""detection_events"":21695,""detectors_checked"":52976,""obs_mistake_mask=E"":40}"
        80,         2,         0,    2.22,exact_mw,73653d459d83448bea9c32985aa9fd156ebef5824b05d1ed55d386d98a968072,"{""distance"":7,""physical_error_rate"":0.01}","{""detection_events"":2299,""detectors_checked"":48160,""obs_mistake_mask=E"":2}"
       512,         0,         0,    1.85,exact_mw,f9daf7670c28e8b8b7ac9af8e1984263f26063cb589f7a54f43332f7ce5001d2,"{""distance"":7,""physical_error_rate"":0.002}","{""detection_events"":2917,""detectors_checked"":308224}"
        48,        21,         0,    2.37,exact_mw,c641915013202091ff5a6523ca1acdb371a70207f808e5be7753cd68f2436e97,"{""distance"":7,""physical_error_rate"":0.5}","{""detection_events"":14441,""detectors_checked"":28896,""obs_mistake_mask=E"":21}"
    388096,         0,         0,    8.36,exact_mw,fb98ac5f0d986856d2cb4e87c937a37162f60383230d2323a40d4b2e77ef556c,"{""distance"":7,""physical_error_rate"":0.0002}","{""detection_events"":230214,""detectors_checked"":233633792}"
        96,        41,         0,    4.91,exact_mw,eaf6c0e366ca4ef858d4f05f9aa5827b452e47c06da5214dd4b433059c5f6ad5,"{""distance"":7,""physical_error_rate"":0.2}","{""detection_events"":23740,""detectors_checked"":57792,""obs_mistake_mask=E"":41}"
      7168,         0,         0,    6.37,exact_mw,a17a1dfb4cb0509fbcf9caf9ce6f4704b111f022b15740e51c84c2b7e14a6407,"{""distance"":7,""physical_error_rate"":0.001}","{""detection_events"":21556,""detectors_checked"":4315136}"
    384000,         0,         0,    8.34,exact_mw,fb98ac5f0d986856d2cb4e87c937a37162f60383230d2323a40d4b2e77ef556c,"{""distance"":7,""physical_error_rate"":0.0002}","{""detection_events"":228926,""detectors_checked"":231168000}"
     33792,         0,         0,    6.04,exact_mw,fb98ac5f0d986856d2cb4e87c937a37162f60383230d2323a40d4b2e77ef556c,"{""distance"":7,""physical_error_rate"":0.0002}","{""detection_events"":19855,""detectors_checked"":20342784}"
        64,         0,         0,    1.67,exact_mw,73653d459d83448bea9c32985aa9fd156ebef5824b05d1ed55d386d98a968072,"{""distance"":7,""physical_error_rate"":0.01}","{""detection_events"":1762,""detectors_checked"":38528}"
        16,         9,         0,    6.76,exact_mw,eaf6c0e366ca4ef858d4f05f9aa5827b452e47c06da5214dd4b433059c5f6ad5,"{""distance"":7,""physical_error_rate"":0.2}","{""detection_events"":3924,""detectors_checked"":9632,""obs_mistake_mask=E"":9}"
     61440,         0,         0,    8.46,exact_mw,8973b2281876bd917be29e6214e197de75d185bf3f5e531e264555f10574746e,"{""distance"":7,""physical_error_rate"":0.0005}","{""detection_events"":90991,""detectors_checked"":36986880}"
     91136,         0,         0,    3.04,exact_mw,fb98ac5f0d986856d2cb4e87c937a37162f60383230d2323a40d4b2e77ef556c,"{""distance"":7,""physical_error_rate"":0.0002}","{""detection_events"":54524,""detectors_checked"":54863872}"
       256,         0,         0,    6.60,exact_mw,73653d459d83448bea9c32985aa9fd156ebef5824b05d1ed55d386d98a968072,"{""distance"":7,""physical_error_rate"":0.01}","{""detection_events"":6870,""detectors_checked"":154112}"
        24,         0,         0,    6.65,exact_mw,834abdd41b1b65931acfd3ee091dfffbb9772582814260e519c7dbaf7b14ebec,"{""distance"":7,""physical_error_rate"":0.02}","{""detection_events"":1152,""detectors_checked"":14448}"
      1536,         0,         0,    6.02,exact_mw,f9daf7670c28e8b8b7ac9af8e1984263f26063cb589f7a54f43332f7ce5001d2,"{""distance"":7,""physical_error_rate"":0.002}","{""detection_events"":9050,""detectors_checked"":924672}"
     80896,         0,         0,    8.42,exact_mw,c5b9b378753080b028cc9d6f4434ddf95ab0a61b3333c7295fd718d5436747fc,"{""distance"":7,""physical_error_rate"":0.0001}","{""detection_events"":24191,""detectors_checked"":48699392}"
        56,         0,         0,    6.40,exact_mw,a7c002779361d29bb296963a23dd35d34b706f38009a8e2e2f5aee9a5ee0acdb,"{""distance"":7,""physical_error_rate"":0.005}","{""detection_events"":825,""detectors_checked"":33712}"
       640,         0,         0,    2.68,exact_mw,f9daf7670c28e8b8b7ac9af8e1984263f26063cb589f7a54f43332f7ce5001d2,"{""distance"":7,""physical_error_rate"":0.002}","{""detection_events"":3722,""detectors_checked"":385280}"
      1536,         0,         0,    6.24,exact_mw,f9daf7670c28e8b8b7ac9af8e1984263f26063cb589f7a54f43332f7ce5001d2,"{""distance"":7,""physical_error_rate"":0.002}","{""detection_events"":8839,""detectors_checked"":924672}"
        64,         2,         0,    2.36,exact_mw,834abdd41b1b65931acfd3ee091dfffbb9772582814260e519c7dbaf7b14ebec,"{""distance"":7,""physical_error_rate"":0.02}","{""detection_events"":3295,""detectors_checked"":38528,""obs_mistake_mask=E"":2}"
       512,         0,         0,    2.20,exact_mw,f9daf7670c28e8b8b7ac9af8e1984263f26063cb589f7a54f43332f7ce5001d2,"{""distance"":7,""physical_error_rate"":0.002}","{""detection_events"":3098,""detectors_checked"":308224}"
     22528,         0,         0,    3.05,exact_mw,8973b2281876bd917be29e6214e197de75d185bf3f5e531e264555f10574746e,"{""distance"":7,""physical_error_rate"":0.0005}","{""detection_events"":32838,""detectors_checked"":13561856}"
    688128,         0,         0,    8.33,exact_mw,590a535fae2c18c7445aa3259c8038467453e1d6a10b68541c755b2dcb29eb74,"{""distance"":7,""physical_error_rate"":5e-05}","{""detection_events"":102138,""detectors_checked"":414253056}"
    622592,         0,         0,    8.34,exact_mw,c5b9b378753080b028cc9d6f4434ddf95ab0a61b3333c7295fd718d5436747fc,"{""distance"":7,""physical_error_rate"":0.0001}","{""detection_events"":183955,""detectors_checked"":374800384}"
    625664,         0,         0,    8.33,exact_mw,c5b9b378753080b028cc9d6f4434ddf95ab0a61b3333c7295fd718d5436747fc,"{""distance"":7,""physical_error_rate"":0.0001}","{""detection_events"":186014,""detectors_checked"":376649728}"
        64,        31,         0,    4.51,exact_mw,0f36ab2f416ea2e248dded4e100ad4e56c6bc9d6a288fc2b58a364b6cb3b9030,"{""distance"":7,""physical_error_rate"":0.1}","{""detection_events"":11247,""detectors_checked"":38528,""obs_mistake_mask=E"":31}"
       128,        60,         0,    6.22,exact_mw,c641915013202091ff5a6523ca1acdb371a70207f808e5be7753cd68f2436e97,"{""distance"":7,""physical_error_rate"":0.5}","{""detection_events"":38610,""detectors_checked"":77056,""obs_mistake_mask=E"":60}"
      2048,         0,         0,    8.18,exact_mw,a17a1dfb4cb0509fbcf9caf9ce6f4704b111f022b15740e51c84c2b7e14a6407,"{""distance"":7,""physical_error_rate"":0.001}","{""detection_events"":6308,""detectors_checked"":1232896}"
        96,         0,         0,    2.52,exact_mw,73653d459d83448bea9c32985aa9fd156ebef5824b05d1ed55d386d98a968072,"{""distance"":7,""physical_error_rate"":0.01}","{""detection_events"":2646,""detectors_checked"":57792}"
        64,        29,         0,    3.15,exact_mw,c641915013202091ff5a6523ca1acdb371a70207f808e5be7753cd68f2436e97,"{""distance"":7,""physical_error_rate"":0.5}","{""detection_events"":19351,""detectors_checked"":38528,""obs_mistake_mask=E"":29}"
       128,         0,         0,    3.33,exact_mw,73653d459d83448bea9c32985aa9fd156ebef5824b05d1ed55d386d98a968072,"{""distance"":7,""physical_error_rate"":0.01}","{""detection_events"":3633,""detectors_checked"":77056}"
    385024,         0,         0,    8.32,exact_mw,fb98ac5f0d986856d2cb4e87c937a37162f60383230d2323a40d4b2e77ef556c,"{""distance"":7,""physical_error_rate"":0.0002}","{""detection_events"":230205,""detectors_checked"":231784448}"
       192,         7,         0,    6.94,exact_mw,834abdd41b1b65931acfd3ee091dfffbb9772582814260e519c7dbaf7b14ebec,"{""distance"":7,""physical_error_rate"":0.02}","{""detection_events"":10256,""detectors_checked"":115584,""obs_mistake_mask=E"":7}"
     59392,         1,         0,    8.45,exact_mw,8973b2281876bd917be29e6214e197de75d185bf3f5e531e264555f10574746e,"{""distance"":7,""physical_error_rate"":0.0005}","{""detection_events"":87799,""detectors_checked"":35753984,""obs_mistake_mask=E"":1}"
       896,         0,         0,    6.73,exact_mw,a17a1dfb4cb0509fbcf9caf9ce6f4704b111f022b15740e51c84c2b7e14a6407,"{""distance"":7,""physical_error_rate"":0.001}","{""detection_events"":2749,""detectors_checked"":539392}"
    685056,         0,         0,    8.30,exact_mw,590a535fae2c18c7445aa3259c8038467453e1d6a10b68541c755b2dcb29eb74,"{""distance"":7,""physical_error_rate"":5e-05}","{""detection_events"":102918,""detectors_checked"":412403712}"
     57344,         0,         0,    8.52,exact_mw,8973b2281876bd917be29e6214e197de75d185bf3f5e531e264555f10574746e,"{""distance"":7,""physical_error_rate"":0.0005}","{""detection_events"":84405,""detectors_checked"":34521088}"
       216,        59,         0,    8.77,exact_mw,6f5489aeee258679dc72a3e249dc8e02f40944f7ca4d24fa31eb242c8075b1b5,"{""distance"":7,""physical_error_rate"":0.05}","{""detection_events"":23977,""detectors_checked"":130032,""obs_mistake_mask=E"":59}"
       896,         0,         0,    3.47,exact_mw,f9daf7670c28e8b8b7ac9af8e1984263f26063cb589f7a54f43332f7ce5001d2,"{""distance"":7,""physical_error_rate"":0.002}","{""detection_events"":5155,""detectors_checked"":539392}"
    131072,         0,         0,    4.28,exact_mw,fb98ac5f0d986856d2cb4e87c937a37162f60383230d2323a40d4b2e77ef556c,"{""distance"":7,""physical_error_rate"":0.0002}","{""detection_events"":76719,""detectors_checked"":78905344}"
        96,         4,         0,    3.55,exact_mw,834abdd41b1b65931acfd3ee091dfffbb9772582814260e519c7dbaf7b14ebec,"{""distance"":7,""physical_error_rate"":0.02}","{""detection_events"":5037,""detectors_checked"":57792,""obs_mistake_mask=E"":4}"
       896,         0,         0,    3.44,exact_mw,f9daf7670c28e8b8b7ac9af8e1984263f26063cb589f7a54f43332f7ce5001d2,"{""distance"":7,""physical_error_rate"":0.002}","{""detection_events"":5211,""detectors_checked"":539392}"
       176,        84,         0,    8.50,exact_mw,c641915013202091ff5a6523ca1acdb371a70207f808e5be7753cd68f2436e97,"{""distance"":7,""physical_error_rate"":0.5}","{""detection_events"":52992,""detectors_checked"":105952,""obs_mistake_mask=E"":84}"
    959488,         1,         0,    11.6,exact_mw,590a535fae2c18c7445aa3259c8038467453e1d6a10b68541c755b2dcb29eb74,"{""distance"":7,""physical_error_rate"":5e-05}","{""detection_events"":143070,""detectors_checked"":577611776,""obs_mistake_mask=E"":1}"
       120,        58,         0,    6.15,exact_mw,eaf6c0e366ca4ef858d4f05f9aa5827b452e47c06da5214dd4b433059c5f6ad5,"{""distance"":7,""physical_error_rate"":0.2}","{""detection_events"":29680,""detectors_checked"":72240,""obs_mistake_mask=E"":58}"
      2048,         0,         0,    8.37,exact_mw,f9daf7670c28e8b8b7ac9af8e1984263f26063cb589f7a54f43332f7ce5001d2,"{""distance"":7,""physical_error_rate"":0.002}","{""detection_events"":12112,""detectors_checked"":1232896}"
        16,        12,         0,    6.38,exact_mw,eaf6c0e366ca4ef858d4f05f9aa5827b452e47c06da5214dd4b433059c5f6ad5,"{""distance"":7,""physical_error_rate"":0.2}","{""detection_events"":3886,""detectors_checked"":9632,""obs_mistake_mask=E"":12}"
       160,        48,         0,    8.77,exact_mw,6f5489aeee258679dc72a3e249dc8e02f40944f7ca4d24fa31eb242c8075b1b5,"{""distance"":7,""physical_error_rate"":0.05}","{""detection_events"":17758,""detectors_checked"":96320,""obs_mistake_mask=E"":48}"
       128,         1,         0,    3.41,exact_mw,73653d459d83448bea9c32985aa9fd156ebef5824b05d1ed55d386d98a968072,"{""distance"":7,""physical_error_rate"":0.01}","{""detection_events"":3491,""detectors_checked"":77056,""obs_mistake_mask=E"":1}"
       168,        80,         0,    8.44,exact_mw,c641915013202091ff5a6523ca1acdb371a70207f808e5be7753cd68f2436e97,"{""distance"":7,""physical_error_rate"":0.5}","{""detection_events"":50789,""detectors_checked"":101136,""obs_mistake_mask=E"":80}"
       512,         0,         0,    3.56,exact_mw,a17a1dfb4cb0509fbcf9caf9ce6f4704b111f022b15740e51c84c2b7e14a6407,"{""distance"":7,""physical_error_rate"":0.001}","{""detection_events"":1569,""detectors_checked"":308224}"
     31744,         0,         0,    4.41,exact_mw,8973b2281876bd917be29e6214e197de75d185bf3f5e531e264555f10574746e,"{""distance"":7,""physical_error_rate"":0.0005}","{""detection_events"":47313,""detectors_checked"":19109888}"
       240,         9,         0,    8.78,exact_mw,834abdd41b1b65931acfd3ee091dfffbb9772582814260e519c7dbaf7b14ebec,"{""distance"":7,""physical_error_rate"":0.02}","{""detection_events"":12698,""detectors_checked"":144480,""obs_mistake_mask=E"":9}"
       176,        96,         0,    8.52,exact_mw,0f36ab2f416ea2e248dded4e100ad4e56c6bc9d6a288fc2b58a364b6cb3b9030,"{""distance"":7,""physical_error_rate"":0.1}","{""detection_events"":30854,""detectors_checked"":105952,""obs_mistake_mask=E"":96}"
        72,        33,         0,    3.55,exact_mw,c641915013202091ff5a6523ca1acdb371a70207f808e5be7753cd68f2436e97,"{""distance"":7,""physical_error_rate"":0.5}","{""detection_events"":21667,""detectors_checked"":43344,""obs_mistake_mask=E"":33}"
       352,         3,         0,    8.74,exact_mw,73653d459d83448bea9c32985aa9fd156ebef5824b05d1ed55d386d98a968072,"{""distance"":7,""physical_error_rate"":0.01}","{""detection_events"":9936,""detectors_checked"":211904,""obs_mistake_mask=E"":3}"
       128,        63,         0,    6.51,exact_mw,eaf6c0e366ca4ef858d4f05f9aa5827b452e47c06da5214dd4b433059c5f6ad5,"{""distance"":7,""physical_error_rate"":0.2}","{""detection_events"":31491,""detectors_checked"":77056,""obs_mistake_mask=E"":63}"
        80,        43,         0,    3.87,exact_mw,c641915013202091ff5a6523ca1acdb371a70207f808e5be7753cd68f2436e97,"{""distance"":7,""physical_error_rate"":0.5}","{""detection_events"":24149,""detectors_checked"":48160,""obs_mistake_mask=E"":43}"
     15360,         0,         0,    9.10,exact_mw,a17a1dfb4cb0509fbcf9caf9ce6f4704b111f022b15740e51c84c2b7e14a6407,"{""distance"":7,""physical_error_rate"":0.001}","{""detection_events"":44518,""detectors_checked"":9246720}"
         8,         4,         0,   0.394,exact_mw,c641915013202091ff5a6523ca1acdb371a70207f808e5be7753cd68f2436e97,"{""distance"":7,""physical_error_rate"":0.5}","{""detection_events"":2409,""detectors_checked"":4816,""obs_mistake_mask=E"":4}"
       240,        14,         0,    8.67,exact_mw,834abdd41b1b65931acfd3ee091dfffbb9772582814260e519c7dbaf7b14ebec,"{""distance"":7,""physical_error_rate"":0.02}","{""detection_events"":12293,""detectors_checked"":144480,""obs_mistake_mask=E"":14}"
       120,        61,         0,    8.55,exact_mw,0f36ab2f416ea2e248dded4e100ad4e56c6bc9d6a288fc2b58a364b6cb3b9030,"{""distance"":7,""physical_error_rate"":0.1}","{""detection_events"":21097,""detectors_checked"":72240,""obs_mistake_mask=E"":61}"
       208,        57,         0,    8.70,exact_mw,6f5489aeee258679dc72a3e249dc8e02f40944f7ca4d24fa31eb242c8075b1b5,"{""distance"":7,""physical_error_rate"":0.05}","{""detection_events"":22851,""detectors_checked"":125216,""obs_mistake_mask=E"":57}"
         8,         5,         0,   0.373,exact_mw,0f36ab2f416ea2e248dded4e100ad4e56c6bc9d6a288fc2b58a364b6cb3b9030,"{""distance"":7,""physical_error_rate"":0.1}","{""detection_events"":1400,""detectors_checked"":4816,""obs_mistake_mask=E"":5}"
     59392,         0,         0,    8.42,exact_mw,8973b2281876bd917be29e6214e197de75d185bf3f5e531e264555f10574746e,"{""distance"":7,""physical_error_rate"":0.0005}","{""detection_events"":86544,""detectors_checked"":35753984}"
        32,        16,         0,    1.55,exact_mw,c641915013202091ff5a6523ca1acdb371a70207f808e5be7753cd68f2436e97,"{""distance"":7,""physical_error_rate"":0.5}","{""detection_events"":9657,""detectors_checked"":19264,""obs_mistake_mask=E"":16}"
        64,        24,         0,    4.39,exact_mw,0f36ab2f416ea2e248dded4e100ad4e56c6bc9d6a288fc2b58a364b6cb3b9030,"{""distance"":7,""physical_error_rate"":0.1}","{""detection_events"":10984,""detectors_checked"":38528,""obs_mistake_mask=E"":24}"
         8,         3,         0,   0.365,exact_mw,0f36ab2f416ea2e248dded4e100ad4e56c6bc9d6a288fc2b58a364b6cb3b9030,"{""distance"":7,""physical_error_rate"":0.1}","{""detection_events"":1433,""detectors_checked"":4816,""obs_mistake_mask=E"":3}"
       160,        64,         0,    7.55,exact_mw,0f36ab2f416ea2e248dded4e100ad4e56c6bc9d6a288fc2b58a364b6cb3b9030,"{""distance"":7,""physical_error_rate"":0.1}","{""detection_events"":28374,""detectors_checked"":96320,""obs_mistake_mask=E"":64}"
       168,        84,         0,    8.55,exact_mw,eaf6c0e366ca4ef858d4f05f9aa5827b452e47c06da5214dd4b433059c5f6ad5,"{""distance"":7,""physical_error_rate"":0.2}","{""detection_events"":41511,""detectors_checked"":101136,""obs_mistake_mask=E"":84}"
        16,         8,         0,   0.816,exact_mw,eaf6c0e366ca4ef858d4f05f9aa5827b452e47c06da5214dd4b433059c5f6ad5,"{""distance"":7,""physical_error_rate"":0.2}","{""detection_events"":3893,""detectors_checked"":9632,""obs_mistake_mask=E"":8}"
        32,        19,         0,    1.61,exact_mw,eaf6c0e366ca4ef858d4f05f9aa5827b452e47c06da5214dd4b433059c5f6ad5,"{""distance"":7,""physical_error_rate"":0.2}","{""detection_events"":7780,""detectors_checked"":19264,""obs_mistake_mask=E"":19}"
       200,        66,         0,    8.61,exact_mw,6f5489aeee258679dc72a3e249dc8e02f40944f7ca4d24fa31eb242c8075b1b5,"{""distance"":7,""physical_error_rate"":0.05}","{""detection_events"":22106,""detectors_checked"":120400,""obs_mistake_mask=E"":66}"
         4,         2,         0,    1.53,exact_mw,eaf6c0e366ca4ef858d4f05f9aa5827b452e47c06da5214dd4b433059c5f6ad5,"{""distance"":7,""physical_error_rate"":0.2}","{""detection_events"":943,""detectors_checked"":2408,""obs_mistake_mask=E"":2}"
       176,         2,         0,    4.59,exact_mw,73653d459d83448bea9c32985aa9fd156ebef5824b05d1ed55d386d98a968072,"{""distance"":7,""physical_error_rate"":0.01}","{""detection_events"":4906,""detectors_checked"":105952,""obs_mistake_mask=E"":2}"
         8,         3,         0,   0.418,exact_mw,eaf6c0e366ca4ef858d4f05f9aa5827b452e47c06da5214dd4b433059c5f6ad5,"{""distance"":7,""physical_error_rate"":0.2}","{""detection_events"":1933,""detectors_checked"":4816,""obs_mistake_mask=E"":3}"
        18,         9,         0,    7.28,exact_mw,eaf6c0e366ca4ef858d4f05f9aa5827b452e47c06da5214dd4b433059c5f6ad5,"{""distance"":7,""physical_error_rate"":0.2}","{""detection_events"":4428,""detectors_checked"":10836,""obs_mistake_mask=E"":9}"
       544,         3,         0,    8.39,exact_mw,a7c002779361d29bb296963a23dd35d34b706f38009a8e2e2f5aee9a5ee0acdb,"{""distance"":7,""physical_error_rate"":0.005}","{""detection_events"":7837,""detectors_checked"":327488,""obs_mistake_mask=E"":3}"
     11264,         0,         0,    9.07,exact_mw,a17a1dfb4cb0509fbcf9caf9ce6f4704b111f022b15740e51c84c2b7e14a6407,"{""distance"":7,""physical_error_rate"":0.001}","{""detection_events"":33076,""detectors_checked"":6780928}"
    284672,         0,         0,    8.34,exact_mw,fb98ac5f0d986856d2cb4e87c937a37162f60383230d2323a40d4b2e77ef556c,"{""distance"":7,""physical_error_rate"":0.0002}","{""detection_events"":168662,""detectors_checked"":171372544}"
      1152,         1,         0,    12.0,exact_mw,a7c002779361d29bb296963a23dd35d34b706f38009a8e2e2f5aee9a5ee0acdb,"{""distance"":7,""physical_error_rate"":0.005}","{""detection_events"":16627,""detectors_checked"":693504,""obs_mistake_mask=E"":1}"
     11264,         0,         0,    9.03,exact_mw,a17a1dfb4cb0509fbcf9caf9ce6f4704b111f022b15740e51c84c2b7e14a6407,"{""distance"":7,""physical_error_rate"":0.001}","{""detection_events"":32959,""detectors_checked"":6780928}"
      1280,         0,         0,    4.66,exact_mw,f9daf7670c28e8b8b7ac9af8e1984263f26063cb589f7a54f43332f7ce5001d2,"{""distance"":7,""physical_error_rate"":0.002}","{""detection_events"":7260,""detectors_checked"":770560}"
        32,         1,         0,    8.57,exact_mw,834abdd41b1b65931acfd3ee091dfffbb9772582814260e519c7dbaf7b14ebec,"{""distance"":7,""physical_error_rate"":0.02}","{""detection_events"":1764,""detectors_checked"":19264,""obs_mistake_mask=E"":1}"
       352,         3,         0,    8.73,exact_mw,73653d459d83448bea9c32985aa9fd156ebef5824b05d1ed55d386d98a968072,"{""distance"":7,""physical_error_rate"":0.01}","{""detection_events"":9850,""detectors_checked"":211904,""obs_mistake_mask=E"":3}"
      2176,         1,         0,    8.67,exact_mw,f9daf7670c28e8b8b7ac9af8e1984263f26063cb589f7a54f43332f7ce5001d2,"{""distance"":7,""physical_error_rate"":0.002}","{""detection_events"":12409,""detectors_checked"":1309952,""obs_mistake_mask=E"":1}"
        72,         0,         0,    8.80,exact_mw,a7c002779361d29bb296963a23dd35d34b706f38009a8e2e2f5aee9a5ee0acdb,"{""distance"":7,""physical_error_rate"":0.005}","{""detection_events"":1058,""detectors_checked"":43344}"
      1152,         0,         0,    4.59,exact_mw,f9daf7670c28e8b8b7ac9af8e1984263f26063cb589f7a54f43332f7ce5001d2,"{""distance"":7,""physical_error_rate"":0.002}","{""detection_events"":6662,""detectors_checked"":693504}"
      2048,         0,         0,    8.68,exact_mw,f9daf7670c28e8b8b7ac9af8e1984263f26063cb589f7a54f43332f7ce5001d2,"{""distance"":7,""physical_error_rate"":0.002}","{""detection_events"":12200,""detectors_checked"":1232896}"
       128,         8,         0,    4.74,exact_mw,834abdd41b1b65931acfd3ee091dfffbb9772582814260e519c7dbaf7b14ebec,"{""distance"":7,""physical_error_rate"":0.02}","{""detection_events"":6758,""detectors_checked"":77056,""obs_mistake_mask=E"":8}"
    872448,         0,         0,    11.7,exact_mw,c5b9b378753080b028cc9d6f4434ddf95ab0a61b3333c7295fd718d5436747fc,"{""distance"":7,""physical_error_rate"":0.0001}","{""detection_events"":260099,""detectors_checked"":525213696}"
       192,         1,         0,    4.43,exact_mw,73653d459d83448bea9c32985aa9fd156ebef5824b05d1ed55d386d98a968072,"{""distance"":7,""physical_error_rate"":0.01}","{""detection_events"":5221,""detectors_checked"":115584,""obs_mistake_mask=E"":1}"
    238592,         0,         0,    5.97,exact_mw,fb98ac5f0d986856d2cb4e87c937a37162f60383230d2323a40d4b2e77ef556c,"{""distance"":7,""physical_error_rate"":0.0002}","{""detection_events"":141166,""detectors_checked"":143632384}"
       896,         0,         0,    4.78,exact_mw,a17a1dfb4cb0509fbcf9caf9ce6f4704b111f022b15740e51c84c2b7e14a6407,"{""distance"":7,""physical_error_rate"":0.001}","{""detection_events"":2656,""detectors_checked"":539392}"
    628736,         1,         0,    11.6,exact_mw,fb98ac5f0d986856d2cb4e87c937a37162f60383230d2323a40d4b2e77ef556c,"{""distance"":7,""physical_error_rate"":0.0002}","{""detection_events"":370699,""detectors_checked"":378499072,""obs_mistake_mask=E"":1}"
    433152,         0,         0,    11.6,exact_mw,fb98ac5f0d986856d2cb4e87c937a37162f60383230d2323a40d4b2e77ef556c,"{""distance"":7,""physical_error_rate"":0.0002}","{""detection_events"":256518,""detectors_checked"":260757504}"
     81920,         0,         0,    11.8,exact_mw,8973b2281876bd917be29e6214e197de75d185bf3f5e531e264555f10574746e,"{""distance"":7,""physical_error_rate"":0.0005}","{""detection_events"":121142,""detectors_checked"":49315840}"
       256,         8,         0,    8.67,exact_mw,834abdd41b1b65931acfd3ee091dfffbb9772582814260e519c7dbaf7b14ebec,"{""distance"":7,""physical_error_rate"":0.02}","{""detection_events"":13345,""detectors_checked"":154112,""obs_mistake_mask=E"":8}"
      1408,         0,         0,    8.31,exact_mw,a17a1dfb4cb0509fbcf9caf9ce6f4704b111f022b15740e51c84c2b7e14a6407,"{""distance"":7,""physical_error_rate"":0.001}","{""detection_events"":4127,""detectors_checked"":847616}"
     43008,         0,         0,    6.02,exact_mw,8973b2281876bd917be29e6214e197de75d185bf3f5e531e264555f10574746e,"{""distance"":7,""physical_error_rate"":0.0005}","{""detection_events"":63313,""detectors_checked"":25890816}"
    477184,         0,         0,    11.6,exact_mw,c5b9b378753080b028cc9d6f4434ddf95ab0a61b3333c7295fd718d5436747fc,"{""distance"":7,""physical_error_rate"":0.0001}","{""detection_events"":141643,""detectors_checked"":287264768}"
       224,         3,         0,    6.09,exact_mw,73653d459d83448bea9c32985aa9fd156ebef5824b05d1ed55d386d98a968072,"{""distance"":7,""physical_error_rate"":0.01}","{""detection_events"":6241,""detectors_checked"":134848,""obs_mistake_mask=E"":3}"
    553984,         0,         0,    11.6,exact_mw,590a535fae2c18c7445aa3259c8038467453e1d6a10b68541c755b2dcb29eb74,"{""distance"":7,""physical_error_rate"":5e-05}","{""detection_events"":81827,""detectors_checked"":333498368}"
   1009664,         0,         0,    11.6,exact_mw,c5b9b378753080b028cc9d6f4434ddf95ab0a61b3333c7295fd718d5436747fc,"{""distance"":7,""physical_error_rate"":0.0001}","{""detection_events"":299391,""detectors_checked"":607817728}"
    885760,         0,         0,    11.6,exact_mw,c5b9b378753080b028cc9d6f4434ddf95ab0a61b3333c7295fd718d5436747fc,"{""distance"":7,""physical_error_rate"":0.0001}","{""detection_events"":262549,""detectors_checked"":533227520}"
    501760,         1,         0,    11.7,exact_mw,fb98ac5f0d986856d2cb4e87c937a37162f60383230d2323a40d4b2e77ef556c,"{""distance"":7,""physical_error_rate"":0.0002}","{""detection_events"":299638,""detectors_checked"":302059520,""obs_mistake_mask=E"":1}"
      1536,         0,         0,    6.10,exact_mw,f9daf7670c28e8b8b7ac9af8e1984263f26063cb589f7a54f43332f7ce5001d2,"{""distance"":7,""physical_error_rate"":0.002}","{""detection_events"":9063,""detectors_checked"":924672}"
     80896,         0,         0,    11.7,exact_mw,8973b2281876bd917be29e6214e197de75d185bf3f5e531e264555f10574746e,"{""distance"":7,""physical_error_rate"":0.0005}","{""detection_events"":120148,""detectors_checked"":48699392}"
    954368,         0,         0,    11.6,exact_mw,590a535fae2c18c7445aa3259c8038467453e1d6a10b68541c755b2dcb29eb74,"{""distance"":7,""physical_error_rate"":5e-05}","{""detection_events"":141822,""detectors_checked"":574529536}"
     78848,         0,         0,    11.8,exact_mw,8973b2281876bd917be29e6214e197de75d185bf3f5e531e264555f10574746e,"{""distance"":7,""physical_error_rate"":0.0005}","{""detection_events"":117313,""detectors_checked"":47466496}"
      1664,         0,         0,    6.07,exact_mw,f9daf7670c28e8b8b7ac9af8e1984263f26063cb589f7a54f43332f7ce5001d2,"{""distance"":7,""physical_error_rate"":0.002}","{""detection_events"":9460,""detectors_checked"":1001728}"
       288,        76,         0,    12.3,exact_mw,6f5489aeee258679dc72a3e249dc8e02f40944f7ca4d24fa31eb242c8075b1b5,"{""distance"":7,""physical_error_rate"":0.05}","{""detection_events"":32256,""detectors_checked"":173376,""obs_mistake_mask=E"":76}"
       232,        85,         0,    10.3,exact_mw,6f5489aeee258679dc72a3e249dc8e02f40944f7ca4d24fa31eb242c8075b1b5,"{""distance"":7,""physical_error_rate"":0.05}","{""detection_events"":25903,""detectors_checked"":139664,""obs_mistake_mask=E"":85}"
       264,        89,         0,    9.62,exact_mw,6f5489aeee258679dc72a3e249dc8e02f40944f7ca4d24fa31eb242c8075b1b5,"{""distance"":7,""physical_error_rate"":0.05}","{""detection_events"":29208,""detectors_checked"":158928,""obs_mistake_mask=E"":89}"
       200,        64,         0,    8.96,exact_mw,6f5489aeee258679dc72a3e249dc8e02f40944f7ca4d24fa31eb242c8075b1b5,"{""distance"":7,""physical_error_rate"":0.05}","{""detection_events"":21917,""detectors_checked"":120400,""obs_mistake_mask=E"":64}"
       176,         7,         0,    6.47,exact_mw,834abdd41b1b65931acfd3ee091dfffbb9772582814260e519c7dbaf7b14ebec,"{""distance"":7,""physical_error_rate"":0.02}","{""detection_events"":9244,""detectors_checked"":105952,""obs_mistake_mask=E"":7}"
        16,         6,         0,   0.693,exact_mw,6f5489aeee258679dc72a3e249dc8e02f40944f7ca4d24fa31eb242c8075b1b5,"{""distance"":7,""physical_error_rate"":0.05}","{""detection_events"":1894,""detectors_checked"":9632,""obs_mistake_mask=E"":6}"
      1024,         0,         0,    6.19,exact_mw,a17a1dfb4cb0509fbcf9caf9ce6f4704b111f022b15740e51c84c2b7e14a6407,"{""distance"":7,""physical_error_rate"":0.001}","{""detection_events"":3079,""detectors_checked"":616448}"
      3072,         0,         0,    11.9,exact_mw,f9daf7670c28e8b8b7ac9af8e1984263f26063cb589f7a54f43332f7ce5001d2,"{""distance"":7,""physical_error_rate"":0.002}","{""detection_events"":18010,""detectors_checked"":1849344}"
       512,         3,         0,    11.9,exact_mw,73653d459d83448bea9c32985aa9fd156ebef5824b05d1ed55d386d98a968072,"{""distance"":7,""physical_error_rate"":0.01}","{""detection_events"":13796,""detectors_checked"":308224,""obs_mistake_mask=E"":3}"
     18432,         1,         0,    11.9,exact_mw,a17a1dfb4cb0509fbcf9caf9ce6f4704b111f022b15740e51c84c2b7e14a6407,"{""distance"":7,""physical_error_rate"":0.001}","{""detection_events"":54530,""detectors_checked"":11096064,""obs_mistake_mask=E"":1}"
       336,        14,         0,    11.8,exact_mw,834abdd41b1b65931acfd3ee091dfffbb9772582814260e519c7dbaf7b14ebec,"{""distance"":7,""physical_error_rate"":0.02}","{""detection_events"":17338,""detectors_checked"":202272,""obs_mistake_mask=E"":14}"
       352,         8,         0,    12.1,exact_mw,834abdd41b1b65931acfd3ee091dfffbb9772582814260e519c7dbaf7b14ebec,"{""distance"":7,""physical_error_rate"":0.02}","{""detection_events"":18554,""detectors_checked"":211904,""obs_mistake_mask=E"":8}"
       144,         1,         0,    7.90,exact_mw,73653d459d83448bea9c32985aa9fd156ebef5824b05d1ed55d386d98a968072,"{""distance"":7,""physical_error_rate"":0.01}","{""detection_events"":4055,""detectors_checked"":86688,""obs_mistake_mask=E"":1}"
    371712,         0,         0,    8.35,exact_mw,fb98ac5f0d986856d2cb4e87c937a37162f60383230d2323a40d4b2e77ef556c,"{""distance"":7,""physical_error_rate"":0.0002}","{""detection_events"":219030,""detectors_checked"":223770624}"
       832,         1,         0,    11.8,exact_mw,a7c002779361d29bb296963a23dd35d34b706f38009a8e2e2f5aee9a5ee0acdb,"{""distance"":7,""physical_error_rate"":0.005}","{""detection_events"":11793,""detectors_checked"":500864,""obs_mistake_mask=E"":1}"
     26624,         0,         0,    12.6,exact_mw,8973b2281876bd917be29e6214e197de75d185bf3f5e531e264555f10574746e,"{""distance"":7,""physical_error_rate"":0.0005}","{""detection_events"":39930,""detectors_checked"":16027648}"
    550912,         0,         0,    11.6,exact_mw,fb98ac5f0d986856d2cb4e87c937a37162f60383230d2323a40d4b2e77ef556c,"{""distance"":7,""physical_error_rate"":0.0002}","{""detection_events"":326174,""detectors_checked"":331649024}"
     14336,         0,         0,    12.0,exact_mw,a17a1dfb4cb0509fbcf9caf9ce6f4704b111f022b15740e51c84c2b7e14a6407,"{""distance"":7,""physical_error_rate"":0.001}","{""detection_events"":42270,""detectors_checked"":8630272}"
     59392,         0,         0,    8.41,exact_mw,8973b2281876bd917be29e6214e197de75d185bf3f5e531e264555f10574746e,"{""distance"":7,""physical_error_rate"":0.0005}","{""detection_events"":88352,""detectors_checked"":35753984}"
     14336,         1,         0,    11.8,exact_mw,a17a1dfb4cb0509fbcf9caf9ce6f4704b111f022b15740e51c84c2b7e14a6407,"{""distance"":7,""physical_error_rate"":0.001}","{""detection_events"":41888,""detectors_checked"":8630272,""obs_mistake_mask=E"":1}"
       544,         8,         0,    11.9,exact_mw,73653d459d83448bea9c32985aa9fd156ebef5824b05d1ed55d386d98a968072,"{""distance"":7,""physical_error_rate"":0.01}","{""detection_events"":15064,""detectors_checked"":327488,""obs_mistake_mask=E"":8}"
        44,         3,         0,    12.1,exact_mw,834abdd41b1b65931acfd3ee091dfffbb9772582814260e519c7dbaf7b14ebec,"{""distance"":7,""physical_error_rate"":0.02}","{""detection_events"":2249,""detectors_checked"":26488,""obs_mistake_mask=E"":3}"
      3072,         0,         0,    11.7,exact_mw,f9daf7670c28e8b8b7ac9af8e1984263f26063cb589f7a54f43332f7ce5001d2,"{""distance"":7,""physical_error_rate"":0.002}","{""detection_events"":17768,""detectors_checked"":1849344}"
   1428480,         0,         0,    16.3,exact_mw,590a535fae2c18c7445aa3259c8038467453e1d6a10b68541c755b2dcb29eb74,"{""distance"":7,""physical_error_rate"":5e-05}","{""detection_events"":211024,""detectors_checked"":859944960}"
       120,         0,         0,    12.0,exact_mw,a7c002779361d29bb296963a23dd35d34b706f38009a8e2e2f5aee9a5ee0acdb,"{""distance"":7,""physical_error_rate"":0.005}","{""detection_events"":1636,""detectors_checked"":72240}"
      3840,         1,         0,    12.4,exact_mw,f9daf7670c28e8b8b7ac9af8e1984263f26063cb589f7a54f43332f7ce5001d2,"{""distance"":7,""physical_error_rate"":0.002}","{""detection_events"":22663,""detectors_checked"":2311680,""obs_mistake_mask=E"":1}"
      1297,         0,         0,   0.010,exact_mw,c5b9b378753080b028cc9d6f4434ddf95ab0a61b3333c7295fd718d5436747fc,"{""distance"":7,""physical_error_rate"":0.0001}","{""detection_events"":406,""detectors_checked"":780794}"
      2048,         0,         0,   0.014,exact_mw,c5b9b378753080b028cc9d6f4434ddf95ab0a61b3333c7295fd718d5436747fc,"{""distance"":7,""physical_error_rate"":0.0001}","{""detection_events"":510,""detectors_checked"":1232896}"
       336,         5,         0,    8.64,exact_mw,73653d459d83448bea9c32985aa9fd156ebef5824b05d1ed55d386d98a968072,"{""distance"":7,""physical_error_rate"":0.01}","{""detection_events"":9598,""detectors_checked"":202272,""obs_mistake_mask=E"":5}"
      2048,         0,         0,   0.020,exact_mw,c5b9b378753080b028cc9d6f4434ddf95ab0a61b3333c7295fd718d5436747fc,"{""distance"":7,""physical_error_rate"":0.0001}","{""detection_events"":653,""detectors_checked"":1232896}"
      4096,         0,         0,   0.029,exact_mw,c5b9b378753080b028cc9d6f4434ddf95ab0a61b3333c7295fd718d5436747fc,"{""distance"":7,""physical_error_rate"":0.0001}","{""detection_events"":1270,""detectors_checked"":2465792}"
      6144,         0,         0,   0.040,exact_mw,c5b9b378753080b028cc9d6f4434ddf95ab0a61b3333c7295fd718d5436747fc,"{""distance"":7,""physical_error_rate"":0.0001}","{""detection_events"":1928,""detectors_checked"":3698688}"
      7168,         0,         0,   0.065,exact_mw,c5b9b378753080b028cc9d6f4434ddf95ab0a61b3333c7295fd718d5436747fc,"{""distance"":7,""physical_error_rate"":0.0001}","{""detection_events"":2216,""detectors_checked"":4315136}"
     11264,         0,         0,   0.074,exact_mw,c5b9b378753080b028cc9d6f4434ddf95ab0a61b3333c7295fd718d5436747fc,"{""distance"":7,""physical_error_rate"":0.0001}","{""detection_events"":3241,""detectors_checked"":6780928}"
     15360,         0,         0,   0.110,exact_mw,c5b9b378753080b028cc9d6f4434ddf95ab0a61b3333c7295fd718d5436747fc,"{""distance"":7,""physical_error_rate"":0.0001}","{""detection_events"":4723,""detectors_checked"":9246720}"
     22528,         0,         0,   0.152,exact_mw,c5b9b378753080b028cc9d6f4434ddf95ab0a61b3333c7295fd718d5436747fc,"{""distance"":7,""physical_error_rate"":0.0001}","{""detection_events"":6571,""detectors_checked"":13561856}"
     17408,         0,         0,   0.219,exact_mw,c5b9b378753080b028cc9d6f4434ddf95ab0a61b3333c7295fd718d5436747fc,"{""distance"":7,""physical_error_rate"":0.0001}","{""detection_events"":5190,""detectors_checked"":10479616}"
        17,         0,         0,   0.013,exact_mw,a17a1dfb4cb0509fbcf9caf9ce6f4704b111f022b15740e51c84c2b7e14a6407,"{""distance"":7,""physical_error_rate"":0.001}","{""detection_events"":62,""detectors_checked"":10234}"
       256,         0,         0,   0.145,exact_mw,a17a1dfb4cb0509fbcf9caf9ce6f4704b111f022b15740e51c84c2b7e14a6407,"{""distance"":7,""physical_error_rate"":0.001}","{""detection_events"":843,""detectors_checked"":154112}"
     19456,         0,         0,   0.288,exact_mw,c5b9b378753080b028cc9d6f4434ddf95ab0a61b3333c7295fd718d5436747fc,"{""distance"":7,""physical_error_rate"":0.0001}","{""detection_events"":5821,""detectors_checked"":11712512}"
     26624,         0,         0,   0.408,exact_mw,c5b9b378753080b028cc9d6f4434ddf95ab0a61b3333c7295fd718d5436747fc,"{""distance"":7,""physical_error_rate"":0.0001}","{""detection_events"":8082,""detectors_checked"":16027648}"
      1024,         0,         0,   0.481,exact_mw,a17a1dfb4cb0509fbcf9caf9ce6f4704b111f022b15740e51c84c2b7e14a6407,"{""distance"":7,""physical_error_rate"":0.001}","{""detection_events"":3128,""detectors_checked"":616448}"
      2304,         0,         0,    8.58,exact_mw,f9daf7670c28e8b8b7ac9af8e1984263f26063cb589f7a54f43332f7ce5001d2,"{""distance"":7,""physical_error_rate"":0.002}","{""detection_events"":13429,""detectors_checked"":1387008}"
      1297,         0,         0,   0.035,exact_mw,fb98ac5f0d986856d2cb4e87c937a37162f60383230d2323a40d4b2e77ef556c,"{""distance"":7,""physical_error_rate"":0.0002}","{""detection_events"":799,""detectors_checked"":780794}"
      1024,         0,         0,   0.014,exact_mw,fb98ac5f0d986856d2cb4e87c937a37162f60383230d2323a40d4b2e77ef556c,"{""distance"":7,""physical_error_rate"":0.0002}","{""detection_events"":616,""detectors_checked"":616448}"
      2048,         0,         0,   0.020,exact_mw,fb98ac5f0d986856d2cb4e87c937a37162f60383230d2323a40d4b2e77ef556c,"{""distance"":7,""physical_error_rate"":0.0002}","{""detection_events"":1229,""detectors_checked"":1232896}"
     39936,         0,         0,   0.566,exact_mw,c5b9b378753080b028cc9d6f4434ddf95ab0a61b3333c7295fd718d5436747fc,"{""distance"":7,""physical_error_rate"":0.0001}","{""detection_events"":11957,""detectors_checked"":24041472}"
      1024,         0,         0,   0.587,exact_mw,a17a1dfb4cb0509fbcf9caf9ce6f4704b111f022b15740e51c84c2b7e14a6407,"{""distance"":7,""physical_error_rate"":0.001}","{""detection_events"":3036,""detectors_checked"":616448}"
      3072,         0,         0,   0.039,exact_mw,fb98ac5f0d986856d2cb4e87c937a37162f60383230d2323a40d4b2e77ef556c,"{""distance"":7,""physical_error_rate"":0.0002}","{""detection_events"":2014,""detectors_checked"":1849344}"
      4096,         0,         0,   0.046,exact_mw,fb98ac5f0d986856d2cb4e87c937a37162f60383230d2323a40d4b2e77ef556c,"{""distance"":7,""physical_error_rate"":0.0002}","{""detection_events"":2585,""detectors_checked"":2465792}"
      6144,         1,         0,   0.055,exact_mw,fb98ac5f0d986856d2cb4e87c937a37162f60383230d2323a40d4b2e77ef556c,"{""distance"":7,""physical_error_rate"":0.0002}","{""detection_events"":3695,""detectors_checked"":3698688,""obs_mistake_mask=E"":1}"
      6144,         0,         0,   0.080,exact_mw,fb98ac5f0d986856d2cb4e87c937a37162f60383230d2323a40d4b2e77ef556c,"{""distance"":7,""physical_error_rate"":0.0002}","{""detection_events"":3567,""detectors_checked"":3698688}"
      1297,         0,         0,   0.010,exact_mw,590a535fae2c18c7445aa3259c8038467453e1d6a10b68541c755b2dcb29eb74,"{""distance"":7,""physical_error_rate"":5e-05}","{""detection_events"":192,""detectors_checked"":780794}"
      4096,         0,         0,   0.106,exact_mw,fb98ac5f0d986856d2cb4e87c937a37162f60383230d2323a40d4b2e77ef556c,"{""distance"":7,""physical_error_rate"":0.0002}","{""detection_events"":2555,""detectors_checked"":2465792}"
      3072,         0,         0,   0.020,exact_mw,590a535fae2c18c7445aa3259c8038467453e1d6a10b68541c755b2dcb29eb74,"{""distance"":7,""physical_error_rate"":5e-05}","{""detection_events"":474,""detectors_checked"":1849344}"
      3072,         0,         0,   0.020,exact_mw,590a535fae2c18c7445aa3259c8038467453e1d6a10b68541c755b2dcb29eb74,"{""distance"":7,""physical_error_rate"":5e-05}","{""detection_events"":429,""detectors_checked"":1849344}"
      2048,         0,         0,    8.63,exact_mw,f9daf7670c28e8b8b7ac9af8e1984263f26063cb589f7a54f43332f7ce5001d2,"{""distance"":7,""physical_error_rate"":0.002}","{""detection_events"":12265,""detectors_checked"":1232896}"
      4096,         0,         0,   0.027,exact_mw,590a535fae2c18c7445aa3259c8038467453e1d6a10b68541c755b2dcb29eb74,"{""distance"":7,""physical_error_rate"":5e-05}","{""detection_events"":584,""detectors_checked"":2465792}"
      6144,         0,         0,   0.039,exact_mw,590a535fae2c18c7445aa3259c8038467453e1d6a10b68541c755b2dcb29eb74,"{""distance"":7,""physical_error_rate"":5e-05}","{""detection_events"":941,""detectors_checked"":3698688}"
      9216,         0,         0,   0.059,exact_mw,590a535fae2c18c7445aa3259c8038467453e1d6a10b68541c755b2dcb29eb74,"{""distance"":7,""physical_error_rate"":5e-05}","{""detection_events"":1341,""detectors_checked"":5548032}"
      8192,         0,         0,   0.161,exact_mw,fb98ac5f0d986856d2cb4e87c937a37162f60383230d2323a40d4b2e77ef556c,"{""distance"":7,""physical_error_rate"":0.0002}","{""detection_events"":4763,""detectors_checked"":4931584}"
      1024,         0,         0,   0.526,exact_mw,a17a1dfb4cb0509fbcf9caf9ce6f4704b111f022b15740e51c84c2b7e14a6407,"{""distance"":7,""physical_error_rate"":0.001}","{""detection_events"":2931,""detectors_checked"":616448}"
     12288,         0,         0,   0.077,exact_mw,590a535fae2c18c7445aa3259c8038467453e1d6a10b68541c755b2dcb29eb74,"{""distance"":7,""physical_error_rate"":5e-05}","{""detection_events"":1875,""detectors_checked"":7397376}"
       384,        15,         0,    12.7,exact_mw,834abdd41b1b65931acfd3ee091dfffbb9772582814260e519c7dbaf7b14ebec,"{""distance"":7,""physical_error_rate"":0.02}","{""detection_events"":19869,""detectors_checked"":231168,""obs_mistake_mask=E"":15}"
       224,         9,         0,    8.39,exact_mw,834abdd41b1b65931acfd3ee091dfffbb9772582814260e519c7dbaf7b14ebec,"{""distance"":7,""physical_error_rate"":0.02}","{""detection_events"":11577,""detectors_checked"":134848,""obs_mistake_mask=E"":9}"
      9216,         0,         0,   0.110,exact_mw,590a535fae2c18c7445aa3259c8038467453e1d6a10b68541c755b2dcb29eb74,"{""distance"":7,""physical_error_rate"":5e-05}","{""detection_events"":1441,""detectors_checked"":5548032}"
      9216,         0,         0,   0.213,exact_mw,fb98ac5f0d986856d2cb4e87c937a37162f60383230d2323a40d4b2e77ef556c,"{""distance"":7,""physical_error_rate"":0.0002}","{""detection_events"":5547,""detectors_checked"":5548032}"
     54272,         0,         0,   0.788,exact_mw,c5b9b378753080b028cc9d6f4434ddf95ab0a61b3333c7295fd718d5436747fc,"{""distance"":7,""physical_error_rate"":0.0001}","{""detection_events"":16275,""detectors_checked"":32671744}"
     17408,         0,         0,   0.150,exact_mw,590a535fae2c18c7445aa3259c8038467453e1d6a10b68541c755b2dcb29eb74,"{""distance"":7,""physical_error_rate"":5e-05}","{""detection_events"":2569,""detectors_checked"":10479616}"
     11264,         0,         0,   0.289,exact_mw,fb98ac5f0d986856d2cb4e87c937a37162f60383230d2323a40d4b2e77ef556c,"{""distance"":7,""physical_error_rate"":0.0002}","{""detection_events"":6595,""detectors_checked"":6780928}"
     32768,         0,         0,   0.205,exact_mw,590a535fae2c18c7445aa3259c8038467453e1d6a10b68541c755b2dcb29eb74,"{""distance"":7,""physical_error_rate"":5e-05}","{""detection_events"":5004,""detectors_checked"":19726336}"
      1024,         0,         0,   0.539,exact_mw,a17a1dfb4cb0509fbcf9caf9ce6f4704b111f022b15740e51c84c2b7e14a6407,"{""distance"":7,""physical_error_rate"":0.001}","{""detection_events"":3152,""detectors_checked"":616448}"
     12160,         0,         0,    13.2,exact_mw,a17a1dfb4cb0509fbcf9caf9ce6f4704b111f022b15740e51c84c2b7e14a6407,"{""distance"":7,""physical_error_rate"":0.001}","{""detection_events"":36212,""detectors_checked"":7320320}"
      1216,         5,         0,    16.6,exact_mw,a7c002779361d29bb296963a23dd35d34b706f38009a8e2e2f5aee9a5ee0acdb,"{""distance"":7,""physical_error_rate"":0.005}","{""detection_events"":17656,""detectors_checked"":732032,""obs_mistake_mask=E"":5}"
     29696,         0,         0,   0.288,exact_mw,590a535fae2c18c7445aa3259c8038467453e1d6a10b68541c755b2dcb29eb74,"{""distance"":7,""physical_error_rate"":5e-05}","{""detection_events"":4568,""detectors_checked"":17876992}"
     16384,         0,         0,   0.374,exact_mw,fb98ac5f0d986856d2cb4e87c937a37162f60383230d2323a40d4b2e77ef556c,"{""distance"":7,""physical_error_rate"":0.0002}","{""detection_events"":10019,""detectors_checked"":9863168}"
     60416,         0,         0,   0.405,exact_mw,590a535fae2c18c7445aa3259c8038467453e1d6a10b68541c755b2dcb29eb74,"{""distance"":7,""physical_error_rate"":5e-05}","{""detection_events"":9173,""detectors_checked"":36370432}"
      1024,         0,         0,   0.636,exact_mw,a17a1dfb4cb0509fbcf9caf9ce6f4704b111f022b15740e51c84c2b7e14a6407,"{""distance"":7,""physical_error_rate"":0.001}","{""detection_events"":3077,""detectors_checked"":616448}"
     76800,         0,         0,    1.13,exact_mw,c5b9b378753080b028cc9d6f4434ddf95ab0a61b3333c7295fd718d5436747fc,"{""distance"":7,""physical_error_rate"":0.0001}","{""detection_events"":22851,""detectors_checked"":46233600}"
     36864,         0,         0,   0.573,exact_mw,fb98ac5f0d986856d2cb4e87c937a37162f60383230d2323a40d4b2e77ef556c,"{""distance"":7,""physical_error_rate"":0.0002}","{""detection_events"":21934,""detectors_checked"":22192128}"
      1024,         0,         0,   0.489,exact_mw,a17a1dfb4cb0509fbcf9caf9ce6f4704b111f022b15740e51c84c2b7e14a6407,"{""distance"":7,""physical_error_rate"":0.001}","{""detection_events"":3132,""detectors_checked"":616448}"
        17,         2,         0,   0.323,exact_mw,834abdd41b1b65931acfd3ee091dfffbb9772582814260e519c7dbaf7b14ebec,"{""distance"":7,""physical_error_rate"":0.02}","{""detection_events"":950,""detectors_checked"":10234,""obs_mistake_mask=E"":2}"
   1393664,         1,         0,    16.3,exact_mw,c5b9b378753080b028cc9d6f4434ddf95ab0a61b3333c7295fd718d5436747fc,"{""distance"":7,""physical_error_rate"":0.0001}","{""detection_events"":414234,""detectors_checked"":838985728,""obs_mistake_mask=E"":1}"
     75776,         0,         0,   0.578,exact_mw,590a535fae2c18c7445aa3259c8038467453e1d6a10b68541c755b2dcb29eb74,"{""distance"":7,""physical_error_rate"":5e-05}","{""detection_events"":11046,""detectors_checked"":45617152}"
        16,         1,         0,   0.336,exact_mw,834abdd41b1b65931acfd3ee091dfffbb9772582814260e519c7dbaf7b14ebec,"{""distance"":7,""physical_error_rate"":0.02}","{""detection_events"":842,""detectors_checked"":9632,""obs_mistake_mask=E"":1}"
      1664,         0,         0,    9.64,exact_mw,a17a1dfb4cb0509fbcf9caf9ce6f4704b111f022b15740e51c84c2b7e14a6407,"{""distance"":7,""physical_error_rate"":0.001}","{""detection_events"":4948,""detectors_checked"":1001728}"
      1024,         0,         0,   0.499,exact_mw,a17a1dfb4cb0509fbcf9caf9ce6f4704b111f022b15740e51c84c2b7e14a6407,"{""distance"":7,""physical_error_rate"":0.001}","{""detection_events"":3185,""detectors_checked"":616448}"
     33792,         0,         0,   0.836,exact_mw,fb98ac5f0d986856d2cb4e87c937a37162f60383230d2323a40d4b2e77ef556c,"{""distance"":7,""physical_error_rate"":0.0002}","{""detection_events"":20013,""detectors_checked"":20342784}"
        16,         0,         0,   0.386,exact_mw,834abdd41b1b65931acfd3ee091dfffbb9772582814260e519c7dbaf7b14ebec,"{""distance"":7,""physical_error_rate"":0.02}","{""detection_events"":876,""detectors_checked"":9632}"
        64,         1,         0,    8.81,exact_mw,73653d459d83448bea9c32985aa9fd156ebef5824b05d1ed55d386d98a968072,"{""distance"":7,""physical_error_rate"":0.01}","{""detection_events"":1683,""detectors_checked"":38528,""obs_mistake_mask=E"":1}"
        17,         0,         0,   0.014,exact_mw,8973b2281876bd917be29e6214e197de75d185bf3f5e531e264555f10574746e,"{""distance"":7,""physical_error_rate"":0.0005}","{""detection_events"":10,""detectors_checked"":10234}"
     62464,         0,         0,   0.790,exact_mw,590a535fae2c18c7445aa3259c8038467453e1d6a10b68541c755b2dcb29eb74,"{""distance"":7,""physical_error_rate"":5e-05}","{""detection_events"":9207,""detectors_checked"":37603328}"
      1280,         0,         0,   0.166,exact_mw,8973b2281876bd917be29e6214e197de75d185bf3f5e531e264555f10574746e,"{""distance"":7,""physical_error_rate"":0.0005}","{""detection_events"":1971,""detectors_checked"":770560}"
      1024,         0,         0,   0.525,exact_mw,a17a1dfb4cb0509fbcf9caf9ce6f4704b111f022b15740e51c84c2b7e14a6407,"{""distance"":7,""physical_error_rate"":0.001}","{""detection_events"":2927,""detectors_checked"":616448}"
        16,         0,         0,   0.314,exact_mw,834abdd41b1b65931acfd3ee091dfffbb9772582814260e519c7dbaf7b14ebec,"{""distance"":7,""physical_error_rate"":0.02}","{""detection_events"":851,""detectors_checked"":9632}"
      1024,         0,         0,   0.135,exact_mw,8973b2281876bd917be29e6214e197de75d185bf3f5e531e264555f10574746e,"{""distance"":7,""physical_error_rate"":0.0005}","{""detection_events"":1565,""detectors_checked"":616448}"
      1024,         0,         0,   0.101,exact_mw,8973b2281876bd917be29e6214e197de75d185bf3f5e531e264555f10574746e,"{""distance"":7,""physical_error_rate"":0.0005}","{""detection_events"":1376,""detectors_checked"":616448}"
    110592,         0,         0,    1.55,exact_mw,c5b9b378753080b028cc9d6f4434ddf95ab0a61b3333c7295fd718d5436747fc,"{""distance"":7,""physical_error_rate"":0.0001}","{""detection_events"":32684,""detectors_checked"":66576384}"
        16,         0,         0,   0.319,exact_mw,834abdd41b1b65931acfd3ee091dfffbb9772582814260e519c7dbaf7b14ebec,"{""distance"":7,""physical_error_rate"":0.02}","{""detection_events"":917,""detectors_checked"":9632}"
      1024,         0,         0,   0.113,exact_mw,8973b2281876bd917be29e6214e197de75d185bf3f5e531e264555f10574746e,"{""distance"":7,""physical_error_rate"":0.0005}","{""detection_events"":1438,""detectors_checked"":616448}"
    761856,         0,         0,    16.3,exact_mw,fb98ac5f0d986856d2cb4e87c937a37162f60383230d2323a40d4b2e77ef556c,"{""distance"":7,""physical_error_rate"":0.0002}","{""detection_events"":452997,""detectors_checked"":458637312}"
      1024,         0,         0,   0.190,exact_mw,8973b2281876bd917be29e6214e197de75d185bf3f5e531e264555f10574746e,"{""distance"":7,""physical_error_rate"":0.0005}","{""detection_events"":1582,""detectors_checked"":616448}"
    969728,         0,         0,    16.3,exact_mw,fb98ac5f0d986856d2cb4e87c937a37162f60383230d2323a40d4b2e77ef556c,"{""distance"":7,""physical_error_rate"":0.0002}","{""detection_events"":574398,""detectors_checked"":583776256}"
      1024,         0,         0,   0.110,exact_mw,8973b2281876bd917be29e6214e197de75d185bf3f5e531e264555f10574746e,"{""distance"":7,""physical_error_rate"":0.0005}","{""detection_events"":1405,""detectors_checked"":616448}"
     46080,         0,         0,    1.09,exact_mw,fb98ac5f0d986856d2cb4e87c937a37162f60383230d2323a40d4b2e77ef556c,"{""distance"":7,""physical_error_rate"":0.0002}","{""detection_events"":27692,""detectors_checked"":27740160}"
        16,         1,         0,   0.413,exact_mw,834abdd41b1b65931acfd3ee091dfffbb9772582814260e519c7dbaf7b14ebec,"{""distance"":7,""physical_error_rate"":0.02}","{""detection_events"":841,""detectors_checked"":9632,""obs_mistake_mask=E"":1}"
      1024,         0,         0,   0.186,exact_mw,8973b2281876bd917be29e6214e197de75d185bf3f5e531e264555f10574746e,"{""distance"":7,""physical_error_rate"":0.0005}","{""detection_events"":1563,""detectors_checked"":616448}"
        17,         0,         0,   0.364,exact_mw,a7c002779361d29bb296963a23dd35d34b706f38009a8e2e2f5aee9a5ee0acdb,"{""distance"":7,""physical_error_rate"":0.005}","{""detection_events"":259,""detectors_checked"":10234}"
        17,         0,         0,   0.178,exact_mw,a7c002779361d29bb296963a23dd35d34b706f38009a8e2e2f5aee9a5ee0acdb,"{""distance"":7,""physical_error_rate"":0.005}","{""detection_events"":248,""detectors_checked"":10234}"
     89088,         0,         0,    1.08,exact_mw,590a535fae2c18c7445aa3259c8038467453e1d6a10b68541c755b2dcb29eb74,"{""distance"":7,""physical_error_rate"":5e-05}","{""detection_events"":13156,""detectors_checked"":53630976}"
        16,         0,         0,   0.161,exact_mw,a7c002779361d29bb296963a23dd35d34b706f38009a8e2e2f5aee9a5ee0acdb,"{""distance"":7,""physical_error_rate"":0.005}","{""detection_events"":221,""detectors_checked"":9632}"
        16,         0,         0,   0.286,exact_mw,834abdd41b1b65931acfd3ee091dfffbb9772582814260e519c7dbaf7b14ebec,"{""distance"":7,""physical_error_rate"":0.02}","{""detection_events"":859,""detectors_checked"":9632}"
      1024,         0,         0,    1.05,exact_mw,a17a1dfb4cb0509fbcf9caf9ce6f4704b111f022b15740e51c84c2b7e14a6407,"{""distance"":7,""physical_error_rate"":0.001}","{""detection_events"":3041,""detectors_checked"":616448}"
    115712,         1,         0,    16.4,exact_mw,8973b2281876bd917be29e6214e197de75d185bf3f5e531e264555f10574746e,"{""distance"":7,""physical_error_rate"":0.0005}","{""detection_events"":170036,""detectors_checked"":69658624,""obs_mistake_mask=E"":1}"
        32,         0,         0,   0.225,exact_mw,a7c002779361d29bb296963a23dd35d34b706f38009a8e2e2f5aee9a5ee0acdb,"{""distance"":7,""physical_error_rate"":0.005}","{""detection_events"":527,""detectors_checked"":19264}"
      2048,         0,         0,   0.248,exact_mw,8973b2281876bd917be29e6214e197de75d185bf3f5e531e264555f10574746e,"{""distance"":7,""physical_error_rate"":0.0005}","{""detection_events"":3042,""detectors_checked"":1232896}"
         1,         0,         0,   0.014,exact_mw,590a535fae2c18c7445aa3259c8038467453e1d6a10b68541c755b2dcb29eb74,"{""distance"":7,""physical_error_rate"":5e-05}","{""detection_events"":2,""detectors_checked"":602}"
      2320,         0,         0,   0.015,exact_mw,590a535fae2c18c7445aa3259c8038467453e1d6a10b68541c755b2dcb29eb74,"{""distance"":7,""physical_error_rate"":5e-05}","{""detection_events"":330,""detectors_checked"":1396640}"
      4096,         0,         0,   0.025,exact_mw,590a535fae2c18c7445aa3259c8038467453e1d6a10b68541c755b2dcb29eb74,"{""distance"":7,""physical_error_rate"":5e-05}","{""detection_events"":563,""detectors_checked"":2465792}"
      4096,         0,         0,   0.028,exact_mw,590a535fae2c18c7445aa3259c8038467453e1d6a10b68541c755b2dcb29eb74,"{""distance"":7,""physical_error_rate"":5e-05}","{""detection_events"":561,""detectors_checked"":2465792}"
      6144,         0,         0,   0.038,exact_mw,590a535fae2c18c7445aa3259c8038467453e1d6a10b68541c755b2dcb29eb74,"{""distance"":7,""physical_error_rate"":5e-05}","{""detection_events"":882,""detectors_checked"":3698688}"
      8192,         0,         0,   0.053,exact_mw,590a535fae2c18c7445aa3259c8038467453e1d6a10b68541c755b2dcb29eb74,"{""distance"":7,""physical_error_rate"":5e-05}","{""detection_events"":1160,""detectors_checked"":4931584}"
     12288,         0,         0,   0.075,exact_mw,590a535fae2c18c7445aa3259c8038467453e1d6a10b68541c755b2dcb29eb74,"{""distance"":7,""physical_error_rate"":5e-05}","{""detection_events"":1772,""detectors_checked"":7397376}"
      2048,         0,         0,   0.299,exact_mw,8973b2281876bd917be29e6214e197de75d185bf3f5e531e264555f10574746e,"{""distance"":7,""physical_error_rate"":0.0005}","{""detection_events"":3008,""detectors_checked"":1232896}"
        32,         0,         0,   0.377,exact_mw,a7c002779361d29bb296963a23dd35d34b706f38009a8e2e2f5aee9a5ee0acdb,"{""distance"":7,""physical_error_rate"":0.005}","{""detection_events"":455,""detectors_checked"":19264}"
     17408,         0,         0,   0.109,exact_mw,590a535fae2c18c7445aa3259c8038467453e1d6a10b68541c755b2dcb29eb74,"{""distance"":7,""physical_error_rate"":5e-05}","{""detection_events"":2762,""detectors_checked"":10479616}"
   1430528,         0,         0,    16.3,exact_mw,c5b9b378753080b028cc9d6f4434ddf95ab0a61b3333c7295fd718d5436747fc,"{""distance"":7,""physical_error_rate"":0.0001}","{""detection_events"":425280,""detectors_checked"":861177856}"
     19456,         0,         0,   0.154,exact_mw,590a535fae2c18c7445aa3259c8038467453e1d6a10b68541c755b2dcb29eb74,"{""distance"":7,""physical_error_rate"":5e-05}","{""detection_events"":3042,""detectors_checked"":11712512}"
      2048,         0,         0,   0.310,exact_mw,8973b2281876bd917be29e6214e197de75d185bf3f5e531e264555f10574746e,"{""distance"":7,""physical_error_rate"":0.0005}","{""detection_events"":2992,""detectors_checked"":1232896}"
      1024,         0,         0,   0.715,exact_mw,a17a1dfb4cb0509fbcf9caf9ce6f4704b111f022b15740e51c84c2b7e14a6407,"{""distance"":7,""physical_error_rate"":0.001}","{""detection_events"":2873,""detectors_checked"":616448}"
        32,         2,         0,   0.767,exact_mw,834abdd41b1b65931acfd3ee091dfffbb9772582814260e519c7dbaf7b14ebec,"{""distance"":7,""physical_error_rate"":0.02}","{""detection_events"":1673,""detectors_checked"":19264,""obs_mistake_mask=E"":2}"
     28672,         0,         0,   0.214,exact_mw,590a535fae2c18c7445aa3259c8038467453e1d6a10b68541c755b2dcb29eb74,"{""distance"":7,""physical_error_rate"":5e-05}","{""detection_events"":4199,""detectors_checked"":17260544}"
        17,         0,         0,   0.139,exact_mw,f9daf7670c28e8b8b7ac9af8e1984263f26063cb589f7a54f43332f7ce5001d2,"{""distance"":7,""physical_error_rate"":0.002}","{""detection_events"":131,""detectors_checked"":10234}"
        64,         0,         0,   0.861,exact_mw,a7c002779361d29bb296963a23dd35d34b706f38009a8e2e2f5aee9a5ee0acdb,"{""distance"":7,""physical_error_rate"":0.005}","{""detection_events"":906,""detectors_checked"":38528}"
        64,         0,         0,   0.158,exact_mw,f9daf7670c28e8b8b7ac9af8e1984263f26063cb589f7a54f43332f7ce5001d2,"{""distance"":7,""physical_error_rate"":0.002}","{""detection_events"":346,""detectors_checked"":38528}"
     24576,         0,         0,   0.304,exact_mw,590a535fae2c18c7445aa3259c8038467453e1d6a10b68541c755b2dcb29eb74,"{""distance"":7,""physical_error_rate"":5e-05}","{""detection_events"":3719,""detectors_checked"":14794752}"
      4096,         0,         0,   0.469,exact_mw,8973b2281876bd917be29e6214e197de75d185bf3f5e531e264555f10574746e,"{""distance"":7,""physical_error_rate"":0.0005}","{""detection_events"":5914,""detectors_checked"":2465792}"
        32,         0,         0,   0.759,exact_mw,a7c002779361d29bb296963a23dd35d34b706f38009a8e2e2f5aee9a5ee0acdb,"{""distance"":7,""physical_error_rate"":0.005}","{""detection_events"":541,""detectors_checked"":19264}"
     72704,         0,         0,    1.55,exact_mw,fb98ac5f0d986856d2cb4e87c937a37162f60383230d2323a40d4b2e77ef556c,"{""distance"":7,""physical_error_rate"":0.0002}","{""detection_events"":43409,""detectors_checked"":43767808}"
        64,         0,         0,   0.441,exact_mw,a7c002779361d29bb296963a23dd35d34b706f38009a8e2e2f5aee9a5ee0acdb,"{""distance"":7,""physical_error_rate"":0.005}","{""detection_events"":869,""detectors_checked"":38528}"
    268288,         0,         0,    2.13,exact_mw,c5b9b378753080b028cc9d6f4434ddf95ab0a61b3333c7295fd718d5436747fc,"{""distance"":7,""physical_error_rate"":0.0001}","{""detection_events"":79637,""detectors_checked"":161509376}"
      1024,         0,         0,   0.704,exact_mw,a17a1dfb4cb0509fbcf9caf9ce6f4704b111f022b15740e51c84c2b7e14a6407,"{""distance"":7,""physical_error_rate"":0.001}","{""detection_events"":2781,""detectors_checked"":616448}"
        32,         2,         0,   0.679,exact_mw,834abdd41b1b65931acfd3ee091dfffbb9772582814260e519c7dbaf7b14ebec,"{""distance"":7,""physical_error_rate"":0.02}","{""detection_events"":1773,""detectors_checked"":19264,""obs_mistake_mask=E"":2}"
    128000,         0,         0,    1.57,exact_mw,590a535fae2c18c7445aa3259c8038467453e1d6a10b68541c755b2dcb29eb74,"{""distance"":7,""physical_error_rate"":5e-05}","{""detection_events"":18845,""detectors_checked"":77056000}"
     33792,         0,         0,   0.413,exact_mw,590a535fae2c18c7445aa3259c8038467453e1d6a10b68541c755b2dcb29eb74,"{""distance"":7,""physical_error_rate"":5e-05}","{""detection_events"":4781,""detectors_checked"":20342784}"
       128,         0,         0,   0.541,exact_mw,f9daf7670c28e8b8b7ac9af8e1984263f26063cb589f7a54f43332f7ce5001d2,"{""distance"":7,""physical_error_rate"":0.002}","{""detection_events"":792,""detectors_checked"":77056}"
        32,         0,         0,   0.489,exact_mw,a7c002779361d29bb296963a23dd35d34b706f38009a8e2e2f5aee9a5ee0acdb,"{""distance"":7,""physical_error_rate"":0.005}","{""detection_events"":444,""detectors_checked"":19264}"
    187392,         0,         0,    16.2,exact_mw,590a535fae2c18c7445aa3259c8038467453e1d6a10b68541c755b2dcb29eb74,"{""distance"":7,""physical_error_rate"":5e-05}","{""detection_events"":27779,""detectors_checked"":112809984}"
        64,         0,         0,   0.427,exact_mw,a7c002779361d29bb296963a23dd35d34b706f38009a8e2e2f5aee9a5ee0acdb,"{""distance"":7,""physical_error_rate"":0.005}","{""detection_events"":862,""detectors_checked"":38528}"
      5120,         0,         0,   0.656,exact_mw,8973b2281876bd917be29e6214e197de75d185bf3f5e531e264555f10574746e,"{""distance"":7,""physical_error_rate"":0.0005}","{""detection_events"":7865,""detectors_checked"":3082240}"
       128,         0,         0,   0.359,exact_mw,f9daf7670c28e8b8b7ac9af8e1984263f26063cb589f7a54f43332f7ce5001d2,"{""distance"":7,""physical_error_rate"":0.002}","{""detection_events"":771,""detectors_checked"":77056}"
   1825792,         0,         0,    16.2,exact_mw,c5b9b378753080b028cc9d6f4434ddf95ab0a61b3333c7295fd718d5436747fc,"{""distance"":7,""physical_error_rate"":0.0001}","{""detection_events"":543780,""detectors_checked"":1099126784}"
   1205248,         0,         0,    16.2,exact_mw,c5b9b378753080b028cc9d6f4434ddf95ab0a61b3333c7295fd718d5436747fc,"{""distance"":7,""physical_error_rate"":0.0001}","{""detection_events"":356447,""detectors_checked"":725559296}"
     46080,         0,         0,   0.571,exact_mw,590a535fae2c18c7445aa3259c8038467453e1d6a10b68541c755b2dcb29eb74,"{""distance"":7,""physical_error_rate"":5e-05}","{""detection_events"":6838,""detectors_checked"":27740160}"
        32,         0,         0,   0.547,exact_mw,a7c002779361d29bb296963a23dd35d34b706f38009a8e2e2f5aee9a5ee0acdb,"{""distance"":7,""physical_error_rate"":0.005}","{""detection_events"":493,""detectors_checked"":19264}"
    532480,         0,         0,    11.7,exact_mw,fb98ac5f0d986856d2cb4e87c937a37162f60383230d2323a40d4b2e77ef556c,"{""distance"":7,""physical_error_rate"":0.0002}","{""detection_events"":313896,""detectors_checked"":320552960}"
       128,         0,         0,   0.291,exact_mw,f9daf7670c28e8b8b7ac9af8e1984263f26063cb589f7a54f43332f7ce5001d2,"{""distance"":7,""physical_error_rate"":0.002}","{""detection_events"":787,""detectors_checked"":77056}"
        64,         0,         0,   0.525,exact_mw,a7c002779361d29bb296963a23dd35d34b706f38009a8e2e2f5aee9a5ee0acdb,"{""distance"":7,""physical_error_rate"":0.005}","{""detection_events"":993,""detectors_checked"":38528}"
      2048,         0,         0,    1.11,exact_mw,a17a1dfb4cb0509fbcf9caf9ce6f4704b111f022b15740e51c84c2b7e14a6407,"{""distance"":7,""physical_error_rate"":0.001}","{""detection_events"":5918,""detectors_checked"":1232896}"
      6144,         0,         0,   0.807,exact_mw,8973b2281876bd917be29e6214e197de75d185bf3f5e531e264555f10574746e,"{""distance"":7,""physical_error_rate"":0.0005}","{""detection_events"":8813,""detectors_checked"":3698688}"
        32,         1,         0,   0.438,exact_mw,a7c002779361d29bb296963a23dd35d34b706f38009a8e2e2f5aee9a5ee0acdb,"{""distance"":7,""physical_error_rate"":0.005}","{""detection_events"":442,""detectors_checked"":19264,""obs_mistake_mask=E"":1}"
        32,         3,         0,    1.19,exact_mw,834abdd41b1b65931acfd3ee091dfffbb9772582814260e519c7dbaf7b14ebec,"{""distance"":7,""physical_error_rate"":0.02}","{""detection_events"":1749,""detectors_checked"":19264,""obs_mistake_mask=E"":3}"
    141312,         0,         0,    16.4,exact_mw,fb98ac5f0d986856d2cb4e87c937a37162f60383230d2323a40d4b2e77ef556c,"{""distance"":7,""physical_error_rate"":0.0002}","{""detection_events"":84235,""detectors_checked"":85069824}"
       256,         0,         0,   0.700,exact_mw,f9daf7670c28e8b8b7ac9af8e1984263f26063cb589f7a54f43332f7ce5001d2,"{""distance"":7,""physical_error_rate"":0.002}","{""detection_events"":1415,""detectors_checked"":154112}"
     63488,         0,         0,   0.780,exact_mw,590a535fae2c18c7445aa3259c8038467453e1d6a10b68541c755b2dcb29eb74,"{""distance"":7,""physical_error_rate"":5e-05}","{""detection_events"":9278,""detectors_checked"":38219776}"
        32,         0,         0,   0.674,exact_mw,a7c002779361d29bb296963a23dd35d34b706f38009a8e2e2f5aee9a5ee0acdb,"{""distance"":7,""physical_error_rate"":0.005}","{""detection_events"":539,""detectors_checked"":19264}"
       256,         0,         0,   0.423,exact_mw,f9daf7670c28e8b8b7ac9af8e1984263f26063cb589f7a54f43332f7ce5001d2,"{""distance"":7,""physical_error_rate"":0.002}","{""detection_events"":1433,""detectors_checked"":154112}"
    128000,         2,         0,    16.4,exact_mw,8973b2281876bd917be29e6214e197de75d185bf3f5e531e264555f10574746e,"{""distance"":7,""physical_error_rate"":0.0005}","{""detection_events"":189562,""detectors_checked"":77056000,""obs_mistake_mask=E"":2}"
        64,         0,         0,    1.08,exact_mw,a7c002779361d29bb296963a23dd35d34b706f38009a8e2e2f5aee9a5ee0acdb,"{""distance"":7,""physical_error_rate"":0.005}","{""detection_events"":921,""detectors_checked"":38528}"
    105472,         0,         0,    2.18,exact_mw,fb98ac5f0d986856d2cb4e87c937a37162f60383230d2323a40d4b2e77ef556c,"{""distance"":7,""physical_error_rate"":0.0002}","{""detection_events"":63189,""detectors_checked"":63494144}"
   1333248,         0,         0,    16.2,exact_mw,590a535fae2c18c7445aa3259c8038467453e1d6a10b68541c755b2dcb29eb74,"{""distance"":7,""physical_error_rate"":5e-05}","{""detection_events"":197876,""detectors_checked"":802615296}"
    179200,         0,         0,    2.16,exact_mw,590a535fae2c18c7445aa3259c8038467453e1d6a10b68541c755b2dcb29eb74,"{""distance"":7,""physical_error_rate"":5e-05}","{""detection_events"":26219,""detectors_checked"":107878400}"
      7168,         0,         0,    1.11,exact_mw,8973b2281876bd917be29e6214e197de75d185bf3f5e531e264555f10574746e,"{""distance"":7,""physical_error_rate"":0.0005}","{""detection_events"":10862,""detectors_checked"":4315136}"
        32,         0,         0,   0.439,exact_mw,a7c002779361d29bb296963a23dd35d34b706f38009a8e2e2f5aee9a5ee0acdb,"{""distance"":7,""physical_error_rate"":0.005}","{""detection_events"":427,""detectors_checked"":19264}"
    135168,         0,         0,    16.5,exact_mw,8973b2281876bd917be29e6214e197de75d185bf3f5e531e264555f10574746e,"{""distance"":7,""physical_error_rate"":0.0005}","{""detection_events"":200946,""detectors_checked"":81371136}"
        32,         0,         0,    1.19,exact_mw,834abdd41b1b65931acfd3ee091dfffbb9772582814260e519c7dbaf7b14ebec,"{""distance"":7,""physical_error_rate"":0.02}","{""detection_events"":1546,""detectors_checked"":19264}"
       256,         0,         0,   0.586,exact_mw,f9daf7670c28e8b8b7ac9af8e1984263f26063cb589f7a54f43332f7ce5001d2,"{""distance"":7,""physical_error_rate"":0.002}","{""detection_events"":1450,""detectors_checked"":154112}"
        64,         0,         0,   0.564,exact_mw,a7c002779361d29bb296963a23dd35d34b706f38009a8e2e2f5aee9a5ee0acdb,"{""distance"":7,""physical_error_rate"":0.005}","{""detection_events"":946,""detectors_checked"":38528}"
     89088,         0,         0,    1.12,exact_mw,590a535fae2c18c7445aa3259c8038467453e1d6a10b68541c755b2dcb29eb74,"{""distance"":7,""physical_error_rate"":5e-05}","{""detection_events"":13076,""detectors_checked"":53630976}"
      3072,         1,         0,    1.47,exact_mw,a17a1dfb4cb0509fbcf9caf9ce6f4704b111f022b15740e51c84c2b7e14a6407,"{""distance"":7,""physical_error_rate"":0.001}","{""detection_events"":8929,""detectors_checked"":1849344,""obs_mistake_mask=E"":1}"
     81920,         0,         0,    11.9,exact_mw,8973b2281876bd917be29e6214e197de75d185bf3f5e531e264555f10574746e,"{""distance"":7,""physical_error_rate"":0.0005}","{""detection_events"":119942,""detectors_checked"":49315840}"
        32,         0,         0,   0.645,exact_mw,a7c002779361d29bb296963a23dd35d34b706f38009a8e2e2f5aee9a5ee0acdb,"{""distance"":7,""physical_error_rate"":0.005}","{""detection_events"":480,""detectors_checked"":19264}"
    258048,         0,         0,    3.05,exact_mw,c5b9b378753080b028cc9d6f4434ddf95ab0a61b3333c7295fd718d5436747fc,"{""distance"":7,""physical_error_rate"":0.0001}","{""detection_events"":75650,""detectors_checked"":155344896}"
       256,         0,         0,   0.588,exact_mw,f9daf7670c28e8b8b7ac9af8e1984263f26063cb589f7a54f43332f7ce5001d2,"{""distance"":7,""physical_error_rate"":0.002}","{""detection_events"":1575,""detectors_checked"":154112}"
        64,         0,         0,   0.564,exact_mw,a7c002779361d29bb296963a23dd35d34b706f38009a8e2e2f5aee9a5ee0acdb,"{""distance"":7,""physical_error_rate"":0.005}","{""detection_events"":975,""detectors_checked"":38528}"
        32,         2,         0,   0.884,exact_mw,834abdd41b1b65931acfd3ee091dfffbb9772582814260e519c7dbaf7b14ebec,"{""distance"":7,""physical_error_rate"":0.02}","{""detection_events"":1687,""detectors_checked"":19264,""obs_mistake_mask=E"":2}"
        32,         0,         0,   0.533,exact_mw,a7c002779361d29bb296963a23dd35d34b706f38009a8e2e2f5aee9a5ee0acdb,"{""distance"":7,""physical_error_rate"":0.005}","{""detection_events"":429,""detectors_checked"":19264}"
       256,         0,         0,   0.563,exact_mw,f9daf7670c28e8b8b7ac9af8e1984263f26063cb589f7a54f43332f7ce5001d2,"{""distance"":7,""physical_error_rate"":0.002}","{""detection_events"":1580,""detectors_checked"":154112}"
        64,         0,         0,   0.571,exact_mw,a7c002779361d29bb296963a23dd35d34b706f38009a8e2e2f5aee9a5ee0acdb,"{""distance"":7,""physical_error_rate"":0.005}","{""detection_events"":937,""detectors_checked"":38528}"
     11264,         0,         0,    1.65,exact_mw,8973b2281876bd917be29e6214e197de75d185bf3f5e531e264555f10574746e,"{""distance"":7,""physical_error_rate"":0.0005}","{""detection_events"":16355,""detectors_checked"":6780928}"
        32,         1,         0,   0.692,exact_mw,834abdd41b1b65931acfd3ee091dfffbb9772582814260e519c7dbaf7b14ebec,"{""distance"":7,""physical_error_rate"":0.02}","{""detection_events"":1721,""detectors_checked"":19264,""obs_mistake_mask=E"":1}"
        64,         0,         0,   0.437,exact_mw,a7c002779361d29bb296963a23dd35d34b706f38009a8e2e2f5aee9a5ee0acdb,"{""distance"":7,""physical_error_rate"":0.005}","{""detection_events"":904,""detectors_checked"":38528}"
        32,         0,         0,   0.642,exact_mw,a7c002779361d29bb296963a23dd35d34b706f38009a8e2e2f5aee9a5ee0acdb,"{""distance"":7,""physical_error_rate"":0.005}","{""detection_events"":488,""detectors_checked"":19264}"
    198656,         0,         0,    1.55,exact_mw,590a535fae2c18c7445aa3259c8038467453e1d6a10b68541c755b2dcb29eb74,"{""distance"":7,""physical_error_rate"":5e-05}","{""detection_events"":29562,""detectors_checked"":119590912}"
       480,         5,         0,    12.0,exact_mw,73653d459d83448bea9c32985aa9fd156ebef5824b05d1ed55d386d98a968072,"{""distance"":7,""physical_error_rate"":0.01}","{""detection_events"":13317,""detectors_checked"":288960,""obs_mistake_mask=E"":5}"
       256,         0,         0,   0.957,exact_mw,f9daf7670c28e8b8b7ac9af8e1984263f26063cb589f7a54f43332f7ce5001d2,"{""distance"":7,""physical_error_rate"":0.002}","{""detection_events"":1514,""detectors_checked"":154112}"
      3072,         0,         0,    2.12,exact_mw,a17a1dfb4cb0509fbcf9caf9ce6f4704b111f022b15740e51c84c2b7e14a6407,"{""distance"":7,""physical_error_rate"":0.001}","{""detection_events"":9086,""detectors_checked"":1849344}"
        64,         0,         0,   0.655,exact_mw,a7c002779361d29bb296963a23dd35d34b706f38009a8e2e2f5aee9a5ee0acdb,"{""distance"":7,""physical_error_rate"":0.005}","{""detection_events"":968,""detectors_checked"":38528}"
        64,         0,         0,   0.625,exact_mw,a7c002779361d29bb296963a23dd35d34b706f38009a8e2e2f5aee9a5ee0acdb,"{""distance"":7,""physical_error_rate"":0.005}","{""detection_events"":964,""detectors_checked"":38528}"
      4480,         0,         0,    17.1,exact_mw,f9daf7670c28e8b8b7ac9af8e1984263f26063cb589f7a54f43332f7ce5001d2,"{""distance"":7,""physical_error_rate"":0.002}","{""detection_events"":26422,""detectors_checked"":2696960}"
       864,        10,         0,    16.5,exact_mw,73653d459d83448bea9c32985aa9fd156ebef5824b05d1ed55d386d98a968072,"{""distance"":7,""physical_error_rate"":0.01}","{""detection_events"":24106,""detectors_checked"":520128,""obs_mistake_mask=E"":10}"
     21504,         1,         0,    16.6,exact_mw,a17a1dfb4cb0509fbcf9caf9ce6f4704b111f022b15740e51c84c2b7e14a6407,"{""distance"":7,""physical_error_rate"":0.001}","{""detection_events"":64063,""detectors_checked"":12945408,""obs_mistake_mask=E"":1}"
    133120,         0,         0,    3.05,exact_mw,fb98ac5f0d986856d2cb4e87c937a37162f60383230d2323a40d4b2e77ef556c,"{""distance"":7,""physical_error_rate"":0.0002}","{""detection_events"":79003,""detectors_checked"":80138240}"
       464,        23,         0,    16.7,exact_mw,834abdd41b1b65931acfd3ee091dfffbb9772582814260e519c7dbaf7b14ebec,"{""distance"":7,""physical_error_rate"":0.02}","{""detection_events"":23777,""detectors_checked"":279328,""obs_mistake_mask=E"":23}"
    248832,         0,         0,    3.03,exact_mw,590a535fae2c18c7445aa3259c8038467453e1d6a10b68541c755b2dcb29eb74,"{""distance"":7,""physical_error_rate"":5e-05}","{""detection_events"":36905,""detectors_checked"":149796864}"
       576,        19,         0,    16.9,exact_mw,834abdd41b1b65931acfd3ee091dfffbb9772582814260e519c7dbaf7b14ebec,"{""distance"":7,""physical_error_rate"":0.02}","{""detection_events"":30213,""detectors_checked"":346752,""obs_mistake_mask=E"":19}"
        64,         2,         0,    1.42,exact_mw,834abdd41b1b65931acfd3ee091dfffbb9772582814260e519c7dbaf7b14ebec,"{""distance"":7,""physical_error_rate"":0.02}","{""detection_events"":3420,""detectors_checked"":38528,""obs_mistake_mask=E"":2}"
       256,         0,         0,   0.862,exact_mw,f9daf7670c28e8b8b7ac9af8e1984263f26063cb589f7a54f43332f7ce5001d2,"{""distance"":7,""physical_error_rate"":0.002}","{""detection_events"":1460,""detectors_checked"":154112}"
       128,         1,         0,    1.01,exact_mw,a7c002779361d29bb296963a23dd35d34b706f38009a8e2e2f5aee9a5ee0acdb,"{""distance"":7,""physical_error_rate"":0.005}","{""detection_events"":1906,""detectors_checked"":77056,""obs_mistake_mask=E"":1}"
    102912,         0,         0,    16.4,exact_mw,8973b2281876bd917be29e6214e197de75d185bf3f5e531e264555f10574746e,"{""distance"":7,""physical_error_rate"":0.0005}","{""detection_events"":152295,""detectors_checked"":61953024}"
     14336,         0,         0,    2.21,exact_mw,8973b2281876bd917be29e6214e197de75d185bf3f5e531e264555f10574746e,"{""distance"":7,""physical_error_rate"":0.0005}","{""detection_events"":21132,""detectors_checked"":8630272}"
       128,         0,         0,    1.43,exact_mw,a7c002779361d29bb296963a23dd35d34b706f38009a8e2e2f5aee9a5ee0acdb,"{""distance"":7,""physical_error_rate"":0.005}","{""detection_events"":1906,""detectors_checked"":77056}"
      1152,         1,         0,    16.7,exact_mw,a7c002779361d29bb296963a23dd35d34b706f38009a8e2e2f5aee9a5ee0acdb,"{""distance"":7,""physical_error_rate"":0.005}","{""detection_events"":16555,""detectors_checked"":693504,""obs_mistake_mask=E"":1}"
    283648,         0,         0,    2.16,exact_mw,590a535fae2c18c7445aa3259c8038467453e1d6a10b68541c755b2dcb29eb74,"{""distance"":7,""physical_error_rate"":5e-05}","{""detection_events"":41881,""detectors_checked"":170756096}"
      3200,         0,         0,    12.4,exact_mw,f9daf7670c28e8b8b7ac9af8e1984263f26063cb589f7a54f43332f7ce5001d2,"{""distance"":7,""physical_error_rate"":0.002}","{""detection_events"":18813,""detectors_checked"":1926400}"
      3328,         0,         0,    11.8,exact_mw,f9daf7670c28e8b8b7ac9af8e1984263f26063cb589f7a54f43332f7ce5001d2,"{""distance"":7,""physical_error_rate"":0.002}","{""detection_events"":19109,""detectors_checked"":2003456}"
    874496,         0,         0,    16.3,exact_mw,fb98ac5f0d986856d2cb4e87c937a37162f60383230d2323a40d4b2e77ef556c,"{""distance"":7,""physical_error_rate"":0.0002}","{""detection_events"":515623,""detectors_checked"":526446592}"
       256,         0,         0,    1.17,exact_mw,f9daf7670c28e8b8b7ac9af8e1984263f26063cb589f7a54f43332f7ce5001d2,"{""distance"":7,""physical_error_rate"":0.002}","{""detection_events"":1550,""detectors_checked"":154112}"
       304,        19,         0,    11.7,exact_mw,834abdd41b1b65931acfd3ee091dfffbb9772582814260e519c7dbaf7b14ebec,"{""distance"":7,""physical_error_rate"":0.02}","{""detection_events"":16046,""detectors_checked"":183008,""obs_mistake_mask=E"":19}"
        64,         6,         0,    1.36,exact_mw,834abdd41b1b65931acfd3ee091dfffbb9772582814260e519c7dbaf7b14ebec,"{""distance"":7,""physical_error_rate"":0.02}","{""detection_events"":3172,""detectors_checked"":38528,""obs_mistake_mask=E"":6}"
      3072,         0,         0,    2.24,exact_mw,a17a1dfb4cb0509fbcf9caf9ce6f4704b111f022b15740e51c84c2b7e14a6407,"{""distance"":7,""physical_error_rate"":0.001}","{""detection_events"":8775,""detectors_checked"":1849344}"
        64,         0,         0,   0.954,exact_mw,a7c002779361d29bb296963a23dd35d34b706f38009a8e2e2f5aee9a5ee0acdb,"{""distance"":7,""physical_error_rate"":0.005}","{""detection_events"":933,""detectors_checked"":38528}"
       192,         0,         0,    1.39,exact_mw,a7c002779361d29bb296963a23dd35d34b706f38009a8e2e2f5aee9a5ee0acdb,"{""distance"":7,""physical_error_rate"":0.005}","{""detection_events"":2738,""detectors_checked"":115584}"
    318464,         0,         0,    4.24,exact_mw,c5b9b378753080b028cc9d6f4434ddf95ab0a61b3333c7295fd718d5436747fc,"{""distance"":7,""physical_error_rate"":0.0001}","{""detection_events"":94321,""detectors_checked"":191715328}"
      8512,         0,         0,    16.4,exact_mw,a17a1dfb4cb0509fbcf9caf9ce6f4704b111f022b15740e51c84c2b7e14a6407,"{""distance"":7,""physical_error_rate"":0.001}","{""detection_events"":25503,""detectors_checked"":5124224}"
     21504,         0,         0,    17.1,exact_mw,a17a1dfb4cb0509fbcf9caf9ce6f4704b111f022b15740e51c84c2b7e14a6407,"{""distance"":7,""physical_error_rate"":0.001}","{""detection_events"":62724,""detectors_checked"":12945408}"
       256,         0,         0,   0.810,exact_mw,f9daf7670c28e8b8b7ac9af8e1984263f26063cb589f7a54f43332f7ce5001d2,"{""distance"":7,""physical_error_rate"":0.002}","{""detection_events"":1395,""detectors_checked"":154112}"
       416,        25,         0,    16.4,exact_mw,834abdd41b1b65931acfd3ee091dfffbb9772582814260e519c7dbaf7b14ebec,"{""distance"":7,""physical_error_rate"":0.02}","{""detection_events"":21497,""detectors_checked"":250432,""obs_mistake_mask=E"":25}"
       672,         7,         0,    16.8,exact_mw,73653d459d83448bea9c32985aa9fd156ebef5824b05d1ed55d386d98a968072,"{""distance"":7,""physical_error_rate"":0.01}","{""detection_events"":19410,""detectors_checked"":404544,""obs_mistake_mask=E"":7}"
      4096,         1,         0,    16.5,exact_mw,f9daf7670c28e8b8b7ac9af8e1984263f26063cb589f7a54f43332f7ce5001d2,"{""distance"":7,""physical_error_rate"":0.002}","{""detection_events"":23839,""detectors_checked"":2465792,""obs_mistake_mask=E"":1}"
      4608,         0,         0,    16.5,exact_mw,f9daf7670c28e8b8b7ac9af8e1984263f26063cb589f7a54f43332f7ce5001d2,"{""distance"":7,""physical_error_rate"":0.002}","{""detection_events"":26994,""detectors_checked"":2774016}"
        96,         5,         0,    2.00,exact_mw,834abdd41b1b65931acfd3ee091dfffbb9772582814260e519c7dbaf7b14ebec,"{""distance"":7,""physical_error_rate"":0.02}","{""detection_events"":5116,""detectors_checked"":57792,""obs_mistake_mask=E"":5}"
      2624,         0,         0,    11.9,exact_mw,a17a1dfb4cb0509fbcf9caf9ce6f4704b111f022b15740e51c84c2b7e14a6407,"{""distance"":7,""physical_error_rate"":0.001}","{""detection_events"":7532,""detectors_checked"":1579648}"
       120,         2,         0,    11.7,exact_mw,73653d459d83448bea9c32985aa9fd156ebef5824b05d1ed55d386d98a968072,"{""distance"":7,""physical_error_rate"":0.01}","{""detection_events"":3379,""detectors_checked"":72240,""obs_mistake_mask=E"":2}"
       128,         0,         0,    2.09,exact_mw,a7c002779361d29bb296963a23dd35d34b706f38009a8e2e2f5aee9a5ee0acdb,"{""distance"":7,""physical_error_rate"":0.005}","{""detection_events"":1857,""detectors_checked"":77056}"
    192512,         0,         0,    4.26,exact_mw,fb98ac5f0d986856d2cb4e87c937a37162f60383230d2323a40d4b2e77ef556c,"{""distance"":7,""physical_error_rate"":0.0002}","{""detection_events"":115762,""detectors_checked"":115892224}"
      3072,         0,         0,    3.20,exact_mw,8973b2281876bd917be29e6214e197de75d185bf3f5e531e264555f10574746e,"{""distance"":7,""physical_error_rate"":0.0005}","{""detection_events"":4603,""detectors_checked"":1849344}"
       512,         0,         0,    1.95,exact_mw,f9daf7670c28e8b8b7ac9af8e1984263f26063cb589f7a54f43332f7ce5001d2,"{""distance"":7,""physical_error_rate"":0.002}","{""detection_events"":3143,""detectors_checked"":308224}"
    381952,         0,         0,    3.04,exact_mw,590a535fae2c18c7445aa3259c8038467453e1d6a10b68541c755b2dcb29eb74,"{""distance"":7,""physical_error_rate"":5e-05}","{""detection_events"":56107,""detectors_checked"":229935104}"
    346112,         0,         0,    4.26,exact_mw,590a535fae2c18c7445aa3259c8038467453e1d6a10b68541c755b2dcb29eb74,"{""distance"":7,""physical_error_rate"":5e-05}","{""detection_events"":52100,""detectors_checked"":208359424}"
       232,         0,         0,    17.7,exact_mw,a7c002779361d29bb296963a23dd35d34b706f38009a8e2e2f5aee9a5ee0acdb,"{""distance"":7,""physical_error_rate"":0.005}","{""detection_events"":3075,""detectors_checked"":139664}"
       192,         0,         0,    2.54,exact_mw,a7c002779361d29bb296963a23dd35d34b706f38009a8e2e2f5aee9a5ee0acdb,"{""distance"":7,""physical_error_rate"":0.005}","{""detection_events"":2860,""detectors_checked"":115584}"
      6144,         0,         0,    3.26,exact_mw,a17a1dfb4cb0509fbcf9caf9ce6f4704b111f022b15740e51c84c2b7e14a6407,"{""distance"":7,""physical_error_rate"":0.001}","{""detection_events"":18364,""detectors_checked"":3698688}"
       192,         0,         0,    1.99,exact_mw,a7c002779361d29bb296963a23dd35d34b706f38009a8e2e2f5aee9a5ee0acdb,"{""distance"":7,""physical_error_rate"":0.005}","{""detection_events"":2856,""detectors_checked"":115584}"
       512,         1,         0,    2.03,exact_mw,f9daf7670c28e8b8b7ac9af8e1984263f26063cb589f7a54f43332f7ce5001d2,"{""distance"":7,""physical_error_rate"":0.002}","{""detection_events"":3031,""detectors_checked"":308224,""obs_mistake_mask=E"":1}"
       544,        24,         0,    17.0,exact_mw,834abdd41b1b65931acfd3ee091dfffbb9772582814260e519c7dbaf7b14ebec,"{""distance"":7,""physical_error_rate"":0.02}","{""detection_events"":28404,""detectors_checked"":327488,""obs_mistake_mask=E"":24}"
       128,         0,         0,    2.29,exact_mw,a7c002779361d29bb296963a23dd35d34b706f38009a8e2e2f5aee9a5ee0acdb,"{""distance"":7,""physical_error_rate"":0.005}","{""detection_events"":1842,""detectors_checked"":77056}"
      6912,         1,         0,    16.9,exact_mw,a17a1dfb4cb0509fbcf9caf9ce6f4704b111f022b15740e51c84c2b7e14a6407,"{""distance"":7,""physical_error_rate"":0.001}","{""detection_events"":20289,""detectors_checked"":4161024,""obs_mistake_mask=E"":1}"
    433152,         0,         0,    5.94,exact_mw,c5b9b378753080b028cc9d6f4434ddf95ab0a61b3333c7295fd718d5436747fc,"{""distance"":7,""physical_error_rate"":0.0001}","{""detection_events"":129419,""detectors_checked"":260757504}"
     21504,         0,         0,    4.30,exact_mw,8973b2281876bd917be29e6214e197de75d185bf3f5e531e264555f10574746e,"{""distance"":7,""physical_error_rate"":0.0005}","{""detection_events"":31415,""detectors_checked"":12945408}"
    208896,         0,         0,    4.29,exact_mw,590a535fae2c18c7445aa3259c8038467453e1d6a10b68541c755b2dcb29eb74,"{""distance"":7,""physical_error_rate"":5e-05}","{""detection_events"":30490,""detectors_checked"":125755392}"
        48,         5,         0,    5.22,exact_mw,834abdd41b1b65931acfd3ee091dfffbb9772582814260e519c7dbaf7b14ebec,"{""distance"":7,""physical_error_rate"":0.02}","{""detection_events"":2582,""detectors_checked"":28896,""obs_mistake_mask=E"":5}"
       192,         0,         0,    2.88,exact_mw,a7c002779361d29bb296963a23dd35d34b706f38009a8e2e2f5aee9a5ee0acdb,"{""distance"":7,""physical_error_rate"":0.005}","{""detection_events"":2702,""detectors_checked"":115584}"
         1,         0,         0,   0.006,exact_mw,a7c002779361d29bb296963a23dd35d34b706f38009a8e2e2f5aee9a5ee0acdb,"{""distance"":7,""physical_error_rate"":0.005}","{""detection_events"":23,""detectors_checked"":602}"
       768,         0,         0,    2.90,exact_mw,f9daf7670c28e8b8b7ac9af8e1984263f26063cb589f7a54f43332f7ce5001d2,"{""distance"":7,""physical_error_rate"":0.002}","{""detection_events"":4422,""detectors_checked"":462336}"
        16,         0,         0,   0.199,exact_mw,a7c002779361d29bb296963a23dd35d34b706f38009a8e2e2f5aee9a5ee0acdb,"{""distance"":7,""physical_error_rate"":0.005}","{""detection_events"":227,""detectors_checked"":9632}"
   2359296,         0,         0,    22.8,exact_mw,590a535fae2c18c7445aa3259c8038467453e1d6a10b68541c755b2dcb29eb74,"{""distance"":7,""physical_error_rate"":5e-05}","{""detection_events"":349821,""detectors_checked"":1420296192}"
      6144,         0,         0,    4.64,exact_mw,a17a1dfb4cb0509fbcf9caf9ce6f4704b111f022b15740e51c84c2b7e14a6407,"{""distance"":7,""physical_error_rate"":0.001}","{""detection_events"":17694,""detectors_checked"":3698688}"
        32,         0,         0,   0.440,exact_mw,a7c002779361d29bb296963a23dd35d34b706f38009a8e2e2f5aee9a5ee0acdb,"{""distance"":7,""physical_error_rate"":0.005}","{""detection_events"":499,""detectors_checked"":19264}"
       128,         0,         0,    3.06,exact_mw,a7c002779361d29bb296963a23dd35d34b706f38009a8e2e2f5aee9a5ee0acdb,"{""distance"":7,""physical_error_rate"":0.005}","{""detection_events"":1910,""detectors_checked"":77056}"
    264192,         0,         0,    5.93,exact_mw,fb98ac5f0d986856d2cb4e87c937a37162f60383230d2323a40d4b2e77ef556c,"{""distance"":7,""physical_error_rate"":0.0002}","{""detection_events"":156669,""detectors_checked"":159043584}"
        32,         0,         0,   0.390,exact_mw,a7c002779361d29bb296963a23dd35d34b706f38009a8e2e2f5aee9a5ee0acdb,"{""distance"":7,""physical_error_rate"":0.005}","{""detection_events"":477,""detectors_checked"":19264}"
    476160,         0,         0,    5.93,exact_mw,590a535fae2c18c7445aa3259c8038467453e1d6a10b68541c755b2dcb29eb74,"{""distance"":7,""physical_error_rate"":5e-05}","{""detection_events"":69867,""detectors_checked"":286648320}"
        32,         0,         0,   0.319,exact_mw,a7c002779361d29bb296963a23dd35d34b706f38009a8e2e2f5aee9a5ee0acdb,"{""distance"":7,""physical_error_rate"":0.005}","{""detection_events"":406,""detectors_checked"":19264}"
        32,         0,         0,   0.467,exact_mw,a7c002779361d29bb296963a23dd35d34b706f38009a8e2e2f5aee9a5ee0acdb,"{""distance"":7,""physical_error_rate"":0.005}","{""detection_events"":481,""detectors_checked"":19264}"
        32,         0,         0,   0.425,exact_mw,a7c002779361d29bb296963a23dd35d34b706f38009a8e2e2f5aee9a5ee0acdb,"{""distance"":7,""physical_error_rate"":0.005}","{""detection_events"":413,""detectors_checked"":19264}"
        32,         0,         0,   0.471,exact_mw,a7c002779361d29bb296963a23dd35d34b706f38009a8e2e2f5aee9a5ee0acdb,"{""distance"":7,""physical_error_rate"":0.005}","{""detection_events"":483,""detectors_checked"":19264}"
        12,         0,         0,    3.21,exact_mw,834abdd41b1b65931acfd3ee091dfffbb9772582814260e519c7dbaf7b14ebec,"{""distance"":7,""physical_error_rate"":0.02}","{""detection_events"":565,""detectors_checked"":7224}"
    550912,         0,         0,    16.3,exact_mw,fb98ac5f0d986856d2cb4e87c937a37162f60383230d2323a40d4b2e77ef556c,"{""distance"":7,""physical_error_rate"":0.0002}","{""detection_events"":327065,""detectors_checked"":331649024}"
        32,         0,         0,   0.402,exact_mw,a7c002779361d29bb296963a23dd35d34b706f38009a8e2e2f5aee9a5ee0acdb,"{""distance"":7,""physical_error_rate"":0.005}","{""detection_events"":471,""detectors_checked"":19264}"
        32,         0,         0,   0.453,exact_mw,a7c002779361d29bb296963a23dd35d34b706f38009a8e2e2f5aee9a5ee0acdb,"{""distance"":7,""physical_error_rate"":0.005}","{""detection_events"":435,""detectors_checked"":19264}"
       256,         0,         0,    3.94,exact_mw,a7c002779361d29bb296963a23dd35d34b706f38009a8e2e2f5aee9a5ee0acdb,"{""distance"":7,""physical_error_rate"":0.005}","{""detection_events"":3675,""detectors_checked"":154112}"
      1024,         0,         0,    3.88,exact_mw,f9daf7670c28e8b8b7ac9af8e1984263f26063cb589f7a54f43332f7ce5001d2,"{""distance"":7,""physical_error_rate"":0.002}","{""detection_events"":6238,""detectors_checked"":616448}"
        32,         0,         0,   0.423,exact_mw,a7c002779361d29bb296963a23dd35d34b706f38009a8e2e2f5aee9a5ee0acdb,"{""distance"":7,""physical_error_rate"":0.005}","{""detection_events"":460,""detectors_checked"":19264}"
        32,         0,         0,   0.546,exact_mw,a7c002779361d29bb296963a23dd35d34b706f38009a8e2e2f5aee9a5ee0acdb,"{""distance"":7,""physical_error_rate"":0.005}","{""detection_events"":526,""detectors_checked"":19264}"
      1632,         4,         0,    23.4,exact_mw,a7c002779361d29bb296963a23dd35d34b706f38009a8e2e2f5aee9a5ee0acdb,"{""distance"":7,""physical_error_rate"":0.005}","{""detection_events"":23543,""detectors_checked"":982464,""obs_mistake_mask=E"":4}"
    108544,         0,         0,    16.4,exact_mw,8973b2281876bd917be29e6214e197de75d185bf3f5e531e264555f10574746e,"{""distance"":7,""physical_error_rate"":0.0005}","{""detection_events"":159874,""detectors_checked"":65343488}"
   1754112,         0,         0,    22.7,exact_mw,c5b9b378753080b028cc9d6f4434ddf95ab0a61b3333c7295fd718d5436747fc,"{""distance"":7,""physical_error_rate"":0.0001}","{""detection_events"":519322,""detectors_checked"":1055975424}"
       192,         0,         0,    4.53,exact_mw,a7c002779361d29bb296963a23dd35d34b706f38009a8e2e2f5aee9a5ee0acdb,"{""distance"":7,""physical_error_rate"":0.005}","{""detection_events"":2912,""detectors_checked"":115584}"
     40960,         0,         0,    6.05,exact_mw,8973b2281876bd917be29e6214e197de75d185bf3f5e531e264555f10574746e,"{""distance"":7,""physical_error_rate"":0.0005}","{""detection_events"":60035,""detectors_checked"":24657920}"
     63488,         0,         0,    5.85,exact_mw,590a535fae2c18c7445aa3259c8038467453e1d6a10b68541c755b2dcb29eb74,"{""distance"":7,""physical_error_rate"":5e-05}","{""detection_events"":9480,""detectors_checked"":38219776}"
        64,         0,         0,   0.919,exact_mw,a7c002779361d29bb296963a23dd35d34b706f38009a8e2e2f5aee9a5ee0acdb,"{""distance"":7,""physical_error_rate"":0.005}","{""detection_events"":902,""detectors_checked"":38528}"
   1227776,         0,         0,    22.8,exact_mw,fb98ac5f0d986856d2cb4e87c937a37162f60383230d2323a40d4b2e77ef556c,"{""distance"":7,""physical_error_rate"":0.0002}","{""detection_events"":727977,""detectors_checked"":739121152}"
        96,         0,         0,    1.15,exact_mw,a7c002779361d29bb296963a23dd35d34b706f38009a8e2e2f5aee9a5ee0acdb,"{""distance"":7,""physical_error_rate"":0.005}","{""detection_events"":1355,""detectors_checked"":57792}"
      7168,         0,         0,    6.25,exact_mw,a17a1dfb4cb0509fbcf9caf9ce6f4704b111f022b15740e51c84c2b7e14a6407,"{""distance"":7,""physical_error_rate"":0.001}","{""detection_events"":21113,""detectors_checked"":4315136}"
   1051648,         0,         0,    22.9,exact_mw,fb98ac5f0d986856d2cb4e87c937a37162f60383230d2323a40d4b2e77ef556c,"{""distance"":7,""physical_error_rate"":0.0002}","{""detection_events"":623397,""detectors_checked"":633092096}"
    178176,         0,         0,    23.0,exact_mw,8973b2281876bd917be29e6214e197de75d185bf3f5e531e264555f10574746e,"{""distance"":7,""physical_error_rate"":0.0005}","{""detection_events"":263824,""detectors_checked"":107261952}"
       640,         7,         0,    17.2,exact_mw,73653d459d83448bea9c32985aa9fd156ebef5824b05d1ed55d386d98a968072,"{""distance"":7,""physical_error_rate"":0.01}","{""detection_events"":17405,""detectors_checked"":385280,""obs_mistake_mask=E"":7}"
        16,         1,         0,    4.44,exact_mw,834abdd41b1b65931acfd3ee091dfffbb9772582814260e519c7dbaf7b14ebec,"{""distance"":7,""physical_error_rate"":0.02}","{""detection_events"":805,""detectors_checked"":9632,""obs_mistake_mask=E"":1}"
    604160,         0,         0,    8.30,exact_mw,c5b9b378753080b028cc9d6f4434ddf95ab0a61b3333c7295fd718d5436747fc,"{""distance"":7,""physical_error_rate"":0.0001}","{""detection_events"":177689,""detectors_checked"":363704320}"
         1,         0,         0,   0.299,exact_mw,73653d459d83448bea9c32985aa9fd156ebef5824b05d1ed55d386d98a968072,"{""distance"":7,""physical_error_rate"":0.01}","{""detection_events"":34,""detectors_checked"":602}"
   1024000,         0,         0,    22.8,exact_mw,c5b9b378753080b028cc9d6f4434ddf95ab0a61b3333c7295fd718d5436747fc,"{""distance"":7,""physical_error_rate"":0.0001}","{""detection_events"":302445,""detectors_checked"":616448000}"
         2,         0,         0,   0.545,exact_mw,73653d459d83448bea9c32985aa9fd156ebef5824b05d1ed55d386d98a968072,"{""distance"":7,""physical_error_rate"":0.01}","{""detection_events"":51,""detectors_checked"":1204}"
        96,         1,         0,    1.60,exact_mw,a7c002779361d29bb296963a23dd35d34b706f38009a8e2e2f5aee9a5ee0acdb,"{""distance"":7,""physical_error_rate"":0.005}","{""detection_events"":1391,""detectors_checked"":57792,""obs_mistake_mask=E"":1}"
         2,         0,         0,   0.302,exact_mw,73653d459d83448bea9c32985aa9fd156ebef5824b05d1ed55d386d98a968072,"{""distance"":7,""physical_error_rate"":0.01}","{""detection_events"":48,""detectors_checked"":1204}"
       320,         0,         0,    4.86,exact_mw,a7c002779361d29bb296963a23dd35d34b706f38009a8e2e2f5aee9a5ee0acdb,"{""distance"":7,""physical_error_rate"":0.005}","{""detection_events"":4549,""detectors_checked"":192640}"
         2,         0,         0,   0.310,exact_mw,73653d459d83448bea9c32985aa9fd156ebef5824b05d1ed55d386d98a968072,"{""distance"":7,""physical_error_rate"":0.01}","{""detection_events"":35,""detectors_checked"":1204}"
      1280,         0,         0,    5.00,exact_mw,f9daf7670c28e8b8b7ac9af8e1984263f26063cb589f7a54f43332f7ce5001d2,"{""distance"":7,""physical_error_rate"":0.002}","{""detection_events"":7482,""detectors_checked"":770560}"
      4352,         0,         0,    16.8,exact_mw,f9daf7670c28e8b8b7ac9af8e1984263f26063cb589f7a54f43332f7ce5001d2,"{""distance"":7,""physical_error_rate"":0.002}","{""detection_events"":25026,""detectors_checked"":2619904}"
         2,         0,         0,   0.383,exact_mw,73653d459d83448bea9c32985aa9fd156ebef5824b05d1ed55d386d98a968072,"{""distance"":7,""physical_error_rate"":0.01}","{""detection_events"":76,""detectors_checked"":1204}"
    326656,         0,         0,    22.9,exact_mw,590a535fae2c18c7445aa3259c8038467453e1d6a10b68541c755b2dcb29eb74,"{""distance"":7,""physical_error_rate"":5e-05}","{""detection_events"":48346,""detectors_checked"":196646912}"
   1888256,         0,         0,    22.8,exact_mw,c5b9b378753080b028cc9d6f4434ddf95ab0a61b3333c7295fd718d5436747fc,"{""distance"":7,""physical_error_rate"":0.0001}","{""detection_events"":561068,""detectors_checked"":1136730112}"
   1717248,         1,         0,    22.8,exact_mw,c5b9b378753080b028cc9d6f4434ddf95ab0a61b3333c7295fd718d5436747fc,"{""distance"":7,""physical_error_rate"":0.0001}","{""detection_events"":508958,""detectors_checked"":1033783296,""obs_mistake_mask=E"":1}"
    374784,         1,         0,    8.29,exact_mw,fb98ac5f0d986856d2cb4e87c937a37162f60383230d2323a40d4b2e77ef556c,"{""distance"":7,""physical_error_rate"":0.0002}","{""detection_events"":222262,""detectors_checked"":225619968,""obs_mistake_mask=E"":1}"
         2,         0,         0,   0.576,exact_mw,73653d459d83448bea9c32985aa9fd156ebef5824b05d1ed55d386d98a968072,"{""distance"":7,""physical_error_rate"":0.01}","{""detection_events"":41,""detectors_checked"":1204}"
    663552,         0,         0,    8.29,exact_mw,590a535fae2c18c7445aa3259c8038467453e1d6a10b68541c755b2dcb29eb74,"{""distance"":7,""physical_error_rate"":5e-05}","{""detection_events"":99256,""detectors_checked"":399458304}"
      4096,         1,         0,    17.7,exact_mw,f9daf7670c28e8b8b7ac9af8e1984263f26063cb589f7a54f43332f7ce5001d2,"{""distance"":7,""physical_error_rate"":0.002}","{""detection_events"":23902,""detectors_checked"":2465792,""obs_mistake_mask=E"":1}"
        68,         4,         0,    17.5,exact_mw,834abdd41b1b65931acfd3ee091dfffbb9772582814260e519c7dbaf7b14ebec,"{""distance"":7,""physical_error_rate"":0.02}","{""detection_events"":3601,""detectors_checked"":40936,""obs_mistake_mask=E"":4}"
        96,         0,         0,    1.62,exact_mw,a7c002779361d29bb296963a23dd35d34b706f38009a8e2e2f5aee9a5ee0acdb,"{""distance"":7,""physical_error_rate"":0.005}","{""detection_events"":1359,""detectors_checked"":57792}"
         2,         0,         0,   0.384,exact_mw,73653d459d83448bea9c32985aa9fd156ebef5824b05d1ed55d386d98a968072,"{""distance"":7,""physical_error_rate"":0.01}","{""detection_events"":56,""detectors_checked"":1204}"
    862208,         1,         0,    22.9,exact_mw,fb98ac5f0d986856d2cb4e87c937a37162f60383230d2323a40d4b2e77ef556c,"{""distance"":7,""physical_error_rate"":0.0002}","{""detection_events"":510520,""detectors_checked"":519049216,""obs_mistake_mask=E"":1}"
    161792,         1,         0,    23.0,exact_mw,8973b2281876bd917be29e6214e197de75d185bf3f5e531e264555f10574746e,"{""distance"":7,""physical_error_rate"":0.0005}","{""detection_events"":238351,""detectors_checked"":97398784,""obs_mistake_mask=E"":1}"
         2,         0,         0,   0.637,exact_mw,73653d459d83448bea9c32985aa9fd156ebef5824b05d1ed55d386d98a968072,"{""distance"":7,""physical_error_rate"":0.01}","{""detection_events"":42,""detectors_checked"":1204}"
    534528,         0,         0,    22.7,exact_mw,590a535fae2c18c7445aa3259c8038467453e1d6a10b68541c755b2dcb29eb74,"{""distance"":7,""physical_error_rate"":5e-05}","{""detection_events"":78720,""detectors_checked"":321785856}"
    146432,         0,         0,    23.0,exact_mw,8973b2281876bd917be29e6214e197de75d185bf3f5e531e264555f10574746e,"{""distance"":7,""physical_error_rate"":0.0005}","{""detection_events"":216366,""detectors_checked"":88152064}"
         2,         0,         0,   0.578,exact_mw,73653d459d83448bea9c32985aa9fd156ebef5824b05d1ed55d386d98a968072,"{""distance"":7,""physical_error_rate"":0.01}","{""detection_events"":59,""detectors_checked"":1204}"
     18048,         1,         0,    16.8,exact_mw,a17a1dfb4cb0509fbcf9caf9ce6f4704b111f022b15740e51c84c2b7e14a6407,"{""distance"":7,""physical_error_rate"":0.001}","{""detection_events"":53279,""detectors_checked"":10864896,""obs_mistake_mask=E"":1}"
       640,         4,         0,    16.4,exact_mw,73653d459d83448bea9c32985aa9fd156ebef5824b05d1ed55d386d98a968072,"{""distance"":7,""physical_error_rate"":0.01}","{""detection_events"":17569,""detectors_checked"":385280,""obs_mistake_mask=E"":4}"
       320,         0,         0,    6.43,exact_mw,a7c002779361d29bb296963a23dd35d34b706f38009a8e2e2f5aee9a5ee0acdb,"{""distance"":7,""physical_error_rate"":0.005}","{""detection_events"":4423,""detectors_checked"":192640}"
         2,         0,         0,   0.634,exact_mw,73653d459d83448bea9c32985aa9fd156ebef5824b05d1ed55d386d98a968072,"{""distance"":7,""physical_error_rate"":0.01}","{""detection_events"":51,""detectors_checked"":1204}"
       160,         0,         0,    2.29,exact_mw,a7c002779361d29bb296963a23dd35d34b706f38009a8e2e2f5aee9a5ee0acdb,"{""distance"":7,""physical_error_rate"":0.005}","{""detection_events"":2244,""detectors_checked"":96320}"
         2,         0,         0,   0.578,exact_mw,73653d459d83448bea9c32985aa9fd156ebef5824b05d1ed55d386d98a968072,"{""distance"":7,""physical_error_rate"":0.01}","{""detection_events"":64,""detectors_checked"":1204}"
         4,         0,         0,   0.959,exact_mw,73653d459d83448bea9c32985aa9fd156ebef5824b05d1ed55d386d98a968072,"{""distance"":7,""physical_error_rate"":0.01}","{""detection_events"":108,""detectors_checked"":2408}"
       992,         9,         0,    23.0,exact_mw,73653d459d83448bea9c32985aa9fd156ebef5824b05d1ed55d386d98a968072,"{""distance"":7,""physical_error_rate"":0.01}","{""detection_events"":27451,""detectors_checked"":597184,""obs_mistake_mask=E"":9}"
     58368,         0,         0,    8.39,exact_mw,8973b2281876bd917be29e6214e197de75d185bf3f5e531e264555f10574746e,"{""distance"":7,""physical_error_rate"":0.0005}","{""detection_events"":87029,""detectors_checked"":35137536}"
     84992,         0,         0,    8.44,exact_mw,590a535fae2c18c7445aa3259c8038467453e1d6a10b68541c755b2dcb29eb74,"{""distance"":7,""physical_error_rate"":5e-05}","{""detection_events"":12324,""detectors_checked"":51165184}"
      6656,         0,         0,    23.4,exact_mw,f9daf7670c28e8b8b7ac9af8e1984263f26063cb589f7a54f43332f7ce5001d2,"{""distance"":7,""physical_error_rate"":0.002}","{""detection_events"":38820,""detectors_checked"":4006912}"
         4,         0,         0,   0.704,exact_mw,73653d459d83448bea9c32985aa9fd156ebef5824b05d1ed55d386d98a968072,"{""distance"":7,""physical_error_rate"":0.01}","{""detection_events"":122,""detectors_checked"":2408}"
        24,         1,         0,    7.03,exact_mw,834abdd41b1b65931acfd3ee091dfffbb9772582814260e519c7dbaf7b14ebec,"{""distance"":7,""physical_error_rate"":0.02}","{""detection_events"":1266,""detectors_checked"":14448,""obs_mistake_mask=E"":1}"
       672,        24,         0,    23.5,exact_mw,834abdd41b1b65931acfd3ee091dfffbb9772582814260e519c7dbaf7b14ebec,"{""distance"":7,""physical_error_rate"":0.02}","{""detection_events"":34710,""detectors_checked"":404544,""obs_mistake_mask=E"":24}"
     28672,         0,         0,    23.9,exact_mw,a17a1dfb4cb0509fbcf9caf9ce6f4704b111f022b15740e51c84c2b7e14a6407,"{""distance"":7,""physical_error_rate"":0.001}","{""detection_events"":85528,""detectors_checked"":17260544}"
    158720,         1,         0,    23.1,exact_mw,8973b2281876bd917be29e6214e197de75d185bf3f5e531e264555f10574746e,"{""distance"":7,""physical_error_rate"":0.0005}","{""detection_events"":234841,""detectors_checked"":95549440,""obs_mistake_mask=E"":1}"
      1536,         2,         0,    23.1,exact_mw,a7c002779361d29bb296963a23dd35d34b706f38009a8e2e2f5aee9a5ee0acdb,"{""distance"":7,""physical_error_rate"":0.005}","{""detection_events"":21666,""detectors_checked"":924672,""obs_mistake_mask=E"":2}"
       448,         2,         0,    6.38,exact_mw,a7c002779361d29bb296963a23dd35d34b706f38009a8e2e2f5aee9a5ee0acdb,"{""distance"":7,""physical_error_rate"":0.005}","{""detection_events"":6190,""detectors_checked"":269696,""obs_mistake_mask=E"":2}"
       216,         5,         0,    24.1,exact_mw,834abdd41b1b65931acfd3ee091dfffbb9772582814260e519c7dbaf7b14ebec,"{""distance"":7,""physical_error_rate"":0.02}","{""detection_events"":11219,""detectors_checked"":130032,""obs_mistake_mask=E"":5}"
      1536,         0,         0,    6.18,exact_mw,f9daf7670c28e8b8b7ac9af8e1984263f26063cb589f7a54f43332f7ce5001d2,"{""distance"":7,""physical_error_rate"":0.002}","{""detection_events"":9203,""detectors_checked"":924672}"
       192,         0,         0,    3.16,exact_mw,a7c002779361d29bb296963a23dd35d34b706f38009a8e2e2f5aee9a5ee0acdb,"{""distance"":7,""physical_error_rate"":0.005}","{""detection_events"":2766,""detectors_checked"":115584}"
         6,         0,         0,    1.36,exact_mw,73653d459d83448bea9c32985aa9fd156ebef5824b05d1ed55d386d98a968072,"{""distance"":7,""physical_error_rate"":0.01}","{""detection_events"":153,""detectors_checked"":3612}"
    416768,         0,         0,    23.4,exact_mw,fb98ac5f0d986856d2cb4e87c937a37162f60383230d2323a40d4b2e77ef556c,"{""distance"":7,""physical_error_rate"":0.0002}","{""detection_events"":247357,""detectors_checked"":250894336}"
     11264,         0,         0,    8.91,exact_mw,a17a1dfb4cb0509fbcf9caf9ce6f4704b111f022b15740e51c84c2b7e14a6407,"{""distance"":7,""physical_error_rate"":0.001}","{""detection_events"":33536,""detectors_checked"":6780928}"
     26624,         0,         0,    23.1,exact_mw,a17a1dfb4cb0509fbcf9caf9ce6f4704b111f022b15740e51c84c2b7e14a6407,"{""distance"":7,""physical_error_rate"":0.001}","{""detection_events"":77744,""detectors_checked"":16027648}"
       608,        28,         0,    23.0,exact_mw,834abdd41b1b65931acfd3ee091dfffbb9772582814260e519c7dbaf7b14ebec,"{""distance"":7,""physical_error_rate"":0.02}","{""detection_events"":31933,""detectors_checked"":366016,""obs_mistake_mask=E"":28}"
       273,         0,         0,   0.103,exact_mw,8973b2281876bd917be29e6214e197de75d185bf3f5e531e264555f10574746e,"{""distance"":7,""physical_error_rate"":0.0005}","{""detection_events"":422,""detectors_checked"":164346}"
      1297,         0,         0,   0.026,exact_mw,fb98ac5f0d986856d2cb4e87c937a37162f60383230d2323a40d4b2e77ef556c,"{""distance"":7,""physical_error_rate"":0.0002}","{""detection_events"":733,""detectors_checked"":780794}"
      2048,         0,         0,   0.029,exact_mw,fb98ac5f0d986856d2cb4e87c937a37162f60383230d2323a40d4b2e77ef556c,"{""distance"":7,""physical_error_rate"":0.0002}","{""detection_events"":1161,""detectors_checked"":1232896}"
         8,         0,         0,    1.48,exact_mw,73653d459d83448bea9c32985aa9fd156ebef5824b05d1ed55d386d98a968072,"{""distance"":7,""physical_error_rate"":0.01}","{""detection_events"":214,""detectors_checked"":4816}"
     28672,         1,         0,    23.8,exact_mw,a17a1dfb4cb0509fbcf9caf9ce6f4704b111f022b15740e51c84c2b7e14a6407,"{""distance"":7,""physical_error_rate"":0.001}","{""detection_events"":84755,""detectors_checked"":17260544,""obs_mistake_mask=E"":1}"
      1024,         0,         0,   0.192,exact_mw,8973b2281876bd917be29e6214e197de75d185bf3f5e531e264555f10574746e,"{""distance"":7,""physical_error_rate"":0.0005}","{""detection_events"":1495,""detectors_checked"":616448}"
      1024,         0,         0,   0.028,exact_mw,fb98ac5f0d986856d2cb4e87c937a37162f60383230d2323a40d4b2e77ef556c,"{""distance"":7,""physical_error_rate"":0.0002}","{""detection_events"":616,""detectors_checked"":616448}"
      1024,         0,         0,   0.034,exact_mw,fb98ac5f0d986856d2cb4e87c937a37162f60383230d2323a40d4b2e77ef556c,"{""distance"":7,""physical_error_rate"":0.0002}","{""detection_events"":645,""detectors_checked"":616448}"
      2048,         0,         0,   0.032,exact_mw,fb98ac5f0d986856d2cb4e87c937a37162f60383230d2323a40d4b2e77ef556c,"{""distance"":7,""physical_error_rate"":0.0002}","{""detection_events"":1145,""detectors_checked"":1232896}"
      1024,         0,         0,   0.114,exact_mw,8973b2281876bd917be29e6214e197de75d185bf3f5e531e264555f10574746e,"{""distance"":7,""physical_error_rate"":0.0005}","{""detection_events"":1469,""detectors_checked"":616448}"
      5888,         1,         0,    23.1,exact_mw,f9daf7670c28e8b8b7ac9af8e1984263f26063cb589f7a54f43332f7ce5001d2,"{""distance"":7,""physical_error_rate"":0.002}","{""detection_events"":35391,""detectors_checked"":3544576,""obs_mistake_mask=E"":1}"
      2048,         0,         0,   0.057,exact_mw,fb98ac5f0d986856d2cb4e87c937a37162f60383230d2323a40d4b2e77ef556c,"{""distance"":7,""physical_error_rate"":0.0002}","{""detection_events"":1175,""detectors_checked"":1232896}"
       928,         9,         0,    23.3,exact_mw,73653d459d83448bea9c32985aa9fd156ebef5824b05d1ed55d386d98a968072,"{""distance"":7,""physical_error_rate"":0.01}","{""detection_events"":25915,""detectors_checked"":558656,""obs_mistake_mask=E"":9}"
         1,         0,         0,   0.001,exact_mw,c5b9b378753080b028cc9d6f4434ddf95ab0a61b3333c7295fd718d5436747fc,"{""distance"":7,""physical_error_rate"":0.0001}","{""detectors_checked"":602}"
      2320,         0,         0,   0.029,exact_mw,c5b9b378753080b028cc9d6f4434ddf95ab0a61b3333c7295fd718d5436747fc,"{""distance"":7,""physical_error_rate"":0.0001}","{""detection_events"":699,""detectors_checked"":1396640}"
      1024,         0,         0,   0.105,exact_mw,8973b2281876bd917be29e6214e197de75d185bf3f5e531e264555f10574746e,"{""distance"":7,""physical_error_rate"":0.0005}","{""detection_events"":1535,""detectors_checked"":616448}"
      5120,         0,         0,   0.073,exact_mw,fb98ac5f0d986856d2cb4e87c937a37162f60383230d2323a40d4b2e77ef556c,"{""distance"":7,""physical_error_rate"":0.0002}","{""detection_events"":3043,""detectors_checked"":3082240}"
      2048,         0,         0,   0.029,exact_mw,c5b9b378753080b028cc9d6f4434ddf95ab0a61b3333c7295fd718d5436747fc,"{""distance"":7,""physical_error_rate"":0.0001}","{""detection_events"":700,""detectors_checked"":1232896}"
         1,         0,         0,   0.001,exact_mw,a17a1dfb4cb0509fbcf9caf9ce6f4704b111f022b15740e51c84c2b7e14a6407,"{""distance"":7,""physical_error_rate"":0.001}","{""detectors_checked"":602}"
      3072,         0,         0,   0.035,exact_mw,c5b9b378753080b028cc9d6f4434ddf95ab0a61b3333c7295fd718d5436747fc,"{""distance"":7,""physical_error_rate"":0.0001}","{""detection_events"":920,""detectors_checked"":1849344}"
      2048,         0,         0,   0.032,exact_mw,c5b9b378753080b028cc9d6f4434ddf95ab0a61b3333c7295fd718d5436747fc,"{""distance"":7,""physical_error_rate"":0.0001}","{""detection_events"":687,""detectors_checked"":1232896}"
      1024,         0,         0,   0.108,exact_mw,8973b2281876bd917be29e6214e197de75d185bf3f5e531e264555f10574746e,"{""distance"":7,""physical_error_rate"":0.0005}","{""detection_events"":1507,""detectors_checked"":616448}"
      4096,         0,         0,   0.113,exact_mw,fb98ac5f0d986856d2cb4e87c937a37162f60383230d2323a40d4b2e77ef556c,"{""distance"":7,""physical_error_rate"":0.0002}","{""detection_events"":2369,""detectors_checked"":2465792}"
      5120,         0,         0,   0.059,exact_mw,c5b9b378753080b028cc9d6f4434ddf95ab0a61b3333c7295fd718d5436747fc,"{""distance"":7,""physical_error_rate"":0.0001}","{""detection_events"":1599,""detectors_checked"":3082240}"
      6016,         1,         0,    23.2,exact_mw,f9daf7670c28e8b8b7ac9af8e1984263f26063cb589f7a54f43332f7ce5001d2,"{""distance"":7,""physical_error_rate"":0.002}","{""detection_events"":35300,""detectors_checked"":3621632,""obs_mistake_mask=E"":1}"
      6144,         0,         0,   0.038,exact_mw,c5b9b378753080b028cc9d6f4434ddf95ab0a61b3333c7295fd718d5436747fc,"{""distance"":7,""physical_error_rate"":0.0001}","{""detection_events"":1864,""detectors_checked"":3698688}"
      6144,         0,         0,   0.156,exact_mw,fb98ac5f0d986856d2cb4e87c937a37162f60383230d2323a40d4b2e77ef556c,"{""distance"":7,""physical_error_rate"":0.0002}","{""detection_events"":3374,""detectors_checked"":3698688}"
      1024,         0,         0,   0.185,exact_mw,8973b2281876bd917be29e6214e197de75d185bf3f5e531e264555f10574746e,"{""distance"":7,""physical_error_rate"":0.0005}","{""detection_events"":1493,""detectors_checked"":616448}"
       272,         0,         0,   0.243,exact_mw,a17a1dfb4cb0509fbcf9caf9ce6f4704b111f022b15740e51c84c2b7e14a6407,"{""distance"":7,""physical_error_rate"":0.001}","{""detection_events"":699,""detectors_checked"":163744}"
      9216,         0,         0,   0.109,exact_mw,c5b9b378753080b028cc9d6f4434ddf95ab0a61b3333c7295fd718d5436747fc,"{""distance"":7,""physical_error_rate"":0.0001}","{""detection_events"":2662,""detectors_checked"":5548032}"
      1024,         0,         0,   0.112,exact_mw,8973b2281876bd917be29e6214e197de75d185bf3f5e531e264555f10574746e,"{""distance"":7,""physical_error_rate"":0.0005}","{""detection_events"":1410,""detectors_checked"":616448}"
      8192,         0,         0,   0.215,exact_mw,fb98ac5f0d986856d2cb4e87c937a37162f60383230d2323a40d4b2e77ef556c,"{""distance"":7,""physical_error_rate"":0.0002}","{""detection_events"":4668,""detectors_checked"":4931584}"
      9216,         0,         0,   0.159,exact_mw,c5b9b378753080b028cc9d6f4434ddf95ab0a61b3333c7295fd718d5436747fc,"{""distance"":7,""physical_error_rate"":0.0001}","{""detection_events"":2848,""detectors_checked"":5548032}"
      1024,         0,         0,   0.138,exact_mw,8973b2281876bd917be29e6214e197de75d185bf3f5e531e264555f10574746e,"{""distance"":7,""physical_error_rate"":0.0005}","{""detection_events"":1477,""detectors_checked"":616448}"
       273,         0,         0,   0.011,exact_mw,590a535fae2c18c7445aa3259c8038467453e1d6a10b68541c755b2dcb29eb74,"{""distance"":7,""physical_error_rate"":5e-05}","{""detection_events"":35,""detectors_checked"":164346}"
         1,         0,         0,   0.040,exact_mw,834abdd41b1b65931acfd3ee091dfffbb9772582814260e519c7dbaf7b14ebec,"{""distance"":7,""physical_error_rate"":0.02}","{""detection_events"":60,""detectors_checked"":602}"
        17,         0,         0,   0.026,exact_mw,f9daf7670c28e8b8b7ac9af8e1984263f26063cb589f7a54f43332f7ce5001d2,"{""distance"":7,""physical_error_rate"":0.002}","{""detection_events"":71,""detectors_checked"":10234}"
       512,         0,         0,   0.411,exact_mw,a17a1dfb4cb0509fbcf9caf9ce6f4704b111f022b15740e51c84c2b7e14a6407,"{""distance"":7,""physical_error_rate"":0.001}","{""detection_events"":1605,""detectors_checked"":308224}"
      1024,         0,         0,   0.127,exact_mw,590a535fae2c18c7445aa3259c8038467453e1d6a10b68541c755b2dcb29eb74,"{""distance"":7,""physical_error_rate"":5e-05}","{""detection_events"":161,""detectors_checked"":616448}"
     16384,         0,         0,   0.213,exact_mw,c5b9b378753080b028cc9d6f4434ddf95ab0a61b3333c7295fd718d5436747fc,"{""distance"":7,""physical_error_rate"":0.0001}","{""detection_events"":4691,""detectors_checked"":9863168}"
      1024,         0,         0,   0.066,exact_mw,590a535fae2c18c7445aa3259c8038467453e1d6a10b68541c755b2dcb29eb74,"{""distance"":7,""physical_error_rate"":5e-05}","{""detection_events"":160,""detectors_checked"":616448}"
      2048,         0,         0,   0.226,exact_mw,8973b2281876bd917be29e6214e197de75d185bf3f5e531e264555f10574746e,"{""distance"":7,""physical_error_rate"":0.0005}","{""detection_events"":2937,""detectors_checked"":1232896}"
     13312,         0,         0,   0.310,exact_mw,fb98ac5f0d986856d2cb4e87c937a37162f60383230d2323a40d4b2e77ef556c,"{""distance"":7,""physical_error_rate"":0.0002}","{""detection_events"":8005,""detectors_checked"":8013824}"
      1024,         0,         0,   0.066,exact_mw,590a535fae2c18c7445aa3259c8038467453e1d6a10b68541c755b2dcb29eb74,"{""distance"":7,""physical_error_rate"":5e-05}","{""detection_events"":110,""detectors_checked"":616448}"
         8,         2,         0,   0.296,exact_mw,834abdd41b1b65931acfd3ee091dfffbb9772582814260e519c7dbaf7b14ebec,"{""distance"":7,""physical_error_rate"":0.02}","{""detection_events"":407,""detectors_checked"":4816,""obs_mistake_mask=E"":2}"
         1,         0,         0,   0.025,exact_mw,73653d459d83448bea9c32985aa9fd156ebef5824b05d1ed55d386d98a968072,"{""distance"":7,""physical_error_rate"":0.01}","{""detection_events"":29,""detectors_checked"":602}"
       512,         0,         0,   0.310,exact_mw,a17a1dfb4cb0509fbcf9caf9ce6f4704b111f022b15740e51c84c2b7e14a6407,"{""distance"":7,""physical_error_rate"":0.001}","{""detection_events"":1491,""detectors_checked"":308224}"
     22528,         0,         0,   0.291,exact_mw,c5b9b378753080b028cc9d6f4434ddf95ab0a61b3333c7295fd718d5436747fc,"{""distance"":7,""physical_error_rate"":0.0001}","{""detection_events"":6515,""detectors_checked"":13561856}"
      1024,         0,         0,   0.126,exact_mw,590a535fae2c18c7445aa3259c8038467453e1d6a10b68541c755b2dcb29eb74,"{""distance"":7,""physical_error_rate"":5e-05}","{""detection_events"":165,""detectors_checked"":616448}"
      1024,         0,         0,   0.213,exact_mw,8973b2281876bd917be29e6214e197de75d185bf3f5e531e264555f10574746e,"{""distance"":7,""physical_error_rate"":0.0005}","{""detection_events"":1643,""detectors_checked"":616448}"
        17,         0,         0,   0.165,exact_mw,a7c002779361d29bb296963a23dd35d34b706f38009a8e2e2f5aee9a5ee0acdb,"{""distance"":7,""physical_error_rate"":0.005}","{""detection_events"":210,""detectors_checked"":10234}"
      3072,         0,         0,   0.046,exact_mw,590a535fae2c18c7445aa3259c8038467453e1d6a10b68541c755b2dcb29eb74,"{""distance"":7,""physical_error_rate"":5e-05}","{""detection_events"":484,""detectors_checked"":1849344}"
      5120,         0,         0,   0.085,exact_mw,590a535fae2c18c7445aa3259c8038467453e1d6a10b68541c755b2dcb29eb74,"{""distance"":7,""physical_error_rate"":5e-05}","{""detection_events"":746,""detectors_checked"":3082240}"
     16384,         0,         0,   0.353,exact_mw,fb98ac5f0d986856d2cb4e87c937a37162f60383230d2323a40d4b2e77ef556c,"{""distance"":7,""physical_error_rate"":0.0002}","{""detection_events"":9591,""detectors_checked"":9863168}"
      6144,         0,         0,   0.109,exact_mw,590a535fae2c18c7445aa3259c8038467453e1d6a10b68541c755b2dcb29eb74,"{""distance"":7,""physical_error_rate"":5e-05}","{""detection_events"":956,""detectors_checked"":3698688}"
       256,         0,         0,   0.756,exact_mw,f9daf7670c28e8b8b7ac9af8e1984263f26063cb589f7a54f43332f7ce5001d2,"{""distance"":7,""physical_error_rate"":0.002}","{""detection_events"":1416,""detectors_checked"":154112}"
        16,         0,         0,   0.398,exact_mw,73653d459d83448bea9c32985aa9fd156ebef5824b05d1ed55d386d98a968072,"{""distance"":7,""physical_error_rate"":0.01}","{""detection_events"":466,""detectors_checked"":9632}"
     22528,         0,         0,   0.403,exact_mw,c5b9b378753080b028cc9d6f4434ddf95ab0a61b3333c7295fd718d5436747fc,"{""distance"":7,""physical_error_rate"":0.0001}","{""detection_events"":6740,""detectors_checked"":13561856}"
     11264,         0,         0,   0.160,exact_mw,590a535fae2c18c7445aa3259c8038467453e1d6a10b68541c755b2dcb29eb74,"{""distance"":7,""physical_error_rate"":5e-05}","{""detection_events"":1570,""detectors_checked"":6780928}"
      3072,         0,         0,   0.411,exact_mw,8973b2281876bd917be29e6214e197de75d185bf3f5e531e264555f10574746e,"{""distance"":7,""physical_error_rate"":0.0005}","{""detection_events"":4424,""detectors_checked"":1849344}"
        16,         1,         0,   0.572,exact_mw,834abdd41b1b65931acfd3ee091dfffbb9772582814260e519c7dbaf7b14ebec,"{""distance"":7,""physical_error_rate"":0.02}","{""detection_events"":738,""detectors_checked"":9632,""obs_mistake_mask=E"":1}"
       512,         0,         0,   0.518,exact_mw,a17a1dfb4cb0509fbcf9caf9ce6f4704b111f022b15740e51c84c2b7e14a6407,"{""distance"":7,""physical_error_rate"":0.001}","{""detection_events"":1548,""detectors_checked"":308224}"
     17408,         0,         0,   0.212,exact_mw,590a535fae2c18c7445aa3259c8038467453e1d6a10b68541c755b2dcb29eb74,"{""distance"":7,""physical_error_rate"":5e-05}","{""detection_events"":2600,""detectors_checked"":10479616}"
        32,         1,         0,   0.601,exact_mw,a7c002779361d29bb296963a23dd35d34b706f38009a8e2e2f5aee9a5ee0acdb,"{""distance"":7,""physical_error_rate"":0.005}","{""detection_events"":485,""detectors_checked"":19264,""obs_mistake_mask=E"":1}"
     24576,         0,         0,   0.577,exact_mw,fb98ac5f0d986856d2cb4e87c937a37162f60383230d2323a40d4b2e77ef556c,"{""distance"":7,""physical_error_rate"":0.0002}","{""detection_events"":14587,""detectors_checked"":14794752}"
         8,         1,         0,    2.12,exact_mw,73653d459d83448bea9c32985aa9fd156ebef5824b05d1ed55d386d98a968072,"{""distance"":7,""physical_error_rate"":0.01}","{""detection_events"":265,""detectors_checked"":4816,""obs_mistake_mask=E"":1}"
        16,         0,         0,   0.464,exact_mw,73653d459d83448bea9c32985aa9fd156ebef5824b05d1ed55d386d98a968072,"{""distance"":7,""physical_error_rate"":0.01}","{""detection_events"":505,""detectors_checked"":9632}"
    841728,         0,         0,    11.6,exact_mw,c5b9b378753080b028cc9d6f4434ddf95ab0a61b3333c7295fd718d5436747fc,"{""distance"":7,""physical_error_rate"":0.0001}","{""detection_events"":250572,""detectors_checked"":506720256}"
      3072,         0,         0,   0.480,exact_mw,8973b2281876bd917be29e6214e197de75d185bf3f5e531e264555f10574746e,"{""distance"":7,""physical_error_rate"":0.0005}","{""detection_events"":4544,""detectors_checked"":1849344}"
     23552,         0,         0,   0.296,exact_mw,590a535fae2c18c7445aa3259c8038467453e1d6a10b68541c755b2dcb29eb74,"{""distance"":7,""physical_error_rate"":5e-05}","{""detection_events"":3559,""detectors_checked"":14178304}"
     41984,         0,         0,   0.579,exact_mw,c5b9b378753080b028cc9d6f4434ddf95ab0a61b3333c7295fd718d5436747fc,"{""distance"":7,""physical_error_rate"":0.0001}","{""detection_events"":12458,""detectors_checked"":25274368}"
       512,         0,         0,   0.517,exact_mw,a17a1dfb4cb0509fbcf9caf9ce6f4704b111f022b15740e51c84c2b7e14a6407,"{""distance"":7,""physical_error_rate"":0.001}","{""detection_events"":1473,""detectors_checked"":308224}"
        16,         0,         0,   0.569,exact_mw,834abdd41b1b65931acfd3ee091dfffbb9772582814260e519c7dbaf7b14ebec,"{""distance"":7,""physical_error_rate"":0.02}","{""detection_events"":795,""detectors_checked"":9632}"
       260,         0,         0,    23.9,exact_mw,a7c002779361d29bb296963a23dd35d34b706f38009a8e2e2f5aee9a5ee0acdb,"{""distance"":7,""physical_error_rate"":0.005}","{""detection_events"":3874,""detectors_checked"":156520}"
        16,         0,         0,   0.356,exact_mw,73653d459d83448bea9c32985aa9fd156ebef5824b05d1ed55d386d98a968072,"{""distance"":7,""physical_error_rate"":0.01}","{""detection_events"":378,""detectors_checked"":9632}"
     33792,         0,         0,   0.398,exact_mw,590a535fae2c18c7445aa3259c8038467453e1d6a10b68541c755b2dcb29eb74,"{""distance"":7,""physical_error_rate"":5e-05}","{""detection_events"":5117,""detectors_checked"":20342784}"
       512,         0,         0,   0.318,exact_mw,a17a1dfb4cb0509fbcf9caf9ce6f4704b111f022b15740e51c84c2b7e14a6407,"{""distance"":7,""physical_error_rate"":0.001}","{""detection_events"":1576,""detectors_checked"":308224}"
        32,         0,         0,   0.712,exact_mw,a7c002779361d29bb296963a23dd35d34b706f38009a8e2e2f5aee9a5ee0acdb,"{""distance"":7,""physical_error_rate"":0.005}","{""detection_events"":457,""detectors_checked"":19264}"
       256,         0,         0,    1.09,exact_mw,f9daf7670c28e8b8b7ac9af8e1984263f26063cb589f7a54f43332f7ce5001d2,"{""distance"":7,""physical_error_rate"":0.002}","{""detection_events"":1595,""detectors_checked"":154112}"
      4096,         0,         0,   0.581,exact_mw,8973b2281876bd917be29e6214e197de75d185bf3f5e531e264555f10574746e,"{""distance"":7,""physical_error_rate"":0.0005}","{""detection_events"":6120,""detectors_checked"":2465792}"
     36864,         0,         0,   0.807,exact_mw,fb98ac5f0d986856d2cb4e87c937a37162f60383230d2323a40d4b2e77ef556c,"{""distance"":7,""physical_error_rate"":0.0002}","{""detection_events"":22177,""detectors_checked"":22192128}"
        16,         0,         0,   0.398,exact_mw,73653d459d83448bea9c32985aa9fd156ebef5824b05d1ed55d386d98a968072,"{""distance"":7,""physical_error_rate"":0.01}","{""detection_events"":463,""detectors_checked"":9632}"
       288,         0,         0,    4.47,exact_mw,a7c002779361d29bb296963a23dd35d34b706f38009a8e2e2f5aee9a5ee0acdb,"{""distance"":7,""physical_error_rate"":0.005}","{""detection_events"":4009,""detectors_checked"":173376}"
        16,         0,         0,   0.601,exact_mw,834abdd41b1b65931acfd3ee091dfffbb9772582814260e519c7dbaf7b14ebec,"{""distance"":7,""physical_error_rate"":0.02}","{""detection_events"":811,""detectors_checked"":9632}"
     60416,         0,         0,   0.802,exact_mw,c5b9b378753080b028cc9d6f4434ddf95ab0a61b3333c7295fd718d5436747fc,"{""distance"":7,""physical_error_rate"":0.0001}","{""detection_events"":17644,""detectors_checked"":36370432}"
       512,         0,         0,   0.457,exact_mw,a17a1dfb4cb0509fbcf9caf9ce6f4704b111f022b15740e51c84c2b7e14a6407,"{""distance"":7,""physical_error_rate"":0.001}","{""detection_events"":1498,""detectors_checked"":308224}"
     47104,         0,         0,   0.571,exact_mw,590a535fae2c18c7445aa3259c8038467453e1d6a10b68541c755b2dcb29eb74,"{""distance"":7,""physical_error_rate"":5e-05}","{""detection_events"":7205,""detectors_checked"":28356608}"
        16,         0,         0,   0.370,exact_mw,73653d459d83448bea9c32985aa9fd156ebef5824b05d1ed55d386d98a968072,"{""distance"":7,""physical_error_rate"":0.01}","{""detection_events"":435,""detectors_checked"":9632}"
        32,         0,         0,   0.625,exact_mw,a7c002779361d29bb296963a23dd35d34b706f38009a8e2e2f5aee9a5ee0acdb,"{""distance"":7,""physical_error_rate"":0.005}","{""detection_events"":426,""detectors_checked"":19264}"
       384,         1,         0,    8.70,exact_mw,a7c002779361d29bb296963a23dd35d34b706f38009a8e2e2f5aee9a5ee0acdb,"{""distance"":7,""physical_error_rate"":0.005}","{""detection_events"":5629,""detectors_checked"":231168,""obs_mistake_mask=E"":1}"
        16,         0,         0,   0.603,exact_mw,834abdd41b1b65931acfd3ee091dfffbb9772582814260e519c7dbaf7b14ebec,"{""distance"":7,""physical_error_rate"":0.02}","{""detection_events"":857,""detectors_checked"":9632}"
       512,         0,         0,   0.512,exact_mw,a17a1dfb4cb0509fbcf9caf9ce6f4704b111f022b15740e51c84c2b7e14a6407,"{""distance"":7,""physical_error_rate"":0.001}","{""detection_events"":1573,""detectors_checked"":308224}"
        16,         0,         0,   0.436,exact_mw,73653d459d83448bea9c32985aa9fd156ebef5824b05d1ed55d386d98a968072,"{""distance"":7,""physical_error_rate"":0.01}","{""detection_events"":405,""detectors_checked"":9632}"
       256,         0,         0,   0.956,exact_mw,f9daf7670c28e8b8b7ac9af8e1984263f26063cb589f7a54f43332f7ce5001d2,"{""distance"":7,""physical_error_rate"":0.002}","{""detection_events"":1509,""detectors_checked"":154112}"
      6144,         0,         0,   0.948,exact_mw,8973b2281876bd917be29e6214e197de75d185bf3f5e531e264555f10574746e,"{""distance"":7,""physical_error_rate"":0.0005}","{""detection_events"":9207,""detectors_checked"":3698688}"
        32,         0,         0,   0.577,exact_mw,a7c002779361d29bb296963a23dd35d34b706f38009a8e2e2f5aee9a5ee0acdb,"{""distance"":7,""physical_error_rate"":0.005}","{""detection_events"":476,""detectors_checked"":19264}"
       512,         0,         0,   0.353,exact_mw,a17a1dfb4cb0509fbcf9caf9ce6f4704b111f022b15740e51c84c2b7e14a6407,"{""distance"":7,""physical_error_rate"":0.001}","{""detection_events"":1333,""detectors_checked"":308224}"
     47104,         0,         0,    1.12,exact_mw,fb98ac5f0d986856d2cb4e87c937a37162f60383230d2323a40d4b2e77ef556c,"{""distance"":7,""physical_error_rate"":0.0002}","{""detection_events"":28130,""detectors_checked"":28356608}"
     64512,         0,         0,   0.795,exact_mw,590a535fae2c18c7445aa3259c8038467453e1d6a10b68541c755b2dcb29eb74,"{""distance"":7,""physical_error_rate"":5e-05}","{""detection_events"":9801,""detectors_checked"":38836224}"
        16,         0,         0,   0.374,exact_mw,73653d459d83448bea9c32985aa9fd156ebef5824b05d1ed55d386d98a968072,"{""distance"":7,""physical_error_rate"":0.01}","{""detection_events"":433,""detectors_checked"":9632}"
       640,        30,         0,    23.5,exact_mw,834abdd41b1b65931acfd3ee091dfffbb9772582814260e519c7dbaf7b14ebec,"{""distance"":7,""physical_error_rate"":0.02}","{""detection_events"":33243,""detectors_checked"":385280,""obs_mistake_mask=E"":30}"
        16,         1,         0,   0.576,exact_mw,834abdd41b1b65931acfd3ee091dfffbb9772582814260e519c7dbaf7b14ebec,"{""distance"":7,""physical_error_rate"":0.02}","{""detection_events"":896,""detectors_checked"":9632,""obs_mistake_mask=E"":1}"
    491520,         0,         0,    11.6,exact_mw,fb98ac5f0d986856d2cb4e87c937a37162f60383230d2323a40d4b2e77ef556c,"{""distance"":7,""physical_error_rate"":0.0002}","{""detection_events"":293083,""detectors_checked"":295895040}"
     78848,         0,         0,    1.11,exact_mw,c5b9b378753080b028cc9d6f4434ddf95ab0a61b3333c7295fd718d5436747fc,"{""distance"":7,""physical_error_rate"":0.0001}","{""detection_events"":23491,""detectors_checked"":47466496}"
        12,         0,         0,    2.19,exact_mw,73653d459d83448bea9c32985aa9fd156ebef5824b05d1ed55d386d98a968072,"{""distance"":7,""physical_error_rate"":0.01}","{""detection_events"":344,""detectors_checked"":7224}"
       512,         0,         0,   0.368,exact_mw,a17a1dfb4cb0509fbcf9caf9ce6f4704b111f022b15740e51c84c2b7e14a6407,"{""distance"":7,""physical_error_rate"":0.001}","{""detection_events"":1455,""detectors_checked"":308224}"
    924672,         0,         0,    11.6,exact_mw,590a535fae2c18c7445aa3259c8038467453e1d6a10b68541c755b2dcb29eb74,"{""distance"":7,""physical_error_rate"":5e-05}","{""detection_events"":135684,""detectors_checked"":556652544}"
        32,         0,         0,   0.752,exact_mw,a7c002779361d29bb296963a23dd35d34b706f38009a8e2e2f5aee9a5ee0acdb,"{""distance"":7,""physical_error_rate"":0.005}","{""detection_events"":431,""detectors_checked"":19264}"
        16,         0,         0,   0.518,exact_mw,73653d459d83448bea9c32985aa9fd156ebef5824b05d1ed55d386d98a968072,"{""distance"":7,""physical_error_rate"":0.01}","{""detection_events"":414,""detectors_checked"":9632}"
     18432,         0,         0,    23.4,exact_mw,a17a1dfb4cb0509fbcf9caf9ce6f4704b111f022b15740e51c84c2b7e14a6407,"{""distance"":7,""physical_error_rate"":0.001}","{""detection_events"":54742,""detectors_checked"":11096064}"
       256,         0,         0,   0.986,exact_mw,f9daf7670c28e8b8b7ac9af8e1984263f26063cb589f7a54f43332f7ce5001d2,"{""distance"":7,""physical_error_rate"":0.002}","{""detection_events"":1526,""detectors_checked"":154112}"
        16,         1,         0,   0.634,exact_mw,834abdd41b1b65931acfd3ee091dfffbb9772582814260e519c7dbaf7b14ebec,"{""distance"":7,""physical_error_rate"":0.02}","{""detection_events"":799,""detectors_checked"":9632,""obs_mistake_mask=E"":1}"
       512,         0,         0,   0.459,exact_mw,a17a1dfb4cb0509fbcf9caf9ce6f4704b111f022b15740e51c84c2b7e14a6407,"{""distance"":7,""physical_error_rate"":0.001}","{""detection_events"":1563,""detectors_checked"":308224}"
      7168,         0,         0,    1.14,exact_mw,8973b2281876bd917be29e6214e197de75d185bf3f5e531e264555f10574746e,"{""distance"":7,""physical_error_rate"":0.0005}","{""detection_events"":10623,""detectors_checked"":4315136}"
        16,         0,         0,   0.344,exact_mw,73653d459d83448bea9c32985aa9fd156ebef5824b05d1ed55d386d98a968072,"{""distance"":7,""physical_error_rate"":0.01}","{""detection_events"":500,""detectors_checked"":9632}"
     90112,         0,         0,    1.11,exact_mw,590a535fae2c18c7445aa3259c8038467453e1d6a10b68541c755b2dcb29eb74,"{""distance"":7,""physical_error_rate"":5e-05}","{""detection_events"":13695,""detectors_checked"":54247424}"
        32,         0,         0,   0.671,exact_mw,a7c002779361d29bb296963a23dd35d34b706f38009a8e2e2f5aee9a5ee0acdb,"{""distance"":7,""physical_error_rate"":0.005}","{""detection_events"":524,""detectors_checked"":19264}"
        16,         1,         0,   0.380,exact_mw,73653d459d83448bea9c32985aa9fd156ebef5824b05d1ed55d386d98a968072,"{""distance"":7,""physical_error_rate"":0.01}","{""detection_events"":473,""detectors_checked"":9632,""obs_mistake_mask=E"":1}"
        16,         1,         0,   0.592,exact_mw,834abdd41b1b65931acfd3ee091dfffbb9772582814260e519c7dbaf7b14ebec,"{""distance"":7,""physical_error_rate"":0.02}","{""detection_events"":888,""detectors_checked"":9632,""obs_mistake_mask=E"":1}"
      1024,         0,         0,   0.760,exact_mw,a17a1dfb4cb0509fbcf9caf9ce6f4704b111f022b15740e51c84c2b7e14a6407,"{""distance"":7,""physical_error_rate"":0.001}","{""detection_events"":2926,""detectors_checked"":616448}"
     71680,         0,         0,    1.58,exact_mw,fb98ac5f0d986856d2cb4e87c937a37162f60383230d2323a40d4b2e77ef556c,"{""distance"":7,""physical_error_rate"":0.0002}","{""detection_events"":42493,""detectors_checked"":43151360}"
       256,         0,         0,   0.936,exact_mw,f9daf7670c28e8b8b7ac9af8e1984263f26063cb589f7a54f43332f7ce5001d2,"{""distance"":7,""physical_error_rate"":0.002}","{""detection_events"":1551,""detectors_checked"":154112}"
    112640,         0,         0,    1.56,exact_mw,c5b9b378753080b028cc9d6f4434ddf95ab0a61b3333c7295fd718d5436747fc,"{""distance"":7,""physical_error_rate"":0.0001}","{""detection_events"":33447,""detectors_checked"":67809280}"
        32,         0,         0,   0.649,exact_mw,a7c002779361d29bb296963a23dd35d34b706f38009a8e2e2f5aee9a5ee0acdb,"{""distance"":7,""physical_error_rate"":0.005}","{""detection_events"":401,""detectors_checked"":19264}"
        28,         1,         0,    8.51,exact_mw,834abdd41b1b65931acfd3ee091dfffbb9772582814260e519c7dbaf7b14ebec,"{""distance"":7,""physical_error_rate"":0.02}","{""detection_events"":1512,""detectors_checked"":16856,""obs_mistake_mask=E"":1}"
        16,         1,         0,   0.598,exact_mw,834abdd41b1b65931acfd3ee091dfffbb9772582814260e519c7dbaf7b14ebec,"{""distance"":7,""physical_error_rate"":0.02}","{""detection_events"":863,""detectors_checked"":9632,""obs_mistake_mask=E"":1}"
        32,         0,         0,   0.752,exact_mw,73653d459d83448bea9c32985aa9fd156ebef5824b05d1ed55d386d98a968072,"{""distance"":7,""physical_error_rate"":0.01}","{""detection_events"":940,""detectors_checked"":19264}"
     11264,         0,         0,    1.60,exact_mw,8973b2281876bd917be29e6214e197de75d185bf3f5e531e264555f10574746e,"{""distance"":7,""physical_error_rate"":0.0005}","{""detection_events"":16886,""detectors_checked"":6780928}"
      1024,         0,         0,   0.975,exact_mw,a17a1dfb4cb0509fbcf9caf9ce6f4704b111f022b15740e51c84c2b7e14a6407,"{""distance"":7,""physical_error_rate"":0.001}","{""detection_events"":3081,""detectors_checked"":616448}"
        16,         1,         0,   0.612,exact_mw,834abdd41b1b65931acfd3ee091dfffbb9772582814260e519c7dbaf7b14ebec,"{""distance"":7,""physical_error_rate"":0.02}","{""detection_events"":842,""detectors_checked"":9632,""obs_mistake_mask=E"":1}"
    126976,         0,         0,    1.54,exact_mw,590a535fae2c18c7445aa3259c8038467453e1d6a10b68541c755b2dcb29eb74,"{""distance"":7,""physical_error_rate"":5e-05}","{""detection_events"":18854,""detectors_checked"":76439552}"
        32,         0,         0,   0.919,exact_mw,a7c002779361d29bb296963a23dd35d34b706f38009a8e2e2f5aee9a5ee0acdb,"{""distance"":7,""physical_error_rate"":0.005}","{""detection_events"":518,""detectors_checked"":19264}"
         1,         0,         0,   0.254,exact_mw,73653d459d83448bea9c32985aa9fd156ebef5824b05d1ed55d386d98a968072,"{""distance"":7,""physical_error_rate"":0.01}","{""detection_events"":38,""detectors_checked"":602}"
       256,         0,         0,    1.29,exact_mw,f9daf7670c28e8b8b7ac9af8e1984263f26063cb589f7a54f43332f7ce5001d2,"{""distance"":7,""physical_error_rate"":0.002}","{""detection_events"":1420,""detectors_checked"":154112}"
       512,         1,         0,    8.86,exact_mw,a7c002779361d29bb296963a23dd35d34b706f38009a8e2e2f5aee9a5ee0acdb,"{""distance"":7,""physical_error_rate"":0.005}","{""detection_events"":7112,""detectors_checked"":308224,""obs_mistake_mask=E"":1}"
        48,         0,         0,    1.11,exact_mw,73653d459d83448bea9c32985aa9fd156ebef5824b05d1ed55d386d98a968072,"{""distance"":7,""physical_error_rate"":0.01}","{""detection_events"":1272,""detectors_checked"":28896}"
        16,         3,         0,   0.605,exact_mw,834abdd41b1b65931acfd3ee091dfffbb9772582814260e519c7dbaf7b14ebec,"{""distance"":7,""physical_error_rate"":0.02}","{""detection_events"":868,""detectors_checked"":9632,""obs_mistake_mask=E"":3}"
         2,         0,         0,   0.359,exact_mw,73653d459d83448bea9c32985aa9fd156ebef5824b05d1ed55d386d98a968072,"{""distance"":7,""physical_error_rate"":0.01}","{""detection_events"":46,""detectors_checked"":1204}"
      2304,         1,         0,    9.11,exact_mw,f9daf7670c28e8b8b7ac9af8e1984263f26063cb589f7a54f43332f7ce5001d2,"{""distance"":7,""physical_error_rate"":0.002}","{""detection_events"":13627,""detectors_checked"":1387008,""obs_mistake_mask=E"":1}"
        16,         2,         0,    3.05,exact_mw,73653d459d83448bea9c32985aa9fd156ebef5824b05d1ed55d386d98a968072,"{""distance"":7,""physical_error_rate"":0.01}","{""detection_events"":427,""detectors_checked"":9632,""obs_mistake_mask=E"":2}"
         2,         0,         0,   0.358,exact_mw,73653d459d83448bea9c32985aa9fd156ebef5824b05d1ed55d386d98a968072,"{""distance"":7,""physical_error_rate"":0.01}","{""detection_events"":54,""detectors_checked"":1204}"
        32,         0,         0,   0.777,exact_mw,a7c002779361d29bb296963a23dd35d34b706f38009a8e2e2f5aee9a5ee0acdb,"{""distance"":7,""physical_error_rate"":0.005}","{""detection_events"":511,""detectors_checked"":19264}"
    105472,         0,         0,    2.16,exact_mw,fb98ac5f0d986856d2cb4e87c937a37162f60383230d2323a40d4b2e77ef556c,"{""distance"":7,""physical_error_rate"":0.0002}","{""detection_events"":61956,""detectors_checked"":63494144}"
        16,         0,         0,   0.582,exact_mw,834abdd41b1b65931acfd3ee091dfffbb9772582814260e519c7dbaf7b14ebec,"{""distance"":7,""physical_error_rate"":0.02}","{""detection_events"":918,""detectors_checked"":9632}"
      1536,         0,         0,    1.27,exact_mw,a17a1dfb4cb0509fbcf9caf9ce6f4704b111f022b15740e51c84c2b7e14a6407,"{""distance"":7,""physical_error_rate"":0.001}","{""detection_events"":4626,""detectors_checked"":924672}"
         2,         0,         0,   0.303,exact_mw,73653d459d83448bea9c32985aa9fd156ebef5824b05d1ed55d386d98a968072,"{""distance"":7,""physical_error_rate"":0.01}","{""detection_events"":43,""detectors_checked"":1204}"
    159744,         0,         0,    2.17,exact_mw,c5b9b378753080b028cc9d6f4434ddf95ab0a61b3333c7295fd718d5436747fc,"{""distance"":7,""physical_error_rate"":0.0001}","{""detection_events"":46905,""detectors_checked"":96165888}"
        32,         0,         0,   0.438,exact_mw,a7c002779361d29bb296963a23dd35d34b706f38009a8e2e2f5aee9a5ee0acdb,"{""distance"":7,""physical_error_rate"":0.005}","{""detection_events"":428,""detectors_checked"":19264}"
       256,         0,         0,    1.20,exact_mw,f9daf7670c28e8b8b7ac9af8e1984263f26063cb589f7a54f43332f7ce5001d2,"{""distance"":7,""physical_error_rate"":0.002}","{""detection_events"":1638,""detectors_checked"":154112}"
         2,         0,         0,   0.358,exact_mw,73653d459d83448bea9c32985aa9fd156ebef5824b05d1ed55d386d98a968072,"{""distance"":7,""physical_error_rate"":0.01}","{""detection_events"":52,""detectors_checked"":1204}"
     75776,         0,         0,    11.7,exact_mw,8973b2281876bd917be29e6214e197de75d185bf3f5e531e264555f10574746e,"{""distance"":7,""physical_error_rate"":0.0005}","{""detection_events"":112606,""detectors_checked"":45617152}"
        32,         0,         0,   0.624,exact_mw,a7c002779361d29bb296963a23dd35d34b706f38009a8e2e2f5aee9a5ee0acdb,"{""distance"":7,""physical_error_rate"":0.005}","{""detection_events"":426,""detectors_checked"":19264}"
        64,         0,         0,    1.50,exact_mw,73653d459d83448bea9c32985aa9fd156ebef5824b05d1ed55d386d98a968072,"{""distance"":7,""physical_error_rate"":0.01}","{""detection_events"":1700,""detectors_checked"":38528}"
    121856,         0,         0,    11.8,exact_mw,590a535fae2c18c7445aa3259c8038467453e1d6a10b68541c755b2dcb29eb74,"{""distance"":7,""physical_error_rate"":5e-05}","{""detection_events"":17599,""detectors_checked"":73357312}"
     15360,         0,         0,    2.32,exact_mw,8973b2281876bd917be29e6214e197de75d185bf3f5e531e264555f10574746e,"{""distance"":7,""physical_error_rate"":0.0005}","{""detection_events"":22623,""detectors_checked"":9246720}"
         2,         0,         0,   0.598,exact_mw,73653d459d83448bea9c32985aa9fd156ebef5824b05d1ed55d386d98a968072,"{""distance"":7,""physical_error_rate"":0.01}","{""detection_events"":68,""detectors_checked"":1204}"
    177152,         0,         0,    2.16,exact_mw,590a535fae2c18c7445aa3259c8038467453e1d6a10b68541c755b2dcb29eb74,"{""distance"":7,""physical_error_rate"":5e-05}","{""detection_events"":26811,""detectors_checked"":106645504}"
        32,         1,         0,    1.12,exact_mw,834abdd41b1b65931acfd3ee091dfffbb9772582814260e519c7dbaf7b14ebec,"{""distance"":7,""physical_error_rate"":0.02}","{""detection_events"":1705,""detectors_checked"":19264,""obs_mistake_mask=E"":1}"
       256,         0,         0,   0.801,exact_mw,f9daf7670c28e8b8b7ac9af8e1984263f26063cb589f7a54f43332f7ce5001d2,"{""distance"":7,""physical_error_rate"":0.002}","{""detection_events"":1470,""detectors_checked"":154112}"
    129024,         0,         0,    22.9,exact_mw,fb98ac5f0d986856d2cb4e87c937a37162f60383230d2323a40d4b2e77ef556c,"{""distance"":7,""physical_error_rate"":0.0002}","{""detection_events"":76940,""detectors_checked"":77672448}"
       384,         0,         0,    6.23,exact_mw,a7c002779361d29bb296963a23dd35d34b706f38009a8e2e2f5aee9a5ee0acdb,"{""distance"":7,""physical_error_rate"":0.005}","{""detection_events"":5380,""detectors_checked"":231168}"
      2048,         0,         0,    1.62,exact_mw,a17a1dfb4cb0509fbcf9caf9ce6f4704b111f022b15740e51c84c2b7e14a6407,"{""distance"":7,""physical_error_rate"":0.001}","{""detection_events"":5889,""detectors_checked"":1232896}"
       256,         0,         0,   0.811,exact_mw,f9daf7670c28e8b8b7ac9af8e1984263f26063cb589f7a54f43332f7ce5001d2,"{""distance"":7,""physical_error_rate"":0.002}","{""detection_events"":1485,""detectors_checked"":154112}"
         1,         0,         0,   0.019,exact_mw,590a535fae2c18c7445aa3259c8038467453e1d6a10b68541c755b2dcb29eb74,"{""distance"":7,""physical_error_rate"":5e-05}","{""detectors_checked"":602}"
      1296,         0,         0,   0.027,exact_mw,590a535fae2c18c7445aa3259c8038467453e1d6a10b68541c755b2dcb29eb74,"{""distance"":7,""physical_error_rate"":5e-05}","{""detection_events"":210,""detectors_checked"":780192}"
      2048,         0,         0,   0.031,exact_mw,590a535fae2c18c7445aa3259c8038467453e1d6a10b68541c755b2dcb29eb74,"{""distance"":7,""physical_error_rate"":5e-05}","{""detection_events"":358,""detectors_checked"":1232896}"
      2048,         0,         0,   0.031,exact_mw,590a535fae2c18c7445aa3259c8038467453e1d6a10b68541c755b2dcb29eb74,"{""distance"":7,""physical_error_rate"":5e-05}","{""detection_events"":403,""detectors_checked"":1232896}"
      2048,         0,         0,   0.049,exact_mw,590a535fae2c18c7445aa3259c8038467453e1d6a10b68541c755b2dcb29eb74,"{""distance"":7,""physical_error_rate"":5e-05}","{""detection_events"":301,""detectors_checked"":1232896}"
      3072,         0,         0,   0.055,exact_mw,590a535fae2c18c7445aa3259c8038467453e1d6a10b68541c755b2dcb29eb74,"{""distance"":7,""physical_error_rate"":5e-05}","{""detection_events"":484,""detectors_checked"":1849344}"
        64,         0,         0,    1.43,exact_mw,a7c002779361d29bb296963a23dd35d34b706f38009a8e2e2f5aee9a5ee0acdb,"{""distance"":7,""physical_error_rate"":0.005}","{""detection_events"":792,""detectors_checked"":38528}"
      5120,         0,         0,   0.095,exact_mw,590a535fae2c18c7445aa3259c8038467453e1d6a10b68541c755b2dcb29eb74,"{""distance"":7,""physical_error_rate"":5e-05}","{""detection_events"":710,""detectors_checked"":3082240}"
      6144,         0,         0,   0.110,exact_mw,590a535fae2c18c7445aa3259c8038467453e1d6a10b68541c755b2dcb29eb74,"{""distance"":7,""physical_error_rate"":5e-05}","{""detection_events"":909,""detectors_checked"":3698688}"
        64,         1,         0,    1.69,exact_mw,73653d459d83448bea9c32985aa9fd156ebef5824b05d1ed55d386d98a968072,"{""distance"":7,""physical_error_rate"":0.01}","{""detection_events"":1778,""detectors_checked"":38528,""obs_mistake_mask=E"":1}"
      8192,         0,         0,   0.159,exact_mw,590a535fae2c18c7445aa3259c8038467453e1d6a10b68541c755b2dcb29eb74,"{""distance"":7,""physical_error_rate"":5e-05}","{""detection_events"":1307,""detectors_checked"":4931584}"
        48,         2,         0,    1.62,exact_mw,834abdd41b1b65931acfd3ee091dfffbb9772582814260e519c7dbaf7b14ebec,"{""distance"":7,""physical_error_rate"":0.02}","{""detection_events"":2477,""detectors_checked"":28896,""obs_mistake_mask=E"":2}"
     11264,         0,         0,   0.213,exact_mw,590a535fae2c18c7445aa3259c8038467453e1d6a10b68541c755b2dcb29eb74,"{""distance"":7,""physical_error_rate"":5e-05}","{""detection_events"":1515,""detectors_checked"":6780928}"
    138240,         0,         0,    3.03,exact_mw,fb98ac5f0d986856d2cb4e87c937a37162f60383230d2323a40d4b2e77ef556c,"{""distance"":7,""physical_error_rate"":0.0002}","{""detection_events"":81976,""detectors_checked"":83220480}"
    156672,         0,         0,    23.0,exact_mw,8973b2281876bd917be29e6214e197de75d185bf3f5e531e264555f10574746e,"{""distance"":7,""physical_error_rate"":0.0005}","{""detection_events"":231158,""detectors_checked"":94316544}"
       256,         0,         0,    1.12,exact_mw,f9daf7670c28e8b8b7ac9af8e1984263f26063cb589f7a54f43332f7ce5001d2,"{""distance"":7,""physical_error_rate"":0.002}","{""detection_events"":1595,""detectors_checked"":154112}"
     16384,         0,         0,   0.298,exact_mw,590a535fae2c18c7445aa3259c8038467453e1d6a10b68541c755b2dcb29eb74,"{""distance"":7,""physical_error_rate"":5e-05}","{""detection_events"":2472,""detectors_checked"":9863168}"
    221184,         0,         0,    3.04,exact_mw,c5b9b378753080b028cc9d6f4434ddf95ab0a61b3333c7295fd718d5436747fc,"{""distance"":7,""physical_error_rate"":0.0001}","{""detection_events"":65405,""detectors_checked"":133152768}"
     15360,         0,         0,    12.6,exact_mw,a17a1dfb4cb0509fbcf9caf9ce6f4704b111f022b15740e51c84c2b7e14a6407,"{""distance"":7,""physical_error_rate"":0.001}","{""detection_events"":44921,""detectors_checked"":9246720}"
     21504,         0,         0,   0.404,exact_mw,590a535fae2c18c7445aa3259c8038467453e1d6a10b68541c755b2dcb29eb74,"{""distance"":7,""physical_error_rate"":5e-05}","{""detection_events"":3309,""detectors_checked"":12945408}"
        64,         0,         0,    1.50,exact_mw,a7c002779361d29bb296963a23dd35d34b706f38009a8e2e2f5aee9a5ee0acdb,"{""distance"":7,""physical_error_rate"":0.005}","{""detection_events"":920,""detectors_checked"":38528}"
      2560,         0,         0,    2.26,exact_mw,a17a1dfb4cb0509fbcf9caf9ce6f4704b111f022b15740e51c84c2b7e14a6407,"{""distance"":7,""physical_error_rate"":0.001}","{""detection_events"":7490,""detectors_checked"":1541120}"
    248832,         0,         0,    3.02,exact_mw,590a535fae2c18c7445aa3259c8038467453e1d6a10b68541c755b2dcb29eb74,"{""distance"":7,""physical_error_rate"":5e-05}","{""detection_events"":36832,""detectors_checked"":149796864}"
     21504,         0,         0,    3.07,exact_mw,8973b2281876bd917be29e6214e197de75d185bf3f5e531e264555f10574746e,"{""distance"":7,""physical_error_rate"":0.0005}","{""detection_events"":32213,""detectors_checked"":12945408}"
     31744,         0,         0,   0.589,exact_mw,590a535fae2c18c7445aa3259c8038467453e1d6a10b68541c755b2dcb29eb74,"{""distance"":7,""physical_error_rate"":5e-05}","{""detection_events"":4777,""detectors_checked"":19109888}"
       256,         0,         0,    1.24,exact_mw,f9daf7670c28e8b8b7ac9af8e1984263f26063cb589f7a54f43332f7ce5001d2,"{""distance"":7,""physical_error_rate"":0.002}","{""detection_events"":1526,""detectors_checked"":154112}"
        48,         3,         0,    1.80,exact_mw,834abdd41b1b65931acfd3ee091dfffbb9772582814260e519c7dbaf7b14ebec,"{""distance"":7,""physical_error_rate"":0.02}","{""detection_events"":2524,""detectors_checked"":28896,""obs_mistake_mask=E"":3}"
        96,         3,         0,    2.21,exact_mw,73653d459d83448bea9c32985aa9fd156ebef5824b05d1ed55d386d98a968072,"{""distance"":7,""physical_error_rate"":0.01}","{""detection_events"":2630,""detectors_checked"":57792,""obs_mistake_mask=E"":3}"
        18,         1,         0,    3.79,exact_mw,73653d459d83448bea9c32985aa9fd156ebef5824b05d1ed55d386d98a968072,"{""distance"":7,""physical_error_rate"":0.01}","{""detection_events"":480,""detectors_checked"":10836,""obs_mistake_mask=E"":1}"
        24,         0,         0,    5.33,exact_mw,73653d459d83448bea9c32985aa9fd156ebef5824b05d1ed55d386d98a968072,"{""distance"":7,""physical_error_rate"":0.01}","{""detection_events"":684,""detectors_checked"":14448}"
     43008,         0,         0,   0.803,exact_mw,590a535fae2c18c7445aa3259c8038467453e1d6a10b68541c755b2dcb29eb74,"{""distance"":7,""physical_error_rate"":5e-05}","{""detection_events"":6182,""detectors_checked"":25890816}"
       256,         0,         0,   0.908,exact_mw,f9daf7670c28e8b8b7ac9af8e1984263f26063cb589f7a54f43332f7ce5001d2,"{""distance"":7,""physical_error_rate"":0.002}","{""detection_events"":1390,""detectors_checked"":154112}"
        64,         0,         0,    1.55,exact_mw,a7c002779361d29bb296963a23dd35d34b706f38009a8e2e2f5aee9a5ee0acdb,"{""distance"":7,""physical_error_rate"":0.005}","{""detection_events"":903,""detectors_checked"":38528}"
       256,         0,         0,   0.863,exact_mw,f9daf7670c28e8b8b7ac9af8e1984263f26063cb589f7a54f43332f7ce5001d2,"{""distance"":7,""physical_error_rate"":0.002}","{""detection_events"":1492,""detectors_checked"":154112}"
     59392,         0,         0,    1.12,exact_mw,590a535fae2c18c7445aa3259c8038467453e1d6a10b68541c755b2dcb29eb74,"{""distance"":7,""physical_error_rate"":5e-05}","{""detection_events"":9098,""detectors_checked"":35753984}"
       928,         9,         0,    23.7,exact_mw,73653d459d83448bea9c32985aa9fd156ebef5824b05d1ed55d386d98a968072,"{""distance"":7,""physical_error_rate"":0.01}","{""detection_events"":26187,""detectors_checked"":558656,""obs_mistake_mask=E"":9}"
         8,         0,         0,    1.40,exact_mw,73653d459d83448bea9c32985aa9fd156ebef5824b05d1ed55d386d98a968072,"{""distance"":7,""physical_error_rate"":0.01}","{""detection_events"":205,""detectors_checked"":4816}"
        64,         3,         0,    2.35,exact_mw,834abdd41b1b65931acfd3ee091dfffbb9772582814260e519c7dbaf7b14ebec,"{""distance"":7,""physical_error_rate"":0.02}","{""detection_events"":3240,""detectors_checked"":38528,""obs_mistake_mask=E"":3}"
    191488,         0,         0,    4.25,exact_mw,fb98ac5f0d986856d2cb4e87c937a37162f60383230d2323a40d4b2e77ef556c,"{""distance"":7,""physical_error_rate"":0.0002}","{""detection_events"":113131,""detectors_checked"":115275776}"
      4096,         0,         0,    3.39,exact_mw,a17a1dfb4cb0509fbcf9caf9ce6f4704b111f022b15740e51c84c2b7e14a6407,"{""distance"":7,""physical_error_rate"":0.001}","{""detection_events"":12286,""detectors_checked"":2465792}"
      5632,         0,         0,    23.2,exact_mw,f9daf7670c28e8b8b7ac9af8e1984263f26063cb589f7a54f43332f7ce5001d2,"{""distance"":7,""physical_error_rate"":0.002}","{""detection_events"":33931,""detectors_checked"":3390464}"
    321536,         0,         0,    4.23,exact_mw,c5b9b378753080b028cc9d6f4434ddf95ab0a61b3333c7295fd718d5436747fc,"{""distance"":7,""physical_error_rate"":0.0001}","{""detection_events"":94410,""detectors_checked"":193564672}"
         4,         0,         0,    1.22,exact_mw,73653d459d83448bea9c32985aa9fd156ebef5824b05d1ed55d386d98a968072,"{""distance"":7,""physical_error_rate"":0.01}","{""detection_events"":116,""detectors_checked"":2408}"
        96,         0,         0,    2.74,exact_mw,73653d459d83448bea9c32985aa9fd156ebef5824b05d1ed55d386d98a968072,"{""distance"":7,""physical_error_rate"":0.01}","{""detection_events"":2685,""detectors_checked"":57792}"
     83968,         0,         0,    1.54,exact_mw,590a535fae2c18c7445aa3259c8038467453e1d6a10b68541c755b2dcb29eb74,"{""distance"":7,""physical_error_rate"":5e-05}","{""detection_events"":11909,""detectors_checked"":50548736}"
        96,         0,         0,    2.29,exact_mw,a7c002779361d29bb296963a23dd35d34b706f38009a8e2e2f5aee9a5ee0acdb,"{""distance"":7,""physical_error_rate"":0.005}","{""detection_events"":1451,""detectors_checked"":57792}"
   2977792,         0,         0,    31.8,exact_mw,590a535fae2c18c7445aa3259c8038467453e1d6a10b68541c755b2dcb29eb74,"{""distance"":7,""physical_error_rate"":5e-05}","{""detection_events"":444101,""detectors_checked"":1792630784}"
       576,         1,         0,    12.2,exact_mw,a7c002779361d29bb296963a23dd35d34b706f38009a8e2e2f5aee9a5ee0acdb,"{""distance"":7,""physical_error_rate"":0.005}","{""detection_events"":8321,""detectors_checked"":346752,""obs_mistake_mask=E"":1}"
         4,         0,         0,   0.448,exact_mw,73653d459d83448bea9c32985aa9fd156ebef5824b05d1ed55d386d98a968072,"{""distance"":7,""physical_error_rate"":0.01}","{""detection_events"":107,""detectors_checked"":2408}"
       512,         1,         0,    1.90,exact_mw,f9daf7670c28e8b8b7ac9af8e1984263f26063cb589f7a54f43332f7ce5001d2,"{""distance"":7,""physical_error_rate"":0.002}","{""detection_events"":2897,""detectors_checked"":308224,""obs_mistake_mask=E"":1}"
        82,         4,         0,    23.2,exact_mw,834abdd41b1b65931acfd3ee091dfffbb9772582814260e519c7dbaf7b14ebec,"{""distance"":7,""physical_error_rate"":0.02}","{""detection_events"":4447,""detectors_checked"":49364,""obs_mistake_mask=E"":4}"
     29696,         0,         0,    4.26,exact_mw,8973b2281876bd917be29e6214e197de75d185bf3f5e531e264555f10574746e,"{""distance"":7,""physical_error_rate"":0.0005}","{""detection_events"":43490,""detectors_checked"":17876992}"
    349184,         0,         0,    4.25,exact_mw,590a535fae2c18c7445aa3259c8038467453e1d6a10b68541c755b2dcb29eb74,"{""distance"":7,""physical_error_rate"":5e-05}","{""detection_events"":51773,""detectors_checked"":210208768}"
         4,         0,         0,   0.958,exact_mw,73653d459d83448bea9c32985aa9fd156ebef5824b05d1ed55d386d98a968072,"{""distance"":7,""physical_error_rate"":0.01}","{""detection_events"":142,""detectors_checked"":2408}"
       816,         0,         0,    23.9,exact_mw,f9daf7670c28e8b8b7ac9af8e1984263f26063cb589f7a54f43332f7ce5001d2,"{""distance"":7,""physical_error_rate"":0.002}","{""detection_events"":4568,""detectors_checked"":491232}"
       896,        16,         0,    22.9,exact_mw,73653d459d83448bea9c32985aa9fd156ebef5824b05d1ed55d386d98a968072,"{""distance"":7,""physical_error_rate"":0.01}","{""detection_events"":25143,""detectors_checked"":539392,""obs_mistake_mask=E"":16}"
         4,         0,         0,   0.704,exact_mw,73653d459d83448bea9c32985aa9fd156ebef5824b05d1ed55d386d98a968072,"{""distance"":7,""physical_error_rate"":0.01}","{""detection_events"":93,""detectors_checked"":2408}"
    118784,         0,         0,    2.18,exact_mw,590a535fae2c18c7445aa3259c8038467453e1d6a10b68541c755b2dcb29eb74,"{""distance"":7,""physical_error_rate"":5e-05}","{""detection_events"":17395,""detectors_checked"":71507968}"
     22016,         0,         0,    23.3,exact_mw,a17a1dfb4cb0509fbcf9caf9ce6f4704b111f022b15740e51c84c2b7e14a6407,"{""distance"":7,""physical_error_rate"":0.001}","{""detection_events"":64848,""detectors_checked"":13253632}"
       512,         0,         0,    1.93,exact_mw,f9daf7670c28e8b8b7ac9af8e1984263f26063cb589f7a54f43332f7ce5001d2,"{""distance"":7,""physical_error_rate"":0.002}","{""detection_events"":3010,""detectors_checked"":308224}"
       544,         1,         0,    8.61,exact_mw,a7c002779361d29bb296963a23dd35d34b706f38009a8e2e2f5aee9a5ee0acdb,"{""distance"":7,""physical_error_rate"":0.005}","{""detection_events"":7609,""detectors_checked"":327488,""obs_mistake_mask=E"":1}"
        96,         0,         0,    2.42,exact_mw,a7c002779361d29bb296963a23dd35d34b706f38009a8e2e2f5aee9a5ee0acdb,"{""distance"":7,""physical_error_rate"":0.005}","{""detection_events"":1470,""detectors_checked"":57792}"
        96,         5,         0,    3.34,exact_mw,834abdd41b1b65931acfd3ee091dfffbb9772582814260e519c7dbaf7b14ebec,"{""distance"":7,""physical_error_rate"":0.02}","{""detection_events"":5139,""detectors_checked"":57792,""obs_mistake_mask=E"":5}"
         4,         0,         0,   0.959,exact_mw,73653d459d83448bea9c32985aa9fd156ebef5824b05d1ed55d386d98a968072,"{""distance"":7,""physical_error_rate"":0.01}","{""detection_events"":129,""detectors_checked"":2408}"
       128,         1,         0,    3.19,exact_mw,73653d459d83448bea9c32985aa9fd156ebef5824b05d1ed55d386d98a968072,"{""distance"":7,""physical_error_rate"":0.01}","{""detection_events"":3644,""detectors_checked"":77056,""obs_mistake_mask=E"":1}"
   1225728,         0,         0,    16.3,exact_mw,c5b9b378753080b028cc9d6f4434ddf95ab0a61b3333c7295fd718d5436747fc,"{""distance"":7,""physical_error_rate"":0.0001}","{""detection_events"":363186,""detectors_checked"":737888256}"
        44,         2,         0,    12.8,exact_mw,834abdd41b1b65931acfd3ee091dfffbb9772582814260e519c7dbaf7b14ebec,"{""distance"":7,""physical_error_rate"":0.02}","{""detection_events"":2264,""detectors_checked"":26488,""obs_mistake_mask=E"":2}"
        28,         2,         0,    6.34,exact_mw,73653d459d83448bea9c32985aa9fd156ebef5824b05d1ed55d386d98a968072,"{""distance"":7,""physical_error_rate"":0.01}","{""detection_events"":835,""detectors_checked"":16856,""obs_mistake_mask=E"":2}"
       544,         0,         0,    12.3,exact_mw,a7c002779361d29bb296963a23dd35d34b706f38009a8e2e2f5aee9a5ee0acdb,"{""distance"":7,""physical_error_rate"":0.005}","{""detection_events"":7767,""detectors_checked"":327488}"
         8,         0,         0,    1.25,exact_mw,73653d459d83448bea9c32985aa9fd156ebef5824b05d1ed55d386d98a968072,"{""distance"":7,""physical_error_rate"":0.01}","{""detection_events"":235,""detectors_checked"":4816}"
      3328,         2,         0,    12.5,exact_mw,f9daf7670c28e8b8b7ac9af8e1984263f26063cb589f7a54f43332f7ce5001d2,"{""distance"":7,""physical_error_rate"":0.002}","{""detection_events"":19354,""detectors_checked"":2003456,""obs_mistake_mask=E"":2}"
      5632,         0,         0,    4.71,exact_mw,a17a1dfb4cb0509fbcf9caf9ce6f4704b111f022b15740e51c84c2b7e14a6407,"{""distance"":7,""physical_error_rate"":0.001}","{""detection_events"":16632,""detectors_checked"":3390464}"
   2382848,         0,         0,    32.0,exact_mw,c5b9b378753080b028cc9d6f4434ddf95ab0a61b3333c7295fd718d5436747fc,"{""distance"":7,""physical_error_rate"":0.0001}","{""detection_events"":706460,""detectors_checked"":1434474496}"
    733184,         0,         0,    16.3,exact_mw,fb98ac5f0d986856d2cb4e87c937a37162f60383230d2323a40d4b2e77ef556c,"{""distance"":7,""physical_error_rate"":0.0002}","{""detection_events"":435000,""detectors_checked"":441376768}"
      2752,         8,         0,    33.0,exact_mw,a7c002779361d29bb296963a23dd35d34b706f38009a8e2e2f5aee9a5ee0acdb,"{""distance"":7,""physical_error_rate"":0.005}","{""detection_events"":40208,""detectors_checked"":1656704,""obs_mistake_mask=E"":8}"
    211968,         0,         0,    3.05,exact_mw,590a535fae2c18c7445aa3259c8038467453e1d6a10b68541c755b2dcb29eb74,"{""distance"":7,""physical_error_rate"":5e-05}","{""detection_events"":31564,""detectors_checked"":127604736}"
       768,         0,         0,    3.07,exact_mw,f9daf7670c28e8b8b7ac9af8e1984263f26063cb589f7a54f43332f7ce5001d2,"{""distance"":7,""physical_error_rate"":0.002}","{""detection_events"":4415,""detectors_checked"":462336}"
   1325056,         0,         0,    16.3,exact_mw,590a535fae2c18c7445aa3259c8038467453e1d6a10b68541c755b2dcb29eb74,"{""distance"":7,""physical_error_rate"":5e-05}","{""detection_events"":196616,""detectors_checked"":797683712}"
         4,         0,         0,    1.24,exact_mw,73653d459d83448bea9c32985aa9fd156ebef5824b05d1ed55d386d98a968072,"{""distance"":7,""physical_error_rate"":0.01}","{""detection_events"":105,""detectors_checked"":2408}"
    274432,         0,         0,    5.89,exact_mw,fb98ac5f0d986856d2cb4e87c937a37162f60383230d2323a40d4b2e77ef556c,"{""distance"":7,""physical_error_rate"":0.0002}","{""detection_events"":163764,""detectors_checked"":165208064}"
    444416,         0,         0,    5.96,exact_mw,c5b9b378753080b028cc9d6f4434ddf95ab0a61b3333c7295fd718d5436747fc,"{""distance"":7,""physical_error_rate"":0.0001}","{""detection_events"":133156,""detectors_checked"":267538432}"
       160,         0,         0,    3.75,exact_mw,a7c002779361d29bb296963a23dd35d34b706f38009a8e2e2f5aee9a5ee0acdb,"{""distance"":7,""physical_error_rate"":0.005}","{""detection_events"":2368,""detectors_checked"":96320}"
   1736704,         0,         0,    32.0,exact_mw,fb98ac5f0d986856d2cb4e87c937a37162f60383230d2323a40d4b2e77ef556c,"{""distance"":7,""physical_error_rate"":0.0002}","{""detection_events"":1029371,""detectors_checked"":1045495808}"
   1458176,         0,         0,    32.0,exact_mw,fb98ac5f0d986856d2cb4e87c937a37162f60383230d2323a40d4b2e77ef556c,"{""distance"":7,""physical_error_rate"":0.0002}","{""detection_events"":862971,""detectors_checked"":877821952}"
    486400,         0,         0,    5.93,exact_mw,590a535fae2c18c7445aa3259c8038467453e1d6a10b68541c755b2dcb29eb74,"{""distance"":7,""physical_error_rate"":5e-05}","{""detection_events"":71913,""detectors_checked"":292812800}"
     36864,         0,         0,    6.01,exact_mw,8973b2281876bd917be29e6214e197de75d185bf3f5e531e264555f10574746e,"{""distance"":7,""physical_error_rate"":0.0005}","{""detection_events"":54790,""detectors_checked"":22192128}"
         1,         0,         0,   0.061,exact_mw,c5b9b378753080b028cc9d6f4434ddf95ab0a61b3333c7295fd718d5436747fc,"{""distance"":7,""physical_error_rate"":0.0001}","{""detectors_checked"":602}"
    245760,         2,         0,    32.2,exact_mw,8973b2281876bd917be29e6214e197de75d185bf3f5e531e264555f10574746e,"{""distance"":7,""physical_error_rate"":0.0005}","{""detection_events"":363211,""detectors_checked"":147947520,""obs_mistake_mask=E"":2}"
      1160,         0,         0,   0.130,exact_mw,c5b9b378753080b028cc9d6f4434ddf95ab0a61b3333c7295fd718d5436747fc,"{""distance"":7,""physical_error_rate"":0.0001}","{""detection_events"":344,""detectors_checked"":698320}"
      1024,         0,         0,   0.064,exact_mw,c5b9b378753080b028cc9d6f4434ddf95ab0a61b3333c7295fd718d5436747fc,"{""distance"":7,""physical_error_rate"":0.0001}","{""detection_events"":311,""detectors_checked"":616448}"
       128,         4,         0,    4.61,exact_mw,834abdd41b1b65931acfd3ee091dfffbb9772582814260e519c7dbaf7b14ebec,"{""distance"":7,""physical_error_rate"":0.02}","{""detection_events"":6508,""detectors_checked"":77056,""obs_mistake_mask=E"":4}"
      1024,         0,         0,   0.189,exact_mw,c5b9b378753080b028cc9d6f4434ddf95ab0a61b3333c7295fd718d5436747fc,"{""distance"":7,""physical_error_rate"":0.0001}","{""detection_events"":265,""detectors_checked"":616448}"
      1024,         0,         0,   0.067,exact_mw,c5b9b378753080b028cc9d6f4434ddf95ab0a61b3333c7295fd718d5436747fc,"{""distance"":7,""physical_error_rate"":0.0001}","{""detection_events"":292,""detectors_checked"":616448}"
    296960,         0,         0,    31.8,exact_mw,c5b9b378753080b028cc9d6f4434ddf95ab0a61b3333c7295fd718d5436747fc,"{""distance"":7,""physical_error_rate"":0.0001}","{""detection_events"":88612,""detectors_checked"":178769920}"
      1024,         0,         0,   0.192,exact_mw,c5b9b378753080b028cc9d6f4434ddf95ab0a61b3333c7295fd718d5436747fc,"{""distance"":7,""physical_error_rate"":0.0001}","{""detection_events"":341,""detectors_checked"":616448}"
      1024,         0,         0,   0.253,exact_mw,c5b9b378753080b028cc9d6f4434ddf95ab0a61b3333c7295fd718d5436747fc,"{""distance"":7,""physical_error_rate"":0.0001}","{""detection_events"":327,""detectors_checked"":616448}"
        12,         0,         0,    2.41,exact_mw,73653d459d83448bea9c32985aa9fd156ebef5824b05d1ed55d386d98a968072,"{""distance"":7,""physical_error_rate"":0.01}","{""detection_events"":305,""detectors_checked"":7224}"
       192,         4,         0,    4.86,exact_mw,73653d459d83448bea9c32985aa9fd156ebef5824b05d1ed55d386d98a968072,"{""distance"":7,""physical_error_rate"":0.01}","{""detection_events"":5201,""detectors_checked"":115584,""obs_mistake_mask=E"":4}"
      1024,         0,         0,   0.129,exact_mw,c5b9b378753080b028cc9d6f4434ddf95ab0a61b3333c7295fd718d5436747fc,"{""distance"":7,""physical_error_rate"":0.0001}","{""detection_events"":383,""detectors_checked"":616448}"
      2048,         0,         0,   0.194,exact_mw,c5b9b378753080b028cc9d6f4434ddf95ab0a61b3333c7295fd718d5436747fc,"{""distance"":7,""physical_error_rate"":0.0001}","{""detection_events"":703,""detectors_checked"":1232896}"
      3072,         0,         0,   0.323,exact_mw,c5b9b378753080b028cc9d6f4434ddf95ab0a61b3333c7295fd718d5436747fc,"{""distance"":7,""physical_error_rate"":0.0001}","{""detection_events"":926,""detectors_checked"":1849344}"
       768,         0,         0,    3.21,exact_mw,f9daf7670c28e8b8b7ac9af8e1984263f26063cb589f7a54f43332f7ce5001d2,"{""distance"":7,""physical_error_rate"":0.002}","{""detection_events"":4564,""detectors_checked"":462336}"
    328704,         0,         0,    31.7,exact_mw,590a535fae2c18c7445aa3259c8038467453e1d6a10b68541c755b2dcb29eb74,"{""distance"":7,""physical_error_rate"":5e-05}","{""detection_events"":48684,""detectors_checked"":197879808}"
      3072,         0,         0,   0.315,exact_mw,c5b9b378753080b028cc9d6f4434ddf95ab0a61b3333c7295fd718d5436747fc,"{""distance"":7,""physical_error_rate"":0.0001}","{""detection_events"":936,""detectors_checked"":1849344}"
   2380800,         0,         0,    31.9,exact_mw,c5b9b378753080b028cc9d6f4434ddf95ab0a61b3333c7295fd718d5436747fc,"{""distance"":7,""physical_error_rate"":0.0001}","{""detection_events"":707487,""detectors_checked"":1433241600}"
   2373632,         0,         0,    31.8,exact_mw,c5b9b378753080b028cc9d6f4434ddf95ab0a61b3333c7295fd718d5436747fc,"{""distance"":7,""physical_error_rate"":0.0001}","{""detection_events"":700915,""detectors_checked"":1428926464}"
      4096,         0,         0,   0.405,exact_mw,c5b9b378753080b028cc9d6f4434ddf95ab0a61b3333c7295fd718d5436747fc,"{""distance"":7,""physical_error_rate"":0.0001}","{""detection_events"":1227,""detectors_checked"":2465792}"
    343040,         0,         0,    4.24,exact_mw,590a535fae2c18c7445aa3259c8038467453e1d6a10b68541c755b2dcb29eb74,"{""distance"":7,""physical_error_rate"":5e-05}","{""detection_events"":51490,""detectors_checked"":206510080}"
    112640,         0,         0,    16.5,exact_mw,8973b2281876bd917be29e6214e197de75d185bf3f5e531e264555f10574746e,"{""distance"":7,""physical_error_rate"":0.0005}","{""detection_events"":166727,""detectors_checked"":67809280}"
    161792,         0,         0,    16.3,exact_mw,590a535fae2c18c7445aa3259c8038467453e1d6a10b68541c755b2dcb29eb74,"{""distance"":7,""physical_error_rate"":5e-05}","{""detection_events"":24386,""detectors_checked"":97398784}"
   1425408,         0,         0,    32.0,exact_mw,fb98ac5f0d986856d2cb4e87c937a37162f60383230d2323a40d4b2e77ef556c,"{""distance"":7,""physical_error_rate"":0.0002}","{""detection_events"":844205,""detectors_checked"":858095616}"
      5120,         0,         0,   0.550,exact_mw,c5b9b378753080b028cc9d6f4434ddf95ab0a61b3333c7295fd718d5436747fc,"{""distance"":7,""physical_error_rate"":0.0001}","{""detection_events"":1467,""detectors_checked"":3082240}"
    233472,         1,         0,    32.2,exact_mw,8973b2281876bd917be29e6214e197de75d185bf3f5e531e264555f10574746e,"{""distance"":7,""physical_error_rate"":0.0005}","{""detection_events"":344308,""detectors_checked"":140550144,""obs_mistake_mask=E"":1}"
    326656,         0,         0,    31.8,exact_mw,590a535fae2c18c7445aa3259c8038467453e1d6a10b68541c755b2dcb29eb74,"{""distance"":7,""physical_error_rate"":5e-05}","{""detection_events"":48905,""detectors_checked"":196646912}"
       288,         0,         0,    4.27,exact_mw,a7c002779361d29bb296963a23dd35d34b706f38009a8e2e2f5aee9a5ee0acdb,"{""distance"":7,""physical_error_rate"":0.005}","{""detection_events"":3936,""detectors_checked"":173376}"
      7168,         0,         0,    6.22,exact_mw,a17a1dfb4cb0509fbcf9caf9ce6f4704b111f022b15740e51c84c2b7e14a6407,"{""distance"":7,""physical_error_rate"":0.001}","{""detection_events"":21032,""detectors_checked"":4315136}"
      6144,         0,         0,   0.750,exact_mw,c5b9b378753080b028cc9d6f4434ddf95ab0a61b3333c7295fd718d5436747fc,"{""distance"":7,""physical_error_rate"":0.0001}","{""detection_events"":1840,""detectors_checked"":3698688}"
    225280,         0,         0,    32.1,exact_mw,8973b2281876bd917be29e6214e197de75d185bf3f5e531e264555f10574746e,"{""distance"":7,""physical_error_rate"":0.0005}","{""detection_events"":331824,""detectors_checked"":135618560}"
        12,         0,         0,    2.99,exact_mw,73653d459d83448bea9c32985aa9fd156ebef5824b05d1ed55d386d98a968072,"{""distance"":7,""physical_error_rate"":0.01}","{""detection_events"":387,""detectors_checked"":7224}"
      9216,         0,         0,    1.22,exact_mw,c5b9b378753080b028cc9d6f4434ddf95ab0a61b3333c7295fd718d5436747fc,"{""distance"":7,""physical_error_rate"":0.0001}","{""detection_events"":2881,""detectors_checked"":5548032}"
        40,         0,         0,    8.83,exact_mw,73653d459d83448bea9c32985aa9fd156ebef5824b05d1ed55d386d98a968072,"{""distance"":7,""physical_error_rate"":0.01}","{""detection_events"":1003,""detectors_checked"":24080}"
     20480,         0,         0,    16.7,exact_mw,a17a1dfb4cb0509fbcf9caf9ce6f4704b111f022b15740e51c84c2b7e14a6407,"{""distance"":7,""physical_error_rate"":0.001}","{""detection_events"":60647,""detectors_checked"":12328960}"
      1280,         0,         0,    4.90,exact_mw,f9daf7670c28e8b8b7ac9af8e1984263f26063cb589f7a54f43332f7ce5001d2,"{""distance"":7,""physical_error_rate"":0.002}","{""detection_events"":7471,""detectors_checked"":770560}"
      1440,        11,         0,    32.3,exact_mw,73653d459d83448bea9c32985aa9fd156ebef5824b05d1ed55d386d98a968072,"{""distance"":7,""physical_error_rate"":0.01}","{""detection_events"":40054,""detectors_checked"":866880,""obs_mistake_mask=E"":11}"
     15360,         0,         0,    1.64,exact_mw,c5b9b378753080b028cc9d6f4434ddf95ab0a61b3333c7295fd718d5436747fc,"{""distance"":7,""physical_error_rate"":0.0001}","{""detection_events"":4367,""detectors_checked"":9246720}"
       176,        13,         0,    6.42,exact_mw,834abdd41b1b65931acfd3ee091dfffbb9772582814260e519c7dbaf7b14ebec,"{""distance"":7,""physical_error_rate"":0.02}","{""detection_events"":9565,""detectors_checked"":105952,""obs_mistake_mask=E"":13}"
     10752,         0,         0,    32.2,exact_mw,f9daf7670c28e8b8b7ac9af8e1984263f26063cb589f7a54f43332f7ce5001d2,"{""distance"":7,""physical_error_rate"":0.002}","{""detection_events"":63209,""detectors_checked"":6472704}"
    375808,         0,         0,    8.30,exact_mw,fb98ac5f0d986856d2cb4e87c937a37162f60383230d2323a40d4b2e77ef556c,"{""distance"":7,""physical_error_rate"":0.0002}","{""detection_events"":222981,""detectors_checked"":226236416}"
       224,         2,         0,    6.13,exact_mw,73653d459d83448bea9c32985aa9fd156ebef5824b05d1ed55d386d98a968072,"{""distance"":7,""physical_error_rate"":0.01}","{""detection_events"":6230,""detectors_checked"":134848,""obs_mistake_mask=E"":2}"
    608256,         0,         0,    8.33,exact_mw,c5b9b378753080b028cc9d6f4434ddf95ab0a61b3333c7295fd718d5436747fc,"{""distance"":7,""physical_error_rate"":0.0001}","{""detection_events"":181621,""detectors_checked"":366170112}"
        16,         0,         0,    3.39,exact_mw,73653d459d83448bea9c32985aa9fd156ebef5824b05d1ed55d386d98a968072,"{""distance"":7,""physical_error_rate"":0.01}","{""detection_events"":442,""detectors_checked"":9632}"
       640,         1,         0,    12.1,exact_mw,a7c002779361d29bb296963a23dd35d34b706f38009a8e2e2f5aee9a5ee0acdb,"{""distance"":7,""physical_error_rate"":0.005}","{""detection_events"":9012,""detectors_checked"":385280,""obs_mistake_mask=E"":1}"
    179200,         1,         0,    32.2,exact_mw,8973b2281876bd917be29e6214e197de75d185bf3f5e531e264555f10574746e,"{""distance"":7,""physical_error_rate"":0.0005}","{""detection_events"":264786,""detectors_checked"":107878400,""obs_mistake_mask=E"":1}"
       896,        31,         0,    32.6,exact_mw,834abdd41b1b65931acfd3ee091dfffbb9772582814260e519c7dbaf7b14ebec,"{""distance"":7,""physical_error_rate"":0.02}","{""detection_events"":46883,""detectors_checked"":539392,""obs_mistake_mask=E"":31}"
      2176,         3,         0,    32.4,exact_mw,a7c002779361d29bb296963a23dd35d34b706f38009a8e2e2f5aee9a5ee0acdb,"{""distance"":7,""physical_error_rate"":0.005}","{""detection_events"":30899,""detectors_checked"":1309952,""obs_mistake_mask=E"":3}"
     44032,         0,         0,    32.9,exact_mw,a17a1dfb4cb0509fbcf9caf9ce6f4704b111f022b15740e51c84c2b7e14a6407,"{""distance"":7,""physical_error_rate"":0.001}","{""detection_events"":129559,""detectors_checked"":26507264}"
    683008,         0,         0,    8.28,exact_mw,590a535fae2c18c7445aa3259c8038467453e1d6a10b68541c755b2dcb29eb74,"{""distance"":7,""physical_error_rate"":5e-05}","{""detection_events"":102011,""detectors_checked"":411170816}"
       110,         4,         0,    32.5,exact_mw,834abdd41b1b65931acfd3ee091dfffbb9772582814260e519c7dbaf7b14ebec,"{""distance"":7,""physical_error_rate"":0.02}","{""detection_events"":5983,""detectors_checked"":66220,""obs_mistake_mask=E"":4}"
     59392,         0,         0,    8.46,exact_mw,8973b2281876bd917be29e6214e197de75d185bf3f5e531e264555f10574746e,"{""distance"":7,""physical_error_rate"":0.0005}","{""detection_events"":87963,""detectors_checked"":35753984}"
    184320,         0,         0,    32.1,exact_mw,fb98ac5f0d986856d2cb4e87c937a37162f60383230d2323a40d4b2e77ef556c,"{""distance"":7,""physical_error_rate"":0.0002}","{""detection_events"":108661,""detectors_checked"":110960640}"
    483328,         0,         0,    5.92,exact_mw,590a535fae2c18c7445aa3259c8038467453e1d6a10b68541c755b2dcb29eb74,"{""distance"":7,""physical_error_rate"":5e-05}","{""detection_events"":70485,""detectors_checked"":290963456}"
     32768,         0,         0,    2.29,exact_mw,c5b9b378753080b028cc9d6f4434ddf95ab0a61b3333c7295fd718d5436747fc,"{""distance"":7,""physical_error_rate"":0.0001}","{""detection_events"":9227,""detectors_checked"":19726336}"
       880,        39,         0,    32.3,exact_mw,834abdd41b1b65931acfd3ee091dfffbb9772582814260e519c7dbaf7b14ebec,"{""distance"":7,""physical_error_rate"":0.02}","{""detection_events"":46304,""detectors_checked"":529760,""obs_mistake_mask=E"":39}"
     26496,         1,         0,    32.9,exact_mw,a17a1dfb4cb0509fbcf9caf9ce6f4704b111f022b15740e51c84c2b7e14a6407,"{""distance"":7,""physical_error_rate"":0.001}","{""detection_events"":78385,""detectors_checked"":15950592,""obs_mistake_mask=E"":1}"
       416,         0,         0,    6.18,exact_mw,a7c002779361d29bb296963a23dd35d34b706f38009a8e2e2f5aee9a5ee0acdb,"{""distance"":7,""physical_error_rate"":0.005}","{""detection_events"":5936,""detectors_checked"":250432}"
      1024,         3,         0,    16.6,exact_mw,a7c002779361d29bb296963a23dd35d34b706f38009a8e2e2f5aee9a5ee0acdb,"{""distance"":7,""physical_error_rate"":0.005}","{""detection_events"":14466,""detectors_checked"":616448,""obs_mistake_mask=E"":3}"
      1216,        14,         0,    32.3,exact_mw,73653d459d83448bea9c32985aa9fd156ebef5824b05d1ed55d386d98a968072,"{""distance"":7,""physical_error_rate"":0.01}","{""detection_events"":34513,""detectors_checked"":732032,""obs_mistake_mask=E"":14}"
      8064,         1,         0,    32.5,exact_mw,f9daf7670c28e8b8b7ac9af8e1984263f26063cb589f7a54f43332f7ce5001d2,"{""distance"":7,""physical_error_rate"":0.002}","{""detection_events"":47957,""detectors_checked"":4854528,""obs_mistake_mask=E"":1}"
      5888,         0,         0,    32.3,exact_mw,f9daf7670c28e8b8b7ac9af8e1984263f26063cb589f7a54f43332f7ce5001d2,"{""distance"":7,""physical_error_rate"":0.002}","{""detection_events"":34205,""detectors_checked"":3544576}"
     40960,         0,         0,    32.9,exact_mw,a17a1dfb4cb0509fbcf9caf9ce6f4704b111f022b15740e51c84c2b7e14a6407,"{""distance"":7,""physical_error_rate"":0.001}","{""detection_events"":119745,""detectors_checked"":24657920}"
        24,         0,         0,    4.29,exact_mw,73653d459d83448bea9c32985aa9fd156ebef5824b05d1ed55d386d98a968072,"{""distance"":7,""physical_error_rate"":0.01}","{""detection_events"":662,""detectors_checked"":14448}"
     33792,         0,         0,    3.03,exact_mw,c5b9b378753080b028cc9d6f4434ddf95ab0a61b3333c7295fd718d5436747fc,"{""distance"":7,""physical_error_rate"":0.0001}","{""detection_events"":9663,""detectors_checked"":20342784}"
     11264,         1,         0,    8.53,exact_mw,a17a1dfb4cb0509fbcf9caf9ce6f4704b111f022b15740e51c84c2b7e14a6407,"{""distance"":7,""physical_error_rate"":0.001}","{""detection_events"":32521,""detectors_checked"":6780928,""obs_mistake_mask=E"":1}"
       292,         0,         0,    32.7,exact_mw,a7c002779361d29bb296963a23dd35d34b706f38009a8e2e2f5aee9a5ee0acdb,"{""distance"":7,""physical_error_rate"":0.005}","{""detection_events"":4361,""detectors_checked"":175784}"
       200,        10,         0,    16.8,exact_mw,834abdd41b1b65931acfd3ee091dfffbb9772582814260e519c7dbaf7b14ebec,"{""distance"":7,""physical_error_rate"":0.02}","{""detection_events"":10569,""detectors_checked"":120400,""obs_mistake_mask=E"":10}"
      1792,         0,         0,    6.73,exact_mw,f9daf7670c28e8b8b7ac9af8e1984263f26063cb589f7a54f43332f7ce5001d2,"{""distance"":7,""physical_error_rate"":0.002}","{""detection_events"":10381,""detectors_checked"":1078784}"
      1024,         1,         0,    16.8,exact_mw,a7c002779361d29bb296963a23dd35d34b706f38009a8e2e2f5aee9a5ee0acdb,"{""distance"":7,""physical_error_rate"":0.005}","{""detection_events"":14879,""detectors_checked"":616448,""obs_mistake_mask=E"":1}"
      4352,         1,         0,    16.5,exact_mw,f9daf7670c28e8b8b7ac9af8e1984263f26063cb589f7a54f43332f7ce5001d2,"{""distance"":7,""physical_error_rate"":0.002}","{""detection_events"":25202,""detectors_checked"":2619904,""obs_mistake_mask=E"":1}"
       768,        37,         0,    32.7,exact_mw,834abdd41b1b65931acfd3ee091dfffbb9772582814260e519c7dbaf7b14ebec,"{""distance"":7,""physical_error_rate"":0.02}","{""detection_events"":39863,""detectors_checked"":462336,""obs_mistake_mask=E"":37}"
     14336,         1,         0,    32.5,exact_mw,a17a1dfb4cb0509fbcf9caf9ce6f4704b111f022b15740e51c84c2b7e14a6407,"{""distance"":7,""physical_error_rate"":0.001}","{""detection_events"":42467,""detectors_checked"":8630272,""obs_mistake_mask=E"":1}"
       240,        14,         0,    8.71,exact_mw,834abdd41b1b65931acfd3ee091dfffbb9772582814260e519c7dbaf7b14ebec,"{""distance"":7,""physical_error_rate"":0.02}","{""detection_events"":12426,""detectors_checked"":144480,""obs_mistake_mask=E"":14}"
       320,         3,         0,    8.70,exact_mw,73653d459d83448bea9c32985aa9fd156ebef5824b05d1ed55d386d98a968072,"{""distance"":7,""physical_error_rate"":0.01}","{""detection_events"":9147,""detectors_checked"":192640,""obs_mistake_mask=E"":3}"
     46080,         0,         0,    4.32,exact_mw,c5b9b378753080b028cc9d6f4434ddf95ab0a61b3333c7295fd718d5436747fc,"{""distance"":7,""physical_error_rate"":0.0001}","{""detection_events"":13394,""detectors_checked"":27740160}"
    673792,         0,         0,    8.30,exact_mw,590a535fae2c18c7445aa3259c8038467453e1d6a10b68541c755b2dcb29eb74,"{""distance"":7,""physical_error_rate"":5e-05}","{""detection_events"":99713,""detectors_checked"":405622784}"
        72,         0,         0,    11.9,exact_mw,73653d459d83448bea9c32985aa9fd156ebef5824b05d1ed55d386d98a968072,"{""distance"":7,""physical_error_rate"":0.01}","{""detection_events"":1899,""detectors_checked"":43344}"
        32,         0,         0,    6.33,exact_mw,73653d459d83448bea9c32985aa9fd156ebef5824b05d1ed55d386d98a968072,"{""distance"":7,""physical_error_rate"":0.01}","{""detection_events"":885,""detectors_checked"":19264}"
       416,         0,         0,    8.41,exact_mw,a7c002779361d29bb296963a23dd35d34b706f38009a8e2e2f5aee9a5ee0acdb,"{""distance"":7,""physical_error_rate"":0.005}","{""detection_events"":5976,""detectors_checked"":250432}"
    522240,         0,         0,    11.7,exact_mw,fb98ac5f0d986856d2cb4e87c937a37162f60383230d2323a40d4b2e77ef556c,"{""distance"":7,""physical_error_rate"":0.0002}","{""detection_events"":310343,""detectors_checked"":314388480}"
    259072,         0,         0,    32.0,exact_mw,fb98ac5f0d986856d2cb4e87c937a37162f60383230d2323a40d4b2e77ef556c,"{""distance"":7,""physical_error_rate"":0.0002}","{""detection_events"":154915,""detectors_checked"":155961344}"
    862208,         0,         0,    11.6,exact_mw,c5b9b378753080b028cc9d6f4434ddf95ab0a61b3333c7295fd718d5436747fc,"{""distance"":7,""physical_error_rate"":0.0001}","{""detection_events"":256267,""detectors_checked"":519049216}"
   1690624,         1,         0,    22.8,exact_mw,c5b9b378753080b028cc9d6f4434ddf95ab0a61b3333c7295fd718d5436747fc,"{""distance"":7,""physical_error_rate"":0.0001}","{""detection_events"":499778,""detectors_checked"":1017755648,""obs_mistake_mask=E"":1}"
    947200,         0,         0,    11.6,exact_mw,590a535fae2c18c7445aa3259c8038467453e1d6a10b68541c755b2dcb29eb74,"{""distance"":7,""physical_error_rate"":5e-05}","{""detection_events"":142191,""detectors_checked"":570214400}"
     86016,         0,         0,    11.7,exact_mw,8973b2281876bd917be29e6214e197de75d185bf3f5e531e264555f10574746e,"{""distance"":7,""physical_error_rate"":0.0005}","{""detection_events"":126188,""detectors_checked"":51781632}"
    224256,         0,         0,    32.2,exact_mw,8973b2281876bd917be29e6214e197de75d185bf3f5e531e264555f10574746e,"{""distance"":7,""physical_error_rate"":0.0005}","{""detection_events"":332770,""detectors_checked"":135002112}"
   1016832,         0,         0,    22.8,exact_mw,fb98ac5f0d986856d2cb4e87c937a37162f60383230d2323a40d4b2e77ef556c,"{""distance"":7,""physical_error_rate"":0.0002}","{""detection_events"":602034,""detectors_checked"":612132864}"
   1845248,         0,         0,    22.7,exact_mw,590a535fae2c18c7445aa3259c8038467453e1d6a10b68541c755b2dcb29eb74,"{""distance"":7,""physical_error_rate"":5e-05}","{""detection_events"":272643,""detectors_checked"":1110839296}"
         1,         0,         0,   0.056,exact_mw,834abdd41b1b65931acfd3ee091dfffbb9772582814260e519c7dbaf7b14ebec,"{""distance"":7,""physical_error_rate"":0.02}","{""detection_events"":46,""detectors_checked"":602}"
      2048,         0,         0,    8.38,exact_mw,f9daf7670c28e8b8b7ac9af8e1984263f26063cb589f7a54f43332f7ce5001d2,"{""distance"":7,""physical_error_rate"":0.002}","{""detection_events"":12322,""detectors_checked"":1232896}"
         8,         0,         0,   0.483,exact_mw,834abdd41b1b65931acfd3ee091dfffbb9772582814260e519c7dbaf7b14ebec,"{""distance"":7,""physical_error_rate"":0.02}","{""detection_events"":395,""detectors_checked"":4816}"
     58368,         0,         0,    5.93,exact_mw,c5b9b378753080b028cc9d6f4434ddf95ab0a61b3333c7295fd718d5436747fc,"{""distance"":7,""physical_error_rate"":0.0001}","{""detection_events"":17389,""detectors_checked"":35137536}"
         8,         1,         0,   0.489,exact_mw,834abdd41b1b65931acfd3ee091dfffbb9772582814260e519c7dbaf7b14ebec,"{""distance"":7,""physical_error_rate"":0.02}","{""detection_events"":393,""detectors_checked"":4816,""obs_mistake_mask=E"":1}"
         8,         1,         0,   0.431,exact_mw,834abdd41b1b65931acfd3ee091dfffbb9772582814260e519c7dbaf7b14ebec,"{""distance"":7,""physical_error_rate"":0.02}","{""detection_events"":416,""detectors_checked"":4816,""obs_mistake_mask=E"":1}"
         8,         1,         0,   0.432,exact_mw,834abdd41b1b65931acfd3ee091dfffbb9772582814260e519c7dbaf7b14ebec,"{""distance"":7,""physical_error_rate"":0.02}","{""detection_events"":403,""detectors_checked"":4816,""obs_mistake_mask=E"":1}"
         8,         0,         0,   0.391,exact_mw,834abdd41b1b65931acfd3ee091dfffbb9772582814260e519c7dbaf7b14ebec,"{""distance"":7,""physical_error_rate"":0.02}","{""detection_events"":448,""detectors_checked"":4816}"
         8,         0,         0,   0.465,exact_mw,834abdd41b1b65931acfd3ee091dfffbb9772582814260e519c7dbaf7b14ebec,"{""distance"":7,""physical_error_rate"":0.02}","{""detection_events"":392,""detectors_checked"":4816}"
     14336,         0,         0,    12.0,exact_mw,a17a1dfb4cb0509fbcf9caf9ce6f4704b111f022b15740e51c84c2b7e14a6407,"{""distance"":7,""physical_error_rate"":0.001}","{""detection_events"":41683,""detectors_checked"":8630272}"
      1280,         9,         0,    32.8,exact_mw,73653d459d83448bea9c32985aa9fd156ebef5824b05d1ed55d386d98a968072,"{""distance"":7,""physical_error_rate"":0.01}","{""detection_events"":35591,""detectors_checked"":770560,""obs_mistake_mask=E"":9}"
       736,         1,         0,    16.9,exact_mw,a7c002779361d29bb296963a23dd35d34b706f38009a8e2e2f5aee9a5ee0acdb,"{""distance"":7,""physical_error_rate"":0.005}","{""detection_events"":11145,""detectors_checked"":443072,""obs_mistake_mask=E"":1}"
         8,         0,         0,   0.485,exact_mw,834abdd41b1b65931acfd3ee091dfffbb9772582814260e519c7dbaf7b14ebec,"{""distance"":7,""physical_error_rate"":0.02}","{""detection_events"":428,""detectors_checked"":4816}"
      8832,         0,         0,    32.3,exact_mw,f9daf7670c28e8b8b7ac9af8e1984263f26063cb589f7a54f43332f7ce5001d2,"{""distance"":7,""physical_error_rate"":0.002}","{""detection_events"":50970,""detectors_checked"":5316864}"
         8,         1,         0,   0.486,exact_mw,834abdd41b1b65931acfd3ee091dfffbb9772582814260e519c7dbaf7b14ebec,"{""distance"":7,""physical_error_rate"":0.02}","{""detection_events"":455,""detectors_checked"":4816,""obs_mistake_mask=E"":1}"
         8,         1,         0,   0.484,exact_mw,834abdd41b1b65931acfd3ee091dfffbb9772582814260e519c7dbaf7b14ebec,"{""distance"":7,""physical_error_rate"":0.02}","{""detection_events"":430,""detectors_checked"":4816,""obs_mistake_mask=E"":1}"
    247808,         0,         0,    22.6,exact_mw,590a535fae2c18c7445aa3259c8038467453e1d6a10b68541c755b2dcb29eb74,"{""distance"":7,""physical_error_rate"":5e-05}","{""detection_events"":36401,""detectors_checked"":149180416}"
         8,         0,         0,   0.485,exact_mw,834abdd41b1b65931acfd3ee091dfffbb9772582814260e519c7dbaf7b14ebec,"{""distance"":7,""physical_error_rate"":0.02}","{""detection_events"":430,""detectors_checked"":4816}"
       114,         3,         0,    32.3,exact_mw,834abdd41b1b65931acfd3ee091dfffbb9772582814260e519c7dbaf7b14ebec,"{""distance"":7,""physical_error_rate"":0.02}","{""detection_events"":6006,""detectors_checked"":68628,""obs_mistake_mask=E"":3}"
     48640,         0,         0,    23.6,exact_mw,8973b2281876bd917be29e6214e197de75d185bf3f5e531e264555f10574746e,"{""distance"":7,""physical_error_rate"":0.0005}","{""detection_events"":70824,""detectors_checked"":29281280}"
         8,         0,         0,   0.483,exact_mw,834abdd41b1b65931acfd3ee091dfffbb9772582814260e519c7dbaf7b14ebec,"{""distance"":7,""physical_error_rate"":0.02}","{""detection_events"":413,""detectors_checked"":4816}"
        44,         1,         0,    8.83,exact_mw,73653d459d83448bea9c32985aa9fd156ebef5824b05d1ed55d386d98a968072,"{""distance"":7,""physical_error_rate"":0.01}","{""detection_events"":1214,""detectors_checked"":26488,""obs_mistake_mask=E"":1}"
      1232,         9,         0,    32.3,exact_mw,73653d459d83448bea9c32985aa9fd156ebef5824b05d1ed55d386d98a968072,"{""distance"":7,""physical_error_rate"":0.01}","{""detection_events"":34930,""detectors_checked"":741664,""obs_mistake_mask=E"":9}"
     33792,         1,         0,    32.2,exact_mw,a17a1dfb4cb0509fbcf9caf9ce6f4704b111f022b15740e51c84c2b7e14a6407,"{""distance"":7,""physical_error_rate"":0.001}","{""detection_events"":99648,""detectors_checked"":20342784,""obs_mistake_mask=E"":1}"
       336,        11,         0,    12.1,exact_mw,834abdd41b1b65931acfd3ee091dfffbb9772582814260e519c7dbaf7b14ebec,"{""distance"":7,""physical_error_rate"":0.02}","{""detection_events"":17564,""detectors_checked"":202272,""obs_mistake_mask=E"":11}"
        16,         3,         0,   0.965,exact_mw,834abdd41b1b65931acfd3ee091dfffbb9772582814260e519c7dbaf7b14ebec,"{""distance"":7,""physical_error_rate"":0.02}","{""detection_events"":948,""detectors_checked"":9632,""obs_mistake_mask=E"":3}"
       336,         2,         0,    12.0,exact_mw,73653d459d83448bea9c32985aa9fd156ebef5824b05d1ed55d386d98a968072,"{""distance"":7,""physical_error_rate"":0.01}","{""detection_events"":9520,""detectors_checked"":202272,""obs_mistake_mask=E"":2}"
        16,         0,         0,   0.955,exact_mw,834abdd41b1b65931acfd3ee091dfffbb9772582814260e519c7dbaf7b14ebec,"{""distance"":7,""physical_error_rate"":0.02}","{""detection_events"":882,""detectors_checked"":9632}"
    947200,         0,         0,    11.6,exact_mw,590a535fae2c18c7445aa3259c8038467453e1d6a10b68541c755b2dcb29eb74,"{""distance"":7,""physical_error_rate"":5e-05}","{""detection_events"":142106,""detectors_checked"":570214400}"
     29696,         0,         0,    23.6,exact_mw,a17a1dfb4cb0509fbcf9caf9ce6f4704b111f022b15740e51c84c2b7e14a6407,"{""distance"":7,""physical_error_rate"":0.001}","{""detection_events"":87094,""detectors_checked"":17876992}"
       768,         1,         0,    11.8,exact_mw,a7c002779361d29bb296963a23dd35d34b706f38009a8e2e2f5aee9a5ee0acdb,"{""distance"":7,""physical_error_rate"":0.005}","{""detection_events"":11040,""detectors_checked"":462336,""obs_mistake_mask=E"":1}"
        24,         0,         0,    1.39,exact_mw,834abdd41b1b65931acfd3ee091dfffbb9772582814260e519c7dbaf7b14ebec,"{""distance"":7,""physical_error_rate"":0.02}","{""detection_events"":1226,""detectors_checked"":14448}"
     83968,         0,         0,    8.40,exact_mw,c5b9b378753080b028cc9d6f4434ddf95ab0a61b3333c7295fd718d5436747fc,"{""distance"":7,""physical_error_rate"":0.0001}","{""detection_events"":24784,""detectors_checked"":50548736}"
      1280,         1,         0,    36.8,exact_mw,f9daf7670c28e8b8b7ac9af8e1984263f26063cb589f7a54f43332f7ce5001d2,"{""distance"":7,""physical_error_rate"":0.002}","{""detection_events"":7687,""detectors_checked"":770560,""obs_mistake_mask=E"":1}"
        32,         1,         0,    1.82,exact_mw,834abdd41b1b65931acfd3ee091dfffbb9772582814260e519c7dbaf7b14ebec,"{""distance"":7,""physical_error_rate"":0.02}","{""detection_events"":1647,""detectors_checked"":19264,""obs_mistake_mask=E"":1}"
      1504,         4,         0,    23.4,exact_mw,a7c002779361d29bb296963a23dd35d34b706f38009a8e2e2f5aee9a5ee0acdb,"{""distance"":7,""physical_error_rate"":0.005}","{""detection_events"":21770,""detectors_checked"":905408,""obs_mistake_mask=E"":4}"
      3328,         0,         0,    12.1,exact_mw,f9daf7670c28e8b8b7ac9af8e1984263f26063cb589f7a54f43332f7ce5001d2,"{""distance"":7,""physical_error_rate"":0.002}","{""detection_events"":19843,""detectors_checked"":2003456}"
        40,         1,         0,    2.30,exact_mw,834abdd41b1b65931acfd3ee091dfffbb9772582814260e519c7dbaf7b14ebec,"{""distance"":7,""physical_error_rate"":0.02}","{""detection_events"":2020,""detectors_checked"":24080,""obs_mistake_mask=E"":1}"
        80,         0,         0,    16.5,exact_mw,73653d459d83448bea9c32985aa9fd156ebef5824b05d1ed55d386d98a968072,"{""distance"":7,""physical_error_rate"":0.01}","{""detection_events"":2263,""detectors_checked"":48160}"
    739328,         0,         0,    16.3,exact_mw,fb98ac5f0d986856d2cb4e87c937a37162f60383230d2323a40d4b2e77ef556c,"{""distance"":7,""physical_error_rate"":0.0002}","{""detection_events"":438281,""detectors_checked"":445075456}"
   1205248,         0,         0,    16.3,exact_mw,c5b9b378753080b028cc9d6f4434ddf95ab0a61b3333c7295fd718d5436747fc,"{""distance"":7,""physical_error_rate"":0.0001}","{""detection_events"":360073,""detectors_checked"":725559296}"
   1347584,         0,         0,    16.3,exact_mw,590a535fae2c18c7445aa3259c8038467453e1d6a10b68541c755b2dcb29eb74,"{""distance"":7,""physical_error_rate"":5e-05}","{""detection_events"":202116,""detectors_checked"":811245568}"
    114688,         0,         0,    16.5,exact_mw,8973b2281876bd917be29e6214e197de75d185bf3f5e531e264555f10574746e,"{""distance"":7,""physical_error_rate"":0.0005}","{""detection_events"":172241,""detectors_checked"":69042176}"
       640,        30,         0,    23.4,exact_mw,834abdd41b1b65931acfd3ee091dfffbb9772582814260e519c7dbaf7b14ebec,"{""distance"":7,""physical_error_rate"":0.02}","{""detection_events"":33669,""detectors_checked"":385280,""obs_mistake_mask=E"":30}"
      6144,         0,         0,    23.0,exact_mw,f9daf7670c28e8b8b7ac9af8e1984263f26063cb589f7a54f43332f7ce5001d2,"{""distance"":7,""physical_error_rate"":0.002}","{""detection_events"":36056,""detectors_checked"":3698688}"
        56,         2,         0,    3.14,exact_mw,834abdd41b1b65931acfd3ee091dfffbb9772582814260e519c7dbaf7b14ebec,"{""distance"":7,""physical_error_rate"":0.02}","{""detection_events"":2896,""detectors_checked"":33712,""obs_mistake_mask=E"":2}"
      1600,         5,         0,    23.5,exact_mw,a7c002779361d29bb296963a23dd35d34b706f38009a8e2e2f5aee9a5ee0acdb,"{""distance"":7,""physical_error_rate"":0.005}","{""detection_events"":22936,""detectors_checked"":963200,""obs_mistake_mask=E"":5}"
   4097024,         0,         0,    44.6,exact_mw,590a535fae2c18c7445aa3259c8038467453e1d6a10b68541c755b2dcb29eb74,"{""distance"":7,""physical_error_rate"":5e-05}","{""detection_events"":606239,""detectors_checked"":2466408448}"
        56,         1,         0,    12.2,exact_mw,73653d459d83448bea9c32985aa9fd156ebef5824b05d1ed55d386d98a968072,"{""distance"":7,""physical_error_rate"":0.01}","{""detection_events"":1565,""detectors_checked"":33712,""obs_mistake_mask=E"":1}"
     20480,         1,         0,    17.0,exact_mw,a17a1dfb4cb0509fbcf9caf9ce6f4704b111f022b15740e51c84c2b7e14a6407,"{""distance"":7,""physical_error_rate"":0.001}","{""detection_events"":60394,""detectors_checked"":12328960,""obs_mistake_mask=E"":1}"
        80,         4,         0,    4.62,exact_mw,834abdd41b1b65931acfd3ee091dfffbb9772582814260e519c7dbaf7b14ebec,"{""distance"":7,""physical_error_rate"":0.02}","{""detection_events"":4046,""detectors_checked"":48160,""obs_mistake_mask=E"":4}"
    107520,         0,         0,    11.6,exact_mw,c5b9b378753080b028cc9d6f4434ddf95ab0a61b3333c7295fd718d5436747fc,"{""distance"":7,""physical_error_rate"":0.0001}","{""detection_events"":32007,""detectors_checked"":64727040}"
   3485696,         0,         0,    44.7,exact_mw,c5b9b378753080b028cc9d6f4434ddf95ab0a61b3333c7295fd718d5436747fc,"{""distance"":7,""physical_error_rate"":0.0001}","{""detection_events"":1035535,""detectors_checked"":2098388992}"
      3520,         4,         0,    45.3,exact_mw,a7c002779361d29bb296963a23dd35d34b706f38009a8e2e2f5aee9a5ee0acdb,"{""distance"":7,""physical_error_rate"":0.005}","{""detection_events"":50110,""detectors_checked"":2119040,""obs_mistake_mask=E"":4}"
       464,        22,         0,    16.9,exact_mw,834abdd41b1b65931acfd3ee091dfffbb9772582814260e519c7dbaf7b14ebec,"{""distance"":7,""physical_error_rate"":0.02}","{""detection_events"":24241,""detectors_checked"":279328,""obs_mistake_mask=E"":22}"
   2900992,         3,         0,    44.8,exact_mw,fb98ac5f0d986856d2cb4e87c937a37162f60383230d2323a40d4b2e77ef556c,"{""distance"":7,""physical_error_rate"":0.0002}","{""detection_events"":1718254,""detectors_checked"":1746397184,""obs_mistake_mask=E"":3}"
   2051072,         0,         0,    44.8,exact_mw,fb98ac5f0d986856d2cb4e87c937a37162f60383230d2323a40d4b2e77ef556c,"{""distance"":7,""physical_error_rate"":0.0002}","{""detection_events"":1212455,""detectors_checked"":1234745344}"
       640,         3,         0,    16.8,exact_mw,73653d459d83448bea9c32985aa9fd156ebef5824b05d1ed55d386d98a968072,"{""distance"":7,""physical_error_rate"":0.01}","{""detection_events"":17438,""detectors_checked"":385280,""obs_mistake_mask=E"":3}"
   1332224,         0,         0,    16.3,exact_mw,590a535fae2c18c7445aa3259c8038467453e1d6a10b68541c755b2dcb29eb74,"{""distance"":7,""physical_error_rate"":5e-05}","{""detection_events"":198287,""detectors_checked"":801998848}"
    331776,         2,         0,    45.0,exact_mw,8973b2281876bd917be29e6214e197de75d185bf3f5e531e264555f10574746e,"{""distance"":7,""physical_error_rate"":0.0005}","{""detection_events"":491351,""detectors_checked"":199729152,""obs_mistake_mask=E"":2}"
   2862080,         0,         0,    44.7,exact_mw,c5b9b378753080b028cc9d6f4434ddf95ab0a61b3333c7295fd718d5436747fc,"{""distance"":7,""physical_error_rate"":0.0001}","{""detection_events"":847291,""detectors_checked"":1722972160}"
      1184,         1,         0,    16.6,exact_mw,a7c002779361d29bb296963a23dd35d34b706f38009a8e2e2f5aee9a5ee0acdb,"{""distance"":7,""physical_error_rate"":0.005}","{""detection_events"":16971,""detectors_checked"":712768,""obs_mistake_mask=E"":1}"
   1036288,         0,         0,    44.7,exact_mw,590a535fae2c18c7445aa3259c8038467453e1d6a10b68541c755b2dcb29eb74,"{""distance"":7,""physical_error_rate"":5e-05}","{""detection_events"":153036,""detectors_checked"":623845376}"
   3343360,         0,         0,    44.7,exact_mw,c5b9b378753080b028cc9d6f4434ddf95ab0a61b3333c7295fd718d5436747fc,"{""distance"":7,""physical_error_rate"":0.0001}","{""detection_events"":992423,""detectors_checked"":2012702720}"
   3325952,         0,         0,    44.7,exact_mw,c5b9b378753080b028cc9d6f4434ddf95ab0a61b3333c7295fd718d5436747fc,"{""distance"":7,""physical_error_rate"":0.0001}","{""detection_events"":984107,""detectors_checked"":2002223104}"
       992,         2,         0,    23.4,exact_mw,a7c002779361d29bb296963a23dd35d34b706f38009a8e2e2f5aee9a5ee0acdb,"{""distance"":7,""physical_error_rate"":0.005}","{""detection_events"":14145,""detectors_checked"":597184,""obs_mistake_mask=E"":2}"
       104,         7,         0,    6.04,exact_mw,834abdd41b1b65931acfd3ee091dfffbb9772582814260e519c7dbaf7b14ebec,"{""distance"":7,""physical_error_rate"":0.02}","{""detection_events"":5597,""detectors_checked"":62608,""obs_mistake_mask=E"":7}"
   2038784,         0,         0,    44.8,exact_mw,fb98ac5f0d986856d2cb4e87c937a37162f60383230d2323a40d4b2e77ef556c,"{""distance"":7,""physical_error_rate"":0.0002}","{""detection_events"":1206901,""detectors_checked"":1227347968}"
    321536,         0,         0,    45.0,exact_mw,8973b2281876bd917be29e6214e197de75d185bf3f5e531e264555f10574746e,"{""distance"":7,""physical_error_rate"":0.0005}","{""detection_events"":476070,""detectors_checked"":193564672}"
   2798592,         0,         0,    44.6,exact_mw,590a535fae2c18c7445aa3259c8038467453e1d6a10b68541c755b2dcb29eb74,"{""distance"":7,""physical_error_rate"":5e-05}","{""detection_events"":414734,""detectors_checked"":1684752384}"
     58368,         0,         0,    45.5,exact_mw,8973b2281876bd917be29e6214e197de75d185bf3f5e531e264555f10574746e,"{""distance"":7,""physical_error_rate"":0.0005}","{""detection_events"":86730,""detectors_checked"":35137536}"
      4352,         0,         0,    16.5,exact_mw,f9daf7670c28e8b8b7ac9af8e1984263f26063cb589f7a54f43332f7ce5001d2,"{""distance"":7,""physical_error_rate"":0.002}","{""detection_events"":25462,""detectors_checked"":2619904}"
   2383872,         0,         0,    31.9,exact_mw,c5b9b378753080b028cc9d6f4434ddf95ab0a61b3333c7295fd718d5436747fc,"{""distance"":7,""physical_error_rate"":0.0001}","{""detection_events"":711024,""detectors_checked"":1435090944}"
     11520,         3,         0,    45.1,exact_mw,f9daf7670c28e8b8b7ac9af8e1984263f26063cb589f7a54f43332f7ce5001d2,"{""distance"":7,""physical_error_rate"":0.002}","{""detection_events"":68104,""detectors_checked"":6935040,""obs_mistake_mask=E"":3}"
      1952,        11,         0,    45.6,exact_mw,73653d459d83448bea9c32985aa9fd156ebef5824b05d1ed55d386d98a968072,"{""distance"":7,""physical_error_rate"":0.01}","{""detection_events"":54182,""detectors_checked"":1175104,""obs_mistake_mask=E"":11}"
    312320,         1,         0,    45.1,exact_mw,8973b2281876bd917be29e6214e197de75d185bf3f5e531e264555f10574746e,"{""distance"":7,""physical_error_rate"":0.0005}","{""detection_events"":462110,""detectors_checked"":188016640,""obs_mistake_mask=E"":1}"
     59904,         0,         0,    45.0,exact_mw,a17a1dfb4cb0509fbcf9caf9ce6f4704b111f022b15740e51c84c2b7e14a6407,"{""distance"":7,""physical_error_rate"":0.001}","{""detection_events"":176873,""detectors_checked"":36062208}"
      1120,        52,         0,    45.3,exact_mw,834abdd41b1b65931acfd3ee091dfffbb9772582814260e519c7dbaf7b14ebec,"{""distance"":7,""physical_error_rate"":0.02}","{""detection_events"":58934,""detectors_checked"":674240,""obs_mistake_mask=E"":52}"
   1451008,         0,         0,    32.0,exact_mw,fb98ac5f0d986856d2cb4e87c937a37162f60383230d2323a40d4b2e77ef556c,"{""distance"":7,""physical_error_rate"":0.0002}","{""detection_events"":863288,""detectors_checked"":873506816}"
   2615296,         0,         0,    31.9,exact_mw,590a535fae2c18c7445aa3259c8038467453e1d6a10b68541c755b2dcb29eb74,"{""distance"":7,""physical_error_rate"":5e-05}","{""detection_events"":389473,""detectors_checked"":1574408192}"
      3072,         3,         0,    45.5,exact_mw,a7c002779361d29bb296963a23dd35d34b706f38009a8e2e2f5aee9a5ee0acdb,"{""distance"":7,""physical_error_rate"":0.005}","{""detection_events"":44578,""detectors_checked"":1849344,""obs_mistake_mask=E"":3}"
       162,         8,         0,    45.4,exact_mw,834abdd41b1b65931acfd3ee091dfffbb9772582814260e519c7dbaf7b14ebec,"{""distance"":7,""physical_error_rate"":0.02}","{""detection_events"":8529,""detectors_checked"":97524,""obs_mistake_mask=E"":8}"
    266240,         0,         0,    45.1,exact_mw,fb98ac5f0d986856d2cb4e87c937a37162f60383230d2323a40d4b2e77ef556c,"{""distance"":7,""physical_error_rate"":0.0002}","{""detection_events"":158631,""detectors_checked"":160276480}"
     55808,         0,         0,    45.1,exact_mw,a17a1dfb4cb0509fbcf9caf9ce6f4704b111f022b15740e51c84c2b7e14a6407,"{""distance"":7,""physical_error_rate"":0.001}","{""detection_events"":164513,""detectors_checked"":33596416}"
      1248,        53,         0,    45.3,exact_mw,834abdd41b1b65931acfd3ee091dfffbb9772582814260e519c7dbaf7b14ebec,"{""distance"":7,""physical_error_rate"":0.02}","{""detection_events"":65210,""detectors_checked"":751296,""obs_mistake_mask=E"":53}"
      1824,        22,         0,    45.7,exact_mw,73653d459d83448bea9c32985aa9fd156ebef5824b05d1ed55d386d98a968072,"{""distance"":7,""physical_error_rate"":0.01}","{""detection_events"":50439,""detectors_checked"":1098048,""obs_mistake_mask=E"":22}"
        76,         1,         0,    17.0,exact_mw,73653d459d83448bea9c32985aa9fd156ebef5824b05d1ed55d386d98a968072,"{""distance"":7,""physical_error_rate"":0.01}","{""detection_events"":2117,""detectors_checked"":45752,""obs_mistake_mask=E"":1}"
     55296,         1,         0,    45.5,exact_mw,a17a1dfb4cb0509fbcf9caf9ce6f4704b111f022b15740e51c84c2b7e14a6407,"{""distance"":7,""physical_error_rate"":0.001}","{""detection_events"":162609,""detectors_checked"":33288192,""obs_mistake_mask=E"":1}"
      1568,         1,         0,    46.0,exact_mw,f9daf7670c28e8b8b7ac9af8e1984263f26063cb589f7a54f43332f7ce5001d2,"{""distance"":7,""physical_error_rate"":0.002}","{""detection_events"":9161,""detectors_checked"":943936,""obs_mistake_mask=E"":1}"
     11648,         1,         0,    46.2,exact_mw,f9daf7670c28e8b8b7ac9af8e1984263f26063cb589f7a54f43332f7ce5001d2,"{""distance"":7,""physical_error_rate"":0.002}","{""detection_events"":68965,""detectors_checked"":7012096,""obs_mistake_mask=E"":1}"
       160,         5,         0,    8.82,exact_mw,834abdd41b1b65931acfd3ee091dfffbb9772582814260e519c7dbaf7b14ebec,"{""distance"":7,""physical_error_rate"":0.02}","{""detection_events"":8290,""detectors_checked"":96320,""obs_mistake_mask=E"":5}"
       104,         2,         0,    23.4,exact_mw,73653d459d83448bea9c32985aa9fd156ebef5824b05d1ed55d386d98a968072,"{""distance"":7,""physical_error_rate"":0.01}","{""detection_events"":2815,""detectors_checked"":62608,""obs_mistake_mask=E"":2}"
    326656,         0,         0,    32.0,exact_mw,590a535fae2c18c7445aa3259c8038467453e1d6a10b68541c755b2dcb29eb74,"{""distance"":7,""physical_error_rate"":5e-05}","{""detection_events"":48358,""detectors_checked"":196646912}"
       360,         0,         0,    45.0,exact_mw,a7c002779361d29bb296963a23dd35d34b706f38009a8e2e2f5aee9a5ee0acdb,"{""distance"":7,""physical_error_rate"":0.005}","{""detection_events"":5002,""detectors_checked"":216720}"
   1060864,         0,         0,    22.8,exact_mw,fb98ac5f0d986856d2cb4e87c937a37162f60383230d2323a40d4b2e77ef556c,"{""distance"":7,""physical_error_rate"":0.0002}","{""detection_events"":629691,""detectors_checked"":638640128}"
   1699840,         1,         0,    22.8,exact_mw,c5b9b378753080b028cc9d6f4434ddf95ab0a61b3333c7295fd718d5436747fc,"{""distance"":7,""physical_error_rate"":0.0001}","{""detection_events"":504096,""detectors_checked"":1023303680,""obs_mistake_mask=E"":1}"
     29184,         0,         0,    32.4,exact_mw,8973b2281876bd917be29e6214e197de75d185bf3f5e531e264555f10574746e,"{""distance"":7,""physical_error_rate"":0.0005}","{""detection_events"":43393,""detectors_checked"":17568768}"
    149504,         0,         0,    16.2,exact_mw,c5b9b378753080b028cc9d6f4434ddf95ab0a61b3333c7295fd718d5436747fc,"{""distance"":7,""physical_error_rate"":0.0001}","{""detection_events"":44632,""detectors_checked"":90001408}"
   1879040,         0,         0,    22.8,exact_mw,590a535fae2c18c7445aa3259c8038467453e1d6a10b68541c755b2dcb29eb74,"{""distance"":7,""physical_error_rate"":5e-05}","{""detection_events"":279991,""detectors_checked"":1131182080}"
    165888,         0,         0,    23.0,exact_mw,8973b2281876bd917be29e6214e197de75d185bf3f5e531e264555f10574746e,"{""distance"":7,""physical_error_rate"":0.0005}","{""detection_events"":245037,""detectors_checked"":99864576}"
       832,        37,         0,    45.6,exact_mw,834abdd41b1b65931acfd3ee091dfffbb9772582814260e519c7dbaf7b14ebec,"{""distance"":7,""physical_error_rate"":0.02}","{""detection_events"":44043,""detectors_checked"":500864,""obs_mistake_mask=E"":37}"
      7168,         0,         0,    45.5,exact_mw,a17a1dfb4cb0509fbcf9caf9ce6f4704b111f022b15740e51c84c2b7e14a6407,"{""distance"":7,""physical_error_rate"":0.001}","{""detection_events"":20800,""detectors_checked"":4315136}"
     40960,         0,         0,    32.7,exact_mw,a17a1dfb4cb0509fbcf9caf9ce6f4704b111f022b15740e51c84c2b7e14a6407,"{""distance"":7,""physical_error_rate"":0.001}","{""detection_events"":120696,""detectors_checked"":24657920}"
    389120,         0,         0,    44.9,exact_mw,fb98ac5f0d986856d2cb4e87c937a37162f60383230d2323a40d4b2e77ef556c,"{""distance"":7,""physical_error_rate"":0.0002}","{""detection_events"":230982,""detectors_checked"":234250240}"
     27648,         1,         0,    23.7,exact_mw,a17a1dfb4cb0509fbcf9caf9ce6f4704b111f022b15740e51c84c2b7e14a6407,"{""distance"":7,""physical_error_rate"":0.001}","{""detection_events"":81187,""detectors_checked"":16644096,""obs_mistake_mask=E"":1}"
      2080,         1,         0,    32.3,exact_mw,a7c002779361d29bb296963a23dd35d34b706f38009a8e2e2f5aee9a5ee0acdb,"{""distance"":7,""physical_error_rate"":0.005}","{""detection_events"":30441,""detectors_checked"":1252160,""obs_mistake_mask=E"":1}"
    297984,         0,         0,    45.5,exact_mw,8973b2281876bd917be29e6214e197de75d185bf3f5e531e264555f10574746e,"{""distance"":7,""physical_error_rate"":0.0005}","{""detection_events"":439794,""detectors_checked"":179386368}"
       448,        18,         0,    23.3,exact_mw,834abdd41b1b65931acfd3ee091dfffbb9772582814260e519c7dbaf7b14ebec,"{""distance"":7,""physical_error_rate"":0.02}","{""detection_events"":24014,""detectors_checked"":269696,""obs_mistake_mask=E"":18}"
   1864704,         0,         0,    22.8,exact_mw,590a535fae2c18c7445aa3259c8038467453e1d6a10b68541c755b2dcb29eb74,"{""distance"":7,""physical_error_rate"":5e-05}","{""detection_events"":276112,""detectors_checked"":1122551808}"
       896,         5,         0,    23.4,exact_mw,73653d459d83448bea9c32985aa9fd156ebef5824b05d1ed55d386d98a968072,"{""distance"":7,""physical_error_rate"":0.01}","{""detection_events"":24581,""detectors_checked"":539392,""obs_mistake_mask=E"":5}"
       108,         5,         0,    12.6,exact_mw,834abdd41b1b65931acfd3ee091dfffbb9772582814260e519c7dbaf7b14ebec,"{""distance"":7,""physical_error_rate"":0.02}","{""detection_events"":5545,""detectors_checked"":65016,""obs_mistake_mask=E"":5}"
      8448,         1,         0,    32.4,exact_mw,f9daf7670c28e8b8b7ac9af8e1984263f26063cb589f7a54f43332f7ce5001d2,"{""distance"":7,""physical_error_rate"":0.002}","{""detection_events"":49784,""detectors_checked"":5085696,""obs_mistake_mask=E"":1}"
      2176,         4,         0,    32.2,exact_mw,a7c002779361d29bb296963a23dd35d34b706f38009a8e2e2f5aee9a5ee0acdb,"{""distance"":7,""physical_error_rate"":0.005}","{""detection_events"":31178,""detectors_checked"":1309952,""obs_mistake_mask=E"":4}"
       680,        36,         0,    33.0,exact_mw,834abdd41b1b65931acfd3ee091dfffbb9772582814260e519c7dbaf7b14ebec,"{""distance"":7,""physical_error_rate"":0.02}","{""detection_events"":35201,""detectors_checked"":409360,""obs_mistake_mask=E"":36}"
      1712,        15,         0,    45.1,exact_mw,73653d459d83448bea9c32985aa9fd156ebef5824b05d1ed55d386d98a968072,"{""distance"":7,""physical_error_rate"":0.01}","{""detection_events"":47659,""detectors_checked"":1030624,""obs_mistake_mask=E"":15}"
     11520,         0,         0,    45.3,exact_mw,f9daf7670c28e8b8b7ac9af8e1984263f26063cb589f7a54f43332f7ce5001d2,"{""distance"":7,""physical_error_rate"":0.002}","{""detection_events"":67439,""detectors_checked"":6935040}"
      1600,         3,         0,    24.3,exact_mw,a7c002779361d29bb296963a23dd35d34b706f38009a8e2e2f5aee9a5ee0acdb,"{""distance"":7,""physical_error_rate"":0.005}","{""detection_events"":23034,""detectors_checked"":963200,""obs_mistake_mask=E"":3}"
       412,        16,         0,    45.2,exact_mw,834abdd41b1b65931acfd3ee091dfffbb9772582814260e519c7dbaf7b14ebec,"{""distance"":7,""physical_error_rate"":0.02}","{""detection_events"":21338,""detectors_checked"":248024,""obs_mistake_mask=E"":16}"
      1760,        14,         0,    45.5,exact_mw,73653d459d83448bea9c32985aa9fd156ebef5824b05d1ed55d386d98a968072,"{""distance"":7,""physical_error_rate"":0.01}","{""detection_events"":48113,""detectors_checked"":1059520,""obs_mistake_mask=E"":14}"
     12608,         0,         0,    45.3,exact_mw,a17a1dfb4cb0509fbcf9caf9ce6f4704b111f022b15740e51c84c2b7e14a6407,"{""distance"":7,""physical_error_rate"":0.001}","{""detection_events"":36435,""detectors_checked"":7590016}"
      5888,         0,         0,    23.0,exact_mw,f9daf7670c28e8b8b7ac9af8e1984263f26063cb589f7a54f43332f7ce5001d2,"{""distance"":7,""physical_error_rate"":0.002}","{""detection_events"":34548,""detectors_checked"":3544576}"
      3824,         0,         0,    45.7,exact_mw,f9daf7670c28e8b8b7ac9af8e1984263f26063cb589f7a54f43332f7ce5001d2,"{""distance"":7,""physical_error_rate"":0.002}","{""detection_events"":22187,""detectors_checked"":2302048}"
       116,         0,         0,    23.3,exact_mw,73653d459d83448bea9c32985aa9fd156ebef5824b05d1ed55d386d98a968072,"{""distance"":7,""physical_error_rate"":0.01}","{""detection_events"":3311,""detectors_checked"":69832}"
      1456,         2,         0,    32.4,exact_mw,a7c002779361d29bb296963a23dd35d34b706f38009a8e2e2f5aee9a5ee0acdb,"{""distance"":7,""physical_error_rate"":0.005}","{""detection_events"":20850,""detectors_checked"":876512,""obs_mistake_mask=E"":2}"
    221184,         0,         0,    22.9,exact_mw,c5b9b378753080b028cc9d6f4434ddf95ab0a61b3333c7295fd718d5436747fc,"{""distance"":7,""physical_error_rate"":0.0001}","{""detection_events"":65538,""detectors_checked"":133152768}"
       138,         7,         0,    16.8,exact_mw,834abdd41b1b65931acfd3ee091dfffbb9772582814260e519c7dbaf7b14ebec,"{""distance"":7,""physical_error_rate"":0.02}","{""detection_events"":7293,""detectors_checked"":83076,""obs_mistake_mask=E"":7}"
       184,         0,         0,    32.3,exact_mw,73653d459d83448bea9c32985aa9fd156ebef5824b05d1ed55d386d98a968072,"{""distance"":7,""physical_error_rate"":0.01}","{""detection_events"":5022,""detectors_checked"":110768}"
   1461248,         0,         0,    32.0,exact_mw,fb98ac5f0d986856d2cb4e87c937a37162f60383230d2323a40d4b2e77ef556c,"{""distance"":7,""physical_error_rate"":0.0002}","{""detection_events"":864971,""detectors_checked"":879671296}"
   2385920,         0,         0,    31.9,exact_mw,c5b9b378753080b028cc9d6f4434ddf95ab0a61b3333c7295fd718d5436747fc,"{""distance"":7,""physical_error_rate"":0.0001}","{""detection_events"":707280,""detectors_checked"":1436323840}"
   2636800,         0,         0,    31.8,exact_mw,590a535fae2c18c7445aa3259c8038467453e1d6a10b68541c755b2dcb29eb74,"{""distance"":7,""physical_error_rate"":5e-05}","{""detection_events"":392491,""detectors_checked"":1587353600}"
    233472,         1,         0,    32.2,exact_mw,8973b2281876bd917be29e6214e197de75d185bf3f5e531e264555f10574746e,"{""distance"":7,""physical_error_rate"":0.0005}","{""detection_events"":344265,""detectors_checked"":140550144,""obs_mistake_mask=E"":1}"
   3336192,         0,         0,    44.7,exact_mw,c5b9b378753080b028cc9d6f4434ddf95ab0a61b3333c7295fd718d5436747fc,"{""distance"":7,""physical_error_rate"":0.0001}","{""detection_events"":985665,""detectors_checked"":2008387584}"
     39936,         1,         0,    32.7,exact_mw,a17a1dfb4cb0509fbcf9caf9ce6f4704b111f022b15740e51c84c2b7e14a6407,"{""distance"":7,""physical_error_rate"":0.001}","{""detection_events"":116693,""detectors_checked"":24041472,""obs_mistake_mask=E"":1}"
   2027520,         0,         0,    44.7,exact_mw,fb98ac5f0d986856d2cb4e87c937a37162f60383230d2323a40d4b2e77ef556c,"{""distance"":7,""physical_error_rate"":0.0002}","{""detection_events"":1200884,""detectors_checked"":1220567040}"
   3660800,         0,         0,    44.6,exact_mw,590a535fae2c18c7445aa3259c8038467453e1d6a10b68541c755b2dcb29eb74,"{""distance"":7,""physical_error_rate"":5e-05}","{""detection_events"":544765,""detectors_checked"":2203801600}"
       524,        23,         0,    32.4,exact_mw,834abdd41b1b65931acfd3ee091dfffbb9772582814260e519c7dbaf7b14ebec,"{""distance"":7,""physical_error_rate"":0.02}","{""detection_events"":27035,""detectors_checked"":315448,""obs_mistake_mask=E"":23}"
      1232,        56,         0,    45.3,exact_mw,834abdd41b1b65931acfd3ee091dfffbb9772582814260e519c7dbaf7b14ebec,"{""distance"":7,""physical_error_rate"":0.02}","{""detection_events"":64791,""detectors_checked"":741664,""obs_mistake_mask=E"":56}"
   2607104,         0,         0,    31.8,exact_mw,590a535fae2c18c7445aa3259c8038467453e1d6a10b68541c755b2dcb29eb74,"{""distance"":7,""physical_error_rate"":5e-05}","{""detection_events"":386548,""detectors_checked"":1569476608}"
       164,         8,         0,    46.5,exact_mw,834abdd41b1b65931acfd3ee091dfffbb9772582814260e519c7dbaf7b14ebec,"{""distance"":7,""physical_error_rate"":0.02}","{""detection_events"":8433,""detectors_checked"":98728,""obs_mistake_mask=E"":8}"
      1280,        13,         0,    32.2,exact_mw,73653d459d83448bea9c32985aa9fd156ebef5824b05d1ed55d386d98a968072,"{""distance"":7,""physical_error_rate"":0.01}","{""detection_events"":35600,""detectors_checked"":770560,""obs_mistake_mask=E"":13}"
      1296,        61,         0,    47.2,exact_mw,834abdd41b1b65931acfd3ee091dfffbb9772582814260e519c7dbaf7b14ebec,"{""distance"":7,""physical_error_rate"":0.02}","{""detection_events"":68156,""detectors_checked"":780192,""obs_mistake_mask=E"":61}"
       736,        42,         0,    29.1,exact_mw,834abdd41b1b65931acfd3ee091dfffbb9772582814260e519c7dbaf7b14ebec,"{""distance"":7,""physical_error_rate"":0.02}","{""detection_events"":38681,""detectors_checked"":443072,""obs_mistake_mask=E"":42}"
       384,        16,         0,    14.4,exact_mw,834abdd41b1b65931acfd3ee091dfffbb9772582814260e519c7dbaf7b14ebec,"{""distance"":7,""physical_error_rate"":0.02}","{""detection_events"":20138,""detectors_checked"":231168,""obs_mistake_mask=E"":16}"
      1008,        45,         0,    40.6,exact_mw,834abdd41b1b65931acfd3ee091dfffbb9772582814260e519c7dbaf7b14ebec,"{""distance"":7,""physical_error_rate"":0.02}","{""detection_events"":53290,""detectors_checked"":606816,""obs_mistake_mask=E"":45}"
        16,         1,         0,   0.551,exact_mw,834abdd41b1b65931acfd3ee091dfffbb9772582814260e519c7dbaf7b14ebec,"{""distance"":7,""physical_error_rate"":0.02}","{""detection_events"":803,""detectors_checked"":9632,""obs_mistake_mask=E"":1}"
       110,         6,         0,    31.5,exact_mw,834abdd41b1b65931acfd3ee091dfffbb9772582814260e519c7dbaf7b14ebec,"{""distance"":7,""physical_error_rate"":0.02}","{""detection_events"":5829,""detectors_checked"":66220,""obs_mistake_mask=E"":6}"
   6091776,         0,         0,    62.6,exact_mw,590a535fae2c18c7445aa3259c8038467453e1d6a10b68541c755b2dcb29eb74,"{""distance"":7,""physical_error_rate"":5e-05}","{""detection_events"":902819,""detectors_checked"":3667249152}"
    478208,         0,         0,    44.8,exact_mw,590a535fae2c18c7445aa3259c8038467453e1d6a10b68541c755b2dcb29eb74,"{""distance"":7,""physical_error_rate"":5e-05}","{""detection_events"":70859,""detectors_checked"":287881216}"
      1664,         1,         0,    32.5,exact_mw,a7c002779361d29bb296963a23dd35d34b706f38009a8e2e2f5aee9a5ee0acdb,"{""distance"":7,""physical_error_rate"":0.005}","{""detection_events"":24092,""detectors_checked"":1001728,""obs_mistake_mask=E"":1}"
     82176,         1,         0,    45.1,exact_mw,8973b2281876bd917be29e6214e197de75d185bf3f5e531e264555f10574746e,"{""distance"":7,""physical_error_rate"":0.0005}","{""detection_events"":123180,""detectors_checked"":49469952,""obs_mistake_mask=E"":1}"
      7040,         1,         0,    32.6,exact_mw,f9daf7670c28e8b8b7ac9af8e1984263f26063cb589f7a54f43332f7ce5001d2,"{""distance"":7,""physical_error_rate"":0.002}","{""detection_events"":41273,""detectors_checked"":4238080,""obs_mistake_mask=E"":1}"
   5678080,         0,         0,    62.6,exact_mw,c5b9b378753080b028cc9d6f4434ddf95ab0a61b3333c7295fd718d5436747fc,"{""distance"":7,""physical_error_rate"":0.0001}","{""detection_events"":1687321,""detectors_checked"":3418204160}"
      4800,        10,         0,    63.4,exact_mw,a7c002779361d29bb296963a23dd35d34b706f38009a8e2e2f5aee9a5ee0acdb,"{""distance"":7,""physical_error_rate"":0.005}","{""detection_events"":68699,""detectors_checked"":2889600,""obs_mistake_mask=E"":10}"
     54272,         2,         0,    45.2,exact_mw,a17a1dfb4cb0509fbcf9caf9ce6f4704b111f022b15740e51c84c2b7e14a6407,"{""distance"":7,""physical_error_rate"":0.001}","{""detection_events"":161241,""detectors_checked"":32671744,""obs_mistake_mask=E"":2}"
   3429376,         0,         0,    62.7,exact_mw,fb98ac5f0d986856d2cb4e87c937a37162f60383230d2323a40d4b2e77ef556c,"{""distance"":7,""physical_error_rate"":0.0002}","{""detection_events"":2036214,""detectors_checked"":2064484352}"
   2854912,         0,         0,    62.6,exact_mw,fb98ac5f0d986856d2cb4e87c937a37162f60383230d2323a40d4b2e77ef556c,"{""distance"":7,""physical_error_rate"":0.0002}","{""detection_events"":1690795,""detectors_checked"":1718657024}"
    494592,         2,         0,    62.9,exact_mw,8973b2281876bd917be29e6214e197de75d185bf3f5e531e264555f10574746e,"{""distance"":7,""physical_error_rate"":0.0005}","{""detection_events"":727523,""detectors_checked"":297744384,""obs_mistake_mask=E"":2}"
   4420608,         0,         0,    62.6,exact_mw,c5b9b378753080b028cc9d6f4434ddf95ab0a61b3333c7295fd718d5436747fc,"{""distance"":7,""physical_error_rate"":0.0001}","{""detection_events"":1315883,""detectors_checked"":2661206016}"
    777216,         0,         0,    62.1,exact_mw,590a535fae2c18c7445aa3259c8038467453e1d6a10b68541c755b2dcb29eb74,"{""distance"":7,""physical_error_rate"":5e-05}","{""detection_events"":116095,""detectors_checked"":467884032}"
   3810304,         0,         0,    62.7,exact_mw,c5b9b378753080b028cc9d6f4434ddf95ab0a61b3333c7295fd718d5436747fc,"{""distance"":7,""physical_error_rate"":0.0001}","{""detection_events"":1130386,""detectors_checked"":2293803008}"
   4457472,         0,         0,    62.6,exact_mw,c5b9b378753080b028cc9d6f4434ddf95ab0a61b3333c7295fd718d5436747fc,"{""distance"":7,""physical_error_rate"":0.0001}","{""detection_events"":1322203,""detectors_checked"":2683398144}"
      2912,         3,         0,    45.1,exact_mw,a7c002779361d29bb296963a23dd35d34b706f38009a8e2e2f5aee9a5ee0acdb,"{""distance"":7,""physical_error_rate"":0.005}","{""detection_events"":42249,""detectors_checked"":1753024,""obs_mistake_mask=E"":3}"
   2587648,         0,         0,    62.6,exact_mw,fb98ac5f0d986856d2cb4e87c937a37162f60383230d2323a40d4b2e77ef556c,"{""distance"":7,""physical_error_rate"":0.0002}","{""detection_events"":1534319,""detectors_checked"":1557764096}"
   4864000,         0,         0,    62.6,exact_mw,590a535fae2c18c7445aa3259c8038467453e1d6a10b68541c755b2dcb29eb74,"{""distance"":7,""physical_error_rate"":5e-05}","{""detection_events"":724313,""detectors_checked"":2928128000}"
       408,         0,         0,    32.2,exact_mw,73653d459d83448bea9c32985aa9fd156ebef5824b05d1ed55d386d98a968072,"{""distance"":7,""physical_error_rate"":0.01}","{""detection_events"":11367,""detectors_checked"":245616}"
    436224,         1,         0,    63.2,exact_mw,8973b2281876bd917be29e6214e197de75d185bf3f5e531e264555f10574746e,"{""distance"":7,""physical_error_rate"":0.0005}","{""detection_events"":648072,""detectors_checked"":262606848,""obs_mistake_mask=E"":1}"
    256512,         0,         0,    63.3,exact_mw,8973b2281876bd917be29e6214e197de75d185bf3f5e531e264555f10574746e,"{""distance"":7,""physical_error_rate"":0.0005}","{""detection_events"":377812,""detectors_checked"":154420224}"
    314368,         0,         0,    32.0,exact_mw,c5b9b378753080b028cc9d6f4434ddf95ab0a61b3333c7295fd718d5436747fc,"{""distance"":7,""physical_error_rate"":0.0001}","{""detection_events"":93326,""detectors_checked"":189249536}"
     10880,         0,         0,    45.0,exact_mw,f9daf7670c28e8b8b7ac9af8e1984263f26063cb589f7a54f43332f7ce5001d2,"{""distance"":7,""physical_error_rate"":0.002}","{""detection_events"":64085,""detectors_checked"":6549760}"
      3008,         3,         0,    45.2,exact_mw,a7c002779361d29bb296963a23dd35d34b706f38009a8e2e2f5aee9a5ee0acdb,"{""distance"":7,""physical_error_rate"":0.005}","{""detection_events"":43940,""detectors_checked"":1810816,""obs_mistake_mask=E"":3}"
     19456,         3,         0,    63.1,exact_mw,f9daf7670c28e8b8b7ac9af8e1984263f26063cb589f7a54f43332f7ce5001d2,"{""distance"":7,""physical_error_rate"":0.002}","{""detection_events"":113634,""detectors_checked"":11712512,""obs_mistake_mask=E"":3}"
      2752,        23,         0,    63.1,exact_mw,73653d459d83448bea9c32985aa9fd156ebef5824b05d1ed55d386d98a968072,"{""distance"":7,""physical_error_rate"":0.01}","{""detection_events"":75653,""detectors_checked"":1656704,""obs_mistake_mask=E"":23}"
    436224,         0,         0,    63.0,exact_mw,8973b2281876bd917be29e6214e197de75d185bf3f5e531e264555f10574746e,"{""distance"":7,""physical_error_rate"":0.0005}","{""detection_events"":644717,""detectors_checked"":262606848}"
     87040,         0,         0,    63.1,exact_mw,a17a1dfb4cb0509fbcf9caf9ce6f4704b111f022b15740e51c84c2b7e14a6407,"{""distance"":7,""physical_error_rate"":0.001}","{""detection_events"":256167,""detectors_checked"":52398080}"
   1582080,         1,         0,    62.7,exact_mw,fb98ac5f0d986856d2cb4e87c937a37162f60383230d2323a40d4b2e77ef556c,"{""distance"":7,""physical_error_rate"":0.0002}","{""detection_events"":936930,""detectors_checked"":952412160,""obs_mistake_mask=E"":1}"
      4288,         9,         0,    63.6,exact_mw,a7c002779361d29bb296963a23dd35d34b706f38009a8e2e2f5aee9a5ee0acdb,"{""distance"":7,""physical_error_rate"":0.005}","{""detection_events"":61057,""detectors_checked"":2581376,""obs_mistake_mask=E"":9}"
     16832,         0,         0,    63.7,exact_mw,a17a1dfb4cb0509fbcf9caf9ce6f4704b111f022b15740e51c84c2b7e14a6407,"{""distance"":7,""physical_error_rate"":0.001}","{""detection_events"":50801,""detectors_checked"":10132864}"
     75776,         3,         0,    63.4,exact_mw,a17a1dfb4cb0509fbcf9caf9ce6f4704b111f022b15740e51c84c2b7e14a6407,"{""distance"":7,""physical_error_rate"":0.001}","{""detection_events"":224940,""detectors_checked"":45617152,""obs_mistake_mask=E"":3}"
      2496,        22,         0,    64.0,exact_mw,73653d459d83448bea9c32985aa9fd156ebef5824b05d1ed55d386d98a968072,"{""distance"":7,""physical_error_rate"":0.01}","{""detection_events"":69465,""detectors_checked"":1502592,""obs_mistake_mask=E"":22}"
     15344,         1,         0,    63.5,exact_mw,f9daf7670c28e8b8b7ac9af8e1984263f26063cb589f7a54f43332f7ce5001d2,"{""distance"":7,""physical_error_rate"":0.002}","{""detection_events"":89883,""detectors_checked"":9237088,""obs_mistake_mask=E"":1}"
     16384,         3,         0,    63.7,exact_mw,f9daf7670c28e8b8b7ac9af8e1984263f26063cb589f7a54f43332f7ce5001d2,"{""distance"":7,""physical_error_rate"":0.002}","{""detection_events"":95580,""detectors_checked"":9863168,""obs_mistake_mask=E"":3}"
      1800,         2,         0,    63.1,exact_mw,a7c002779361d29bb296963a23dd35d34b706f38009a8e2e2f5aee9a5ee0acdb,"{""distance"":7,""physical_error_rate"":0.005}","{""detection_events"":25987,""detectors_checked"":1083600,""obs_mistake_mask=E"":2}"
         1,         0,         0,   0.001,exact_mw,f9daf7670c28e8b8b7ac9af8e1984263f26063cb589f7a54f43332f7ce5001d2,"{""distance"":7,""physical_error_rate"":0.002}","{""detection_events"":12,""detectors_checked"":602}"
        16,         0,         0,   0.056,exact_mw,f9daf7670c28e8b8b7ac9af8e1984263f26063cb589f7a54f43332f7ce5001d2,"{""distance"":7,""physical_error_rate"":0.002}","{""detection_events"":66,""detectors_checked"":9632}"
      1297,         0,         0,   0.022,exact_mw,c5b9b378753080b028cc9d6f4434ddf95ab0a61b3333c7295fd718d5436747fc,"{""distance"":7,""physical_error_rate"":0.0001}","{""detection_events"":437,""detectors_checked"":780794}"
      2048,         0,         0,   0.026,exact_mw,c5b9b378753080b028cc9d6f4434ddf95ab0a61b3333c7295fd718d5436747fc,"{""distance"":7,""physical_error_rate"":0.0001}","{""detection_events"":617,""detectors_checked"":1232896}"
      2048,         0,         0,   0.026,exact_mw,c5b9b378753080b028cc9d6f4434ddf95ab0a61b3333c7295fd718d5436747fc,"{""distance"":7,""physical_error_rate"":0.0001}","{""detection_events"":663,""detectors_checked"":1232896}"
      3072,         0,         0,   0.032,exact_mw,c5b9b378753080b028cc9d6f4434ddf95ab0a61b3333c7295fd718d5436747fc,"{""distance"":7,""physical_error_rate"":0.0001}","{""detection_events"":955,""detectors_checked"":1849344}"
         1,         0,         0,   0.001,exact_mw,8973b2281876bd917be29e6214e197de75d185bf3f5e531e264555f10574746e,"{""distance"":7,""physical_error_rate"":0.0005}","{""detectors_checked"":602}"
      4096,         0,         0,   0.043,exact_mw,c5b9b378753080b028cc9d6f4434ddf95ab0a61b3333c7295fd718d5436747fc,"{""distance"":7,""physical_error_rate"":0.0001}","{""detection_events"":1309,""detectors_checked"":2465792}"
       272,         0,         0,   0.056,exact_mw,8973b2281876bd917be29e6214e197de75d185bf3f5e531e264555f10574746e,"{""distance"":7,""physical_error_rate"":0.0005}","{""detection_events"":429,""detectors_checked"":163744}"
      3072,         0,         0,   0.055,exact_mw,c5b9b378753080b028cc9d6f4434ddf95ab0a61b3333c7295fd718d5436747fc,"{""distance"":7,""physical_error_rate"":0.0001}","{""detection_events"":859,""detectors_checked"":1849344}"
      1024,         0,         0,   0.083,exact_mw,8973b2281876bd917be29e6214e197de75d185bf3f5e531e264555f10574746e,"{""distance"":7,""physical_error_rate"":0.0005}","{""detection_events"":1524,""detectors_checked"":616448}"
      4096,         0,         0,   0.082,exact_mw,c5b9b378753080b028cc9d6f4434ddf95ab0a61b3333c7295fd718d5436747fc,"{""distance"":7,""physical_error_rate"":0.0001}","{""detection_events"":1123,""detectors_checked"":2465792}"
       128,         0,         0,   0.447,exact_mw,f9daf7670c28e8b8b7ac9af8e1984263f26063cb589f7a54f43332f7ce5001d2,"{""distance"":7,""physical_error_rate"":0.002}","{""detection_events"":715,""detectors_checked"":77056}"
         1,         0,         0,   0.032,exact_mw,a7c002779361d29bb296963a23dd35d34b706f38009a8e2e2f5aee9a5ee0acdb,"{""distance"":7,""physical_error_rate"":0.005}","{""detection_events"":19,""detectors_checked"":602}"
      5120,         0,         0,   0.128,exact_mw,c5b9b378753080b028cc9d6f4434ddf95ab0a61b3333c7295fd718d5436747fc,"{""distance"":7,""physical_error_rate"":0.0001}","{""detection_events"":1462,""detectors_checked"":3082240}"
      1024,         0,         0,   0.163,exact_mw,8973b2281876bd917be29e6214e197de75d185bf3f5e531e264555f10574746e,"{""distance"":7,""physical_error_rate"":0.0005}","{""detection_events"":1598,""detectors_checked"":616448}"
      1024,         0,         0,   0.134,exact_mw,8973b2281876bd917be29e6214e197de75d185bf3f5e531e264555f10574746e,"{""distance"":7,""physical_error_rate"":0.0005}","{""detection_events"":1538,""detectors_checked"":616448}"
      7168,         0,         0,   0.161,exact_mw,c5b9b378753080b028cc9d6f4434ddf95ab0a61b3333c7295fd718d5436747fc,"{""distance"":7,""physical_error_rate"":0.0001}","{""detection_events"":2192,""detectors_checked"":4315136}"
        17,         0,         0,   0.007,exact_mw,a17a1dfb4cb0509fbcf9caf9ce6f4704b111f022b15740e51c84c2b7e14a6407,"{""distance"":7,""physical_error_rate"":0.001}","{""detection_events"":29,""detectors_checked"":10234}"
        16,         0,         0,   0.247,exact_mw,a7c002779361d29bb296963a23dd35d34b706f38009a8e2e2f5aee9a5ee0acdb,"{""distance"":7,""physical_error_rate"":0.005}","{""detection_events"":240,""detectors_checked"":9632}"
      1297,         0,         0,   0.028,exact_mw,fb98ac5f0d986856d2cb4e87c937a37162f60383230d2323a40d4b2e77ef556c,"{""distance"":7,""physical_error_rate"":0.0002}","{""detection_events"":711,""detectors_checked"":780794}"
      1024,         0,         0,   0.010,exact_mw,fb98ac5f0d986856d2cb4e87c937a37162f60383230d2323a40d4b2e77ef556c,"{""distance"":7,""physical_error_rate"":0.0002}","{""detection_events"":657,""detectors_checked"":616448}"
      1024,         0,         0,   0.012,exact_mw,fb98ac5f0d986856d2cb4e87c937a37162f60383230d2323a40d4b2e77ef556c,"{""distance"":7,""physical_error_rate"":0.0002}","{""detection_events"":574,""detectors_checked"":616448}"
      1024,         0,         0,   0.147,exact_mw,8973b2281876bd917be29e6214e197de75d185bf3f5e531e264555f10574746e,"{""distance"":7,""physical_error_rate"":0.0005}","{""detection_events"":1554,""detectors_checked"":616448}"
       256,         0,         0,   0.176,exact_mw,a17a1dfb4cb0509fbcf9caf9ce6f4704b111f022b15740e51c84c2b7e14a6407,"{""distance"":7,""physical_error_rate"":0.001}","{""detection_events"":703,""detectors_checked"":154112}"
      2048,         0,         0,   0.035,exact_mw,fb98ac5f0d986856d2cb4e87c937a37162f60383230d2323a40d4b2e77ef556c,"{""distance"":7,""physical_error_rate"":0.0002}","{""detection_events"":1131,""detectors_checked"":1232896}"
     11264,         0,         0,   0.214,exact_mw,c5b9b378753080b028cc9d6f4434ddf95ab0a61b3333c7295fd718d5436747fc,"{""distance"":7,""physical_error_rate"":0.0001}","{""detection_events"":3227,""detectors_checked"":6780928}"
      2048,         0,         0,   0.032,exact_mw,fb98ac5f0d986856d2cb4e87c937a37162f60383230d2323a40d4b2e77ef556c,"{""distance"":7,""physical_error_rate"":0.0002}","{""detection_events"":1159,""detectors_checked"":1232896}"
      3072,         0,         0,   0.066,exact_mw,fb98ac5f0d986856d2cb4e87c937a37162f60383230d2323a40d4b2e77ef556c,"{""distance"":7,""physical_error_rate"":0.0002}","{""detection_events"":1979,""detectors_checked"":1849344}"
       128,         0,         0,   0.634,exact_mw,f9daf7670c28e8b8b7ac9af8e1984263f26063cb589f7a54f43332f7ce5001d2,"{""distance"":7,""physical_error_rate"":0.002}","{""detection_events"":745,""detectors_checked"":77056}"
      1024,         0,         0,   0.206,exact_mw,8973b2281876bd917be29e6214e197de75d185bf3f5e531e264555f10574746e,"{""distance"":7,""physical_error_rate"":0.0005}","{""detection_events"":1672,""detectors_checked"":616448}"
      3072,         0,         0,   0.079,exact_mw,fb98ac5f0d986856d2cb4e87c937a37162f60383230d2323a40d4b2e77ef556c,"{""distance"":7,""physical_error_rate"":0.0002}","{""detection_events"":1926,""detectors_checked"":1849344}"
      2321,         0,         0,   0.028,exact_mw,590a535fae2c18c7445aa3259c8038467453e1d6a10b68541c755b2dcb29eb74,"{""distance"":7,""physical_error_rate"":5e-05}","{""detection_events"":345,""detectors_checked"":1397242}"
      1024,         0,         0,   0.006,exact_mw,590a535fae2c18c7445aa3259c8038467453e1d6a10b68541c755b2dcb29eb74,"{""distance"":7,""physical_error_rate"":5e-05}","{""detection_events"":154,""detectors_checked"":616448}"
      2048,         0,         0,   0.026,exact_mw,590a535fae2c18c7445aa3259c8038467453e1d6a10b68541c755b2dcb29eb74,"{""distance"":7,""physical_error_rate"":5e-05}","{""detection_events"":364,""detectors_checked"":1232896}"
      3072,         0,         0,   0.032,exact_mw,590a535fae2c18c7445aa3259c8038467453e1d6a10b68541c755b2dcb29eb74,"{""distance"":7,""physical_error_rate"":5e-05}","{""detection_events"":456,""detectors_checked"":1849344}"
      5120,         0,         0,   0.114,exact_mw,fb98ac5f0d986856d2cb4e87c937a37162f60383230d2323a40d4b2e77ef556c,"{""distance"":7,""physical_error_rate"":0.0002}","{""detection_events"":2981,""detectors_checked"":3082240}"
     15360,         0,         0,   0.302,exact_mw,c5b9b378753080b028cc9d6f4434ddf95ab0a61b3333c7295fd718d5436747fc,"{""distance"":7,""physical_error_rate"":0.0001}","{""detection_events"":4521,""detectors_checked"":9246720}"
      2048,         0,         0,   0.159,exact_mw,8973b2281876bd917be29e6214e197de75d185bf3f5e531e264555f10574746e,"{""distance"":7,""physical_error_rate"":0.0005}","{""detection_events"":2934,""detectors_checked"":1232896}"
      3072,         0,         0,   0.032,exact_mw,590a535fae2c18c7445aa3259c8038467453e1d6a10b68541c755b2dcb29eb74,"{""distance"":7,""physical_error_rate"":5e-05}","{""detection_events"":460,""detectors_checked"":1849344}"
        32,         0,         0,   0.557,exact_mw,a7c002779361d29bb296963a23dd35d34b706f38009a8e2e2f5aee9a5ee0acdb,"{""distance"":7,""physical_error_rate"":0.005}","{""detection_events"":442,""detectors_checked"":19264}"
      4096,         0,         0,   0.057,exact_mw,590a535fae2c18c7445aa3259c8038467453e1d6a10b68541c755b2dcb29eb74,"{""distance"":7,""physical_error_rate"":5e-05}","{""detection_events"":680,""detectors_checked"":2465792}"
      7168,         0,         0,   0.145,exact_mw,fb98ac5f0d986856d2cb4e87c937a37162f60383230d2323a40d4b2e77ef556c,"{""distance"":7,""physical_error_rate"":0.0002}","{""detection_events"":4026,""detectors_checked"":4315136}"
      1024,         0,         0,   0.154,exact_mw,8973b2281876bd917be29e6214e197de75d185bf3f5e531e264555f10574746e,"{""distance"":7,""physical_error_rate"":0.0005}","{""detection_events"":1537,""detectors_checked"":616448}"
      6144,         0,         0,   0.079,exact_mw,590a535fae2c18c7445aa3259c8038467453e1d6a10b68541c755b2dcb29eb74,"{""distance"":7,""physical_error_rate"":5e-05}","{""detection_events"":1005,""detectors_checked"":3698688}"
       512,         0,         0,   0.525,exact_mw,a17a1dfb4cb0509fbcf9caf9ce6f4704b111f022b15740e51c84c2b7e14a6407,"{""distance"":7,""physical_error_rate"":0.001}","{""detection_events"":1587,""detectors_checked"":308224}"
      9216,         0,         0,   0.108,exact_mw,590a535fae2c18c7445aa3259c8038467453e1d6a10b68541c755b2dcb29eb74,"{""distance"":7,""physical_error_rate"":5e-05}","{""detection_events"":1330,""detectors_checked"":5548032}"
       128,         0,         0,   0.476,exact_mw,f9daf7670c28e8b8b7ac9af8e1984263f26063cb589f7a54f43332f7ce5001d2,"{""distance"":7,""physical_error_rate"":0.002}","{""detection_events"":739,""detectors_checked"":77056}"
     10240,         0,         0,   0.192,exact_mw,fb98ac5f0d986856d2cb4e87c937a37162f60383230d2323a40d4b2e77ef556c,"{""distance"":7,""physical_error_rate"":0.0002}","{""detection_events"":6236,""detectors_checked"":6164480}"
     25600,         0,         0,   0.393,exact_mw,c5b9b378753080b028cc9d6f4434ddf95ab0a61b3333c7295fd718d5436747fc,"{""distance"":7,""physical_error_rate"":0.0001}","{""detection_events"":7567,""detectors_checked"":15411200}"
      2048,         0,         0,   0.264,exact_mw,8973b2281876bd917be29e6214e197de75d185bf3f5e531e264555f10574746e,"{""distance"":7,""physical_error_rate"":0.0005}","{""detection_events"":3213,""detectors_checked"":1232896}"
     13312,         0,         0,   0.158,exact_mw,590a535fae2c18c7445aa3259c8038467453e1d6a10b68541c755b2dcb29eb74,"{""distance"":7,""physical_error_rate"":5e-05}","{""detection_events"":2055,""detectors_checked"":8013824}"
       512,         0,         0,   0.297,exact_mw,a17a1dfb4cb0509fbcf9caf9ce6f4704b111f022b15740e51c84c2b7e14a6407,"{""distance"":7,""physical_error_rate"":0.001}","{""detection_events"":1360,""detectors_checked"":308224}"
        32,         0,         0,   0.557,exact_mw,a7c002779361d29bb296963a23dd35d34b706f38009a8e2e2f5aee9a5ee0acdb,"{""distance"":7,""physical_error_rate"":0.005}","{""detection_events"":461,""detectors_checked"":19264}"
     16384,         0,         0,   0.214,exact_mw,590a535fae2c18c7445aa3259c8038467453e1d6a10b68541c755b2dcb29eb74,"{""distance"":7,""physical_error_rate"":5e-05}","{""detection_events"":2433,""detectors_checked"":9863168}"
     12288,         0,         0,   0.311,exact_mw,fb98ac5f0d986856d2cb4e87c937a37162f60383230d2323a40d4b2e77ef556c,"{""distance"":7,""physical_error_rate"":0.0002}","{""detection_events"":7568,""detectors_checked"":7397376}"
      2048,         0,         0,   0.375,exact_mw,8973b2281876bd917be29e6214e197de75d185bf3f5e531e264555f10574746e,"{""distance"":7,""physical_error_rate"":0.0005}","{""detection_events"":3178,""detectors_checked"":1232896}"
     31936,         2,         0,    63.4,exact_mw,a17a1dfb4cb0509fbcf9caf9ce6f4704b111f022b15740e51c84c2b7e14a6407,"{""distance"":7,""physical_error_rate"":0.001}","{""detection_events"":94176,""detectors_checked"":19225472,""obs_mistake_mask=E"":2}"
       128,         0,         0,   0.625,exact_mw,f9daf7670c28e8b8b7ac9af8e1984263f26063cb589f7a54f43332f7ce5001d2,"{""distance"":7,""physical_error_rate"":0.002}","{""detection_events"":795,""detectors_checked"":77056}"
     25600,         0,         0,   0.306,exact_mw,590a535fae2c18c7445aa3259c8038467453e1d6a10b68541c755b2dcb29eb74,"{""distance"":7,""physical_error_rate"":5e-05}","{""detection_events"":3800,""detectors_checked"":15411200}"
     41984,         0,         0,   0.581,exact_mw,c5b9b378753080b028cc9d6f4434ddf95ab0a61b3333c7295fd718d5436747fc,"{""distance"":7,""physical_error_rate"":0.0001}","{""detection_events"":12624,""detectors_checked"":25274368}"
     20480,         0,         0,   0.425,exact_mw,fb98ac5f0d986856d2cb4e87c937a37162f60383230d2323a40d4b2e77ef556c,"{""distance"":7,""physical_error_rate"":0.0002}","{""detection_events"":11853,""detectors_checked"":12328960}"
        32,         0,         0,   0.484,exact_mw,a7c002779361d29bb296963a23dd35d34b706f38009a8e2e2f5aee9a5ee0acdb,"{""distance"":7,""physical_error_rate"":0.005}","{""detection_events"":456,""detectors_checked"":19264}"
       128,         0,         0,   0.337,exact_mw,f9daf7670c28e8b8b7ac9af8e1984263f26063cb589f7a54f43332f7ce5001d2,"{""distance"":7,""physical_error_rate"":0.002}","{""detection_events"":674,""detectors_checked"":77056}"
      3072,         0,         0,   0.470,exact_mw,8973b2281876bd917be29e6214e197de75d185bf3f5e531e264555f10574746e,"{""distance"":7,""physical_error_rate"":0.0005}","{""detection_events"":4764,""detectors_checked"":1849344}"
      1024,         0,         0,   0.841,exact_mw,a17a1dfb4cb0509fbcf9caf9ce6f4704b111f022b15740e51c84c2b7e14a6407,"{""distance"":7,""physical_error_rate"":0.001}","{""detection_events"":3019,""detectors_checked"":616448}"
     32768,         0,         0,   0.395,exact_mw,590a535fae2c18c7445aa3259c8038467453e1d6a10b68541c755b2dcb29eb74,"{""distance"":7,""physical_error_rate"":5e-05}","{""detection_events"":4625,""detectors_checked"":19726336}"
        32,         0,         0,   0.541,exact_mw,a7c002779361d29bb296963a23dd35d34b706f38009a8e2e2f5aee9a5ee0acdb,"{""distance"":7,""physical_error_rate"":0.005}","{""detection_events"":471,""detectors_checked"":19264}"
     26624,         0,         0,   0.565,exact_mw,fb98ac5f0d986856d2cb4e87c937a37162f60383230d2323a40d4b2e77ef556c,"{""distance"":7,""physical_error_rate"":0.0002}","{""detection_events"":16088,""detectors_checked"":16027648}"
     60416,         0,         0,   0.805,exact_mw,c5b9b378753080b028cc9d6f4434ddf95ab0a61b3333c7295fd718d5436747fc,"{""distance"":7,""physical_error_rate"":0.0001}","{""detection_events"":17929,""detectors_checked"":36370432}"
       128,         0,         0,   0.637,exact_mw,f9daf7670c28e8b8b7ac9af8e1984263f26063cb589f7a54f43332f7ce5001d2,"{""distance"":7,""physical_error_rate"":0.002}","{""detection_events"":835,""detectors_checked"":77056}"
      5120,         0,         0,   0.652,exact_mw,8973b2281876bd917be29e6214e197de75d185bf3f5e531e264555f10574746e,"{""distance"":7,""physical_error_rate"":0.0005}","{""detection_events"":7346,""detectors_checked"":3082240}"
     47104,         0,         0,   0.564,exact_mw,590a535fae2c18c7445aa3259c8038467453e1d6a10b68541c755b2dcb29eb74,"{""distance"":7,""physical_error_rate"":5e-05}","{""detection_events"":6961,""detectors_checked"":28356608}"
      1024,         0,         0,   0.866,exact_mw,a17a1dfb4cb0509fbcf9caf9ce6f4704b111f022b15740e51c84c2b7e14a6407,"{""distance"":7,""physical_error_rate"":0.001}","{""detection_events"":3129,""detectors_checked"":616448}"
        32,         0,         0,   0.548,exact_mw,a7c002779361d29bb296963a23dd35d34b706f38009a8e2e2f5aee9a5ee0acdb,"{""distance"":7,""physical_error_rate"":0.005}","{""detection_events"":464,""detectors_checked"":19264}"
       128,         0,         0,   0.452,exact_mw,f9daf7670c28e8b8b7ac9af8e1984263f26063cb589f7a54f43332f7ce5001d2,"{""distance"":7,""physical_error_rate"":0.002}","{""detection_events"":785,""detectors_checked"":77056}"
     37888,         0,         0,   0.785,exact_mw,fb98ac5f0d986856d2cb4e87c937a37162f60383230d2323a40d4b2e77ef556c,"{""distance"":7,""physical_error_rate"":0.0002}","{""detection_events"":22336,""detectors_checked"":22808576}"
        32,         0,         0,   0.388,exact_mw,a7c002779361d29bb296963a23dd35d34b706f38009a8e2e2f5aee9a5ee0acdb,"{""distance"":7,""physical_error_rate"":0.005}","{""detection_events"":393,""detectors_checked"":19264}"
     65536,         0,         0,   0.795,exact_mw,590a535fae2c18c7445aa3259c8038467453e1d6a10b68541c755b2dcb29eb74,"{""distance"":7,""physical_error_rate"":5e-05}","{""detection_events"":9713,""detectors_checked"":39452672}"
       128,         0,         0,   0.427,exact_mw,f9daf7670c28e8b8b7ac9af8e1984263f26063cb589f7a54f43332f7ce5001d2,"{""distance"":7,""physical_error_rate"":0.002}","{""detection_events"":694,""detectors_checked"":77056}"
      6144,         0,         0,   0.896,exact_mw,8973b2281876bd917be29e6214e197de75d185bf3f5e531e264555f10574746e,"{""distance"":7,""physical_error_rate"":0.0005}","{""detection_events"":9125,""detectors_checked"":3698688}"
     86016,         0,         0,    1.12,exact_mw,c5b9b378753080b028cc9d6f4434ddf95ab0a61b3333c7295fd718d5436747fc,"{""distance"":7,""physical_error_rate"":0.0001}","{""detection_events"":25169,""detectors_checked"":51781632}"
      1024,         0,         0,   0.921,exact_mw,a17a1dfb4cb0509fbcf9caf9ce6f4704b111f022b15740e51c84c2b7e14a6407,"{""distance"":7,""physical_error_rate"":0.001}","{""detection_events"":3084,""detectors_checked"":616448}"
        32,         0,         0,   0.616,exact_mw,a7c002779361d29bb296963a23dd35d34b706f38009a8e2e2f5aee9a5ee0acdb,"{""distance"":7,""physical_error_rate"":0.005}","{""detection_events"":425,""detectors_checked"":19264}"
       128,         0,         0,   0.504,exact_mw,f9daf7670c28e8b8b7ac9af8e1984263f26063cb589f7a54f43332f7ce5001d2,"{""distance"":7,""physical_error_rate"":0.002}","{""detection_events"":710,""detectors_checked"":77056}"
     53248,         0,         0,    1.12,exact_mw,fb98ac5f0d986856d2cb4e87c937a37162f60383230d2323a40d4b2e77ef556c,"{""distance"":7,""physical_error_rate"":0.0002}","{""detection_events"":31580,""detectors_checked"":32055296}"
        32,         0,         0,   0.434,exact_mw,a7c002779361d29bb296963a23dd35d34b706f38009a8e2e2f5aee9a5ee0acdb,"{""distance"":7,""physical_error_rate"":0.005}","{""detection_events"":448,""detectors_checked"":19264}"
       128,         0,         0,   0.403,exact_mw,f9daf7670c28e8b8b7ac9af8e1984263f26063cb589f7a54f43332f7ce5001d2,"{""distance"":7,""physical_error_rate"":0.002}","{""detection_events"":783,""detectors_checked"":77056}"
      1024,         0,         0,   0.750,exact_mw,a17a1dfb4cb0509fbcf9caf9ce6f4704b111f022b15740e51c84c2b7e14a6407,"{""distance"":7,""physical_error_rate"":0.001}","{""detection_events"":2855,""detectors_checked"":616448}"
     77824,         0,         0,    1.11,exact_mw,590a535fae2c18c7445aa3259c8038467453e1d6a10b68541c755b2dcb29eb74,"{""distance"":7,""physical_error_rate"":5e-05}","{""detection_events"":11322,""detectors_checked"":46850048}"
      8192,         0,         0,    1.20,exact_mw,8973b2281876bd917be29e6214e197de75d185bf3f5e531e264555f10574746e,"{""distance"":7,""physical_error_rate"":0.0005}","{""detection_events"":12248,""detectors_checked"":4931584}"
    482304,         1,         0,    62.8,exact_mw,fb98ac5f0d986856d2cb4e87c937a37162f60383230d2323a40d4b2e77ef556c,"{""distance"":7,""physical_error_rate"":0.0002}","{""detection_events"":286450,""detectors_checked"":290347008,""obs_mistake_mask=E"":1}"
        32,         0,         0,   0.524,exact_mw,a7c002779361d29bb296963a23dd35d34b706f38009a8e2e2f5aee9a5ee0acdb,"{""distance"":7,""physical_error_rate"":0.005}","{""detection_events"":448,""detectors_checked"":19264}"
       444,         0,         0,    46.9,exact_mw,a7c002779361d29bb296963a23dd35d34b706f38009a8e2e2f5aee9a5ee0acdb,"{""distance"":7,""physical_error_rate"":0.005}","{""detection_events"":6481,""detectors_checked"":267288}"
    115712,         0,         0,    1.55,exact_mw,c5b9b378753080b028cc9d6f4434ddf95ab0a61b3333c7295fd718d5436747fc,"{""distance"":7,""physical_error_rate"":0.0001}","{""detection_events"":34881,""detectors_checked"":69658624}"
       256,         0,         0,   0.831,exact_mw,f9daf7670c28e8b8b7ac9af8e1984263f26063cb589f7a54f43332f7ce5001d2,"{""distance"":7,""physical_error_rate"":0.002}","{""detection_events"":1414,""detectors_checked"":154112}"
        64,         0,         0,   0.824,exact_mw,a7c002779361d29bb296963a23dd35d34b706f38009a8e2e2f5aee9a5ee0acdb,"{""distance"":7,""physical_error_rate"":0.005}","{""detection_events"":907,""detectors_checked"":38528}"
     71680,         0,         0,    1.55,exact_mw,fb98ac5f0d986856d2cb4e87c937a37162f60383230d2323a40d4b2e77ef556c,"{""distance"":7,""physical_error_rate"":0.0002}","{""detection_events"":43139,""detectors_checked"":43151360}"
       256,         0,         0,   0.822,exact_mw,f9daf7670c28e8b8b7ac9af8e1984263f26063cb589f7a54f43332f7ce5001d2,"{""distance"":7,""physical_error_rate"":0.002}","{""detection_events"":1434,""detectors_checked"":154112}"
    122880,         0,         0,    1.55,exact_mw,590a535fae2c18c7445aa3259c8038467453e1d6a10b68541c755b2dcb29eb74,"{""distance"":7,""physical_error_rate"":5e-05}","{""detection_events"":18129,""detectors_checked"":73973760}"
     11264,         0,         0,    1.68,exact_mw,8973b2281876bd917be29e6214e197de75d185bf3f5e531e264555f10574746e,"{""distance"":7,""physical_error_rate"":0.0005}","{""detection_events"":16647,""detectors_checked"":6780928}"
      1024,         0,         0,    2.08,exact_mw,a17a1dfb4cb0509fbcf9caf9ce6f4704b111f022b15740e51c84c2b7e14a6407,"{""distance"":7,""physical_error_rate"":0.001}","{""detection_events"":2969,""detectors_checked"":616448}"
        64,         0,         0,   0.948,exact_mw,a7c002779361d29bb296963a23dd35d34b706f38009a8e2e2f5aee9a5ee0acdb,"{""distance"":7,""physical_error_rate"":0.005}","{""detection_events"":953,""detectors_checked"":38528}"
     60416,         0,         0,    63.1,exact_mw,8973b2281876bd917be29e6214e197de75d185bf3f5e531e264555f10574746e,"{""distance"":7,""physical_error_rate"":0.0005}","{""detection_events"":89402,""detectors_checked"":36370432}"
    157696,         0,         0,    2.17,exact_mw,c5b9b378753080b028cc9d6f4434ddf95ab0a61b3333c7295fd718d5436747fc,"{""distance"":7,""physical_error_rate"":0.0001}","{""detection_events"":46237,""detectors_checked"":94932992}"
       384,         0,         0,    1.41,exact_mw,f9daf7670c28e8b8b7ac9af8e1984263f26063cb589f7a54f43332f7ce5001d2,"{""distance"":7,""physical_error_rate"":0.002}","{""detection_events"":2218,""detectors_checked"":231168}"
        64,         1,         0,   0.959,exact_mw,a7c002779361d29bb296963a23dd35d34b706f38009a8e2e2f5aee9a5ee0acdb,"{""distance"":7,""physical_error_rate"":0.005}","{""detection_events"":889,""detectors_checked"":38528,""obs_mistake_mask=E"":1}"
     97280,         0,         0,    2.19,exact_mw,fb98ac5f0d986856d2cb4e87c937a37162f60383230d2323a40d4b2e77ef556c,"{""distance"":7,""physical_error_rate"":0.0002}","{""detection_events"":57638,""detectors_checked"":58562560}"
    168960,         0,         0,    2.17,exact_mw,590a535fae2c18c7445aa3259c8038467453e1d6a10b68541c755b2dcb29eb74,"{""distance"":7,""physical_error_rate"":5e-05}","{""detection_events"":25232,""detectors_checked"":101713920}"
     13312,         0,         0,    2.25,exact_mw,8973b2281876bd917be29e6214e197de75d185bf3f5e531e264555f10574746e,"{""distance"":7,""physical_error_rate"":0.0005}","{""detection_events"":19948,""detectors_checked"":8013824}"
       384,         0,         0,    1.58,exact_mw,f9daf7670c28e8b8b7ac9af8e1984263f26063cb589f7a54f43332f7ce5001d2,"{""distance"":7,""physical_error_rate"":0.002}","{""detection_events"":2261,""detectors_checked"":231168}"
        64,         0,         0,    1.51,exact_mw,a7c002779361d29bb296963a23dd35d34b706f38009a8e2e2f5aee9a5ee0acdb,"{""distance"":7,""physical_error_rate"":0.005}","{""detection_events"":1035,""detectors_checked"":38528}"
       512,         0,         0,    3.03,exact_mw,a17a1dfb4cb0509fbcf9caf9ce6f4704b111f022b15740e51c84c2b7e14a6407,"{""distance"":7,""physical_error_rate"":0.001}","{""detection_events"":1656,""detectors_checked"":308224}"
    226304,         0,         0,    2.98,exact_mw,c5b9b378753080b028cc9d6f4434ddf95ab0a61b3333c7295fd718d5436747fc,"{""distance"":7,""physical_error_rate"":0.0001}","{""detection_events"":66661,""detectors_checked"":136235008}"
       256,         0,         0,    1.07,exact_mw,a17a1dfb4cb0509fbcf9caf9ce6f4704b111f022b15740e51c84c2b7e14a6407,"{""distance"":7,""physical_error_rate"":0.001}","{""detection_events"":660,""detectors_checked"":154112}"
      2148,        21,         0,    63.4,exact_mw,73653d459d83448bea9c32985aa9fd156ebef5824b05d1ed55d386d98a968072,"{""distance"":7,""physical_error_rate"":0.01}","{""detection_events"":59505,""detectors_checked"":1293096,""obs_mistake_mask=E"":21}"
       128,         0,         0,    1.87,exact_mw,a7c002779361d29bb296963a23dd35d34b706f38009a8e2e2f5aee9a5ee0acdb,"{""distance"":7,""physical_error_rate"":0.005}","{""detection_events"":1746,""detectors_checked"":77056}"
    144384,         0,         0,    3.05,exact_mw,fb98ac5f0d986856d2cb4e87c937a37162f60383230d2323a40d4b2e77ef556c,"{""distance"":7,""physical_error_rate"":0.0002}","{""detection_events"":85857,""detectors_checked"":86919168}"
    247808,         0,         0,    3.04,exact_mw,590a535fae2c18c7445aa3259c8038467453e1d6a10b68541c755b2dcb29eb74,"{""distance"":7,""physical_error_rate"":5e-05}","{""detection_events"":36826,""detectors_checked"":149180416}"
       640,         0,         0,    2.44,exact_mw,f9daf7670c28e8b8b7ac9af8e1984263f26063cb589f7a54f43332f7ce5001d2,"{""distance"":7,""physical_error_rate"":0.002}","{""detection_events"":3576,""detectors_checked"":385280}"
     15488,         0,         0,    63.2,exact_mw,f9daf7670c28e8b8b7ac9af8e1984263f26063cb589f7a54f43332f7ce5001d2,"{""distance"":7,""physical_error_rate"":0.002}","{""detection_events"":90906,""detectors_checked"":9323776}"
     22528,         0,         0,    3.09,exact_mw,8973b2281876bd917be29e6214e197de75d185bf3f5e531e264555f10574746e,"{""distance"":7,""physical_error_rate"":0.0005}","{""detection_events"":33745,""detectors_checked"":13561856}"
       256,         0,         0,    1.23,exact_mw,a17a1dfb4cb0509fbcf9caf9ce6f4704b111f022b15740e51c84c2b7e14a6407,"{""distance"":7,""physical_error_rate"":0.001}","{""detection_events"":830,""detectors_checked"":154112}"
       256,         0,         0,   0.962,exact_mw,a17a1dfb4cb0509fbcf9caf9ce6f4704b111f022b15740e51c84c2b7e14a6407,"{""distance"":7,""physical_error_rate"":0.001}","{""detection_events"":700,""detectors_checked"":154112}"
       260,         1,         0,    45.1,exact_mw,73653d459d83448bea9c32985aa9fd156ebef5824b05d1ed55d386d98a968072,"{""distance"":7,""physical_error_rate"":0.01}","{""detection_events"":7152,""detectors_checked"":156520,""obs_mistake_mask=E"":1}"
   1995776,         1,         0,    44.7,exact_mw,fb98ac5f0d986856d2cb4e87c937a37162f60383230d2323a40d4b2e77ef556c,"{""distance"":7,""physical_error_rate"":0.0002}","{""detection_events"":1183886,""detectors_checked"":1201457152,""obs_mistake_mask=E"":1}"
   3268608,         0,         0,    44.6,exact_mw,c5b9b378753080b028cc9d6f4434ddf95ab0a61b3333c7295fd718d5436747fc,"{""distance"":7,""physical_error_rate"":0.0001}","{""detection_events"":968215,""detectors_checked"":1967702016}"
       160,         0,         0,    2.46,exact_mw,a7c002779361d29bb296963a23dd35d34b706f38009a8e2e2f5aee9a5ee0acdb,"{""distance"":7,""physical_error_rate"":0.005}","{""detection_events"":2462,""detectors_checked"":96320}"
      2272,        19,         0,    63.1,exact_mw,73653d459d83448bea9c32985aa9fd156ebef5824b05d1ed55d386d98a968072,"{""distance"":7,""physical_error_rate"":0.01}","{""detection_events"":63411,""detectors_checked"":1367744,""obs_mistake_mask=E"":19}"
     32192,         0,         0,    63.0,exact_mw,a17a1dfb4cb0509fbcf9caf9ce6f4704b111f022b15740e51c84c2b7e14a6407,"{""distance"":7,""physical_error_rate"":0.001}","{""detection_events"":95550,""detectors_checked"":19379584}"
   2803712,         0,         0,    44.7,exact_mw,590a535fae2c18c7445aa3259c8038467453e1d6a10b68541c755b2dcb29eb74,"{""distance"":7,""physical_error_rate"":5e-05}","{""detection_events"":417259,""detectors_checked"":1687834624}"
       256,         0,         0,    1.44,exact_mw,a17a1dfb4cb0509fbcf9caf9ce6f4704b111f022b15740e51c84c2b7e14a6407,"{""distance"":7,""physical_error_rate"":0.001}","{""detection_events"":806,""detectors_checked"":154112}"
    320512,         0,         0,    4.24,exact_mw,c5b9b378753080b028cc9d6f4434ddf95ab0a61b3333c7295fd718d5436747fc,"{""distance"":7,""physical_error_rate"":0.0001}","{""detection_events"":95686,""detectors_checked"":192948224}"
    124416,         0,         0,    45.0,exact_mw,8973b2281876bd917be29e6214e197de75d185bf3f5e531e264555f10574746e,"{""distance"":7,""physical_error_rate"":0.0005}","{""detection_events"":182071,""detectors_checked"":74898432}"
      1024,         1,         0,    3.29,exact_mw,f9daf7670c28e8b8b7ac9af8e1984263f26063cb589f7a54f43332f7ce5001d2,"{""distance"":7,""physical_error_rate"":0.002}","{""detection_events"":5853,""detectors_checked"":616448,""obs_mistake_mask=E"":1}"
    190464,         0,         0,    4.27,exact_mw,fb98ac5f0d986856d2cb4e87c937a37162f60383230d2323a40d4b2e77ef556c,"{""distance"":7,""physical_error_rate"":0.0002}","{""detection_events"":112864,""detectors_checked"":114659328}"
    346112,         0,         0,    4.23,exact_mw,590a535fae2c18c7445aa3259c8038467453e1d6a10b68541c755b2dcb29eb74,"{""distance"":7,""physical_error_rate"":5e-05}","{""detection_events"":51359,""detectors_checked"":208359424}"
       256,         0,         0,    1.50,exact_mw,a17a1dfb4cb0509fbcf9caf9ce6f4704b111f022b15740e51c84c2b7e14a6407,"{""distance"":7,""physical_error_rate"":0.001}","{""detection_events"":878,""detectors_checked"":154112}"
     31744,         0,         0,    4.36,exact_mw,8973b2281876bd917be29e6214e197de75d185bf3f5e531e264555f10574746e,"{""distance"":7,""physical_error_rate"":0.0005}","{""detection_events"":46817,""detectors_checked"":19109888}"
       224,         0,         0,    3.14,exact_mw,a7c002779361d29bb296963a23dd35d34b706f38009a8e2e2f5aee9a5ee0acdb,"{""distance"":7,""physical_error_rate"":0.005}","{""detection_events"":3137,""detectors_checked"":134848}"
       128,         0,         0,    1.91,exact_mw,a17a1dfb4cb0509fbcf9caf9ce6f4704b111f022b15740e51c84c2b7e14a6407,"{""distance"":7,""physical_error_rate"":0.001}","{""detection_events"":453,""detectors_checked"":77056}"
     11984,         1,         0,    63.4,exact_mw,f9daf7670c28e8b8b7ac9af8e1984263f26063cb589f7a54f43332f7ce5001d2,"{""distance"":7,""physical_error_rate"":0.002}","{""detection_events"":70082,""detectors_checked"":7214368,""obs_mistake_mask=E"":1}"
      1152,         0,         0,    4.40,exact_mw,f9daf7670c28e8b8b7ac9af8e1984263f26063cb589f7a54f43332f7ce5001d2,"{""distance"":7,""physical_error_rate"":0.002}","{""detection_events"":6635,""detectors_checked"":693504}"
       384,         0,         0,    2.37,exact_mw,a17a1dfb4cb0509fbcf9caf9ce6f4704b111f022b15740e51c84c2b7e14a6407,"{""distance"":7,""physical_error_rate"":0.001}","{""detection_events"":1123,""detectors_checked"":231168}"
    432128,         0,         0,    5.94,exact_mw,c5b9b378753080b028cc9d6f4434ddf95ab0a61b3333c7295fd718d5436747fc,"{""distance"":7,""physical_error_rate"":0.0001}","{""detection_events"":128406,""detectors_checked"":260141056}"
     43008,         1,         0,    45.2,exact_mw,a17a1dfb4cb0509fbcf9caf9ce6f4704b111f022b15740e51c84c2b7e14a6407,"{""distance"":7,""physical_error_rate"":0.001}","{""detection_events"":126799,""detectors_checked"":25890816,""obs_mistake_mask=E"":1}"
       288,         0,         0,    4.43,exact_mw,a7c002779361d29bb296963a23dd35d34b706f38009a8e2e2f5aee9a5ee0acdb,"{""distance"":7,""physical_error_rate"":0.005}","{""detection_events"":4128,""detectors_checked"":173376}"
    266240,         0,         0,    5.90,exact_mw,fb98ac5f0d986856d2cb4e87c937a37162f60383230d2323a40d4b2e77ef556c,"{""distance"":7,""physical_error_rate"":0.0002}","{""detection_events"":157814,""detectors_checked"":160276480}"
    490496,         0,         0,    5.94,exact_mw,590a535fae2c18c7445aa3259c8038467453e1d6a10b68541c755b2dcb29eb74,"{""distance"":7,""physical_error_rate"":5e-05}","{""detection_events"":72574,""detectors_checked"":295278592}"
     41984,         0,         0,    6.13,exact_mw,8973b2281876bd917be29e6214e197de75d185bf3f5e531e264555f10574746e,"{""distance"":7,""physical_error_rate"":0.0005}","{""detection_events"":62326,""detectors_checked"":25274368}"
   3594240,         0,         0,    44.6,exact_mw,590a535fae2c18c7445aa3259c8038467453e1d6a10b68541c755b2dcb29eb74,"{""distance"":7,""physical_error_rate"":5e-05}","{""detection_events"":534437,""detectors_checked"":2163732480}"
       640,         0,         0,    3.46,exact_mw,a17a1dfb4cb0509fbcf9caf9ce6f4704b111f022b15740e51c84c2b7e14a6407,"{""distance"":7,""physical_error_rate"":0.001}","{""detection_events"":1837,""detectors_checked"":385280}"
      1728,        14,         0,    45.6,exact_mw,73653d459d83448bea9c32985aa9fd156ebef5824b05d1ed55d386d98a968072,"{""distance"":7,""physical_error_rate"":0.01}","{""detection_events"":48398,""detectors_checked"":1040256,""obs_mistake_mask=E"":14}"
      1792,         0,         0,    6.65,exact_mw,f9daf7670c28e8b8b7ac9af8e1984263f26063cb589f7a54f43332f7ce5001d2,"{""distance"":7,""physical_error_rate"":0.002}","{""detection_events"":10329,""detectors_checked"":1078784}"
      2624,         2,         0,    45.1,exact_mw,a7c002779361d29bb296963a23dd35d34b706f38009a8e2e2f5aee9a5ee0acdb,"{""distance"":7,""physical_error_rate"":0.005}","{""detection_events"":37636,""detectors_checked"":1579648,""obs_mistake_mask=E"":2}"
       640,         0,         0,    4.95,exact_mw,a17a1dfb4cb0509fbcf9caf9ce6f4704b111f022b15740e51c84c2b7e14a6407,"{""distance"":7,""physical_error_rate"":0.001}","{""detection_events"":1941,""detectors_checked"":385280}"
    607232,         0,         0,    8.32,exact_mw,c5b9b378753080b028cc9d6f4434ddf95ab0a61b3333c7295fd718d5436747fc,"{""distance"":7,""physical_error_rate"":0.0001}","{""detection_events"":180281,""detectors_checked"":365553664}"
     11648,         2,         0,    45.4,exact_mw,f9daf7670c28e8b8b7ac9af8e1984263f26063cb589f7a54f43332f7ce5001d2,"{""distance"":7,""physical_error_rate"":0.002}","{""detection_events"":67874,""detectors_checked"":7012096,""obs_mistake_mask=E"":2}"
       352,         0,         0,    8.17,exact_mw,a7c002779361d29bb296963a23dd35d34b706f38009a8e2e2f5aee9a5ee0acdb,"{""distance"":7,""physical_error_rate"":0.005}","{""detection_events"":5189,""detectors_checked"":211904}"
    372736,         0,         0,    8.32,exact_mw,fb98ac5f0d986856d2cb4e87c937a37162f60383230d2323a40d4b2e77ef556c,"{""distance"":7,""physical_error_rate"":0.0002}","{""detection_events"":220178,""detectors_checked"":224387072}"
    681984,         0,         0,    8.32,exact_mw,590a535fae2c18c7445aa3259c8038467453e1d6a10b68541c755b2dcb29eb74,"{""distance"":7,""physical_error_rate"":5e-05}","{""detection_events"":101803,""detectors_checked"":410554368}"
     59392,         1,         0,    8.38,exact_mw,8973b2281876bd917be29e6214e197de75d185bf3f5e531e264555f10574746e,"{""distance"":7,""physical_error_rate"":0.0005}","{""detection_events"":87533,""detectors_checked"":35753984,""obs_mistake_mask=E"":1}"
      5120,         0,         0,    6.02,exact_mw,a17a1dfb4cb0509fbcf9caf9ce6f4704b111f022b15740e51c84c2b7e14a6407,"{""distance"":7,""physical_error_rate"":0.001}","{""detection_events"":14800,""detectors_checked"":3082240}"
      1552,        14,         0,    45.3,exact_mw,73653d459d83448bea9c32985aa9fd156ebef5824b05d1ed55d386d98a968072,"{""distance"":7,""physical_error_rate"":0.01}","{""detection_events"":43267,""detectors_checked"":934304,""obs_mistake_mask=E"":14}"
      2304,         1,         0,    9.15,exact_mw,f9daf7670c28e8b8b7ac9af8e1984263f26063cb589f7a54f43332f7ce5001d2,"{""distance"":7,""physical_error_rate"":0.002}","{""detection_events"":13635,""detectors_checked"":1387008,""obs_mistake_mask=E"":1}"
    476160,         0,         0,    44.5,exact_mw,c5b9b378753080b028cc9d6f4434ddf95ab0a61b3333c7295fd718d5436747fc,"{""distance"":7,""physical_error_rate"":0.0001}","{""detection_events"":141002,""detectors_checked"":286648320}"
   4599808,         2,         0,    62.5,exact_mw,c5b9b378753080b028cc9d6f4434ddf95ab0a61b3333c7295fd718d5436747fc,"{""distance"":7,""physical_error_rate"":0.0001}","{""detection_events"":1363556,""detectors_checked"":2769084416,""obs_mistake_mask=E"":2}"
        96,         0,         0,    8.85,exact_mw,a7c002779361d29bb296963a23dd35d34b706f38009a8e2e2f5aee9a5ee0acdb,"{""distance"":7,""physical_error_rate"":0.005}","{""detection_events"":1362,""detectors_checked"":57792}"
   2752512,         1,         0,    62.6,exact_mw,fb98ac5f0d986856d2cb4e87c937a37162f60383230d2323a40d4b2e77ef556c,"{""distance"":7,""physical_error_rate"":0.0002}","{""detection_events"":1630322,""detectors_checked"":1657012224,""obs_mistake_mask=E"":1}"
   5067776,         0,         0,    62.6,exact_mw,590a535fae2c18c7445aa3259c8038467453e1d6a10b68541c755b2dcb29eb74,"{""distance"":7,""physical_error_rate"":5e-05}","{""detection_events"":750064,""detectors_checked"":3050801152}"
    854016,         0,         0,    11.6,exact_mw,c5b9b378753080b028cc9d6f4434ddf95ab0a61b3333c7295fd718d5436747fc,"{""distance"":7,""physical_error_rate"":0.0001}","{""detection_events"":252499,""detectors_checked"":514117632}"
    521216,         0,         0,    11.7,exact_mw,fb98ac5f0d986856d2cb4e87c937a37162f60383230d2323a40d4b2e77ef556c,"{""distance"":7,""physical_error_rate"":0.0002}","{""detection_events"":308836,""detectors_checked"":313772032}"
    925696,         0,         0,    11.6,exact_mw,590a535fae2c18c7445aa3259c8038467453e1d6a10b68541c755b2dcb29eb74,"{""distance"":7,""physical_error_rate"":5e-05}","{""detection_events"":137014,""detectors_checked"":557268992}"
     79872,         1,         0,    11.7,exact_mw,8973b2281876bd917be29e6214e197de75d185bf3f5e531e264555f10574746e,"{""distance"":7,""physical_error_rate"":0.0005}","{""detection_events"":119130,""detectors_checked"":48082944,""obs_mistake_mask=E"":1}"
     10752,         0,         0,    8.87,exact_mw,a17a1dfb4cb0509fbcf9caf9ce6f4704b111f022b15740e51c84c2b7e14a6407,"{""distance"":7,""physical_error_rate"":0.001}","{""detection_events"":31771,""detectors_checked"":6472704}"
   2675712,         0,         0,    62.4,exact_mw,590a535fae2c18c7445aa3259c8038467453e1d6a10b68541c755b2dcb29eb74,"{""distance"":7,""physical_error_rate"":5e-05}","{""detection_events"":396995,""detectors_checked"":1610778624}"
    349696,         1,         0,    63.1,exact_mw,8973b2281876bd917be29e6214e197de75d185bf3f5e531e264555f10574746e,"{""distance"":7,""physical_error_rate"":0.0005}","{""detection_events"":517698,""detectors_checked"":210516992,""obs_mistake_mask=E"":1}"
         1,         0,         0,   0.124,exact_mw,73653d459d83448bea9c32985aa9fd156ebef5824b05d1ed55d386d98a968072,"{""distance"":7,""physical_error_rate"":0.01}","{""detection_events"":23,""detectors_checked"":602}"
      3072,         0,         0,    11.7,exact_mw,f9daf7670c28e8b8b7ac9af8e1984263f26063cb589f7a54f43332f7ce5001d2,"{""distance"":7,""physical_error_rate"":0.002}","{""detection_events"":17903,""detectors_checked"":1849344}"
         4,         0,         0,    1.15,exact_mw,73653d459d83448bea9c32985aa9fd156ebef5824b05d1ed55d386d98a968072,"{""distance"":7,""physical_error_rate"":0.01}","{""detection_events"":91,""detectors_checked"":2408}"
     77312,         0,         0,    63.1,exact_mw,a17a1dfb4cb0509fbcf9caf9ce6f4704b111f022b15740e51c84c2b7e14a6407,"{""distance"":7,""physical_error_rate"":0.001}","{""detection_events"":228073,""detectors_checked"":46541824}"
         4,         0,         0,   0.707,exact_mw,73653d459d83448bea9c32985aa9fd156ebef5824b05d1ed55d386d98a968072,"{""distance"":7,""physical_error_rate"":0.01}","{""detection_events"":107,""detectors_checked"":2408}"
         4,         0,         0,   0.508,exact_mw,73653d459d83448bea9c32985aa9fd156ebef5824b05d1ed55d386d98a968072,"{""distance"":7,""physical_error_rate"":0.01}","{""detection_events"":101,""detectors_checked"":2408}"
         4,         0,         0,   0.960,exact_mw,73653d459d83448bea9c32985aa9fd156ebef5824b05d1ed55d386d98a968072,"{""distance"":7,""physical_error_rate"":0.01}","{""detection_events"":122,""detectors_checked"":2408}"
        88,         1,         0,    12.4,exact_mw,a7c002779361d29bb296963a23dd35d34b706f38009a8e2e2f5aee9a5ee0acdb,"{""distance"":7,""physical_error_rate"":0.005}","{""detection_events"":1372,""detectors_checked"":52976,""obs_mistake_mask=E"":1}"
         4,         0,         0,   0.706,exact_mw,73653d459d83448bea9c32985aa9fd156ebef5824b05d1ed55d386d98a968072,"{""distance"":7,""physical_error_rate"":0.01}","{""detection_events"":105,""detectors_checked"":2408}"
         4,         0,         0,   0.934,exact_mw,73653d459d83448bea9c32985aa9fd156ebef5824b05d1ed55d386d98a968072,"{""distance"":7,""physical_error_rate"":0.01}","{""detection_events"":99,""detectors_checked"":2408}"
      4096,         6,         0,    63.2,exact_mw,a7c002779361d29bb296963a23dd35d34b706f38009a8e2e2f5aee9a5ee0acdb,"{""distance"":7,""physical_error_rate"":0.005}","{""detection_events"":59002,""detectors_checked"":2465792,""obs_mistake_mask=E"":6}"
         4,         0,         0,   0.232,exact_mw,73653d459d83448bea9c32985aa9fd156ebef5824b05d1ed55d386d98a968072,"{""distance"":7,""physical_error_rate"":0.01}","{""detection_events"":115,""detectors_checked"":2408}"
         8,         0,         0,    1.69,exact_mw,73653d459d83448bea9c32985aa9fd156ebef5824b05d1ed55d386d98a968072,"{""distance"":7,""physical_error_rate"":0.01}","{""detection_events"":232,""detectors_checked"":4816}"
         4,         0,         0,   0.860,exact_mw,73653d459d83448bea9c32985aa9fd156ebef5824b05d1ed55d386d98a968072,"{""distance"":7,""physical_error_rate"":0.01}","{""detection_events"":116,""detectors_checked"":2408}"
         4,         0,         0,   0.718,exact_mw,73653d459d83448bea9c32985aa9fd156ebef5824b05d1ed55d386d98a968072,"{""distance"":7,""physical_error_rate"":0.01}","{""detection_events"":132,""detectors_checked"":2408}"
     15360,         0,         0,    12.2,exact_mw,a17a1dfb4cb0509fbcf9caf9ce6f4704b111f022b15740e51c84c2b7e14a6407,"{""distance"":7,""physical_error_rate"":0.001}","{""detection_events"":44613,""detectors_checked"":9246720}"
         4,         0,         0,   0.660,exact_mw,73653d459d83448bea9c32985aa9fd156ebef5824b05d1ed55d386d98a968072,"{""distance"":7,""physical_error_rate"":0.01}","{""detection_events"":86,""detectors_checked"":2408}"
     12160,         2,         0,    63.7,exact_mw,f9daf7670c28e8b8b7ac9af8e1984263f26063cb589f7a54f43332f7ce5001d2,"{""distance"":7,""physical_error_rate"":0.002}","{""detection_events"":71632,""detectors_checked"":7320320,""obs_mistake_mask=E"":2}"
      4160,         4,         0,    63.9,exact_mw,a7c002779361d29bb296963a23dd35d34b706f38009a8e2e2f5aee9a5ee0acdb,"{""distance"":7,""physical_error_rate"":0.005}","{""detection_events"":59788,""detectors_checked"":2504320,""obs_mistake_mask=E"":4}"
         4,         0,         0,   0.920,exact_mw,73653d459d83448bea9c32985aa9fd156ebef5824b05d1ed55d386d98a968072,"{""distance"":7,""physical_error_rate"":0.01}","{""detection_events"":121,""detectors_checked"":2408}"
   1201152,         1,         0,    16.3,exact_mw,c5b9b378753080b028cc9d6f4434ddf95ab0a61b3333c7295fd718d5436747fc,"{""distance"":7,""physical_error_rate"":0.0001}","{""detection_events"":356140,""detectors_checked"":723093504,""obs_mistake_mask=E"":1}"
         4,         0,         0,   0.963,exact_mw,73653d459d83448bea9c32985aa9fd156ebef5824b05d1ed55d386d98a968072,"{""distance"":7,""physical_error_rate"":0.01}","{""detection_events"":130,""detectors_checked"":2408}"
    737280,         0,         0,    16.3,exact_mw,fb98ac5f0d986856d2cb4e87c937a37162f60383230d2323a40d4b2e77ef556c,"{""distance"":7,""physical_error_rate"":0.0002}","{""detection_events"":438483,""detectors_checked"":443842560}"
   1332224,         0,         0,    16.3,exact_mw,590a535fae2c18c7445aa3259c8038467453e1d6a10b68541c755b2dcb29eb74,"{""distance"":7,""physical_error_rate"":5e-05}","{""detection_events"":198350,""detectors_checked"":801998848}"
    115712,         1,         0,    16.4,exact_mw,8973b2281876bd917be29e6214e197de75d185bf3f5e531e264555f10574746e,"{""distance"":7,""physical_error_rate"":0.0005}","{""detection_events"":170162,""detectors_checked"":69658624,""obs_mistake_mask=E"":1}"
         8,         0,         0,    1.73,exact_mw,73653d459d83448bea9c32985aa9fd156ebef5824b05d1ed55d386d98a968072,"{""distance"":7,""physical_error_rate"":0.01}","{""detection_events"":303,""detectors_checked"":4816}"
         8,         0,         0,    1.70,exact_mw,73653d459d83448bea9c32985aa9fd156ebef5824b05d1ed55d386d98a968072,"{""distance"":7,""physical_error_rate"":0.01}","{""detection_events"":205,""detectors_checked"":4816}"
        12,         0,         0,    2.22,exact_mw,73653d459d83448bea9c32985aa9fd156ebef5824b05d1ed55d386d98a968072,"{""distance"":7,""physical_error_rate"":0.01}","{""detection_events"":331,""detectors_checked"":7224}"
      4352,         0,         0,    17.4,exact_mw,f9daf7670c28e8b8b7ac9af8e1984263f26063cb589f7a54f43332f7ce5001d2,"{""distance"":7,""physical_error_rate"":0.002}","{""detection_events"":25603,""detectors_checked"":2619904}"
        68,         1,         0,    3.07,exact_mw,73653d459d83448bea9c32985aa9fd156ebef5824b05d1ed55d386d98a968072,"{""distance"":7,""physical_error_rate"":0.01}","{""detection_events"":1939,""detectors_checked"":40936,""obs_mistake_mask=E"":1}"
   7800832,         0,         0,    87.6,exact_mw,590a535fae2c18c7445aa3259c8038467453e1d6a10b68541c755b2dcb29eb74,"{""distance"":7,""physical_error_rate"":5e-05}","{""detection_events"":1159837,""detectors_checked"":4696100864}"
       148,         0,         0,    17.4,exact_mw,a7c002779361d29bb296963a23dd35d34b706f38009a8e2e2f5aee9a5ee0acdb,"{""distance"":7,""physical_error_rate"":0.005}","{""detection_events"":2196,""detectors_checked"":89096}"
      1260,         1,         0,    63.8,exact_mw,a7c002779361d29bb296963a23dd35d34b706f38009a8e2e2f5aee9a5ee0acdb,"{""distance"":7,""physical_error_rate"":0.005}","{""detection_events"":18482,""detectors_checked"":758520,""obs_mistake_mask=E"":1}"
       176,         1,         0,    4.61,exact_mw,73653d459d83448bea9c32985aa9fd156ebef5824b05d1ed55d386d98a968072,"{""distance"":7,""physical_error_rate"":0.01}","{""detection_events"":4860,""detectors_checked"":105952,""obs_mistake_mask=E"":1}"
   7455744,         0,         0,    87.6,exact_mw,c5b9b378753080b028cc9d6f4434ddf95ab0a61b3333c7295fd718d5436747fc,"{""distance"":7,""physical_error_rate"":0.0001}","{""detection_events"":2216439,""detectors_checked"":4488357888}"
      2880,         0,         0,    17.2,exact_mw,a17a1dfb4cb0509fbcf9caf9ce6f4704b111f022b15740e51c84c2b7e14a6407,"{""distance"":7,""physical_error_rate"":0.001}","{""detection_events"":8695,""detectors_checked"":1733760}"
      6688,         7,         0,    88.2,exact_mw,a7c002779361d29bb296963a23dd35d34b706f38009a8e2e2f5aee9a5ee0acdb,"{""distance"":7,""physical_error_rate"":0.005}","{""detection_events"":96509,""detectors_checked"":4026176,""obs_mistake_mask=E"":7}"
   5039104,         1,         0,    87.8,exact_mw,fb98ac5f0d986856d2cb4e87c937a37162f60383230d2323a40d4b2e77ef556c,"{""distance"":7,""physical_error_rate"":0.0002}","{""detection_events"":2982266,""detectors_checked"":3033540608,""obs_mistake_mask=E"":1}"
   4027392,         2,         0,    87.6,exact_mw,fb98ac5f0d986856d2cb4e87c937a37162f60383230d2323a40d4b2e77ef556c,"{""distance"":7,""physical_error_rate"":0.0002}","{""detection_events"":2385796,""detectors_checked"":2424489984,""obs_mistake_mask=E"":2}"
    660480,         3,         0,    88.1,exact_mw,8973b2281876bd917be29e6214e197de75d185bf3f5e531e264555f10574746e,"{""distance"":7,""physical_error_rate"":0.0005}","{""detection_events"":978866,""detectors_checked"":397608960,""obs_mistake_mask=E"":3}"
   5476352,         1,         0,    87.6,exact_mw,c5b9b378753080b028cc9d6f4434ddf95ab0a61b3333c7295fd718d5436747fc,"{""distance"":7,""physical_error_rate"":0.0001}","{""detection_events"":1626902,""detectors_checked"":3296763904,""obs_mistake_mask=E"":1}"
   1686528,         0,         0,    87.4,exact_mw,590a535fae2c18c7445aa3259c8038467453e1d6a10b68541c755b2dcb29eb74,"{""distance"":7,""physical_error_rate"":5e-05}","{""detection_events"":251126,""detectors_checked"":1015289856}"
   3789824,         0,         0,    87.6,exact_mw,c5b9b378753080b028cc9d6f4434ddf95ab0a61b3333c7295fd718d5436747fc,"{""distance"":7,""physical_error_rate"":0.0001}","{""detection_events"":1122868,""detectors_checked"":2281474048}"
   2836480,         1,         0,    62.6,exact_mw,fb98ac5f0d986856d2cb4e87c937a37162f60383230d2323a40d4b2e77ef556c,"{""distance"":7,""physical_error_rate"":0.0002}","{""detection_events"":1682156,""detectors_checked"":1707560960,""obs_mistake_mask=E"":1}"
   5404672,         0,         0,    87.6,exact_mw,c5b9b378753080b028cc9d6f4434ddf95ab0a61b3333c7295fd718d5436747fc,"{""distance"":7,""physical_error_rate"":0.0001}","{""detection_events"":1604112,""detectors_checked"":3253612544}"
      1384,        16,         0,    63.2,exact_mw,73653d459d83448bea9c32985aa9fd156ebef5824b05d1ed55d386d98a968072,"{""distance"":7,""physical_error_rate"":0.01}","{""detection_events"":39132,""detectors_checked"":833168,""obs_mistake_mask=E"":16}"
   4618240,         0,         0,    62.5,exact_mw,c5b9b378753080b028cc9d6f4434ddf95ab0a61b3333c7295fd718d5436747fc,"{""distance"":7,""physical_error_rate"":0.0001}","{""detection_events"":1369055,""detectors_checked"":2780180480}"
   2181120,         0,         0,    87.8,exact_mw,fb98ac5f0d986856d2cb4e87c937a37162f60383230d2323a40d4b2e77ef556c,"{""distance"":7,""physical_error_rate"":0.0002}","{""detection_events"":1293408,""detectors_checked"":1313034240}"
   5172224,         0,         0,    62.5,exact_mw,590a535fae2c18c7445aa3259c8038467453e1d6a10b68541c755b2dcb29eb74,"{""distance"":7,""physical_error_rate"":5e-05}","{""detection_events"":764654,""detectors_checked"":3113678848}"
       240,         1,         0,    6.20,exact_mw,73653d459d83448bea9c32985aa9fd156ebef5824b05d1ed55d386d98a968072,"{""distance"":7,""physical_error_rate"":0.01}","{""detection_events"":6427,""detectors_checked"":144480,""obs_mistake_mask=E"":1}"
   6217728,         0,         0,    87.6,exact_mw,590a535fae2c18c7445aa3259c8038467453e1d6a10b68541c755b2dcb29eb74,"{""distance"":7,""physical_error_rate"":5e-05}","{""detection_events"":924690,""detectors_checked"":3743072256}"
    619520,         2,         0,    88.1,exact_mw,8973b2281876bd917be29e6214e197de75d185bf3f5e531e264555f10574746e,"{""distance"":7,""physical_error_rate"":0.0005}","{""detection_events"":917829,""detectors_checked"":372951040,""obs_mistake_mask=E"":2}"
    285184,         0,         0,    63.6,exact_mw,8973b2281876bd917be29e6214e197de75d185bf3f5e531e264555f10574746e,"{""distance"":7,""physical_error_rate"":0.0005}","{""detection_events"":421245,""detectors_checked"":171680768}"
    389632,         0,         0,    88.3,exact_mw,8973b2281876bd917be29e6214e197de75d185bf3f5e531e264555f10574746e,"{""distance"":7,""physical_error_rate"":0.0005}","{""detection_events"":573600,""detectors_checked"":234558464}"
   1683456,         0,         0,    22.8,exact_mw,c5b9b378753080b028cc9d6f4434ddf95ab0a61b3333c7295fd718d5436747fc,"{""distance"":7,""physical_error_rate"":0.0001}","{""detection_events"":500031,""detectors_checked"":1013440512}"
   1028096,         0,         0,    22.8,exact_mw,fb98ac5f0d986856d2cb4e87c937a37162f60383230d2323a40d4b2e77ef556c,"{""distance"":7,""physical_error_rate"":0.0002}","{""detection_events"":608422,""detectors_checked"":618913792}"
   1552384,         0,         0,    22.8,exact_mw,590a535fae2c18c7445aa3259c8038467453e1d6a10b68541c755b2dcb29eb74,"{""distance"":7,""physical_error_rate"":5e-05}","{""detection_events"":231643,""detectors_checked"":934535168}"
      3824,        30,         0,    88.2,exact_mw,73653d459d83448bea9c32985aa9fd156ebef5824b05d1ed55d386d98a968072,"{""distance"":7,""physical_error_rate"":0.01}","{""detection_events"":106160,""detectors_checked"":2302048,""obs_mistake_mask=E"":30}"
    163840,         1,         0,    22.9,exact_mw,8973b2281876bd917be29e6214e197de75d185bf3f5e531e264555f10574746e,"{""distance"":7,""physical_error_rate"":0.0005}","{""detection_events"":244287,""detectors_checked"":98631680,""obs_mistake_mask=E"":1}"
    541184,         1,         0,    88.2,exact_mw,8973b2281876bd917be29e6214e197de75d185bf3f5e531e264555f10574746e,"{""distance"":7,""physical_error_rate"":0.0005}","{""detection_events"":801073,""detectors_checked"":325792768,""obs_mistake_mask=E"":1}"
     23936,         2,         0,    89.3,exact_mw,f9daf7670c28e8b8b7ac9af8e1984263f26063cb589f7a54f43332f7ce5001d2,"{""distance"":7,""physical_error_rate"":0.002}","{""detection_events"":140805,""detectors_checked"":14409472,""obs_mistake_mask=E"":2}"
   2325504,         0,         0,    87.8,exact_mw,fb98ac5f0d986856d2cb4e87c937a37162f60383230d2323a40d4b2e77ef556c,"{""distance"":7,""physical_error_rate"":0.0002}","{""detection_events"":1376361,""detectors_checked"":1399953408}"
    122880,         1,         0,    88.9,exact_mw,a17a1dfb4cb0509fbcf9caf9ce6f4704b111f022b15740e51c84c2b7e14a6407,"{""distance"":7,""physical_error_rate"":0.001}","{""detection_events"":362886,""detectors_checked"":73973760,""obs_mistake_mask=E"":1}"
      6016,         5,         0,    88.5,exact_mw,a7c002779361d29bb296963a23dd35d34b706f38009a8e2e2f5aee9a5ee0acdb,"{""distance"":7,""physical_error_rate"":0.005}","{""detection_events"":86018,""detectors_checked"":3621632,""obs_mistake_mask=E"":5}"
     50176,         2,         0,    63.7,exact_mw,a17a1dfb4cb0509fbcf9caf9ce6f4704b111f022b15740e51c84c2b7e14a6407,"{""distance"":7,""physical_error_rate"":0.001}","{""detection_events"":148850,""detectors_checked"":30205952,""obs_mistake_mask=E"":2}"
     13504,         1,         0,    88.7,exact_mw,a17a1dfb4cb0509fbcf9caf9ce6f4704b111f022b15740e51c84c2b7e14a6407,"{""distance"":7,""physical_error_rate"":0.001}","{""detection_events"":40256,""detectors_checked"":8129408,""obs_mistake_mask=E"":1}"
       320,         3,         0,    8.57,exact_mw,73653d459d83448bea9c32985aa9fd156ebef5824b05d1ed55d386d98a968072,"{""distance"":7,""physical_error_rate"":0.01}","{""detection_events"":9075,""detectors_checked"":192640,""obs_mistake_mask=E"":3}"
    102912,         4,         0,    88.7,exact_mw,a17a1dfb4cb0509fbcf9caf9ce6f4704b111f022b15740e51c84c2b7e14a6407,"{""distance"":7,""physical_error_rate"":0.001}","{""detection_events"":303938,""detectors_checked"":61953024,""obs_mistake_mask=E"":4}"
   5076992,         0,         0,    62.5,exact_mw,590a535fae2c18c7445aa3259c8038467453e1d6a10b68541c755b2dcb29eb74,"{""distance"":7,""physical_error_rate"":5e-05}","{""detection_events"":754988,""detectors_checked"":3056349184}"
     20608,         1,         0,    88.4,exact_mw,f9daf7670c28e8b8b7ac9af8e1984263f26063cb589f7a54f43332f7ce5001d2,"{""distance"":7,""physical_error_rate"":0.002}","{""detection_events"":121702,""detectors_checked"":12406016,""obs_mistake_mask=E"":1}"
      3456,        28,         0,    88.7,exact_mw,73653d459d83448bea9c32985aa9fd156ebef5824b05d1ed55d386d98a968072,"{""distance"":7,""physical_error_rate"":0.01}","{""detection_events"":96031,""detectors_checked"":2080512,""obs_mistake_mask=E"":28}"
     20096,         5,         0,    89.0,exact_mw,f9daf7670c28e8b8b7ac9af8e1984263f26063cb589f7a54f43332f7ce5001d2,"{""distance"":7,""physical_error_rate"":0.002}","{""detection_events"":117504,""detectors_checked"":12097792,""obs_mistake_mask=E"":5}"
      6144,         2,         0,    23.4,exact_mw,f9daf7670c28e8b8b7ac9af8e1984263f26063cb589f7a54f43332f7ce5001d2,"{""distance"":7,""physical_error_rate"":0.002}","{""detection_events"":35995,""detectors_checked"":3698688,""obs_mistake_mask=E"":2}"
      1380,        12,         0,    63.8,exact_mw,73653d459d83448bea9c32985aa9fd156ebef5824b05d1ed55d386d98a968072,"{""distance"":7,""physical_error_rate"":0.01}","{""detection_events"":39295,""detectors_checked"":830760,""obs_mistake_mask=E"":12}"
      1164,         3,         0,    89.3,exact_mw,a7c002779361d29bb296963a23dd35d34b706f38009a8e2e2f5aee9a5ee0acdb,"{""distance"":7,""physical_error_rate"":0.005}","{""detection_events"":16324,""detectors_checked"":700728,""obs_mistake_mask=E"":3}"
      3584,         7,         0,    63.3,exact_mw,a7c002779361d29bb296963a23dd35d34b706f38009a8e2e2f5aee9a5ee0acdb,"{""distance"":7,""physical_error_rate"":0.005}","{""detection_events"":51609,""detectors_checked"":2157568,""obs_mistake_mask=E"":7}"
     18304,         0,         0,    89.3,exact_mw,a17a1dfb4cb0509fbcf9caf9ce6f4704b111f022b15740e51c84c2b7e14a6407,"{""distance"":7,""physical_error_rate"":0.001}","{""detection_events"":54534,""detectors_checked"":11019008}"
       196,         1,         0,    23.8,exact_mw,a7c002779361d29bb296963a23dd35d34b706f38009a8e2e2f5aee9a5ee0acdb,"{""distance"":7,""physical_error_rate"":0.005}","{""detection_events"":2918,""detectors_checked"":117992,""obs_mistake_mask=E"":1}"
     16128,         4,         0,    63.3,exact_mw,f9daf7670c28e8b8b7ac9af8e1984263f26063cb589f7a54f43332f7ce5001d2,"{""distance"":7,""physical_error_rate"":0.002}","{""detection_events"":95519,""detectors_checked"":9709056,""obs_mistake_mask=E"":4}"
   2998272,         1,         0,    87.8,exact_mw,fb98ac5f0d986856d2cb4e87c937a37162f60383230d2323a40d4b2e77ef556c,"{""distance"":7,""physical_error_rate"":0.0002}","{""detection_events"":1773356,""detectors_checked"":1804959744,""obs_mistake_mask=E"":1}"
      3584,         0,         0,    22.9,exact_mw,a17a1dfb4cb0509fbcf9caf9ce6f4704b111f022b15740e51c84c2b7e14a6407,"{""distance"":7,""physical_error_rate"":0.001}","{""detection_events"":10638,""detectors_checked"":2157568}"
     80384,         0,         0,    89.2,exact_mw,8973b2281876bd917be29e6214e197de75d185bf3f5e531e264555f10574746e,"{""distance"":7,""physical_error_rate"":0.0005}","{""detection_events"":118459,""detectors_checked"":48391168}"
       448,         6,         0,    11.9,exact_mw,73653d459d83448bea9c32985aa9fd156ebef5824b05d1ed55d386d98a968072,"{""distance"":7,""physical_error_rate"":0.01}","{""detection_events"":12397,""detectors_checked"":269696,""obs_mistake_mask=E"":6}"
       300,         3,         0,    63.5,exact_mw,73653d459d83448bea9c32985aa9fd156ebef5824b05d1ed55d386d98a968072,"{""distance"":7,""physical_error_rate"":0.01}","{""detection_events"":8449,""detectors_checked"":180600,""obs_mistake_mask=E"":3}"
      2992,        21,         0,    88.2,exact_mw,73653d459d83448bea9c32985aa9fd156ebef5824b05d1ed55d386d98a968072,"{""distance"":7,""physical_error_rate"":0.01}","{""detection_events"":82194,""detectors_checked"":1801184,""obs_mistake_mask=E"":21}"
    603136,         0,         0,    62.4,exact_mw,c5b9b378753080b028cc9d6f4434ddf95ab0a61b3333c7295fd718d5436747fc,"{""distance"":7,""physical_error_rate"":0.0001}","{""detection_events"":177906,""detectors_checked"":363087872}"
     97280,         2,         0,    88.2,exact_mw,a17a1dfb4cb0509fbcf9caf9ce6f4704b111f022b15740e51c84c2b7e14a6407,"{""distance"":7,""physical_error_rate"":0.001}","{""detection_events"":287280,""detectors_checked"":58562560,""obs_mistake_mask=E"":2}"
      1092,         7,         0,    88.9,exact_mw,73653d459d83448bea9c32985aa9fd156ebef5824b05d1ed55d386d98a968072,"{""distance"":7,""physical_error_rate"":0.01}","{""detection_events"":30048,""detectors_checked"":657384,""obs_mistake_mask=E"":7}"
     14480,         2,         0,    91.7,exact_mw,f9daf7670c28e8b8b7ac9af8e1984263f26063cb589f7a54f43332f7ce5001d2,"{""distance"":7,""physical_error_rate"":0.002}","{""detection_events"":84685,""detectors_checked"":8716960,""obs_mistake_mask=E"":2}"
     11088,         1,         0,    88.3,exact_mw,f9daf7670c28e8b8b7ac9af8e1984263f26063cb589f7a54f43332f7ce5001d2,"{""distance"":7,""physical_error_rate"":0.002}","{""detection_events"":64866,""detectors_checked"":6674976,""obs_mistake_mask=E"":1}"
   1978368,         0,         0,    31.9,exact_mw,c5b9b378753080b028cc9d6f4434ddf95ab0a61b3333c7295fd718d5436747fc,"{""distance"":7,""physical_error_rate"":0.0001}","{""detection_events"":585662,""detectors_checked"":1190977536}"
   1429504,         0,         0,    32.0,exact_mw,fb98ac5f0d986856d2cb4e87c937a37162f60383230d2323a40d4b2e77ef556c,"{""distance"":7,""physical_error_rate"":0.0002}","{""detection_events"":846591,""detectors_checked"":860561408}"
   2382848,         0,         0,    31.9,exact_mw,590a535fae2c18c7445aa3259c8038467453e1d6a10b68541c755b2dcb29eb74,"{""distance"":7,""physical_error_rate"":5e-05}","{""detection_events"":355029,""detectors_checked"":1434474496}"
    230400,         3,         0,    32.1,exact_mw,8973b2281876bd917be29e6214e197de75d185bf3f5e531e264555f10574746e,"{""distance"":7,""physical_error_rate"":0.0005}","{""detection_events"":339967,""detectors_checked"":138700800,""obs_mistake_mask=E"":3}"
       640,         3,         0,    16.6,exact_mw,73653d459d83448bea9c32985aa9fd156ebef5824b05d1ed55d386d98a968072,"{""distance"":7,""physical_error_rate"":0.01}","{""detection_events"":17862,""detectors_checked"":385280,""obs_mistake_mask=E"":3}"
      8448,         0,         0,    33.1,exact_mw,f9daf7670c28e8b8b7ac9af8e1984263f26063cb589f7a54f43332f7ce5001d2,"{""distance"":7,""physical_error_rate"":0.002}","{""detection_events"":50198,""detectors_checked"":5085696}"
       464,         1,         0,    32.2,exact_mw,a7c002779361d29bb296963a23dd35d34b706f38009a8e2e2f5aee9a5ee0acdb,"{""distance"":7,""physical_error_rate"":0.005}","{""detection_events"":6706,""detectors_checked"":279328,""obs_mistake_mask=E"":1}"
   6414336,         1,         0,    87.6,exact_mw,c5b9b378753080b028cc9d6f4434ddf95ab0a61b3333c7295fd718d5436747fc,"{""distance"":7,""physical_error_rate"":0.0001}","{""detection_events"":1899738,""detectors_checked"":3861430272,""obs_mistake_mask=E"":1}"
   3538944,         0,         0,    87.8,exact_mw,fb98ac5f0d986856d2cb4e87c937a37162f60383230d2323a40d4b2e77ef556c,"{""distance"":7,""physical_error_rate"":0.0002}","{""detection_events"":2100429,""detectors_checked"":2130444288}"
   7119872,         0,         0,    87.5,exact_mw,590a535fae2c18c7445aa3259c8038467453e1d6a10b68541c755b2dcb29eb74,"{""distance"":7,""physical_error_rate"":5e-05}","{""detection_events"":1057781,""detectors_checked"":4286162944}"
      6208,         0,         0,    32.6,exact_mw,a17a1dfb4cb0509fbcf9caf9ce6f4704b111f022b15740e51c84c2b7e14a6407,"{""distance"":7,""physical_error_rate"":0.001}","{""detection_events"":18261,""detectors_checked"":3737216}"
   4992000,         0,         0,    87.5,exact_mw,590a535fae2c18c7445aa3259c8038467453e1d6a10b68541c755b2dcb29eb74,"{""distance"":7,""physical_error_rate"":5e-05}","{""detection_events"":739167,""detectors_checked"":3005184000}"
    621568,         1,         0,    88.3,exact_mw,8973b2281876bd917be29e6214e197de75d185bf3f5e531e264555f10574746e,"{""distance"":7,""physical_error_rate"":0.0005}","{""detection_events"":919418,""detectors_checked"":374183936,""obs_mistake_mask=E"":1}"
    109568,         0,         0,    88.6,exact_mw,a17a1dfb4cb0509fbcf9caf9ce6f4704b111f022b15740e51c84c2b7e14a6407,"{""distance"":7,""physical_error_rate"":0.001}","{""detection_events"":323492,""detectors_checked"":65959936}"
       928,         4,         0,    23.5,exact_mw,73653d459d83448bea9c32985aa9fd156ebef5824b05d1ed55d386d98a968072,"{""distance"":7,""physical_error_rate"":0.01}","{""detection_events"":25710,""detectors_checked"":558656,""obs_mistake_mask=E"":4}"
      5760,         9,         0,    88.3,exact_mw,a7c002779361d29bb296963a23dd35d34b706f38009a8e2e2f5aee9a5ee0acdb,"{""distance"":7,""physical_error_rate"":0.005}","{""detection_events"":82734,""detectors_checked"":3467520,""obs_mistake_mask=E"":9}"
     23808,         0,         0,    88.7,exact_mw,f9daf7670c28e8b8b7ac9af8e1984263f26063cb589f7a54f43332f7ce5001d2,"{""distance"":7,""physical_error_rate"":0.002}","{""detection_events"":137783,""detectors_checked"":14332416}"
      5824,         5,         0,    88.6,exact_mw,a7c002779361d29bb296963a23dd35d34b706f38009a8e2e2f5aee9a5ee0acdb,"{""distance"":7,""physical_error_rate"":0.005}","{""detection_events"":83803,""detectors_checked"":3506048,""obs_mistake_mask=E"":5}"
   3398656,         1,         0,    44.6,exact_mw,c5b9b378753080b028cc9d6f4434ddf95ab0a61b3333c7295fd718d5436747fc,"{""distance"":7,""physical_error_rate"":0.0001}","{""detection_events"":1008765,""detectors_checked"":2045990912,""obs_mistake_mask=E"":1}"
       816,         4,         0,    88.5,exact_mw,a7c002779361d29bb296963a23dd35d34b706f38009a8e2e2f5aee9a5ee0acdb,"{""distance"":7,""physical_error_rate"":0.005}","{""detection_events"":11713,""detectors_checked"":491232,""obs_mistake_mask=E"":4}"
    564224,         0,         0,    44.9,exact_mw,fb98ac5f0d986856d2cb4e87c937a37162f60383230d2323a40d4b2e77ef556c,"{""distance"":7,""physical_error_rate"":0.0002}","{""detection_events"":336252,""detectors_checked"":339662848}"
   3472384,         0,         0,    44.6,exact_mw,590a535fae2c18c7445aa3259c8038467453e1d6a10b68541c755b2dcb29eb74,"{""distance"":7,""physical_error_rate"":5e-05}","{""detection_events"":516281,""detectors_checked"":2090375168}"
    307200,         0,         0,    45.1,exact_mw,8973b2281876bd917be29e6214e197de75d185bf3f5e531e264555f10574746e,"{""distance"":7,""physical_error_rate"":0.0005}","{""detection_events"":454617,""detectors_checked"":184934400}"
   3267584,         2,         0,    87.7,exact_mw,fb98ac5f0d986856d2cb4e87c937a37162f60383230d2323a40d4b2e77ef556c,"{""distance"":7,""physical_error_rate"":0.0002}","{""detection_events"":1934206,""detectors_checked"":1967085568,""obs_mistake_mask=E"":2}"
   6526976,         0,         0,    87.5,exact_mw,c5b9b378753080b028cc9d6f4434ddf95ab0a61b3333c7295fd718d5436747fc,"{""distance"":7,""physical_error_rate"":0.0001}","{""detection_events"":1938859,""detectors_checked"":3929239552}"
       436,         3,         0,    88.7,exact_mw,73653d459d83448bea9c32985aa9fd156ebef5824b05d1ed55d386d98a968072,"{""distance"":7,""physical_error_rate"":0.01}","{""detection_events"":11833,""detectors_checked"":262472,""obs_mistake_mask=E"":3}"
   6823936,         0,         0,    87.5,exact_mw,590a535fae2c18c7445aa3259c8038467453e1d6a10b68541c755b2dcb29eb74,"{""distance"":7,""physical_error_rate"":5e-05}","{""detection_events"":1015726,""detectors_checked"":4108009472}"
     11520,         1,         0,    45.0,exact_mw,f9daf7670c28e8b8b7ac9af8e1984263f26063cb589f7a54f43332f7ce5001d2,"{""distance"":7,""physical_error_rate"":0.002}","{""detection_events"":67968,""detectors_checked"":6935040,""obs_mistake_mask=E"":1}"
    128000,         0,         0,    88.2,exact_mw,8973b2281876bd917be29e6214e197de75d185bf3f5e531e264555f10574746e,"{""distance"":7,""physical_error_rate"":0.0005}","{""detection_events"":188969,""detectors_checked"":77056000}"
      2060,         1,         0,    45.1,exact_mw,a7c002779361d29bb296963a23dd35d34b706f38009a8e2e2f5aee9a5ee0acdb,"{""distance"":7,""physical_error_rate"":0.005}","{""detection_events"":28604,""detectors_checked"":1240120,""obs_mistake_mask=E"":1}"
      1216,        13,         0,    32.3,exact_mw,73653d459d83448bea9c32985aa9fd156ebef5824b05d1ed55d386d98a968072,"{""distance"":7,""physical_error_rate"":0.01}","{""detection_events"":33693,""detectors_checked"":732032,""obs_mistake_mask=E"":13}"
     14336,         0,         0,    87.9,exact_mw,a17a1dfb4cb0509fbcf9caf9ce6f4704b111f022b15740e51c84c2b7e14a6407,"{""distance"":7,""physical_error_rate"":0.001}","{""detection_events"":41549,""detectors_checked"":8630272}"
     11712,         0,         0,    45.1,exact_mw,a17a1dfb4cb0509fbcf9caf9ce6f4704b111f022b15740e51c84c2b7e14a6407,"{""distance"":7,""physical_error_rate"":0.001}","{""detection_events"":34726,""detectors_checked"":7050624}"
   7119872,         0,         0,    87.5,exact_mw,590a535fae2c18c7445aa3259c8038467453e1d6a10b68541c755b2dcb29eb74,"{""distance"":7,""physical_error_rate"":5e-05}","{""detection_events"":1059002,""detectors_checked"":4286162944}"
      1212,        11,         0,    88.1,exact_mw,73653d459d83448bea9c32985aa9fd156ebef5824b05d1ed55d386d98a968072,"{""distance"":7,""physical_error_rate"":0.01}","{""detection_events"":33420,""detectors_checked"":729624,""obs_mistake_mask=E"":11}"
      5568,        11,         0,    88.7,exact_mw,a7c002779361d29bb296963a23dd35d34b706f38009a8e2e2f5aee9a5ee0acdb,"{""distance"":7,""physical_error_rate"":0.005}","{""detection_events"":81081,""detectors_checked"":3351936,""obs_mistake_mask=E"":11}"
     22400,         2,         0,    88.8,exact_mw,f9daf7670c28e8b8b7ac9af8e1984263f26063cb589f7a54f43332f7ce5001d2,"{""distance"":7,""physical_error_rate"":0.002}","{""detection_events"":131469,""detectors_checked"":13484800,""obs_mistake_mask=E"":2}"
  11395072,         0,         0,   119.1,exact_mw,590a535fae2c18c7445aa3259c8038467453e1d6a10b68541c755b2dcb29eb74,"{""distance"":7,""physical_error_rate"":5e-05}","{""detection_events"":1686177,""detectors_checked"":6859833344}"
       436,         4,         0,    89.2,exact_mw,73653d459d83448bea9c32985aa9fd156ebef5824b05d1ed55d386d98a968072,"{""distance"":7,""physical_error_rate"":0.01}","{""detection_events"":11889,""detectors_checked"":262472,""obs_mistake_mask=E"":4}"
    838656,         0,         0,    87.4,exact_mw,c5b9b378753080b028cc9d6f4434ddf95ab0a61b3333c7295fd718d5436747fc,"{""distance"":7,""physical_error_rate"":0.0001}","{""detection_events"":247835,""detectors_checked"":504870912}"
   9742336,         0,         0,   119.2,exact_mw,c5b9b378753080b028cc9d6f4434ddf95ab0a61b3333c7295fd718d5436747fc,"{""distance"":7,""physical_error_rate"":0.0001}","{""detection_events"":2885251,""detectors_checked"":5864886272}"
      9536,        13,         0,   120.2,exact_mw,a7c002779361d29bb296963a23dd35d34b706f38009a8e2e2f5aee9a5ee0acdb,"{""distance"":7,""physical_error_rate"":0.005}","{""detection_events"":136512,""detectors_checked"":5740672,""obs_mistake_mask=E"":13}"
   6150144,         0,         0,   119.3,exact_mw,fb98ac5f0d986856d2cb4e87c937a37162f60383230d2323a40d4b2e77ef556c,"{""distance"":7,""physical_error_rate"":0.0002}","{""detection_events"":3649464,""detectors_checked"":3702386688}"
   5561344,         1,         0,   119.4,exact_mw,fb98ac5f0d986856d2cb4e87c937a37162f60383230d2323a40d4b2e77ef556c,"{""distance"":7,""physical_error_rate"":0.0002}","{""detection_events"":3298668,""detectors_checked"":3347929088,""obs_mistake_mask=E"":1}"
    889856,         1,         0,   119.9,exact_mw,8973b2281876bd917be29e6214e197de75d185bf3f5e531e264555f10574746e,"{""distance"":7,""physical_error_rate"":0.0005}","{""detection_events"":1316562,""detectors_checked"":535693312,""obs_mistake_mask=E"":1}"
   8948736,         0,         0,   119.2,exact_mw,c5b9b378753080b028cc9d6f4434ddf95ab0a61b3333c7295fd718d5436747fc,"{""distance"":7,""physical_error_rate"":0.0001}","{""detection_events"":2656275,""detectors_checked"":5387139072}"
   6331392,         0,         0,   119.1,exact_mw,590a535fae2c18c7445aa3259c8038467453e1d6a10b68541c755b2dcb29eb74,"{""distance"":7,""physical_error_rate"":5e-05}","{""detection_events"":939226,""detectors_checked"":3811497984}"
   7017472,         0,         0,   119.0,exact_mw,c5b9b378753080b028cc9d6f4434ddf95ab0a61b3333c7295fd718d5436747fc,"{""distance"":7,""physical_error_rate"":0.0001}","{""detection_events"":2080640,""detectors_checked"":4224518144}"
   8944640,         0,         0,   119.2,exact_mw,c5b9b378753080b028cc9d6f4434ddf95ab0a61b3333c7295fd718d5436747fc,"{""distance"":7,""physical_error_rate"":0.0001}","{""detection_events"":2656240,""detectors_checked"":5384673280}"
   1297408,         0,         0,   119.3,exact_mw,fb98ac5f0d986856d2cb4e87c937a37162f60383230d2323a40d4b2e77ef556c,"{""distance"":7,""physical_error_rate"":0.0002}","{""detection_events"":769739,""detectors_checked"":781039616}"
   9084928,         0,         0,   119.1,exact_mw,590a535fae2c18c7445aa3259c8038467453e1d6a10b68541c755b2dcb29eb74,"{""distance"":7,""physical_error_rate"":5e-05}","{""detection_events"":1346771,""detectors_checked"":5469126656}"
    854016,         1,         0,   119.9,exact_mw,8973b2281876bd917be29e6214e197de75d185bf3f5e531e264555f10574746e,"{""distance"":7,""physical_error_rate"":0.0005}","{""detection_events"":1262084,""detectors_checked"":514117632,""obs_mistake_mask=E"":1}"
    481280,         1,         0,   120.3,exact_mw,8973b2281876bd917be29e6214e197de75d185bf3f5e531e264555f10574746e,"{""distance"":7,""physical_error_rate"":0.0005}","{""detection_events"":707610,""detectors_checked"":289730560,""obs_mistake_mask=E"":1}"
      5024,        44,         0,   120.5,exact_mw,73653d459d83448bea9c32985aa9fd156ebef5824b05d1ed55d386d98a968072,"{""distance"":7,""physical_error_rate"":0.01}","{""detection_events"":141382,""detectors_checked"":3024448,""obs_mistake_mask=E"":44}"
    690688,         4,         0,   120.2,exact_mw,8973b2281876bd917be29e6214e197de75d185bf3f5e531e264555f10574746e,"{""distance"":7,""physical_error_rate"":0.0005}","{""detection_events"":1023242,""detectors_checked"":415794176,""obs_mistake_mask=E"":4}"
     36224,         1,         0,   120.1,exact_mw,f9daf7670c28e8b8b7ac9af8e1984263f26063cb589f7a54f43332f7ce5001d2,"{""distance"":7,""physical_error_rate"":0.002}","{""detection_events"":212949,""detectors_checked"":21806848,""obs_mistake_mask=E"":1}"
   5384192,         3,         0,   119.3,exact_mw,fb98ac5f0d986856d2cb4e87c937a37162f60383230d2323a40d4b2e77ef556c,"{""distance"":7,""physical_error_rate"":0.0002}","{""detection_events"":3191059,""detectors_checked"":3241283584,""obs_mistake_mask=E"":3}"
      7680,        10,         0,   120.4,exact_mw,a7c002779361d29bb296963a23dd35d34b706f38009a8e2e2f5aee9a5ee0acdb,"{""distance"":7,""physical_error_rate"":0.005}","{""detection_events"":110257,""detectors_checked"":4623360,""obs_mistake_mask=E"":10}"
    158720,         2,         0,   120.9,exact_mw,a17a1dfb4cb0509fbcf9caf9ce6f4704b111f022b15740e51c84c2b7e14a6407,"{""distance"":7,""physical_error_rate"":0.001}","{""detection_events"":469029,""detectors_checked"":95549440,""obs_mistake_mask=E"":2}"
     90368,         3,         0,   120.2,exact_mw,a17a1dfb4cb0509fbcf9caf9ce6f4704b111f022b15740e51c84c2b7e14a6407,"{""distance"":7,""physical_error_rate"":0.001}","{""detection_events"":266201,""detectors_checked"":54401536,""obs_mistake_mask=E"":3}"
    146432,         1,         0,   120.2,exact_mw,a17a1dfb4cb0509fbcf9caf9ce6f4704b111f022b15740e51c84c2b7e14a6407,"{""distance"":7,""physical_error_rate"":0.001}","{""detection_events"":430964,""detectors_checked"":88152064,""obs_mistake_mask=E"":1}"
     30976,         3,         0,   120.2,exact_mw,f9daf7670c28e8b8b7ac9af8e1984263f26063cb589f7a54f43332f7ce5001d2,"{""distance"":7,""physical_error_rate"":0.002}","{""detection_events"":180629,""detectors_checked"":18647552,""obs_mistake_mask=E"":3}"
      4864,        40,         0,   120.7,exact_mw,73653d459d83448bea9c32985aa9fd156ebef5824b05d1ed55d386d98a968072,"{""distance"":7,""physical_error_rate"":0.01}","{""detection_events"":135137,""detectors_checked"":2928128,""obs_mistake_mask=E"":40}"
     31232,         2,         0,   120.5,exact_mw,f9daf7670c28e8b8b7ac9af8e1984263f26063cb589f7a54f43332f7ce5001d2,"{""distance"":7,""physical_error_rate"":0.002}","{""detection_events"":183332,""detectors_checked"":18801664,""obs_mistake_mask=E"":2}"
      5272,         4,         0,   120.4,exact_mw,a7c002779361d29bb296963a23dd35d34b706f38009a8e2e2f5aee9a5ee0acdb,"{""distance"":7,""physical_error_rate"":0.005}","{""detection_events"":75492,""detectors_checked"":3173744,""obs_mistake_mask=E"":4}"
     19200,         2,         0,   120.3,exact_mw,a17a1dfb4cb0509fbcf9caf9ce6f4704b111f022b15740e51c84c2b7e14a6407,"{""distance"":7,""physical_error_rate"":0.001}","{""detection_events"":57201,""detectors_checked"":11558400,""obs_mistake_mask=E"":2}"
   2896896,         3,         0,   119.2,exact_mw,fb98ac5f0d986856d2cb4e87c937a37162f60383230d2323a40d4b2e77ef556c,"{""distance"":7,""physical_error_rate"":0.0002}","{""detection_events"":1719045,""detectors_checked"":1743931392,""obs_mistake_mask=E"":3}"
      1552,        15,         0,    46.4,exact_mw,73653d459d83448bea9c32985aa9fd156ebef5824b05d1ed55d386d98a968072,"{""distance"":7,""physical_error_rate"":0.01}","{""detection_events"":43877,""detectors_checked"":934304,""obs_mistake_mask=E"":15}"
    255232,         2,         0,   120.1,exact_mw,8973b2281876bd917be29e6214e197de75d185bf3f5e531e264555f10574746e,"{""distance"":7,""physical_error_rate"":0.0005}","{""detection_events"":377267,""detectors_checked"":153649664,""obs_mistake_mask=E"":2}"
      3976,        41,         0,   120.4,exact_mw,73653d459d83448bea9c32985aa9fd156ebef5824b05d1ed55d386d98a968072,"{""distance"":7,""physical_error_rate"":0.01}","{""detection_events"":109706,""detectors_checked"":2393552,""obs_mistake_mask=E"":41}"
   4692992,         1,         0,    62.5,exact_mw,c5b9b378753080b028cc9d6f4434ddf95ab0a61b3333c7295fd718d5436747fc,"{""distance"":7,""physical_error_rate"":0.0001}","{""detection_events"":1396052,""detectors_checked"":2825181184,""obs_mistake_mask=E"":1}"
   1278976,         3,         0,    62.4,exact_mw,fb98ac5f0d986856d2cb4e87c937a37162f60383230d2323a40d4b2e77ef556c,"{""distance"":7,""physical_error_rate"":0.0002}","{""detection_events"":759149,""detectors_checked"":769943552,""obs_mistake_mask=E"":3}"
   4059136,         0,         0,    62.4,exact_mw,590a535fae2c18c7445aa3259c8038467453e1d6a10b68541c755b2dcb29eb74,"{""distance"":7,""physical_error_rate"":5e-05}","{""detection_events"":603290,""detectors_checked"":2443599872}"
    438272,         2,         0,    62.9,exact_mw,8973b2281876bd917be29e6214e197de75d185bf3f5e531e264555f10574746e,"{""distance"":7,""physical_error_rate"":0.0005}","{""detection_events"":647503,""detectors_checked"":263839744,""obs_mistake_mask=E"":2}"
    147456,         0,         0,   120.3,exact_mw,a17a1dfb4cb0509fbcf9caf9ce6f4704b111f022b15740e51c84c2b7e14a6407,"{""distance"":7,""physical_error_rate"":0.001}","{""detection_events"":434459,""detectors_checked"":88768512}"
      4180,        32,         0,   120.6,exact_mw,73653d459d83448bea9c32985aa9fd156ebef5824b05d1ed55d386d98a968072,"{""distance"":7,""physical_error_rate"":0.01}","{""detection_events"":116461,""detectors_checked"":2516360,""obs_mistake_mask=E"":32}"
      5408,         0,         0,   120.5,exact_mw,f9daf7670c28e8b8b7ac9af8e1984263f26063cb589f7a54f43332f7ce5001d2,"{""distance"":7,""physical_error_rate"":0.002}","{""detection_events"":31399,""detectors_checked"":3255616}"
      5576,         0,         0,   120.1,exact_mw,f9daf7670c28e8b8b7ac9af8e1984263f26063cb589f7a54f43332f7ce5001d2,"{""distance"":7,""physical_error_rate"":0.002}","{""detection_events"":32665,""detectors_checked"":3356752}"
     16128,         1,         0,    63.0,exact_mw,f9daf7670c28e8b8b7ac9af8e1984263f26063cb589f7a54f43332f7ce5001d2,"{""distance"":7,""physical_error_rate"":0.002}","{""detection_events"":94276,""detectors_checked"":9709056,""obs_mistake_mask=E"":1}"
      4288,         3,         0,    63.4,exact_mw,a7c002779361d29bb296963a23dd35d34b706f38009a8e2e2f5aee9a5ee0acdb,"{""distance"":7,""physical_error_rate"":0.005}","{""detection_events"":60719,""detectors_checked"":2581376,""obs_mistake_mask=E"":3}"
     13312,         0,         0,    63.2,exact_mw,a17a1dfb4cb0509fbcf9caf9ce6f4704b111f022b15740e51c84c2b7e14a6407,"{""distance"":7,""physical_error_rate"":0.001}","{""detection_events"":39224,""detectors_checked"":8013824}"
   7813120,         1,         0,   119.0,exact_mw,c5b9b378753080b028cc9d6f4434ddf95ab0a61b3333c7295fd718d5436747fc,"{""distance"":7,""physical_error_rate"":0.0001}","{""detection_events"":2320937,""detectors_checked"":4703498240,""obs_mistake_mask=E"":1}"
   2895872,         1,         0,   119.0,exact_mw,fb98ac5f0d986856d2cb4e87c937a37162f60383230d2323a40d4b2e77ef556c,"{""distance"":7,""physical_error_rate"":0.0002}","{""detection_events"":1718091,""detectors_checked"":1743314944,""obs_mistake_mask=E"":1}"
   9752576,         0,         0,   119.1,exact_mw,590a535fae2c18c7445aa3259c8038467453e1d6a10b68541c755b2dcb29eb74,"{""distance"":7,""physical_error_rate"":5e-05}","{""detection_events"":1443834,""detectors_checked"":5871050752}"
   4339712,         0,         0,   118.7,exact_mw,590a535fae2c18c7445aa3259c8038467453e1d6a10b68541c755b2dcb29eb74,"{""distance"":7,""physical_error_rate"":5e-05}","{""detection_events"":644136,""detectors_checked"":2612506624}"
    837632,         2,         0,   120.0,exact_mw,8973b2281876bd917be29e6214e197de75d185bf3f5e531e264555f10574746e,"{""distance"":7,""physical_error_rate"":0.0005}","{""detection_events"":1239021,""detectors_checked"":504254464,""obs_mistake_mask=E"":2}"
    149504,         0,         0,   120.5,exact_mw,a17a1dfb4cb0509fbcf9caf9ce6f4704b111f022b15740e51c84c2b7e14a6407,"{""distance"":7,""physical_error_rate"":0.001}","{""detection_events"":440058,""detectors_checked"":90001408}"
      7712,        20,         0,   120.2,exact_mw,a7c002779361d29bb296963a23dd35d34b706f38009a8e2e2f5aee9a5ee0acdb,"{""distance"":7,""physical_error_rate"":0.005}","{""detection_events"":111362,""detectors_checked"":4642624,""obs_mistake_mask=E"":20}"
      8064,        13,         0,   120.0,exact_mw,a7c002779361d29bb296963a23dd35d34b706f38009a8e2e2f5aee9a5ee0acdb,"{""distance"":7,""physical_error_rate"":0.005}","{""detection_events"":116739,""detectors_checked"":4854528,""obs_mistake_mask=E"":13}"
     31744,         3,         0,   120.6,exact_mw,f9daf7670c28e8b8b7ac9af8e1984263f26063cb589f7a54f43332f7ce5001d2,"{""distance"":7,""physical_error_rate"":0.002}","{""detection_events"":185822,""detectors_checked"":19109888,""obs_mistake_mask=E"":3}"
      3268,         6,         0,   120.1,exact_mw,a7c002779361d29bb296963a23dd35d34b706f38009a8e2e2f5aee9a5ee0acdb,"{""distance"":7,""physical_error_rate"":0.005}","{""detection_events"":47293,""detectors_checked"":1967336,""obs_mistake_mask=E"":6}"
      1412,        17,         0,    63.4,exact_mw,73653d459d83448bea9c32985aa9fd156ebef5824b05d1ed55d386d98a968072,"{""distance"":7,""physical_error_rate"":0.01}","{""detection_events"":38976,""detectors_checked"":850024,""obs_mistake_mask=E"":17}"
   5356544,         1,         0,   119.5,exact_mw,fb98ac5f0d986856d2cb4e87c937a37162f60383230d2323a40d4b2e77ef556c,"{""distance"":7,""physical_error_rate"":0.0002}","{""detection_events"":3178440,""detectors_checked"":3224639488,""obs_mistake_mask=E"":1}"
   8868864,         0,         0,   119.2,exact_mw,c5b9b378753080b028cc9d6f4434ddf95ab0a61b3333c7295fd718d5436747fc,"{""distance"":7,""physical_error_rate"":0.0001}","{""detection_events"":2626559,""detectors_checked"":5339056128}"
      2216,        24,         0,   120.0,exact_mw,73653d459d83448bea9c32985aa9fd156ebef5824b05d1ed55d386d98a968072,"{""distance"":7,""physical_error_rate"":0.01}","{""detection_events"":61206,""detectors_checked"":1334032,""obs_mistake_mask=E"":24}"
   9795584,         0,         0,   119.0,exact_mw,590a535fae2c18c7445aa3259c8038467453e1d6a10b68541c755b2dcb29eb74,"{""distance"":7,""physical_error_rate"":5e-05}","{""detection_events"":1452372,""detectors_checked"":5896941568}"
    542208,         1,         0,   120.2,exact_mw,8973b2281876bd917be29e6214e197de75d185bf3f5e531e264555f10574746e,"{""distance"":7,""physical_error_rate"":0.0005}","{""detection_events"":802518,""detectors_checked"":326409216,""obs_mistake_mask=E"":1}"
    121984,         1,         0,   120.9,exact_mw,a17a1dfb4cb0509fbcf9caf9ce6f4704b111f022b15740e51c84c2b7e14a6407,"{""distance"":7,""physical_error_rate"":0.001}","{""detection_events"":361833,""detectors_checked"":73434368,""obs_mistake_mask=E"":1}"
   9711616,         0,         0,   119.1,exact_mw,590a535fae2c18c7445aa3259c8038467453e1d6a10b68541c755b2dcb29eb74,"{""distance"":7,""physical_error_rate"":5e-05}","{""detection_events"":1440148,""detectors_checked"":5846392832}"
      3536,        24,         0,   120.3,exact_mw,73653d459d83448bea9c32985aa9fd156ebef5824b05d1ed55d386d98a968072,"{""distance"":7,""physical_error_rate"":0.01}","{""detection_events"":98151,""detectors_checked"":2128672,""obs_mistake_mask=E"":24}"
      7552,        18,         0,   120.2,exact_mw,a7c002779361d29bb296963a23dd35d34b706f38009a8e2e2f5aee9a5ee0acdb,"{""distance"":7,""physical_error_rate"":0.005}","{""detection_events"":107825,""detectors_checked"":4546304,""obs_mistake_mask=E"":18}"
     32000,         5,         0,   120.2,exact_mw,f9daf7670c28e8b8b7ac9af8e1984263f26063cb589f7a54f43332f7ce5001d2,"{""distance"":7,""physical_error_rate"":0.002}","{""detection_events"":187007,""detectors_checked"":19264000,""obs_mistake_mask=E"":5}"
  11293696,         0,         0,   119.1,exact_mw,590a535fae2c18c7445aa3259c8038467453e1d6a10b68541c755b2dcb29eb74,"{""distance"":7,""physical_error_rate"":5e-05}","{""detection_events"":1670370,""detectors_checked"":6798804992}"
      1840,        13,         0,   120.1,exact_mw,73653d459d83448bea9c32985aa9fd156ebef5824b05d1ed55d386d98a968072,"{""distance"":7,""physical_error_rate"":0.01}","{""detection_events"":50970,""detectors_checked"":1107680,""obs_mistake_mask=E"":13}"
   1307648,         0,         0,   118.8,exact_mw,c5b9b378753080b028cc9d6f4434ddf95ab0a61b3333c7295fd718d5436747fc,"{""distance"":7,""physical_error_rate"":0.0001}","{""detection_events"":388297,""detectors_checked"":787204096}"
   6494208,         0,         0,    87.5,exact_mw,c5b9b378753080b028cc9d6f4434ddf95ab0a61b3333c7295fd718d5436747fc,"{""distance"":7,""physical_error_rate"":0.0001}","{""detection_events"":1924054,""detectors_checked"":3909513216}"
   3610624,         3,         0,    87.6,exact_mw,fb98ac5f0d986856d2cb4e87c937a37162f60383230d2323a40d4b2e77ef556c,"{""distance"":7,""physical_error_rate"":0.0002}","{""detection_events"":2144499,""detectors_checked"":2173595648,""obs_mistake_mask=E"":3}"
   5942272,         0,         0,    87.4,exact_mw,590a535fae2c18c7445aa3259c8038467453e1d6a10b68541c755b2dcb29eb74,"{""distance"":7,""physical_error_rate"":5e-05}","{""detection_events"":880195,""detectors_checked"":3577247744}"
    606208,         1,         0,    88.2,exact_mw,8973b2281876bd917be29e6214e197de75d185bf3f5e531e264555f10574746e,"{""distance"":7,""physical_error_rate"":0.0005}","{""detection_events"":897356,""detectors_checked"":364937216,""obs_mistake_mask=E"":1}"
   9381888,         0,         0,   119.1,exact_mw,c5b9b378753080b028cc9d6f4434ddf95ab0a61b3333c7295fd718d5436747fc,"{""distance"":7,""physical_error_rate"":0.0001}","{""detection_events"":2775882,""detectors_checked"":5647896576}"
      9216,         9,         0,   120.2,exact_mw,a7c002779361d29bb296963a23dd35d34b706f38009a8e2e2f5aee9a5ee0acdb,"{""distance"":7,""physical_error_rate"":0.005}","{""detection_events"":132820,""detectors_checked"":5548032,""obs_mistake_mask=E"":9}"
   6267904,         0,         0,   119.4,exact_mw,fb98ac5f0d986856d2cb4e87c937a37162f60383230d2323a40d4b2e77ef556c,"{""distance"":7,""physical_error_rate"":0.0002}","{""detection_events"":3715600,""detectors_checked"":3773278208}"
   5395456,         1,         0,   119.3,exact_mw,fb98ac5f0d986856d2cb4e87c937a37162f60383230d2323a40d4b2e77ef556c,"{""distance"":7,""physical_error_rate"":0.0002}","{""detection_events"":3201173,""detectors_checked"":3248064512,""obs_mistake_mask=E"":1}"
    917504,         2,         0,   119.9,exact_mw,8973b2281876bd917be29e6214e197de75d185bf3f5e531e264555f10574746e,"{""distance"":7,""physical_error_rate"":0.0005}","{""detection_events"":1355991,""detectors_checked"":552337408,""obs_mistake_mask=E"":2}"
   8992768,         0,         0,   119.3,exact_mw,c5b9b378753080b028cc9d6f4434ddf95ab0a61b3333c7295fd718d5436747fc,"{""distance"":7,""physical_error_rate"":0.0001}","{""detection_events"":2674800,""detectors_checked"":5413646336}"
   1946624,         0,         0,   118.5,exact_mw,590a535fae2c18c7445aa3259c8038467453e1d6a10b68541c755b2dcb29eb74,"{""distance"":7,""physical_error_rate"":5e-05}","{""detection_events"":288811,""detectors_checked"":1171867648}"
   1715200,         0,         0,   119.1,exact_mw,c5b9b378753080b028cc9d6f4434ddf95ab0a61b3333c7295fd718d5436747fc,"{""distance"":7,""physical_error_rate"":0.0001}","{""detection_events"":510173,""detectors_checked"":1032550400}"
   6825984,         1,         0,   119.0,exact_mw,c5b9b378753080b028cc9d6f4434ddf95ab0a61b3333c7295fd718d5436747fc,"{""distance"":7,""physical_error_rate"":0.0001}","{""detection_events"":2023845,""detectors_checked"":4109242368,""obs_mistake_mask=E"":1}"
      6608,         1,         0,    88.4,exact_mw,f9daf7670c28e8b8b7ac9af8e1984263f26063cb589f7a54f43332f7ce5001d2,"{""distance"":7,""physical_error_rate"":0.002}","{""detection_events"":39204,""detectors_checked"":3978016,""obs_mistake_mask=E"":1}"
   4860928,         0,         0,   119.4,exact_mw,fb98ac5f0d986856d2cb4e87c937a37162f60383230d2323a40d4b2e77ef556c,"{""distance"":7,""physical_error_rate"":0.0002}","{""detection_events"":2880284,""detectors_checked"":2926278656}"
   4882432,         0,         0,   119.2,exact_mw,590a535fae2c18c7445aa3259c8038467453e1d6a10b68541c755b2dcb29eb74,"{""distance"":7,""physical_error_rate"":5e-05}","{""detection_events"":724175,""detectors_checked"":2939224064}"
    776192,         1,         0,   119.9,exact_mw,8973b2281876bd917be29e6214e197de75d185bf3f5e531e264555f10574746e,"{""distance"":7,""physical_error_rate"":0.0005}","{""detection_events"":1150412,""detectors_checked"":467267584,""obs_mistake_mask=E"":1}"
    293888,         1,         0,   120.2,exact_mw,8973b2281876bd917be29e6214e197de75d185bf3f5e531e264555f10574746e,"{""distance"":7,""physical_error_rate"":0.0005}","{""detection_events"":435106,""detectors_checked"":176920576,""obs_mistake_mask=E"":1}"
      2416,         1,         0,    88.7,exact_mw,a7c002779361d29bb296963a23dd35d34b706f38009a8e2e2f5aee9a5ee0acdb,"{""distance"":7,""physical_error_rate"":0.005}","{""detection_events"":34434,""detectors_checked"":1454432,""obs_mistake_mask=E"":1}"
      5392,        51,         0,   120.7,exact_mw,73653d459d83448bea9c32985aa9fd156ebef5824b05d1ed55d386d98a968072,"{""distance"":7,""physical_error_rate"":0.01}","{""detection_events"":150257,""detectors_checked"":3245984,""obs_mistake_mask=E"":51}"
     32000,         3,         0,   120.3,exact_mw,f9daf7670c28e8b8b7ac9af8e1984263f26063cb589f7a54f43332f7ce5001d2,"{""distance"":7,""physical_error_rate"":0.002}","{""detection_events"":187876,""detectors_checked"":19264000,""obs_mistake_mask=E"":3}"
    341504,         0,         0,   120.4,exact_mw,8973b2281876bd917be29e6214e197de75d185bf3f5e531e264555f10574746e,"{""distance"":7,""physical_error_rate"":0.0005}","{""detection_events"":504270,""detectors_checked"":205585408}"
   3293184,         0,         0,   119.2,exact_mw,fb98ac5f0d986856d2cb4e87c937a37162f60383230d2323a40d4b2e77ef556c,"{""distance"":7,""physical_error_rate"":0.0002}","{""detection_events"":1955086,""detectors_checked"":1982496768}"
    147968,         4,         0,   120.1,exact_mw,a17a1dfb4cb0509fbcf9caf9ce6f4704b111f022b15740e51c84c2b7e14a6407,"{""distance"":7,""physical_error_rate"":0.001}","{""detection_events"":436196,""detectors_checked"":89076736,""obs_mistake_mask=E"":4}"
      8000,        13,         0,   120.3,exact_mw,a7c002779361d29bb296963a23dd35d34b706f38009a8e2e2f5aee9a5ee0acdb,"{""distance"":7,""physical_error_rate"":0.005}","{""detection_events"":114648,""detectors_checked"":4816000,""obs_mistake_mask=E"":13}"
     25280,         0,         0,    88.1,exact_mw,a17a1dfb4cb0509fbcf9caf9ce6f4704b111f022b15740e51c84c2b7e14a6407,"{""distance"":7,""physical_error_rate"":0.001}","{""detection_events"":74781,""detectors_checked"":15218560}"
     68928,         0,         0,   120.2,exact_mw,a17a1dfb4cb0509fbcf9caf9ce6f4704b111f022b15740e51c84c2b7e14a6407,"{""distance"":7,""physical_error_rate"":0.001}","{""detection_events"":203369,""detectors_checked"":41494656}"
     31360,         6,         0,   120.0,exact_mw,f9daf7670c28e8b8b7ac9af8e1984263f26063cb589f7a54f43332f7ce5001d2,"{""distance"":7,""physical_error_rate"":0.002}","{""detection_events"":184060,""detectors_checked"":18878720,""obs_mistake_mask=E"":6}"
    153600,         0,         0,   120.2,exact_mw,a17a1dfb4cb0509fbcf9caf9ce6f4704b111f022b15740e51c84c2b7e14a6407,"{""distance"":7,""physical_error_rate"":0.001}","{""detection_events"":455603,""detectors_checked"":92467200}"
      4736,        41,         0,   120.5,exact_mw,73653d459d83448bea9c32985aa9fd156ebef5824b05d1ed55d386d98a968072,"{""distance"":7,""physical_error_rate"":0.01}","{""detection_events"":132050,""detectors_checked"":2851072,""obs_mistake_mask=E"":41}"
     30080,         7,         0,   120.2,exact_mw,f9daf7670c28e8b8b7ac9af8e1984263f26063cb589f7a54f43332f7ce5001d2,"{""distance"":7,""physical_error_rate"":0.002}","{""detection_events"":176925,""detectors_checked"":18108160,""obs_mistake_mask=E"":7}"
      2944,         5,         0,   120.5,exact_mw,a7c002779361d29bb296963a23dd35d34b706f38009a8e2e2f5aee9a5ee0acdb,"{""distance"":7,""physical_error_rate"":0.005}","{""detection_events"":42337,""detectors_checked"":1772288,""obs_mistake_mask=E"":5}"
     65344,         0,         0,   120.1,exact_mw,a17a1dfb4cb0509fbcf9caf9ce6f4704b111f022b15740e51c84c2b7e14a6407,"{""distance"":7,""physical_error_rate"":0.001}","{""detection_events"":192699,""detectors_checked"":39337088}"
   3508224,         4,         0,   119.4,exact_mw,fb98ac5f0d986856d2cb4e87c937a37162f60383230d2323a40d4b2e77ef556c,"{""distance"":7,""physical_error_rate"":0.0002}","{""detection_events"":2072306,""detectors_checked"":2111950848,""obs_mistake_mask=E"":4}"
    345088,         2,         0,   120.3,exact_mw,8973b2281876bd917be29e6214e197de75d185bf3f5e531e264555f10574746e,"{""distance"":7,""physical_error_rate"":0.0005}","{""detection_events"":509106,""detectors_checked"":207742976,""obs_mistake_mask=E"":2}"
      4304,        35,         0,   120.2,exact_mw,73653d459d83448bea9c32985aa9fd156ebef5824b05d1ed55d386d98a968072,"{""distance"":7,""physical_error_rate"":0.01}","{""detection_events"":120032,""detectors_checked"":2591008,""obs_mistake_mask=E"":35}"
    109568,         2,         0,   120.0,exact_mw,a17a1dfb4cb0509fbcf9caf9ce6f4704b111f022b15740e51c84c2b7e14a6407,"{""distance"":7,""physical_error_rate"":0.001}","{""detection_events"":324641,""detectors_checked"":65959936,""obs_mistake_mask=E"":2}"
      2524,        15,         0,   120.2,exact_mw,73653d459d83448bea9c32985aa9fd156ebef5824b05d1ed55d386d98a968072,"{""distance"":7,""physical_error_rate"":0.01}","{""detection_events"":70450,""detectors_checked"":1519448,""obs_mistake_mask=E"":15}"
     11888,         1,         0,   120.2,exact_mw,f9daf7670c28e8b8b7ac9af8e1984263f26063cb589f7a54f43332f7ce5001d2,"{""distance"":7,""physical_error_rate"":0.002}","{""detection_events"":69850,""detectors_checked"":7156576,""obs_mistake_mask=E"":1}"
     24032,         2,         0,   120.4,exact_mw,f9daf7670c28e8b8b7ac9af8e1984263f26063cb589f7a54f43332f7ce5001d2,"{""distance"":7,""physical_error_rate"":0.002}","{""detection_events"":142023,""detectors_checked"":14467264,""obs_mistake_mask=E"":2}"
   8765440,         2,         0,   119.1,exact_mw,c5b9b378753080b028cc9d6f4434ddf95ab0a61b3333c7295fd718d5436747fc,"{""distance"":7,""physical_error_rate"":0.0001}","{""detection_events"":2600949,""detectors_checked"":5276794880,""obs_mistake_mask=E"":2}"
   5462016,         3,         0,   119.3,exact_mw,fb98ac5f0d986856d2cb4e87c937a37162f60383230d2323a40d4b2e77ef556c,"{""distance"":7,""physical_error_rate"":0.0002}","{""detection_events"":3234283,""detectors_checked"":3288133632,""obs_mistake_mask=E"":3}"
   9748480,         0,         0,   119.0,exact_mw,590a535fae2c18c7445aa3259c8038467453e1d6a10b68541c755b2dcb29eb74,"{""distance"":7,""physical_error_rate"":5e-05}","{""detection_events"":1448801,""detectors_checked"":5868584960}"
      3344,        33,         0,    88.2,exact_mw,73653d459d83448bea9c32985aa9fd156ebef5824b05d1ed55d386d98a968072,"{""distance"":7,""physical_error_rate"":0.01}","{""detection_events"":92734,""detectors_checked"":2013088,""obs_mistake_mask=E"":33}"
   4403200,         0,         0,   119.0,exact_mw,590a535fae2c18c7445aa3259c8038467453e1d6a10b68541c755b2dcb29eb74,"{""distance"":7,""physical_error_rate"":5e-05}","{""detection_events"":655281,""detectors_checked"":2650726400}"
    796160,         5,         0,   119.9,exact_mw,8973b2281876bd917be29e6214e197de75d185bf3f5e531e264555f10574746e,"{""distance"":7,""physical_error_rate"":0.0005}","{""detection_events"":1177761,""detectors_checked"":479288320,""obs_mistake_mask=E"":5}"
    149504,         0,         0,   120.2,exact_mw,a17a1dfb4cb0509fbcf9caf9ce6f4704b111f022b15740e51c84c2b7e14a6407,"{""distance"":7,""physical_error_rate"":0.001}","{""detection_events"":440603,""detectors_checked"":90001408}"
      6208,        14,         0,   120.7,exact_mw,a7c002779361d29bb296963a23dd35d34b706f38009a8e2e2f5aee9a5ee0acdb,"{""distance"":7,""physical_error_rate"":0.005}","{""detection_events"":89802,""detectors_checked"":3737216,""obs_mistake_mask=E"":14}"
     31360,         2,         0,   120.4,exact_mw,f9daf7670c28e8b8b7ac9af8e1984263f26063cb589f7a54f43332f7ce5001d2,"{""distance"":7,""physical_error_rate"":0.002}","{""detection_events"":185084,""detectors_checked"":18878720,""obs_mistake_mask=E"":2}"
      7968,        12,         0,   120.8,exact_mw,a7c002779361d29bb296963a23dd35d34b706f38009a8e2e2f5aee9a5ee0acdb,"{""distance"":7,""physical_error_rate"":0.005}","{""detection_events"":114725,""detectors_checked"":4796736,""obs_mistake_mask=E"":12}"
      6784,        12,         0,   120.3,exact_mw,a7c002779361d29bb296963a23dd35d34b706f38009a8e2e2f5aee9a5ee0acdb,"{""distance"":7,""physical_error_rate"":0.005}","{""detection_events"":98338,""detectors_checked"":4083968,""obs_mistake_mask=E"":12}"
   5406720,         2,         0,   119.3,exact_mw,fb98ac5f0d986856d2cb4e87c937a37162f60383230d2323a40d4b2e77ef556c,"{""distance"":7,""physical_error_rate"":0.0002}","{""detection_events"":3200959,""detectors_checked"":3254845440,""obs_mistake_mask=E"":2}"
   8897536,         1,         0,   119.2,exact_mw,c5b9b378753080b028cc9d6f4434ddf95ab0a61b3333c7295fd718d5436747fc,"{""distance"":7,""physical_error_rate"":0.0001}","{""detection_events"":2636209,""detectors_checked"":5356316672,""obs_mistake_mask=E"":1}"
   9796608,         0,         0,   118.8,exact_mw,590a535fae2c18c7445aa3259c8038467453e1d6a10b68541c755b2dcb29eb74,"{""distance"":7,""physical_error_rate"":5e-05}","{""detection_events"":1449871,""detectors_checked"":5897558016}"
      4768,        33,         0,   120.8,exact_mw,73653d459d83448bea9c32985aa9fd156ebef5824b05d1ed55d386d98a968072,"{""distance"":7,""physical_error_rate"":0.01}","{""detection_events"":132405,""detectors_checked"":2870336,""obs_mistake_mask=E"":33}"
      2688,        29,         0,    66.6,exact_mw,73653d459d83448bea9c32985aa9fd156ebef5824b05d1ed55d386d98a968072,"{""distance"":7,""physical_error_rate"":0.01}","{""detection_events"":73888,""detectors_checked"":1618176,""obs_mistake_mask=E"":29}"
      3104,        30,         0,    78.6,exact_mw,73653d459d83448bea9c32985aa9fd156ebef5824b05d1ed55d386d98a968072,"{""distance"":7,""physical_error_rate"":0.01}","{""detection_events"":86667,""detectors_checked"":1868608,""obs_mistake_mask=E"":30}"
      3716,        33,         0,    98.7,exact_mw,73653d459d83448bea9c32985aa9fd156ebef5824b05d1ed55d386d98a968072,"{""distance"":7,""physical_error_rate"":0.01}","{""detection_events"":103213,""detectors_checked"":2237032,""obs_mistake_mask=E"":33}"
      3488,        28,         0,    83.9,exact_mw,73653d459d83448bea9c32985aa9fd156ebef5824b05d1ed55d386d98a968072,"{""distance"":7,""physical_error_rate"":0.01}","{""detection_events"":97297,""detectors_checked"":2099776,""obs_mistake_mask=E"":28}"
      4128,        38,         0,   110.2,exact_mw,73653d459d83448bea9c32985aa9fd156ebef5824b05d1ed55d386d98a968072,"{""distance"":7,""physical_error_rate"":0.01}","{""detection_events"":115497,""detectors_checked"":2485056,""obs_mistake_mask=E"":38}"
      1512,        12,         0,    62.8,exact_mw,73653d459d83448bea9c32985aa9fd156ebef5824b05d1ed55d386d98a968072,"{""distance"":7,""physical_error_rate"":0.01}","{""detection_events"":42447,""detectors_checked"":910224,""obs_mistake_mask=E"":12}"
      1472,         6,         0,    38.4,exact_mw,73653d459d83448bea9c32985aa9fd156ebef5824b05d1ed55d386d98a968072,"{""distance"":7,""physical_error_rate"":0.01}","{""detection_events"":41148,""detectors_checked"":886144,""obs_mistake_mask=E"":6}"
        32,         1,         0,    1.02,exact_mw,73653d459d83448bea9c32985aa9fd156ebef5824b05d1ed55d386d98a968072,"{""distance"":7,""physical_error_rate"":0.01}","{""detection_events"":903,""detectors_checked"":19264,""obs_mistake_mask=E"":1}"
    680960,         3,         0,   120.6,exact_mw,8973b2281876bd917be29e6214e197de75d185bf3f5e531e264555f10574746e,"{""distance"":7,""physical_error_rate"":0.0005}","{""detection_events"":1007826,""detectors_checked"":409937920,""obs_mistake_mask=E"":3}"
    101248,         1,         0,   120.1,exact_mw,a17a1dfb4cb0509fbcf9caf9ce6f4704b111f022b15740e51c84c2b7e14a6407,"{""distance"":7,""physical_error_rate"":0.001}","{""detection_events"":299058,""detectors_checked"":60951296,""obs_mistake_mask=E"":1}"
   9709568,         0,         0,   118.9,exact_mw,590a535fae2c18c7445aa3259c8038467453e1d6a10b68541c755b2dcb29eb74,"{""distance"":7,""physical_error_rate"":5e-05}","{""detection_events"":1438377,""detectors_checked"":5845159936}"
      7456,         9,         0,   120.1,exact_mw,a7c002779361d29bb296963a23dd35d34b706f38009a8e2e2f5aee9a5ee0acdb,"{""distance"":7,""physical_error_rate"":0.005}","{""detection_events"":106934,""detectors_checked"":4488512,""obs_mistake_mask=E"":9}"
     30848,         3,         0,   120.1,exact_mw,f9daf7670c28e8b8b7ac9af8e1984263f26063cb589f7a54f43332f7ce5001d2,"{""distance"":7,""physical_error_rate"":0.002}","{""detection_events"":182220,""detectors_checked"":18570496,""obs_mistake_mask=E"":3}"
      2321,         0,         0,   0.029,exact_mw,590a535fae2c18c7445aa3259c8038467453e1d6a10b68541c755b2dcb29eb74,"{""distance"":7,""physical_error_rate"":5e-05}","{""detection_events"":416,""detectors_checked"":1397242}"
      1024,         0,         0,   0.006,exact_mw,590a535fae2c18c7445aa3259c8038467453e1d6a10b68541c755b2dcb29eb74,"{""distance"":7,""physical_error_rate"":5e-05}","{""detection_events"":124,""detectors_checked"":616448}"
      3072,         0,         0,   0.037,exact_mw,590a535fae2c18c7445aa3259c8038467453e1d6a10b68541c755b2dcb29eb74,"{""distance"":7,""physical_error_rate"":5e-05}","{""detection_events"":454,""detectors_checked"":1849344}"
      3072,         0,         0,   0.019,exact_mw,590a535fae2c18c7445aa3259c8038467453e1d6a10b68541c755b2dcb29eb74,"{""distance"":7,""physical_error_rate"":5e-05}","{""detection_events"":456,""detectors_checked"":1849344}"
      3072,         0,         0,   0.032,exact_mw,590a535fae2c18c7445aa3259c8038467453e1d6a10b68541c755b2dcb29eb74,"{""distance"":7,""physical_error_rate"":5e-05}","{""detection_events"":447,""detectors_checked"":1849344}"
      4096,         0,         0,   0.054,exact_mw,590a535fae2c18c7445aa3259c8038467453e1d6a10b68541c755b2dcb29eb74,"{""distance"":7,""physical_error_rate"":5e-05}","{""detection_events"":650,""detectors_checked"":2465792}"
         1,         0,         0,   0.001,exact_mw,a17a1dfb4cb0509fbcf9caf9ce6f4704b111f022b15740e51c84c2b7e14a6407,"{""distance"":7,""physical_error_rate"":0.001}","{""detection_events"":2,""detectors_checked"":602}"
        17,         0,         0,   0.297,exact_mw,a7c002779361d29bb296963a23dd35d34b706f38009a8e2e2f5aee9a5ee0acdb,"{""distance"":7,""physical_error_rate"":0.005}","{""detection_events"":258,""detectors_checked"":10234}"
      6144,         0,         0,   0.079,exact_mw,590a535fae2c18c7445aa3259c8038467453e1d6a10b68541c755b2dcb29eb74,"{""distance"":7,""physical_error_rate"":5e-05}","{""detection_events"":940,""detectors_checked"":3698688}"
      9216,         0,         0,   0.108,exact_mw,590a535fae2c18c7445aa3259c8038467453e1d6a10b68541c755b2dcb29eb74,"{""distance"":7,""physical_error_rate"":5e-05}","{""detection_events"":1380,""detectors_checked"":5548032}"
       272,         0,         0,   0.190,exact_mw,a17a1dfb4cb0509fbcf9caf9ce6f4704b111f022b15740e51c84c2b7e14a6407,"{""distance"":7,""physical_error_rate"":0.001}","{""detection_events"":731,""detectors_checked"":163744}"
     13312,         0,         0,   0.159,exact_mw,590a535fae2c18c7445aa3259c8038467453e1d6a10b68541c755b2dcb29eb74,"{""distance"":7,""physical_error_rate"":5e-05}","{""detection_events"":1831,""detectors_checked"":8013824}"
         1,         0,         0,   0.001,exact_mw,c5b9b378753080b028cc9d6f4434ddf95ab0a61b3333c7295fd718d5436747fc,"{""distance"":7,""physical_error_rate"":0.0001}","{""detectors_checked"":602}"
      2320,         0,         0,   0.031,exact_mw,c5b9b378753080b028cc9d6f4434ddf95ab0a61b3333c7295fd718d5436747fc,"{""distance"":7,""physical_error_rate"":0.0001}","{""detection_events"":688,""detectors_checked"":1396640}"
      2048,         0,         0,   0.013,exact_mw,c5b9b378753080b028cc9d6f4434ddf95ab0a61b3333c7295fd718d5436747fc,"{""distance"":7,""physical_error_rate"":0.0001}","{""detection_events"":490,""detectors_checked"":1232896}"
      2048,         0,         0,   0.013,exact_mw,c5b9b378753080b028cc9d6f4434ddf95ab0a61b3333c7295fd718d5436747fc,"{""distance"":7,""physical_error_rate"":0.0001}","{""detection_events"":585,""detectors_checked"":1232896}"
      2048,         0,         0,   0.028,exact_mw,c5b9b378753080b028cc9d6f4434ddf95ab0a61b3333c7295fd718d5436747fc,"{""distance"":7,""physical_error_rate"":0.0001}","{""detection_events"":600,""detectors_checked"":1232896}"
      5120,         0,         0,   0.061,exact_mw,c5b9b378753080b028cc9d6f4434ddf95ab0a61b3333c7295fd718d5436747fc,"{""distance"":7,""physical_error_rate"":0.0001}","{""detection_events"":1602,""detectors_checked"":3082240}"
     18432,         0,         0,   0.209,exact_mw,590a535fae2c18c7445aa3259c8038467453e1d6a10b68541c755b2dcb29eb74,"{""distance"":7,""physical_error_rate"":5e-05}","{""detection_events"":2703,""detectors_checked"":11096064}"
        32,         0,         0,   0.518,exact_mw,a7c002779361d29bb296963a23dd35d34b706f38009a8e2e2f5aee9a5ee0acdb,"{""distance"":7,""physical_error_rate"":0.005}","{""detection_events"":458,""detectors_checked"":19264}"
      6144,         0,         0,   0.064,exact_mw,c5b9b378753080b028cc9d6f4434ddf95ab0a61b3333c7295fd718d5436747fc,"{""distance"":7,""physical_error_rate"":0.0001}","{""detection_events"":1736,""detectors_checked"":3698688}"
       512,         0,         0,   0.436,exact_mw,a17a1dfb4cb0509fbcf9caf9ce6f4704b111f022b15740e51c84c2b7e14a6407,"{""distance"":7,""physical_error_rate"":0.001}","{""detection_events"":1545,""detectors_checked"":308224}"
  11922432,         1,         0,   119.1,exact_mw,590a535fae2c18c7445aa3259c8038467453e1d6a10b68541c755b2dcb29eb74,"{""distance"":7,""physical_error_rate"":5e-05}","{""detection_events"":1766781,""detectors_checked"":7177304064,""obs_mistake_mask=E"":1}"
      8192,         0,         0,   0.114,exact_mw,c5b9b378753080b028cc9d6f4434ddf95ab0a61b3333c7295fd718d5436747fc,"{""distance"":7,""physical_error_rate"":0.0001}","{""detection_events"":2449,""detectors_checked"":4931584}"
         1,         0,         0,   0.001,exact_mw,fb98ac5f0d986856d2cb4e87c937a37162f60383230d2323a40d4b2e77ef556c,"{""distance"":7,""physical_error_rate"":0.0002}","{""detectors_checked"":602}"
      1296,         0,         0,   0.015,exact_mw,fb98ac5f0d986856d2cb4e87c937a37162f60383230d2323a40d4b2e77ef556c,"{""distance"":7,""physical_error_rate"":0.0002}","{""detection_events"":776,""detectors_checked"":780192}"
      1024,         0,         0,   0.034,exact_mw,fb98ac5f0d986856d2cb4e87c937a37162f60383230d2323a40d4b2e77ef556c,"{""distance"":7,""physical_error_rate"":0.0002}","{""detection_events"":711,""detectors_checked"":616448}"
     23552,         0,         0,   0.274,exact_mw,590a535fae2c18c7445aa3259c8038467453e1d6a10b68541c755b2dcb29eb74,"{""distance"":7,""physical_error_rate"":5e-05}","{""detection_events"":3721,""detectors_checked"":14178304}"
      2048,         0,         0,   0.035,exact_mw,fb98ac5f0d986856d2cb4e87c937a37162f60383230d2323a40d4b2e77ef556c,"{""distance"":7,""physical_error_rate"":0.0002}","{""detection_events"":1201,""detectors_checked"":1232896}"
     11264,         0,         0,   0.139,exact_mw,c5b9b378753080b028cc9d6f4434ddf95ab0a61b3333c7295fd718d5436747fc,"{""distance"":7,""physical_error_rate"":0.0001}","{""detection_events"":3233,""detectors_checked"":6780928}"
      1024,         0,         0,   0.030,exact_mw,fb98ac5f0d986856d2cb4e87c937a37162f60383230d2323a40d4b2e77ef556c,"{""distance"":7,""physical_error_rate"":0.0002}","{""detection_events"":596,""detectors_checked"":616448}"
      4096,         0,         0,   0.060,exact_mw,fb98ac5f0d986856d2cb4e87c937a37162f60383230d2323a40d4b2e77ef556c,"{""distance"":7,""physical_error_rate"":0.0002}","{""detection_events"":2289,""detectors_checked"":2465792}"
       512,         0,         0,   0.357,exact_mw,a17a1dfb4cb0509fbcf9caf9ce6f4704b111f022b15740e51c84c2b7e14a6407,"{""distance"":7,""physical_error_rate"":0.001}","{""detection_events"":1437,""detectors_checked"":308224}"
      4096,         0,         0,   0.063,exact_mw,fb98ac5f0d986856d2cb4e87c937a37162f60383230d2323a40d4b2e77ef556c,"{""distance"":7,""physical_error_rate"":0.0002}","{""detection_events"":2551,""detectors_checked"":2465792}"
     14336,         0,         0,   0.208,exact_mw,c5b9b378753080b028cc9d6f4434ddf95ab0a61b3333c7295fd718d5436747fc,"{""distance"":7,""physical_error_rate"":0.0001}","{""detection_events"":4342,""detectors_checked"":8630272}"
        32,         0,         0,   0.606,exact_mw,a7c002779361d29bb296963a23dd35d34b706f38009a8e2e2f5aee9a5ee0acdb,"{""distance"":7,""physical_error_rate"":0.005}","{""detection_events"":492,""detectors_checked"":19264}"
      6144,         0,         0,   0.112,exact_mw,fb98ac5f0d986856d2cb4e87c937a37162f60383230d2323a40d4b2e77ef556c,"{""distance"":7,""physical_error_rate"":0.0002}","{""detection_events"":3366,""detectors_checked"":3698688}"
     32768,         0,         0,   0.393,exact_mw,590a535fae2c18c7445aa3259c8038467453e1d6a10b68541c755b2dcb29eb74,"{""distance"":7,""physical_error_rate"":5e-05}","{""detection_events"":4785,""detectors_checked"":19726336}"
      6144,         0,         0,   0.168,exact_mw,fb98ac5f0d986856d2cb4e87c937a37162f60383230d2323a40d4b2e77ef556c,"{""distance"":7,""physical_error_rate"":0.0002}","{""detection_events"":3499,""detectors_checked"":3698688}"
     21504,         0,         0,   0.303,exact_mw,c5b9b378753080b028cc9d6f4434ddf95ab0a61b3333c7295fd718d5436747fc,"{""distance"":7,""physical_error_rate"":0.0001}","{""detection_events"":6569,""detectors_checked"":12945408}"
       512,         0,         0,   0.528,exact_mw,a17a1dfb4cb0509fbcf9caf9ce6f4704b111f022b15740e51c84c2b7e14a6407,"{""distance"":7,""physical_error_rate"":0.001}","{""detection_events"":1580,""detectors_checked"":308224}"
        32,         0,         0,   0.346,exact_mw,a7c002779361d29bb296963a23dd35d34b706f38009a8e2e2f5aee9a5ee0acdb,"{""distance"":7,""physical_error_rate"":0.005}","{""detection_events"":424,""detectors_checked"":19264}"
     10240,         0,         0,   0.210,exact_mw,fb98ac5f0d986856d2cb4e87c937a37162f60383230d2323a40d4b2e77ef556c,"{""distance"":7,""physical_error_rate"":0.0002}","{""detection_events"":6229,""detectors_checked"":6164480}"
   1168384,         0,         0,   119.4,exact_mw,c5b9b378753080b028cc9d6f4434ddf95ab0a61b3333c7295fd718d5436747fc,"{""distance"":7,""physical_error_rate"":0.0001}","{""detection_events"":346634,""detectors_checked"":703367168}"
     46080,         0,         0,   0.578,exact_mw,590a535fae2c18c7445aa3259c8038467453e1d6a10b68541c755b2dcb29eb74,"{""distance"":7,""physical_error_rate"":5e-05}","{""detection_events"":6940,""detectors_checked"":27740160}"
   8762368,         1,         0,   119.0,exact_mw,c5b9b378753080b028cc9d6f4434ddf95ab0a61b3333c7295fd718d5436747fc,"{""distance"":7,""physical_error_rate"":0.0001}","{""detection_events"":2603634,""detectors_checked"":5274945536,""obs_mistake_mask=E"":1}"
     30720,         0,         0,   0.421,exact_mw,c5b9b378753080b028cc9d6f4434ddf95ab0a61b3333c7295fd718d5436747fc,"{""distance"":7,""physical_error_rate"":0.0001}","{""detection_events"":8995,""detectors_checked"":18493440}"
      9216,         0,         0,   0.307,exact_mw,fb98ac5f0d986856d2cb4e87c937a37162f60383230d2323a40d4b2e77ef556c,"{""distance"":7,""physical_error_rate"":0.0002}","{""detection_events"":5685,""detectors_checked"":5548032}"
       512,         0,         0,   0.433,exact_mw,a17a1dfb4cb0509fbcf9caf9ce6f4704b111f022b15740e51c84c2b7e14a6407,"{""distance"":7,""physical_error_rate"":0.001}","{""detection_events"":1435,""detectors_checked"":308224}"
     12288,         0,         0,   0.450,exact_mw,fb98ac5f0d986856d2cb4e87c937a37162f60383230d2323a40d4b2e77ef556c,"{""distance"":7,""physical_error_rate"":0.0002}","{""detection_events"":7204,""detectors_checked"":7397376}"
        32,         0,         0,   0.831,exact_mw,a7c002779361d29bb296963a23dd35d34b706f38009a8e2e2f5aee9a5ee0acdb,"{""distance"":7,""physical_error_rate"":0.005}","{""detection_events"":513,""detectors_checked"":19264}"
     41984,         0,         0,   0.576,exact_mw,c5b9b378753080b028cc9d6f4434ddf95ab0a61b3333c7295fd718d5436747fc,"{""distance"":7,""physical_error_rate"":0.0001}","{""detection_events"":12351,""detectors_checked"":25274368}"
   5421056,         1,         0,   119.1,exact_mw,fb98ac5f0d986856d2cb4e87c937a37162f60383230d2323a40d4b2e77ef556c,"{""distance"":7,""physical_error_rate"":0.0002}","{""detection_events"":3218109,""detectors_checked"":3263475712,""obs_mistake_mask=E"":1}"
     63488,         0,         0,   0.794,exact_mw,590a535fae2c18c7445aa3259c8038467453e1d6a10b68541c755b2dcb29eb74,"{""distance"":7,""physical_error_rate"":5e-05}","{""detection_events"":9261,""detectors_checked"":38219776}"
   8259584,         0,         0,   118.8,exact_mw,590a535fae2c18c7445aa3259c8038467453e1d6a10b68541c755b2dcb29eb74,"{""distance"":7,""physical_error_rate"":5e-05}","{""detection_events"":1225876,""detectors_checked"":4972269568}"
     16384,         0,         0,   0.567,exact_mw,fb98ac5f0d986856d2cb4e87c937a37162f60383230d2323a40d4b2e77ef556c,"{""distance"":7,""physical_error_rate"":0.0002}","{""detection_events"":9507,""detectors_checked"":9863168}"
        32,         0,         0,   0.595,exact_mw,a7c002779361d29bb296963a23dd35d34b706f38009a8e2e2f5aee9a5ee0acdb,"{""distance"":7,""physical_error_rate"":0.005}","{""detection_events"":468,""detectors_checked"":19264}"
       512,         0,         0,    1.24,exact_mw,a17a1dfb4cb0509fbcf9caf9ce6f4704b111f022b15740e51c84c2b7e14a6407,"{""distance"":7,""physical_error_rate"":0.001}","{""detection_events"":1614,""detectors_checked"":308224}"
     61440,         0,         0,   0.805,exact_mw,c5b9b378753080b028cc9d6f4434ddf95ab0a61b3333c7295fd718d5436747fc,"{""distance"":7,""physical_error_rate"":0.0001}","{""detection_events"":17980,""detectors_checked"":36986880}"
        32,         0,         0,   0.423,exact_mw,a7c002779361d29bb296963a23dd35d34b706f38009a8e2e2f5aee9a5ee0acdb,"{""distance"":7,""physical_error_rate"":0.005}","{""detection_events"":425,""detectors_checked"":19264}"
    115712,         0,         0,    1.10,exact_mw,590a535fae2c18c7445aa3259c8038467453e1d6a10b68541c755b2dcb29eb74,"{""distance"":7,""physical_error_rate"":5e-05}","{""detection_events"":17289,""detectors_checked"":69658624}"
        32,         0,         0,   0.401,exact_mw,a7c002779361d29bb296963a23dd35d34b706f38009a8e2e2f5aee9a5ee0acdb,"{""distance"":7,""physical_error_rate"":0.005}","{""detection_events"":471,""detectors_checked"":19264}"
     29696,         0,         0,   0.923,exact_mw,fb98ac5f0d986856d2cb4e87c937a37162f60383230d2323a40d4b2e77ef556c,"{""distance"":7,""physical_error_rate"":0.0002}","{""detection_events"":17190,""detectors_checked"":17876992}"
    686592,         4,         0,   120.0,exact_mw,8973b2281876bd917be29e6214e197de75d185bf3f5e531e264555f10574746e,"{""distance"":7,""physical_error_rate"":0.0005}","{""detection_events"":1015341,""detectors_checked"":413328384,""obs_mistake_mask=E"":4}"
     80896,         0,         0,    1.11,exact_mw,c5b9b378753080b028cc9d6f4434ddf95ab0a61b3333c7295fd718d5436747fc,"{""distance"":7,""physical_error_rate"":0.0001}","{""detection_events"":23531,""detectors_checked"":48699392}"
        32,         0,         0,   0.635,exact_mw,a7c002779361d29bb296963a23dd35d34b706f38009a8e2e2f5aee9a5ee0acdb,"{""distance"":7,""physical_error_rate"":0.005}","{""detection_events"":547,""detectors_checked"":19264}"
        32,         0,         0,   0.445,exact_mw,a7c002779361d29bb296963a23dd35d34b706f38009a8e2e2f5aee9a5ee0acdb,"{""distance"":7,""physical_error_rate"":0.005}","{""detection_events"":429,""detectors_checked"":19264}"
      6144,         0,         0,    1.25,exact_mw,fb98ac5f0d986856d2cb4e87c937a37162f60383230d2323a40d4b2e77ef556c,"{""distance"":7,""physical_error_rate"":0.0002}","{""detection_events"":3619,""detectors_checked"":3698688}"
    173056,         0,         0,    1.56,exact_mw,590a535fae2c18c7445aa3259c8038467453e1d6a10b68541c755b2dcb29eb74,"{""distance"":7,""physical_error_rate"":5e-05}","{""detection_events"":25620,""detectors_checked"":104179712}"
       512,         0,         0,    2.17,exact_mw,a17a1dfb4cb0509fbcf9caf9ce6f4704b111f022b15740e51c84c2b7e14a6407,"{""distance"":7,""physical_error_rate"":0.001}","{""detection_events"":1511,""detectors_checked"":308224}"
        32,         0,         0,   0.532,exact_mw,a7c002779361d29bb296963a23dd35d34b706f38009a8e2e2f5aee9a5ee0acdb,"{""distance"":7,""physical_error_rate"":0.005}","{""detection_events"":436,""detectors_checked"":19264}"
   9506816,         0,         0,   119.1,exact_mw,c5b9b378753080b028cc9d6f4434ddf95ab0a61b3333c7295fd718d5436747fc,"{""distance"":7,""physical_error_rate"":0.0001}","{""detection_events"":2819285,""detectors_checked"":5723103232}"
    111616,         0,         0,    1.55,exact_mw,c5b9b378753080b028cc9d6f4434ddf95ab0a61b3333c7295fd718d5436747fc,"{""distance"":7,""physical_error_rate"":0.0001}","{""detection_events"":33445,""detectors_checked"":67192832}"
        32,         0,         0,   0.641,exact_mw,a7c002779361d29bb296963a23dd35d34b706f38009a8e2e2f5aee9a5ee0acdb,"{""distance"":7,""physical_error_rate"":0.005}","{""detection_events"":441,""detectors_checked"":19264}"
      9216,         0,         0,    1.59,exact_mw,fb98ac5f0d986856d2cb4e87c937a37162f60383230d2323a40d4b2e77ef556c,"{""distance"":7,""physical_error_rate"":0.0002}","{""detection_events"":5707,""detectors_checked"":5548032}"
        32,         0,         0,   0.703,exact_mw,a7c002779361d29bb296963a23dd35d34b706f38009a8e2e2f5aee9a5ee0acdb,"{""distance"":7,""physical_error_rate"":0.005}","{""detection_events"":462,""detectors_checked"":19264}"
       256,         0,         0,    1.38,exact_mw,a17a1dfb4cb0509fbcf9caf9ce6f4704b111f022b15740e51c84c2b7e14a6407,"{""distance"":7,""physical_error_rate"":0.001}","{""detection_events"":732,""detectors_checked"":154112}"
   6322176,         1,         0,   119.3,exact_mw,fb98ac5f0d986856d2cb4e87c937a37162f60383230d2323a40d4b2e77ef556c,"{""distance"":7,""physical_error_rate"":0.0002}","{""detection_events"":3750264,""detectors_checked"":3805949952,""obs_mistake_mask=E"":1}"
      9344,        10,         0,   120.1,exact_mw,a7c002779361d29bb296963a23dd35d34b706f38009a8e2e2f5aee9a5ee0acdb,"{""distance"":7,""physical_error_rate"":0.005}","{""detection_events"":133637,""detectors_checked"":5625088,""obs_mistake_mask=E"":10}"
       128,         0,         0,   0.298,exact_mw,a17a1dfb4cb0509fbcf9caf9ce6f4704b111f022b15740e51c84c2b7e14a6407,"{""distance"":7,""physical_error_rate"":0.001}","{""detection_events"":347,""detectors_checked"":77056}"
   5433344,         0,         0,   119.1,exact_mw,fb98ac5f0d986856d2cb4e87c937a37162f60383230d2323a40d4b2e77ef556c,"{""distance"":7,""physical_error_rate"":0.0002}","{""detection_events"":3221502,""detectors_checked"":3270873088}"
    197632,         0,         0,    2.17,exact_mw,590a535fae2c18c7445aa3259c8038467453e1d6a10b68541c755b2dcb29eb74,"{""distance"":7,""physical_error_rate"":5e-05}","{""detection_events"":29294,""detectors_checked"":118974464}"
    918528,         2,         0,   119.9,exact_mw,8973b2281876bd917be29e6214e197de75d185bf3f5e531e264555f10574746e,"{""distance"":7,""physical_error_rate"":0.0005}","{""detection_events"":1357546,""detectors_checked"":552953856,""obs_mistake_mask=E"":2}"
         1,         0,         0,   0.031,exact_mw,a7c002779361d29bb296963a23dd35d34b706f38009a8e2e2f5aee9a5ee0acdb,"{""distance"":7,""physical_error_rate"":0.005}","{""detection_events"":7,""detectors_checked"":602}"
        16,         0,         0,   0.270,exact_mw,a7c002779361d29bb296963a23dd35d34b706f38009a8e2e2f5aee9a5ee0acdb,"{""distance"":7,""physical_error_rate"":0.005}","{""detection_events"":195,""detectors_checked"":9632}"
   8258560,         1,         0,   119.1,exact_mw,c5b9b378753080b028cc9d6f4434ddf95ab0a61b3333c7295fd718d5436747fc,"{""distance"":7,""physical_error_rate"":0.0001}","{""detection_events"":2451768,""detectors_checked"":4971653120,""obs_mistake_mask=E"":1}"
    155648,         0,         0,    2.17,exact_mw,c5b9b378753080b028cc9d6f4434ddf95ab0a61b3333c7295fd718d5436747fc,"{""distance"":7,""physical_error_rate"":0.0001}","{""detection_events"":46321,""detectors_checked"":93700096}"
       256,         0,         0,    1.45,exact_mw,a17a1dfb4cb0509fbcf9caf9ce6f4704b111f022b15740e51c84c2b7e14a6407,"{""distance"":7,""physical_error_rate"":0.001}","{""detection_events"":682,""detectors_checked"":154112}"
        32,         0,         0,   0.534,exact_mw,a7c002779361d29bb296963a23dd35d34b706f38009a8e2e2f5aee9a5ee0acdb,"{""distance"":7,""physical_error_rate"":0.005}","{""detection_events"":467,""detectors_checked"":19264}"
     14336,         0,         0,    2.32,exact_mw,fb98ac5f0d986856d2cb4e87c937a37162f60383230d2323a40d4b2e77ef556c,"{""distance"":7,""physical_error_rate"":0.0002}","{""detection_events"":8530,""detectors_checked"":8630272}"
        32,         0,         0,   0.459,exact_mw,a7c002779361d29bb296963a23dd35d34b706f38009a8e2e2f5aee9a5ee0acdb,"{""distance"":7,""physical_error_rate"":0.005}","{""detection_events"":448,""detectors_checked"":19264}"
        64,         0,         0,    2.26,exact_mw,a7c002779361d29bb296963a23dd35d34b706f38009a8e2e2f5aee9a5ee0acdb,"{""distance"":7,""physical_error_rate"":0.005}","{""detection_events"":921,""detectors_checked"":38528}"
       128,         0,         0,   0.562,exact_mw,a17a1dfb4cb0509fbcf9caf9ce6f4704b111f022b15740e51c84c2b7e14a6407,"{""distance"":7,""physical_error_rate"":0.001}","{""detection_events"":345,""detectors_checked"":77056}"
   5440512,         0,         0,   119.1,exact_mw,590a535fae2c18c7445aa3259c8038467453e1d6a10b68541c755b2dcb29eb74,"{""distance"":7,""physical_error_rate"":5e-05}","{""detection_events"":807961,""detectors_checked"":3275188224}"
   6443008,         0,         0,   119.2,exact_mw,c5b9b378753080b028cc9d6f4434ddf95ab0a61b3333c7295fd718d5436747fc,"{""distance"":7,""physical_error_rate"":0.0001}","{""detection_events"":1911790,""detectors_checked"":3878690816}"
        32,         0,         0,   0.418,exact_mw,a7c002779361d29bb296963a23dd35d34b706f38009a8e2e2f5aee9a5ee0acdb,"{""distance"":7,""physical_error_rate"":0.005}","{""detection_events"":384,""detectors_checked"":19264}"
   2128896,         0,         0,   119.4,exact_mw,c5b9b378753080b028cc9d6f4434ddf95ab0a61b3333c7295fd718d5436747fc,"{""distance"":7,""physical_error_rate"":0.0001}","{""detection_events"":632021,""detectors_checked"":1281595392}"
        32,         0,         0,   0.643,exact_mw,a7c002779361d29bb296963a23dd35d34b706f38009a8e2e2f5aee9a5ee0acdb,"{""distance"":7,""physical_error_rate"":0.005}","{""detection_events"":486,""detectors_checked"":19264}"
     11376,         1,         0,   120.0,exact_mw,f9daf7670c28e8b8b7ac9af8e1984263f26063cb589f7a54f43332f7ce5001d2,"{""distance"":7,""physical_error_rate"":0.002}","{""detection_events"":66538,""detectors_checked"":6848352,""obs_mistake_mask=E"":1}"
        32,         0,         0,   0.366,exact_mw,a7c002779361d29bb296963a23dd35d34b706f38009a8e2e2f5aee9a5ee0acdb,"{""distance"":7,""physical_error_rate"":0.005}","{""detection_events"":455,""detectors_checked"":19264}"
        96,         0,         0,    1.45,exact_mw,a7c002779361d29bb296963a23dd35d34b706f38009a8e2e2f5aee9a5ee0acdb,"{""distance"":7,""physical_error_rate"":0.005}","{""detection_events"":1400,""detectors_checked"":57792}"
   4296704,         2,         0,   119.3,exact_mw,fb98ac5f0d986856d2cb4e87c937a37162f60383230d2323a40d4b2e77ef556c,"{""distance"":7,""physical_error_rate"":0.0002}","{""detection_events"":2548045,""detectors_checked"":2586615808,""obs_mistake_mask=E"":2}"
    351232,         0,         0,    3.04,exact_mw,590a535fae2c18c7445aa3259c8038467453e1d6a10b68541c755b2dcb29eb74,"{""distance"":7,""physical_error_rate"":5e-05}","{""detection_events"":52142,""detectors_checked"":211441664}"
       256,         0,         0,    1.70,exact_mw,a17a1dfb4cb0509fbcf9caf9ce6f4704b111f022b15740e51c84c2b7e14a6407,"{""distance"":7,""physical_error_rate"":0.001}","{""detection_events"":735,""detectors_checked"":154112}"
   4387840,         0,         0,   119.0,exact_mw,590a535fae2c18c7445aa3259c8038467453e1d6a10b68541c755b2dcb29eb74,"{""distance"":7,""physical_error_rate"":5e-05}","{""detection_events"":652202,""detectors_checked"":2641479680}"
    227328,         0,         0,    3.05,exact_mw,c5b9b378753080b028cc9d6f4434ddf95ab0a61b3333c7295fd718d5436747fc,"{""distance"":7,""physical_error_rate"":0.0001}","{""detection_events"":67452,""detectors_checked"":136851456}"
        32,         0,         0,   0.810,exact_mw,a7c002779361d29bb296963a23dd35d34b706f38009a8e2e2f5aee9a5ee0acdb,"{""distance"":7,""physical_error_rate"":0.005}","{""detection_events"":460,""detectors_checked"":19264}"
    850944,         2,         0,   119.9,exact_mw,8973b2281876bd917be29e6214e197de75d185bf3f5e531e264555f10574746e,"{""distance"":7,""physical_error_rate"":0.0005}","{""detection_events"":1261651,""detectors_checked"":512268288,""obs_mistake_mask=E"":2}"
        32,         0,         0,   0.659,exact_mw,a7c002779361d29bb296963a23dd35d34b706f38009a8e2e2f5aee9a5ee0acdb,"{""distance"":7,""physical_error_rate"":0.005}","{""detection_events"":508,""detectors_checked"":19264}"
     19456,         0,         0,    2.99,exact_mw,fb98ac5f0d986856d2cb4e87c937a37162f60383230d2323a40d4b2e77ef556c,"{""distance"":7,""physical_error_rate"":0.0002}","{""detection_events"":11506,""detectors_checked"":11712512}"
       256,         0,         0,    1.38,exact_mw,a17a1dfb4cb0509fbcf9caf9ce6f4704b111f022b15740e51c84c2b7e14a6407,"{""distance"":7,""physical_error_rate"":0.001}","{""detection_events"":751,""detectors_checked"":154112}"
       128,         0,         0,    1.91,exact_mw,a7c002779361d29bb296963a23dd35d34b706f38009a8e2e2f5aee9a5ee0acdb,"{""distance"":7,""physical_error_rate"":0.005}","{""detection_events"":1866,""detectors_checked"":77056}"
    242688,         2,         0,   120.1,exact_mw,8973b2281876bd917be29e6214e197de75d185bf3f5e531e264555f10574746e,"{""distance"":7,""physical_error_rate"":0.0005}","{""detection_events"":358873,""detectors_checked"":146098176,""obs_mistake_mask=E"":2}"
       256,         0,         0,    1.86,exact_mw,a17a1dfb4cb0509fbcf9caf9ce6f4704b111f022b15740e51c84c2b7e14a6407,"{""distance"":7,""physical_error_rate"":0.001}","{""detection_events"":722,""detectors_checked"":154112}"
    347136,         0,         0,    4.25,exact_mw,590a535fae2c18c7445aa3259c8038467453e1d6a10b68541c755b2dcb29eb74,"{""distance"":7,""physical_error_rate"":5e-05}","{""detection_events"":51726,""detectors_checked"":208975872}"
        96,         0,         0,    2.54,exact_mw,a7c002779361d29bb296963a23dd35d34b706f38009a8e2e2f5aee9a5ee0acdb,"{""distance"":7,""physical_error_rate"":0.005}","{""detection_events"":1486,""detectors_checked"":57792}"
      1744,         1,         0,   120.1,exact_mw,a7c002779361d29bb296963a23dd35d34b706f38009a8e2e2f5aee9a5ee0acdb,"{""distance"":7,""physical_error_rate"":0.005}","{""detection_events"":24993,""detectors_checked"":1049888,""obs_mistake_mask=E"":1}"
    323584,         0,         0,    4.19,exact_mw,c5b9b378753080b028cc9d6f4434ddf95ab0a61b3333c7295fd718d5436747fc,"{""distance"":7,""physical_error_rate"":0.0001}","{""detection_events"":95069,""detectors_checked"":194797568}"
        32,         0,         0,    3.64,exact_mw,a7c002779361d29bb296963a23dd35d34b706f38009a8e2e2f5aee9a5ee0acdb,"{""distance"":7,""physical_error_rate"":0.005}","{""detection_events"":521,""detectors_checked"":19264}"
       256,         0,         0,    1.67,exact_mw,a17a1dfb4cb0509fbcf9caf9ce6f4704b111f022b15740e51c84c2b7e14a6407,"{""distance"":7,""physical_error_rate"":0.001}","{""detection_events"":834,""detectors_checked"":154112}"
    673792,         1,         0,   119.9,exact_mw,8973b2281876bd917be29e6214e197de75d185bf3f5e531e264555f10574746e,"{""distance"":7,""physical_error_rate"":0.0005}","{""detection_events"":997091,""detectors_checked"":405622784,""obs_mistake_mask=E"":1}"
    678912,         0,         0,   119.8,exact_mw,fb98ac5f0d986856d2cb4e87c937a37162f60383230d2323a40d4b2e77ef556c,"{""distance"":7,""physical_error_rate"":0.0002}","{""detection_events"":403364,""detectors_checked"":408705024}"
     26624,         0,         0,    4.42,exact_mw,fb98ac5f0d986856d2cb4e87c937a37162f60383230d2323a40d4b2e77ef556c,"{""distance"":7,""physical_error_rate"":0.0002}","{""detection_events"":15444,""detectors_checked"":16027648}"
     35456,         3,         0,   120.7,exact_mw,f9daf7670c28e8b8b7ac9af8e1984263f26063cb589f7a54f43332f7ce5001d2,"{""distance"":7,""physical_error_rate"":0.002}","{""detection_events"":207253,""detectors_checked"":21344512,""obs_mistake_mask=E"":3}"
        16,         0,         0,    1.09,exact_mw,a7c002779361d29bb296963a23dd35d34b706f38009a8e2e2f5aee9a5ee0acdb,"{""distance"":7,""physical_error_rate"":0.005}","{""detection_events"":229,""detectors_checked"":9632}"
    165888,         2,         0,   120.0,exact_mw,a17a1dfb4cb0509fbcf9caf9ce6f4704b111f022b15740e51c84c2b7e14a6407,"{""distance"":7,""physical_error_rate"":0.001}","{""detection_events"":487237,""detectors_checked"":99864576,""obs_mistake_mask=E"":2}"
      8000,        10,         0,   120.0,exact_mw,a7c002779361d29bb296963a23dd35d34b706f38009a8e2e2f5aee9a5ee0acdb,"{""distance"":7,""physical_error_rate"":0.005}","{""detection_events"":115562,""detectors_checked"":4816000,""obs_mistake_mask=E"":10}"
       128,         0,         0,    3.16,exact_mw,a7c002779361d29bb296963a23dd35d34b706f38009a8e2e2f5aee9a5ee0acdb,"{""distance"":7,""physical_error_rate"":0.005}","{""detection_events"":1881,""detectors_checked"":77056}"
        16,         0,         0,    1.67,exact_mw,a7c002779361d29bb296963a23dd35d34b706f38009a8e2e2f5aee9a5ee0acdb,"{""distance"":7,""physical_error_rate"":0.005}","{""detection_events"":227,""detectors_checked"":9632}"
       512,         0,         0,    2.95,exact_mw,a17a1dfb4cb0509fbcf9caf9ce6f4704b111f022b15740e51c84c2b7e14a6407,"{""distance"":7,""physical_error_rate"":0.001}","{""detection_events"":1468,""detectors_checked"":308224}"
     66432,         0,         0,   120.4,exact_mw,a17a1dfb4cb0509fbcf9caf9ce6f4704b111f022b15740e51c84c2b7e14a6407,"{""distance"":7,""physical_error_rate"":0.001}","{""detection_events"":196088,""detectors_checked"":39992064}"
     33344,         0,         0,   120.4,exact_mw,a17a1dfb4cb0509fbcf9caf9ce6f4704b111f022b15740e51c84c2b7e14a6407,"{""distance"":7,""physical_error_rate"":0.001}","{""detection_events"":98490,""detectors_checked"":20073088}"
     27392,         2,         0,   120.0,exact_mw,f9daf7670c28e8b8b7ac9af8e1984263f26063cb589f7a54f43332f7ce5001d2,"{""distance"":7,""physical_error_rate"":0.002}","{""detection_events"":160891,""detectors_checked"":16489984,""obs_mistake_mask=E"":2}"
         8,         0,         0,    1.80,exact_mw,a7c002779361d29bb296963a23dd35d34b706f38009a8e2e2f5aee9a5ee0acdb,"{""distance"":7,""physical_error_rate"":0.005}","{""detection_events"":109,""detectors_checked"":4816}"
    526336,         0,         0,    5.96,exact_mw,590a535fae2c18c7445aa3259c8038467453e1d6a10b68541c755b2dcb29eb74,"{""distance"":7,""physical_error_rate"":5e-05}","{""detection_events"":78504,""detectors_checked"":316854272}"
    132096,         3,         0,   120.9,exact_mw,a17a1dfb4cb0509fbcf9caf9ce6f4704b111f022b15740e51c84c2b7e14a6407,"{""distance"":7,""physical_error_rate"":0.001}","{""detection_events"":390992,""detectors_checked"":79521792,""obs_mistake_mask=E"":3}"
         8,         0,         0,   0.831,exact_mw,a7c002779361d29bb296963a23dd35d34b706f38009a8e2e2f5aee9a5ee0acdb,"{""distance"":7,""physical_error_rate"":0.005}","{""detection_events"":98,""detectors_checked"":4816}"
     28160,         2,         0,   120.3,exact_mw,f9daf7670c28e8b8b7ac9af8e1984263f26063cb589f7a54f43332f7ce5001d2,"{""distance"":7,""physical_error_rate"":0.002}","{""detection_events"":164859,""detectors_checked"":16952320,""obs_mistake_mask=E"":2}"
    449536,         0,         0,    5.94,exact_mw,c5b9b378753080b028cc9d6f4434ddf95ab0a61b3333c7295fd718d5436747fc,"{""distance"":7,""physical_error_rate"":0.0001}","{""detection_events"":132987,""detectors_checked"":270620672}"
       512,         0,         0,    3.33,exact_mw,a17a1dfb4cb0509fbcf9caf9ce6f4704b111f022b15740e51c84c2b7e14a6407,"{""distance"":7,""physical_error_rate"":0.001}","{""detection_events"":1464,""detectors_checked"":308224}"
         8,         0,         0,    1.15,exact_mw,a7c002779361d29bb296963a23dd35d34b706f38009a8e2e2f5aee9a5ee0acdb,"{""distance"":7,""physical_error_rate"":0.005}","{""detection_events"":150,""detectors_checked"":4816}"
       192,         0,         0,    4.36,exact_mw,a7c002779361d29bb296963a23dd35d34b706f38009a8e2e2f5aee9a5ee0acdb,"{""distance"":7,""physical_error_rate"":0.005}","{""detection_events"":2793,""detectors_checked"":115584}"
     35840,         0,         0,    6.01,exact_mw,fb98ac5f0d986856d2cb4e87c937a37162f60383230d2323a40d4b2e77ef556c,"{""distance"":7,""physical_error_rate"":0.0002}","{""detection_events"":21466,""detectors_checked"":21575680}"
        16,         0,         0,    1.72,exact_mw,a7c002779361d29bb296963a23dd35d34b706f38009a8e2e2f5aee9a5ee0acdb,"{""distance"":7,""physical_error_rate"":0.005}","{""detection_events"":191,""detectors_checked"":9632}"
      1016,         1,         0,   120.7,exact_mw,a7c002779361d29bb296963a23dd35d34b706f38009a8e2e2f5aee9a5ee0acdb,"{""distance"":7,""physical_error_rate"":0.005}","{""detection_events"":14957,""detectors_checked"":611632,""obs_mistake_mask=E"":1}"
     69632,         0,         0,   120.2,exact_mw,a17a1dfb4cb0509fbcf9caf9ce6f4704b111f022b15740e51c84c2b7e14a6407,"{""distance"":7,""physical_error_rate"":0.001}","{""detection_events"":205056,""detectors_checked"":41918464}"
        24,         0,         0,    2.63,exact_mw,a7c002779361d29bb296963a23dd35d34b706f38009a8e2e2f5aee9a5ee0acdb,"{""distance"":7,""physical_error_rate"":0.005}","{""detection_events"":373,""detectors_checked"":14448}"
   1782784,         1,         0,   119.2,exact_mw,fb98ac5f0d986856d2cb4e87c937a37162f60383230d2323a40d4b2e77ef556c,"{""distance"":7,""physical_error_rate"":0.0002}","{""detection_events"":1058675,""detectors_checked"":1073235968,""obs_mistake_mask=E"":1}"
       832,         0,         0,    4.94,exact_mw,a17a1dfb4cb0509fbcf9caf9ce6f4704b111f022b15740e51c84c2b7e14a6407,"{""distance"":7,""physical_error_rate"":0.001}","{""detection_events"":2426,""detectors_checked"":500864}"
       288,         0,         0,    6.32,exact_mw,a7c002779361d29bb296963a23dd35d34b706f38009a8e2e2f5aee9a5ee0acdb,"{""distance"":7,""physical_error_rate"":0.005}","{""detection_events"":4357,""detectors_checked"":173376}"
    959488,         0,         0,    8.30,exact_mw,590a535fae2c18c7445aa3259c8038467453e1d6a10b68541c755b2dcb29eb74,"{""distance"":7,""physical_error_rate"":5e-05}","{""detection_events"":141721,""detectors_checked"":577611776}"
        24,         0,         0,    3.07,exact_mw,a7c002779361d29bb296963a23dd35d34b706f38009a8e2e2f5aee9a5ee0acdb,"{""distance"":7,""physical_error_rate"":0.005}","{""detection_events"":407,""detectors_checked"":14448}"
    618496,         0,         0,    8.29,exact_mw,c5b9b378753080b028cc9d6f4434ddf95ab0a61b3333c7295fd718d5436747fc,"{""distance"":7,""physical_error_rate"":0.0001}","{""detection_events"":181758,""detectors_checked"":372334592}"
         1,         0,         0,   0.061,exact_mw,f9daf7670c28e8b8b7ac9af8e1984263f26063cb589f7a54f43332f7ce5001d2,"{""distance"":7,""physical_error_rate"":0.002}","{""detection_events"":3,""detectors_checked"":602}"
    549376,         2,         0,   119.7,exact_mw,8973b2281876bd917be29e6214e197de75d185bf3f5e531e264555f10574746e,"{""distance"":7,""physical_error_rate"":0.0005}","{""detection_events"":812330,""detectors_checked"":330724352,""obs_mistake_mask=E"":2}"
         8,         0,         0,   0.514,exact_mw,f9daf7670c28e8b8b7ac9af8e1984263f26063cb589f7a54f43332f7ce5001d2,"{""distance"":7,""physical_error_rate"":0.002}","{""detection_events"":83,""detectors_checked"":4816}"
     50176,         0,         0,    8.46,exact_mw,fb98ac5f0d986856d2cb4e87c937a37162f60383230d2323a40d4b2e77ef556c,"{""distance"":7,""physical_error_rate"":0.0002}","{""detection_events"":29723,""detectors_checked"":30205952}"
         8,         0,         0,   0.193,exact_mw,f9daf7670c28e8b8b7ac9af8e1984263f26063cb589f7a54f43332f7ce5001d2,"{""distance"":7,""physical_error_rate"":0.002}","{""detection_events"":62,""detectors_checked"":4816}"
        16,         0,         0,   0.381,exact_mw,f9daf7670c28e8b8b7ac9af8e1984263f26063cb589f7a54f43332f7ce5001d2,"{""distance"":7,""physical_error_rate"":0.002}","{""detection_events"":65,""detectors_checked"":9632}"
        16,         0,         0,   0.706,exact_mw,f9daf7670c28e8b8b7ac9af8e1984263f26063cb589f7a54f43332f7ce5001d2,"{""distance"":7,""physical_error_rate"":0.002}","{""detection_events"":96,""detectors_checked"":9632}"
        16,         0,         0,   0.577,exact_mw,f9daf7670c28e8b8b7ac9af8e1984263f26063cb589f7a54f43332f7ce5001d2,"{""distance"":7,""physical_error_rate"":0.002}","{""detection_events"":93,""detectors_checked"":9632}"
      1152,         0,         0,    6.15,exact_mw,a17a1dfb4cb0509fbcf9caf9ce6f4704b111f022b15740e51c84c2b7e14a6407,"{""distance"":7,""physical_error_rate"":0.001}","{""detection_events"":3351,""detectors_checked"":693504}"
        16,         0,         0,    1.12,exact_mw,f9daf7670c28e8b8b7ac9af8e1984263f26063cb589f7a54f43332f7ce5001d2,"{""distance"":7,""physical_error_rate"":0.002}","{""detection_events"":101,""detectors_checked"":9632}"
        16,         0,         0,   0.204,exact_mw,f9daf7670c28e8b8b7ac9af8e1984263f26063cb589f7a54f43332f7ce5001d2,"{""distance"":7,""physical_error_rate"":0.002}","{""detection_events"":61,""detectors_checked"":9632}"
        32,         0,         0,   0.883,exact_mw,f9daf7670c28e8b8b7ac9af8e1984263f26063cb589f7a54f43332f7ce5001d2,"{""distance"":7,""physical_error_rate"":0.002}","{""detection_events"":190,""detectors_checked"":19264}"
        48,         0,         0,    6.52,exact_mw,a7c002779361d29bb296963a23dd35d34b706f38009a8e2e2f5aee9a5ee0acdb,"{""distance"":7,""physical_error_rate"":0.005}","{""detection_events"":762,""detectors_checked"":28896}"
        32,         0,         0,    1.08,exact_mw,f9daf7670c28e8b8b7ac9af8e1984263f26063cb589f7a54f43332f7ce5001d2,"{""distance"":7,""physical_error_rate"":0.002}","{""detection_events"":163,""detectors_checked"":19264}"
     46272,         1,         0,   120.4,exact_mw,a17a1dfb4cb0509fbcf9caf9ce6f4704b111f022b15740e51c84c2b7e14a6407,"{""distance"":7,""physical_error_rate"":0.001}","{""detection_events"":135625,""detectors_checked"":27855744,""obs_mistake_mask=E"":1}"
        32,         0,         0,   0.744,exact_mw,f9daf7670c28e8b8b7ac9af8e1984263f26063cb589f7a54f43332f7ce5001d2,"{""distance"":7,""physical_error_rate"":0.002}","{""detection_events"":173,""detectors_checked"":19264}"
       352,         1,         0,    8.51,exact_mw,a7c002779361d29bb296963a23dd35d34b706f38009a8e2e2f5aee9a5ee0acdb,"{""distance"":7,""physical_error_rate"":0.005}","{""detection_events"":5058,""detectors_checked"":211904,""obs_mistake_mask=E"":1}"
        32,         0,         0,   0.792,exact_mw,f9daf7670c28e8b8b7ac9af8e1984263f26063cb589f7a54f43332f7ce5001d2,"{""distance"":7,""physical_error_rate"":0.002}","{""detection_events"":212,""detectors_checked"":19264}"
     30336,         5,         0,   120.5,exact_mw,f9daf7670c28e8b8b7ac9af8e1984263f26063cb589f7a54f43332f7ce5001d2,"{""distance"":7,""physical_error_rate"":0.002}","{""detection_events"":178331,""detectors_checked"":18262272,""obs_mistake_mask=E"":5}"
        32,         0,         0,    1.02,exact_mw,f9daf7670c28e8b8b7ac9af8e1984263f26063cb589f7a54f43332f7ce5001d2,"{""distance"":7,""physical_error_rate"":0.002}","{""detection_events"":206,""detectors_checked"":19264}"
        32,         0,         0,    1.15,exact_mw,f9daf7670c28e8b8b7ac9af8e1984263f26063cb589f7a54f43332f7ce5001d2,"{""distance"":7,""physical_error_rate"":0.002}","{""detection_events"":175,""detectors_checked"":19264}"
   1163264,         0,         0,    11.6,exact_mw,590a535fae2c18c7445aa3259c8038467453e1d6a10b68541c755b2dcb29eb74,"{""distance"":7,""physical_error_rate"":5e-05}","{""detection_events"":172178,""detectors_checked"":700284928}"
     28160,         2,         0,   120.5,exact_mw,f9daf7670c28e8b8b7ac9af8e1984263f26063cb589f7a54f43332f7ce5001d2,"{""distance"":7,""physical_error_rate"":0.002}","{""detection_events"":164967,""detectors_checked"":16952320,""obs_mistake_mask=E"":2}"
    870400,         0,         0,    11.7,exact_mw,c5b9b378753080b028cc9d6f4434ddf95ab0a61b3333c7295fd718d5436747fc,"{""distance"":7,""physical_error_rate"":0.0001}","{""detection_events"":257174,""detectors_checked"":523980800}"
        32,         0,         0,    1.79,exact_mw,f9daf7670c28e8b8b7ac9af8e1984263f26063cb589f7a54f43332f7ce5001d2,"{""distance"":7,""physical_error_rate"":0.002}","{""detection_events"":216,""detectors_checked"":19264}"
      1024,         0,         0,    8.86,exact_mw,a17a1dfb4cb0509fbcf9caf9ce6f4704b111f022b15740e51c84c2b7e14a6407,"{""distance"":7,""physical_error_rate"":0.001}","{""detection_events"":3047,""detectors_checked"":616448}"
       376,         0,         0,    6.41,exact_mw,a7c002779361d29bb296963a23dd35d34b706f38009a8e2e2f5aee9a5ee0acdb,"{""distance"":7,""physical_error_rate"":0.005}","{""detection_events"":5363,""detectors_checked"":226352}"
     62464,         0,         0,    11.7,exact_mw,fb98ac5f0d986856d2cb4e87c937a37162f60383230d2323a40d4b2e77ef556c,"{""distance"":7,""physical_error_rate"":0.0002}","{""detection_events"":36396,""detectors_checked"":37603328}"
        64,         0,         0,    1.72,exact_mw,f9daf7670c28e8b8b7ac9af8e1984263f26063cb589f7a54f43332f7ce5001d2,"{""distance"":7,""physical_error_rate"":0.002}","{""detection_events"":338,""detectors_checked"":38528}"
        80,         0,         0,    2.88,exact_mw,f9daf7670c28e8b8b7ac9af8e1984263f26063cb589f7a54f43332f7ce5001d2,"{""distance"":7,""physical_error_rate"":0.002}","{""detection_events"":508,""detectors_checked"":48160}"
       544,         2,         0,    11.8,exact_mw,a7c002779361d29bb296963a23dd35d34b706f38009a8e2e2f5aee9a5ee0acdb,"{""distance"":7,""physical_error_rate"":0.005}","{""detection_events"":7605,""detectors_checked"":327488,""obs_mistake_mask=E"":2}"
       128,         0,         0,    3.52,exact_mw,f9daf7670c28e8b8b7ac9af8e1984263f26063cb589f7a54f43332f7ce5001d2,"{""distance"":7,""physical_error_rate"":0.002}","{""detection_events"":762,""detectors_checked"":77056}"
       608,         1,         0,    8.53,exact_mw,a7c002779361d29bb296963a23dd35d34b706f38009a8e2e2f5aee9a5ee0acdb,"{""distance"":7,""physical_error_rate"":0.005}","{""detection_events"":8734,""detectors_checked"":366016,""obs_mistake_mask=E"":1}"
      1792,         0,         0,    11.7,exact_mw,a17a1dfb4cb0509fbcf9caf9ce6f4704b111f022b15740e51c84c2b7e14a6407,"{""distance"":7,""physical_error_rate"":0.001}","{""detection_events"":5362,""detectors_checked"":1078784}"
       112,         0,         0,    4.22,exact_mw,f9daf7670c28e8b8b7ac9af8e1984263f26063cb589f7a54f43332f7ce5001d2,"{""distance"":7,""physical_error_rate"":0.002}","{""detection_events"":636,""detectors_checked"":67424}"
   1418240,         0,         0,    16.3,exact_mw,590a535fae2c18c7445aa3259c8038467453e1d6a10b68541c755b2dcb29eb74,"{""distance"":7,""physical_error_rate"":5e-05}","{""detection_events"":211225,""detectors_checked"":853780480}"
   1214464,         0,         0,    16.3,exact_mw,c5b9b378753080b028cc9d6f4434ddf95ab0a61b3333c7295fd718d5436747fc,"{""distance"":7,""physical_error_rate"":0.0001}","{""detection_events"":358631,""detectors_checked"":731107328}"
   8931328,         2,         0,   119.1,exact_mw,c5b9b378753080b028cc9d6f4434ddf95ab0a61b3333c7295fd718d5436747fc,"{""distance"":7,""physical_error_rate"":0.0001}","{""detection_events"":2655250,""detectors_checked"":5376659456,""obs_mistake_mask=E"":2}"
     90112,         0,         0,    16.5,exact_mw,fb98ac5f0d986856d2cb4e87c937a37162f60383230d2323a40d4b2e77ef556c,"{""distance"":7,""physical_error_rate"":0.0002}","{""detection_events"":52971,""detectors_checked"":54247424}"
       256,         0,         0,    6.44,exact_mw,f9daf7670c28e8b8b7ac9af8e1984263f26063cb589f7a54f43332f7ce5001d2,"{""distance"":7,""physical_error_rate"":0.002}","{""detection_events"":1482,""detectors_checked"":154112}"
   9594880,         0,         0,   119.1,exact_mw,590a535fae2c18c7445aa3259c8038467453e1d6a10b68541c755b2dcb29eb74,"{""distance"":7,""physical_error_rate"":5e-05}","{""detection_events"":1425103,""detectors_checked"":5776117760}"
   3325952,         1,         0,   119.3,exact_mw,fb98ac5f0d986856d2cb4e87c937a37162f60383230d2323a40d4b2e77ef556c,"{""distance"":7,""physical_error_rate"":0.0002}","{""detection_events"":1969694,""detectors_checked"":2002223104,""obs_mistake_mask=E"":1}"
       768,         1,         0,    11.7,exact_mw,a7c002779361d29bb296963a23dd35d34b706f38009a8e2e2f5aee9a5ee0acdb,"{""distance"":7,""physical_error_rate"":0.005}","{""detection_events"":10931,""detectors_checked"":462336,""obs_mistake_mask=E"":1}"
   7616512,         0,         0,   118.9,exact_mw,590a535fae2c18c7445aa3259c8038467453e1d6a10b68541c755b2dcb29eb74,"{""distance"":7,""physical_error_rate"":5e-05}","{""detection_events"":1128027,""detectors_checked"":4585140224}"
       864,         1,         0,    16.6,exact_mw,a7c002779361d29bb296963a23dd35d34b706f38009a8e2e2f5aee9a5ee0acdb,"{""distance"":7,""physical_error_rate"":0.005}","{""detection_events"":12402,""detectors_checked"":520128,""obs_mistake_mask=E"":1}"
    734208,         2,         0,   120.0,exact_mw,8973b2281876bd917be29e6214e197de75d185bf3f5e531e264555f10574746e,"{""distance"":7,""physical_error_rate"":0.0005}","{""detection_events"":1087087,""detectors_checked"":441993216,""obs_mistake_mask=E"":2}"
      1088,         0,         0,    8.37,exact_mw,f9daf7670c28e8b8b7ac9af8e1984263f26063cb589f7a54f43332f7ce5001d2,"{""distance"":7,""physical_error_rate"":0.002}","{""detection_events"":6562,""detectors_checked"":654976}"
      3328,         0,         0,    16.7,exact_mw,a17a1dfb4cb0509fbcf9caf9ce6f4704b111f022b15740e51c84c2b7e14a6407,"{""distance"":7,""physical_error_rate"":0.001}","{""detection_events"":9699,""detectors_checked"":2003456}"
    149504,         2,         0,   120.4,exact_mw,a17a1dfb4cb0509fbcf9caf9ce6f4704b111f022b15740e51c84c2b7e14a6407,"{""distance"":7,""physical_error_rate"":0.001}","{""detection_events"":439822,""detectors_checked"":90001408,""obs_mistake_mask=E"":2}"
       996,         3,         0,   120.4,exact_mw,a7c002779361d29bb296963a23dd35d34b706f38009a8e2e2f5aee9a5ee0acdb,"{""distance"":7,""physical_error_rate"":0.005}","{""detection_events"":14415,""detectors_checked"":599592,""obs_mistake_mask=E"":3}"
      3412,         1,         0,   120.6,exact_mw,a7c002779361d29bb296963a23dd35d34b706f38009a8e2e2f5aee9a5ee0acdb,"{""distance"":7,""physical_error_rate"":0.005}","{""detection_events"":48150,""detectors_checked"":2054024,""obs_mistake_mask=E"":1}"
     32512,         3,         0,   120.8,exact_mw,f9daf7670c28e8b8b7ac9af8e1984263f26063cb589f7a54f43332f7ce5001d2,"{""distance"":7,""physical_error_rate"":0.002}","{""detection_events"":189810,""detectors_checked"":19572224,""obs_mistake_mask=E"":3}"
       392,         0,         0,    17.1,exact_mw,a7c002779361d29bb296963a23dd35d34b706f38009a8e2e2f5aee9a5ee0acdb,"{""distance"":7,""physical_error_rate"":0.005}","{""detection_events"":5715,""detectors_checked"":235984}"
   2118656,         0,         0,    22.7,exact_mw,590a535fae2c18c7445aa3259c8038467453e1d6a10b68541c755b2dcb29eb74,"{""distance"":7,""physical_error_rate"":5e-05}","{""detection_events"":315923,""detectors_checked"":1275430912}"
      1040,         0,         0,    11.9,exact_mw,f9daf7670c28e8b8b7ac9af8e1984263f26063cb589f7a54f43332f7ce5001d2,"{""distance"":7,""physical_error_rate"":0.002}","{""detection_events"":6004,""detectors_checked"":626080}"
   1713152,         0,         0,    22.8,exact_mw,c5b9b378753080b028cc9d6f4434ddf95ab0a61b3333c7295fd718d5436747fc,"{""distance"":7,""physical_error_rate"":0.0001}","{""detection_events"":507776,""detectors_checked"":1031317504}"
    122880,         0,         0,    22.9,exact_mw,fb98ac5f0d986856d2cb4e87c937a37162f60383230d2323a40d4b2e77ef556c,"{""distance"":7,""physical_error_rate"":0.0002}","{""detection_events"":73057,""detectors_checked"":73973760}"
      1536,         3,         0,    23.0,exact_mw,a7c002779361d29bb296963a23dd35d34b706f38009a8e2e2f5aee9a5ee0acdb,"{""distance"":7,""physical_error_rate"":0.005}","{""detection_events"":22053,""detectors_checked"":924672,""obs_mistake_mask=E"":3}"
      7488,         7,         0,   120.5,exact_mw,a7c002779361d29bb296963a23dd35d34b706f38009a8e2e2f5aee9a5ee0acdb,"{""distance"":7,""physical_error_rate"":0.005}","{""detection_events"":107338,""detectors_checked"":4507776,""obs_mistake_mask=E"":7}"
     26112,         0,         0,    23.0,exact_mw,a17a1dfb4cb0509fbcf9caf9ce6f4704b111f022b15740e51c84c2b7e14a6407,"{""distance"":7,""physical_error_rate"":0.001}","{""detection_events"":77294,""detectors_checked"":15719424}"
       528,         0,         0,    16.8,exact_mw,f9daf7670c28e8b8b7ac9af8e1984263f26063cb589f7a54f43332f7ce5001d2,"{""distance"":7,""physical_error_rate"":0.002}","{""detection_events"":3052,""detectors_checked"":317856}"
   5156864,         1,         0,   119.5,exact_mw,fb98ac5f0d986856d2cb4e87c937a37162f60383230d2323a40d4b2e77ef556c,"{""distance"":7,""physical_error_rate"":0.0002}","{""detection_events"":3058738,""detectors_checked"":3104432128,""obs_mistake_mask=E"":1}"
   8436736,         0,         0,   118.9,exact_mw,c5b9b378753080b028cc9d6f4434ddf95ab0a61b3333c7295fd718d5436747fc,"{""distance"":7,""physical_error_rate"":0.0001}","{""detection_events"":2502894,""detectors_checked"":5078915072}"
   9523200,         0,         0,   119.0,exact_mw,590a535fae2c18c7445aa3259c8038467453e1d6a10b68541c755b2dcb29eb74,"{""distance"":7,""physical_error_rate"":5e-05}","{""detection_events"":1410349,""detectors_checked"":5732966400}"
    702464,         1,         0,   120.2,exact_mw,8973b2281876bd917be29e6214e197de75d185bf3f5e531e264555f10574746e,"{""distance"":7,""physical_error_rate"":0.0005}","{""detection_events"":1040874,""detectors_checked"":422883328,""obs_mistake_mask=E"":1}"
       936,         1,         0,    23.5,exact_mw,a7c002779361d29bb296963a23dd35d34b706f38009a8e2e2f5aee9a5ee0acdb,"{""distance"":7,""physical_error_rate"":0.005}","{""detection_events"":13150,""detectors_checked"":563472,""obs_mistake_mask=E"":1}"
   9439232,         0,         0,   119.1,exact_mw,590a535fae2c18c7445aa3259c8038467453e1d6a10b68541c755b2dcb29eb74,"{""distance"":7,""physical_error_rate"":5e-05}","{""detection_events"":1404416,""detectors_checked"":5682417664}"
     23104,         0,         0,   120.7,exact_mw,a17a1dfb4cb0509fbcf9caf9ce6f4704b111f022b15740e51c84c2b7e14a6407,"{""distance"":7,""physical_error_rate"":0.001}","{""detection_events"":68511,""detectors_checked"":13908608}"
      7456,        10,         0,   120.1,exact_mw,a7c002779361d29bb296963a23dd35d34b706f38009a8e2e2f5aee9a5ee0acdb,"{""distance"":7,""physical_error_rate"":0.005}","{""detection_events"":106884,""detectors_checked"":4488512,""obs_mistake_mask=E"":10}"
   2852864,         0,         0,    31.9,exact_mw,590a535fae2c18c7445aa3259c8038467453e1d6a10b68541c755b2dcb29eb74,"{""distance"":7,""physical_error_rate"":5e-05}","{""detection_events"":422658,""detectors_checked"":1717424128}"
   2377728,         0,         0,    31.7,exact_mw,c5b9b378753080b028cc9d6f4434ddf95ab0a61b3333c7295fd718d5436747fc,"{""distance"":7,""physical_error_rate"":0.0001}","{""detection_events"":708342,""detectors_checked"":1431392256}"
    174080,         0,         0,    31.9,exact_mw,fb98ac5f0d986856d2cb4e87c937a37162f60383230d2323a40d4b2e77ef556c,"{""distance"":7,""physical_error_rate"":0.0002}","{""detection_events"":102675,""detectors_checked"":104796160}"
     31232,         5,         0,   120.6,exact_mw,f9daf7670c28e8b8b7ac9af8e1984263f26063cb589f7a54f43332f7ce5001d2,"{""distance"":7,""physical_error_rate"":0.002}","{""detection_events"":183372,""detectors_checked"":18801664,""obs_mistake_mask=E"":5}"
  13047808,         1,         0,   119.2,exact_mw,590a535fae2c18c7445aa3259c8038467453e1d6a10b68541c755b2dcb29eb74,"{""distance"":7,""physical_error_rate"":5e-05}","{""detection_events"":1935496,""detectors_checked"":7854780416,""obs_mistake_mask=E"":1}"
       768,         0,         0,    23.4,exact_mw,f9daf7670c28e8b8b7ac9af8e1984263f26063cb589f7a54f43332f7ce5001d2,"{""distance"":7,""physical_error_rate"":0.002}","{""detection_events"":4241,""detectors_checked"":462336}"
      2240,         5,         0,    32.9,exact_mw,a7c002779361d29bb296963a23dd35d34b706f38009a8e2e2f5aee9a5ee0acdb,"{""distance"":7,""physical_error_rate"":0.005}","{""detection_events"":31709,""detectors_checked"":1348480,""obs_mistake_mask=E"":5}"
   1078272,         0,         0,   119.4,exact_mw,c5b9b378753080b028cc9d6f4434ddf95ab0a61b3333c7295fd718d5436747fc,"{""distance"":7,""physical_error_rate"":0.0001}","{""detection_events"":320857,""detectors_checked"":649119744}"
   8577024,         0,         0,   119.0,exact_mw,c5b9b378753080b028cc9d6f4434ddf95ab0a61b3333c7295fd718d5436747fc,"{""distance"":7,""physical_error_rate"":0.0001}","{""detection_events"":2541951,""detectors_checked"":5163368448}"
   5430272,         1,         0,   119.2,exact_mw,fb98ac5f0d986856d2cb4e87c937a37162f60383230d2323a40d4b2e77ef556c,"{""distance"":7,""physical_error_rate"":0.0002}","{""detection_events"":3219883,""detectors_checked"":3269023744,""obs_mistake_mask=E"":1}"
   9049088,         0,         0,   119.0,exact_mw,590a535fae2c18c7445aa3259c8038467453e1d6a10b68541c755b2dcb29eb74,"{""distance"":7,""physical_error_rate"":5e-05}","{""detection_events"":1345079,""detectors_checked"":5447550976}"
    840704,         0,         0,   120.5,exact_mw,8973b2281876bd917be29e6214e197de75d185bf3f5e531e264555f10574746e,"{""distance"":7,""physical_error_rate"":0.0005}","{""detection_events"":1243848,""detectors_checked"":506103808}"
  10752000,         0,         0,   119.2,exact_mw,c5b9b378753080b028cc9d6f4434ddf95ab0a61b3333c7295fd718d5436747fc,"{""distance"":7,""physical_error_rate"":0.0001}","{""detection_events"":3186190,""detectors_checked"":6472704000}"
   6891520,         1,         0,   119.5,exact_mw,fb98ac5f0d986856d2cb4e87c937a37162f60383230d2323a40d4b2e77ef556c,"{""distance"":7,""physical_error_rate"":0.0002}","{""detection_events"":4085614,""detectors_checked"":4148695040,""obs_mistake_mask=E"":1}"
     10432,        24,         0,   120.0,exact_mw,a7c002779361d29bb296963a23dd35d34b706f38009a8e2e2f5aee9a5ee0acdb,"{""distance"":7,""physical_error_rate"":0.005}","{""detection_events"":150380,""detectors_checked"":6280064,""obs_mistake_mask=E"":24}"
   5223424,         0,         0,   119.2,exact_mw,fb98ac5f0d986856d2cb4e87c937a37162f60383230d2323a40d4b2e77ef556c,"{""distance"":7,""physical_error_rate"":0.0002}","{""detection_events"":3100120,""detectors_checked"":3144501248}"
       273,         0,         0,   0.254,exact_mw,8973b2281876bd917be29e6214e197de75d185bf3f5e531e264555f10574746e,"{""distance"":7,""physical_error_rate"":0.0005}","{""detection_events"":405,""detectors_checked"":164346}"
       512,         0,         0,   0.518,exact_mw,8973b2281876bd917be29e6214e197de75d185bf3f5e531e264555f10574746e,"{""distance"":7,""physical_error_rate"":0.0005}","{""detection_events"":817,""detectors_checked"":308224}"
    969728,         3,         0,   119.9,exact_mw,8973b2281876bd917be29e6214e197de75d185bf3f5e531e264555f10574746e,"{""distance"":7,""physical_error_rate"":0.0005}","{""detection_events"":1436381,""detectors_checked"":583776256,""obs_mistake_mask=E"":3}"
   7757824,         0,         0,   119.2,exact_mw,c5b9b378753080b028cc9d6f4434ddf95ab0a61b3333c7295fd718d5436747fc,"{""distance"":7,""physical_error_rate"":0.0001}","{""detection_events"":2302736,""detectors_checked"":4670210048}"
       512,         0,         0,   0.640,exact_mw,8973b2281876bd917be29e6214e197de75d185bf3f5e531e264555f10574746e,"{""distance"":7,""physical_error_rate"":0.0005}","{""detection_events"":762,""detectors_checked"":308224}"
     31232,         0,         0,    35.1,exact_mw,a17a1dfb4cb0509fbcf9caf9ce6f4704b111f022b15740e51c84c2b7e14a6407,"{""distance"":7,""physical_error_rate"":0.001}","{""detection_events"":91982,""detectors_checked"":18801664}"
       512,         0,         0,   0.447,exact_mw,8973b2281876bd917be29e6214e197de75d185bf3f5e531e264555f10574746e,"{""distance"":7,""physical_error_rate"":0.0005}","{""detection_events"":670,""detectors_checked"":308224}"
   2681856,         0,         0,   119.1,exact_mw,590a535fae2c18c7445aa3259c8038467453e1d6a10b68541c755b2dcb29eb74,"{""distance"":7,""physical_error_rate"":5e-05}","{""detection_events"":396701,""detectors_checked"":1614477312}"
   8977408,         0,         0,   119.2,exact_mw,c5b9b378753080b028cc9d6f4434ddf95ab0a61b3333c7295fd718d5436747fc,"{""distance"":7,""physical_error_rate"":0.0001}","{""detection_events"":2663477,""detectors_checked"":5404399616}"
       512,         0,         0,   0.710,exact_mw,8973b2281876bd917be29e6214e197de75d185bf3f5e531e264555f10574746e,"{""distance"":7,""physical_error_rate"":0.0005}","{""detection_events"":789,""detectors_checked"":308224}"
   7559168,         0,         0,   119.1,exact_mw,c5b9b378753080b028cc9d6f4434ddf95ab0a61b3333c7295fd718d5436747fc,"{""distance"":7,""physical_error_rate"":0.0001}","{""detection_events"":2242089,""detectors_checked"":4550619136}"
       512,         0,         0,   0.446,exact_mw,8973b2281876bd917be29e6214e197de75d185bf3f5e531e264555f10574746e,"{""distance"":7,""physical_error_rate"":0.0005}","{""detection_events"":699,""detectors_checked"":308224}"
   2758656,         0,         0,   119.3,exact_mw,fb98ac5f0d986856d2cb4e87c937a37162f60383230d2323a40d4b2e77ef556c,"{""distance"":7,""physical_error_rate"":0.0002}","{""detection_events"":1632706,""detectors_checked"":1660710912}"
       512,         0,         0,   0.514,exact_mw,8973b2281876bd917be29e6214e197de75d185bf3f5e531e264555f10574746e,"{""distance"":7,""physical_error_rate"":0.0005}","{""detection_events"":775,""detectors_checked"":308224}"
   5171200,         0,         0,   119.0,exact_mw,590a535fae2c18c7445aa3259c8038467453e1d6a10b68541c755b2dcb29eb74,"{""distance"":7,""physical_error_rate"":5e-05}","{""detection_events"":766822,""detectors_checked"":3113062400}"
      3856,         0,         0,   120.5,exact_mw,f9daf7670c28e8b8b7ac9af8e1984263f26063cb589f7a54f43332f7ce5001d2,"{""distance"":7,""physical_error_rate"":0.002}","{""detection_events"":22624,""detectors_checked"":2321312}"
       512,         0,         0,   0.894,exact_mw,8973b2281876bd917be29e6214e197de75d185bf3f5e531e264555f10574746e,"{""distance"":7,""physical_error_rate"":0.0005}","{""detection_events"":768,""detectors_checked"":308224}"
    739328,         1,         0,   119.9,exact_mw,8973b2281876bd917be29e6214e197de75d185bf3f5e531e264555f10574746e,"{""distance"":7,""physical_error_rate"":0.0005}","{""detection_events"":1093248,""detectors_checked"":445075456,""obs_mistake_mask=E"":1}"
       512,         0,         0,   0.895,exact_mw,8973b2281876bd917be29e6214e197de75d185bf3f5e531e264555f10574746e,"{""distance"":7,""physical_error_rate"":0.0005}","{""detection_events"":756,""detectors_checked"":308224}"
       512,         0,         0,   0.450,exact_mw,8973b2281876bd917be29e6214e197de75d185bf3f5e531e264555f10574746e,"{""distance"":7,""physical_error_rate"":0.0005}","{""detection_events"":807,""detectors_checked"":308224}"
       512,         0,         0,   0.639,exact_mw,8973b2281876bd917be29e6214e197de75d185bf3f5e531e264555f10574746e,"{""distance"":7,""physical_error_rate"":0.0005}","{""detection_events"":784,""detectors_checked"":308224}"
    184320,         1,         0,   119.9,exact_mw,8973b2281876bd917be29e6214e197de75d185bf3f5e531e264555f10574746e,"{""distance"":7,""physical_error_rate"":0.0005}","{""detection_events"":271422,""detectors_checked"":110960640,""obs_mistake_mask=E"":1}"
       512,         0,         0,   0.514,exact_mw,8973b2281876bd917be29e6214e197de75d185bf3f5e531e264555f10574746e,"{""distance"":7,""physical_error_rate"":0.0005}","{""detection_events"":831,""detectors_checked"":308224}"
       512,         0,         0,    1.09,exact_mw,8973b2281876bd917be29e6214e197de75d185bf3f5e531e264555f10574746e,"{""distance"":7,""physical_error_rate"":0.0005}","{""detection_events"":691,""detectors_checked"":308224}"
      7248,        13,         0,   120.9,exact_mw,a7c002779361d29bb296963a23dd35d34b706f38009a8e2e2f5aee9a5ee0acdb,"{""distance"":7,""physical_error_rate"":0.005}","{""detection_events"":104009,""detectors_checked"":4363296,""obs_mistake_mask=E"":13}"
      1024,         0,         0,    1.09,exact_mw,8973b2281876bd917be29e6214e197de75d185bf3f5e531e264555f10574746e,"{""distance"":7,""physical_error_rate"":0.0005}","{""detection_events"":1482,""detectors_checked"":616448}"
    546304,         1,         0,   119.9,exact_mw,8973b2281876bd917be29e6214e197de75d185bf3f5e531e264555f10574746e,"{""distance"":7,""physical_error_rate"":0.0005}","{""detection_events"":807105,""detectors_checked"":328875008,""obs_mistake_mask=E"":1}"
       440,         0,         0,    33.0,exact_mw,a7c002779361d29bb296963a23dd35d34b706f38009a8e2e2f5aee9a5ee0acdb,"{""distance"":7,""physical_error_rate"":0.005}","{""detection_events"":6494,""detectors_checked"":264880}"
   1481728,         0,         0,   119.4,exact_mw,fb98ac5f0d986856d2cb4e87c937a37162f60383230d2323a40d4b2e77ef556c,"{""distance"":7,""physical_error_rate"":0.0002}","{""detection_events"":877954,""detectors_checked"":892000256}"
     34816,         8,         0,   120.1,exact_mw,f9daf7670c28e8b8b7ac9af8e1984263f26063cb589f7a54f43332f7ce5001d2,"{""distance"":7,""physical_error_rate"":0.002}","{""detection_events"":204940,""detectors_checked"":20959232,""obs_mistake_mask=E"":8}"
      1024,         0,         0,    1.20,exact_mw,8973b2281876bd917be29e6214e197de75d185bf3f5e531e264555f10574746e,"{""distance"":7,""physical_error_rate"":0.0005}","{""detection_events"":1613,""detectors_checked"":616448}"
      7936,        11,         0,   120.2,exact_mw,a7c002779361d29bb296963a23dd35d34b706f38009a8e2e2f5aee9a5ee0acdb,"{""distance"":7,""physical_error_rate"":0.005}","{""detection_events"":114343,""detectors_checked"":4777472,""obs_mistake_mask=E"":11}"
    184320,         6,         0,   120.6,exact_mw,a17a1dfb4cb0509fbcf9caf9ce6f4704b111f022b15740e51c84c2b7e14a6407,"{""distance"":7,""physical_error_rate"":0.001}","{""detection_events"":543177,""detectors_checked"":110960640,""obs_mistake_mask=E"":6}"
      1536,         0,         0,    1.91,exact_mw,8973b2281876bd917be29e6214e197de75d185bf3f5e531e264555f10574746e,"{""distance"":7,""physical_error_rate"":0.0005}","{""detection_events"":2275,""detectors_checked"":924672}"
    139264,         3,         0,   120.8,exact_mw,a17a1dfb4cb0509fbcf9caf9ce6f4704b111f022b15740e51c84c2b7e14a6407,"{""distance"":7,""physical_error_rate"":0.001}","{""detection_events"":410994,""detectors_checked"":83836928,""obs_mistake_mask=E"":3}"
    148480,         3,         0,   120.5,exact_mw,a17a1dfb4cb0509fbcf9caf9ce6f4704b111f022b15740e51c84c2b7e14a6407,"{""distance"":7,""physical_error_rate"":0.001}","{""detection_events"":437539,""detectors_checked"":89384960,""obs_mistake_mask=E"":3}"
      4824,         1,         0,   121.0,exact_mw,f9daf7670c28e8b8b7ac9af8e1984263f26063cb589f7a54f43332f7ce5001d2,"{""distance"":7,""physical_error_rate"":0.002}","{""detection_events"":28610,""detectors_checked"":2904048,""obs_mistake_mask=E"":1}"
    147456,         3,         0,   120.1,exact_mw,a17a1dfb4cb0509fbcf9caf9ce6f4704b111f022b15740e51c84c2b7e14a6407,"{""distance"":7,""physical_error_rate"":0.001}","{""detection_events"":433111,""detectors_checked"":88768512,""obs_mistake_mask=E"":3}"
     30464,         2,         0,   120.1,exact_mw,f9daf7670c28e8b8b7ac9af8e1984263f26063cb589f7a54f43332f7ce5001d2,"{""distance"":7,""physical_error_rate"":0.002}","{""detection_events"":177782,""detectors_checked"":18339328,""obs_mistake_mask=E"":2}"
      2048,         0,         0,    2.24,exact_mw,8973b2281876bd917be29e6214e197de75d185bf3f5e531e264555f10574746e,"{""distance"":7,""physical_error_rate"":0.0005}","{""detection_events"":3116,""detectors_checked"":1232896}"
     17920,         0,         0,    3.10,exact_mw,8973b2281876bd917be29e6214e197de75d185bf3f5e531e264555f10574746e,"{""distance"":7,""physical_error_rate"":0.0005}","{""detection_events"":26562,""detectors_checked"":10787840}"
      6916,        11,         0,   120.6,exact_mw,a7c002779361d29bb296963a23dd35d34b706f38009a8e2e2f5aee9a5ee0acdb,"{""distance"":7,""physical_error_rate"":0.005}","{""detection_events"":99092,""detectors_checked"":4163432,""obs_mistake_mask=E"":11}"
    147456,         3,         0,   120.7,exact_mw,a17a1dfb4cb0509fbcf9caf9ce6f4704b111f022b15740e51c84c2b7e14a6407,"{""distance"":7,""physical_error_rate"":0.001}","{""detection_events"":434685,""detectors_checked"":88768512,""obs_mistake_mask=E"":3}"
   5360640,         1,         0,   119.3,exact_mw,fb98ac5f0d986856d2cb4e87c937a37162f60383230d2323a40d4b2e77ef556c,"{""distance"":7,""physical_error_rate"":0.0002}","{""detection_events"":3177472,""detectors_checked"":3227105280,""obs_mistake_mask=E"":1}"
     30720,         1,         0,    4.32,exact_mw,8973b2281876bd917be29e6214e197de75d185bf3f5e531e264555f10574746e,"{""distance"":7,""physical_error_rate"":0.0005}","{""detection_events"":44572,""detectors_checked"":18493440,""obs_mistake_mask=E"":1}"
    846848,         3,         0,   120.0,exact_mw,8973b2281876bd917be29e6214e197de75d185bf3f5e531e264555f10574746e,"{""distance"":7,""physical_error_rate"":0.0005}","{""detection_events"":1251819,""detectors_checked"":509802496,""obs_mistake_mask=E"":3}"
      3440,         0,         0,    32.1,exact_mw,f9daf7670c28e8b8b7ac9af8e1984263f26063cb589f7a54f43332f7ce5001d2,"{""distance"":7,""physical_error_rate"":0.002}","{""detection_events"":19764,""detectors_checked"":2070880}"
     41984,         0,         0,    6.10,exact_mw,8973b2281876bd917be29e6214e197de75d185bf3f5e531e264555f10574746e,"{""distance"":7,""physical_error_rate"":0.0005}","{""detection_events"":62545,""detectors_checked"":25274368}"
   3908608,         0,         0,    44.6,exact_mw,590a535fae2c18c7445aa3259c8038467453e1d6a10b68541c755b2dcb29eb74,"{""distance"":7,""physical_error_rate"":5e-05}","{""detection_events"":582412,""detectors_checked"":2352982016}"
   3339264,         0,         0,    44.6,exact_mw,c5b9b378753080b028cc9d6f4434ddf95ab0a61b3333c7295fd718d5436747fc,"{""distance"":7,""physical_error_rate"":0.0001}","{""detection_events"":989288,""detectors_checked"":2010236928}"
     64448,         2,         0,   121.6,exact_mw,a17a1dfb4cb0509fbcf9caf9ce6f4704b111f022b15740e51c84c2b7e14a6407,"{""distance"":7,""physical_error_rate"":0.001}","{""detection_events"":190483,""detectors_checked"":38797696,""obs_mistake_mask=E"":2}"
     22296,         2,         0,   120.2,exact_mw,f9daf7670c28e8b8b7ac9af8e1984263f26063cb589f7a54f43332f7ce5001d2,"{""distance"":7,""physical_error_rate"":0.002}","{""detection_events"":131331,""detectors_checked"":13422192,""obs_mistake_mask=E"":2}"
    256000,         0,         0,    44.6,exact_mw,fb98ac5f0d986856d2cb4e87c937a37162f60383230d2323a40d4b2e77ef556c,"{""distance"":7,""physical_error_rate"":0.0002}","{""detection_events"":151134,""detectors_checked"":154112000}"
     29952,         5,         0,   120.6,exact_mw,f9daf7670c28e8b8b7ac9af8e1984263f26063cb589f7a54f43332f7ce5001d2,"{""distance"":7,""physical_error_rate"":0.002}","{""detection_events"":176628,""detectors_checked"":18031104,""obs_mistake_mask=E"":5}"
     59392,         0,         0,    8.50,exact_mw,8973b2281876bd917be29e6214e197de75d185bf3f5e531e264555f10574746e,"{""distance"":7,""physical_error_rate"":0.0005}","{""detection_events"":87104,""detectors_checked"":35753984}"
      3072,         5,         0,    45.5,exact_mw,a7c002779361d29bb296963a23dd35d34b706f38009a8e2e2f5aee9a5ee0acdb,"{""distance"":7,""physical_error_rate"":0.005}","{""detection_events"":44366,""detectors_checked"":1849344,""obs_mistake_mask=E"":5}"
      6848,         0,         0,    46.0,exact_mw,a17a1dfb4cb0509fbcf9caf9ce6f4704b111f022b15740e51c84c2b7e14a6407,"{""distance"":7,""physical_error_rate"":0.001}","{""detection_events"":19845,""detectors_checked"":4122496}"
     80896,         0,         0,    11.9,exact_mw,8973b2281876bd917be29e6214e197de75d185bf3f5e531e264555f10574746e,"{""distance"":7,""physical_error_rate"":0.0005}","{""detection_events"":119808,""detectors_checked"":48699392}"
   8973312,         1,         0,   119.1,exact_mw,c5b9b378753080b028cc9d6f4434ddf95ab0a61b3333c7295fd718d5436747fc,"{""distance"":7,""physical_error_rate"":0.0001}","{""detection_events"":2663355,""detectors_checked"":5401933824,""obs_mistake_mask=E"":1}"
   9814016,         0,         0,   119.1,exact_mw,590a535fae2c18c7445aa3259c8038467453e1d6a10b68541c755b2dcb29eb74,"{""distance"":7,""physical_error_rate"":5e-05}","{""detection_events"":1454655,""detectors_checked"":5908037632}"
   1080320,         0,         0,   119.4,exact_mw,fb98ac5f0d986856d2cb4e87c937a37162f60383230d2323a40d4b2e77ef556c,"{""distance"":7,""physical_error_rate"":0.0002}","{""detection_events"":641147,""detectors_checked"":650352640}"
       420,         1,         0,    45.2,exact_mw,a7c002779361d29bb296963a23dd35d34b706f38009a8e2e2f5aee9a5ee0acdb,"{""distance"":7,""physical_error_rate"":0.005}","{""detection_events"":5926,""detectors_checked"":252840,""obs_mistake_mask=E"":1}"
   9745408,         0,         0,   119.0,exact_mw,590a535fae2c18c7445aa3259c8038467453e1d6a10b68541c755b2dcb29eb74,"{""distance"":7,""physical_error_rate"":5e-05}","{""detection_events"":1446820,""detectors_checked"":5866735616}"
    670720,         0,         0,   120.4,exact_mw,8973b2281876bd917be29e6214e197de75d185bf3f5e531e264555f10574746e,"{""distance"":7,""physical_error_rate"":0.0005}","{""detection_events"":989750,""detectors_checked"":403773440}"
    117760,         0,         0,    16.4,exact_mw,8973b2281876bd917be29e6214e197de75d185bf3f5e531e264555f10574746e,"{""distance"":7,""physical_error_rate"":0.0005}","{""detection_events"":174920,""detectors_checked"":70891520}"
    150528,         2,         0,   120.9,exact_mw,a17a1dfb4cb0509fbcf9caf9ce6f4704b111f022b15740e51c84c2b7e14a6407,"{""distance"":7,""physical_error_rate"":0.001}","{""detection_events"":444420,""detectors_checked"":90617856,""obs_mistake_mask=E"":2}"
      2044,         6,         0,   120.7,exact_mw,a7c002779361d29bb296963a23dd35d34b706f38009a8e2e2f5aee9a5ee0acdb,"{""distance"":7,""physical_error_rate"":0.005}","{""detection_events"":29271,""detectors_checked"":1230488,""obs_mistake_mask=E"":6}"
      6400,         2,         0,    45.8,exact_mw,f9daf7670c28e8b8b7ac9af8e1984263f26063cb589f7a54f43332f7ce5001d2,"{""distance"":7,""physical_error_rate"":0.002}","{""detection_events"":37697,""detectors_checked"":3852800,""obs_mistake_mask=E"":2}"
      5656,         4,         0,   120.1,exact_mw,a7c002779361d29bb296963a23dd35d34b706f38009a8e2e2f5aee9a5ee0acdb,"{""distance"":7,""physical_error_rate"":0.005}","{""detection_events"":80687,""detectors_checked"":3404912,""obs_mistake_mask=E"":4}"
     32000,         2,         0,   120.8,exact_mw,f9daf7670c28e8b8b7ac9af8e1984263f26063cb589f7a54f43332f7ce5001d2,"{""distance"":7,""physical_error_rate"":0.002}","{""detection_events"":187763,""detectors_checked"":19264000,""obs_mistake_mask=E"":2}"
      7232,        12,         0,   120.0,exact_mw,a7c002779361d29bb296963a23dd35d34b706f38009a8e2e2f5aee9a5ee0acdb,"{""distance"":7,""physical_error_rate"":0.005}","{""detection_events"":105014,""detectors_checked"":4353664,""obs_mistake_mask=E"":12}"
    130048,         0,         0,    23.3,exact_mw,8973b2281876bd917be29e6214e197de75d185bf3f5e531e264555f10574746e,"{""distance"":7,""physical_error_rate"":0.0005}","{""detection_events"":191133,""detectors_checked"":78288896}"
   4200448,         0,         0,   119.5,exact_mw,fb98ac5f0d986856d2cb4e87c937a37162f60383230d2323a40d4b2e77ef556c,"{""distance"":7,""physical_error_rate"":0.0002}","{""detection_events"":2491388,""detectors_checked"":2528669696}"
   8981504,         0,         0,   119.1,exact_mw,c5b9b378753080b028cc9d6f4434ddf95ab0a61b3333c7295fd718d5436747fc,"{""distance"":7,""physical_error_rate"":0.0001}","{""detection_events"":2670912,""detectors_checked"":5406865408}"
   9801728,         0,         0,   119.0,exact_mw,590a535fae2c18c7445aa3259c8038467453e1d6a10b68541c755b2dcb29eb74,"{""distance"":7,""physical_error_rate"":5e-05}","{""detection_events"":1455132,""detectors_checked"":5900640256}"
   6009856,         0,         0,    62.5,exact_mw,590a535fae2c18c7445aa3259c8038467453e1d6a10b68541c755b2dcb29eb74,"{""distance"":7,""physical_error_rate"":5e-05}","{""detection_events"":893663,""detectors_checked"":3617933312}"
   4236288,         0,         0,    62.5,exact_mw,c5b9b378753080b028cc9d6f4434ddf95ab0a61b3333c7295fd718d5436747fc,"{""distance"":7,""physical_error_rate"":0.0001}","{""detection_events"":1260608,""detectors_checked"":2550245376}"
    736768,         3,         0,   119.9,exact_mw,8973b2281876bd917be29e6214e197de75d185bf3f5e531e264555f10574746e,"{""distance"":7,""physical_error_rate"":0.0005}","{""detection_events"":1088592,""detectors_checked"":443534336,""obs_mistake_mask=E"":3}"
   1635328,         2,         0,    62.7,exact_mw,fb98ac5f0d986856d2cb4e87c937a37162f60383230d2323a40d4b2e77ef556c,"{""distance"":7,""physical_error_rate"":0.0002}","{""detection_events"":970216,""detectors_checked"":984467456,""obs_mistake_mask=E"":2}"
   9682944,         0,         0,   118.9,exact_mw,590a535fae2c18c7445aa3259c8038467453e1d6a10b68541c755b2dcb29eb74,"{""distance"":7,""physical_error_rate"":5e-05}","{""detection_events"":1435140,""detectors_checked"":5829132288}"
     97344,         1,         0,   119.9,exact_mw,a17a1dfb4cb0509fbcf9caf9ce6f4704b111f022b15740e51c84c2b7e14a6407,"{""distance"":7,""physical_error_rate"":0.001}","{""detection_events"":286066,""detectors_checked"":58601088,""obs_mistake_mask=E"":1}"
      1896,         2,         0,    63.1,exact_mw,a7c002779361d29bb296963a23dd35d34b706f38009a8e2e2f5aee9a5ee0acdb,"{""distance"":7,""physical_error_rate"":0.005}","{""detection_events"":27300,""detectors_checked"":1141392,""obs_mistake_mask=E"":2}"
      7552,        13,         0,   120.3,exact_mw,a7c002779361d29bb296963a23dd35d34b706f38009a8e2e2f5aee9a5ee0acdb,"{""distance"":7,""physical_error_rate"":0.005}","{""detection_events"":108662,""detectors_checked"":4546304,""obs_mistake_mask=E"":13}"
     32256,         7,         0,   120.8,exact_mw,f9daf7670c28e8b8b7ac9af8e1984263f26063cb589f7a54f43332f7ce5001d2,"{""distance"":7,""physical_error_rate"":0.002}","{""detection_events"":189556,""detectors_checked"":19418112,""obs_mistake_mask=E"":7}"
     11136,         0,         0,    63.2,exact_mw,a17a1dfb4cb0509fbcf9caf9ce6f4704b111f022b15740e51c84c2b7e14a6407,"{""distance"":7,""physical_error_rate"":0.001}","{""detection_events"":33292,""detectors_checked"":6703872}"
  12328960,         0,         0,   119.2,exact_mw,590a535fae2c18c7445aa3259c8038467453e1d6a10b68541c755b2dcb29eb74,"{""distance"":7,""physical_error_rate"":5e-05}","{""detection_events"":1824977,""detectors_checked"":7422033920}"
   1120256,         0,         0,   119.2,exact_mw,c5b9b378753080b028cc9d6f4434ddf95ab0a61b3333c7295fd718d5436747fc,"{""distance"":7,""physical_error_rate"":0.0001}","{""detection_events"":333229,""detectors_checked"":674394112}"
   7998464,         0,         0,   119.0,exact_mw,c5b9b378753080b028cc9d6f4434ddf95ab0a61b3333c7295fd718d5436747fc,"{""distance"":7,""physical_error_rate"":0.0001}","{""detection_events"":2376192,""detectors_checked"":4815075328}"
   5125120,         2,         0,   119.4,exact_mw,fb98ac5f0d986856d2cb4e87c937a37162f60383230d2323a40d4b2e77ef556c,"{""distance"":7,""physical_error_rate"":0.0002}","{""detection_events"":3040364,""detectors_checked"":3085322240,""obs_mistake_mask=E"":2}"
   8667136,         0,         0,   119.0,exact_mw,590a535fae2c18c7445aa3259c8038467453e1d6a10b68541c755b2dcb29eb74,"{""distance"":7,""physical_error_rate"":5e-05}","{""detection_events"":1283951,""detectors_checked"":5217615872}"
    402432,         0,         0,   119.8,exact_mw,8973b2281876bd917be29e6214e197de75d185bf3f5e531e264555f10574746e,"{""distance"":7,""physical_error_rate"":0.0005}","{""detection_events"":595510,""detectors_checked"":242264064}"
   9919488,         2,         0,   119.2,exact_mw,c5b9b378753080b028cc9d6f4434ddf95ab0a61b3333c7295fd718d5436747fc,"{""distance"":7,""physical_error_rate"":0.0001}","{""detection_events"":2940450,""detectors_checked"":5971531776,""obs_mistake_mask=E"":2}"
       568,         1,         0,    64.0,exact_mw,a7c002779361d29bb296963a23dd35d34b706f38009a8e2e2f5aee9a5ee0acdb,"{""distance"":7,""physical_error_rate"":0.005}","{""detection_events"":8204,""detectors_checked"":341936,""obs_mistake_mask=E"":1}"
   5653504,         0,         0,   119.4,exact_mw,fb98ac5f0d986856d2cb4e87c937a37162f60383230d2323a40d4b2e77ef556c,"{""distance"":7,""physical_error_rate"":0.0002}","{""detection_events"":3346266,""detectors_checked"":3403409408}"
   5420032,         1,         0,   119.4,exact_mw,fb98ac5f0d986856d2cb4e87c937a37162f60383230d2323a40d4b2e77ef556c,"{""distance"":7,""physical_error_rate"":0.0002}","{""detection_events"":3219916,""detectors_checked"":3262859264,""obs_mistake_mask=E"":1}"
      9824,        11,         0,   120.5,exact_mw,a7c002779361d29bb296963a23dd35d34b706f38009a8e2e2f5aee9a5ee0acdb,"{""distance"":7,""physical_error_rate"":0.005}","{""detection_events"":141173,""detectors_checked"":5914048,""obs_mistake_mask=E"":11}"
     26624,         0,         0,    32.7,exact_mw,8973b2281876bd917be29e6214e197de75d185bf3f5e531e264555f10574746e,"{""distance"":7,""physical_error_rate"":0.0005}","{""detection_events"":39579,""detectors_checked"":16027648}"
    970752,         5,         0,   120.1,exact_mw,8973b2281876bd917be29e6214e197de75d185bf3f5e531e264555f10574746e,"{""distance"":7,""physical_error_rate"":0.0005}","{""detection_events"":1433418,""detectors_checked"":584392704,""obs_mistake_mask=E"":5}"
   8568832,         1,         0,   119.0,exact_mw,c5b9b378753080b028cc9d6f4434ddf95ab0a61b3333c7295fd718d5436747fc,"{""distance"":7,""physical_error_rate"":0.0001}","{""detection_events"":2540035,""detectors_checked"":5158436864,""obs_mistake_mask=E"":1}"
   6968320,         0,         0,   119.1,exact_mw,590a535fae2c18c7445aa3259c8038467453e1d6a10b68541c755b2dcb29eb74,"{""distance"":7,""physical_error_rate"":5e-05}","{""detection_events"":1035251,""detectors_checked"":4194928640}"
   8889344,         0,         0,   119.0,exact_mw,c5b9b378753080b028cc9d6f4434ddf95ab0a61b3333c7295fd718d5436747fc,"{""distance"":7,""physical_error_rate"":0.0001}","{""detection_events"":2637608,""detectors_checked"":5351385088}"
   6427648,         2,         0,   119.1,exact_mw,c5b9b378753080b028cc9d6f4434ddf95ab0a61b3333c7295fd718d5436747fc,"{""distance"":7,""physical_error_rate"":0.0001}","{""detection_events"":1904957,""detectors_checked"":3869444096,""obs_mistake_mask=E"":2}"
   3719168,         1,         0,   119.3,exact_mw,fb98ac5f0d986856d2cb4e87c937a37162f60383230d2323a40d4b2e77ef556c,"{""distance"":7,""physical_error_rate"":0.0002}","{""detection_events"":2208054,""detectors_checked"":2238939136,""obs_mistake_mask=E"":1}"
   1238016,         0,         0,   118.9,exact_mw,590a535fae2c18c7445aa3259c8038467453e1d6a10b68541c755b2dcb29eb74,"{""distance"":7,""physical_error_rate"":5e-05}","{""detection_events"":185668,""detectors_checked"":745285632}"
      4048,         3,         0,   120.1,exact_mw,f9daf7670c28e8b8b7ac9af8e1984263f26063cb589f7a54f43332f7ce5001d2,"{""distance"":7,""physical_error_rate"":0.002}","{""detection_events"":23038,""detectors_checked"":2436896,""obs_mistake_mask=E"":3}"
    839680,         1,         0,   120.0,exact_mw,8973b2281876bd917be29e6214e197de75d185bf3f5e531e264555f10574746e,"{""distance"":7,""physical_error_rate"":0.0005}","{""detection_events"":1238665,""detectors_checked"":505487360,""obs_mistake_mask=E"":1}"
    485888,         3,         0,   119.9,exact_mw,8973b2281876bd917be29e6214e197de75d185bf3f5e531e264555f10574746e,"{""distance"":7,""physical_error_rate"":0.0005}","{""detection_events"":718850,""detectors_checked"":292504576,""obs_mistake_mask=E"":3}"
      4708,         3,         0,   120.0,exact_mw,a7c002779361d29bb296963a23dd35d34b706f38009a8e2e2f5aee9a5ee0acdb,"{""distance"":7,""physical_error_rate"":0.005}","{""detection_events"":67588,""detectors_checked"":2834216,""obs_mistake_mask=E"":3}"
   5440512,         1,         0,   119.2,exact_mw,fb98ac5f0d986856d2cb4e87c937a37162f60383230d2323a40d4b2e77ef556c,"{""distance"":7,""physical_error_rate"":0.0002}","{""detection_events"":3226626,""detectors_checked"":3275188224,""obs_mistake_mask=E"":1}"
    384512,         1,         0,   120.4,exact_mw,8973b2281876bd917be29e6214e197de75d185bf3f5e531e264555f10574746e,"{""distance"":7,""physical_error_rate"":0.0005}","{""detection_events"":570601,""detectors_checked"":231476224,""obs_mistake_mask=E"":1}"
     35072,         4,         0,   120.3,exact_mw,f9daf7670c28e8b8b7ac9af8e1984263f26063cb589f7a54f43332f7ce5001d2,"{""distance"":7,""physical_error_rate"":0.002}","{""detection_events"":206063,""detectors_checked"":21113344,""obs_mistake_mask=E"":4}"
      7872,        11,         0,   120.3,exact_mw,a7c002779361d29bb296963a23dd35d34b706f38009a8e2e2f5aee9a5ee0acdb,"{""distance"":7,""physical_error_rate"":0.005}","{""detection_events"":112849,""detectors_checked"":4738944,""obs_mistake_mask=E"":11}"
    179200,         5,         0,   121.2,exact_mw,a17a1dfb4cb0509fbcf9caf9ce6f4704b111f022b15740e51c84c2b7e14a6407,"{""distance"":7,""physical_error_rate"":0.001}","{""detection_events"":528472,""detectors_checked"":107878400,""obs_mistake_mask=E"":5}"
    131072,         1,         0,   120.1,exact_mw,a17a1dfb4cb0509fbcf9caf9ce6f4704b111f022b15740e51c84c2b7e14a6407,"{""distance"":7,""physical_error_rate"":0.001}","{""detection_events"":389062,""detectors_checked"":78905344,""obs_mistake_mask=E"":1}"
     71616,         2,         0,   120.3,exact_mw,a17a1dfb4cb0509fbcf9caf9ce6f4704b111f022b15740e51c84c2b7e14a6407,"{""distance"":7,""physical_error_rate"":0.001}","{""detection_events"":210146,""detectors_checked"":43112832,""obs_mistake_mask=E"":2}"
    146432,         2,         0,   120.1,exact_mw,a17a1dfb4cb0509fbcf9caf9ce6f4704b111f022b15740e51c84c2b7e14a6407,"{""distance"":7,""physical_error_rate"":0.001}","{""detection_events"":432362,""detectors_checked"":88152064,""obs_mistake_mask=E"":2}"
     20208,         2,         0,   120.2,exact_mw,f9daf7670c28e8b8b7ac9af8e1984263f26063cb589f7a54f43332f7ce5001d2,"{""distance"":7,""physical_error_rate"":0.002}","{""detection_events"":117832,""detectors_checked"":12165216,""obs_mistake_mask=E"":2}"
     30208,         6,         0,   120.1,exact_mw,f9daf7670c28e8b8b7ac9af8e1984263f26063cb589f7a54f43332f7ce5001d2,"{""distance"":7,""physical_error_rate"":0.002}","{""detection_events"":178216,""detectors_checked"":18185216,""obs_mistake_mask=E"":6}"
      2080,         0,         0,    63.0,exact_mw,f9daf7670c28e8b8b7ac9af8e1984263f26063cb589f7a54f43332f7ce5001d2,"{""distance"":7,""physical_error_rate"":0.002}","{""detection_events"":11860,""detectors_checked"":1252160}"
      3180,         3,         0,   121.2,exact_mw,a7c002779361d29bb296963a23dd35d34b706f38009a8e2e2f5aee9a5ee0acdb,"{""distance"":7,""physical_error_rate"":0.005}","{""detection_events"":45900,""detectors_checked"":1914360,""obs_mistake_mask=E"":3}"
   5458944,         0,         0,   119.3,exact_mw,fb98ac5f0d986856d2cb4e87c937a37162f60383230d2323a40d4b2e77ef556c,"{""distance"":7,""physical_error_rate"":0.0002}","{""detection_events"":3231402,""detectors_checked"":3286284288}"
     65536,         1,         0,   121.1,exact_mw,a17a1dfb4cb0509fbcf9caf9ce6f4704b111f022b15740e51c84c2b7e14a6407,"{""distance"":7,""physical_error_rate"":0.001}","{""detection_events"":193206,""detectors_checked"":39452672,""obs_mistake_mask=E"":1}"
    719872,         1,         0,   120.0,exact_mw,8973b2281876bd917be29e6214e197de75d185bf3f5e531e264555f10574746e,"{""distance"":7,""physical_error_rate"":0.0005}","{""detection_events"":1062939,""detectors_checked"":433362944,""obs_mistake_mask=E"":1}"
     49984,         0,         0,   120.1,exact_mw,a17a1dfb4cb0509fbcf9caf9ce6f4704b111f022b15740e51c84c2b7e14a6407,"{""distance"":7,""physical_error_rate"":0.001}","{""detection_events"":148383,""detectors_checked"":30090368}"
     30496,         2,         0,   120.1,exact_mw,f9daf7670c28e8b8b7ac9af8e1984263f26063cb589f7a54f43332f7ce5001d2,"{""distance"":7,""physical_error_rate"":0.002}","{""detection_events"":178578,""detectors_checked"":18358592,""obs_mistake_mask=E"":2}"
     19520,         5,         0,   120.1,exact_mw,f9daf7670c28e8b8b7ac9af8e1984263f26063cb589f7a54f43332f7ce5001d2,"{""distance"":7,""physical_error_rate"":0.002}","{""detection_events"":113947,""detectors_checked"":11751040,""obs_mistake_mask=E"":5}"
    279552,         2,         0,    45.0,exact_mw,8973b2281876bd917be29e6214e197de75d185bf3f5e531e264555f10574746e,"{""distance"":7,""physical_error_rate"":0.0005}","{""detection_events"":414666,""detectors_checked"":168290304,""obs_mistake_mask=E"":2}"
   8993792,         0,         0,   119.2,exact_mw,c5b9b378753080b028cc9d6f4434ddf95ab0a61b3333c7295fd718d5436747fc,"{""distance"":7,""physical_error_rate"":0.0001}","{""detection_events"":2668195,""detectors_checked"":5414262784}"
   9827328,         0,         0,   119.0,exact_mw,590a535fae2c18c7445aa3259c8038467453e1d6a10b68541c755b2dcb29eb74,"{""distance"":7,""physical_error_rate"":5e-05}","{""detection_events"":1460395,""detectors_checked"":5916051456}"
   1509376,         0,         0,   119.5,exact_mw,fb98ac5f0d986856d2cb4e87c937a37162f60383230d2323a40d4b2e77ef556c,"{""distance"":7,""physical_error_rate"":0.0002}","{""detection_events"":898271,""detectors_checked"":908644352}"
   1925120,         0,         0,   118.9,exact_mw,590a535fae2c18c7445aa3259c8038467453e1d6a10b68541c755b2dcb29eb74,"{""distance"":7,""physical_error_rate"":5e-05}","{""detection_events"":285074,""detectors_checked"":1158922240}"
    745984,         1,         0,   119.8,exact_mw,8973b2281876bd917be29e6214e197de75d185bf3f5e531e264555f10574746e,"{""distance"":7,""physical_error_rate"":0.0005}","{""detection_events"":1104274,""detectors_checked"":449082368,""obs_mistake_mask=E"":1}"
   8208384,         0,         0,    87.5,exact_mw,590a535fae2c18c7445aa3259c8038467453e1d6a10b68541c755b2dcb29eb74,"{""distance"":7,""physical_error_rate"":5e-05}","{""detection_events"":1218906,""detectors_checked"":4941447168}"
   6739968,         0,         0,    87.6,exact_mw,c5b9b378753080b028cc9d6f4434ddf95ab0a61b3333c7295fd718d5436747fc,"{""distance"":7,""physical_error_rate"":0.0001}","{""detection_events"":1994311,""detectors_checked"":4057460736}"
   3725312,         0,         0,    87.8,exact_mw,fb98ac5f0d986856d2cb4e87c937a37162f60383230d2323a40d4b2e77ef556c,"{""distance"":7,""physical_error_rate"":0.0002}","{""detection_events"":2211552,""detectors_checked"":2242637824}"
    139264,         4,         0,   120.3,exact_mw,a17a1dfb4cb0509fbcf9caf9ce6f4704b111f022b15740e51c84c2b7e14a6407,"{""distance"":7,""physical_error_rate"":0.001}","{""detection_events"":411699,""detectors_checked"":83836928,""obs_mistake_mask=E"":4}"
      1172,         4,         0,   121.7,exact_mw,a7c002779361d29bb296963a23dd35d34b706f38009a8e2e2f5aee9a5ee0acdb,"{""distance"":7,""physical_error_rate"":0.005}","{""detection_events"":16349,""detectors_checked"":705544,""obs_mistake_mask=E"":4}"
      2860,         6,         0,    88.4,exact_mw,a7c002779361d29bb296963a23dd35d34b706f38009a8e2e2f5aee9a5ee0acdb,"{""distance"":7,""physical_error_rate"":0.005}","{""detection_events"":41251,""detectors_checked"":1721720,""obs_mistake_mask=E"":6}"
      6676,         3,         0,   120.4,exact_mw,a7c002779361d29bb296963a23dd35d34b706f38009a8e2e2f5aee9a5ee0acdb,"{""distance"":7,""physical_error_rate"":0.005}","{""detection_events"":95547,""detectors_checked"":4018952,""obs_mistake_mask=E"":3}"
     31616,         2,         0,   121.1,exact_mw,f9daf7670c28e8b8b7ac9af8e1984263f26063cb589f7a54f43332f7ce5001d2,"{""distance"":7,""physical_error_rate"":0.002}","{""detection_events"":186180,""detectors_checked"":19032832,""obs_mistake_mask=E"":2}"
     59328,         0,         0,    88.6,exact_mw,a17a1dfb4cb0509fbcf9caf9ce6f4704b111f022b15740e51c84c2b7e14a6407,"{""distance"":7,""physical_error_rate"":0.001}","{""detection_events"":175709,""detectors_checked"":35715456}"
      6176,        16,         0,   120.2,exact_mw,a7c002779361d29bb296963a23dd35d34b706f38009a8e2e2f5aee9a5ee0acdb,"{""distance"":7,""physical_error_rate"":0.005}","{""detection_events"":88863,""detectors_checked"":3717952,""obs_mistake_mask=E"":16}"
      1996,         3,         0,    88.1,exact_mw,a7c002779361d29bb296963a23dd35d34b706f38009a8e2e2f5aee9a5ee0acdb,"{""distance"":7,""physical_error_rate"":0.005}","{""detection_events"":29303,""detectors_checked"":1201592,""obs_mistake_mask=E"":3}"
   4617216,         2,         0,   119.3,exact_mw,fb98ac5f0d986856d2cb4e87c937a37162f60383230d2323a40d4b2e77ef556c,"{""distance"":7,""physical_error_rate"":0.0002}","{""detection_events"":2739791,""detectors_checked"":2779564032,""obs_mistake_mask=E"":2}"
   9020416,         0,         0,   119.1,exact_mw,c5b9b378753080b028cc9d6f4434ddf95ab0a61b3333c7295fd718d5436747fc,"{""distance"":7,""physical_error_rate"":0.0001}","{""detection_events"":2671689,""detectors_checked"":5430290432}"
   5806080,         0,         0,   119.3,exact_mw,590a535fae2c18c7445aa3259c8038467453e1d6a10b68541c755b2dcb29eb74,"{""distance"":7,""physical_error_rate"":5e-05}","{""detection_events"":860316,""detectors_checked"":3495260160}"
    638976,         2,         0,   120.0,exact_mw,8973b2281876bd917be29e6214e197de75d185bf3f5e531e264555f10574746e,"{""distance"":7,""physical_error_rate"":0.0005}","{""detection_events"":943623,""detectors_checked"":384663552,""obs_mistake_mask=E"":2}"
   9705472,         0,         0,   119.1,exact_mw,590a535fae2c18c7445aa3259c8038467453e1d6a10b68541c755b2dcb29eb74,"{""distance"":7,""physical_error_rate"":5e-05}","{""detection_events"":1446095,""detectors_checked"":5842694144}"
    146432,         2,         0,   120.4,exact_mw,a17a1dfb4cb0509fbcf9caf9ce6f4704b111f022b15740e51c84c2b7e14a6407,"{""distance"":7,""physical_error_rate"":0.001}","{""detection_events"":430997,""detectors_checked"":88152064,""obs_mistake_mask=E"":2}"
      9968,         1,         0,    88.1,exact_mw,f9daf7670c28e8b8b7ac9af8e1984263f26063cb589f7a54f43332f7ce5001d2,"{""distance"":7,""physical_error_rate"":0.002}","{""detection_events"":58818,""detectors_checked"":6000736,""obs_mistake_mask=E"":1}"
      7200,        14,         0,   120.7,exact_mw,a7c002779361d29bb296963a23dd35d34b706f38009a8e2e2f5aee9a5ee0acdb,"{""distance"":7,""physical_error_rate"":0.005}","{""detection_events"":103193,""detectors_checked"":4334400,""obs_mistake_mask=E"":14}"
    297472,         2,         0,    63.8,exact_mw,8973b2281876bd917be29e6214e197de75d185bf3f5e531e264555f10574746e,"{""distance"":7,""physical_error_rate"":0.0005}","{""detection_events"":440385,""detectors_checked"":179078144,""obs_mistake_mask=E"":2}"
     31360,         5,         0,   120.8,exact_mw,f9daf7670c28e8b8b7ac9af8e1984263f26063cb589f7a54f43332f7ce5001d2,"{""distance"":7,""physical_error_rate"":0.002}","{""detection_events"":183141,""detectors_checked"":18878720,""obs_mistake_mask=E"":5}"
  12405760,         0,         0,   119.2,exact_mw,590a535fae2c18c7445aa3259c8038467453e1d6a10b68541c755b2dcb29eb74,"{""distance"":7,""physical_error_rate"":5e-05}","{""detection_events"":1839932,""detectors_checked"":7468267520}"
   8941568,         0,         0,   119.1,exact_mw,c5b9b378753080b028cc9d6f4434ddf95ab0a61b3333c7295fd718d5436747fc,"{""distance"":7,""physical_error_rate"":0.0001}","{""detection_events"":2661290,""detectors_checked"":5382823936}"
   1128448,         0,         0,   118.5,exact_mw,c5b9b378753080b028cc9d6f4434ddf95ab0a61b3333c7295fd718d5436747fc,"{""distance"":7,""physical_error_rate"":0.0001}","{""detection_events"":335601,""detectors_checked"":679325696}"
   3284992,         0,         0,   119.3,exact_mw,fb98ac5f0d986856d2cb4e87c937a37162f60383230d2323a40d4b2e77ef556c,"{""distance"":7,""physical_error_rate"":0.0002}","{""detection_events"":1950505,""detectors_checked"":1977565184}"
   9573376,         0,         0,   119.1,exact_mw,590a535fae2c18c7445aa3259c8038467453e1d6a10b68541c755b2dcb29eb74,"{""distance"":7,""physical_error_rate"":5e-05}","{""detection_events"":1418168,""detectors_checked"":5763172352}"
    760832,         1,         0,   119.8,exact_mw,8973b2281876bd917be29e6214e197de75d185bf3f5e531e264555f10574746e,"{""distance"":7,""physical_error_rate"":0.0005}","{""detection_events"":1119825,""detectors_checked"":458020864,""obs_mistake_mask=E"":1}"
   9756672,         0,         0,   119.3,exact_mw,c5b9b378753080b028cc9d6f4434ddf95ab0a61b3333c7295fd718d5436747fc,"{""distance"":7,""physical_error_rate"":0.0001}","{""detection_events"":2892288,""detectors_checked"":5873516544}"
   6215680,         0,         0,   119.3,exact_mw,fb98ac5f0d986856d2cb4e87c937a37162f60383230d2323a40d4b2e77ef556c,"{""distance"":7,""physical_error_rate"":0.0002}","{""detection_events"":3686928,""detectors_checked"":3741839360}"
   4739072,         1,         0,   119.3,exact_mw,fb98ac5f0d986856d2cb4e87c937a37162f60383230d2323a40d4b2e77ef556c,"{""distance"":7,""physical_error_rate"":0.0002}","{""detection_events"":2810991,""detectors_checked"":2852921344,""obs_mistake_mask=E"":1}"
   8902656,         1,         0,   119.0,exact_mw,c5b9b378753080b028cc9d6f4434ddf95ab0a61b3333c7295fd718d5436747fc,"{""distance"":7,""physical_error_rate"":0.0001}","{""detection_events"":2643117,""detectors_checked"":5359398912,""obs_mistake_mask=E"":1}"
      9408,        20,         0,   120.6,exact_mw,a7c002779361d29bb296963a23dd35d34b706f38009a8e2e2f5aee9a5ee0acdb,"{""distance"":7,""physical_error_rate"":0.005}","{""detection_events"":134456,""detectors_checked"":5663616,""obs_mistake_mask=E"":20}"
    936960,         3,         0,   120.0,exact_mw,8973b2281876bd917be29e6214e197de75d185bf3f5e531e264555f10574746e,"{""distance"":7,""physical_error_rate"":0.0005}","{""detection_events"":1384678,""detectors_checked"":564049920,""obs_mistake_mask=E"":3}"
   9781248,         0,         0,   119.1,exact_mw,590a535fae2c18c7445aa3259c8038467453e1d6a10b68541c755b2dcb29eb74,"{""distance"":7,""physical_error_rate"":5e-05}","{""detection_events"":1453138,""detectors_checked"":5888311296}"
   5090304,         0,         0,   119.3,exact_mw,c5b9b378753080b028cc9d6f4434ddf95ab0a61b3333c7295fd718d5436747fc,"{""distance"":7,""physical_error_rate"":0.0001}","{""detection_events"":1510941,""detectors_checked"":3064363008}"
   8323072,         0,         0,   119.1,exact_mw,c5b9b378753080b028cc9d6f4434ddf95ab0a61b3333c7295fd718d5436747fc,"{""distance"":7,""physical_error_rate"":0.0001}","{""detection_events"":2470284,""detectors_checked"":5010489344}"
   3463168,         1,         0,   119.3,exact_mw,fb98ac5f0d986856d2cb4e87c937a37162f60383230d2323a40d4b2e77ef556c,"{""distance"":7,""physical_error_rate"":0.0002}","{""detection_events"":2056929,""detectors_checked"":2084827136,""obs_mistake_mask=E"":1}"
   4938752,         0,         0,   119.1,exact_mw,590a535fae2c18c7445aa3259c8038467453e1d6a10b68541c755b2dcb29eb74,"{""distance"":7,""physical_error_rate"":5e-05}","{""detection_events"":734327,""detectors_checked"":2973128704}"
    851968,         3,         0,   119.9,exact_mw,8973b2281876bd917be29e6214e197de75d185bf3f5e531e264555f10574746e,"{""distance"":7,""physical_error_rate"":0.0005}","{""detection_events"":1263413,""detectors_checked"":512884736,""obs_mistake_mask=E"":3}"
     15936,         4,         0,   120.1,exact_mw,f9daf7670c28e8b8b7ac9af8e1984263f26063cb589f7a54f43332f7ce5001d2,"{""distance"":7,""physical_error_rate"":0.002}","{""detection_events"":93105,""detectors_checked"":9593472,""obs_mistake_mask=E"":4}"
    576512,         2,         0,   120.0,exact_mw,8973b2281876bd917be29e6214e197de75d185bf3f5e531e264555f10574746e,"{""distance"":7,""physical_error_rate"":0.0005}","{""detection_events"":855627,""detectors_checked"":347060224,""obs_mistake_mask=E"":2}"
   5206016,         1,         0,   119.3,exact_mw,fb98ac5f0d986856d2cb4e87c937a37162f60383230d2323a40d4b2e77ef556c,"{""distance"":7,""physical_error_rate"":0.0002}","{""detection_events"":3085329,""detectors_checked"":3134021632,""obs_mistake_mask=E"":1}"
      4496,         8,         0,   120.7,exact_mw,a7c002779361d29bb296963a23dd35d34b706f38009a8e2e2f5aee9a5ee0acdb,"{""distance"":7,""physical_error_rate"":0.005}","{""detection_events"":63369,""detectors_checked"":2706592,""obs_mistake_mask=E"":8}"
    489216,         0,         0,   119.8,exact_mw,8973b2281876bd917be29e6214e197de75d185bf3f5e531e264555f10574746e,"{""distance"":7,""physical_error_rate"":0.0005}","{""detection_events"":723656,""detectors_checked"":294508032}"
     32896,         4,         0,   120.4,exact_mw,f9daf7670c28e8b8b7ac9af8e1984263f26063cb589f7a54f43332f7ce5001d2,"{""distance"":7,""physical_error_rate"":0.002}","{""detection_events"":193345,""detectors_checked"":19803392,""obs_mistake_mask=E"":4}"
      8224,        10,         0,   120.8,exact_mw,a7c002779361d29bb296963a23dd35d34b706f38009a8e2e2f5aee9a5ee0acdb,"{""distance"":7,""physical_error_rate"":0.005}","{""detection_events"":117761,""detectors_checked"":4950848,""obs_mistake_mask=E"":10}"
    159744,         2,         0,   120.5,exact_mw,a17a1dfb4cb0509fbcf9caf9ce6f4704b111f022b15740e51c84c2b7e14a6407,"{""distance"":7,""physical_error_rate"":0.001}","{""detection_events"":470586,""detectors_checked"":96165888,""obs_mistake_mask=E"":2}"
     83840,         1,         0,   120.6,exact_mw,a17a1dfb4cb0509fbcf9caf9ce6f4704b111f022b15740e51c84c2b7e14a6407,"{""distance"":7,""physical_error_rate"":0.001}","{""detection_events"":248592,""detectors_checked"":50471680,""obs_mistake_mask=E"":1}"
     99008,         1,         0,   120.5,exact_mw,a17a1dfb4cb0509fbcf9caf9ce6f4704b111f022b15740e51c84c2b7e14a6407,"{""distance"":7,""physical_error_rate"":0.001}","{""detection_events"":291395,""detectors_checked"":59602816,""obs_mistake_mask=E"":1}"
    146432,         4,         0,   120.0,exact_mw,a17a1dfb4cb0509fbcf9caf9ce6f4704b111f022b15740e51c84c2b7e14a6407,"{""distance"":7,""physical_error_rate"":0.001}","{""detection_events"":430190,""detectors_checked"":88152064,""obs_mistake_mask=E"":4}"
     31488,         4,         0,   120.0,exact_mw,f9daf7670c28e8b8b7ac9af8e1984263f26063cb589f7a54f43332f7ce5001d2,"{""distance"":7,""physical_error_rate"":0.002}","{""detection_events"":182968,""detectors_checked"":18955776,""obs_mistake_mask=E"":4}"
     30592,         3,         0,   120.5,exact_mw,f9daf7670c28e8b8b7ac9af8e1984263f26063cb589f7a54f43332f7ce5001d2,"{""distance"":7,""physical_error_rate"":0.002}","{""detection_events"":178909,""detectors_checked"":18416384,""obs_mistake_mask=E"":3}"
   4890624,         1,         0,   119.2,exact_mw,fb98ac5f0d986856d2cb4e87c937a37162f60383230d2323a40d4b2e77ef556c,"{""distance"":7,""physical_error_rate"":0.0002}","{""detection_events"":2895295,""detectors_checked"":2944155648,""obs_mistake_mask=E"":1}"
      1724,         3,         0,   120.7,exact_mw,a7c002779361d29bb296963a23dd35d34b706f38009a8e2e2f5aee9a5ee0acdb,"{""distance"":7,""physical_error_rate"":0.005}","{""detection_events"":24664,""detectors_checked"":1037848,""obs_mistake_mask=E"":3}"
     88000,         1,         0,   120.5,exact_mw,a17a1dfb4cb0509fbcf9caf9ce6f4704b111f022b15740e51c84c2b7e14a6407,"{""distance"":7,""physical_error_rate"":0.001}","{""detection_events"":258515,""detectors_checked"":52976000,""obs_mistake_mask=E"":1}"
    696832,         1,         0,   119.9,exact_mw,8973b2281876bd917be29e6214e197de75d185bf3f5e531e264555f10574746e,"{""distance"":7,""physical_error_rate"":0.0005}","{""detection_events"":1030739,""detectors_checked"":419492864,""obs_mistake_mask=E"":1}"
     18368,         1,         0,   120.3,exact_mw,a17a1dfb4cb0509fbcf9caf9ce6f4704b111f022b15740e51c84c2b7e14a6407,"{""distance"":7,""physical_error_rate"":0.001}","{""detection_events"":54385,""detectors_checked"":11057536,""obs_mistake_mask=E"":1}"
     31488,         5,         0,   121.0,exact_mw,f9daf7670c28e8b8b7ac9af8e1984263f26063cb589f7a54f43332f7ce5001d2,"{""distance"":7,""physical_error_rate"":0.002}","{""detection_events"":184794,""detectors_checked"":18955776,""obs_mistake_mask=E"":5}"
     22896,         5,         0,   120.0,exact_mw,f9daf7670c28e8b8b7ac9af8e1984263f26063cb589f7a54f43332f7ce5001d2,"{""distance"":7,""physical_error_rate"":0.002}","{""detection_events"":134230,""detectors_checked"":13783392,""obs_mistake_mask=E"":5}"
   9080832,         0,         0,   119.2,exact_mw,c5b9b378753080b028cc9d6f4434ddf95ab0a61b3333c7295fd718d5436747fc,"{""distance"":7,""physical_error_rate"":0.0001}","{""detection_events"":2692281,""detectors_checked"":5466660864}"
   9845760,         0,         0,   119.2,exact_mw,590a535fae2c18c7445aa3259c8038467453e1d6a10b68541c755b2dcb29eb74,"{""distance"":7,""physical_error_rate"":5e-05}","{""detection_events"":1464431,""detectors_checked"":5927147520}"
   1267712,         0,         0,   119.3,exact_mw,fb98ac5f0d986856d2cb4e87c937a37162f60383230d2323a40d4b2e77ef556c,"{""distance"":7,""physical_error_rate"":0.0002}","{""detection_events"":749640,""detectors_checked"":763162624}"
   9162752,         0,         0,   119.1,exact_mw,590a535fae2c18c7445aa3259c8038467453e1d6a10b68541c755b2dcb29eb74,"{""distance"":7,""physical_error_rate"":5e-05}","{""detection_events"":1359877,""detectors_checked"":5515976704}"
    727552,         1,         0,   119.9,exact_mw,8973b2281876bd917be29e6214e197de75d185bf3f5e531e264555f10574746e,"{""distance"":7,""physical_error_rate"":0.0005}","{""detection_events"":1078269,""detectors_checked"":437986304,""obs_mistake_mask=E"":1}"
  10919936,         0,         0,   118.9,exact_mw,590a535fae2c18c7445aa3259c8038467453e1d6a10b68541c755b2dcb29eb74,"{""distance"":7,""physical_error_rate"":5e-05}","{""detection_events"":1619128,""detectors_checked"":6573801472}"
   8889344,         1,         0,   119.2,exact_mw,c5b9b378753080b028cc9d6f4434ddf95ab0a61b3333c7295fd718d5436747fc,"{""distance"":7,""physical_error_rate"":0.0001}","{""detection_events"":2641436,""detectors_checked"":5351385088,""obs_mistake_mask=E"":1}"
   2344960,         1,         0,   119.4,exact_mw,fb98ac5f0d986856d2cb4e87c937a37162f60383230d2323a40d4b2e77ef556c,"{""distance"":7,""physical_error_rate"":0.0002}","{""detection_events"":1390189,""detectors_checked"":1411665920,""obs_mistake_mask=E"":1}"
    148480,         2,         0,   120.1,exact_mw,a17a1dfb4cb0509fbcf9caf9ce6f4704b111f022b15740e51c84c2b7e14a6407,"{""distance"":7,""physical_error_rate"":0.001}","{""detection_events"":436231,""detectors_checked"":89384960,""obs_mistake_mask=E"":2}"
      6240,         9,         0,   121.2,exact_mw,a7c002779361d29bb296963a23dd35d34b706f38009a8e2e2f5aee9a5ee0acdb,"{""distance"":7,""physical_error_rate"":0.005}","{""detection_events"":90083,""detectors_checked"":3756480,""obs_mistake_mask=E"":9}"
      6356,        10,         0,   120.6,exact_mw,a7c002779361d29bb296963a23dd35d34b706f38009a8e2e2f5aee9a5ee0acdb,"{""distance"":7,""physical_error_rate"":0.005}","{""detection_events"":91356,""detectors_checked"":3826312,""obs_mistake_mask=E"":10}"
      6100,         6,         0,   120.5,exact_mw,a7c002779361d29bb296963a23dd35d34b706f38009a8e2e2f5aee9a5ee0acdb,"{""distance"":7,""physical_error_rate"":0.005}","{""detection_events"":87881,""detectors_checked"":3672200,""obs_mistake_mask=E"":6}"
     31488,         6,         0,   120.9,exact_mw,f9daf7670c28e8b8b7ac9af8e1984263f26063cb589f7a54f43332f7ce5001d2,"{""distance"":7,""physical_error_rate"":0.002}","{""detection_events"":184840,""detectors_checked"":18955776,""obs_mistake_mask=E"":6}"
    471040,         0,         0,    88.1,exact_mw,8973b2281876bd917be29e6214e197de75d185bf3f5e531e264555f10574746e,"{""distance"":7,""physical_error_rate"":0.0005}","{""detection_events"":699451,""detectors_checked"":283566080}"
     29312,         1,         0,   120.3,exact_mw,a17a1dfb4cb0509fbcf9caf9ce6f4704b111f022b15740e51c84c2b7e14a6407,"{""distance"":7,""physical_error_rate"":0.001}","{""detection_events"":87068,""detectors_checked"":17645824,""obs_mistake_mask=E"":1}"
      6040,        10,         0,   120.2,exact_mw,a7c002779361d29bb296963a23dd35d34b706f38009a8e2e2f5aee9a5ee0acdb,"{""distance"":7,""physical_error_rate"":0.005}","{""detection_events"":86170,""detectors_checked"":3636080,""obs_mistake_mask=E"":10}"
      4180,         7,         0,   120.3,exact_mw,a7c002779361d29bb296963a23dd35d34b706f38009a8e2e2f5aee9a5ee0acdb,"{""distance"":7,""physical_error_rate"":0.005}","{""detection_events"":60005,""detectors_checked"":2516360,""obs_mistake_mask=E"":7}"
   2365440,         0,         0,   119.6,exact_mw,fb98ac5f0d986856d2cb4e87c937a37162f60383230d2323a40d4b2e77ef556c,"{""distance"":7,""physical_error_rate"":0.0002}","{""detection_events"":1401471,""detectors_checked"":1423994880}"
   8955904,         0,         0,   119.1,exact_mw,c5b9b378753080b028cc9d6f4434ddf95ab0a61b3333c7295fd718d5436747fc,"{""distance"":7,""physical_error_rate"":0.0001}","{""detection_events"":2655231,""detectors_checked"":5391454208}"
   3380224,         0,         0,   119.1,exact_mw,590a535fae2c18c7445aa3259c8038467453e1d6a10b68541c755b2dcb29eb74,"{""distance"":7,""physical_error_rate"":5e-05}","{""detection_events"":502569,""detectors_checked"":2034894848}"
    106496,         0,         0,   119.9,exact_mw,8973b2281876bd917be29e6214e197de75d185bf3f5e531e264555f10574746e,"{""distance"":7,""physical_error_rate"":0.0005}","{""detection_events"":156929,""detectors_checked"":64110592}"
   9849856,         0,         0,   119.1,exact_mw,590a535fae2c18c7445aa3259c8038467453e1d6a10b68541c755b2dcb29eb74,"{""distance"":7,""physical_error_rate"":5e-05}","{""detection_events"":1463096,""detectors_checked"":5929613312}"
    131072,         3,         0,   120.5,exact_mw,a17a1dfb4cb0509fbcf9caf9ce6f4704b111f022b15740e51c84c2b7e14a6407,"{""distance"":7,""physical_error_rate"":0.001}","{""detection_events"":387140,""detectors_checked"":78905344,""obs_mistake_mask=E"":3}"
      7472,         1,         0,   120.6,exact_mw,f9daf7670c28e8b8b7ac9af8e1984263f26063cb589f7a54f43332f7ce5001d2,"{""distance"":7,""physical_error_rate"":0.002}","{""detection_events"":43814,""detectors_checked"":4498144,""obs_mistake_mask=E"":1}"
      6560,        10,         0,   120.5,exact_mw,a7c002779361d29bb296963a23dd35d34b706f38009a8e2e2f5aee9a5ee0acdb,"{""distance"":7,""physical_error_rate"":0.005}","{""detection_events"":94300,""detectors_checked"":3949120,""obs_mistake_mask=E"":10}"
     30976,         4,         0,   120.4,exact_mw,f9daf7670c28e8b8b7ac9af8e1984263f26063cb589f7a54f43332f7ce5001d2,"{""distance"":7,""physical_error_rate"":0.002}","{""detection_events"":181359,""detectors_checked"":18647552,""obs_mistake_mask=E"":4}"
  10744832,         1,         0,   119.1,exact_mw,590a535fae2c18c7445aa3259c8038467453e1d6a10b68541c755b2dcb29eb74,"{""distance"":7,""physical_error_rate"":5e-05}","{""detection_events"":1594683,""detectors_checked"":6468388864,""obs_mistake_mask=E"":1}"
   8905728,         0,         0,   119.2,exact_mw,c5b9b378753080b028cc9d6f4434ddf95ab0a61b3333c7295fd718d5436747fc,"{""distance"":7,""physical_error_rate"":0.0001}","{""detection_events"":2642729,""detectors_checked"":5361248256}"
   1111040,         0,         0,   119.4,exact_mw,c5b9b378753080b028cc9d6f4434ddf95ab0a61b3333c7295fd718d5436747fc,"{""distance"":7,""physical_error_rate"":0.0001}","{""detection_events"":327949,""detectors_checked"":668846080}"
   8727552,         0,         0,   119.0,exact_mw,590a535fae2c18c7445aa3259c8038467453e1d6a10b68541c755b2dcb29eb74,"{""distance"":7,""physical_error_rate"":5e-05}","{""detection_events"":1293296,""detectors_checked"":5253986304}"
   1084416,         0,         0,   119.7,exact_mw,fb98ac5f0d986856d2cb4e87c937a37162f60383230d2323a40d4b2e77ef556c,"{""distance"":7,""physical_error_rate"":0.0002}","{""detection_events"":642559,""detectors_checked"":652818432}"
    599296,         1,         0,   120.1,exact_mw,8973b2281876bd917be29e6214e197de75d185bf3f5e531e264555f10574746e,"{""distance"":7,""physical_error_rate"":0.0005}","{""detection_events"":883696,""detectors_checked"":360776192,""obs_mistake_mask=E"":1}"
   9590784,         0,         0,   119.1,exact_mw,c5b9b378753080b028cc9d6f4434ddf95ab0a61b3333c7295fd718d5436747fc,"{""distance"":7,""physical_error_rate"":0.0001}","{""detection_events"":2849525,""detectors_checked"":5773651968}"
   6600704,         1,         0,   119.4,exact_mw,fb98ac5f0d986856d2cb4e87c937a37162f60383230d2323a40d4b2e77ef556c,"{""distance"":7,""physical_error_rate"":0.0002}","{""detection_events"":3910973,""detectors_checked"":3973623808,""obs_mistake_mask=E"":1}"
   5009408,         2,         0,   119.3,exact_mw,fb98ac5f0d986856d2cb4e87c937a37162f60383230d2323a40d4b2e77ef556c,"{""distance"":7,""physical_error_rate"":0.0002}","{""detection_events"":2977864,""detectors_checked"":3015663616,""obs_mistake_mask=E"":2}"
   8971264,         0,         0,   119.0,exact_mw,c5b9b378753080b028cc9d6f4434ddf95ab0a61b3333c7295fd718d5436747fc,"{""distance"":7,""physical_error_rate"":0.0001}","{""detection_events"":2660350,""detectors_checked"":5400700928}"
    965632,         5,         0,   119.9,exact_mw,8973b2281876bd917be29e6214e197de75d185bf3f5e531e264555f10574746e,"{""distance"":7,""physical_error_rate"":0.0005}","{""detection_events"":1428381,""detectors_checked"":581310464,""obs_mistake_mask=E"":5}"
     10240,        15,         0,   120.4,exact_mw,a7c002779361d29bb296963a23dd35d34b706f38009a8e2e2f5aee9a5ee0acdb,"{""distance"":7,""physical_error_rate"":0.005}","{""detection_events"":148139,""detectors_checked"":6164480,""obs_mistake_mask=E"":15}"
   9793536,         0,         0,   119.0,exact_mw,590a535fae2c18c7445aa3259c8038467453e1d6a10b68541c755b2dcb29eb74,"{""distance"":7,""physical_error_rate"":5e-05}","{""detection_events"":1453372,""detectors_checked"":5895708672}"
   7048192,         1,         0,   119.0,exact_mw,c5b9b378753080b028cc9d6f4434ddf95ab0a61b3333c7295fd718d5436747fc,"{""distance"":7,""physical_error_rate"":0.0001}","{""detection_events"":2092811,""detectors_checked"":4243011584,""obs_mistake_mask=E"":1}"
   7546880,         0,         0,   119.2,exact_mw,c5b9b378753080b028cc9d6f4434ddf95ab0a61b3333c7295fd718d5436747fc,"{""distance"":7,""physical_error_rate"":0.0001}","{""detection_events"":2232362,""detectors_checked"":4543221760}"
   2514944,         2,         0,   119.3,exact_mw,fb98ac5f0d986856d2cb4e87c937a37162f60383230d2323a40d4b2e77ef556c,"{""distance"":7,""physical_error_rate"":0.0002}","{""detection_events"":1490809,""detectors_checked"":1513996288,""obs_mistake_mask=E"":2}"
   9757696,         1,         0,   118.9,exact_mw,590a535fae2c18c7445aa3259c8038467453e1d6a10b68541c755b2dcb29eb74,"{""distance"":7,""physical_error_rate"":5e-05}","{""detection_events"":1445226,""detectors_checked"":5874132992,""obs_mistake_mask=E"":1}"
    844800,         3,         0,   120.0,exact_mw,8973b2281876bd917be29e6214e197de75d185bf3f5e531e264555f10574746e,"{""distance"":7,""physical_error_rate"":0.0005}","{""detection_events"":1248703,""detectors_checked"":508569600,""obs_mistake_mask=E"":3}"
     30272,         3,         0,   120.5,exact_mw,f9daf7670c28e8b8b7ac9af8e1984263f26063cb589f7a54f43332f7ce5001d2,"{""distance"":7,""physical_error_rate"":0.002}","{""detection_events"":176655,""detectors_checked"":18223744,""obs_mistake_mask=E"":3}"
    301568,         0,         0,   120.6,exact_mw,8973b2281876bd917be29e6214e197de75d185bf3f5e531e264555f10574746e,"{""distance"":7,""physical_error_rate"":0.0005}","{""detection_events"":446701,""detectors_checked"":181543936}"
   2965504,         0,         0,   119.4,exact_mw,fb98ac5f0d986856d2cb4e87c937a37162f60383230d2323a40d4b2e77ef556c,"{""distance"":7,""physical_error_rate"":0.0002}","{""detection_events"":1760278,""detectors_checked"":1785233408}"
    517632,         0,         0,   119.9,exact_mw,8973b2281876bd917be29e6214e197de75d185bf3f5e531e264555f10574746e,"{""distance"":7,""physical_error_rate"":0.0005}","{""detection_events"":764017,""detectors_checked"":311614464}"
     35328,         4,         0,   120.4,exact_mw,f9daf7670c28e8b8b7ac9af8e1984263f26063cb589f7a54f43332f7ce5001d2,"{""distance"":7,""physical_error_rate"":0.002}","{""detection_events"":207284,""detectors_checked"":21267456,""obs_mistake_mask=E"":4}"
      2628,         3,         0,   121.1,exact_mw,a7c002779361d29bb296963a23dd35d34b706f38009a8e2e2f5aee9a5ee0acdb,"{""distance"":7,""physical_error_rate"":0.005}","{""detection_events"":37910,""detectors_checked"":1582056,""obs_mistake_mask=E"":3}"
      8192,        14,         0,   120.8,exact_mw,a7c002779361d29bb296963a23dd35d34b706f38009a8e2e2f5aee9a5ee0acdb,"{""distance"":7,""physical_error_rate"":0.005}","{""detection_events"":117290,""detectors_checked"":4931584,""obs_mistake_mask=E"":14}"
    167936,         2,         0,   120.2,exact_mw,a17a1dfb4cb0509fbcf9caf9ce6f4704b111f022b15740e51c84c2b7e14a6407,"{""distance"":7,""physical_error_rate"":0.001}","{""detection_events"":495311,""detectors_checked"":101097472,""obs_mistake_mask=E"":2}"
    132672,         3,         0,   120.1,exact_mw,a17a1dfb4cb0509fbcf9caf9ce6f4704b111f022b15740e51c84c2b7e14a6407,"{""distance"":7,""physical_error_rate"":0.001}","{""detection_events"":388638,""detectors_checked"":79868544,""obs_mistake_mask=E"":3}"
     31488,         4,         0,   120.2,exact_mw,f9daf7670c28e8b8b7ac9af8e1984263f26063cb589f7a54f43332f7ce5001d2,"{""distance"":7,""physical_error_rate"":0.002}","{""detection_events"":184277,""detectors_checked"":18955776,""obs_mistake_mask=E"":4}"
    148480,         3,         0,   120.4,exact_mw,a17a1dfb4cb0509fbcf9caf9ce6f4704b111f022b15740e51c84c2b7e14a6407,"{""distance"":7,""physical_error_rate"":0.001}","{""detection_events"":437993,""detectors_checked"":89384960,""obs_mistake_mask=E"":3}"
    151552,         4,         0,   120.6,exact_mw,a17a1dfb4cb0509fbcf9caf9ce6f4704b111f022b15740e51c84c2b7e14a6407,"{""distance"":7,""physical_error_rate"":0.001}","{""detection_events"":447651,""detectors_checked"":91234304,""obs_mistake_mask=E"":4}"
     30592,         3,         0,   120.7,exact_mw,f9daf7670c28e8b8b7ac9af8e1984263f26063cb589f7a54f43332f7ce5001d2,"{""distance"":7,""physical_error_rate"":0.002}","{""detection_events"":181563,""detectors_checked"":18416384,""obs_mistake_mask=E"":3}"
   5072896,         0,         0,   119.5,exact_mw,fb98ac5f0d986856d2cb4e87c937a37162f60383230d2323a40d4b2e77ef556c,"{""distance"":7,""physical_error_rate"":0.0002}","{""detection_events"":3004416,""detectors_checked"":3053883392}"
      6340,         6,         0,   120.4,exact_mw,a7c002779361d29bb296963a23dd35d34b706f38009a8e2e2f5aee9a5ee0acdb,"{""distance"":7,""physical_error_rate"":0.005}","{""detection_events"":90750,""detectors_checked"":3816680,""obs_mistake_mask=E"":6}"
     98688,         3,         0,   120.9,exact_mw,a17a1dfb4cb0509fbcf9caf9ce6f4704b111f022b15740e51c84c2b7e14a6407,"{""distance"":7,""physical_error_rate"":0.001}","{""detection_events"":292034,""detectors_checked"":59410176,""obs_mistake_mask=E"":3}"
    533504,         0,         0,   119.9,exact_mw,8973b2281876bd917be29e6214e197de75d185bf3f5e531e264555f10574746e,"{""distance"":7,""physical_error_rate"":0.0005}","{""detection_events"":791189,""detectors_checked"":321169408}"
    106944,         1,         0,   120.1,exact_mw,a17a1dfb4cb0509fbcf9caf9ce6f4704b111f022b15740e51c84c2b7e14a6407,"{""distance"":7,""physical_error_rate"":0.001}","{""detection_events"":314350,""detectors_checked"":64380288,""obs_mistake_mask=E"":1}"
      4896,         0,         0,   121.9,exact_mw,f9daf7670c28e8b8b7ac9af8e1984263f26063cb589f7a54f43332f7ce5001d2,"{""distance"":7,""physical_error_rate"":0.002}","{""detection_events"":28771,""detectors_checked"":2947392}"
      6312,         0,         0,   120.8,exact_mw,f9daf7670c28e8b8b7ac9af8e1984263f26063cb589f7a54f43332f7ce5001d2,"{""distance"":7,""physical_error_rate"":0.002}","{""detection_events"":36814,""detectors_checked"":3799824}"
   9054208,         0,         0,   119.2,exact_mw,c5b9b378753080b028cc9d6f4434ddf95ab0a61b3333c7295fd718d5436747fc,"{""distance"":7,""physical_error_rate"":0.0001}","{""detection_events"":2685840,""detectors_checked"":5450633216}"
  10006528,         0,         0,   119.2,exact_mw,590a535fae2c18c7445aa3259c8038467453e1d6a10b68541c755b2dcb29eb74,"{""distance"":7,""physical_error_rate"":5e-05}","{""detection_events"":1485476,""detectors_checked"":6023929856}"
   4035584,         1,         0,   119.3,exact_mw,fb98ac5f0d986856d2cb4e87c937a37162f60383230d2323a40d4b2e77ef556c,"{""distance"":7,""physical_error_rate"":0.0002}","{""detection_events"":2391441,""detectors_checked"":2429421568,""obs_mistake_mask=E"":1}"
   8587264,         0,         0,   119.0,exact_mw,590a535fae2c18c7445aa3259c8038467453e1d6a10b68541c755b2dcb29eb74,"{""distance"":7,""physical_error_rate"":5e-05}","{""detection_events"":1277335,""detectors_checked"":5169532928}"
    849920,         1,         0,   119.9,exact_mw,8973b2281876bd917be29e6214e197de75d185bf3f5e531e264555f10574746e,"{""distance"":7,""physical_error_rate"":0.0005}","{""detection_events"":1254985,""detectors_checked"":511651840,""obs_mistake_mask=E"":1}"
  10989568,         0,         0,   119.1,exact_mw,590a535fae2c18c7445aa3259c8038467453e1d6a10b68541c755b2dcb29eb74,"{""distance"":7,""physical_error_rate"":5e-05}","{""detection_events"":1630040,""detectors_checked"":6615719936}"
   8967168,         2,         0,   119.1,exact_mw,c5b9b378753080b028cc9d6f4434ddf95ab0a61b3333c7295fd718d5436747fc,"{""distance"":7,""physical_error_rate"":0.0001}","{""detection_events"":2658115,""detectors_checked"":5398235136,""obs_mistake_mask=E"":2}"
    659456,         1,         0,   119.6,exact_mw,fb98ac5f0d986856d2cb4e87c937a37162f60383230d2323a40d4b2e77ef556c,"{""distance"":7,""physical_error_rate"":0.0002}","{""detection_events"":390129,""detectors_checked"":396992512,""obs_mistake_mask=E"":1}"
    150528,         4,         0,   120.5,exact_mw,a17a1dfb4cb0509fbcf9caf9ce6f4704b111f022b15740e51c84c2b7e14a6407,"{""distance"":7,""physical_error_rate"":0.001}","{""detection_events"":445405,""detectors_checked"":90617856,""obs_mistake_mask=E"":4}"
      8000,        16,         0,   120.7,exact_mw,a7c002779361d29bb296963a23dd35d34b706f38009a8e2e2f5aee9a5ee0acdb,"{""distance"":7,""physical_error_rate"":0.005}","{""detection_events"":113892,""detectors_checked"":4816000,""obs_mistake_mask=E"":16}"
      1760,         5,         0,   120.2,exact_mw,a7c002779361d29bb296963a23dd35d34b706f38009a8e2e2f5aee9a5ee0acdb,"{""distance"":7,""physical_error_rate"":0.005}","{""detection_events"":25694,""detectors_checked"":1059520,""obs_mistake_mask=E"":5}"
      8064,         4,         0,   120.5,exact_mw,a7c002779361d29bb296963a23dd35d34b706f38009a8e2e2f5aee9a5ee0acdb,"{""distance"":7,""physical_error_rate"":0.005}","{""detection_events"":115907,""detectors_checked"":4854528,""obs_mistake_mask=E"":4}"
     31488,         7,         0,   121.0,exact_mw,f9daf7670c28e8b8b7ac9af8e1984263f26063cb589f7a54f43332f7ce5001d2,"{""distance"":7,""physical_error_rate"":0.002}","{""detection_events"":185257,""detectors_checked"":18955776,""obs_mistake_mask=E"":7}"
    591872,         2,         0,   119.9,exact_mw,8973b2281876bd917be29e6214e197de75d185bf3f5e531e264555f10574746e,"{""distance"":7,""physical_error_rate"":0.0005}","{""detection_events"":877711,""detectors_checked"":356306944,""obs_mistake_mask=E"":2}"
     71296,         1,         0,   120.4,exact_mw,a17a1dfb4cb0509fbcf9caf9ce6f4704b111f022b15740e51c84c2b7e14a6407,"{""distance"":7,""physical_error_rate"":0.001}","{""detection_events"":210052,""detectors_checked"":42920192,""obs_mistake_mask=E"":1}"
      3280,         2,         0,   120.4,exact_mw,a7c002779361d29bb296963a23dd35d34b706f38009a8e2e2f5aee9a5ee0acdb,"{""distance"":7,""physical_error_rate"":0.005}","{""detection_events"":46913,""detectors_checked"":1974560,""obs_mistake_mask=E"":2}"
      4556,         5,         0,   120.4,exact_mw,a7c002779361d29bb296963a23dd35d34b706f38009a8e2e2f5aee9a5ee0acdb,"{""distance"":7,""physical_error_rate"":0.005}","{""detection_events"":64901,""detectors_checked"":2742712,""obs_mistake_mask=E"":5}"
   9093120,         1,         0,   119.2,exact_mw,c5b9b378753080b028cc9d6f4434ddf95ab0a61b3333c7295fd718d5436747fc,"{""distance"":7,""physical_error_rate"":0.0001}","{""detection_events"":2700024,""detectors_checked"":5474058240,""obs_mistake_mask=E"":1}"
   4360192,         0,         0,   119.6,exact_mw,fb98ac5f0d986856d2cb4e87c937a37162f60383230d2323a40d4b2e77ef556c,"{""distance"":7,""physical_error_rate"":0.0002}","{""detection_events"":2582434,""detectors_checked"":2624835584}"
   5821440,         0,         0,   119.1,exact_mw,590a535fae2c18c7445aa3259c8038467453e1d6a10b68541c755b2dcb29eb74,"{""distance"":7,""physical_error_rate"":5e-05}","{""detection_events"":863249,""detectors_checked"":3504506880}"
    567296,         1,         0,   119.9,exact_mw,8973b2281876bd917be29e6214e197de75d185bf3f5e531e264555f10574746e,"{""distance"":7,""physical_error_rate"":0.0005}","{""detection_events"":842033,""detectors_checked"":341512192,""obs_mistake_mask=E"":1}"
   9995264,         1,         0,   119.1,exact_mw,590a535fae2c18c7445aa3259c8038467453e1d6a10b68541c755b2dcb29eb74,"{""distance"":7,""physical_error_rate"":5e-05}","{""detection_events"":1485362,""detectors_checked"":6017148928,""obs_mistake_mask=E"":1}"
    146432,         2,         0,   120.6,exact_mw,a17a1dfb4cb0509fbcf9caf9ce6f4704b111f022b15740e51c84c2b7e14a6407,"{""distance"":7,""physical_error_rate"":0.001}","{""detection_events"":434063,""detectors_checked"":88152064,""obs_mistake_mask=E"":2}"
     13968,         2,         0,   119.9,exact_mw,f9daf7670c28e8b8b7ac9af8e1984263f26063cb589f7a54f43332f7ce5001d2,"{""distance"":7,""physical_error_rate"":0.002}","{""detection_events"":81966,""detectors_checked"":8408736,""obs_mistake_mask=E"":2}"
      7552,        10,         0,   120.3,exact_mw,a7c002779361d29bb296963a23dd35d34b706f38009a8e2e2f5aee9a5ee0acdb,"{""distance"":7,""physical_error_rate"":0.005}","{""detection_events"":108709,""detectors_checked"":4546304,""obs_mistake_mask=E"":10}"
     30464,         4,         0,   120.5,exact_mw,f9daf7670c28e8b8b7ac9af8e1984263f26063cb589f7a54f43332f7ce5001d2,"{""distance"":7,""physical_error_rate"":0.002}","{""detection_events"":177222,""detectors_checked"":18339328,""obs_mistake_mask=E"":4}"
  12200960,         0,         0,   119.2,exact_mw,590a535fae2c18c7445aa3259c8038467453e1d6a10b68541c755b2dcb29eb74,"{""distance"":7,""physical_error_rate"":5e-05}","{""detection_events"":1813211,""detectors_checked"":7344977920}"
   8984576,         0,         0,   118.9,exact_mw,c5b9b378753080b028cc9d6f4434ddf95ab0a61b3333c7295fd718d5436747fc,"{""distance"":7,""physical_error_rate"":0.0001}","{""detection_events"":2658551,""detectors_checked"":5408714752}"
   1102848,         0,         0,   119.1,exact_mw,c5b9b378753080b028cc9d6f4434ddf95ab0a61b3333c7295fd718d5436747fc,"{""distance"":7,""physical_error_rate"":0.0001}","{""detection_events"":326799,""detectors_checked"":663914496}"
   9263104,         0,         0,   119.1,exact_mw,590a535fae2c18c7445aa3259c8038467453e1d6a10b68541c755b2dcb29eb74,"{""distance"":7,""physical_error_rate"":5e-05}","{""detection_events"":1376029,""detectors_checked"":5576388608}"
   1026048,         1,         0,   119.2,exact_mw,fb98ac5f0d986856d2cb4e87c937a37162f60383230d2323a40d4b2e77ef556c,"{""distance"":7,""physical_error_rate"":0.0002}","{""detection_events"":607919,""detectors_checked"":617680896,""obs_mistake_mask=E"":1}"
    594432,         2,         0,   119.9,exact_mw,8973b2281876bd917be29e6214e197de75d185bf3f5e531e264555f10574746e,"{""distance"":7,""physical_error_rate"":0.0005}","{""detection_events"":877435,""detectors_checked"":357848064,""obs_mistake_mask=E"":2}"
  10638336,         0,         0,   119.3,exact_mw,c5b9b378753080b028cc9d6f4434ddf95ab0a61b3333c7295fd718d5436747fc,"{""distance"":7,""physical_error_rate"":0.0001}","{""detection_events"":3152913,""detectors_checked"":6404278272}"
   5948416,         0,         0,   119.4,exact_mw,fb98ac5f0d986856d2cb4e87c937a37162f60383230d2323a40d4b2e77ef556c,"{""distance"":7,""physical_error_rate"":0.0002}","{""detection_events"":3526257,""detectors_checked"":3580946432}"
   4771840,         0,         0,   119.2,exact_mw,fb98ac5f0d986856d2cb4e87c937a37162f60383230d2323a40d4b2e77ef556c,"{""distance"":7,""physical_error_rate"":0.0002}","{""detection_events"":2830483,""detectors_checked"":2872647680}"
   8942592,         1,         0,   119.0,exact_mw,c5b9b378753080b028cc9d6f4434ddf95ab0a61b3333c7295fd718d5436747fc,"{""distance"":7,""physical_error_rate"":0.0001}","{""detection_events"":2653262,""detectors_checked"":5383440384,""obs_mistake_mask=E"":1}"
    881664,         3,         0,   119.9,exact_mw,8973b2281876bd917be29e6214e197de75d185bf3f5e531e264555f10574746e,"{""distance"":7,""physical_error_rate"":0.0005}","{""detection_events"":1305422,""detectors_checked"":530761728,""obs_mistake_mask=E"":3}"
      9728,        20,         0,   120.0,exact_mw,a7c002779361d29bb296963a23dd35d34b706f38009a8e2e2f5aee9a5ee0acdb,"{""distance"":7,""physical_error_rate"":0.005}","{""detection_events"":139336,""detectors_checked"":5856256,""obs_mistake_mask=E"":20}"
   9805824,         0,         0,   119.1,exact_mw,590a535fae2c18c7445aa3259c8038467453e1d6a10b68541c755b2dcb29eb74,"{""distance"":7,""physical_error_rate"":5e-05}","{""detection_events"":1452349,""detectors_checked"":5903106048}"
   5798912,         0,         0,   119.1,exact_mw,c5b9b378753080b028cc9d6f4434ddf95ab0a61b3333c7295fd718d5436747fc,"{""distance"":7,""physical_error_rate"":0.0001}","{""detection_events"":1721666,""detectors_checked"":3490945024}"
   1549312,         0,         0,   118.7,exact_mw,c5b9b378753080b028cc9d6f4434ddf95ab0a61b3333c7295fd718d5436747fc,"{""distance"":7,""physical_error_rate"":0.0001}","{""detection_events"":459096,""detectors_checked"":932685824}"
   2678784,         0,         0,   119.2,exact_mw,fb98ac5f0d986856d2cb4e87c937a37162f60383230d2323a40d4b2e77ef556c,"{""distance"":7,""physical_error_rate"":0.0002}","{""detection_events"":1589847,""detectors_checked"":1612627968}"
   9158656,         0,         0,   119.1,exact_mw,590a535fae2c18c7445aa3259c8038467453e1d6a10b68541c755b2dcb29eb74,"{""distance"":7,""physical_error_rate"":5e-05}","{""detection_events"":1357670,""detectors_checked"":5513510912}"
    839680,         2,         0,   120.0,exact_mw,8973b2281876bd917be29e6214e197de75d185bf3f5e531e264555f10574746e,"{""distance"":7,""physical_error_rate"":0.0005}","{""detection_events"":1244399,""detectors_checked"":505487360,""obs_mistake_mask=E"":2}"
    352768,         4,         0,   119.9,exact_mw,8973b2281876bd917be29e6214e197de75d185bf3f5e531e264555f10574746e,"{""distance"":7,""physical_error_rate"":0.0005}","{""detection_events"":523125,""detectors_checked"":212366336,""obs_mistake_mask=E"":4}"
     20320,         2,         0,   123.6,exact_mw,f9daf7670c28e8b8b7ac9af8e1984263f26063cb589f7a54f43332f7ce5001d2,"{""distance"":7,""physical_error_rate"":0.002}","{""detection_events"":120167,""detectors_checked"":12232640,""obs_mistake_mask=E"":2}"
   2703360,         0,         0,   119.4,exact_mw,fb98ac5f0d986856d2cb4e87c937a37162f60383230d2323a40d4b2e77ef556c,"{""distance"":7,""physical_error_rate"":0.0002}","{""detection_events"":1600743,""detectors_checked"":1627422720}"
    430080,         1,         0,   119.9,exact_mw,8973b2281876bd917be29e6214e197de75d185bf3f5e531e264555f10574746e,"{""distance"":7,""physical_error_rate"":0.0005}","{""detection_events"":634404,""detectors_checked"":258908160,""obs_mistake_mask=E"":1}"
      1468,         4,         0,   120.0,exact_mw,a7c002779361d29bb296963a23dd35d34b706f38009a8e2e2f5aee9a5ee0acdb,"{""distance"":7,""physical_error_rate"":0.005}","{""detection_events"":20794,""detectors_checked"":883736,""obs_mistake_mask=E"":4}"
     35072,         7,         0,   120.6,exact_mw,f9daf7670c28e8b8b7ac9af8e1984263f26063cb589f7a54f43332f7ce5001d2,"{""distance"":7,""physical_error_rate"":0.002}","{""detection_events"":206525,""detectors_checked"":21113344,""obs_mistake_mask=E"":7}"
    159744,         1,         0,   120.3,exact_mw,a17a1dfb4cb0509fbcf9caf9ce6f4704b111f022b15740e51c84c2b7e14a6407,"{""distance"":7,""physical_error_rate"":0.001}","{""detection_events"":471981,""detectors_checked"":96165888,""obs_mistake_mask=E"":1}"
      8096,         9,         0,   120.4,exact_mw,a7c002779361d29bb296963a23dd35d34b706f38009a8e2e2f5aee9a5ee0acdb,"{""distance"":7,""physical_error_rate"":0.005}","{""detection_events"":116025,""detectors_checked"":4873792,""obs_mistake_mask=E"":9}"
    141184,         2,         0,   120.4,exact_mw,a17a1dfb4cb0509fbcf9caf9ce6f4704b111f022b15740e51c84c2b7e14a6407,"{""distance"":7,""physical_error_rate"":0.001}","{""detection_events"":415739,""detectors_checked"":84992768,""obs_mistake_mask=E"":2}"
     24672,         3,         0,   120.1,exact_mw,f9daf7670c28e8b8b7ac9af8e1984263f26063cb589f7a54f43332f7ce5001d2,"{""distance"":7,""physical_error_rate"":0.002}","{""detection_events"":144392,""detectors_checked"":14852544,""obs_mistake_mask=E"":3}"
    147456,         0,         0,   120.7,exact_mw,a17a1dfb4cb0509fbcf9caf9ce6f4704b111f022b15740e51c84c2b7e14a6407,"{""distance"":7,""physical_error_rate"":0.001}","{""detection_events"":433594,""detectors_checked"":88768512}"
    149504,         5,         0,   120.7,exact_mw,a17a1dfb4cb0509fbcf9caf9ce6f4704b111f022b15740e51c84c2b7e14a6407,"{""distance"":7,""physical_error_rate"":0.001}","{""detection_events"":442797,""detectors_checked"":90001408,""obs_mistake_mask=E"":5}"
     30208,         3,         0,   120.0,exact_mw,f9daf7670c28e8b8b7ac9af8e1984263f26063cb589f7a54f43332f7ce5001d2,"{""distance"":7,""physical_error_rate"":0.002}","{""detection_events"":175667,""detectors_checked"":18185216,""obs_mistake_mask=E"":3}"
   4172800,         2,         0,   119.4,exact_mw,fb98ac5f0d986856d2cb4e87c937a37162f60383230d2323a40d4b2e77ef556c,"{""distance"":7,""physical_error_rate"":0.0002}","{""detection_events"":2478152,""detectors_checked"":2512025600,""obs_mistake_mask=E"":2}"
      1956,         5,         0,   120.6,exact_mw,a7c002779361d29bb296963a23dd35d34b706f38009a8e2e2f5aee9a5ee0acdb,"{""distance"":7,""physical_error_rate"":0.005}","{""detection_events"":28602,""detectors_checked"":1177512,""obs_mistake_mask=E"":5}"
     97152,         3,         0,   120.2,exact_mw,a17a1dfb4cb0509fbcf9caf9ce6f4704b111f022b15740e51c84c2b7e14a6407,"{""distance"":7,""physical_error_rate"":0.001}","{""detection_events"":286675,""detectors_checked"":58485504,""obs_mistake_mask=E"":3}"
    516096,         2,         0,   120.5,exact_mw,8973b2281876bd917be29e6214e197de75d185bf3f5e531e264555f10574746e,"{""distance"":7,""physical_error_rate"":0.0005}","{""detection_events"":762380,""detectors_checked"":310689792,""obs_mistake_mask=E"":2}"
     96960,         1,         0,   120.0,exact_mw,a17a1dfb4cb0509fbcf9caf9ce6f4704b111f022b15740e51c84c2b7e14a6407,"{""distance"":7,""physical_error_rate"":0.001}","{""detection_events"":285283,""detectors_checked"":58369920,""obs_mistake_mask=E"":1}"
      5440,         1,         0,   121.4,exact_mw,f9daf7670c28e8b8b7ac9af8e1984263f26063cb589f7a54f43332f7ce5001d2,"{""distance"":7,""physical_error_rate"":0.002}","{""detection_events"":31829,""detectors_checked"":3274880,""obs_mistake_mask=E"":1}"
      8928,         5,         0,   120.2,exact_mw,f9daf7670c28e8b8b7ac9af8e1984263f26063cb589f7a54f43332f7ce5001d2,"{""distance"":7,""physical_error_rate"":0.002}","{""detection_events"":52152,""detectors_checked"":5374656,""obs_mistake_mask=E"":5}"
   9037824,         1,         0,   119.0,exact_mw,c5b9b378753080b028cc9d6f4434ddf95ab0a61b3333c7295fd718d5436747fc,"{""distance"":7,""physical_error_rate"":0.0001}","{""detection_events"":2682000,""detectors_checked"":5440770048,""obs_mistake_mask=E"":1}"
   9802752,         0,         0,   119.1,exact_mw,590a535fae2c18c7445aa3259c8038467453e1d6a10b68541c755b2dcb29eb74,"{""distance"":7,""physical_error_rate"":5e-05}","{""detection_events"":1454849,""detectors_checked"":5901256704}"
   1785856,         0,         0,   119.3,exact_mw,fb98ac5f0d986856d2cb4e87c937a37162f60383230d2323a40d4b2e77ef556c,"{""distance"":7,""physical_error_rate"":0.0002}","{""detection_events"":1061440,""detectors_checked"":1075085312}"
   7042048,         0,         0,   119.0,exact_mw,590a535fae2c18c7445aa3259c8038467453e1d6a10b68541c755b2dcb29eb74,"{""distance"":7,""physical_error_rate"":5e-05}","{""detection_events"":1044751,""detectors_checked"":4239312896}"
    512512,         1,         0,   120.0,exact_mw,8973b2281876bd917be29e6214e197de75d185bf3f5e531e264555f10574746e,"{""distance"":7,""physical_error_rate"":0.0005}","{""detection_events"":758679,""detectors_checked"":308532224,""obs_mistake_mask=E"":1}"
  11123712,         0,         0,   119.1,exact_mw,590a535fae2c18c7445aa3259c8038467453e1d6a10b68541c755b2dcb29eb74,"{""distance"":7,""physical_error_rate"":5e-05}","{""detection_events"":1647537,""detectors_checked"":6696474624}"
   9004032,         0,         0,   119.0,exact_mw,c5b9b378753080b028cc9d6f4434ddf95ab0a61b3333c7295fd718d5436747fc,"{""distance"":7,""physical_error_rate"":0.0001}","{""detection_events"":2675051,""detectors_checked"":5420427264}"
   1573888,         0,         0,   119.3,exact_mw,fb98ac5f0d986856d2cb4e87c937a37162f60383230d2323a40d4b2e77ef556c,"{""distance"":7,""physical_error_rate"":0.0002}","{""detection_events"":932846,""detectors_checked"":947480576}"
    149504,         3,         0,   120.6,exact_mw,a17a1dfb4cb0509fbcf9caf9ce6f4704b111f022b15740e51c84c2b7e14a6407,"{""distance"":7,""physical_error_rate"":0.001}","{""detection_events"":439779,""detectors_checked"":90001408,""obs_mistake_mask=E"":3}"
      7680,         7,         0,   120.4,exact_mw,a7c002779361d29bb296963a23dd35d34b706f38009a8e2e2f5aee9a5ee0acdb,"{""distance"":7,""physical_error_rate"":0.005}","{""detection_events"":110072,""detectors_checked"":4623360,""obs_mistake_mask=E"":7}"
      7808,        13,         0,   120.7,exact_mw,a7c002779361d29bb296963a23dd35d34b706f38009a8e2e2f5aee9a5ee0acdb,"{""distance"":7,""physical_error_rate"":0.005}","{""detection_events"":111920,""detectors_checked"":4700416,""obs_mistake_mask=E"":13}"
      8000,        12,         0,   120.0,exact_mw,a7c002779361d29bb296963a23dd35d34b706f38009a8e2e2f5aee9a5ee0acdb,"{""distance"":7,""physical_error_rate"":0.005}","{""detection_events"":115349,""detectors_checked"":4816000,""obs_mistake_mask=E"":12}"
     31744,         1,         0,   120.7,exact_mw,f9daf7670c28e8b8b7ac9af8e1984263f26063cb589f7a54f43332f7ce5001d2,"{""distance"":7,""physical_error_rate"":0.002}","{""detection_events"":186814,""detectors_checked"":19109888,""obs_mistake_mask=E"":1}"
    809984,         2,         0,   120.1,exact_mw,8973b2281876bd917be29e6214e197de75d185bf3f5e531e264555f10574746e,"{""distance"":7,""physical_error_rate"":0.0005}","{""detection_events"":1196893,""detectors_checked"":487610368,""obs_mistake_mask=E"":2}"
     38272,         1,         0,   120.2,exact_mw,a17a1dfb4cb0509fbcf9caf9ce6f4704b111f022b15740e51c84c2b7e14a6407,"{""distance"":7,""physical_error_rate"":0.001}","{""detection_events"":112794,""detectors_checked"":23039744,""obs_mistake_mask=E"":1}"
   9250072,         0,         0,    88.0,exact_mw,590a535fae2c18c7445aa3259c8038467453e1d6a10b68541c755b2dcb29eb74,"{""distance"":7,""physical_error_rate"":5e-05}","{""detection_events"":1374911,""detectors_checked"":5568543344}"
      2264,         6,         0,   120.1,exact_mw,a7c002779361d29bb296963a23dd35d34b706f38009a8e2e2f5aee9a5ee0acdb,"{""distance"":7,""physical_error_rate"":0.005}","{""detection_events"":32357,""detectors_checked"":1362928,""obs_mistake_mask=E"":6}"
      5604,        10,         0,   120.3,exact_mw,a7c002779361d29bb296963a23dd35d34b706f38009a8e2e2f5aee9a5ee0acdb,"{""distance"":7,""physical_error_rate"":0.005}","{""detection_events"":80012,""detectors_checked"":3373608,""obs_mistake_mask=E"":10}"
   8922112,         1,         0,   119.3,exact_mw,c5b9b378753080b028cc9d6f4434ddf95ab0a61b3333c7295fd718d5436747fc,"{""distance"":7,""physical_error_rate"":0.0001}","{""detection_events"":2649290,""detectors_checked"":5371111424,""obs_mistake_mask=E"":1}"
   3368960,         1,         0,   119.4,exact_mw,fb98ac5f0d986856d2cb4e87c937a37162f60383230d2323a40d4b2e77ef556c,"{""distance"":7,""physical_error_rate"":0.0002}","{""detection_events"":2001881,""detectors_checked"":2028113920,""obs_mistake_mask=E"":1}"
   9777152,         0,         0,   118.9,exact_mw,590a535fae2c18c7445aa3259c8038467453e1d6a10b68541c755b2dcb29eb74,"{""distance"":7,""physical_error_rate"":5e-05}","{""detection_events"":1452510,""detectors_checked"":5885845504}"
    844800,         0,         0,   119.9,exact_mw,8973b2281876bd917be29e6214e197de75d185bf3f5e531e264555f10574746e,"{""distance"":7,""physical_error_rate"":0.0005}","{""detection_events"":1248279,""detectors_checked"":508569600}"
   9730048,         1,         0,   119.0,exact_mw,590a535fae2c18c7445aa3259c8038467453e1d6a10b68541c755b2dcb29eb74,"{""distance"":7,""physical_error_rate"":5e-05}","{""detection_events"":1447576,""detectors_checked"":5857488896,""obs_mistake_mask=E"":1}"
    111424,         2,         0,   120.1,exact_mw,a17a1dfb4cb0509fbcf9caf9ce6f4704b111f022b15740e51c84c2b7e14a6407,"{""distance"":7,""physical_error_rate"":0.001}","{""detection_events"":328852,""detectors_checked"":67077248,""obs_mistake_mask=E"":2}"
     10640,         4,         0,   120.3,exact_mw,f9daf7670c28e8b8b7ac9af8e1984263f26063cb589f7a54f43332f7ce5001d2,"{""distance"":7,""physical_error_rate"":0.002}","{""detection_events"":63448,""detectors_checked"":6405280,""obs_mistake_mask=E"":4}"
      6720,        13,         0,   120.4,exact_mw,a7c002779361d29bb296963a23dd35d34b706f38009a8e2e2f5aee9a5ee0acdb,"{""distance"":7,""physical_error_rate"":0.005}","{""detection_events"":97249,""detectors_checked"":4045440,""obs_mistake_mask=E"":13}"
     31232,         4,         0,   120.2,exact_mw,f9daf7670c28e8b8b7ac9af8e1984263f26063cb589f7a54f43332f7ce5001d2,"{""distance"":7,""physical_error_rate"":0.002}","{""detection_events"":183554,""detectors_checked"":18801664,""obs_mistake_mask=E"":4}"
   8920064,         0,         0,   119.1,exact_mw,c5b9b378753080b028cc9d6f4434ddf95ab0a61b3333c7295fd718d5436747fc,"{""distance"":7,""physical_error_rate"":0.0001}","{""detection_events"":2646154,""detectors_checked"":5369878528}"
   1152000,         0,         0,   119.1,exact_mw,c5b9b378753080b028cc9d6f4434ddf95ab0a61b3333c7295fd718d5436747fc,"{""distance"":7,""physical_error_rate"":0.0001}","{""detection_events"":343184,""detectors_checked"":693504000}"
   8041472,         0,         0,   119.2,exact_mw,590a535fae2c18c7445aa3259c8038467453e1d6a10b68541c755b2dcb29eb74,"{""distance"":7,""physical_error_rate"":5e-05}","{""detection_events"":1194934,""detectors_checked"":4840966144}"
   4554752,         0,         0,   119.5,exact_mw,fb98ac5f0d986856d2cb4e87c937a37162f60383230d2323a40d4b2e77ef556c,"{""distance"":7,""physical_error_rate"":0.0002}","{""detection_events"":2707405,""detectors_checked"":2741960704}"
    796672,         1,         0,   120.0,exact_mw,8973b2281876bd917be29e6214e197de75d185bf3f5e531e264555f10574746e,"{""distance"":7,""physical_error_rate"":0.0005}","{""detection_events"":1182668,""detectors_checked"":479596544,""obs_mistake_mask=E"":1}"
  10382336,         2,         0,   119.2,exact_mw,c5b9b378753080b028cc9d6f4434ddf95ab0a61b3333c7295fd718d5436747fc,"{""distance"":7,""physical_error_rate"":0.0001}","{""detection_events"":3080855,""detectors_checked"":6250166272,""obs_mistake_mask=E"":2}"
   6033408,         5,         0,   119.3,exact_mw,fb98ac5f0d986856d2cb4e87c937a37162f60383230d2323a40d4b2e77ef556c,"{""distance"":7,""physical_error_rate"":0.0002}","{""detection_events"":3580295,""detectors_checked"":3632111616,""obs_mistake_mask=E"":5}"
   5440512,         2,         0,   119.4,exact_mw,fb98ac5f0d986856d2cb4e87c937a37162f60383230d2323a40d4b2e77ef556c,"{""distance"":7,""physical_error_rate"":0.0002}","{""detection_events"":3228306,""detectors_checked"":3275188224,""obs_mistake_mask=E"":2}"
   8975360,         1,         0,   119.0,exact_mw,c5b9b378753080b028cc9d6f4434ddf95ab0a61b3333c7295fd718d5436747fc,"{""distance"":7,""physical_error_rate"":0.0001}","{""detection_events"":2661284,""detectors_checked"":5403166720,""obs_mistake_mask=E"":1}"
    911360,         2,         0,   120.0,exact_mw,8973b2281876bd917be29e6214e197de75d185bf3f5e531e264555f10574746e,"{""distance"":7,""physical_error_rate"":0.0005}","{""detection_events"":1349146,""detectors_checked"":548638720,""obs_mistake_mask=E"":2}"
      8672,        17,         0,   120.0,exact_mw,a7c002779361d29bb296963a23dd35d34b706f38009a8e2e2f5aee9a5ee0acdb,"{""distance"":7,""physical_error_rate"":0.005}","{""detection_events"":124845,""detectors_checked"":5220544,""obs_mistake_mask=E"":17}"
   9784320,         0,         0,   118.9,exact_mw,590a535fae2c18c7445aa3259c8038467453e1d6a10b68541c755b2dcb29eb74,"{""distance"":7,""physical_error_rate"":5e-05}","{""detection_events"":1449922,""detectors_checked"":5890160640}"
   3744768,         0,         0,   118.8,exact_mw,c5b9b378753080b028cc9d6f4434ddf95ab0a61b3333c7295fd718d5436747fc,"{""distance"":7,""physical_error_rate"":0.0001}","{""detection_events"":1113139,""detectors_checked"":2254350336}"
   8197120,         0,         0,   119.3,exact_mw,c5b9b378753080b028cc9d6f4434ddf95ab0a61b3333c7295fd718d5436747fc,"{""distance"":7,""physical_error_rate"":0.0001}","{""detection_events"":2430484,""detectors_checked"":4934666240}"
   2952192,         0,         0,   119.2,exact_mw,fb98ac5f0d986856d2cb4e87c937a37162f60383230d2323a40d4b2e77ef556c,"{""distance"":7,""physical_error_rate"":0.0002}","{""detection_events"":1747236,""detectors_checked"":1777219584}"
   3584000,         0,         0,   119.6,exact_mw,590a535fae2c18c7445aa3259c8038467453e1d6a10b68541c755b2dcb29eb74,"{""distance"":7,""physical_error_rate"":5e-05}","{""detection_events"":528690,""detectors_checked"":2157568000}"
    851968,         4,         0,   119.9,exact_mw,8973b2281876bd917be29e6214e197de75d185bf3f5e531e264555f10574746e,"{""distance"":7,""physical_error_rate"":0.0005}","{""detection_events"":1262926,""detectors_checked"":512884736,""obs_mistake_mask=E"":4}"
    719104,         1,         0,   119.9,exact_mw,8973b2281876bd917be29e6214e197de75d185bf3f5e531e264555f10574746e,"{""distance"":7,""physical_error_rate"":0.0005}","{""detection_events"":1063875,""detectors_checked"":432900608,""obs_mistake_mask=E"":1}"
      3872,         0,         0,   120.3,exact_mw,f9daf7670c28e8b8b7ac9af8e1984263f26063cb589f7a54f43332f7ce5001d2,"{""distance"":7,""physical_error_rate"":0.002}","{""detection_events"":22835,""detectors_checked"":2330944}"
   1351680,         1,         0,   119.6,exact_mw,fb98ac5f0d986856d2cb4e87c937a37162f60383230d2323a40d4b2e77ef556c,"{""distance"":7,""physical_error_rate"":0.0002}","{""detection_events"":801343,""detectors_checked"":813711360,""obs_mistake_mask=E"":1}"
    669184,         1,         0,   120.9,exact_mw,8973b2281876bd917be29e6214e197de75d185bf3f5e531e264555f10574746e,"{""distance"":7,""physical_error_rate"":0.0005}","{""detection_events"":990328,""detectors_checked"":402848768,""obs_mistake_mask=E"":1}"
      8128,         6,         0,   120.1,exact_mw,a7c002779361d29bb296963a23dd35d34b706f38009a8e2e2f5aee9a5ee0acdb,"{""distance"":7,""physical_error_rate"":0.005}","{""detection_events"":115680,""detectors_checked"":4893056,""obs_mistake_mask=E"":6}"
     35456,         7,         0,   120.2,exact_mw,f9daf7670c28e8b8b7ac9af8e1984263f26063cb589f7a54f43332f7ce5001d2,"{""distance"":7,""physical_error_rate"":0.002}","{""detection_events"":207334,""detectors_checked"":21344512,""obs_mistake_mask=E"":7}"
    157696,         4,         0,   120.3,exact_mw,a17a1dfb4cb0509fbcf9caf9ce6f4704b111f022b15740e51c84c2b7e14a6407,"{""distance"":7,""physical_error_rate"":0.001}","{""detection_events"":465064,""detectors_checked"":94932992,""obs_mistake_mask=E"":4}"
      8064,        14,         0,   120.5,exact_mw,a7c002779361d29bb296963a23dd35d34b706f38009a8e2e2f5aee9a5ee0acdb,"{""distance"":7,""physical_error_rate"":0.005}","{""detection_events"":116181,""detectors_checked"":4854528,""obs_mistake_mask=E"":14}"
     13520,         1,         0,   120.2,exact_mw,f9daf7670c28e8b8b7ac9af8e1984263f26063cb589f7a54f43332f7ce5001d2,"{""distance"":7,""physical_error_rate"":0.002}","{""detection_events"":78951,""detectors_checked"":8139040,""obs_mistake_mask=E"":1}"
     63168,         2,         0,   120.5,exact_mw,a17a1dfb4cb0509fbcf9caf9ce6f4704b111f022b15740e51c84c2b7e14a6407,"{""distance"":7,""physical_error_rate"":0.001}","{""detection_events"":187546,""detectors_checked"":38027136,""obs_mistake_mask=E"":2}"
    149504,         1,         0,   120.4,exact_mw,a17a1dfb4cb0509fbcf9caf9ce6f4704b111f022b15740e51c84c2b7e14a6407,"{""distance"":7,""physical_error_rate"":0.001}","{""detection_events"":440044,""detectors_checked"":90001408,""obs_mistake_mask=E"":1}"
    150528,         0,         0,   120.3,exact_mw,a17a1dfb4cb0509fbcf9caf9ce6f4704b111f022b15740e51c84c2b7e14a6407,"{""distance"":7,""physical_error_rate"":0.001}","{""detection_events"":444350,""detectors_checked"":90617856}"
     30976,         6,         0,   121.0,exact_mw,f9daf7670c28e8b8b7ac9af8e1984263f26063cb589f7a54f43332f7ce5001d2,"{""distance"":7,""physical_error_rate"":0.002}","{""detection_events"":182160,""detectors_checked"":18647552,""obs_mistake_mask=E"":6}"
   5403648,         1,         0,   119.4,exact_mw,fb98ac5f0d986856d2cb4e87c937a37162f60383230d2323a40d4b2e77ef556c,"{""distance"":7,""physical_error_rate"":0.0002}","{""detection_events"":3199873,""detectors_checked"":3252996096,""obs_mistake_mask=E"":1}"
      1292,         3,         0,   120.0,exact_mw,a7c002779361d29bb296963a23dd35d34b706f38009a8e2e2f5aee9a5ee0acdb,"{""distance"":7,""physical_error_rate"":0.005}","{""detection_events"":18592,""detectors_checked"":777784,""obs_mistake_mask=E"":3}"
     91904,         1,         0,   120.4,exact_mw,a17a1dfb4cb0509fbcf9caf9ce6f4704b111f022b15740e51c84c2b7e14a6407,"{""distance"":7,""physical_error_rate"":0.001}","{""detection_events"":270153,""detectors_checked"":55326208,""obs_mistake_mask=E"":1}"
    436480,         0,         0,   120.0,exact_mw,8973b2281876bd917be29e6214e197de75d185bf3f5e531e264555f10574746e,"{""distance"":7,""physical_error_rate"":0.0005}","{""detection_events"":646099,""detectors_checked"":262760960}"
    148480,         4,         0,   120.7,exact_mw,a17a1dfb4cb0509fbcf9caf9ce6f4704b111f022b15740e51c84c2b7e14a6407,"{""distance"":7,""physical_error_rate"":0.001}","{""detection_events"":437918,""detectors_checked"":89384960,""obs_mistake_mask=E"":4}"
     29648,         4,         0,   120.0,exact_mw,f9daf7670c28e8b8b7ac9af8e1984263f26063cb589f7a54f43332f7ce5001d2,"{""distance"":7,""physical_error_rate"":0.002}","{""detection_events"":174474,""detectors_checked"":17848096,""obs_mistake_mask=E"":4}"
      5200,         0,         0,   120.1,exact_mw,f9daf7670c28e8b8b7ac9af8e1984263f26063cb589f7a54f43332f7ce5001d2,"{""distance"":7,""physical_error_rate"":0.002}","{""detection_events"":30644,""detectors_checked"":3130400}"
   8982528,         1,         0,   119.1,exact_mw,c5b9b378753080b028cc9d6f4434ddf95ab0a61b3333c7295fd718d5436747fc,"{""distance"":7,""physical_error_rate"":0.0001}","{""detection_events"":2669304,""detectors_checked"":5407481856,""obs_mistake_mask=E"":1}"
   9782272,         0,         0,   119.0,exact_mw,590a535fae2c18c7445aa3259c8038467453e1d6a10b68541c755b2dcb29eb74,"{""distance"":7,""physical_error_rate"":5e-05}","{""detection_events"":1453482,""detectors_checked"":5888927744}"
   4308992,         2,         0,   119.1,exact_mw,fb98ac5f0d986856d2cb4e87c937a37162f60383230d2323a40d4b2e77ef556c,"{""distance"":7,""physical_error_rate"":0.0002}","{""detection_events"":2556313,""detectors_checked"":2594013184,""obs_mistake_mask=E"":2}"
   2794496,         0,         0,   118.9,exact_mw,590a535fae2c18c7445aa3259c8038467453e1d6a10b68541c755b2dcb29eb74,"{""distance"":7,""physical_error_rate"":5e-05}","{""detection_events"":415407,""detectors_checked"":1682286592}"
    419840,         0,         0,   120.1,exact_mw,8973b2281876bd917be29e6214e197de75d185bf3f5e531e264555f10574746e,"{""distance"":7,""physical_error_rate"":0.0005}","{""detection_events"":620025,""detectors_checked"":252743680}"
  11362304,         0,         0,   118.9,exact_mw,590a535fae2c18c7445aa3259c8038467453e1d6a10b68541c755b2dcb29eb74,"{""distance"":7,""physical_error_rate"":5e-05}","{""detection_events"":1682444,""detectors_checked"":6840107008}"
   8972288,         0,         0,   119.1,exact_mw,c5b9b378753080b028cc9d6f4434ddf95ab0a61b3333c7295fd718d5436747fc,"{""distance"":7,""physical_error_rate"":0.0001}","{""detection_events"":2660943,""detectors_checked"":5401317376}"
   1913856,         1,         0,   119.9,exact_mw,fb98ac5f0d986856d2cb4e87c937a37162f60383230d2323a40d4b2e77ef556c,"{""distance"":7,""physical_error_rate"":0.0002}","{""detection_events"":1133199,""detectors_checked"":1152141312,""obs_mistake_mask=E"":1}"
    147456,         7,         0,   120.2,exact_mw,a17a1dfb4cb0509fbcf9caf9ce6f4704b111f022b15740e51c84c2b7e14a6407,"{""distance"":7,""physical_error_rate"":0.001}","{""detection_events"":434342,""detectors_checked"":88768512,""obs_mistake_mask=E"":7}"
      7616,        13,         0,   120.2,exact_mw,a7c002779361d29bb296963a23dd35d34b706f38009a8e2e2f5aee9a5ee0acdb,"{""distance"":7,""physical_error_rate"":0.005}","{""detection_events"":110335,""detectors_checked"":4584832,""obs_mistake_mask=E"":13}"
      8000,        10,         0,   120.2,exact_mw,a7c002779361d29bb296963a23dd35d34b706f38009a8e2e2f5aee9a5ee0acdb,"{""distance"":7,""physical_error_rate"":0.005}","{""detection_events"":114674,""detectors_checked"":4816000,""obs_mistake_mask=E"":10}"
      8064,         9,         0,   120.7,exact_mw,a7c002779361d29bb296963a23dd35d34b706f38009a8e2e2f5aee9a5ee0acdb,"{""distance"":7,""physical_error_rate"":0.005}","{""detection_events"":116640,""detectors_checked"":4854528,""obs_mistake_mask=E"":9}"
     32000,         0,         0,   120.5,exact_mw,f9daf7670c28e8b8b7ac9af8e1984263f26063cb589f7a54f43332f7ce5001d2,"{""distance"":7,""physical_error_rate"":0.002}","{""detection_events"":187791,""detectors_checked"":19264000}"
    441344,         1,         0,   119.8,exact_mw,8973b2281876bd917be29e6214e197de75d185bf3f5e531e264555f10574746e,"{""distance"":7,""physical_error_rate"":0.0005}","{""detection_events"":651526,""detectors_checked"":265689088,""obs_mistake_mask=E"":1}"
     62528,         0,         0,   120.5,exact_mw,a17a1dfb4cb0509fbcf9caf9ce6f4704b111f022b15740e51c84c2b7e14a6407,"{""distance"":7,""physical_error_rate"":0.001}","{""detection_events"":185423,""detectors_checked"":37641856}"
  11139072,         0,         0,   119.2,exact_mw,590a535fae2c18c7445aa3259c8038467453e1d6a10b68541c755b2dcb29eb74,"{""distance"":7,""physical_error_rate"":5e-05}","{""detection_events"":1646267,""detectors_checked"":6705721344}"
      6212,        10,         0,   120.5,exact_mw,a7c002779361d29bb296963a23dd35d34b706f38009a8e2e2f5aee9a5ee0acdb,"{""distance"":7,""physical_error_rate"":0.005}","{""detection_events"":89244,""detectors_checked"":3739624,""obs_mistake_mask=E"":10}"
      3804,         6,         0,   120.8,exact_mw,a7c002779361d29bb296963a23dd35d34b706f38009a8e2e2f5aee9a5ee0acdb,"{""distance"":7,""physical_error_rate"":0.005}","{""detection_events"":54020,""detectors_checked"":2290008,""obs_mistake_mask=E"":6}"
   8996864,         0,         0,   119.2,exact_mw,c5b9b378753080b028cc9d6f4434ddf95ab0a61b3333c7295fd718d5436747fc,"{""distance"":7,""physical_error_rate"":0.0001}","{""detection_events"":2660228,""detectors_checked"":5416112128}"
   1723392,         1,         0,   119.3,exact_mw,fb98ac5f0d986856d2cb4e87c937a37162f60383230d2323a40d4b2e77ef556c,"{""distance"":7,""physical_error_rate"":0.0002}","{""detection_events"":1021612,""detectors_checked"":1037481984,""obs_mistake_mask=E"":1}"
   4521984,         0,         0,   119.1,exact_mw,590a535fae2c18c7445aa3259c8038467453e1d6a10b68541c755b2dcb29eb74,"{""distance"":7,""physical_error_rate"":5e-05}","{""detection_events"":669605,""detectors_checked"":2722234368}"
    851968,         1,         0,   120.0,exact_mw,8973b2281876bd917be29e6214e197de75d185bf3f5e531e264555f10574746e,"{""distance"":7,""physical_error_rate"":0.0005}","{""detection_events"":1259132,""detectors_checked"":512884736,""obs_mistake_mask=E"":1}"
   9832448,         0,         0,   119.2,exact_mw,590a535fae2c18c7445aa3259c8038467453e1d6a10b68541c755b2dcb29eb74,"{""distance"":7,""physical_error_rate"":5e-05}","{""detection_events"":1461667,""detectors_checked"":5919133696}"
     29760,         1,         0,   120.2,exact_mw,a17a1dfb4cb0509fbcf9caf9ce6f4704b111f022b15740e51c84c2b7e14a6407,"{""distance"":7,""physical_error_rate"":0.001}","{""detection_events"":87659,""detectors_checked"":17915520,""obs_mistake_mask=E"":1}"
     20160,         3,         0,   120.3,exact_mw,f9daf7670c28e8b8b7ac9af8e1984263f26063cb589f7a54f43332f7ce5001d2,"{""distance"":7,""physical_error_rate"":0.002}","{""detection_events"":119004,""detectors_checked"":12136320,""obs_mistake_mask=E"":3}"
      7744,        12,         0,   120.5,exact_mw,a7c002779361d29bb296963a23dd35d34b706f38009a8e2e2f5aee9a5ee0acdb,"{""distance"":7,""physical_error_rate"":0.005}","{""detection_events"":110644,""detectors_checked"":4661888,""obs_mistake_mask=E"":12}"
     29824,         3,         0,   120.8,exact_mw,f9daf7670c28e8b8b7ac9af8e1984263f26063cb589f7a54f43332f7ce5001d2,"{""distance"":7,""physical_error_rate"":0.002}","{""detection_events"":175020,""detectors_checked"":17954048,""obs_mistake_mask=E"":3}"
   7100416,         0,         0,   119.0,exact_mw,c5b9b378753080b028cc9d6f4434ddf95ab0a61b3333c7295fd718d5436747fc,"{""distance"":7,""physical_error_rate"":0.0001}","{""detection_events"":2101672,""detectors_checked"":4274450432}"
   1202176,         0,         0,   118.9,exact_mw,c5b9b378753080b028cc9d6f4434ddf95ab0a61b3333c7295fd718d5436747fc,"{""distance"":7,""physical_error_rate"":0.0001}","{""detection_events"":356483,""detectors_checked"":723709952}"
   8120320,         1,         0,   119.1,exact_mw,590a535fae2c18c7445aa3259c8038467453e1d6a10b68541c755b2dcb29eb74,"{""distance"":7,""physical_error_rate"":5e-05}","{""detection_events"":1204680,""detectors_checked"":4888432640,""obs_mistake_mask=E"":1}"
   5371904,         2,         0,   119.4,exact_mw,fb98ac5f0d986856d2cb4e87c937a37162f60383230d2323a40d4b2e77ef556c,"{""distance"":7,""physical_error_rate"":0.0002}","{""detection_events"":3179272,""detectors_checked"":3233886208,""obs_mistake_mask=E"":2}"
    658432,         1,         0,   120.0,exact_mw,8973b2281876bd917be29e6214e197de75d185bf3f5e531e264555f10574746e,"{""distance"":7,""physical_error_rate"":0.0005}","{""detection_events"":975943,""detectors_checked"":396376064,""obs_mistake_mask=E"":1}"
  10312704,         0,         0,   119.2,exact_mw,c5b9b378753080b028cc9d6f4434ddf95ab0a61b3333c7295fd718d5436747fc,"{""distance"":7,""physical_error_rate"":0.0001}","{""detection_events"":3058034,""detectors_checked"":6208247808}"
   6631424,         3,         0,   119.5,exact_mw,fb98ac5f0d986856d2cb4e87c937a37162f60383230d2323a40d4b2e77ef556c,"{""distance"":7,""physical_error_rate"":0.0002}","{""detection_events"":3938111,""detectors_checked"":3992117248,""obs_mistake_mask=E"":3}"
   5136384,         0,         0,   119.4,exact_mw,fb98ac5f0d986856d2cb4e87c937a37162f60383230d2323a40d4b2e77ef556c,"{""distance"":7,""physical_error_rate"":0.0002}","{""detection_events"":3044979,""detectors_checked"":3092103168}"
   5284864,         0,         0,   119.0,exact_mw,c5b9b378753080b028cc9d6f4434ddf95ab0a61b3333c7295fd718d5436747fc,"{""distance"":7,""physical_error_rate"":0.0001}","{""detection_events"":1569910,""detectors_checked"":3181488128}"
    924672,         2,         0,   119.9,exact_mw,8973b2281876bd917be29e6214e197de75d185bf3f5e531e264555f10574746e,"{""distance"":7,""physical_error_rate"":0.0005}","{""detection_events"":1366385,""detectors_checked"":556652544,""obs_mistake_mask=E"":2}"
      8576,        10,         0,   120.5,exact_mw,a7c002779361d29bb296963a23dd35d34b706f38009a8e2e2f5aee9a5ee0acdb,"{""distance"":7,""physical_error_rate"":0.005}","{""detection_events"":124318,""detectors_checked"":5162752,""obs_mistake_mask=E"":10}"
   9630720,         1,         0,   119.1,exact_mw,590a535fae2c18c7445aa3259c8038467453e1d6a10b68541c755b2dcb29eb74,"{""distance"":7,""physical_error_rate"":5e-05}","{""detection_events"":1426782,""detectors_checked"":5797693440,""obs_mistake_mask=E"":1}"
   7396352,         0,         0,   118.9,exact_mw,c5b9b378753080b028cc9d6f4434ddf95ab0a61b3333c7295fd718d5436747fc,"{""distance"":7,""physical_error_rate"":0.0001}","{""detection_events"":2194913,""detectors_checked"":4452603904}"
   8400896,         1,         0,   118.8,exact_mw,c5b9b378753080b028cc9d6f4434ddf95ab0a61b3333c7295fd718d5436747fc,"{""distance"":7,""physical_error_rate"":0.0001}","{""detection_events"":2490984,""detectors_checked"":5057339392,""obs_mistake_mask=E"":1}"
   2393088,         0,         0,   119.3,exact_mw,fb98ac5f0d986856d2cb4e87c937a37162f60383230d2323a40d4b2e77ef556c,"{""distance"":7,""physical_error_rate"":0.0002}","{""detection_events"":1419329,""detectors_checked"":1440638976}"
   7409664,         0,         0,   118.9,exact_mw,590a535fae2c18c7445aa3259c8038467453e1d6a10b68541c755b2dcb29eb74,"{""distance"":7,""physical_error_rate"":5e-05}","{""detection_events"":1099605,""detectors_checked"":4460617728}"
    789504,         1,         0,   120.1,exact_mw,8973b2281876bd917be29e6214e197de75d185bf3f5e531e264555f10574746e,"{""distance"":7,""physical_error_rate"":0.0005}","{""detection_events"":1168186,""detectors_checked"":475281408,""obs_mistake_mask=E"":1}"
    377344,         0,         0,   120.0,exact_mw,8973b2281876bd917be29e6214e197de75d185bf3f5e531e264555f10574746e,"{""distance"":7,""physical_error_rate"":0.0005}","{""detection_events"":560460,""detectors_checked"":227161088}"
      4944,         1,         0,   120.0,exact_mw,f9daf7670c28e8b8b7ac9af8e1984263f26063cb589f7a54f43332f7ce5001d2,"{""distance"":7,""physical_error_rate"":0.002}","{""detection_events"":28647,""detectors_checked"":2976288,""obs_mistake_mask=E"":1}"
   5183488,         0,         0,   119.3,exact_mw,fb98ac5f0d986856d2cb4e87c937a37162f60383230d2323a40d4b2e77ef556c,"{""distance"":7,""physical_error_rate"":0.0002}","{""detection_events"":3069397,""detectors_checked"":3120459776}"
    138752,         1,         0,   119.8,exact_mw,8973b2281876bd917be29e6214e197de75d185bf3f5e531e264555f10574746e,"{""distance"":7,""physical_error_rate"":0.0005}","{""detection_events"":205956,""detectors_checked"":83528704,""obs_mistake_mask=E"":1}"
      5048,         9,         0,   120.2,exact_mw,a7c002779361d29bb296963a23dd35d34b706f38009a8e2e2f5aee9a5ee0acdb,"{""distance"":7,""physical_error_rate"":0.005}","{""detection_events"":72549,""detectors_checked"":3038896,""obs_mistake_mask=E"":9}"
     32000,         4,         0,   120.3,exact_mw,f9daf7670c28e8b8b7ac9af8e1984263f26063cb589f7a54f43332f7ce5001d2,"{""distance"":7,""physical_error_rate"":0.002}","{""detection_events"":188523,""detectors_checked"":19264000,""obs_mistake_mask=E"":4}"
    163840,         3,         0,   120.3,exact_mw,a17a1dfb4cb0509fbcf9caf9ce6f4704b111f022b15740e51c84c2b7e14a6407,"{""distance"":7,""physical_error_rate"":0.001}","{""detection_events"":481918,""detectors_checked"":98631680,""obs_mistake_mask=E"":3}"
      7776,        16,         0,   120.6,exact_mw,a7c002779361d29bb296963a23dd35d34b706f38009a8e2e2f5aee9a5ee0acdb,"{""distance"":7,""physical_error_rate"":0.005}","{""detection_events"":111791,""detectors_checked"":4681152,""obs_mistake_mask=E"":16}"
    123200,         1,         0,   120.0,exact_mw,a17a1dfb4cb0509fbcf9caf9ce6f4704b111f022b15740e51c84c2b7e14a6407,"{""distance"":7,""physical_error_rate"":0.001}","{""detection_events"":363836,""detectors_checked"":74166400,""obs_mistake_mask=E"":1}"
     13696,         2,         0,   120.3,exact_mw,f9daf7670c28e8b8b7ac9af8e1984263f26063cb589f7a54f43332f7ce5001d2,"{""distance"":7,""physical_error_rate"":0.002}","{""detection_events"":79564,""detectors_checked"":8244992,""obs_mistake_mask=E"":2}"
    140288,         3,         0,   120.2,exact_mw,a17a1dfb4cb0509fbcf9caf9ce6f4704b111f022b15740e51c84c2b7e14a6407,"{""distance"":7,""physical_error_rate"":0.001}","{""detection_events"":414083,""detectors_checked"":84453376,""obs_mistake_mask=E"":3}"
    116288,         0,         0,   120.4,exact_mw,a17a1dfb4cb0509fbcf9caf9ce6f4704b111f022b15740e51c84c2b7e14a6407,"{""distance"":7,""physical_error_rate"":0.001}","{""detection_events"":341883,""detectors_checked"":70005376}"
     28032,         1,         0,   120.5,exact_mw,f9daf7670c28e8b8b7ac9af8e1984263f26063cb589f7a54f43332f7ce5001d2,"{""distance"":7,""physical_error_rate"":0.002}","{""detection_events"":165065,""detectors_checked"":16875264,""obs_mistake_mask=E"":1}"
   4356096,         2,         0,   119.3,exact_mw,fb98ac5f0d986856d2cb4e87c937a37162f60383230d2323a40d4b2e77ef556c,"{""distance"":7,""physical_error_rate"":0.0002}","{""detection_events"":2586135,""detectors_checked"":2622369792,""obs_mistake_mask=E"":2}"
      6496,        11,         0,   120.3,exact_mw,a7c002779361d29bb296963a23dd35d34b706f38009a8e2e2f5aee9a5ee0acdb,"{""distance"":7,""physical_error_rate"":0.005}","{""detection_events"":94065,""detectors_checked"":3910592,""obs_mistake_mask=E"":11}"
     98688,         1,         0,   120.6,exact_mw,a17a1dfb4cb0509fbcf9caf9ce6f4704b111f022b15740e51c84c2b7e14a6407,"{""distance"":7,""physical_error_rate"":0.001}","{""detection_events"":293643,""detectors_checked"":59410176,""obs_mistake_mask=E"":1}"
    390144,         1,         0,   120.1,exact_mw,8973b2281876bd917be29e6214e197de75d185bf3f5e531e264555f10574746e,"{""distance"":7,""physical_error_rate"":0.0005}","{""detection_events"":577579,""detectors_checked"":234866688,""obs_mistake_mask=E"":1}"
   2281984,         0,         0,    30.3,exact_mw,c5b9b378753080b028cc9d6f4434ddf95ab0a61b3333c7295fd718d5436747fc,"{""distance"":7,""physical_error_rate"":0.0001}","{""detection_events"":676821,""detectors_checked"":1373754368}"
    127744,         1,         0,   120.2,exact_mw,a17a1dfb4cb0509fbcf9caf9ce6f4704b111f022b15740e51c84c2b7e14a6407,"{""distance"":7,""physical_error_rate"":0.001}","{""detection_events"":377883,""detectors_checked"":76901888,""obs_mistake_mask=E"":1}"
     28160,         2,         0,   120.1,exact_mw,f9daf7670c28e8b8b7ac9af8e1984263f26063cb589f7a54f43332f7ce5001d2,"{""distance"":7,""physical_error_rate"":0.002}","{""detection_events"":164509,""detectors_checked"":16952320,""obs_mistake_mask=E"":2}"
      9208,         1,         0,   120.5,exact_mw,f9daf7670c28e8b8b7ac9af8e1984263f26063cb589f7a54f43332f7ce5001d2,"{""distance"":7,""physical_error_rate"":0.002}","{""detection_events"":53890,""detectors_checked"":5543216,""obs_mistake_mask=E"":1}"
   8399872,         1,         0,   119.1,exact_mw,c5b9b378753080b028cc9d6f4434ddf95ab0a61b3333c7295fd718d5436747fc,"{""distance"":7,""physical_error_rate"":0.0001}","{""detection_events"":2492179,""detectors_checked"":5056722944,""obs_mistake_mask=E"":1}"
   8568832,         0,         0,   119.3,exact_mw,590a535fae2c18c7445aa3259c8038467453e1d6a10b68541c755b2dcb29eb74,"{""distance"":7,""physical_error_rate"":5e-05}","{""detection_events"":1275138,""detectors_checked"":5158436864}"
   4396032,         0,         0,   119.2,exact_mw,fb98ac5f0d986856d2cb4e87c937a37162f60383230d2323a40d4b2e77ef556c,"{""distance"":7,""physical_error_rate"":0.0002}","{""detection_events"":2608522,""detectors_checked"":2646411264}"
   3870720,         0,         0,   118.8,exact_mw,590a535fae2c18c7445aa3259c8038467453e1d6a10b68541c755b2dcb29eb74,"{""distance"":7,""physical_error_rate"":5e-05}","{""detection_events"":573059,""detectors_checked"":2330173440}"
    376320,         1,         0,   120.2,exact_mw,8973b2281876bd917be29e6214e197de75d185bf3f5e531e264555f10574746e,"{""distance"":7,""physical_error_rate"":0.0005}","{""detection_events"":556066,""detectors_checked"":226544640,""obs_mistake_mask=E"":1}"
   9755648,         0,         0,   118.9,exact_mw,590a535fae2c18c7445aa3259c8038467453e1d6a10b68541c755b2dcb29eb74,"{""distance"":7,""physical_error_rate"":5e-05}","{""detection_events"":1447530,""detectors_checked"":5872900096}"
   7428096,         0,         0,   118.9,exact_mw,c5b9b378753080b028cc9d6f4434ddf95ab0a61b3333c7295fd718d5436747fc,"{""distance"":7,""physical_error_rate"":0.0001}","{""detection_events"":2201827,""detectors_checked"":4471713792}"
   3056640,         0,         0,   119.1,exact_mw,fb98ac5f0d986856d2cb4e87c937a37162f60383230d2323a40d4b2e77ef556c,"{""distance"":7,""physical_error_rate"":0.0002}","{""detection_events"":1809613,""detectors_checked"":1840097280}"
    135680,         3,         0,   120.2,exact_mw,a17a1dfb4cb0509fbcf9caf9ce6f4704b111f022b15740e51c84c2b7e14a6407,"{""distance"":7,""physical_error_rate"":0.001}","{""detection_events"":401141,""detectors_checked"":81679360,""obs_mistake_mask=E"":3}"
      5728,         7,         0,   120.1,exact_mw,a7c002779361d29bb296963a23dd35d34b706f38009a8e2e2f5aee9a5ee0acdb,"{""distance"":7,""physical_error_rate"":0.005}","{""detection_events"":82957,""detectors_checked"":3448256,""obs_mistake_mask=E"":7}"
      5384,         5,         0,   120.5,exact_mw,a7c002779361d29bb296963a23dd35d34b706f38009a8e2e2f5aee9a5ee0acdb,"{""distance"":7,""physical_error_rate"":0.005}","{""detection_events"":76710,""detectors_checked"":3241168,""obs_mistake_mask=E"":5}"
      3424,         0,         0,    62.4,exact_mw,a7c002779361d29bb296963a23dd35d34b706f38009a8e2e2f5aee9a5ee0acdb,"{""distance"":7,""physical_error_rate"":0.005}","{""detection_events"":48856,""detectors_checked"":2061248}"
      7008,         6,         0,   118.8,exact_mw,a7c002779361d29bb296963a23dd35d34b706f38009a8e2e2f5aee9a5ee0acdb,"{""distance"":7,""physical_error_rate"":0.005}","{""detection_events"":100649,""detectors_checked"":4218816,""obs_mistake_mask=E"":6}"
        32,         0,         0,   0.558,exact_mw,a7c002779361d29bb296963a23dd35d34b706f38009a8e2e2f5aee9a5ee0acdb,"{""distance"":7,""physical_error_rate"":0.005}","{""detection_events"":503,""detectors_checked"":19264}"
      5776,         9,         0,   107.1,exact_mw,a7c002779361d29bb296963a23dd35d34b706f38009a8e2e2f5aee9a5ee0acdb,"{""distance"":7,""physical_error_rate"":0.005}","{""detection_events"":83686,""detectors_checked"":3477152,""obs_mistake_mask=E"":9}"
      5512,        12,         0,   104.8,exact_mw,a7c002779361d29bb296963a23dd35d34b706f38009a8e2e2f5aee9a5ee0acdb,"{""distance"":7,""physical_error_rate"":0.005}","{""detection_events"":79581,""detectors_checked"":3318224,""obs_mistake_mask=E"":12}"
      2976,         7,         0,    59.7,exact_mw,a7c002779361d29bb296963a23dd35d34b706f38009a8e2e2f5aee9a5ee0acdb,"{""distance"":7,""physical_error_rate"":0.005}","{""detection_events"":42921,""detectors_checked"":1791552,""obs_mistake_mask=E"":7}"
      4672,         9,         0,    86.2,exact_mw,a7c002779361d29bb296963a23dd35d34b706f38009a8e2e2f5aee9a5ee0acdb,"{""distance"":7,""physical_error_rate"":0.005}","{""detection_events"":67438,""detectors_checked"":2812544,""obs_mistake_mask=E"":9}"
      2784,         5,         0,    53.2,exact_mw,a7c002779361d29bb296963a23dd35d34b706f38009a8e2e2f5aee9a5ee0acdb,"{""distance"":7,""physical_error_rate"":0.005}","{""detection_events"":39276,""detectors_checked"":1675968,""obs_mistake_mask=E"":5}"
      4320,         2,         0,    72.7,exact_mw,a7c002779361d29bb296963a23dd35d34b706f38009a8e2e2f5aee9a5ee0acdb,"{""distance"":7,""physical_error_rate"":0.005}","{""detection_events"":62407,""detectors_checked"":2600640,""obs_mistake_mask=E"":2}"
         8,         0,         0,   0.812,exact_mw,a7c002779361d29bb296963a23dd35d34b706f38009a8e2e2f5aee9a5ee0acdb,"{""distance"":7,""physical_error_rate"":0.005}","{""detection_events"":125,""detectors_checked"":4816}"
     28672,         6,         0,   120.0,exact_mw,f9daf7670c28e8b8b7ac9af8e1984263f26063cb589f7a54f43332f7ce5001d2,"{""distance"":7,""physical_error_rate"":0.002}","{""detection_events"":167669,""detectors_checked"":17260544,""obs_mistake_mask=E"":6}"
    681472,         0,         0,   120.2,exact_mw,8973b2281876bd917be29e6214e197de75d185bf3f5e531e264555f10574746e,"{""distance"":7,""physical_error_rate"":0.0005}","{""detection_events"":1005865,""detectors_checked"":410246144}"
    109824,         2,         0,   120.2,exact_mw,a17a1dfb4cb0509fbcf9caf9ce6f4704b111f022b15740e51c84c2b7e14a6407,"{""distance"":7,""physical_error_rate"":0.001}","{""detection_events"":323654,""detectors_checked"":66114048,""obs_mistake_mask=E"":2}"
  10005504,         0,         0,   119.0,exact_mw,590a535fae2c18c7445aa3259c8038467453e1d6a10b68541c755b2dcb29eb74,"{""distance"":7,""physical_error_rate"":5e-05}","{""detection_events"":1488367,""detectors_checked"":6023313408}"
   8316928,         0,         0,   119.0,exact_mw,c5b9b378753080b028cc9d6f4434ddf95ab0a61b3333c7295fd718d5436747fc,"{""distance"":7,""physical_error_rate"":0.0001}","{""detection_events"":2468352,""detectors_checked"":5006790656}"
   4345856,         1,         0,   119.2,exact_mw,fb98ac5f0d986856d2cb4e87c937a37162f60383230d2323a40d4b2e77ef556c,"{""distance"":7,""physical_error_rate"":0.0002}","{""detection_events"":2580194,""detectors_checked"":2616205312,""obs_mistake_mask=E"":1}"
   5266432,         0,         0,   118.9,exact_mw,590a535fae2c18c7445aa3259c8038467453e1d6a10b68541c755b2dcb29eb74,"{""distance"":7,""physical_error_rate"":5e-05}","{""detection_events"":781437,""detectors_checked"":3170392064}"
    638976,         2,         0,   119.9,exact_mw,8973b2281876bd917be29e6214e197de75d185bf3f5e531e264555f10574746e,"{""distance"":7,""physical_error_rate"":0.0005}","{""detection_events"":944947,""detectors_checked"":384663552,""obs_mistake_mask=E"":2}"
         1,         0,         0,   0.001,exact_mw,590a535fae2c18c7445aa3259c8038467453e1d6a10b68541c755b2dcb29eb74,"{""distance"":7,""physical_error_rate"":5e-05}","{""detectors_checked"":602}"
      2320,         0,         0,   0.029,exact_mw,590a535fae2c18c7445aa3259c8038467453e1d6a10b68541c755b2dcb29eb74,"{""distance"":7,""physical_error_rate"":5e-05}","{""detection_events"":319,""detectors_checked"":1396640}"
      2048,         0,         0,   0.029,exact_mw,590a535fae2c18c7445aa3259c8038467453e1d6a10b68541c755b2dcb29eb74,"{""distance"":7,""physical_error_rate"":5e-05}","{""detection_events"":287,""detectors_checked"":1232896}"
      3072,         0,         0,   0.033,exact_mw,590a535fae2c18c7445aa3259c8038467453e1d6a10b68541c755b2dcb29eb74,"{""distance"":7,""physical_error_rate"":5e-05}","{""detection_events"":423,""detectors_checked"":1849344}"
      4096,         0,         0,   0.056,exact_mw,590a535fae2c18c7445aa3259c8038467453e1d6a10b68541c755b2dcb29eb74,"{""distance"":7,""physical_error_rate"":5e-05}","{""detection_events"":614,""detectors_checked"":2465792}"
      4096,         0,         0,   0.052,exact_mw,590a535fae2c18c7445aa3259c8038467453e1d6a10b68541c755b2dcb29eb74,"{""distance"":7,""physical_error_rate"":5e-05}","{""detection_events"":648,""detectors_checked"":2465792}"
      6144,         0,         0,   0.080,exact_mw,590a535fae2c18c7445aa3259c8038467453e1d6a10b68541c755b2dcb29eb74,"{""distance"":7,""physical_error_rate"":5e-05}","{""detection_events"":935,""detectors_checked"":3698688}"
      8192,         0,         0,   0.107,exact_mw,590a535fae2c18c7445aa3259c8038467453e1d6a10b68541c755b2dcb29eb74,"{""distance"":7,""physical_error_rate"":5e-05}","{""detection_events"":1103,""detectors_checked"":4931584}"
     10240,         0,         0,   0.135,exact_mw,590a535fae2c18c7445aa3259c8038467453e1d6a10b68541c755b2dcb29eb74,"{""distance"":7,""physical_error_rate"":5e-05}","{""detection_events"":1553,""detectors_checked"":6164480}"
     16384,         0,         0,   0.209,exact_mw,590a535fae2c18c7445aa3259c8038467453e1d6a10b68541c755b2dcb29eb74,"{""distance"":7,""physical_error_rate"":5e-05}","{""detection_events"":2325,""detectors_checked"":9863168}"
     22528,         0,         0,   0.284,exact_mw,590a535fae2c18c7445aa3259c8038467453e1d6a10b68541c755b2dcb29eb74,"{""distance"":7,""physical_error_rate"":5e-05}","{""detection_events"":3256,""detectors_checked"":13561856}"
     26624,         0,         0,   0.416,exact_mw,590a535fae2c18c7445aa3259c8038467453e1d6a10b68541c755b2dcb29eb74,"{""distance"":7,""physical_error_rate"":5e-05}","{""detection_events"":3890,""detectors_checked"":16027648}"
      1297,         0,         0,   0.025,exact_mw,fb98ac5f0d986856d2cb4e87c937a37162f60383230d2323a40d4b2e77ef556c,"{""distance"":7,""physical_error_rate"":0.0002}","{""detection_events"":775,""detectors_checked"":780794}"
      2048,         0,         0,   0.038,exact_mw,fb98ac5f0d986856d2cb4e87c937a37162f60383230d2323a40d4b2e77ef556c,"{""distance"":7,""physical_error_rate"":0.0002}","{""detection_events"":1175,""detectors_checked"":1232896}"
      1024,         0,         0,   0.028,exact_mw,fb98ac5f0d986856d2cb4e87c937a37162f60383230d2323a40d4b2e77ef556c,"{""distance"":7,""physical_error_rate"":0.0002}","{""detection_events"":655,""detectors_checked"":616448}"
      2048,         0,         0,   0.052,exact_mw,fb98ac5f0d986856d2cb4e87c937a37162f60383230d2323a40d4b2e77ef556c,"{""distance"":7,""physical_error_rate"":0.0002}","{""detection_events"":1138,""detectors_checked"":1232896}"
     39936,         0,         0,   0.557,exact_mw,590a535fae2c18c7445aa3259c8038467453e1d6a10b68541c755b2dcb29eb74,"{""distance"":7,""physical_error_rate"":5e-05}","{""detection_events"":5815,""detectors_checked"":24041472}"
      2048,         0,         0,   0.034,exact_mw,fb98ac5f0d986856d2cb4e87c937a37162f60383230d2323a40d4b2e77ef556c,"{""distance"":7,""physical_error_rate"":0.0002}","{""detection_events"":1328,""detectors_checked"":1232896}"
      2048,         0,         0,   0.053,exact_mw,fb98ac5f0d986856d2cb4e87c937a37162f60383230d2323a40d4b2e77ef556c,"{""distance"":7,""physical_error_rate"":0.0002}","{""detection_events"":1203,""detectors_checked"":1232896}"
      3072,         0,         0,   0.083,exact_mw,fb98ac5f0d986856d2cb4e87c937a37162f60383230d2323a40d4b2e77ef556c,"{""distance"":7,""physical_error_rate"":0.0002}","{""detection_events"":1847,""detectors_checked"":1849344}"
      4096,         0,         0,   0.107,exact_mw,fb98ac5f0d986856d2cb4e87c937a37162f60383230d2323a40d4b2e77ef556c,"{""distance"":7,""physical_error_rate"":0.0002}","{""detection_events"":2271,""detectors_checked"":2465792}"
      1297,         0,         0,   0.023,exact_mw,c5b9b378753080b028cc9d6f4434ddf95ab0a61b3333c7295fd718d5436747fc,"{""distance"":7,""physical_error_rate"":0.0001}","{""detection_events"":384,""detectors_checked"":780794}"
      1024,         0,         0,   0.007,exact_mw,c5b9b378753080b028cc9d6f4434ddf95ab0a61b3333c7295fd718d5436747fc,"{""distance"":7,""physical_error_rate"":0.0001}","{""detection_events"":281,""detectors_checked"":616448}"
      5120,         0,         0,   0.142,exact_mw,fb98ac5f0d986856d2cb4e87c937a37162f60383230d2323a40d4b2e77ef556c,"{""distance"":7,""physical_error_rate"":0.0002}","{""detection_events"":3113,""detectors_checked"":3082240}"
      2048,         0,         0,   0.031,exact_mw,c5b9b378753080b028cc9d6f4434ddf95ab0a61b3333c7295fd718d5436747fc,"{""distance"":7,""physical_error_rate"":0.0001}","{""detection_events"":618,""detectors_checked"":1232896}"
      3072,         0,         0,   0.053,exact_mw,c5b9b378753080b028cc9d6f4434ddf95ab0a61b3333c7295fd718d5436747fc,"{""distance"":7,""physical_error_rate"":0.0001}","{""detection_events"":944,""detectors_checked"":1849344}"
      3072,         0,         0,   0.040,exact_mw,c5b9b378753080b028cc9d6f4434ddf95ab0a61b3333c7295fd718d5436747fc,"{""distance"":7,""physical_error_rate"":0.0001}","{""detection_events"":953,""detectors_checked"":1849344}"
      4096,         0,         0,   0.052,exact_mw,c5b9b378753080b028cc9d6f4434ddf95ab0a61b3333c7295fd718d5436747fc,"{""distance"":7,""physical_error_rate"":0.0001}","{""detection_events"":1227,""detectors_checked"":2465792}"
      6144,         0,         0,   0.078,exact_mw,c5b9b378753080b028cc9d6f4434ddf95ab0a61b3333c7295fd718d5436747fc,"{""distance"":7,""physical_error_rate"":0.0001}","{""detection_events"":1692,""detectors_checked"":3698688}"
      8192,         0,         0,   0.245,exact_mw,fb98ac5f0d986856d2cb4e87c937a37162f60383230d2323a40d4b2e77ef556c,"{""distance"":7,""physical_error_rate"":0.0002}","{""detection_events"":4822,""detectors_checked"":4931584}"
      5120,         0,         0,   0.109,exact_mw,c5b9b378753080b028cc9d6f4434ddf95ab0a61b3333c7295fd718d5436747fc,"{""distance"":7,""physical_error_rate"":0.0001}","{""detection_events"":1289,""detectors_checked"":3082240}"
     56320,         0,         0,   0.794,exact_mw,590a535fae2c18c7445aa3259c8038467453e1d6a10b68541c755b2dcb29eb74,"{""distance"":7,""physical_error_rate"":5e-05}","{""detection_events"":8328,""detectors_checked"":33904640}"
      8192,         0,         0,   0.167,exact_mw,c5b9b378753080b028cc9d6f4434ddf95ab0a61b3333c7295fd718d5436747fc,"{""distance"":7,""physical_error_rate"":0.0001}","{""detection_events"":2371,""detectors_checked"":4931584}"
     15360,         0,         0,   0.339,exact_mw,fb98ac5f0d986856d2cb4e87c937a37162f60383230d2323a40d4b2e77ef556c,"{""distance"":7,""physical_error_rate"":0.0002}","{""detection_events"":8894,""detectors_checked"":9246720}"
     13312,         0,         0,   0.209,exact_mw,c5b9b378753080b028cc9d6f4434ddf95ab0a61b3333c7295fd718d5436747fc,"{""distance"":7,""physical_error_rate"":0.0001}","{""detection_events"":3813,""detectors_checked"":8013824}"
     15360,         0,         0,   0.415,exact_mw,fb98ac5f0d986856d2cb4e87c937a37162f60383230d2323a40d4b2e77ef556c,"{""distance"":7,""physical_error_rate"":0.0002}","{""detection_events"":8966,""detectors_checked"":9246720}"
     20480,         0,         0,   0.306,exact_mw,c5b9b378753080b028cc9d6f4434ddf95ab0a61b3333c7295fd718d5436747fc,"{""distance"":7,""physical_error_rate"":0.0001}","{""detection_events"":6206,""detectors_checked"":12328960}"
     25600,         0,         0,   0.405,exact_mw,c5b9b378753080b028cc9d6f4434ddf95ab0a61b3333c7295fd718d5436747fc,"{""distance"":7,""physical_error_rate"":0.0001}","{""detection_events"":7358,""detectors_checked"":15411200}"
     82944,         0,         0,    1.11,exact_mw,590a535fae2c18c7445aa3259c8038467453e1d6a10b68541c755b2dcb29eb74,"{""distance"":7,""physical_error_rate"":5e-05}","{""detection_events"":12099,""detectors_checked"":49932288}"
     20480,         0,         0,   0.596,exact_mw,fb98ac5f0d986856d2cb4e87c937a37162f60383230d2323a40d4b2e77ef556c,"{""distance"":7,""physical_error_rate"":0.0002}","{""detection_events"":12147,""detectors_checked"":12328960}"
     37888,         0,         0,   0.568,exact_mw,c5b9b378753080b028cc9d6f4434ddf95ab0a61b3333c7295fd718d5436747fc,"{""distance"":7,""physical_error_rate"":0.0001}","{""detection_events"":11315,""detectors_checked"":22808576}"
        17,         0,         0,   0.010,exact_mw,a17a1dfb4cb0509fbcf9caf9ce6f4704b111f022b15740e51c84c2b7e14a6407,"{""distance"":7,""physical_error_rate"":0.001}","{""detection_events"":57,""detectors_checked"":10234}"
     25600,         0,         0,   0.827,exact_mw,fb98ac5f0d986856d2cb4e87c937a37162f60383230d2323a40d4b2e77ef556c,"{""distance"":7,""physical_error_rate"":0.0002}","{""detection_events"":15183,""detectors_checked"":15411200}"
       256,         0,         0,   0.256,exact_mw,a17a1dfb4cb0509fbcf9caf9ce6f4704b111f022b15740e51c84c2b7e14a6407,"{""distance"":7,""physical_error_rate"":0.001}","{""detection_events"":797,""detectors_checked"":154112}"
   7835648,         0,         0,   118.9,exact_mw,590a535fae2c18c7445aa3259c8038467453e1d6a10b68541c755b2dcb29eb74,"{""distance"":7,""physical_error_rate"":5e-05}","{""detection_events"":1164826,""detectors_checked"":4717060096}"
     52224,         0,         0,   0.784,exact_mw,c5b9b378753080b028cc9d6f4434ddf95ab0a61b3333c7295fd718d5436747fc,"{""distance"":7,""physical_error_rate"":0.0001}","{""detection_events"":15558,""detectors_checked"":31438848}"
         1,         0,         0,   0.001,exact_mw,fb98ac5f0d986856d2cb4e87c937a37162f60383230d2323a40d4b2e77ef556c,"{""distance"":7,""physical_error_rate"":0.0002}","{""detectors_checked"":602}"
      2320,         0,         0,   0.033,exact_mw,fb98ac5f0d986856d2cb4e87c937a37162f60383230d2323a40d4b2e77ef556c,"{""distance"":7,""physical_error_rate"":0.0002}","{""detection_events"":1465,""detectors_checked"":1396640}"
    112640,         0,         0,    1.56,exact_mw,590a535fae2c18c7445aa3259c8038467453e1d6a10b68541c755b2dcb29eb74,"{""distance"":7,""physical_error_rate"":5e-05}","{""detection_events"":17165,""detectors_checked"":67809280}"
       512,         0,         0,   0.529,exact_mw,a17a1dfb4cb0509fbcf9caf9ce6f4704b111f022b15740e51c84c2b7e14a6407,"{""distance"":7,""physical_error_rate"":0.001}","{""detection_events"":1410,""detectors_checked"":308224}"
      1024,         0,         0,   0.033,exact_mw,fb98ac5f0d986856d2cb4e87c937a37162f60383230d2323a40d4b2e77ef556c,"{""distance"":7,""physical_error_rate"":0.0002}","{""detection_events"":607,""detectors_checked"":616448}"
        17,         0,         0,   0.029,exact_mw,a17a1dfb4cb0509fbcf9caf9ce6f4704b111f022b15740e51c84c2b7e14a6407,"{""distance"":7,""physical_error_rate"":0.001}","{""detection_events"":82,""detectors_checked"":10234}"
      2048,         0,         0,   0.029,exact_mw,fb98ac5f0d986856d2cb4e87c937a37162f60383230d2323a40d4b2e77ef556c,"{""distance"":7,""physical_error_rate"":0.0002}","{""detection_events"":1096,""detectors_checked"":1232896}"
      1024,         0,         0,   0.026,exact_mw,fb98ac5f0d986856d2cb4e87c937a37162f60383230d2323a40d4b2e77ef556c,"{""distance"":7,""physical_error_rate"":0.0002}","{""detection_events"":648,""detectors_checked"":616448}"
      3072,         0,         0,   0.073,exact_mw,fb98ac5f0d986856d2cb4e87c937a37162f60383230d2323a40d4b2e77ef556c,"{""distance"":7,""physical_error_rate"":0.0002}","{""detection_events"":1864,""detectors_checked"":1849344}"
      5120,         0,         0,   0.083,exact_mw,fb98ac5f0d986856d2cb4e87c937a37162f60383230d2323a40d4b2e77ef556c,"{""distance"":7,""physical_error_rate"":0.0002}","{""detection_events"":2834,""detectors_checked"":3082240}"
       256,         0,         0,   0.244,exact_mw,a17a1dfb4cb0509fbcf9caf9ce6f4704b111f022b15740e51c84c2b7e14a6407,"{""distance"":7,""physical_error_rate"":0.001}","{""detection_events"":759,""detectors_checked"":154112}"
      4096,         0,         0,   0.140,exact_mw,fb98ac5f0d986856d2cb4e87c937a37162f60383230d2323a40d4b2e77ef556c,"{""distance"":7,""physical_error_rate"":0.0002}","{""detection_events"":2522,""detectors_checked"":2465792}"
       512,         0,         0,   0.424,exact_mw,a17a1dfb4cb0509fbcf9caf9ce6f4704b111f022b15740e51c84c2b7e14a6407,"{""distance"":7,""physical_error_rate"":0.001}","{""detection_events"":1546,""detectors_checked"":308224}"
         1,         0,         0,   0.001,exact_mw,8973b2281876bd917be29e6214e197de75d185bf3f5e531e264555f10574746e,"{""distance"":7,""physical_error_rate"":0.0005}","{""detectors_checked"":602}"
     38912,         0,         0,    1.13,exact_mw,fb98ac5f0d986856d2cb4e87c937a37162f60383230d2323a40d4b2e77ef556c,"{""distance"":7,""physical_error_rate"":0.0002}","{""detection_events"":23853,""detectors_checked"":23425024}"
      6144,         0,         0,   0.149,exact_mw,fb98ac5f0d986856d2cb4e87c937a37162f60383230d2323a40d4b2e77ef556c,"{""distance"":7,""physical_error_rate"":0.0002}","{""detection_events"":3769,""detectors_checked"":3698688}"
       272,         0,         0,   0.059,exact_mw,8973b2281876bd917be29e6214e197de75d185bf3f5e531e264555f10574746e,"{""distance"":7,""physical_error_rate"":0.0005}","{""detection_events"":346,""detectors_checked"":163744}"
      1024,         0,         0,   0.143,exact_mw,8973b2281876bd917be29e6214e197de75d185bf3f5e531e264555f10574746e,"{""distance"":7,""physical_error_rate"":0.0005}","{""detection_events"":1437,""detectors_checked"":616448}"
      9216,         0,         0,   0.213,exact_mw,fb98ac5f0d986856d2cb4e87c937a37162f60383230d2323a40d4b2e77ef556c,"{""distance"":7,""physical_error_rate"":0.0002}","{""detection_events"":5561,""detectors_checked"":5548032}"
     74752,         0,         0,    1.12,exact_mw,c5b9b378753080b028cc9d6f4434ddf95ab0a61b3333c7295fd718d5436747fc,"{""distance"":7,""physical_error_rate"":0.0001}","{""detection_events"":21893,""detectors_checked"":45000704}"
       512,         0,         0,   0.591,exact_mw,a17a1dfb4cb0509fbcf9caf9ce6f4704b111f022b15740e51c84c2b7e14a6407,"{""distance"":7,""physical_error_rate"":0.001}","{""detection_events"":1468,""detectors_checked"":308224}"
      1024,         0,         0,   0.184,exact_mw,8973b2281876bd917be29e6214e197de75d185bf3f5e531e264555f10574746e,"{""distance"":7,""physical_error_rate"":0.0005}","{""detection_events"":1510,""detectors_checked"":616448}"
      1024,         0,         0,   0.168,exact_mw,8973b2281876bd917be29e6214e197de75d185bf3f5e531e264555f10574746e,"{""distance"":7,""physical_error_rate"":0.0005}","{""detection_events"":1378,""detectors_checked"":616448}"
     13312,         0,         0,   0.304,exact_mw,fb98ac5f0d986856d2cb4e87c937a37162f60383230d2323a40d4b2e77ef556c,"{""distance"":7,""physical_error_rate"":0.0002}","{""detection_events"":7721,""detectors_checked"":8013824}"
       512,         1,         0,   0.659,exact_mw,a17a1dfb4cb0509fbcf9caf9ce6f4704b111f022b15740e51c84c2b7e14a6407,"{""distance"":7,""physical_error_rate"":0.001}","{""detection_events"":1450,""detectors_checked"":308224,""obs_mistake_mask=E"":1}"
      1024,         0,         0,   0.248,exact_mw,8973b2281876bd917be29e6214e197de75d185bf3f5e531e264555f10574746e,"{""distance"":7,""physical_error_rate"":0.0005}","{""detection_events"":1510,""detectors_checked"":616448}"
     17408,         0,         0,   0.413,exact_mw,fb98ac5f0d986856d2cb4e87c937a37162f60383230d2323a40d4b2e77ef556c,"{""distance"":7,""physical_error_rate"":0.0002}","{""detection_events"":10432,""detectors_checked"":10479616}"
      1024,         0,         0,   0.221,exact_mw,8973b2281876bd917be29e6214e197de75d185bf3f5e531e264555f10574746e,"{""distance"":7,""physical_error_rate"":0.0005}","{""detection_events"":1647,""detectors_checked"":616448}"
       512,         0,         0,   0.527,exact_mw,a17a1dfb4cb0509fbcf9caf9ce6f4704b111f022b15740e51c84c2b7e14a6407,"{""distance"":7,""physical_error_rate"":0.001}","{""detection_events"":1530,""detectors_checked"":308224}"
       512,         0,         0,   0.758,exact_mw,a17a1dfb4cb0509fbcf9caf9ce6f4704b111f022b15740e51c84c2b7e14a6407,"{""distance"":7,""physical_error_rate"":0.001}","{""detection_events"":1520,""detectors_checked"":308224}"
         1,         0,         0,   0.022,exact_mw,f9daf7670c28e8b8b7ac9af8e1984263f26063cb589f7a54f43332f7ce5001d2,"{""distance"":7,""physical_error_rate"":0.002}","{""detection_events"":12,""detectors_checked"":602}"
      1024,         0,         0,   0.196,exact_mw,8973b2281876bd917be29e6214e197de75d185bf3f5e531e264555f10574746e,"{""distance"":7,""physical_error_rate"":0.0005}","{""detection_events"":1569,""detectors_checked"":616448}"
        16,         0,         0,   0.110,exact_mw,f9daf7670c28e8b8b7ac9af8e1984263f26063cb589f7a54f43332f7ce5001d2,"{""distance"":7,""physical_error_rate"":0.002}","{""detection_events"":119,""detectors_checked"":9632}"
      1024,         0,         0,   0.187,exact_mw,8973b2281876bd917be29e6214e197de75d185bf3f5e531e264555f10574746e,"{""distance"":7,""physical_error_rate"":0.0005}","{""detection_events"":1558,""detectors_checked"":616448}"
     24576,         0,         0,   0.558,exact_mw,fb98ac5f0d986856d2cb4e87c937a37162f60383230d2323a40d4b2e77ef556c,"{""distance"":7,""physical_error_rate"":0.0002}","{""detection_events"":14844,""detectors_checked"":14794752}"
     59392,         0,         0,    1.54,exact_mw,fb98ac5f0d986856d2cb4e87c937a37162f60383230d2323a40d4b2e77ef556c,"{""distance"":7,""physical_error_rate"":0.0002}","{""detection_events"":34977,""detectors_checked"":35753984}"
         1,         0,         0,   0.021,exact_mw,f9daf7670c28e8b8b7ac9af8e1984263f26063cb589f7a54f43332f7ce5001d2,"{""distance"":7,""physical_error_rate"":0.002}","{""detection_events"":6,""detectors_checked"":602}"
        64,         0,         0,   0.326,exact_mw,f9daf7670c28e8b8b7ac9af8e1984263f26063cb589f7a54f43332f7ce5001d2,"{""distance"":7,""physical_error_rate"":0.002}","{""detection_events"":335,""detectors_checked"":38528}"
    130048,         0,         0,    2.14,exact_mw,590a535fae2c18c7445aa3259c8038467453e1d6a10b68541c755b2dcb29eb74,"{""distance"":7,""physical_error_rate"":5e-05}","{""detection_events"":19177,""detectors_checked"":78288896}"
     87680,         2,         0,   119.9,exact_mw,a17a1dfb4cb0509fbcf9caf9ce6f4704b111f022b15740e51c84c2b7e14a6407,"{""distance"":7,""physical_error_rate"":0.001}","{""detection_events"":259179,""detectors_checked"":52783360,""obs_mistake_mask=E"":2}"
        16,         0,         0,   0.087,exact_mw,f9daf7670c28e8b8b7ac9af8e1984263f26063cb589f7a54f43332f7ce5001d2,"{""distance"":7,""physical_error_rate"":0.002}","{""detection_events"":71,""detectors_checked"":9632}"
       512,         0,         0,   0.669,exact_mw,a17a1dfb4cb0509fbcf9caf9ce6f4704b111f022b15740e51c84c2b7e14a6407,"{""distance"":7,""physical_error_rate"":0.001}","{""detection_events"":1583,""detectors_checked"":308224}"
      2048,         0,         0,   0.351,exact_mw,8973b2281876bd917be29e6214e197de75d185bf3f5e531e264555f10574746e,"{""distance"":7,""physical_error_rate"":0.0005}","{""detection_events"":2877,""detectors_checked"":1232896}"
       512,         0,         0,   0.752,exact_mw,a17a1dfb4cb0509fbcf9caf9ce6f4704b111f022b15740e51c84c2b7e14a6407,"{""distance"":7,""physical_error_rate"":0.001}","{""detection_events"":1453,""detectors_checked"":308224}"
     99328,         0,         0,    1.53,exact_mw,c5b9b378753080b028cc9d6f4434ddf95ab0a61b3333c7295fd718d5436747fc,"{""distance"":7,""physical_error_rate"":0.0001}","{""detection_events"":28997,""detectors_checked"":59795456}"
      2048,         0,         0,   0.302,exact_mw,8973b2281876bd917be29e6214e197de75d185bf3f5e531e264555f10574746e,"{""distance"":7,""physical_error_rate"":0.0005}","{""detection_events"":2891,""detectors_checked"":1232896}"
        64,         0,         0,   0.395,exact_mw,f9daf7670c28e8b8b7ac9af8e1984263f26063cb589f7a54f43332f7ce5001d2,"{""distance"":7,""physical_error_rate"":0.002}","{""detection_events"":425,""detectors_checked"":38528}"
        64,         0,         0,   0.509,exact_mw,f9daf7670c28e8b8b7ac9af8e1984263f26063cb589f7a54f43332f7ce5001d2,"{""distance"":7,""physical_error_rate"":0.002}","{""detection_events"":395,""detectors_checked"":38528}"
     32768,         0,         0,   0.799,exact_mw,fb98ac5f0d986856d2cb4e87c937a37162f60383230d2323a40d4b2e77ef556c,"{""distance"":7,""physical_error_rate"":0.0002}","{""detection_events"":19720,""detectors_checked"":19726336}"
       512,         0,         0,   0.491,exact_mw,a17a1dfb4cb0509fbcf9caf9ce6f4704b111f022b15740e51c84c2b7e14a6407,"{""distance"":7,""physical_error_rate"":0.001}","{""detection_events"":1446,""detectors_checked"":308224}"
        64,         0,         0,   0.366,exact_mw,f9daf7670c28e8b8b7ac9af8e1984263f26063cb589f7a54f43332f7ce5001d2,"{""distance"":7,""physical_error_rate"":0.002}","{""detection_events"":354,""detectors_checked"":38528}"
        64,         0,         0,   0.391,exact_mw,f9daf7670c28e8b8b7ac9af8e1984263f26063cb589f7a54f43332f7ce5001d2,"{""distance"":7,""physical_error_rate"":0.002}","{""detection_events"":394,""detectors_checked"":38528}"
       512,         0,         0,   0.806,exact_mw,a17a1dfb4cb0509fbcf9caf9ce6f4704b111f022b15740e51c84c2b7e14a6407,"{""distance"":7,""physical_error_rate"":0.001}","{""detection_events"":1521,""detectors_checked"":308224}"
      2048,         0,         0,   0.509,exact_mw,8973b2281876bd917be29e6214e197de75d185bf3f5e531e264555f10574746e,"{""distance"":7,""physical_error_rate"":0.0005}","{""detection_events"":2963,""detectors_checked"":1232896}"
        64,         0,         0,   0.274,exact_mw,f9daf7670c28e8b8b7ac9af8e1984263f26063cb589f7a54f43332f7ce5001d2,"{""distance"":7,""physical_error_rate"":0.002}","{""detection_events"":332,""detectors_checked"":38528}"
        64,         0,         0,   0.402,exact_mw,f9daf7670c28e8b8b7ac9af8e1984263f26063cb589f7a54f43332f7ce5001d2,"{""distance"":7,""physical_error_rate"":0.002}","{""detection_events"":356,""detectors_checked"":38528}"
       512,         0,         0,   0.583,exact_mw,a17a1dfb4cb0509fbcf9caf9ce6f4704b111f022b15740e51c84c2b7e14a6407,"{""distance"":7,""physical_error_rate"":0.001}","{""detection_events"":1361,""detectors_checked"":308224}"
       512,         0,         0,   0.510,exact_mw,a17a1dfb4cb0509fbcf9caf9ce6f4704b111f022b15740e51c84c2b7e14a6407,"{""distance"":7,""physical_error_rate"":0.001}","{""detection_events"":1528,""detectors_checked"":308224}"
        64,         0,         0,   0.245,exact_mw,f9daf7670c28e8b8b7ac9af8e1984263f26063cb589f7a54f43332f7ce5001d2,"{""distance"":7,""physical_error_rate"":0.002}","{""detection_events"":363,""detectors_checked"":38528}"
      3072,         0,         0,   0.728,exact_mw,8973b2281876bd917be29e6214e197de75d185bf3f5e531e264555f10574746e,"{""distance"":7,""physical_error_rate"":0.0005}","{""detection_events"":4626,""detectors_checked"":1849344}"
     47104,         0,         0,    1.13,exact_mw,fb98ac5f0d986856d2cb4e87c937a37162f60383230d2323a40d4b2e77ef556c,"{""distance"":7,""physical_error_rate"":0.0002}","{""detection_events"":27855,""detectors_checked"":28356608}"
       512,         0,         0,   0.583,exact_mw,a17a1dfb4cb0509fbcf9caf9ce6f4704b111f022b15740e51c84c2b7e14a6407,"{""distance"":7,""physical_error_rate"":0.001}","{""detection_events"":1473,""detectors_checked"":308224}"
       512,         0,         0,   0.501,exact_mw,a17a1dfb4cb0509fbcf9caf9ce6f4704b111f022b15740e51c84c2b7e14a6407,"{""distance"":7,""physical_error_rate"":0.001}","{""detection_events"":1435,""detectors_checked"":308224}"
     79872,         0,         0,    2.17,exact_mw,fb98ac5f0d986856d2cb4e87c937a37162f60383230d2323a40d4b2e77ef556c,"{""distance"":7,""physical_error_rate"":0.0002}","{""detection_events"":47015,""detectors_checked"":48082944}"
       128,         0,         0,    1.00,exact_mw,f9daf7670c28e8b8b7ac9af8e1984263f26063cb589f7a54f43332f7ce5001d2,"{""distance"":7,""physical_error_rate"":0.002}","{""detection_events"":781,""detectors_checked"":77056}"
    146432,         0,         0,    2.12,exact_mw,c5b9b378753080b028cc9d6f4434ddf95ab0a61b3333c7295fd718d5436747fc,"{""distance"":7,""physical_error_rate"":0.0001}","{""detection_events"":43395,""detectors_checked"":88152064}"
       512,         0,         0,   0.568,exact_mw,a17a1dfb4cb0509fbcf9caf9ce6f4704b111f022b15740e51c84c2b7e14a6407,"{""distance"":7,""physical_error_rate"":0.001}","{""detection_events"":1675,""detectors_checked"":308224}"
       128,         0,         0,    1.01,exact_mw,f9daf7670c28e8b8b7ac9af8e1984263f26063cb589f7a54f43332f7ce5001d2,"{""distance"":7,""physical_error_rate"":0.002}","{""detection_events"":795,""detectors_checked"":77056}"
     22144,         4,         0,   120.1,exact_mw,f9daf7670c28e8b8b7ac9af8e1984263f26063cb589f7a54f43332f7ce5001d2,"{""distance"":7,""physical_error_rate"":0.002}","{""detection_events"":130357,""detectors_checked"":13330688,""obs_mistake_mask=E"":4}"
      4096,         0,         0,   0.953,exact_mw,8973b2281876bd917be29e6214e197de75d185bf3f5e531e264555f10574746e,"{""distance"":7,""physical_error_rate"":0.0005}","{""detection_events"":6162,""detectors_checked"":2465792}"
       512,         0,         0,   0.880,exact_mw,a17a1dfb4cb0509fbcf9caf9ce6f4704b111f022b15740e51c84c2b7e14a6407,"{""distance"":7,""physical_error_rate"":0.001}","{""detection_events"":1541,""detectors_checked"":308224}"
       128,         0,         0,   0.814,exact_mw,f9daf7670c28e8b8b7ac9af8e1984263f26063cb589f7a54f43332f7ce5001d2,"{""distance"":7,""physical_error_rate"":0.002}","{""detection_events"":742,""detectors_checked"":77056}"
       512,         0,         0,   0.541,exact_mw,a17a1dfb4cb0509fbcf9caf9ce6f4704b111f022b15740e51c84c2b7e14a6407,"{""distance"":7,""physical_error_rate"":0.001}","{""detection_events"":1548,""detectors_checked"":308224}"
    193536,         0,         0,    3.02,exact_mw,590a535fae2c18c7445aa3259c8038467453e1d6a10b68541c755b2dcb29eb74,"{""distance"":7,""physical_error_rate"":5e-05}","{""detection_events"":28892,""detectors_checked"":116508672}"
       273,         0,         0,   0.056,exact_mw,8973b2281876bd917be29e6214e197de75d185bf3f5e531e264555f10574746e,"{""distance"":7,""physical_error_rate"":0.0005}","{""detection_events"":529,""detectors_checked"":164346}"
     60416,         0,         0,    1.56,exact_mw,fb98ac5f0d986856d2cb4e87c937a37162f60383230d2323a40d4b2e77ef556c,"{""distance"":7,""physical_error_rate"":0.0002}","{""detection_events"":35492,""detectors_checked"":36370432}"
       128,         0,         0,   0.939,exact_mw,f9daf7670c28e8b8b7ac9af8e1984263f26063cb589f7a54f43332f7ce5001d2,"{""distance"":7,""physical_error_rate"":0.002}","{""detection_events"":787,""detectors_checked"":77056}"
       512,         0,         0,   0.699,exact_mw,a17a1dfb4cb0509fbcf9caf9ce6f4704b111f022b15740e51c84c2b7e14a6407,"{""distance"":7,""physical_error_rate"":0.001}","{""detection_events"":1417,""detectors_checked"":308224}"
      1024,         0,         0,   0.321,exact_mw,8973b2281876bd917be29e6214e197de75d185bf3f5e531e264555f10574746e,"{""distance"":7,""physical_error_rate"":0.0005}","{""detection_events"":1596,""detectors_checked"":616448}"
       512,         0,         0,   0.721,exact_mw,a17a1dfb4cb0509fbcf9caf9ce6f4704b111f022b15740e51c84c2b7e14a6407,"{""distance"":7,""physical_error_rate"":0.001}","{""detection_events"":1396,""detectors_checked"":308224}"
      1024,         0,         0,   0.204,exact_mw,8973b2281876bd917be29e6214e197de75d185bf3f5e531e264555f10574746e,"{""distance"":7,""physical_error_rate"":0.0005}","{""detection_events"":1282,""detectors_checked"":616448}"
       128,         0,         0,   0.870,exact_mw,f9daf7670c28e8b8b7ac9af8e1984263f26063cb589f7a54f43332f7ce5001d2,"{""distance"":7,""physical_error_rate"":0.002}","{""detection_events"":732,""detectors_checked"":77056}"
      1024,         0,         0,   0.249,exact_mw,8973b2281876bd917be29e6214e197de75d185bf3f5e531e264555f10574746e,"{""distance"":7,""physical_error_rate"":0.0005}","{""detection_events"":1512,""detectors_checked"":616448}"
      5120,         0,         0,    1.42,exact_mw,8973b2281876bd917be29e6214e197de75d185bf3f5e531e264555f10574746e,"{""distance"":7,""physical_error_rate"":0.0005}","{""detection_events"":7779,""detectors_checked"":3082240}"
       512,         0,         0,   0.636,exact_mw,a17a1dfb4cb0509fbcf9caf9ce6f4704b111f022b15740e51c84c2b7e14a6407,"{""distance"":7,""physical_error_rate"":0.001}","{""detection_events"":1560,""detectors_checked"":308224}"
      1024,         0,         0,   0.116,exact_mw,8973b2281876bd917be29e6214e197de75d185bf3f5e531e264555f10574746e,"{""distance"":7,""physical_error_rate"":0.0005}","{""detection_events"":1463,""detectors_checked"":616448}"
       512,         0,         0,   0.484,exact_mw,a17a1dfb4cb0509fbcf9caf9ce6f4704b111f022b15740e51c84c2b7e14a6407,"{""distance"":7,""physical_error_rate"":0.001}","{""detection_events"":1504,""detectors_checked"":308224}"
       128,         0,         0,   0.889,exact_mw,f9daf7670c28e8b8b7ac9af8e1984263f26063cb589f7a54f43332f7ce5001d2,"{""distance"":7,""physical_error_rate"":0.002}","{""detection_events"":801,""detectors_checked"":77056}"
      1024,         0,         0,   0.223,exact_mw,8973b2281876bd917be29e6214e197de75d185bf3f5e531e264555f10574746e,"{""distance"":7,""physical_error_rate"":0.0005}","{""detection_events"":1481,""detectors_checked"":616448}"
      1024,         0,         0,   0.219,exact_mw,8973b2281876bd917be29e6214e197de75d185bf3f5e531e264555f10574746e,"{""distance"":7,""physical_error_rate"":0.0005}","{""detection_events"":1542,""detectors_checked"":616448}"
       128,         0,         0,   0.937,exact_mw,f9daf7670c28e8b8b7ac9af8e1984263f26063cb589f7a54f43332f7ce5001d2,"{""distance"":7,""physical_error_rate"":0.002}","{""detection_events"":830,""detectors_checked"":77056}"
      1024,         0,         0,   0.197,exact_mw,8973b2281876bd917be29e6214e197de75d185bf3f5e531e264555f10574746e,"{""distance"":7,""physical_error_rate"":0.0005}","{""detection_events"":1664,""detectors_checked"":616448}"
       512,         0,         0,   0.713,exact_mw,a17a1dfb4cb0509fbcf9caf9ce6f4704b111f022b15740e51c84c2b7e14a6407,"{""distance"":7,""physical_error_rate"":0.001}","{""detection_events"":1599,""detectors_checked"":308224}"
      1024,         0,         0,   0.886,exact_mw,a17a1dfb4cb0509fbcf9caf9ce6f4704b111f022b15740e51c84c2b7e14a6407,"{""distance"":7,""physical_error_rate"":0.001}","{""detection_events"":3132,""detectors_checked"":616448}"
      1024,         0,         0,   0.221,exact_mw,8973b2281876bd917be29e6214e197de75d185bf3f5e531e264555f10574746e,"{""distance"":7,""physical_error_rate"":0.0005}","{""detection_events"":1452,""detectors_checked"":616448}"
     96256,         0,         0,    3.02,exact_mw,fb98ac5f0d986856d2cb4e87c937a37162f60383230d2323a40d4b2e77ef556c,"{""distance"":7,""physical_error_rate"":0.0002}","{""detection_events"":57244,""detectors_checked"":57946112}"
       128,         0,         0,   0.848,exact_mw,f9daf7670c28e8b8b7ac9af8e1984263f26063cb589f7a54f43332f7ce5001d2,"{""distance"":7,""physical_error_rate"":0.002}","{""detection_events"":760,""detectors_checked"":77056}"
      2048,         0,         0,   0.306,exact_mw,8973b2281876bd917be29e6214e197de75d185bf3f5e531e264555f10574746e,"{""distance"":7,""physical_error_rate"":0.0005}","{""detection_events"":2981,""detectors_checked"":1232896}"
    204800,         0,         0,    3.02,exact_mw,c5b9b378753080b028cc9d6f4434ddf95ab0a61b3333c7295fd718d5436747fc,"{""distance"":7,""physical_error_rate"":0.0001}","{""detection_events"":61053,""detectors_checked"":123289600}"
       128,         0,         0,   0.741,exact_mw,f9daf7670c28e8b8b7ac9af8e1984263f26063cb589f7a54f43332f7ce5001d2,"{""distance"":7,""physical_error_rate"":0.002}","{""detection_events"":725,""detectors_checked"":77056}"
     89088,         0,         0,    2.16,exact_mw,fb98ac5f0d986856d2cb4e87c937a37162f60383230d2323a40d4b2e77ef556c,"{""distance"":7,""physical_error_rate"":0.0002}","{""detection_events"":52938,""detectors_checked"":53630976}"
     10240,         0,         0,    1.64,exact_mw,8973b2281876bd917be29e6214e197de75d185bf3f5e531e264555f10574746e,"{""distance"":7,""physical_error_rate"":0.0005}","{""detection_events"":15404,""detectors_checked"":6164480}"
      2048,         0,         0,   0.346,exact_mw,8973b2281876bd917be29e6214e197de75d185bf3f5e531e264555f10574746e,"{""distance"":7,""physical_error_rate"":0.0005}","{""detection_events"":2924,""detectors_checked"":1232896}"
       128,         0,         0,   0.844,exact_mw,f9daf7670c28e8b8b7ac9af8e1984263f26063cb589f7a54f43332f7ce5001d2,"{""distance"":7,""physical_error_rate"":0.002}","{""detection_events"":726,""detectors_checked"":77056}"
       128,         0,         0,   0.591,exact_mw,f9daf7670c28e8b8b7ac9af8e1984263f26063cb589f7a54f43332f7ce5001d2,"{""distance"":7,""physical_error_rate"":0.002}","{""detection_events"":679,""detectors_checked"":77056}"
      1024,         0,         0,    1.20,exact_mw,a17a1dfb4cb0509fbcf9caf9ce6f4704b111f022b15740e51c84c2b7e14a6407,"{""distance"":7,""physical_error_rate"":0.001}","{""detection_events"":2911,""detectors_checked"":616448}"
      1024,         0,         0,    1.14,exact_mw,a17a1dfb4cb0509fbcf9caf9ce6f4704b111f022b15740e51c84c2b7e14a6407,"{""distance"":7,""physical_error_rate"":0.001}","{""detection_events"":2952,""detectors_checked"":616448}"
      2048,         0,         0,   0.516,exact_mw,8973b2281876bd917be29e6214e197de75d185bf3f5e531e264555f10574746e,"{""distance"":7,""physical_error_rate"":0.0005}","{""detection_events"":3258,""detectors_checked"":1232896}"
       128,         0,         0,   0.567,exact_mw,f9daf7670c28e8b8b7ac9af8e1984263f26063cb589f7a54f43332f7ce5001d2,"{""distance"":7,""physical_error_rate"":0.002}","{""detection_events"":702,""detectors_checked"":77056}"
       128,         0,         0,   0.752,exact_mw,f9daf7670c28e8b8b7ac9af8e1984263f26063cb589f7a54f43332f7ce5001d2,"{""distance"":7,""physical_error_rate"":0.002}","{""detection_events"":744,""detectors_checked"":77056}"
      3072,         0,         0,   0.649,exact_mw,8973b2281876bd917be29e6214e197de75d185bf3f5e531e264555f10574746e,"{""distance"":7,""physical_error_rate"":0.0005}","{""detection_events"":4433,""detectors_checked"":1849344}"
    238592,         0,         0,    4.25,exact_mw,590a535fae2c18c7445aa3259c8038467453e1d6a10b68541c755b2dcb29eb74,"{""distance"":7,""physical_error_rate"":5e-05}","{""detection_events"":35990,""detectors_checked"":143632384}"
       128,         0,         0,   0.865,exact_mw,f9daf7670c28e8b8b7ac9af8e1984263f26063cb589f7a54f43332f7ce5001d2,"{""distance"":7,""physical_error_rate"":0.002}","{""detection_events"":857,""detectors_checked"":77056}"
      3072,         0,         0,   0.783,exact_mw,8973b2281876bd917be29e6214e197de75d185bf3f5e531e264555f10574746e,"{""distance"":7,""physical_error_rate"":0.0005}","{""detection_events"":4190,""detectors_checked"":1849344}"
       128,         0,         0,   0.866,exact_mw,f9daf7670c28e8b8b7ac9af8e1984263f26063cb589f7a54f43332f7ce5001d2,"{""distance"":7,""physical_error_rate"":0.002}","{""detection_events"":753,""detectors_checked"":77056}"
      1536,         0,         0,    1.60,exact_mw,a17a1dfb4cb0509fbcf9caf9ce6f4704b111f022b15740e51c84c2b7e14a6407,"{""distance"":7,""physical_error_rate"":0.001}","{""detection_events"":4298,""detectors_checked"":924672}"
     11264,         0,         0,    2.31,exact_mw,8973b2281876bd917be29e6214e197de75d185bf3f5e531e264555f10574746e,"{""distance"":7,""physical_error_rate"":0.0005}","{""detection_events"":16927,""detectors_checked"":6780928}"
      1536,         0,         0,    1.85,exact_mw,a17a1dfb4cb0509fbcf9caf9ce6f4704b111f022b15740e51c84c2b7e14a6407,"{""distance"":7,""physical_error_rate"":0.001}","{""detection_events"":4521,""detectors_checked"":924672}"
       128,         0,         0,   0.829,exact_mw,f9daf7670c28e8b8b7ac9af8e1984263f26063cb589f7a54f43332f7ce5001d2,"{""distance"":7,""physical_error_rate"":0.002}","{""detection_events"":730,""detectors_checked"":77056}"
    114688,         0,         0,    3.02,exact_mw,fb98ac5f0d986856d2cb4e87c937a37162f60383230d2323a40d4b2e77ef556c,"{""distance"":7,""physical_error_rate"":0.0002}","{""detection_events"":67697,""detectors_checked"":69042176}"
      6144,         0,         0,    1.11,exact_mw,8973b2281876bd917be29e6214e197de75d185bf3f5e531e264555f10574746e,"{""distance"":7,""physical_error_rate"":0.0005}","{""detection_events"":8905,""detectors_checked"":3698688}"
       256,         0,         0,    1.66,exact_mw,f9daf7670c28e8b8b7ac9af8e1984263f26063cb589f7a54f43332f7ce5001d2,"{""distance"":7,""physical_error_rate"":0.002}","{""detection_events"":1527,""detectors_checked"":154112}"
    125952,         0,         0,    4.23,exact_mw,fb98ac5f0d986856d2cb4e87c937a37162f60383230d2323a40d4b2e77ef556c,"{""distance"":7,""physical_error_rate"":0.0002}","{""detection_events"":75339,""detectors_checked"":75823104}"
       256,         0,         0,    1.22,exact_mw,f9daf7670c28e8b8b7ac9af8e1984263f26063cb589f7a54f43332f7ce5001d2,"{""distance"":7,""physical_error_rate"":0.002}","{""detection_events"":1371,""detectors_checked"":154112}"
    289792,         0,         0,    4.22,exact_mw,c5b9b378753080b028cc9d6f4434ddf95ab0a61b3333c7295fd718d5436747fc,"{""distance"":7,""physical_error_rate"":0.0001}","{""detection_events"":86586,""detectors_checked"":174454784}"
      1536,         0,         0,    2.00,exact_mw,a17a1dfb4cb0509fbcf9caf9ce6f4704b111f022b15740e51c84c2b7e14a6407,"{""distance"":7,""physical_error_rate"":0.001}","{""detection_events"":4591,""detectors_checked"":924672}"
     26368,         6,         0,   120.5,exact_mw,f9daf7670c28e8b8b7ac9af8e1984263f26063cb589f7a54f43332f7ce5001d2,"{""distance"":7,""physical_error_rate"":0.002}","{""detection_events"":155805,""detectors_checked"":15873536,""obs_mistake_mask=E"":6}"
      2048,         0,         0,    2.35,exact_mw,a17a1dfb4cb0509fbcf9caf9ce6f4704b111f022b15740e51c84c2b7e14a6407,"{""distance"":7,""physical_error_rate"":0.001}","{""detection_events"":5938,""detectors_checked"":1232896}"
      7168,         0,         0,    1.61,exact_mw,8973b2281876bd917be29e6214e197de75d185bf3f5e531e264555f10574746e,"{""distance"":7,""physical_error_rate"":0.0005}","{""detection_events"":10587,""detectors_checked"":4315136}"
       256,         0,         0,    1.81,exact_mw,f9daf7670c28e8b8b7ac9af8e1984263f26063cb589f7a54f43332f7ce5001d2,"{""distance"":7,""physical_error_rate"":0.002}","{""detection_events"":1575,""detectors_checked"":154112}"
       384,         0,         0,    1.76,exact_mw,f9daf7670c28e8b8b7ac9af8e1984263f26063cb589f7a54f43332f7ce5001d2,"{""distance"":7,""physical_error_rate"":0.002}","{""detection_events"":2253,""detectors_checked"":231168}"
     15360,         0,         0,    3.28,exact_mw,8973b2281876bd917be29e6214e197de75d185bf3f5e531e264555f10574746e,"{""distance"":7,""physical_error_rate"":0.0005}","{""detection_events"":22708,""detectors_checked"":9246720}"
   7169024,         0,         0,   118.9,exact_mw,c5b9b378753080b028cc9d6f4434ddf95ab0a61b3333c7295fd718d5436747fc,"{""distance"":7,""physical_error_rate"":0.0001}","{""detection_events"":2129474,""detectors_checked"":4315752448}"
   3724288,         0,         0,   118.6,exact_mw,c5b9b378753080b028cc9d6f4434ddf95ab0a61b3333c7295fd718d5436747fc,"{""distance"":7,""physical_error_rate"":0.0001}","{""detection_events"":1102972,""detectors_checked"":2242021376}"
      1536,         0,         0,    2.38,exact_mw,a17a1dfb4cb0509fbcf9caf9ce6f4704b111f022b15740e51c84c2b7e14a6407,"{""distance"":7,""physical_error_rate"":0.001}","{""detection_events"":4722,""detectors_checked"":924672}"
   7981056,         0,         0,   118.9,exact_mw,590a535fae2c18c7445aa3259c8038467453e1d6a10b68541c755b2dcb29eb74,"{""distance"":7,""physical_error_rate"":5e-05}","{""detection_events"":1181172,""detectors_checked"":4804595712}"
      9216,         0,         0,    2.27,exact_mw,8973b2281876bd917be29e6214e197de75d185bf3f5e531e264555f10574746e,"{""distance"":7,""physical_error_rate"":0.0005}","{""detection_events"":14010,""detectors_checked"":5548032}"
   4212736,         1,         0,   119.4,exact_mw,fb98ac5f0d986856d2cb4e87c937a37162f60383230d2323a40d4b2e77ef556c,"{""distance"":7,""physical_error_rate"":0.0002}","{""detection_events"":2501591,""detectors_checked"":2536067072,""obs_mistake_mask=E"":1}"
    178176,         0,         0,    4.23,exact_mw,fb98ac5f0d986856d2cb4e87c937a37162f60383230d2323a40d4b2e77ef556c,"{""distance"":7,""physical_error_rate"":0.0002}","{""detection_events"":106196,""detectors_checked"":107261952}"
    326656,         0,         0,    5.93,exact_mw,590a535fae2c18c7445aa3259c8038467453e1d6a10b68541c755b2dcb29eb74,"{""distance"":7,""physical_error_rate"":5e-05}","{""detection_events"":48973,""detectors_checked"":196646912}"
       512,         0,         0,    2.29,exact_mw,f9daf7670c28e8b8b7ac9af8e1984263f26063cb589f7a54f43332f7ce5001d2,"{""distance"":7,""physical_error_rate"":0.002}","{""detection_events"":2881,""detectors_checked"":308224}"
       384,         0,         0,    2.60,exact_mw,f9daf7670c28e8b8b7ac9af8e1984263f26063cb589f7a54f43332f7ce5001d2,"{""distance"":7,""physical_error_rate"":0.002}","{""detection_events"":2321,""detectors_checked"":231168}"
      2560,         0,         0,    3.50,exact_mw,a17a1dfb4cb0509fbcf9caf9ce6f4704b111f022b15740e51c84c2b7e14a6407,"{""distance"":7,""physical_error_rate"":0.001}","{""detection_events"":7589,""detectors_checked"":1541120}"
    715776,         4,         0,   120.0,exact_mw,8973b2281876bd917be29e6214e197de75d185bf3f5e531e264555f10574746e,"{""distance"":7,""physical_error_rate"":0.0005}","{""detection_events"":1056536,""detectors_checked"":430897152,""obs_mistake_mask=E"":4}"
    173056,         0,         0,    5.95,exact_mw,fb98ac5f0d986856d2cb4e87c937a37162f60383230d2323a40d4b2e77ef556c,"{""distance"":7,""physical_error_rate"":0.0002}","{""detection_events"":103151,""detectors_checked"":104179712}"
     19456,         0,         0,    4.33,exact_mw,8973b2281876bd917be29e6214e197de75d185bf3f5e531e264555f10574746e,"{""distance"":7,""physical_error_rate"":0.0005}","{""detection_events"":28798,""detectors_checked"":11712512}"
      3072,         0,         0,    3.51,exact_mw,a17a1dfb4cb0509fbcf9caf9ce6f4704b111f022b15740e51c84c2b7e14a6407,"{""distance"":7,""physical_error_rate"":0.001}","{""detection_events"":8903,""detectors_checked"":1849344}"
    389120,         0,         0,    5.95,exact_mw,c5b9b378753080b028cc9d6f4434ddf95ab0a61b3333c7295fd718d5436747fc,"{""distance"":7,""physical_error_rate"":0.0001}","{""detection_events"":115032,""detectors_checked"":234250240}"
     12288,         0,         0,    3.15,exact_mw,8973b2281876bd917be29e6214e197de75d185bf3f5e531e264555f10574746e,"{""distance"":7,""physical_error_rate"":0.0005}","{""detection_events"":18378,""detectors_checked"":7397376}"
       640,         0,         0,    3.23,exact_mw,f9daf7670c28e8b8b7ac9af8e1984263f26063cb589f7a54f43332f7ce5001d2,"{""distance"":7,""physical_error_rate"":0.002}","{""detection_events"":3842,""detectors_checked"":385280}"
   4575232,         0,         0,   119.4,exact_mw,fb98ac5f0d986856d2cb4e87c937a37162f60383230d2323a40d4b2e77ef556c,"{""distance"":7,""physical_error_rate"":0.0002}","{""detection_events"":2714816,""detectors_checked"":2754289664}"
       512,         0,         0,    3.13,exact_mw,f9daf7670c28e8b8b7ac9af8e1984263f26063cb589f7a54f43332f7ce5001d2,"{""distance"":7,""physical_error_rate"":0.002}","{""detection_events"":3121,""detectors_checked"":308224}"
   4723712,         2,         0,   119.4,exact_mw,fb98ac5f0d986856d2cb4e87c937a37162f60383230d2323a40d4b2e77ef556c,"{""distance"":7,""physical_error_rate"":0.0002}","{""detection_events"":2804663,""detectors_checked"":2843674624,""obs_mistake_mask=E"":2}"
   2748412,         0,         0,    38.2,exact_mw,590a535fae2c18c7445aa3259c8038467453e1d6a10b68541c755b2dcb29eb74,"{""distance"":7,""physical_error_rate"":5e-05}","{""detection_events"":407535,""detectors_checked"":1654544024}"
   7199744,         1,         0,   118.9,exact_mw,c5b9b378753080b028cc9d6f4434ddf95ab0a61b3333c7295fd718d5436747fc,"{""distance"":7,""physical_error_rate"":0.0001}","{""detection_events"":2138759,""detectors_checked"":4334245888,""obs_mistake_mask=E"":1}"
      3584,         0,         0,    4.55,exact_mw,a17a1dfb4cb0509fbcf9caf9ce6f4704b111f022b15740e51c84c2b7e14a6407,"{""distance"":7,""physical_error_rate"":0.001}","{""detection_events"":10278,""detectors_checked"":2157568}"
    712704,         2,         0,   120.1,exact_mw,8973b2281876bd917be29e6214e197de75d185bf3f5e531e264555f10574746e,"{""distance"":7,""physical_error_rate"":0.0005}","{""detection_events"":1055952,""detectors_checked"":429047808,""obs_mistake_mask=E"":2}"
    207872,         0,         0,    5.96,exact_mw,fb98ac5f0d986856d2cb4e87c937a37162f60383230d2323a40d4b2e77ef556c,"{""distance"":7,""physical_error_rate"":0.0002}","{""detection_events"":124479,""detectors_checked"":125138944}"
   8062976,         0,         0,   118.9,exact_mw,590a535fae2c18c7445aa3259c8038467453e1d6a10b68541c755b2dcb29eb74,"{""distance"":7,""physical_error_rate"":5e-05}","{""detection_events"":1197122,""detectors_checked"":4853911552}"
   5718016,         2,         0,   118.8,exact_mw,c5b9b378753080b028cc9d6f4434ddf95ab0a61b3333c7295fd718d5436747fc,"{""distance"":7,""physical_error_rate"":0.0001}","{""detection_events"":1696120,""detectors_checked"":3442245632,""obs_mistake_mask=E"":2}"
   6846464,         1,         0,   118.8,exact_mw,c5b9b378753080b028cc9d6f4434ddf95ab0a61b3333c7295fd718d5436747fc,"{""distance"":7,""physical_error_rate"":0.0001}","{""detection_events"":2031548,""detectors_checked"":4121571328,""obs_mistake_mask=E"":1}"
      4096,         0,         0,    4.46,exact_mw,a17a1dfb4cb0509fbcf9caf9ce6f4704b111f022b15740e51c84c2b7e14a6407,"{""distance"":7,""physical_error_rate"":0.001}","{""detection_events"":12249,""detectors_checked"":2465792}"
     20480,         1,         0,    4.31,exact_mw,8973b2281876bd917be29e6214e197de75d185bf3f5e531e264555f10574746e,"{""distance"":7,""physical_error_rate"":0.0005}","{""detection_events"":30257,""detectors_checked"":12328960,""obs_mistake_mask=E"":1}"
   3517440,         3,         0,   119.2,exact_mw,fb98ac5f0d986856d2cb4e87c937a37162f60383230d2323a40d4b2e77ef556c,"{""distance"":7,""physical_error_rate"":0.0002}","{""detection_events"":2082290,""detectors_checked"":2117498880,""obs_mistake_mask=E"":3}"
   5893120,         0,         0,   118.8,exact_mw,590a535fae2c18c7445aa3259c8038467453e1d6a10b68541c755b2dcb29eb74,"{""distance"":7,""physical_error_rate"":5e-05}","{""detection_events"":870819,""detectors_checked"":3547658240}"
       768,         0,         0,    4.79,exact_mw,f9daf7670c28e8b8b7ac9af8e1984263f26063cb589f7a54f43332f7ce5001d2,"{""distance"":7,""physical_error_rate"":0.002}","{""detection_events"":4583,""detectors_checked"":462336}"
    630784,         0,         0,    8.27,exact_mw,590a535fae2c18c7445aa3259c8038467453e1d6a10b68541c755b2dcb29eb74,"{""distance"":7,""physical_error_rate"":5e-05}","{""detection_events"":93749,""detectors_checked"":379731968}"
       768,         0,         0,    4.76,exact_mw,f9daf7670c28e8b8b7ac9af8e1984263f26063cb589f7a54f43332f7ce5001d2,"{""distance"":7,""physical_error_rate"":0.002}","{""detection_events"":4672,""detectors_checked"":462336}"
     36864,         0,         0,    6.10,exact_mw,8973b2281876bd917be29e6214e197de75d185bf3f5e531e264555f10574746e,"{""distance"":7,""physical_error_rate"":0.0005}","{""detection_events"":54804,""detectors_checked"":22192128}"
    722944,         0,         0,   120.1,exact_mw,8973b2281876bd917be29e6214e197de75d185bf3f5e531e264555f10574746e,"{""distance"":7,""physical_error_rate"":0.0005}","{""detection_events"":1070631,""detectors_checked"":435212288}"
    239616,         0,         0,    8.29,exact_mw,fb98ac5f0d986856d2cb4e87c937a37162f60383230d2323a40d4b2e77ef556c,"{""distance"":7,""physical_error_rate"":0.0002}","{""detection_events"":140977,""detectors_checked"":144248832}"
    536576,         0,         0,    8.26,exact_mw,c5b9b378753080b028cc9d6f4434ddf95ab0a61b3333c7295fd718d5436747fc,"{""distance"":7,""physical_error_rate"":0.0001}","{""detection_events"":159300,""detectors_checked"":323018752}"
      5632,         0,         0,    6.26,exact_mw,a17a1dfb4cb0509fbcf9caf9ce6f4704b111f022b15740e51c84c2b7e14a6407,"{""distance"":7,""physical_error_rate"":0.001}","{""detection_events"":16207,""detectors_checked"":3390464}"
    529408,         3,         0,   120.0,exact_mw,8973b2281876bd917be29e6214e197de75d185bf3f5e531e264555f10574746e,"{""distance"":7,""physical_error_rate"":0.0005}","{""detection_events"":781572,""detectors_checked"":318703616,""obs_mistake_mask=E"":3}"
     32768,         0,         0,    6.01,exact_mw,8973b2281876bd917be29e6214e197de75d185bf3f5e531e264555f10574746e,"{""distance"":7,""physical_error_rate"":0.0005}","{""detection_events"":48148,""detectors_checked"":19726336}"
      5120,         1,         0,    6.22,exact_mw,a17a1dfb4cb0509fbcf9caf9ce6f4704b111f022b15740e51c84c2b7e14a6407,"{""distance"":7,""physical_error_rate"":0.001}","{""detection_events"":14935,""detectors_checked"":3082240,""obs_mistake_mask=E"":1}"
     20640,         2,         0,   120.0,exact_mw,f9daf7670c28e8b8b7ac9af8e1984263f26063cb589f7a54f43332f7ce5001d2,"{""distance"":7,""physical_error_rate"":0.002}","{""detection_events"":122002,""detectors_checked"":12425280,""obs_mistake_mask=E"":2}"
   4332544,         2,         0,   119.2,exact_mw,fb98ac5f0d986856d2cb4e87c937a37162f60383230d2323a40d4b2e77ef556c,"{""distance"":7,""physical_error_rate"":0.0002}","{""detection_events"":2567669,""detectors_checked"":2608191488,""obs_mistake_mask=E"":2}"
    238592,         0,         0,    8.32,exact_mw,fb98ac5f0d986856d2cb4e87c937a37162f60383230d2323a40d4b2e77ef556c,"{""distance"":7,""physical_error_rate"":0.0002}","{""detection_events"":141654,""detectors_checked"":143632384}"
      1024,         1,         0,    6.25,exact_mw,f9daf7670c28e8b8b7ac9af8e1984263f26063cb589f7a54f43332f7ce5001d2,"{""distance"":7,""physical_error_rate"":0.002}","{""detection_events"":6011,""detectors_checked"":616448,""obs_mistake_mask=E"":1}"
      1152,         1,         0,    6.15,exact_mw,f9daf7670c28e8b8b7ac9af8e1984263f26063cb589f7a54f43332f7ce5001d2,"{""distance"":7,""physical_error_rate"":0.002}","{""detection_events"":6807,""detectors_checked"":693504,""obs_mistake_mask=E"":1}"
    674816,         3,         0,   120.0,exact_mw,8973b2281876bd917be29e6214e197de75d185bf3f5e531e264555f10574746e,"{""distance"":7,""physical_error_rate"":0.0005}","{""detection_events"":995210,""detectors_checked"":406239232,""obs_mistake_mask=E"":3}"
     25984,         7,         0,   120.7,exact_mw,f9daf7670c28e8b8b7ac9af8e1984263f26063cb589f7a54f43332f7ce5001d2,"{""distance"":7,""physical_error_rate"":0.002}","{""detection_events"":150738,""detectors_checked"":15642368,""obs_mistake_mask=E"":7}"
     41984,         0,         0,    8.40,exact_mw,8973b2281876bd917be29e6214e197de75d185bf3f5e531e264555f10574746e,"{""distance"":7,""physical_error_rate"":0.0005}","{""detection_events"":62787,""detectors_checked"":25274368}"
    129024,         3,         0,   120.0,exact_mw,a17a1dfb4cb0509fbcf9caf9ce6f4704b111f022b15740e51c84c2b7e14a6407,"{""distance"":7,""physical_error_rate"":0.001}","{""detection_events"":378700,""detectors_checked"":77672448,""obs_mistake_mask=E"":3}"
     82560,         0,         0,   120.6,exact_mw,a17a1dfb4cb0509fbcf9caf9ce6f4704b111f022b15740e51c84c2b7e14a6407,"{""distance"":7,""physical_error_rate"":0.001}","{""detection_events"":244757,""detectors_checked"":49701120}"
     24576,         6,         0,   120.3,exact_mw,f9daf7670c28e8b8b7ac9af8e1984263f26063cb589f7a54f43332f7ce5001d2,"{""distance"":7,""physical_error_rate"":0.002}","{""detection_events"":142902,""detectors_checked"":14794752,""obs_mistake_mask=E"":6}"
    128512,         2,         0,   120.2,exact_mw,a17a1dfb4cb0509fbcf9caf9ce6f4704b111f022b15740e51c84c2b7e14a6407,"{""distance"":7,""physical_error_rate"":0.001}","{""detection_events"":378696,""detectors_checked"":77364224,""obs_mistake_mask=E"":2}"
    878592,         1,         0,    11.6,exact_mw,590a535fae2c18c7445aa3259c8038467453e1d6a10b68541c755b2dcb29eb74,"{""distance"":7,""physical_error_rate"":5e-05}","{""detection_events"":131211,""detectors_checked"":528912384,""obs_mistake_mask=E"":1}"
      7168,         0,         0,    8.77,exact_mw,a17a1dfb4cb0509fbcf9caf9ce6f4704b111f022b15740e51c84c2b7e14a6407,"{""distance"":7,""physical_error_rate"":0.001}","{""detection_events"":21164,""detectors_checked"":4315136}"
     81664,         4,         0,   120.3,exact_mw,a17a1dfb4cb0509fbcf9caf9ce6f4704b111f022b15740e51c84c2b7e14a6407,"{""distance"":7,""physical_error_rate"":0.001}","{""detection_events"":241911,""detectors_checked"":49161728,""obs_mistake_mask=E"":4}"
     27392,         2,         0,   120.0,exact_mw,f9daf7670c28e8b8b7ac9af8e1984263f26063cb589f7a54f43332f7ce5001d2,"{""distance"":7,""physical_error_rate"":0.002}","{""detection_events"":160386,""detectors_checked"":16489984,""obs_mistake_mask=E"":2}"
     36864,         0,         0,    8.48,exact_mw,8973b2281876bd917be29e6214e197de75d185bf3f5e531e264555f10574746e,"{""distance"":7,""physical_error_rate"":0.0005}","{""detection_events"":54790,""detectors_checked"":22192128}"
      6656,         0,         0,    9.02,exact_mw,a17a1dfb4cb0509fbcf9caf9ce6f4704b111f022b15740e51c84c2b7e14a6407,"{""distance"":7,""physical_error_rate"":0.001}","{""detection_events"":19738,""detectors_checked"":4006912}"
    403456,         0,         0,    11.6,exact_mw,fb98ac5f0d986856d2cb4e87c937a37162f60383230d2323a40d4b2e77ef556c,"{""distance"":7,""physical_error_rate"":0.0002}","{""detection_events"":237531,""detectors_checked"":242880512}"
    798720,         0,         0,    11.7,exact_mw,c5b9b378753080b028cc9d6f4434ddf95ab0a61b3333c7295fd718d5436747fc,"{""distance"":7,""physical_error_rate"":0.0001}","{""detection_events"":234157,""detectors_checked"":480829440}"
      1152,         0,         0,    8.57,exact_mw,f9daf7670c28e8b8b7ac9af8e1984263f26063cb589f7a54f43332f7ce5001d2,"{""distance"":7,""physical_error_rate"":0.002}","{""detection_events"":7035,""detectors_checked"":693504}"
      2048,         2,         0,    8.86,exact_mw,f9daf7670c28e8b8b7ac9af8e1984263f26063cb589f7a54f43332f7ce5001d2,"{""distance"":7,""physical_error_rate"":0.002}","{""detection_events"":12056,""detectors_checked"":1232896,""obs_mistake_mask=E"":2}"
   3838976,         2,         0,   119.2,exact_mw,fb98ac5f0d986856d2cb4e87c937a37162f60383230d2323a40d4b2e77ef556c,"{""distance"":7,""physical_error_rate"":0.0002}","{""detection_events"":2276576,""detectors_checked"":2311063552,""obs_mistake_mask=E"":2}"
   1178593,         0,         0,    18.6,exact_mw,590a535fae2c18c7445aa3259c8038467453e1d6a10b68541c755b2dcb29eb74,"{""distance"":7,""physical_error_rate"":5e-05}","{""detection_events"":173125,""detectors_checked"":709512986}"
    415744,         0,         0,    11.6,exact_mw,fb98ac5f0d986856d2cb4e87c937a37162f60383230d2323a40d4b2e77ef556c,"{""distance"":7,""physical_error_rate"":0.0002}","{""detection_events"":246386,""detectors_checked"":250277888}"
     82368,         0,         0,   120.0,exact_mw,a17a1dfb4cb0509fbcf9caf9ce6f4704b111f022b15740e51c84c2b7e14a6407,"{""distance"":7,""physical_error_rate"":0.001}","{""detection_events"":244056,""detectors_checked"":49585536}"
    673792,         4,         0,   120.0,exact_mw,8973b2281876bd917be29e6214e197de75d185bf3f5e531e264555f10574746e,"{""distance"":7,""physical_error_rate"":0.0005}","{""detection_events"":994989,""detectors_checked"":405622784,""obs_mistake_mask=E"":4}"
     65536,         0,         0,    11.8,exact_mw,8973b2281876bd917be29e6214e197de75d185bf3f5e531e264555f10574746e,"{""distance"":7,""physical_error_rate"":0.0005}","{""detection_events"":97633,""detectors_checked"":39452672}"
      8448,         0,         0,    12.1,exact_mw,a17a1dfb4cb0509fbcf9caf9ce6f4704b111f022b15740e51c84c2b7e14a6407,"{""distance"":7,""physical_error_rate"":0.001}","{""detection_events"":25090,""detectors_checked"":5085696}"
   8473600,         0,         0,   119.0,exact_mw,c5b9b378753080b028cc9d6f4434ddf95ab0a61b3333c7295fd718d5436747fc,"{""distance"":7,""physical_error_rate"":0.0001}","{""detection_events"":2520636,""detectors_checked"":5101107200}"
     12288,         0,         0,    11.8,exact_mw,a17a1dfb4cb0509fbcf9caf9ce6f4704b111f022b15740e51c84c2b7e14a6407,"{""distance"":7,""physical_error_rate"":0.001}","{""detection_events"":36320,""detectors_checked"":7397376}"
     57344,         0,         0,    12.8,exact_mw,8973b2281876bd917be29e6214e197de75d185bf3f5e531e264555f10574746e,"{""distance"":7,""physical_error_rate"":0.0005}","{""detection_events"":84621,""detectors_checked"":34521088}"
      2176,         0,         0,    12.1,exact_mw,f9daf7670c28e8b8b7ac9af8e1984263f26063cb589f7a54f43332f7ce5001d2,"{""distance"":7,""physical_error_rate"":0.002}","{""detection_events"":13102,""detectors_checked"":1309952}"
      2432,         0,         0,    12.0,exact_mw,f9daf7670c28e8b8b7ac9af8e1984263f26063cb589f7a54f43332f7ce5001d2,"{""distance"":7,""physical_error_rate"":0.002}","{""detection_events"":14463,""detectors_checked"":1464064}"
   1414144,         0,         0,    16.3,exact_mw,590a535fae2c18c7445aa3259c8038467453e1d6a10b68541c755b2dcb29eb74,"{""distance"":7,""physical_error_rate"":5e-05}","{""detection_events"":208991,""detectors_checked"":851314688}"
    105216,         0,         0,   120.3,exact_mw,a17a1dfb4cb0509fbcf9caf9ce6f4704b111f022b15740e51c84c2b7e14a6407,"{""distance"":7,""physical_error_rate"":0.001}","{""detection_events"":309655,""detectors_checked"":63340032}"
    275456,         0,         0,    16.4,exact_mw,fb98ac5f0d986856d2cb4e87c937a37162f60383230d2323a40d4b2e77ef556c,"{""distance"":7,""physical_error_rate"":0.0002}","{""detection_events"":165179,""detectors_checked"":165824512}"
   1103872,         0,         0,    16.2,exact_mw,c5b9b378753080b028cc9d6f4434ddf95ab0a61b3333c7295fd718d5436747fc,"{""distance"":7,""physical_error_rate"":0.0001}","{""detection_events"":328560,""detectors_checked"":664530944}"
     24320,         2,         0,   120.1,exact_mw,f9daf7670c28e8b8b7ac9af8e1984263f26063cb589f7a54f43332f7ce5001d2,"{""distance"":7,""physical_error_rate"":0.002}","{""detection_events"":143834,""detectors_checked"":14640640,""obs_mistake_mask=E"":2}"
     17584,         2,         0,   120.1,exact_mw,f9daf7670c28e8b8b7ac9af8e1984263f26063cb589f7a54f43332f7ce5001d2,"{""distance"":7,""physical_error_rate"":0.002}","{""detection_events"":103352,""detectors_checked"":10585568,""obs_mistake_mask=E"":2}"
    731136,         0,         0,    16.3,exact_mw,fb98ac5f0d986856d2cb4e87c937a37162f60383230d2323a40d4b2e77ef556c,"{""distance"":7,""physical_error_rate"":0.0002}","{""detection_events"":433294,""detectors_checked"":440143872}"
     65024,         0,         0,    16.6,exact_mw,8973b2281876bd917be29e6214e197de75d185bf3f5e531e264555f10574746e,"{""distance"":7,""physical_error_rate"":0.0005}","{""detection_events"":96265,""detectors_checked"":39144448}"
   7577163,         0,         0,   100.5,exact_mw,590a535fae2c18c7445aa3259c8038467453e1d6a10b68541c755b2dcb29eb74,"{""distance"":7,""physical_error_rate"":5e-05}","{""detection_events"":1122208,""detectors_checked"":4561452126}"
      2688,         1,         0,    17.0,exact_mw,a17a1dfb4cb0509fbcf9caf9ce6f4704b111f022b15740e51c84c2b7e14a6407,"{""distance"":7,""physical_error_rate"":0.001}","{""detection_events"":8184,""detectors_checked"":1618176,""obs_mistake_mask=E"":1}"
   6678032,         0,         0,   111.9,exact_mw,590a535fae2c18c7445aa3259c8038467453e1d6a10b68541c755b2dcb29eb74,"{""distance"":7,""physical_error_rate"":5e-05}","{""detection_events"":990980,""detectors_checked"":4020175264}"
     20480,         0,         0,    17.0,exact_mw,a17a1dfb4cb0509fbcf9caf9ce6f4704b111f022b15740e51c84c2b7e14a6407,"{""distance"":7,""physical_error_rate"":0.001}","{""detection_events"":60002,""detectors_checked"":12328960}"
     14848,         0,         0,    17.1,exact_mw,8973b2281876bd917be29e6214e197de75d185bf3f5e531e264555f10574746e,"{""distance"":7,""physical_error_rate"":0.0005}","{""detection_events"":22351,""detectors_checked"":8938496}"
   6010229,         0,         0,   108.9,exact_mw,590a535fae2c18c7445aa3259c8038467453e1d6a10b68541c755b2dcb29eb74,"{""distance"":7,""physical_error_rate"":5e-05}","{""detection_events"":891665,""detectors_checked"":3618157858}"
      3840,         1,         0,    17.1,exact_mw,f9daf7670c28e8b8b7ac9af8e1984263f26063cb589f7a54f43332f7ce5001d2,"{""distance"":7,""physical_error_rate"":0.002}","{""detection_events"":22541,""detectors_checked"":2311680,""obs_mistake_mask=E"":1}"
      3072,         1,         0,    17.0,exact_mw,f9daf7670c28e8b8b7ac9af8e1984263f26063cb589f7a54f43332f7ce5001d2,"{""distance"":7,""physical_error_rate"":0.002}","{""detection_events"":17634,""detectors_checked"":1849344,""obs_mistake_mask=E"":1}"
   7196672,         0,         0,   118.9,exact_mw,c5b9b378753080b028cc9d6f4434ddf95ab0a61b3333c7295fd718d5436747fc,"{""distance"":7,""physical_error_rate"":0.0001}","{""detection_events"":2132731,""detectors_checked"":4332396544}"
   3404800,         1,         0,   119.5,exact_mw,fb98ac5f0d986856d2cb4e87c937a37162f60383230d2323a40d4b2e77ef556c,"{""distance"":7,""physical_error_rate"":0.0002}","{""detection_events"":2018457,""detectors_checked"":2049689600,""obs_mistake_mask=E"":1}"
   2529280,         0,         0,    22.8,exact_mw,590a535fae2c18c7445aa3259c8038467453e1d6a10b68541c755b2dcb29eb74,"{""distance"":7,""physical_error_rate"":5e-05}","{""detection_events"":375663,""detectors_checked"":1522626560}"
    130048,         0,         0,    22.8,exact_mw,fb98ac5f0d986856d2cb4e87c937a37162f60383230d2323a40d4b2e77ef556c,"{""distance"":7,""physical_error_rate"":0.0002}","{""detection_events"":76873,""detectors_checked"":78288896}"
   1692672,         0,         0,    22.8,exact_mw,c5b9b378753080b028cc9d6f4434ddf95ab0a61b3333c7295fd718d5436747fc,"{""distance"":7,""physical_error_rate"":0.0001}","{""detection_events"":502717,""detectors_checked"":1018988544}"
   5409206,         0,         0,    58.1,exact_mw,590a535fae2c18c7445aa3259c8038467453e1d6a10b68541c755b2dcb29eb74,"{""distance"":7,""physical_error_rate"":5e-05}","{""detection_events"":800902,""detectors_checked"":3256342012}"
   5111808,         0,         0,    78.2,exact_mw,590a535fae2c18c7445aa3259c8038467453e1d6a10b68541c755b2dcb29eb74,"{""distance"":7,""physical_error_rate"":5e-05}","{""detection_events"":757162,""detectors_checked"":3077308416}"
    367616,         1,         0,   120.1,exact_mw,8973b2281876bd917be29e6214e197de75d185bf3f5e531e264555f10574746e,"{""distance"":7,""physical_error_rate"":0.0005}","{""detection_events"":544404,""detectors_checked"":221304832,""obs_mistake_mask=E"":1}"
   1003520,         1,         0,    22.8,exact_mw,fb98ac5f0d986856d2cb4e87c937a37162f60383230d2323a40d4b2e77ef556c,"{""distance"":7,""physical_error_rate"":0.0002}","{""detection_events"":597661,""detectors_checked"":604119040,""obs_mistake_mask=E"":1}"
   7296000,         1,         0,   119.0,exact_mw,c5b9b378753080b028cc9d6f4434ddf95ab0a61b3333c7295fd718d5436747fc,"{""distance"":7,""physical_error_rate"":0.0001}","{""detection_events"":2162125,""detectors_checked"":4392192000,""obs_mistake_mask=E"":1}"
   2949120,         2,         0,   119.4,exact_mw,fb98ac5f0d986856d2cb4e87c937a37162f60383230d2323a40d4b2e77ef556c,"{""distance"":7,""physical_error_rate"":0.0002}","{""detection_events"":1745779,""detectors_checked"":1775370240,""obs_mistake_mask=E"":2}"
     20992,         0,         0,    23.0,exact_mw,8973b2281876bd917be29e6214e197de75d185bf3f5e531e264555f10574746e,"{""distance"":7,""physical_error_rate"":0.0005}","{""detection_events"":30659,""detectors_checked"":12637184}"
   4615358,         0,         0,    61.1,exact_mw,590a535fae2c18c7445aa3259c8038467453e1d6a10b68541c755b2dcb29eb74,"{""distance"":7,""physical_error_rate"":5e-05}","{""detection_events"":687344,""detectors_checked"":2778445516}"
   4350976,         0,         0,    69.3,exact_mw,590a535fae2c18c7445aa3259c8038467453e1d6a10b68541c755b2dcb29eb74,"{""distance"":7,""physical_error_rate"":5e-05}","{""detection_events"":644190,""detectors_checked"":2619287552}"
    137216,         2,         0,   120.1,exact_mw,a17a1dfb4cb0509fbcf9caf9ce6f4704b111f022b15740e51c84c2b7e14a6407,"{""distance"":7,""physical_error_rate"":0.001}","{""detection_events"":404135,""detectors_checked"":82604032,""obs_mistake_mask=E"":2}"
      3776,         0,         0,    23.4,exact_mw,a17a1dfb4cb0509fbcf9caf9ce6f4704b111f022b15740e51c84c2b7e14a6407,"{""distance"":7,""physical_error_rate"":0.001}","{""detection_events"":10959,""detectors_checked"":2273152}"
     29696,         0,         0,    23.9,exact_mw,a17a1dfb4cb0509fbcf9caf9ce6f4704b111f022b15740e51c84c2b7e14a6407,"{""distance"":7,""physical_error_rate"":0.001}","{""detection_events"":88271,""detectors_checked"":17876992}"
     22016,         0,         0,    23.6,exact_mw,8973b2281876bd917be29e6214e197de75d185bf3f5e531e264555f10574746e,"{""distance"":7,""physical_error_rate"":0.0005}","{""detection_events"":32649,""detectors_checked"":13253632}"
      5248,         1,         0,    23.2,exact_mw,f9daf7670c28e8b8b7ac9af8e1984263f26063cb589f7a54f43332f7ce5001d2,"{""distance"":7,""physical_error_rate"":0.002}","{""detection_events"":30913,""detectors_checked"":3159296,""obs_mistake_mask=E"":1}"
      5120,         1,         0,    23.5,exact_mw,f9daf7670c28e8b8b7ac9af8e1984263f26063cb589f7a54f43332f7ce5001d2,"{""distance"":7,""physical_error_rate"":0.002}","{""detection_events"":29474,""detectors_checked"":3082240,""obs_mistake_mask=E"":1}"
   3642641,         0,         0,    32.5,exact_mw,590a535fae2c18c7445aa3259c8038467453e1d6a10b68541c755b2dcb29eb74,"{""distance"":7,""physical_error_rate"":5e-05}","{""detection_events"":540357,""detectors_checked"":2192869882}"
   3528704,         0,         0,   102.9,exact_mw,590a535fae2c18c7445aa3259c8038467453e1d6a10b68541c755b2dcb29eb74,"{""distance"":7,""physical_error_rate"":5e-05}","{""detection_events"":526989,""detectors_checked"":2124279808}"
     25344,         3,         0,   120.3,exact_mw,f9daf7670c28e8b8b7ac9af8e1984263f26063cb589f7a54f43332f7ce5001d2,"{""distance"":7,""physical_error_rate"":0.002}","{""detection_events"":148310,""detectors_checked"":15257088,""obs_mistake_mask=E"":3}"
    681984,         1,         0,   120.0,exact_mw,8973b2281876bd917be29e6214e197de75d185bf3f5e531e264555f10574746e,"{""distance"":7,""physical_error_rate"":0.0005}","{""detection_events"":1008602,""detectors_checked"":410554368,""obs_mistake_mask=E"":1}"
    116480,         6,         0,   120.7,exact_mw,a17a1dfb4cb0509fbcf9caf9ce6f4704b111f022b15740e51c84c2b7e14a6407,"{""distance"":7,""physical_error_rate"":0.001}","{""detection_events"":344595,""detectors_checked"":70120960,""obs_mistake_mask=E"":6}"
   2843279,         0,         0,    36.2,exact_mw,590a535fae2c18c7445aa3259c8038467453e1d6a10b68541c755b2dcb29eb74,"{""distance"":7,""physical_error_rate"":5e-05}","{""detection_events"":422673,""detectors_checked"":1711653958}"
   2717696,         0,         0,    27.4,exact_mw,590a535fae2c18c7445aa3259c8038467453e1d6a10b68541c755b2dcb29eb74,"{""distance"":7,""physical_error_rate"":5e-05}","{""detection_events"":404268,""detectors_checked"":1636052992}"
   2648064,         0,         0,    34.9,exact_mw,590a535fae2c18c7445aa3259c8038467453e1d6a10b68541c755b2dcb29eb74,"{""distance"":7,""physical_error_rate"":5e-05}","{""detection_events"":392713,""detectors_checked"":1594134528}"
   2206081,         0,         0,    24.5,exact_mw,590a535fae2c18c7445aa3259c8038467453e1d6a10b68541c755b2dcb29eb74,"{""distance"":7,""physical_error_rate"":5e-05}","{""detection_events"":327676,""detectors_checked"":1328060762}"
   1522688,         0,         0,    62.2,exact_mw,590a535fae2c18c7445aa3259c8038467453e1d6a10b68541c755b2dcb29eb74,"{""distance"":7,""physical_error_rate"":5e-05}","{""detection_events"":225494,""detectors_checked"":916658176}"
   1882112,         0,         0,    24.5,exact_mw,590a535fae2c18c7445aa3259c8038467453e1d6a10b68541c755b2dcb29eb74,"{""distance"":7,""physical_error_rate"":5e-05}","{""detection_events"":279179,""detectors_checked"":1133031424}"
   1448897,         0,         0,    21.4,exact_mw,590a535fae2c18c7445aa3259c8038467453e1d6a10b68541c755b2dcb29eb74,"{""distance"":7,""physical_error_rate"":5e-05}","{""detection_events"":214692,""detectors_checked"":872235994}"
   1215488,         0,         0,    21.4,exact_mw,590a535fae2c18c7445aa3259c8038467453e1d6a10b68541c755b2dcb29eb74,"{""distance"":7,""physical_error_rate"":5e-05}","{""detection_events"":180199,""detectors_checked"":731723776}"
    486400,         0,         0,    32.0,exact_mw,fb98ac5f0d986856d2cb4e87c937a37162f60383230d2323a40d4b2e77ef556c,"{""distance"":7,""physical_error_rate"":0.0002}","{""detection_events"":289176,""detectors_checked"":292812800}"
   2098176,         0,         0,    32.0,exact_mw,c5b9b378753080b028cc9d6f4434ddf95ab0a61b3333c7295fd718d5436747fc,"{""distance"":7,""physical_error_rate"":0.0001}","{""detection_events"":622139,""detectors_checked"":1263101952}"
   8127488,         1,         0,   118.9,exact_mw,c5b9b378753080b028cc9d6f4434ddf95ab0a61b3333c7295fd718d5436747fc,"{""distance"":7,""physical_error_rate"":0.0001}","{""detection_events"":2412614,""detectors_checked"":4892747776,""obs_mistake_mask=E"":1}"
   4507648,         1,         0,   119.3,exact_mw,fb98ac5f0d986856d2cb4e87c937a37162f60383230d2323a40d4b2e77ef556c,"{""distance"":7,""physical_error_rate"":0.0002}","{""detection_events"":2674172,""detectors_checked"":2713604096,""obs_mistake_mask=E"":1}"
    963527,         0,         0,    16.3,exact_mw,590a535fae2c18c7445aa3259c8038467453e1d6a10b68541c755b2dcb29eb74,"{""distance"":7,""physical_error_rate"":5e-05}","{""detection_events"":142695,""detectors_checked"":580043254}"
    906240,         0,         0,    16.4,exact_mw,590a535fae2c18c7445aa3259c8038467453e1d6a10b68541c755b2dcb29eb74,"{""distance"":7,""physical_error_rate"":5e-05}","{""detection_events"":134478,""detectors_checked"":545556480}"
   1325056,         0,         0,    31.9,exact_mw,fb98ac5f0d986856d2cb4e87c937a37162f60383230d2323a40d4b2e77ef556c,"{""distance"":7,""physical_error_rate"":0.0002}","{""detection_events"":782665,""detectors_checked"":797683712}"
     57287,         0,         0,    1.11,exact_mw,590a535fae2c18c7445aa3259c8038467453e1d6a10b68541c755b2dcb29eb74,"{""distance"":7,""physical_error_rate"":5e-05}","{""detection_events"":8640,""detectors_checked"":34486774}"
    716800,         0,         0,    10.0,exact_mw,590a535fae2c18c7445aa3259c8038467453e1d6a10b68541c755b2dcb29eb74,"{""distance"":7,""physical_error_rate"":5e-05}","{""detection_events"":106848,""detectors_checked"":431513600}"
    667648,         0,         0,    9.28,exact_mw,590a535fae2c18c7445aa3259c8038467453e1d6a10b68541c755b2dcb29eb74,"{""distance"":7,""physical_error_rate"":5e-05}","{""detection_events"":99347,""detectors_checked"":401924096}"
    740352,         0,         0,    9.92,exact_mw,590a535fae2c18c7445aa3259c8038467453e1d6a10b68541c755b2dcb29eb74,"{""distance"":7,""physical_error_rate"":5e-05}","{""detection_events"":110411,""detectors_checked"":445691904}"
    677888,         2,         0,   119.9,exact_mw,8973b2281876bd917be29e6214e197de75d185bf3f5e531e264555f10574746e,"{""distance"":7,""physical_error_rate"":0.0005}","{""detection_events"":999835,""detectors_checked"":408088576,""obs_mistake_mask=E"":2}"
    115414,         0,         0,    1.56,exact_mw,590a535fae2c18c7445aa3259c8038467453e1d6a10b68541c755b2dcb29eb74,"{""distance"":7,""physical_error_rate"":5e-05}","{""detection_events"":17016,""detectors_checked"":69479228}"
    580608,         0,         0,    10.9,exact_mw,590a535fae2c18c7445aa3259c8038467453e1d6a10b68541c755b2dcb29eb74,"{""distance"":7,""physical_error_rate"":5e-05}","{""detection_events"":85459,""detectors_checked"":349526016}"
    553984,         0,         0,    10.9,exact_mw,590a535fae2c18c7445aa3259c8038467453e1d6a10b68541c755b2dcb29eb74,"{""distance"":7,""physical_error_rate"":5e-05}","{""detection_events"":82075,""detectors_checked"":333498368}"
    548864,         0,         0,    7.58,exact_mw,590a535fae2c18c7445aa3259c8038467453e1d6a10b68541c755b2dcb29eb74,"{""distance"":7,""physical_error_rate"":5e-05}","{""detection_events"":82748,""detectors_checked"":330416128}"
    601088,         0,         0,    11.6,exact_mw,590a535fae2c18c7445aa3259c8038467453e1d6a10b68541c755b2dcb29eb74,"{""distance"":7,""physical_error_rate"":5e-05}","{""detection_events"":89874,""detectors_checked"":361854976}"
    125179,         0,         0,    1.79,exact_mw,590a535fae2c18c7445aa3259c8038467453e1d6a10b68541c755b2dcb29eb74,"{""distance"":7,""physical_error_rate"":5e-05}","{""detection_events"":18231,""detectors_checked"":75357758}"
    400384,         0,         0,    7.84,exact_mw,590a535fae2c18c7445aa3259c8038467453e1d6a10b68541c755b2dcb29eb74,"{""distance"":7,""physical_error_rate"":5e-05}","{""detection_events"":59347,""detectors_checked"":241031168}"
     24868,         0,         0,   0.478,exact_mw,590a535fae2c18c7445aa3259c8038467453e1d6a10b68541c755b2dcb29eb74,"{""distance"":7,""physical_error_rate"":5e-05}","{""detection_events"":3584,""detectors_checked"":14970536}"
    179200,         0,         0,    3.53,exact_mw,590a535fae2c18c7445aa3259c8038467453e1d6a10b68541c755b2dcb29eb74,"{""distance"":7,""physical_error_rate"":5e-05}","{""detection_events"":26456,""detectors_checked"":107878400}"
    172032,         0,         0,    2.37,exact_mw,590a535fae2c18c7445aa3259c8038467453e1d6a10b68541c755b2dcb29eb74,"{""distance"":7,""physical_error_rate"":5e-05}","{""detection_events"":25754,""detectors_checked"":103563264}"
    123904,         0,         0,    2.39,exact_mw,590a535fae2c18c7445aa3259c8038467453e1d6a10b68541c755b2dcb29eb74,"{""distance"":7,""physical_error_rate"":5e-05}","{""detection_events"":18417,""detectors_checked"":74590208}"
     14912,         0,         0,   0.175,exact_mw,590a535fae2c18c7445aa3259c8038467453e1d6a10b68541c755b2dcb29eb74,"{""distance"":7,""physical_error_rate"":5e-05}","{""detection_events"":2286,""detectors_checked"":8977024}"
     92749,         0,         0,    1.25,exact_mw,590a535fae2c18c7445aa3259c8038467453e1d6a10b68541c755b2dcb29eb74,"{""distance"":7,""physical_error_rate"":5e-05}","{""detection_events"":13620,""detectors_checked"":55834898}"
     89088,         0,         0,    1.29,exact_mw,590a535fae2c18c7445aa3259c8038467453e1d6a10b68541c755b2dcb29eb74,"{""distance"":7,""physical_error_rate"":5e-05}","{""detection_events"":13213,""detectors_checked"":53630976}"
     83474,         0,         0,    1.18,exact_mw,590a535fae2c18c7445aa3259c8038467453e1d6a10b68541c755b2dcb29eb74,"{""distance"":7,""physical_error_rate"":5e-05}","{""detection_events"":12420,""detectors_checked"":50251348}"
     74752,         0,         0,    1.40,exact_mw,590a535fae2c18c7445aa3259c8038467453e1d6a10b68541c755b2dcb29eb74,"{""distance"":7,""physical_error_rate"":5e-05}","{""detection_events"":10884,""detectors_checked"":45000704}"
     73728,         0,         0,    1.36,exact_mw,590a535fae2c18c7445aa3259c8038467453e1d6a10b68541c755b2dcb29eb74,"{""distance"":7,""physical_error_rate"":5e-05}","{""detection_events"":10636,""detectors_checked"":44384256}"
     72704,         0,         0,    1.43,exact_mw,590a535fae2c18c7445aa3259c8038467453e1d6a10b68541c755b2dcb29eb74,"{""distance"":7,""physical_error_rate"":5e-05}","{""detection_events"":11052,""detectors_checked"":43767808}"
     17256,         0,         0,   0.225,exact_mw,590a535fae2c18c7445aa3259c8038467453e1d6a10b68541c755b2dcb29eb74,"{""distance"":7,""physical_error_rate"":5e-05}","{""detection_events"":2578,""detectors_checked"":10388112}"
     53248,         0,         0,   0.692,exact_mw,590a535fae2c18c7445aa3259c8038467453e1d6a10b68541c755b2dcb29eb74,"{""distance"":7,""physical_error_rate"":5e-05}","{""detection_events"":7696,""detectors_checked"":32055296}"
    122880,         0,         0,    32.1,exact_mw,8973b2281876bd917be29e6214e197de75d185bf3f5e531e264555f10574746e,"{""distance"":7,""physical_error_rate"":0.0005}","{""detection_events"":182060,""detectors_checked"":73973760}"
     46080,         0,         0,   0.877,exact_mw,590a535fae2c18c7445aa3259c8038467453e1d6a10b68541c755b2dcb29eb74,"{""distance"":7,""physical_error_rate"":5e-05}","{""detection_events"":6741,""detectors_checked"":27740160}"
     47104,         0,         0,   0.908,exact_mw,590a535fae2c18c7445aa3259c8038467453e1d6a10b68541c755b2dcb29eb74,"{""distance"":7,""physical_error_rate"":5e-05}","{""detection_events"":7097,""detectors_checked"":28356608}"
     47104,         0,         0,   0.907,exact_mw,590a535fae2c18c7445aa3259c8038467453e1d6a10b68541c755b2dcb29eb74,"{""distance"":7,""physical_error_rate"":5e-05}","{""detection_events"":7174,""detectors_checked"":28356608}"
      3761,         0,         0,   0.050,exact_mw,590a535fae2c18c7445aa3259c8038467453e1d6a10b68541c755b2dcb29eb74,"{""distance"":7,""physical_error_rate"":5e-05}","{""detection_events"":535,""detectors_checked"":2264122}"
     33792,         0,         0,   0.470,exact_mw,590a535fae2c18c7445aa3259c8038467453e1d6a10b68541c755b2dcb29eb74,"{""distance"":7,""physical_error_rate"":5e-05}","{""detection_events"":5378,""detectors_checked"":20342784}"
     22644,         0,         0,   0.324,exact_mw,590a535fae2c18c7445aa3259c8038467453e1d6a10b68541c755b2dcb29eb74,"{""distance"":7,""physical_error_rate"":5e-05}","{""detection_events"":3511,""detectors_checked"":13631688}"
     34816,         0,         0,   0.463,exact_mw,590a535fae2c18c7445aa3259c8038467453e1d6a10b68541c755b2dcb29eb74,"{""distance"":7,""physical_error_rate"":5e-05}","{""detection_events"":4974,""detectors_checked"":20959232}"
     18432,         0,         0,   0.368,exact_mw,590a535fae2c18c7445aa3259c8038467453e1d6a10b68541c755b2dcb29eb74,"{""distance"":7,""physical_error_rate"":5e-05}","{""detection_events"":2776,""detectors_checked"":11096064}"
      5382,         0,         0,   0.064,exact_mw,590a535fae2c18c7445aa3259c8038467453e1d6a10b68541c755b2dcb29eb74,"{""distance"":7,""physical_error_rate"":5e-05}","{""detection_events"":805,""detectors_checked"":3239964}"
      4212,         0,         0,   0.052,exact_mw,590a535fae2c18c7445aa3259c8038467453e1d6a10b68541c755b2dcb29eb74,"{""distance"":7,""physical_error_rate"":5e-05}","{""detection_events"":639,""detectors_checked"":2535624}"
     11264,         0,         0,   0.180,exact_mw,590a535fae2c18c7445aa3259c8038467453e1d6a10b68541c755b2dcb29eb74,"{""distance"":7,""physical_error_rate"":5e-05}","{""detection_events"":1553,""detectors_checked"":6780928}"
      7495,         0,         0,   0.090,exact_mw,590a535fae2c18c7445aa3259c8038467453e1d6a10b68541c755b2dcb29eb74,"{""distance"":7,""physical_error_rate"":5e-05}","{""detection_events"":1067,""detectors_checked"":4511990}"
     11264,         0,         0,   0.187,exact_mw,590a535fae2c18c7445aa3259c8038467453e1d6a10b68541c755b2dcb29eb74,"{""distance"":7,""physical_error_rate"":5e-05}","{""detection_events"":1662,""detectors_checked"":6780928}"
      6591,         0,         0,   0.109,exact_mw,590a535fae2c18c7445aa3259c8038467453e1d6a10b68541c755b2dcb29eb74,"{""distance"":7,""physical_error_rate"":5e-05}","{""detection_events"":890,""detectors_checked"":3967782}"
     22528,         0,         0,   0.436,exact_mw,590a535fae2c18c7445aa3259c8038467453e1d6a10b68541c755b2dcb29eb74,"{""distance"":7,""physical_error_rate"":5e-05}","{""detection_events"":3336,""detectors_checked"":13561856}"
      6459,         0,         0,   0.102,exact_mw,590a535fae2c18c7445aa3259c8038467453e1d6a10b68541c755b2dcb29eb74,"{""distance"":7,""physical_error_rate"":5e-05}","{""detection_events"":905,""detectors_checked"":3888318}"
     11138,         0,         0,   0.205,exact_mw,590a535fae2c18c7445aa3259c8038467453e1d6a10b68541c755b2dcb29eb74,"{""distance"":7,""physical_error_rate"":5e-05}","{""detection_events"":1759,""detectors_checked"":6705076}"
     11138,         0,         0,   0.204,exact_mw,590a535fae2c18c7445aa3259c8038467453e1d6a10b68541c755b2dcb29eb74,"{""distance"":7,""physical_error_rate"":5e-05}","{""detection_events"":1620,""detectors_checked"":6705076}"
       116,         0,         0,   0.001,exact_mw,590a535fae2c18c7445aa3259c8038467453e1d6a10b68541c755b2dcb29eb74,"{""distance"":7,""physical_error_rate"":5e-05}","{""detection_events"":18,""detectors_checked"":69832}"
      1832,         0,         0,   0.013,exact_mw,590a535fae2c18c7445aa3259c8038467453e1d6a10b68541c755b2dcb29eb74,"{""distance"":7,""physical_error_rate"":5e-05}","{""detection_events"":241,""detectors_checked"":1102864}"
      3072,         0,         0,   0.021,exact_mw,590a535fae2c18c7445aa3259c8038467453e1d6a10b68541c755b2dcb29eb74,"{""distance"":7,""physical_error_rate"":5e-05}","{""detection_events"":425,""detectors_checked"":1849344}"
      3043,         0,         0,   0.022,exact_mw,590a535fae2c18c7445aa3259c8038467453e1d6a10b68541c755b2dcb29eb74,"{""distance"":7,""physical_error_rate"":5e-05}","{""detection_events"":470,""detectors_checked"":1831886}"
       935,         0,         0,   0.006,exact_mw,590a535fae2c18c7445aa3259c8038467453e1d6a10b68541c755b2dcb29eb74,"{""distance"":7,""physical_error_rate"":5e-05}","{""detection_events"":141,""detectors_checked"":562870}"
      1061,         0,         0,   0.007,exact_mw,590a535fae2c18c7445aa3259c8038467453e1d6a10b68541c755b2dcb29eb74,"{""distance"":7,""physical_error_rate"":5e-05}","{""detection_events"":152,""detectors_checked"":638722}"
        25,         0,         0,   0.001,exact_mw,590a535fae2c18c7445aa3259c8038467453e1d6a10b68541c755b2dcb29eb74,"{""distance"":7,""physical_error_rate"":5e-05}","{""detection_events"":13,""detectors_checked"":15050}"
      2048,         0,         0,   0.022,exact_mw,590a535fae2c18c7445aa3259c8038467453e1d6a10b68541c755b2dcb29eb74,"{""distance"":7,""physical_error_rate"":5e-05}","{""detection_events"":325,""detectors_checked"":1232896}"
      1427,         0,         0,   0.012,exact_mw,590a535fae2c18c7445aa3259c8038467453e1d6a10b68541c755b2dcb29eb74,"{""distance"":7,""physical_error_rate"":5e-05}","{""detection_events"":192,""detectors_checked"":859054}"
       923,         0,         0,   0.006,exact_mw,590a535fae2c18c7445aa3259c8038467453e1d6a10b68541c755b2dcb29eb74,"{""distance"":7,""physical_error_rate"":5e-05}","{""detection_events"":133,""detectors_checked"":555646}"
      1024,         0,         0,   0.006,exact_mw,590a535fae2c18c7445aa3259c8038467453e1d6a10b68541c755b2dcb29eb74,"{""distance"":7,""physical_error_rate"":5e-05}","{""detection_events"":153,""detectors_checked"":616448}"
       303,         0,         0,   0.002,exact_mw,590a535fae2c18c7445aa3259c8038467453e1d6a10b68541c755b2dcb29eb74,"{""distance"":7,""physical_error_rate"":5e-05}","{""detection_events"":31,""detectors_checked"":182406}"
       307,         0,         0,   0.002,exact_mw,590a535fae2c18c7445aa3259c8038467453e1d6a10b68541c755b2dcb29eb74,"{""distance"":7,""physical_error_rate"":5e-05}","{""detection_events"":56,""detectors_checked"":184814}"
       304,         0,         0,   0.002,exact_mw,590a535fae2c18c7445aa3259c8038467453e1d6a10b68541c755b2dcb29eb74,"{""distance"":7,""physical_error_rate"":5e-05}","{""detection_events"":38,""detectors_checked"":183008}"
       573,         0,         0,   0.004,exact_mw,590a535fae2c18c7445aa3259c8038467453e1d6a10b68541c755b2dcb29eb74,"{""distance"":7,""physical_error_rate"":5e-05}","{""detection_events"":60,""detectors_checked"":344946}"
       573,         0,         0,   0.004,exact_mw,590a535fae2c18c7445aa3259c8038467453e1d6a10b68541c755b2dcb29eb74,"{""distance"":7,""physical_error_rate"":5e-05}","{""detection_events"":103,""detectors_checked"":344946}"
       573,         0,         0,   0.004,exact_mw,590a535fae2c18c7445aa3259c8038467453e1d6a10b68541c755b2dcb29eb74,"{""distance"":7,""physical_error_rate"":5e-05}","{""detection_events"":90,""detectors_checked"":344946}"
       143,         0,         0,   0.001,exact_mw,590a535fae2c18c7445aa3259c8038467453e1d6a10b68541c755b2dcb29eb74,"{""distance"":7,""physical_error_rate"":5e-05}","{""detection_events"":23,""detectors_checked"":86086}"
        45,         0,         0,   0.001,exact_mw,590a535fae2c18c7445aa3259c8038467453e1d6a10b68541c755b2dcb29eb74,"{""distance"":7,""physical_error_rate"":5e-05}","{""detection_events"":3,""detectors_checked"":27090}"
        99,         0,         0,   0.001,exact_mw,590a535fae2c18c7445aa3259c8038467453e1d6a10b68541c755b2dcb29eb74,"{""distance"":7,""physical_error_rate"":5e-05}","{""detection_events"":18,""detectors_checked"":59598}"
       573,         0,         0,   0.011,exact_mw,590a535fae2c18c7445aa3259c8038467453e1d6a10b68541c755b2dcb29eb74,"{""distance"":7,""physical_error_rate"":5e-05}","{""detection_events"":94,""detectors_checked"":344946}"
       115,         0,         0,   0.001,exact_mw,590a535fae2c18c7445aa3259c8038467453e1d6a10b68541c755b2dcb29eb74,"{""distance"":7,""physical_error_rate"":5e-05}","{""detection_events"":19,""detectors_checked"":69230}"
       115,         0,         0,   0.001,exact_mw,590a535fae2c18c7445aa3259c8038467453e1d6a10b68541c755b2dcb29eb74,"{""distance"":7,""physical_error_rate"":5e-05}","{""detection_events"":26,""detectors_checked"":69230}"
        18,         0,         0,   0.001,exact_mw,590a535fae2c18c7445aa3259c8038467453e1d6a10b68541c755b2dcb29eb74,"{""distance"":7,""physical_error_rate"":5e-05}","{""detection_events"":10,""detectors_checked"":10836}"
        18,         0,         0,   0.001,exact_mw,590a535fae2c18c7445aa3259c8038467453e1d6a10b68541c755b2dcb29eb74,"{""distance"":7,""physical_error_rate"":5e-05}","{""detection_events"":6,""detectors_checked"":10836}"
         4,         0,         0,   0.001,exact_mw,590a535fae2c18c7445aa3259c8038467453e1d6a10b68541c755b2dcb29eb74,"{""distance"":7,""physical_error_rate"":5e-05}","{""detectors_checked"":2408}"
         4,         0,         0,   0.001,exact_mw,590a535fae2c18c7445aa3259c8038467453e1d6a10b68541c755b2dcb29eb74,"{""distance"":7,""physical_error_rate"":5e-05}","{""detectors_checked"":2408}"
         2,         0,         0,   0.001,exact_mw,590a535fae2c18c7445aa3259c8038467453e1d6a10b68541c755b2dcb29eb74,"{""distance"":7,""physical_error_rate"":5e-05}","{""detectors_checked"":1204}"
         2,         0,         0,   0.001,exact_mw,590a535fae2c18c7445aa3259c8038467453e1d6a10b68541c755b2dcb29eb74,"{""distance"":7,""physical_error_rate"":5e-05}","{""detectors_checked"":1204}"
         2,         0,         0,   0.001,exact_mw,590a535fae2c18c7445aa3259c8038467453e1d6a10b68541c755b2dcb29eb74,"{""distance"":7,""physical_error_rate"":5e-05}","{""detectors_checked"":1204}"
         1,         0,         0,   0.001,exact_mw,590a535fae2c18c7445aa3259c8038467453e1d6a10b68541c755b2dcb29eb74,"{""distance"":7,""physical_error_rate"":5e-05}","{""detectors_checked"":602}"
         1,         0,         0,   0.001,exact_mw,590a535fae2c18c7445aa3259c8038467453e1d6a10b68541c755b2dcb29eb74,"{""distance"":7,""physical_error_rate"":5e-05}","{""detectors_checked"":602}"
         1,         0,         0,   0.001,exact_mw,590a535fae2c18c7445aa3259c8038467453e1d6a10b68541c755b2dcb29eb74,"{""distance"":7,""physical_error_rate"":5e-05}","{""detectors_checked"":602}"
         1,         0,         0,   0.001,exact_mw,590a535fae2c18c7445aa3259c8038467453e1d6a10b68541c755b2dcb29eb74,"{""distance"":7,""physical_error_rate"":5e-05}","{""detectors_checked"":602}"
         1,         0,         0,   0.000,exact_mw,590a535fae2c18c7445aa3259c8038467453e1d6a10b68541c755b2dcb29eb74,"{""distance"":7,""physical_error_rate"":5e-05}","{""detectors_checked"":602}"
         1,         0,         0,   0.001,exact_mw,590a535fae2c18c7445aa3259c8038467453e1d6a10b68541c755b2dcb29eb74,"{""distance"":7,""physical_error_rate"":5e-05}","{""detection_events"":2,""detectors_checked"":602}"
     29184,         0,         0,    32.5,exact_mw,a17a1dfb4cb0509fbcf9caf9ce6f4704b111f022b15740e51c84c2b7e14a6407,"{""distance"":7,""physical_error_rate"":0.001}","{""detection_events"":85663,""detectors_checked"":17568768}"
    106112,         1,         0,   120.0,exact_mw,a17a1dfb4cb0509fbcf9caf9ce6f4704b111f022b15740e51c84c2b7e14a6407,"{""distance"":7,""physical_error_rate"":0.001}","{""detection_events"":312789,""detectors_checked"":63879424,""obs_mistake_mask=E"":1}"
    136192,         0,         0,    32.3,exact_mw,8973b2281876bd917be29e6214e197de75d185bf3f5e531e264555f10574746e,"{""distance"":7,""physical_error_rate"":0.0005}","{""detection_events"":202914,""detectors_checked"":81987584}"
      7168,         0,         0,    32.2,exact_mw,f9daf7670c28e8b8b7ac9af8e1984263f26063cb589f7a54f43332f7ce5001d2,"{""distance"":7,""physical_error_rate"":0.002}","{""detection_events"":41312,""detectors_checked"":4315136}"
     27392,         0,         0,    33.0,exact_mw,a17a1dfb4cb0509fbcf9caf9ce6f4704b111f022b15740e51c84c2b7e14a6407,"{""distance"":7,""physical_error_rate"":0.001}","{""detection_events"":79916,""detectors_checked"":16489984}"
      5760,         0,         0,    32.6,exact_mw,f9daf7670c28e8b8b7ac9af8e1984263f26063cb589f7a54f43332f7ce5001d2,"{""distance"":7,""physical_error_rate"":0.002}","{""detection_events"":34336,""detectors_checked"":3467520}"
     14880,         1,         0,   120.0,exact_mw,f9daf7670c28e8b8b7ac9af8e1984263f26063cb589f7a54f43332f7ce5001d2,"{""distance"":7,""physical_error_rate"":0.002}","{""detection_events"":87743,""detectors_checked"":8957760,""obs_mistake_mask=E"":1}"
     28544,         5,         0,   120.4,exact_mw,f9daf7670c28e8b8b7ac9af8e1984263f26063cb589f7a54f43332f7ce5001d2,"{""distance"":7,""physical_error_rate"":0.002}","{""detection_events"":167910,""detectors_checked"":17183488,""obs_mistake_mask=E"":5}"
   7506944,         0,         0,   118.9,exact_mw,c5b9b378753080b028cc9d6f4434ddf95ab0a61b3333c7295fd718d5436747fc,"{""distance"":7,""physical_error_rate"":0.0001}","{""detection_events"":2223964,""detectors_checked"":4519180288}"
   4641792,         0,         0,   118.9,exact_mw,c5b9b378753080b028cc9d6f4434ddf95ab0a61b3333c7295fd718d5436747fc,"{""distance"":7,""physical_error_rate"":0.0001}","{""detection_events"":1375942,""detectors_checked"":2794358784}"
   4211712,         0,         0,   119.3,exact_mw,fb98ac5f0d986856d2cb4e87c937a37162f60383230d2323a40d4b2e77ef556c,"{""distance"":7,""physical_error_rate"":0.0002}","{""detection_events"":2501438,""detectors_checked"":2535450624}"
    640512,         1,         0,   119.8,exact_mw,8973b2281876bd917be29e6214e197de75d185bf3f5e531e264555f10574746e,"{""distance"":7,""physical_error_rate"":0.0005}","{""detection_events"":946189,""detectors_checked"":385588224,""obs_mistake_mask=E"":1}"
      1297,         0,         0,   0.019,exact_mw,c5b9b378753080b028cc9d6f4434ddf95ab0a61b3333c7295fd718d5436747fc,"{""distance"":7,""physical_error_rate"":0.0001}","{""detection_events"":413,""detectors_checked"":780794}"
      2048,         0,         0,   0.026,exact_mw,c5b9b378753080b028cc9d6f4434ddf95ab0a61b3333c7295fd718d5436747fc,"{""distance"":7,""physical_error_rate"":0.0001}","{""detection_events"":568,""detectors_checked"":1232896}"
      1024,         0,         0,   0.020,exact_mw,c5b9b378753080b028cc9d6f4434ddf95ab0a61b3333c7295fd718d5436747fc,"{""distance"":7,""physical_error_rate"":0.0001}","{""detection_events"":357,""detectors_checked"":616448}"
      2048,         0,         0,   0.029,exact_mw,c5b9b378753080b028cc9d6f4434ddf95ab0a61b3333c7295fd718d5436747fc,"{""distance"":7,""physical_error_rate"":0.0001}","{""detection_events"":623,""detectors_checked"":1232896}"
      2048,         0,         0,   0.027,exact_mw,c5b9b378753080b028cc9d6f4434ddf95ab0a61b3333c7295fd718d5436747fc,"{""distance"":7,""physical_error_rate"":0.0001}","{""detection_events"":661,""detectors_checked"":1232896}"
      5120,         0,         0,   0.066,exact_mw,c5b9b378753080b028cc9d6f4434ddf95ab0a61b3333c7295fd718d5436747fc,"{""distance"":7,""physical_error_rate"":0.0001}","{""detection_events"":1433,""detectors_checked"":3082240}"
      5120,         0,         0,   0.081,exact_mw,c5b9b378753080b028cc9d6f4434ddf95ab0a61b3333c7295fd718d5436747fc,"{""distance"":7,""physical_error_rate"":0.0001}","{""detection_events"":1547,""detectors_checked"":3082240}"
      6144,         0,         0,   0.110,exact_mw,c5b9b378753080b028cc9d6f4434ddf95ab0a61b3333c7295fd718d5436747fc,"{""distance"":7,""physical_error_rate"":0.0001}","{""detection_events"":1656,""detectors_checked"":3698688}"
     10240,         0,         0,   0.153,exact_mw,c5b9b378753080b028cc9d6f4434ddf95ab0a61b3333c7295fd718d5436747fc,"{""distance"":7,""physical_error_rate"":0.0001}","{""detection_events"":3000,""detectors_checked"":6164480}"
   4789248,         1,         0,   119.3,exact_mw,fb98ac5f0d986856d2cb4e87c937a37162f60383230d2323a40d4b2e77ef556c,"{""distance"":7,""physical_error_rate"":0.0002}","{""detection_events"":2840697,""detectors_checked"":2883127296,""obs_mistake_mask=E"":1}"
     14336,         0,         0,   0.223,exact_mw,c5b9b378753080b028cc9d6f4434ddf95ab0a61b3333c7295fd718d5436747fc,"{""distance"":7,""physical_error_rate"":0.0001}","{""detection_events"":4206,""detectors_checked"":8630272}"
   4857856,         1,         0,   119.2,exact_mw,fb98ac5f0d986856d2cb4e87c937a37162f60383230d2323a40d4b2e77ef556c,"{""distance"":7,""physical_error_rate"":0.0002}","{""detection_events"":2880780,""detectors_checked"":2924429312,""obs_mistake_mask=E"":1}"
     14336,         0,         0,   0.306,exact_mw,c5b9b378753080b028cc9d6f4434ddf95ab0a61b3333c7295fd718d5436747fc,"{""distance"":7,""physical_error_rate"":0.0001}","{""detection_events"":4424,""detectors_checked"":8630272}"
     19456,         0,         0,   0.407,exact_mw,c5b9b378753080b028cc9d6f4434ddf95ab0a61b3333c7295fd718d5436747fc,"{""distance"":7,""physical_error_rate"":0.0001}","{""detection_events"":6020,""detectors_checked"":11712512}"
   5166080,         1,         0,   119.0,exact_mw,c5b9b378753080b028cc9d6f4434ddf95ab0a61b3333c7295fd718d5436747fc,"{""distance"":7,""physical_error_rate"":0.0001}","{""detection_events"":1531757,""detectors_checked"":3109980160,""obs_mistake_mask=E"":1}"
     29696,         0,         0,   0.574,exact_mw,c5b9b378753080b028cc9d6f4434ddf95ab0a61b3333c7295fd718d5436747fc,"{""distance"":7,""physical_error_rate"":0.0001}","{""detection_events"":8951,""detectors_checked"":17876992}"
    783360,         1,         0,   119.9,exact_mw,8973b2281876bd917be29e6214e197de75d185bf3f5e531e264555f10574746e,"{""distance"":7,""physical_error_rate"":0.0005}","{""detection_events"":1162789,""detectors_checked"":471582720,""obs_mistake_mask=E"":1}"
     54272,         0,         0,   0.812,exact_mw,c5b9b378753080b028cc9d6f4434ddf95ab0a61b3333c7295fd718d5436747fc,"{""distance"":7,""physical_error_rate"":0.0001}","{""detection_events"":16189,""detectors_checked"":32671744}"
   5933056,         0,         0,   119.1,exact_mw,c5b9b378753080b028cc9d6f4434ddf95ab0a61b3333c7295fd718d5436747fc,"{""distance"":7,""physical_error_rate"":0.0001}","{""detection_events"":1759047,""detectors_checked"":3571699712}"
   3938304,         0,         0,   118.8,exact_mw,c5b9b378753080b028cc9d6f4434ddf95ab0a61b3333c7295fd718d5436747fc,"{""distance"":7,""physical_error_rate"":0.0001}","{""detection_events"":1170863,""detectors_checked"":2370859008}"
       273,         0,         0,   0.034,exact_mw,8973b2281876bd917be29e6214e197de75d185bf3f5e531e264555f10574746e,"{""distance"":7,""physical_error_rate"":0.0005}","{""detection_events"":411,""detectors_checked"":164346}"
      1024,         0,         0,   0.183,exact_mw,8973b2281876bd917be29e6214e197de75d185bf3f5e531e264555f10574746e,"{""distance"":7,""physical_error_rate"":0.0005}","{""detection_events"":1592,""detectors_checked"":616448}"
      1024,         0,         0,   0.164,exact_mw,8973b2281876bd917be29e6214e197de75d185bf3f5e531e264555f10574746e,"{""distance"":7,""physical_error_rate"":0.0005}","{""detection_events"":1457,""detectors_checked"":616448}"
     75776,         0,         0,    1.11,exact_mw,c5b9b378753080b028cc9d6f4434ddf95ab0a61b3333c7295fd718d5436747fc,"{""distance"":7,""physical_error_rate"":0.0001}","{""detection_events"":22543,""detectors_checked"":45617152}"
   2834432,         0,         0,   119.5,exact_mw,fb98ac5f0d986856d2cb4e87c937a37162f60383230d2323a40d4b2e77ef556c,"{""distance"":7,""physical_error_rate"":0.0002}","{""detection_events"":1682582,""detectors_checked"":1706328064}"
      1024,         0,         0,   0.259,exact_mw,8973b2281876bd917be29e6214e197de75d185bf3f5e531e264555f10574746e,"{""distance"":7,""physical_error_rate"":0.0005}","{""detection_events"":1680,""detectors_checked"":616448}"
      1024,         0,         0,   0.198,exact_mw,8973b2281876bd917be29e6214e197de75d185bf3f5e531e264555f10574746e,"{""distance"":7,""physical_error_rate"":0.0005}","{""detection_events"":1463,""detectors_checked"":616448}"
      1024,         0,         0,   0.085,exact_mw,8973b2281876bd917be29e6214e197de75d185bf3f5e531e264555f10574746e,"{""distance"":7,""physical_error_rate"":0.0005}","{""detection_events"":1551,""detectors_checked"":616448}"
      1024,         0,         0,   0.166,exact_mw,8973b2281876bd917be29e6214e197de75d185bf3f5e531e264555f10574746e,"{""distance"":7,""physical_error_rate"":0.0005}","{""detection_events"":1496,""detectors_checked"":616448}"
      1024,         0,         0,   0.214,exact_mw,8973b2281876bd917be29e6214e197de75d185bf3f5e531e264555f10574746e,"{""distance"":7,""physical_error_rate"":0.0005}","{""detection_events"":1497,""detectors_checked"":616448}"
      2048,         0,         0,   0.257,exact_mw,8973b2281876bd917be29e6214e197de75d185bf3f5e531e264555f10574746e,"{""distance"":7,""physical_error_rate"":0.0005}","{""detection_events"":3168,""detectors_checked"":1232896}"
    111616,         0,         0,    1.53,exact_mw,c5b9b378753080b028cc9d6f4434ddf95ab0a61b3333c7295fd718d5436747fc,"{""distance"":7,""physical_error_rate"":0.0001}","{""detection_events"":33178,""detectors_checked"":67192832}"
      2048,         0,         0,   0.372,exact_mw,8973b2281876bd917be29e6214e197de75d185bf3f5e531e264555f10574746e,"{""distance"":7,""physical_error_rate"":0.0005}","{""detection_events"":2981,""detectors_checked"":1232896}"
    702464,         2,         0,   119.9,exact_mw,8973b2281876bd917be29e6214e197de75d185bf3f5e531e264555f10574746e,"{""distance"":7,""physical_error_rate"":0.0005}","{""detection_events"":1039403,""detectors_checked"":422883328,""obs_mistake_mask=E"":2}"
      1297,         0,         0,   0.040,exact_mw,fb98ac5f0d986856d2cb4e87c937a37162f60383230d2323a40d4b2e77ef556c,"{""distance"":7,""physical_error_rate"":0.0002}","{""detection_events"":816,""detectors_checked"":780794}"
      1024,         0,         0,   0.029,exact_mw,fb98ac5f0d986856d2cb4e87c937a37162f60383230d2323a40d4b2e77ef556c,"{""distance"":7,""physical_error_rate"":0.0002}","{""detection_events"":733,""detectors_checked"":616448}"
      2048,         0,         0,   0.461,exact_mw,8973b2281876bd917be29e6214e197de75d185bf3f5e531e264555f10574746e,"{""distance"":7,""physical_error_rate"":0.0005}","{""detection_events"":3058,""detectors_checked"":1232896}"
      1024,         0,         0,   0.039,exact_mw,fb98ac5f0d986856d2cb4e87c937a37162f60383230d2323a40d4b2e77ef556c,"{""distance"":7,""physical_error_rate"":0.0002}","{""detection_events"":531,""detectors_checked"":616448}"
      2048,         0,         0,   0.037,exact_mw,fb98ac5f0d986856d2cb4e87c937a37162f60383230d2323a40d4b2e77ef556c,"{""distance"":7,""physical_error_rate"":0.0002}","{""detection_events"":1226,""detectors_checked"":1232896}"
      2048,         0,         0,   0.074,exact_mw,fb98ac5f0d986856d2cb4e87c937a37162f60383230d2323a40d4b2e77ef556c,"{""distance"":7,""physical_error_rate"":0.0002}","{""detection_events"":1240,""detectors_checked"":1232896}"
      1297,         0,         0,   0.060,exact_mw,fb98ac5f0d986856d2cb4e87c937a37162f60383230d2323a40d4b2e77ef556c,"{""distance"":7,""physical_error_rate"":0.0002}","{""detection_events"":802,""detectors_checked"":780794}"
      3072,         0,         0,   0.055,exact_mw,fb98ac5f0d986856d2cb4e87c937a37162f60383230d2323a40d4b2e77ef556c,"{""distance"":7,""physical_error_rate"":0.0002}","{""detection_events"":1748,""detectors_checked"":1849344}"
      1024,         0,         0,   0.033,exact_mw,fb98ac5f0d986856d2cb4e87c937a37162f60383230d2323a40d4b2e77ef556c,"{""distance"":7,""physical_error_rate"":0.0002}","{""detection_events"":654,""detectors_checked"":616448}"
      1024,         0,         0,   0.028,exact_mw,fb98ac5f0d986856d2cb4e87c937a37162f60383230d2323a40d4b2e77ef556c,"{""distance"":7,""physical_error_rate"":0.0002}","{""detection_events"":599,""detectors_checked"":616448}"
      3072,         0,         0,   0.098,exact_mw,fb98ac5f0d986856d2cb4e87c937a37162f60383230d2323a40d4b2e77ef556c,"{""distance"":7,""physical_error_rate"":0.0002}","{""detection_events"":1891,""detectors_checked"":1849344}"
      1024,         0,         0,   0.028,exact_mw,fb98ac5f0d986856d2cb4e87c937a37162f60383230d2323a40d4b2e77ef556c,"{""distance"":7,""physical_error_rate"":0.0002}","{""detection_events"":539,""detectors_checked"":616448}"
      1024,         0,         0,   0.056,exact_mw,fb98ac5f0d986856d2cb4e87c937a37162f60383230d2323a40d4b2e77ef556c,"{""distance"":7,""physical_error_rate"":0.0002}","{""detection_events"":583,""detectors_checked"":616448}"
      5120,         0,         0,   0.107,exact_mw,fb98ac5f0d986856d2cb4e87c937a37162f60383230d2323a40d4b2e77ef556c,"{""distance"":7,""physical_error_rate"":0.0002}","{""detection_events"":3016,""detectors_checked"":3082240}"
      2048,         0,         0,   0.084,exact_mw,fb98ac5f0d986856d2cb4e87c937a37162f60383230d2323a40d4b2e77ef556c,"{""distance"":7,""physical_error_rate"":0.0002}","{""detection_events"":1298,""detectors_checked"":1232896}"
      3072,         0,         0,   0.510,exact_mw,8973b2281876bd917be29e6214e197de75d185bf3f5e531e264555f10574746e,"{""distance"":7,""physical_error_rate"":0.0005}","{""detection_events"":4520,""detectors_checked"":1849344}"
      3072,         0,         0,   0.105,exact_mw,fb98ac5f0d986856d2cb4e87c937a37162f60383230d2323a40d4b2e77ef556c,"{""distance"":7,""physical_error_rate"":0.0002}","{""detection_events"":1844,""detectors_checked"":1849344}"
      6144,         0,         0,   0.166,exact_mw,fb98ac5f0d986856d2cb4e87c937a37162f60383230d2323a40d4b2e77ef556c,"{""distance"":7,""physical_error_rate"":0.0002}","{""detection_events"":3591,""detectors_checked"":3698688}"
      4096,         0,         0,   0.093,exact_mw,fb98ac5f0d986856d2cb4e87c937a37162f60383230d2323a40d4b2e77ef556c,"{""distance"":7,""physical_error_rate"":0.0002}","{""detection_events"":2378,""detectors_checked"":2465792}"
      9216,         0,         0,   0.211,exact_mw,fb98ac5f0d986856d2cb4e87c937a37162f60383230d2323a40d4b2e77ef556c,"{""distance"":7,""physical_error_rate"":0.0002}","{""detection_events"":5670,""detectors_checked"":5548032}"
      4096,         0,         0,   0.143,exact_mw,fb98ac5f0d986856d2cb4e87c937a37162f60383230d2323a40d4b2e77ef556c,"{""distance"":7,""physical_error_rate"":0.0002}","{""detection_events"":2461,""detectors_checked"":2465792}"
      1297,         0,         0,   0.031,exact_mw,c5b9b378753080b028cc9d6f4434ddf95ab0a61b3333c7295fd718d5436747fc,"{""distance"":7,""physical_error_rate"":0.0001}","{""detection_events"":374,""detectors_checked"":780794}"
      1024,         0,         0,   0.025,exact_mw,c5b9b378753080b028cc9d6f4434ddf95ab0a61b3333c7295fd718d5436747fc,"{""distance"":7,""physical_error_rate"":0.0001}","{""detection_events"":298,""detectors_checked"":616448}"
      1024,         0,         0,   0.025,exact_mw,c5b9b378753080b028cc9d6f4434ddf95ab0a61b3333c7295fd718d5436747fc,"{""distance"":7,""physical_error_rate"":0.0001}","{""detection_events"":335,""detectors_checked"":616448}"
      7168,         0,         0,   0.202,exact_mw,fb98ac5f0d986856d2cb4e87c937a37162f60383230d2323a40d4b2e77ef556c,"{""distance"":7,""physical_error_rate"":0.0002}","{""detection_events"":4144,""detectors_checked"":4315136}"
      2048,         0,         0,   0.031,exact_mw,c5b9b378753080b028cc9d6f4434ddf95ab0a61b3333c7295fd718d5436747fc,"{""distance"":7,""physical_error_rate"":0.0001}","{""detection_events"":605,""detectors_checked"":1232896}"
     11264,         0,         0,   0.299,exact_mw,fb98ac5f0d986856d2cb4e87c937a37162f60383230d2323a40d4b2e77ef556c,"{""distance"":7,""physical_error_rate"":0.0002}","{""detection_events"":6776,""detectors_checked"":6780928}"
      2048,         0,         0,   0.053,exact_mw,c5b9b378753080b028cc9d6f4434ddf95ab0a61b3333c7295fd718d5436747fc,"{""distance"":7,""physical_error_rate"":0.0001}","{""detection_events"":512,""detectors_checked"":1232896}"
      2048,         0,         0,   0.056,exact_mw,c5b9b378753080b028cc9d6f4434ddf95ab0a61b3333c7295fd718d5436747fc,"{""distance"":7,""physical_error_rate"":0.0001}","{""detection_events"":645,""detectors_checked"":1232896}"
      4096,         0,         0,   0.743,exact_mw,8973b2281876bd917be29e6214e197de75d185bf3f5e531e264555f10574746e,"{""distance"":7,""physical_error_rate"":0.0005}","{""detection_events"":6243,""detectors_checked"":2465792}"
      3072,         0,         0,   0.102,exact_mw,c5b9b378753080b028cc9d6f4434ddf95ab0a61b3333c7295fd718d5436747fc,"{""distance"":7,""physical_error_rate"":0.0001}","{""detection_events"":1032,""detectors_checked"":1849344}"
      6144,         0,         0,   0.329,exact_mw,fb98ac5f0d986856d2cb4e87c937a37162f60383230d2323a40d4b2e77ef556c,"{""distance"":7,""physical_error_rate"":0.0002}","{""detection_events"":3655,""detectors_checked"":3698688}"
      4096,         0,         0,   0.105,exact_mw,c5b9b378753080b028cc9d6f4434ddf95ab0a61b3333c7295fd718d5436747fc,"{""distance"":7,""physical_error_rate"":0.0001}","{""detection_events"":1291,""detectors_checked"":2465792}"
     16384,         0,         0,   0.445,exact_mw,fb98ac5f0d986856d2cb4e87c937a37162f60383230d2323a40d4b2e77ef556c,"{""distance"":7,""physical_error_rate"":0.0002}","{""detection_events"":9665,""detectors_checked"":9863168}"
      8192,         0,         0,   0.164,exact_mw,c5b9b378753080b028cc9d6f4434ddf95ab0a61b3333c7295fd718d5436747fc,"{""distance"":7,""physical_error_rate"":0.0001}","{""detection_events"":2602,""detectors_checked"":4931584}"
    176128,         0,         0,    2.17,exact_mw,c5b9b378753080b028cc9d6f4434ddf95ab0a61b3333c7295fd718d5436747fc,"{""distance"":7,""physical_error_rate"":0.0001}","{""detection_events"":50830,""detectors_checked"":106029056}"
     11264,         0,         0,   0.215,exact_mw,c5b9b378753080b028cc9d6f4434ddf95ab0a61b3333c7295fd718d5436747fc,"{""distance"":7,""physical_error_rate"":0.0001}","{""detection_events"":3224,""detectors_checked"":6780928}"
     10240,         0,         0,   0.428,exact_mw,fb98ac5f0d986856d2cb4e87c937a37162f60383230d2323a40d4b2e77ef556c,"{""distance"":7,""physical_error_rate"":0.0002}","{""detection_events"":6342,""detectors_checked"":6164480}"
     16384,         0,         0,   0.294,exact_mw,c5b9b378753080b028cc9d6f4434ddf95ab0a61b3333c7295fd718d5436747fc,"{""distance"":7,""physical_error_rate"":0.0001}","{""detection_events"":4595,""detectors_checked"":9863168}"
      6144,         0,         0,   0.829,exact_mw,8973b2281876bd917be29e6214e197de75d185bf3f5e531e264555f10574746e,"{""distance"":7,""physical_error_rate"":0.0005}","{""detection_events"":8812,""detectors_checked"":3698688}"
     25600,         0,         0,   0.582,exact_mw,fb98ac5f0d986856d2cb4e87c937a37162f60383230d2323a40d4b2e77ef556c,"{""distance"":7,""physical_error_rate"":0.0002}","{""detection_events"":15363,""detectors_checked"":15411200}"
     21504,         0,         0,   0.557,exact_mw,fb98ac5f0d986856d2cb4e87c937a37162f60383230d2323a40d4b2e77ef556c,"{""distance"":7,""physical_error_rate"":0.0002}","{""detection_events"":12462,""detectors_checked"":12945408}"
     20480,         0,         0,   0.418,exact_mw,c5b9b378753080b028cc9d6f4434ddf95ab0a61b3333c7295fd718d5436747fc,"{""distance"":7,""physical_error_rate"":0.0001}","{""detection_events"":5936,""detectors_checked"":12328960}"
         1,         0,         0,   0.001,exact_mw,8973b2281876bd917be29e6214e197de75d185bf3f5e531e264555f10574746e,"{""distance"":7,""physical_error_rate"":0.0005}","{""detection_events"":3,""detectors_checked"":602}"
       272,         0,         0,   0.014,exact_mw,8973b2281876bd917be29e6214e197de75d185bf3f5e531e264555f10574746e,"{""distance"":7,""physical_error_rate"":0.0005}","{""detection_events"":449,""detectors_checked"":163744}"
    672768,         0,         0,   119.9,exact_mw,8973b2281876bd917be29e6214e197de75d185bf3f5e531e264555f10574746e,"{""distance"":7,""physical_error_rate"":0.0005}","{""detection_events"":996224,""detectors_checked"":405006336}"
      1024,         0,         0,   0.111,exact_mw,8973b2281876bd917be29e6214e197de75d185bf3f5e531e264555f10574746e,"{""distance"":7,""physical_error_rate"":0.0005}","{""detection_events"":1566,""detectors_checked"":616448}"
      1024,         0,         0,   0.125,exact_mw,8973b2281876bd917be29e6214e197de75d185bf3f5e531e264555f10574746e,"{""distance"":7,""physical_error_rate"":0.0005}","{""detection_events"":1547,""detectors_checked"":616448}"
     31744,         0,         0,   0.792,exact_mw,fb98ac5f0d986856d2cb4e87c937a37162f60383230d2323a40d4b2e77ef556c,"{""distance"":7,""physical_error_rate"":0.0002}","{""detection_events"":19191,""detectors_checked"":19109888}"
      1024,         0,         0,   0.095,exact_mw,8973b2281876bd917be29e6214e197de75d185bf3f5e531e264555f10574746e,"{""distance"":7,""physical_error_rate"":0.0005}","{""detection_events"":1493,""detectors_checked"":616448}"
     27648,         0,         0,   0.553,exact_mw,c5b9b378753080b028cc9d6f4434ddf95ab0a61b3333c7295fd718d5436747fc,"{""distance"":7,""physical_error_rate"":0.0001}","{""detection_events"":8213,""detectors_checked"":16644096}"
      1024,         0,         0,   0.178,exact_mw,8973b2281876bd917be29e6214e197de75d185bf3f5e531e264555f10574746e,"{""distance"":7,""physical_error_rate"":0.0005}","{""detection_events"":1540,""detectors_checked"":616448}"
     32768,         0,         0,   0.810,exact_mw,fb98ac5f0d986856d2cb4e87c937a37162f60383230d2323a40d4b2e77ef556c,"{""distance"":7,""physical_error_rate"":0.0002}","{""detection_events"":19274,""detectors_checked"":19726336}"
      8192,         1,         0,    1.12,exact_mw,8973b2281876bd917be29e6214e197de75d185bf3f5e531e264555f10574746e,"{""distance"":7,""physical_error_rate"":0.0005}","{""detection_events"":12078,""detectors_checked"":4931584,""obs_mistake_mask=E"":1}"
      1024,         0,         0,   0.153,exact_mw,8973b2281876bd917be29e6214e197de75d185bf3f5e531e264555f10574746e,"{""distance"":7,""physical_error_rate"":0.0005}","{""detection_events"":1410,""detectors_checked"":616448}"
      1024,         0,         0,   0.218,exact_mw,8973b2281876bd917be29e6214e197de75d185bf3f5e531e264555f10574746e,"{""distance"":7,""physical_error_rate"":0.0005}","{""detection_events"":1570,""detectors_checked"":616448}"
      1024,         0,         0,   0.164,exact_mw,8973b2281876bd917be29e6214e197de75d185bf3f5e531e264555f10574746e,"{""distance"":7,""physical_error_rate"":0.0005}","{""detection_events"":1427,""detectors_checked"":616448}"
     36864,         0,         0,   0.783,exact_mw,c5b9b378753080b028cc9d6f4434ddf95ab0a61b3333c7295fd718d5436747fc,"{""distance"":7,""physical_error_rate"":0.0001}","{""detection_events"":10925,""detectors_checked"":22192128}"
      2048,         0,         0,   0.280,exact_mw,8973b2281876bd917be29e6214e197de75d185bf3f5e531e264555f10574746e,"{""distance"":7,""physical_error_rate"":0.0005}","{""detection_events"":3127,""detectors_checked"":1232896}"
     30720,         0,         0,    1.11,exact_mw,fb98ac5f0d986856d2cb4e87c937a37162f60383230d2323a40d4b2e77ef556c,"{""distance"":7,""physical_error_rate"":0.0002}","{""detection_events"":18366,""detectors_checked"":18493440}"
     41984,         0,         0,    1.11,exact_mw,fb98ac5f0d986856d2cb4e87c937a37162f60383230d2323a40d4b2e77ef556c,"{""distance"":7,""physical_error_rate"":0.0002}","{""detection_events"":25112,""detectors_checked"":25274368}"
   3137536,         0,         0,   119.5,exact_mw,fb98ac5f0d986856d2cb4e87c937a37162f60383230d2323a40d4b2e77ef556c,"{""distance"":7,""physical_error_rate"":0.0002}","{""detection_events"":1858233,""detectors_checked"":1888796672}"
      2048,         0,         0,   0.454,exact_mw,8973b2281876bd917be29e6214e197de75d185bf3f5e531e264555f10574746e,"{""distance"":7,""physical_error_rate"":0.0005}","{""detection_events"":2975,""detectors_checked"":1232896}"
     24576,         8,         0,   120.3,exact_mw,f9daf7670c28e8b8b7ac9af8e1984263f26063cb589f7a54f43332f7ce5001d2,"{""distance"":7,""physical_error_rate"":0.002}","{""detection_events"":145332,""detectors_checked"":14794752,""obs_mistake_mask=E"":8}"
    220160,         0,         0,    3.06,exact_mw,c5b9b378753080b028cc9d6f4434ddf95ab0a61b3333c7295fd718d5436747fc,"{""distance"":7,""physical_error_rate"":0.0001}","{""detection_events"":65003,""detectors_checked"":132536320}"
      3072,         0,         0,   0.474,exact_mw,8973b2281876bd917be29e6214e197de75d185bf3f5e531e264555f10574746e,"{""distance"":7,""physical_error_rate"":0.0005}","{""detection_events"":4563,""detectors_checked"":1849344}"
     11264,         0,         0,    1.69,exact_mw,8973b2281876bd917be29e6214e197de75d185bf3f5e531e264555f10574746e,"{""distance"":7,""physical_error_rate"":0.0005}","{""detection_events"":16534,""detectors_checked"":6780928}"
     50176,         0,         0,    1.12,exact_mw,c5b9b378753080b028cc9d6f4434ddf95ab0a61b3333c7295fd718d5436747fc,"{""distance"":7,""physical_error_rate"":0.0001}","{""detection_events"":14554,""detectors_checked"":30205952}"
         1,         0,         0,   0.019,exact_mw,a17a1dfb4cb0509fbcf9caf9ce6f4704b111f022b15740e51c84c2b7e14a6407,"{""distance"":7,""physical_error_rate"":0.001}","{""detection_events"":8,""detectors_checked"":602}"
        17,         0,         0,   0.022,exact_mw,a17a1dfb4cb0509fbcf9caf9ce6f4704b111f022b15740e51c84c2b7e14a6407,"{""distance"":7,""physical_error_rate"":0.001}","{""detection_events"":52,""detectors_checked"":10234}"
        17,         0,         0,   0.053,exact_mw,f9daf7670c28e8b8b7ac9af8e1984263f26063cb589f7a54f43332f7ce5001d2,"{""distance"":7,""physical_error_rate"":0.002}","{""detection_events"":76,""detectors_checked"":10234}"
       272,         0,         0,   0.357,exact_mw,a17a1dfb4cb0509fbcf9caf9ce6f4704b111f022b15740e51c84c2b7e14a6407,"{""distance"":7,""physical_error_rate"":0.001}","{""detection_events"":748,""detectors_checked"":163744}"
      3072,         0,         0,   0.638,exact_mw,8973b2281876bd917be29e6214e197de75d185bf3f5e531e264555f10574746e,"{""distance"":7,""physical_error_rate"":0.0005}","{""detection_events"":4565,""detectors_checked"":1849344}"
     40960,         0,         0,    1.56,exact_mw,fb98ac5f0d986856d2cb4e87c937a37162f60383230d2323a40d4b2e77ef556c,"{""distance"":7,""physical_error_rate"":0.0002}","{""detection_events"":24465,""detectors_checked"":24657920}"
       256,         0,         0,   0.244,exact_mw,a17a1dfb4cb0509fbcf9caf9ce6f4704b111f022b15740e51c84c2b7e14a6407,"{""distance"":7,""physical_error_rate"":0.001}","{""detection_events"":735,""detectors_checked"":154112}"
    590848,         2,         0,   120.0,exact_mw,8973b2281876bd917be29e6214e197de75d185bf3f5e531e264555f10574746e,"{""distance"":7,""physical_error_rate"":0.0005}","{""detection_events"":876111,""detectors_checked"":355690496,""obs_mistake_mask=E"":2}"
       256,         0,         0,   0.486,exact_mw,a17a1dfb4cb0509fbcf9caf9ce6f4704b111f022b15740e51c84c2b7e14a6407,"{""distance"":7,""physical_error_rate"":0.001}","{""detection_events"":781,""detectors_checked"":154112}"
     57344,         0,         0,    1.56,exact_mw,fb98ac5f0d986856d2cb4e87c937a37162f60383230d2323a40d4b2e77ef556c,"{""distance"":7,""physical_error_rate"":0.0002}","{""detection_events"":34182,""detectors_checked"":34521088}"
       256,         0,         0,   0.253,exact_mw,a17a1dfb4cb0509fbcf9caf9ce6f4704b111f022b15740e51c84c2b7e14a6407,"{""distance"":7,""physical_error_rate"":0.001}","{""detection_events"":755,""detectors_checked"":154112}"
         1,         0,         0,   0.004,exact_mw,f9daf7670c28e8b8b7ac9af8e1984263f26063cb589f7a54f43332f7ce5001d2,"{""distance"":7,""physical_error_rate"":0.002}","{""detection_events"":8,""detectors_checked"":602}"
       128,         0,         0,   0.840,exact_mw,f9daf7670c28e8b8b7ac9af8e1984263f26063cb589f7a54f43332f7ce5001d2,"{""distance"":7,""physical_error_rate"":0.002}","{""detection_events"":709,""detectors_checked"":77056}"
        16,         0,         0,   0.105,exact_mw,f9daf7670c28e8b8b7ac9af8e1984263f26063cb589f7a54f43332f7ce5001d2,"{""distance"":7,""physical_error_rate"":0.002}","{""detection_events"":101,""detectors_checked"":9632}"
      6144,         0,         0,   0.881,exact_mw,8973b2281876bd917be29e6214e197de75d185bf3f5e531e264555f10574746e,"{""distance"":7,""physical_error_rate"":0.0005}","{""detection_events"":8829,""detectors_checked"":3698688}"
     72704,         0,         0,    1.53,exact_mw,c5b9b378753080b028cc9d6f4434ddf95ab0a61b3333c7295fd718d5436747fc,"{""distance"":7,""physical_error_rate"":0.0001}","{""detection_events"":21621,""detectors_checked"":43767808}"
       512,         0,         0,   0.907,exact_mw,a17a1dfb4cb0509fbcf9caf9ce6f4704b111f022b15740e51c84c2b7e14a6407,"{""distance"":7,""physical_error_rate"":0.001}","{""detection_events"":1579,""detectors_checked"":308224}"
        64,         0,         0,   0.387,exact_mw,f9daf7670c28e8b8b7ac9af8e1984263f26063cb589f7a54f43332f7ce5001d2,"{""distance"":7,""physical_error_rate"":0.002}","{""detection_events"":338,""detectors_checked"":38528}"
       512,         0,         0,   0.637,exact_mw,a17a1dfb4cb0509fbcf9caf9ce6f4704b111f022b15740e51c84c2b7e14a6407,"{""distance"":7,""physical_error_rate"":0.001}","{""detection_events"":1614,""detectors_checked"":308224}"
       128,         0,         0,   0.679,exact_mw,f9daf7670c28e8b8b7ac9af8e1984263f26063cb589f7a54f43332f7ce5001d2,"{""distance"":7,""physical_error_rate"":0.002}","{""detection_events"":813,""detectors_checked"":77056}"
        64,         0,         0,   0.333,exact_mw,f9daf7670c28e8b8b7ac9af8e1984263f26063cb589f7a54f43332f7ce5001d2,"{""distance"":7,""physical_error_rate"":0.002}","{""detection_events"":355,""detectors_checked"":38528}"
     14336,         0,         0,    2.24,exact_mw,8973b2281876bd917be29e6214e197de75d185bf3f5e531e264555f10574746e,"{""distance"":7,""physical_error_rate"":0.0005}","{""detection_events"":21265,""detectors_checked"":8630272}"
       512,         0,         0,   0.521,exact_mw,a17a1dfb4cb0509fbcf9caf9ce6f4704b111f022b15740e51c84c2b7e14a6407,"{""distance"":7,""physical_error_rate"":0.001}","{""detection_events"":1638,""detectors_checked"":308224}"
       512,         0,         0,   0.643,exact_mw,a17a1dfb4cb0509fbcf9caf9ce6f4704b111f022b15740e51c84c2b7e14a6407,"{""distance"":7,""physical_error_rate"":0.001}","{""detection_events"":1551,""detectors_checked"":308224}"
        64,         0,         0,   0.421,exact_mw,f9daf7670c28e8b8b7ac9af8e1984263f26063cb589f7a54f43332f7ce5001d2,"{""distance"":7,""physical_error_rate"":0.002}","{""detection_events"":396,""detectors_checked"":38528}"
      6144,         0,         0,    1.11,exact_mw,8973b2281876bd917be29e6214e197de75d185bf3f5e531e264555f10574746e,"{""distance"":7,""physical_error_rate"":0.0005}","{""detection_events"":9412,""detectors_checked"":3698688}"
       512,         0,         0,   0.302,exact_mw,a17a1dfb4cb0509fbcf9caf9ce6f4704b111f022b15740e51c84c2b7e14a6407,"{""distance"":7,""physical_error_rate"":0.001}","{""detection_events"":1457,""detectors_checked"":308224}"
       512,         0,         0,   0.370,exact_mw,a17a1dfb4cb0509fbcf9caf9ce6f4704b111f022b15740e51c84c2b7e14a6407,"{""distance"":7,""physical_error_rate"":0.001}","{""detection_events"":1486,""detectors_checked"":308224}"
        64,         0,         0,   0.258,exact_mw,f9daf7670c28e8b8b7ac9af8e1984263f26063cb589f7a54f43332f7ce5001d2,"{""distance"":7,""physical_error_rate"":0.002}","{""detection_events"":368,""detectors_checked"":38528}"
       128,         0,         0,   0.771,exact_mw,f9daf7670c28e8b8b7ac9af8e1984263f26063cb589f7a54f43332f7ce5001d2,"{""distance"":7,""physical_error_rate"":0.002}","{""detection_events"":760,""detectors_checked"":77056}"
     62464,         0,         0,    2.20,exact_mw,fb98ac5f0d986856d2cb4e87c937a37162f60383230d2323a40d4b2e77ef556c,"{""distance"":7,""physical_error_rate"":0.0002}","{""detection_events"":37220,""detectors_checked"":37603328}"
     26624,         6,         0,   120.5,exact_mw,f9daf7670c28e8b8b7ac9af8e1984263f26063cb589f7a54f43332f7ce5001d2,"{""distance"":7,""physical_error_rate"":0.002}","{""detection_events"":156489,""detectors_checked"":16027648,""obs_mistake_mask=E"":6}"
       512,         0,         0,   0.469,exact_mw,a17a1dfb4cb0509fbcf9caf9ce6f4704b111f022b15740e51c84c2b7e14a6407,"{""distance"":7,""physical_error_rate"":0.001}","{""detection_events"":1348,""detectors_checked"":308224}"
     99328,         0,         0,    2.20,exact_mw,fb98ac5f0d986856d2cb4e87c937a37162f60383230d2323a40d4b2e77ef556c,"{""distance"":7,""physical_error_rate"":0.0002}","{""detection_events"":59067,""detectors_checked"":59795456}"
       128,         0,         0,   0.377,exact_mw,f9daf7670c28e8b8b7ac9af8e1984263f26063cb589f7a54f43332f7ce5001d2,"{""distance"":7,""physical_error_rate"":0.002}","{""detection_events"":727,""detectors_checked"":77056}"
       512,         0,         0,   0.492,exact_mw,a17a1dfb4cb0509fbcf9caf9ce6f4704b111f022b15740e51c84c2b7e14a6407,"{""distance"":7,""physical_error_rate"":0.001}","{""detection_events"":1461,""detectors_checked"":308224}"
       128,         0,         0,   0.537,exact_mw,f9daf7670c28e8b8b7ac9af8e1984263f26063cb589f7a54f43332f7ce5001d2,"{""distance"":7,""physical_error_rate"":0.002}","{""detection_events"":729,""detectors_checked"":77056}"
       512,         0,         0,   0.402,exact_mw,a17a1dfb4cb0509fbcf9caf9ce6f4704b111f022b15740e51c84c2b7e14a6407,"{""distance"":7,""physical_error_rate"":0.001}","{""detection_events"":1549,""detectors_checked"":308224}"
    105472,         0,         0,    2.12,exact_mw,c5b9b378753080b028cc9d6f4434ddf95ab0a61b3333c7295fd718d5436747fc,"{""distance"":7,""physical_error_rate"":0.0001}","{""detection_events"":31225,""detectors_checked"":63494144}"
       128,         0,         0,   0.591,exact_mw,f9daf7670c28e8b8b7ac9af8e1984263f26063cb589f7a54f43332f7ce5001d2,"{""distance"":7,""physical_error_rate"":0.002}","{""detection_events"":773,""detectors_checked"":77056}"
       128,         0,         0,   0.770,exact_mw,f9daf7670c28e8b8b7ac9af8e1984263f26063cb589f7a54f43332f7ce5001d2,"{""distance"":7,""physical_error_rate"":0.002}","{""detection_events"":821,""detectors_checked"":77056}"
       512,         0,         0,   0.478,exact_mw,a17a1dfb4cb0509fbcf9caf9ce6f4704b111f022b15740e51c84c2b7e14a6407,"{""distance"":7,""physical_error_rate"":0.001}","{""detection_events"":1439,""detectors_checked"":308224}"
    333824,         0,         0,    4.23,exact_mw,c5b9b378753080b028cc9d6f4434ddf95ab0a61b3333c7295fd718d5436747fc,"{""distance"":7,""physical_error_rate"":0.0001}","{""detection_events"":98513,""detectors_checked"":200962048}"
     11264,         0,         0,    1.58,exact_mw,8973b2281876bd917be29e6214e197de75d185bf3f5e531e264555f10574746e,"{""distance"":7,""physical_error_rate"":0.0005}","{""detection_events"":16576,""detectors_checked"":6780928}"
       512,         0,         0,   0.307,exact_mw,a17a1dfb4cb0509fbcf9caf9ce6f4704b111f022b15740e51c84c2b7e14a6407,"{""distance"":7,""physical_error_rate"":0.001}","{""detection_events"":1396,""detectors_checked"":308224}"
       128,         0,         0,   0.489,exact_mw,f9daf7670c28e8b8b7ac9af8e1984263f26063cb589f7a54f43332f7ce5001d2,"{""distance"":7,""physical_error_rate"":0.002}","{""detection_events"":793,""detectors_checked"":77056}"
       512,         0,         0,    1.21,exact_mw,a17a1dfb4cb0509fbcf9caf9ce6f4704b111f022b15740e51c84c2b7e14a6407,"{""distance"":7,""physical_error_rate"":0.001}","{""detection_events"":1533,""detectors_checked"":308224}"
       128,         0,         0,   0.569,exact_mw,f9daf7670c28e8b8b7ac9af8e1984263f26063cb589f7a54f43332f7ce5001d2,"{""distance"":7,""physical_error_rate"":0.002}","{""detection_events"":752,""detectors_checked"":77056}"
    133632,         0,         0,   120.9,exact_mw,a17a1dfb4cb0509fbcf9caf9ce6f4704b111f022b15740e51c84c2b7e14a6407,"{""distance"":7,""physical_error_rate"":0.001}","{""detection_events"":394640,""detectors_checked"":80446464}"
   1533952,         1,         0,    44.8,exact_mw,fb98ac5f0d986856d2cb4e87c937a37162f60383230d2323a40d4b2e77ef556c,"{""distance"":7,""physical_error_rate"":0.0002}","{""detection_events"":907445,""detectors_checked"":923439104,""obs_mistake_mask=E"":1}"
       128,         0,         0,   0.453,exact_mw,f9daf7670c28e8b8b7ac9af8e1984263f26063cb589f7a54f43332f7ce5001d2,"{""distance"":7,""physical_error_rate"":0.002}","{""detection_events"":718,""detectors_checked"":77056}"
       512,         0,         0,   0.580,exact_mw,a17a1dfb4cb0509fbcf9caf9ce6f4704b111f022b15740e51c84c2b7e14a6407,"{""distance"":7,""physical_error_rate"":0.001}","{""detection_events"":1679,""detectors_checked"":308224}"
   2962432,         1,         0,    44.6,exact_mw,c5b9b378753080b028cc9d6f4434ddf95ab0a61b3333c7295fd718d5436747fc,"{""distance"":7,""physical_error_rate"":0.0001}","{""detection_events"":879194,""detectors_checked"":1783384064,""obs_mistake_mask=E"":1}"
       128,         0,         0,   0.593,exact_mw,f9daf7670c28e8b8b7ac9af8e1984263f26063cb589f7a54f43332f7ce5001d2,"{""distance"":7,""physical_error_rate"":0.002}","{""detection_events"":719,""detectors_checked"":77056}"
    100288,         3,         0,   120.0,exact_mw,a17a1dfb4cb0509fbcf9caf9ce6f4704b111f022b15740e51c84c2b7e14a6407,"{""distance"":7,""physical_error_rate"":0.001}","{""detection_events"":295187,""detectors_checked"":60373376,""obs_mistake_mask=E"":3}"
     22528,         0,         0,    3.16,exact_mw,8973b2281876bd917be29e6214e197de75d185bf3f5e531e264555f10574746e,"{""distance"":7,""physical_error_rate"":0.0005}","{""detection_events"":32715,""detectors_checked"":13561856}"
       512,         1,         0,   0.470,exact_mw,a17a1dfb4cb0509fbcf9caf9ce6f4704b111f022b15740e51c84c2b7e14a6407,"{""distance"":7,""physical_error_rate"":0.001}","{""detection_events"":1507,""detectors_checked"":308224,""obs_mistake_mask=E"":1}"
       128,         0,         0,   0.543,exact_mw,f9daf7670c28e8b8b7ac9af8e1984263f26063cb589f7a54f43332f7ce5001d2,"{""distance"":7,""physical_error_rate"":0.002}","{""detection_events"":829,""detectors_checked"":77056}"
       512,         0,         0,    1.02,exact_mw,a17a1dfb4cb0509fbcf9caf9ce6f4704b111f022b15740e51c84c2b7e14a6407,"{""distance"":7,""physical_error_rate"":0.001}","{""detection_events"":1530,""detectors_checked"":308224}"
     24576,         4,         0,   120.1,exact_mw,f9daf7670c28e8b8b7ac9af8e1984263f26063cb589f7a54f43332f7ce5001d2,"{""distance"":7,""physical_error_rate"":0.002}","{""detection_events"":144171,""detectors_checked"":14794752,""obs_mistake_mask=E"":4}"
       128,         0,         0,   0.547,exact_mw,f9daf7670c28e8b8b7ac9af8e1984263f26063cb589f7a54f43332f7ce5001d2,"{""distance"":7,""physical_error_rate"":0.002}","{""detection_events"":852,""detectors_checked"":77056}"
       128,         0,         0,   0.496,exact_mw,f9daf7670c28e8b8b7ac9af8e1984263f26063cb589f7a54f43332f7ce5001d2,"{""distance"":7,""physical_error_rate"":0.002}","{""detection_events"":790,""detectors_checked"":77056}"
    118784,         0,         0,    3.05,exact_mw,fb98ac5f0d986856d2cb4e87c937a37162f60383230d2323a40d4b2e77ef556c,"{""distance"":7,""physical_error_rate"":0.0002}","{""detection_events"":70250,""detectors_checked"":71507968}"
      1024,         0,         0,   0.705,exact_mw,a17a1dfb4cb0509fbcf9caf9ce6f4704b111f022b15740e51c84c2b7e14a6407,"{""distance"":7,""physical_error_rate"":0.001}","{""detection_events"":2938,""detectors_checked"":616448}"
    126976,         0,         0,    3.05,exact_mw,fb98ac5f0d986856d2cb4e87c937a37162f60383230d2323a40d4b2e77ef556c,"{""distance"":7,""physical_error_rate"":0.0002}","{""detection_events"":75692,""detectors_checked"":76439552}"
    128000,         3,         0,   120.5,exact_mw,a17a1dfb4cb0509fbcf9caf9ce6f4704b111f022b15740e51c84c2b7e14a6407,"{""distance"":7,""physical_error_rate"":0.001}","{""detection_events"":377292,""detectors_checked"":77056000,""obs_mistake_mask=E"":3}"
       128,         0,         0,   0.621,exact_mw,f9daf7670c28e8b8b7ac9af8e1984263f26063cb589f7a54f43332f7ce5001d2,"{""distance"":7,""physical_error_rate"":0.002}","{""detection_events"":905,""detectors_checked"":77056}"
    117760,         1,         0,   120.1,exact_mw,a17a1dfb4cb0509fbcf9caf9ce6f4704b111f022b15740e51c84c2b7e14a6407,"{""distance"":7,""physical_error_rate"":0.001}","{""detection_events"":348821,""detectors_checked"":70891520,""obs_mistake_mask=E"":1}"
     14336,         0,         0,    2.31,exact_mw,8973b2281876bd917be29e6214e197de75d185bf3f5e531e264555f10574746e,"{""distance"":7,""physical_error_rate"":0.0005}","{""detection_events"":21233,""detectors_checked"":8630272}"
       512,         0,         0,    1.11,exact_mw,a17a1dfb4cb0509fbcf9caf9ce6f4704b111f022b15740e51c84c2b7e14a6407,"{""distance"":7,""physical_error_rate"":0.001}","{""detection_events"":1441,""detectors_checked"":308224}"
       128,         0,         0,   0.668,exact_mw,f9daf7670c28e8b8b7ac9af8e1984263f26063cb589f7a54f43332f7ce5001d2,"{""distance"":7,""physical_error_rate"":0.002}","{""detection_events"":806,""detectors_checked"":77056}"
       128,         0,         0,   0.376,exact_mw,f9daf7670c28e8b8b7ac9af8e1984263f26063cb589f7a54f43332f7ce5001d2,"{""distance"":7,""physical_error_rate"":0.002}","{""detection_events"":683,""detectors_checked"":77056}"
    171008,         0,         0,    3.02,exact_mw,c5b9b378753080b028cc9d6f4434ddf95ab0a61b3333c7295fd718d5436747fc,"{""distance"":7,""physical_error_rate"":0.0001}","{""detection_events"":50630,""detectors_checked"":102946816}"
      1024,         1,         0,   0.880,exact_mw,a17a1dfb4cb0509fbcf9caf9ce6f4704b111f022b15740e51c84c2b7e14a6407,"{""distance"":7,""physical_error_rate"":0.001}","{""detection_events"":2827,""detectors_checked"":616448,""obs_mistake_mask=E"":1}"
       128,         0,         0,   0.516,exact_mw,f9daf7670c28e8b8b7ac9af8e1984263f26063cb589f7a54f43332f7ce5001d2,"{""distance"":7,""physical_error_rate"":0.002}","{""detection_events"":724,""detectors_checked"":77056}"
     24320,         7,         0,   120.3,exact_mw,f9daf7670c28e8b8b7ac9af8e1984263f26063cb589f7a54f43332f7ce5001d2,"{""distance"":7,""physical_error_rate"":0.002}","{""detection_events"":143219,""detectors_checked"":14640640,""obs_mistake_mask=E"":7}"
       256,         0,         0,    1.08,exact_mw,f9daf7670c28e8b8b7ac9af8e1984263f26063cb589f7a54f43332f7ce5001d2,"{""distance"":7,""physical_error_rate"":0.002}","{""detection_events"":1436,""detectors_checked"":154112}"
       512,         0,         0,    1.51,exact_mw,a17a1dfb4cb0509fbcf9caf9ce6f4704b111f022b15740e51c84c2b7e14a6407,"{""distance"":7,""physical_error_rate"":0.001}","{""detection_events"":1445,""detectors_checked"":308224}"
   1855488,         1,         0,    44.6,exact_mw,fb98ac5f0d986856d2cb4e87c937a37162f60383230d2323a40d4b2e77ef556c,"{""distance"":7,""physical_error_rate"":0.0002}","{""detection_events"":1099071,""detectors_checked"":1117003776,""obs_mistake_mask=E"":1}"
       256,         0,         0,   0.968,exact_mw,f9daf7670c28e8b8b7ac9af8e1984263f26063cb589f7a54f43332f7ce5001d2,"{""distance"":7,""physical_error_rate"":0.002}","{""detection_events"":1373,""detectors_checked"":154112}"
      1536,         0,         0,    1.31,exact_mw,a17a1dfb4cb0509fbcf9caf9ce6f4704b111f022b15740e51c84c2b7e14a6407,"{""distance"":7,""physical_error_rate"":0.001}","{""detection_events"":4541,""detectors_checked"":924672}"
       256,         0,         0,   0.641,exact_mw,a17a1dfb4cb0509fbcf9caf9ce6f4704b111f022b15740e51c84c2b7e14a6407,"{""distance"":7,""physical_error_rate"":0.001}","{""detection_events"":747,""detectors_checked"":154112}"
       256,         0,         0,    1.29,exact_mw,f9daf7670c28e8b8b7ac9af8e1984263f26063cb589f7a54f43332f7ce5001d2,"{""distance"":7,""physical_error_rate"":0.002}","{""detection_events"":1628,""detectors_checked"":154112}"
       256,         0,         0,    1.03,exact_mw,f9daf7670c28e8b8b7ac9af8e1984263f26063cb589f7a54f43332f7ce5001d2,"{""distance"":7,""physical_error_rate"":0.002}","{""detection_events"":1587,""detectors_checked"":154112}"
   4253696,         1,         0,   119.2,exact_mw,fb98ac5f0d986856d2cb4e87c937a37162f60383230d2323a40d4b2e77ef556c,"{""distance"":7,""physical_error_rate"":0.0002}","{""detection_events"":2527068,""detectors_checked"":2560724992,""obs_mistake_mask=E"":1}"
     17408,         0,         0,    3.13,exact_mw,8973b2281876bd917be29e6214e197de75d185bf3f5e531e264555f10574746e,"{""distance"":7,""physical_error_rate"":0.0005}","{""detection_events"":26090,""detectors_checked"":10479616}"
     33792,         0,         0,    4.33,exact_mw,8973b2281876bd917be29e6214e197de75d185bf3f5e531e264555f10574746e,"{""distance"":7,""physical_error_rate"":0.0005}","{""detection_events"":49606,""detectors_checked"":20342784}"
       256,         0,         0,   0.962,exact_mw,a17a1dfb4cb0509fbcf9caf9ce6f4704b111f022b15740e51c84c2b7e14a6407,"{""distance"":7,""physical_error_rate"":0.001}","{""detection_events"":775,""detectors_checked"":154112}"
    436224,         0,         0,    5.95,exact_mw,c5b9b378753080b028cc9d6f4434ddf95ab0a61b3333c7295fd718d5436747fc,"{""distance"":7,""physical_error_rate"":0.0001}","{""detection_events"":129860,""detectors_checked"":262606848}"
    142336,         0,         0,    4.25,exact_mw,fb98ac5f0d986856d2cb4e87c937a37162f60383230d2323a40d4b2e77ef556c,"{""distance"":7,""physical_error_rate"":0.0002}","{""detection_events"":84403,""detectors_checked"":85686272}"
      2048,         0,         0,    2.12,exact_mw,a17a1dfb4cb0509fbcf9caf9ce6f4704b111f022b15740e51c84c2b7e14a6407,"{""distance"":7,""physical_error_rate"":0.001}","{""detection_events"":6173,""detectors_checked"":1232896}"
    176128,         0,         0,    4.27,exact_mw,fb98ac5f0d986856d2cb4e87c937a37162f60383230d2323a40d4b2e77ef556c,"{""distance"":7,""physical_error_rate"":0.0002}","{""detection_events"":104680,""detectors_checked"":106029056}"
       384,         0,         0,    1.58,exact_mw,f9daf7670c28e8b8b7ac9af8e1984263f26063cb589f7a54f43332f7ce5001d2,"{""distance"":7,""physical_error_rate"":0.002}","{""detection_events"":2106,""detectors_checked"":231168}"
       384,         0,         0,    1.45,exact_mw,f9daf7670c28e8b8b7ac9af8e1984263f26063cb589f7a54f43332f7ce5001d2,"{""distance"":7,""physical_error_rate"":0.002}","{""detection_events"":2261,""detectors_checked"":231168}"
       256,         0,         0,    1.05,exact_mw,a17a1dfb4cb0509fbcf9caf9ce6f4704b111f022b15740e51c84c2b7e14a6407,"{""distance"":7,""physical_error_rate"":0.001}","{""detection_events"":810,""detectors_checked"":154112}"
    292864,         0,         0,    4.24,exact_mw,c5b9b378753080b028cc9d6f4434ddf95ab0a61b3333c7295fd718d5436747fc,"{""distance"":7,""physical_error_rate"":0.0001}","{""detection_events"":87292,""detectors_checked"":176304128}"
    206848,         0,         0,    45.1,exact_mw,8973b2281876bd917be29e6214e197de75d185bf3f5e531e264555f10574746e,"{""distance"":7,""physical_error_rate"":0.0005}","{""detection_events"":306042,""detectors_checked"":124522496}"
       512,         0,         0,    1.44,exact_mw,a17a1dfb4cb0509fbcf9caf9ce6f4704b111f022b15740e51c84c2b7e14a6407,"{""distance"":7,""physical_error_rate"":0.001}","{""detection_events"":1393,""detectors_checked"":308224}"
       384,         0,         0,    1.64,exact_mw,f9daf7670c28e8b8b7ac9af8e1984263f26063cb589f7a54f43332f7ce5001d2,"{""distance"":7,""physical_error_rate"":0.002}","{""detection_events"":2121,""detectors_checked"":231168}"
       512,         0,         0,    2.31,exact_mw,f9daf7670c28e8b8b7ac9af8e1984263f26063cb589f7a54f43332f7ce5001d2,"{""distance"":7,""physical_error_rate"":0.002}","{""detection_events"":3028,""detectors_checked"":308224}"
      3584,         0,         0,    2.73,exact_mw,a17a1dfb4cb0509fbcf9caf9ce6f4704b111f022b15740e51c84c2b7e14a6407,"{""distance"":7,""physical_error_rate"":0.001}","{""detection_events"":10271,""detectors_checked"":2157568}"
    111104,         2,         0,   120.3,exact_mw,a17a1dfb4cb0509fbcf9caf9ce6f4704b111f022b15740e51c84c2b7e14a6407,"{""distance"":7,""physical_error_rate"":0.001}","{""detection_events"":326900,""detectors_checked"":66884608,""obs_mistake_mask=E"":2}"
       512,         0,         0,    1.74,exact_mw,a17a1dfb4cb0509fbcf9caf9ce6f4704b111f022b15740e51c84c2b7e14a6407,"{""distance"":7,""physical_error_rate"":0.001}","{""detection_events"":1443,""detectors_checked"":308224}"
     27648,         0,         0,    4.40,exact_mw,8973b2281876bd917be29e6214e197de75d185bf3f5e531e264555f10574746e,"{""distance"":7,""physical_error_rate"":0.0005}","{""detection_events"":41177,""detectors_checked"":16644096}"
    676864,         3,         0,   119.9,exact_mw,8973b2281876bd917be29e6214e197de75d185bf3f5e531e264555f10574746e,"{""distance"":7,""physical_error_rate"":0.0005}","{""detection_events"":1000463,""detectors_checked"":407472128,""obs_mistake_mask=E"":3}"
       640,         0,         0,    2.42,exact_mw,f9daf7670c28e8b8b7ac9af8e1984263f26063cb589f7a54f43332f7ce5001d2,"{""distance"":7,""physical_error_rate"":0.002}","{""detection_events"":3764,""detectors_checked"":385280}"
     43008,         0,         0,    6.07,exact_mw,8973b2281876bd917be29e6214e197de75d185bf3f5e531e264555f10574746e,"{""distance"":7,""physical_error_rate"":0.0005}","{""detection_events"":63881,""detectors_checked"":25890816}"
       768,         0,         0,    3.11,exact_mw,f9daf7670c28e8b8b7ac9af8e1984263f26063cb589f7a54f43332f7ce5001d2,"{""distance"":7,""physical_error_rate"":0.002}","{""detection_events"":4594,""detectors_checked"":462336}"
    235520,         0,         0,    5.98,exact_mw,fb98ac5f0d986856d2cb4e87c937a37162f60383230d2323a40d4b2e77ef556c,"{""distance"":7,""physical_error_rate"":0.0002}","{""detection_events"":139227,""detectors_checked"":141783040}"
       512,         0,         0,    2.36,exact_mw,a17a1dfb4cb0509fbcf9caf9ce6f4704b111f022b15740e51c84c2b7e14a6407,"{""distance"":7,""physical_error_rate"":0.001}","{""detection_events"":1593,""detectors_checked"":308224}"
    236544,         0,         0,    5.97,exact_mw,fb98ac5f0d986856d2cb4e87c937a37162f60383230d2323a40d4b2e77ef556c,"{""distance"":7,""physical_error_rate"":0.0002}","{""detection_events"":141253,""detectors_checked"":142399488}"
      4096,         0,         0,    3.53,exact_mw,a17a1dfb4cb0509fbcf9caf9ce6f4704b111f022b15740e51c84c2b7e14a6407,"{""distance"":7,""physical_error_rate"":0.001}","{""detection_events"":11997,""detectors_checked"":2465792}"
     34816,         0,         0,    45.4,exact_mw,a17a1dfb4cb0509fbcf9caf9ce6f4704b111f022b15740e51c84c2b7e14a6407,"{""distance"":7,""physical_error_rate"":0.001}","{""detection_events"":103258,""detectors_checked"":20959232}"
    417792,         0,         0,    5.95,exact_mw,c5b9b378753080b028cc9d6f4434ddf95ab0a61b3333c7295fd718d5436747fc,"{""distance"":7,""physical_error_rate"":0.0001}","{""detection_events"":123512,""detectors_checked"":251510784}"
       768,         0,         0,    3.12,exact_mw,f9daf7670c28e8b8b7ac9af8e1984263f26063cb589f7a54f43332f7ce5001d2,"{""distance"":7,""physical_error_rate"":0.002}","{""detection_events"":4469,""detectors_checked"":462336}"
    642048,         0,         0,    8.31,exact_mw,c5b9b378753080b028cc9d6f4434ddf95ab0a61b3333c7295fd718d5436747fc,"{""distance"":7,""physical_error_rate"":0.0001}","{""detection_events"":190385,""detectors_checked"":386512896}"
    239616,         0,         0,    45.1,exact_mw,8973b2281876bd917be29e6214e197de75d185bf3f5e531e264555f10574746e,"{""distance"":7,""physical_error_rate"":0.0005}","{""detection_events"":353864,""detectors_checked"":144248832}"
   8401920,         1,         0,   119.2,exact_mw,c5b9b378753080b028cc9d6f4434ddf95ab0a61b3333c7295fd718d5436747fc,"{""distance"":7,""physical_error_rate"":0.0001}","{""detection_events"":2493087,""detectors_checked"":5057955840,""obs_mistake_mask=E"":1}"
     49152,         1,         0,    45.2,exact_mw,a17a1dfb4cb0509fbcf9caf9ce6f4704b111f022b15740e51c84c2b7e14a6407,"{""distance"":7,""physical_error_rate"":0.001}","{""detection_events"":145937,""detectors_checked"":29589504,""obs_mistake_mask=E"":1}"
      5952,         0,         0,    45.6,exact_mw,f9daf7670c28e8b8b7ac9af8e1984263f26063cb589f7a54f43332f7ce5001d2,"{""distance"":7,""physical_error_rate"":0.002}","{""detection_events"":34277,""detectors_checked"":3583104}"
       768,         0,         0,    3.65,exact_mw,a17a1dfb4cb0509fbcf9caf9ce6f4704b111f022b15740e51c84c2b7e14a6407,"{""distance"":7,""physical_error_rate"":0.001}","{""detection_events"":2400,""detectors_checked"":462336}"
     34816,         0,         0,    5.99,exact_mw,8973b2281876bd917be29e6214e197de75d185bf3f5e531e264555f10574746e,"{""distance"":7,""physical_error_rate"":0.0005}","{""detection_events"":51913,""detectors_checked"":20959232}"
      7744,         0,         0,    45.7,exact_mw,f9daf7670c28e8b8b7ac9af8e1984263f26063cb589f7a54f43332f7ce5001d2,"{""distance"":7,""physical_error_rate"":0.002}","{""detection_events"":45719,""detectors_checked"":4661888}"
      1152,         0,         0,    4.54,exact_mw,f9daf7670c28e8b8b7ac9af8e1984263f26063cb589f7a54f43332f7ce5001d2,"{""distance"":7,""physical_error_rate"":0.002}","{""detection_events"":6628,""detectors_checked"":693504}"
      6144,         0,         0,    4.77,exact_mw,a17a1dfb4cb0509fbcf9caf9ce6f4704b111f022b15740e51c84c2b7e14a6407,"{""distance"":7,""physical_error_rate"":0.001}","{""detection_events"":17925,""detectors_checked"":3698688}"
      1280,         0,         0,    4.66,exact_mw,f9daf7670c28e8b8b7ac9af8e1984263f26063cb589f7a54f43332f7ce5001d2,"{""distance"":7,""physical_error_rate"":0.002}","{""detection_events"":7356,""detectors_checked"":770560}"
    125952,         1,         0,   120.6,exact_mw,a17a1dfb4cb0509fbcf9caf9ce6f4704b111f022b15740e51c84c2b7e14a6407,"{""distance"":7,""physical_error_rate"":0.001}","{""detection_events"":369158,""detectors_checked"":75823104,""obs_mistake_mask=E"":1}"
     61440,         0,         0,    8.39,exact_mw,8973b2281876bd917be29e6214e197de75d185bf3f5e531e264555f10574746e,"{""distance"":7,""physical_error_rate"":0.0005}","{""detection_events"":91042,""detectors_checked"":36986880}"
    368640,         0,         0,    8.31,exact_mw,fb98ac5f0d986856d2cb4e87c937a37162f60383230d2323a40d4b2e77ef556c,"{""distance"":7,""physical_error_rate"":0.0002}","{""detection_events"":217222,""detectors_checked"":221921280}"
       768,         0,         0,    4.65,exact_mw,a17a1dfb4cb0509fbcf9caf9ce6f4704b111f022b15740e51c84c2b7e14a6407,"{""distance"":7,""physical_error_rate"":0.001}","{""detection_events"":2297,""detectors_checked"":462336}"
    351232,         0,         0,    8.34,exact_mw,fb98ac5f0d986856d2cb4e87c937a37162f60383230d2323a40d4b2e77ef556c,"{""distance"":7,""physical_error_rate"":0.0002}","{""detection_events"":208705,""detectors_checked"":211441664}"
    607232,         0,         0,    8.33,exact_mw,c5b9b378753080b028cc9d6f4434ddf95ab0a61b3333c7295fd718d5436747fc,"{""distance"":7,""physical_error_rate"":0.0001}","{""detection_events"":179307,""detectors_checked"":365553664}"
     22368,         5,         0,   120.0,exact_mw,f9daf7670c28e8b8b7ac9af8e1984263f26063cb589f7a54f43332f7ce5001d2,"{""distance"":7,""physical_error_rate"":0.002}","{""detection_events"":130530,""detectors_checked"":13465536,""obs_mistake_mask=E"":5}"
      1664,         0,         0,    6.39,exact_mw,f9daf7670c28e8b8b7ac9af8e1984263f26063cb589f7a54f43332f7ce5001d2,"{""distance"":7,""physical_error_rate"":0.002}","{""detection_events"":9835,""detectors_checked"":1001728}"
     22304,         2,         0,   120.0,exact_mw,f9daf7670c28e8b8b7ac9af8e1984263f26063cb589f7a54f43332f7ce5001d2,"{""distance"":7,""physical_error_rate"":0.002}","{""detection_events"":130451,""detectors_checked"":13427008,""obs_mistake_mask=E"":2}"
      8192,         0,         0,    6.67,exact_mw,a17a1dfb4cb0509fbcf9caf9ce6f4704b111f022b15740e51c84c2b7e14a6407,"{""distance"":7,""physical_error_rate"":0.001}","{""detection_events"":24230,""detectors_checked"":4931584}"
      9216,         0,         0,    8.77,exact_mw,8973b2281876bd917be29e6214e197de75d185bf3f5e531e264555f10574746e,"{""distance"":7,""physical_error_rate"":0.0005}","{""detection_events"":13828,""detectors_checked"":5548032}"
      1664,         0,         0,    6.41,exact_mw,f9daf7670c28e8b8b7ac9af8e1984263f26063cb589f7a54f43332f7ce5001d2,"{""distance"":7,""physical_error_rate"":0.002}","{""detection_events"":9807,""detectors_checked"":1001728}"
   1032192,         0,         0,    11.6,exact_mw,c5b9b378753080b028cc9d6f4434ddf95ab0a61b3333c7295fd718d5436747fc,"{""distance"":7,""physical_error_rate"":0.0001}","{""detection_events"":307924,""detectors_checked"":621379584}"
      1152,         0,         0,    6.17,exact_mw,a17a1dfb4cb0509fbcf9caf9ce6f4704b111f022b15740e51c84c2b7e14a6407,"{""distance"":7,""physical_error_rate"":0.001}","{""detection_events"":3361,""detectors_checked"":693504}"
      2176,         2,         0,    8.52,exact_mw,f9daf7670c28e8b8b7ac9af8e1984263f26063cb589f7a54f43332f7ce5001d2,"{""distance"":7,""physical_error_rate"":0.002}","{""detection_events"":12246,""detectors_checked"":1309952,""obs_mistake_mask=E"":2}"
     78848,         0,         0,    11.7,exact_mw,8973b2281876bd917be29e6214e197de75d185bf3f5e531e264555f10574746e,"{""distance"":7,""physical_error_rate"":0.0005}","{""detection_events"":117997,""detectors_checked"":47466496}"
    611328,         0,         0,    11.7,exact_mw,fb98ac5f0d986856d2cb4e87c937a37162f60383230d2323a40d4b2e77ef556c,"{""distance"":7,""physical_error_rate"":0.0002}","{""detection_events"":360896,""detectors_checked"":368019456}"
    443392,         0,         0,    11.7,exact_mw,fb98ac5f0d986856d2cb4e87c937a37162f60383230d2323a40d4b2e77ef556c,"{""distance"":7,""physical_error_rate"":0.0002}","{""detection_events"":263162,""detectors_checked"":266921984}"
    818176,         0,         0,    11.6,exact_mw,c5b9b378753080b028cc9d6f4434ddf95ab0a61b3333c7295fd718d5436747fc,"{""distance"":7,""physical_error_rate"":0.0001}","{""detection_events"":242134,""detectors_checked"":492541952}"
     11264,         0,         0,    9.32,exact_mw,a17a1dfb4cb0509fbcf9caf9ce6f4704b111f022b15740e51c84c2b7e14a6407,"{""distance"":7,""physical_error_rate"":0.001}","{""detection_events"":33628,""detectors_checked"":6780928}"
      2432,         0,         0,    8.94,exact_mw,f9daf7670c28e8b8b7ac9af8e1984263f26063cb589f7a54f43332f7ce5001d2,"{""distance"":7,""physical_error_rate"":0.002}","{""detection_events"":14073,""detectors_checked"":1464064}"
      5760,         0,         0,    8.43,exact_mw,a17a1dfb4cb0509fbcf9caf9ce6f4704b111f022b15740e51c84c2b7e14a6407,"{""distance"":7,""physical_error_rate"":0.001}","{""detection_events"":16983,""detectors_checked"":3467520}"
     35328,         0,         0,    11.8,exact_mw,8973b2281876bd917be29e6214e197de75d185bf3f5e531e264555f10574746e,"{""distance"":7,""physical_error_rate"":0.0005}","{""detection_events"":52162,""detectors_checked"":21267456}"
   7609344,         1,         0,   118.9,exact_mw,c5b9b378753080b028cc9d6f4434ddf95ab0a61b3333c7295fd718d5436747fc,"{""distance"":7,""physical_error_rate"":0.0001}","{""detection_events"":2256137,""detectors_checked"":4580825088,""obs_mistake_mask=E"":1}"
   3934208,         2,         0,   119.1,exact_mw,fb98ac5f0d986856d2cb4e87c937a37162f60383230d2323a40d4b2e77ef556c,"{""distance"":7,""physical_error_rate"":0.0002}","{""detection_events"":2337978,""detectors_checked"":2368393216,""obs_mistake_mask=E"":2}"
    978944,         0,         0,    16.3,exact_mw,c5b9b378753080b028cc9d6f4434ddf95ab0a61b3333c7295fd718d5436747fc,"{""distance"":7,""physical_error_rate"":0.0001}","{""detection_events"":292161,""detectors_checked"":589324288}"
      2176,         0,         0,    11.8,exact_mw,f9daf7670c28e8b8b7ac9af8e1984263f26063cb589f7a54f43332f7ce5001d2,"{""distance"":7,""physical_error_rate"":0.002}","{""detection_events"":13166,""detectors_checked"":1309952}"
   4261160,         0,         0,    64.0,exact_mw,c5b9b378753080b028cc9d6f4434ddf95ab0a61b3333c7295fd718d5436747fc,"{""distance"":7,""physical_error_rate"":0.0001}","{""detection_events"":1266308,""detectors_checked"":2565218320}"
   7980032,         1,         0,   116.4,exact_mw,c5b9b378753080b028cc9d6f4434ddf95ab0a61b3333c7295fd718d5436747fc,"{""distance"":7,""physical_error_rate"":0.0001}","{""detection_events"":2365365,""detectors_checked"":4803979264,""obs_mistake_mask=E"":1}"
     13312,         0,         0,    12.4,exact_mw,a17a1dfb4cb0509fbcf9caf9ce6f4704b111f022b15740e51c84c2b7e14a6407,"{""distance"":7,""physical_error_rate"":0.001}","{""detection_events"":38942,""detectors_checked"":8013824}"
      2176,         1,         0,    12.3,exact_mw,f9daf7670c28e8b8b7ac9af8e1984263f26063cb589f7a54f43332f7ce5001d2,"{""distance"":7,""physical_error_rate"":0.002}","{""detection_events"":12780,""detectors_checked"":1309952,""obs_mistake_mask=E"":1}"
    576512,         0,         0,   119.9,exact_mw,8973b2281876bd917be29e6214e197de75d185bf3f5e531e264555f10574746e,"{""distance"":7,""physical_error_rate"":0.0005}","{""detection_events"":856497,""detectors_checked"":347060224}"
      9216,         0,         0,    12.1,exact_mw,a17a1dfb4cb0509fbcf9caf9ce6f4704b111f022b15740e51c84c2b7e14a6407,"{""distance"":7,""physical_error_rate"":0.001}","{""detection_events"":27484,""detectors_checked"":5548032}"
    100352,         1,         0,    16.5,exact_mw,8973b2281876bd917be29e6214e197de75d185bf3f5e531e264555f10574746e,"{""distance"":7,""physical_error_rate"":0.0005}","{""detection_events"":148011,""detectors_checked"":60411904,""obs_mistake_mask=E"":1}"
    453632,         0,         0,    16.3,exact_mw,fb98ac5f0d986856d2cb4e87c937a37162f60383230d2323a40d4b2e77ef556c,"{""distance"":7,""physical_error_rate"":0.0002}","{""detection_events"":268572,""detectors_checked"":273086464}"
    651264,         0,         0,    16.3,exact_mw,fb98ac5f0d986856d2cb4e87c937a37162f60383230d2323a40d4b2e77ef556c,"{""distance"":7,""physical_error_rate"":0.0002}","{""detection_events"":383445,""detectors_checked"":392060928}"
    881664,         0,         0,    16.2,exact_mw,c5b9b378753080b028cc9d6f4434ddf95ab0a61b3333c7295fd718d5436747fc,"{""distance"":7,""physical_error_rate"":0.0001}","{""detection_events"":262082,""detectors_checked"":530761728}"
   4030464,         0,         0,   119.3,exact_mw,fb98ac5f0d986856d2cb4e87c937a37162f60383230d2323a40d4b2e77ef556c,"{""distance"":7,""physical_error_rate"":0.0002}","{""detection_events"":2388122,""detectors_checked"":2426339328}"
     76800,         1,         0,    16.4,exact_mw,8973b2281876bd917be29e6214e197de75d185bf3f5e531e264555f10574746e,"{""distance"":7,""physical_error_rate"":0.0005}","{""detection_events"":113108,""detectors_checked"":46233600,""obs_mistake_mask=E"":1}"
     97792,         2,         0,   120.5,exact_mw,a17a1dfb4cb0509fbcf9caf9ce6f4704b111f022b15740e51c84c2b7e14a6407,"{""distance"":7,""physical_error_rate"":0.001}","{""detection_events"":287206,""detectors_checked"":58870784,""obs_mistake_mask=E"":2}"
      3200,         1,         0,    16.9,exact_mw,f9daf7670c28e8b8b7ac9af8e1984263f26063cb589f7a54f43332f7ce5001d2,"{""distance"":7,""physical_error_rate"":0.002}","{""detection_events"":18523,""detectors_checked"":1926400,""obs_mistake_mask=E"":1}"
     18432,         0,         0,    16.6,exact_mw,a17a1dfb4cb0509fbcf9caf9ce6f4704b111f022b15740e51c84c2b7e14a6407,"{""distance"":7,""physical_error_rate"":0.001}","{""detection_events"":53664,""detectors_checked"":11096064}"
      2688,         1,         0,    16.6,exact_mw,f9daf7670c28e8b8b7ac9af8e1984263f26063cb589f7a54f43332f7ce5001d2,"{""distance"":7,""physical_error_rate"":0.002}","{""detection_events"":15683,""detectors_checked"":1618176,""obs_mistake_mask=E"":1}"
   1592320,         0,         0,    62.7,exact_mw,fb98ac5f0d986856d2cb4e87c937a37162f60383230d2323a40d4b2e77ef556c,"{""distance"":7,""physical_error_rate"":0.0002}","{""detection_events"":940540,""detectors_checked"":958576640}"
   4118528,         0,         0,    62.5,exact_mw,c5b9b378753080b028cc9d6f4434ddf95ab0a61b3333c7295fd718d5436747fc,"{""distance"":7,""physical_error_rate"":0.0001}","{""detection_events"":1221597,""detectors_checked"":2479353856}"
     13312,         0,         0,    16.8,exact_mw,a17a1dfb4cb0509fbcf9caf9ce6f4704b111f022b15740e51c84c2b7e14a6407,"{""distance"":7,""physical_error_rate"":0.001}","{""detection_events"":39016,""detectors_checked"":8013824}"
     26880,         1,         0,   120.2,exact_mw,f9daf7670c28e8b8b7ac9af8e1984263f26063cb589f7a54f43332f7ce5001d2,"{""distance"":7,""physical_error_rate"":0.002}","{""detection_events"":157432,""detectors_checked"":16181760,""obs_mistake_mask=E"":1}"
    640000,         2,         0,   119.9,exact_mw,8973b2281876bd917be29e6214e197de75d185bf3f5e531e264555f10574746e,"{""distance"":7,""physical_error_rate"":0.0005}","{""detection_events"":945641,""detectors_checked"":385280000,""obs_mistake_mask=E"":2}"
   1290240,         0,         0,    22.6,exact_mw,c5b9b378753080b028cc9d6f4434ddf95ab0a61b3333c7295fd718d5436747fc,"{""distance"":7,""physical_error_rate"":0.0001}","{""detection_events"":383610,""detectors_checked"":776724480}"
   2193408,         0,         0,    62.6,exact_mw,fb98ac5f0d986856d2cb4e87c937a37162f60383230d2323a40d4b2e77ef556c,"{""distance"":7,""physical_error_rate"":0.0002}","{""detection_events"":1303882,""detectors_checked"":1320431616}"
    113152,         2,         0,   120.1,exact_mw,a17a1dfb4cb0509fbcf9caf9ce6f4704b111f022b15740e51c84c2b7e14a6407,"{""distance"":7,""physical_error_rate"":0.001}","{""detection_events"":331872,""detectors_checked"":68117504,""obs_mistake_mask=E"":2}"
    232448,         0,         0,    63.1,exact_mw,8973b2281876bd917be29e6214e197de75d185bf3f5e531e264555f10574746e,"{""distance"":7,""physical_error_rate"":0.0005}","{""detection_events"":344088,""detectors_checked"":139933696}"
    143360,         0,         0,    23.0,exact_mw,8973b2281876bd917be29e6214e197de75d185bf3f5e531e264555f10574746e,"{""distance"":7,""physical_error_rate"":0.0005}","{""detection_events"":211445,""detectors_checked"":86302720}"
   6995767,         0,         0,   114.1,exact_mw,c5b9b378753080b028cc9d6f4434ddf95ab0a61b3333c7295fd718d5436747fc,"{""distance"":7,""physical_error_rate"":0.0001}","{""detection_events"":2077817,""detectors_checked"":4211451734}"
   5489664,         0,         0,    82.7,exact_mw,c5b9b378753080b028cc9d6f4434ddf95ab0a61b3333c7295fd718d5436747fc,"{""distance"":7,""physical_error_rate"":0.0001}","{""detection_events"":1629072,""detectors_checked"":3304777728}"
    657408,         0,         0,    22.7,exact_mw,fb98ac5f0d986856d2cb4e87c937a37162f60383230d2323a40d4b2e77ef556c,"{""distance"":7,""physical_error_rate"":0.0002}","{""detection_events"":389416,""detectors_checked"":395759616}"
    866304,         0,         0,    22.8,exact_mw,fb98ac5f0d986856d2cb4e87c937a37162f60383230d2323a40d4b2e77ef556c,"{""distance"":7,""physical_error_rate"":0.0002}","{""detection_events"":515040,""detectors_checked"":521515008}"
   1192960,         0,         0,    22.7,exact_mw,c5b9b378753080b028cc9d6f4434ddf95ab0a61b3333c7295fd718d5436747fc,"{""distance"":7,""physical_error_rate"":0.0001}","{""detection_events"":355138,""detectors_checked"":718161920}"
     56320,         2,         0,    63.3,exact_mw,a17a1dfb4cb0509fbcf9caf9ce6f4704b111f022b15740e51c84c2b7e14a6407,"{""distance"":7,""physical_error_rate"":0.001}","{""detection_events"":166343,""detectors_checked"":33904640,""obs_mistake_mask=E"":2}"
     96256,         1,         0,    23.0,exact_mw,8973b2281876bd917be29e6214e197de75d185bf3f5e531e264555f10574746e,"{""distance"":7,""physical_error_rate"":0.0005}","{""detection_events"":143166,""detectors_checked"":57946112,""obs_mistake_mask=E"":1}"
   4086784,         1,         0,   119.3,exact_mw,fb98ac5f0d986856d2cb4e87c937a37162f60383230d2323a40d4b2e77ef556c,"{""distance"":7,""physical_error_rate"":0.0002}","{""detection_events"":2424530,""detectors_checked"":2460243968,""obs_mistake_mask=E"":1}"
    231936,         0,         0,    63.0,exact_mw,8973b2281876bd917be29e6214e197de75d185bf3f5e531e264555f10574746e,"{""distance"":7,""physical_error_rate"":0.0005}","{""detection_events"":341016,""detectors_checked"":139625472}"
     68096,         1,         0,    63.0,exact_mw,a17a1dfb4cb0509fbcf9caf9ce6f4704b111f022b15740e51c84c2b7e14a6407,"{""distance"":7,""physical_error_rate"":0.001}","{""detection_events"":202684,""detectors_checked"":40993792,""obs_mistake_mask=E"":1}"
      8576,         1,         0,    63.1,exact_mw,f9daf7670c28e8b8b7ac9af8e1984263f26063cb589f7a54f43332f7ce5001d2,"{""distance"":7,""physical_error_rate"":0.002}","{""detection_events"":50747,""detectors_checked"":5162752,""obs_mistake_mask=E"":1}"
    345384,         0,         0,    7.29,exact_mw,c5b9b378753080b028cc9d6f4434ddf95ab0a61b3333c7295fd718d5436747fc,"{""distance"":7,""physical_error_rate"":0.0001}","{""detection_events"":101782,""detectors_checked"":207921168}"
      8624,         3,         0,    63.7,exact_mw,f9daf7670c28e8b8b7ac9af8e1984263f26063cb589f7a54f43332f7ce5001d2,"{""distance"":7,""physical_error_rate"":0.002}","{""detection_events"":49963,""detectors_checked"":5191648,""obs_mistake_mask=E"":3}"
    615424,         1,         0,   119.8,exact_mw,8973b2281876bd917be29e6214e197de75d185bf3f5e531e264555f10574746e,"{""distance"":7,""physical_error_rate"":0.0005}","{""detection_events"":914215,""detectors_checked"":370485248,""obs_mistake_mask=E"":1}"
      4736,         0,         0,    23.1,exact_mw,f9daf7670c28e8b8b7ac9af8e1984263f26063cb589f7a54f43332f7ce5001d2,"{""distance"":7,""physical_error_rate"":0.002}","{""detection_events"":27950,""detectors_checked"":2851072}"
     25600,         1,         0,    23.2,exact_mw,a17a1dfb4cb0509fbcf9caf9ce6f4704b111f022b15740e51c84c2b7e14a6407,"{""distance"":7,""physical_error_rate"":0.001}","{""detection_events"":74322,""detectors_checked"":15411200,""obs_mistake_mask=E"":1}"
      3968,         0,         0,    23.2,exact_mw,f9daf7670c28e8b8b7ac9af8e1984263f26063cb589f7a54f43332f7ce5001d2,"{""distance"":7,""physical_error_rate"":0.002}","{""detection_events"":23271,""detectors_checked"":2388736}"
     18432,         0,         0,    23.2,exact_mw,a17a1dfb4cb0509fbcf9caf9ce6f4704b111f022b15740e51c84c2b7e14a6407,"{""distance"":7,""physical_error_rate"":0.001}","{""detection_events"":53925,""detectors_checked"":11096064}"
    111104,         3,         0,   120.5,exact_mw,a17a1dfb4cb0509fbcf9caf9ce6f4704b111f022b15740e51c84c2b7e14a6407,"{""distance"":7,""physical_error_rate"":0.001}","{""detection_events"":327424,""detectors_checked"":66884608,""obs_mistake_mask=E"":3}"
     17872,         7,         0,   120.0,exact_mw,f9daf7670c28e8b8b7ac9af8e1984263f26063cb589f7a54f43332f7ce5001d2,"{""distance"":7,""physical_error_rate"":0.002}","{""detection_events"":104448,""detectors_checked"":10758944,""obs_mistake_mask=E"":7}"
   4637914,         1,         0,   103.8,exact_mw,c5b9b378753080b028cc9d6f4434ddf95ab0a61b3333c7295fd718d5436747fc,"{""distance"":7,""physical_error_rate"":0.0001}","{""detection_events"":1376549,""detectors_checked"":2792024228,""obs_mistake_mask=E"":1}"
   4494336,         1,         0,    78.1,exact_mw,c5b9b378753080b028cc9d6f4434ddf95ab0a61b3333c7295fd718d5436747fc,"{""distance"":7,""physical_error_rate"":0.0001}","{""detection_events"":1333948,""detectors_checked"":2705590272,""obs_mistake_mask=E"":1}"
   4460544,         0,         0,   111.2,exact_mw,c5b9b378753080b028cc9d6f4434ddf95ab0a61b3333c7295fd718d5436747fc,"{""distance"":7,""physical_error_rate"":0.0001}","{""detection_events"":1320679,""detectors_checked"":2685247488}"
   4251421,         0,         0,   109.0,exact_mw,c5b9b378753080b028cc9d6f4434ddf95ab0a61b3333c7295fd718d5436747fc,"{""distance"":7,""physical_error_rate"":0.0001}","{""detection_events"":1260198,""detectors_checked"":2559355442}"
   3941376,         0,         0,    58.7,exact_mw,c5b9b378753080b028cc9d6f4434ddf95ab0a61b3333c7295fd718d5436747fc,"{""distance"":7,""physical_error_rate"":0.0001}","{""detection_events"":1170488,""detectors_checked"":2372708352}"
   3150896,         0,         0,    51.8,exact_mw,c5b9b378753080b028cc9d6f4434ddf95ab0a61b3333c7295fd718d5436747fc,"{""distance"":7,""physical_error_rate"":0.0001}","{""detection_events"":935451,""detectors_checked"":1896839392}"
   3041280,         0,         0,    51.9,exact_mw,c5b9b378753080b028cc9d6f4434ddf95ab0a61b3333c7295fd718d5436747fc,"{""distance"":7,""physical_error_rate"":0.0001}","{""detection_events"":900418,""detectors_checked"":1830850560}"
   1989632,         2,         0,    31.9,exact_mw,c5b9b378753080b028cc9d6f4434ddf95ab0a61b3333c7295fd718d5436747fc,"{""distance"":7,""physical_error_rate"":0.0001}","{""detection_events"":589433,""detectors_checked"":1197758464,""obs_mistake_mask=E"":2}"
     24448,         1,         0,   120.2,exact_mw,f9daf7670c28e8b8b7ac9af8e1984263f26063cb589f7a54f43332f7ce5001d2,"{""distance"":7,""physical_error_rate"":0.002}","{""detection_events"":140940,""detectors_checked"":14717696,""obs_mistake_mask=E"":1}"
   2674688,         0,         0,   119.2,exact_mw,fb98ac5f0d986856d2cb4e87c937a37162f60383230d2323a40d4b2e77ef556c,"{""distance"":7,""physical_error_rate"":0.0002}","{""detection_events"":1580557,""detectors_checked"":1610162176}"
    214016,         0,         0,    32.2,exact_mw,8973b2281876bd917be29e6214e197de75d185bf3f5e531e264555f10574746e,"{""distance"":7,""physical_error_rate"":0.0005}","{""detection_events"":314716,""detectors_checked"":128837632}"
   1230848,         0,         0,    32.0,exact_mw,fb98ac5f0d986856d2cb4e87c937a37162f60383230d2323a40d4b2e77ef556c,"{""distance"":7,""physical_error_rate"":0.0002}","{""detection_events"":728961,""detectors_checked"":740970496}"
    651776,         4,         0,   120.2,exact_mw,8973b2281876bd917be29e6214e197de75d185bf3f5e531e264555f10574746e,"{""distance"":7,""physical_error_rate"":0.0005}","{""detection_events"":962323,""detectors_checked"":392369152,""obs_mistake_mask=E"":4}"
    517120,         0,         0,    32.1,exact_mw,fb98ac5f0d986856d2cb4e87c937a37162f60383230d2323a40d4b2e77ef556c,"{""distance"":7,""physical_error_rate"":0.0002}","{""detection_events"":305939,""detectors_checked"":311306240}"
   1994752,         0,         0,    31.9,exact_mw,c5b9b378753080b028cc9d6f4434ddf95ab0a61b3333c7295fd718d5436747fc,"{""distance"":7,""physical_error_rate"":0.0001}","{""detection_events"":590030,""detectors_checked"":1200840704}"
    570242,         0,         0,    7.54,exact_mw,c5b9b378753080b028cc9d6f4434ddf95ab0a61b3333c7295fd718d5436747fc,"{""distance"":7,""physical_error_rate"":0.0001}","{""detection_events"":168962,""detectors_checked"":343285684}"
   2460672,         1,         0,    40.9,exact_mw,c5b9b378753080b028cc9d6f4434ddf95ab0a61b3333c7295fd718d5436747fc,"{""distance"":7,""physical_error_rate"":0.0001}","{""detection_events"":733723,""detectors_checked"":1481324544,""obs_mistake_mask=E"":1}"
   2010112,         0,         0,    33.4,exact_mw,c5b9b378753080b028cc9d6f4434ddf95ab0a61b3333c7295fd718d5436747fc,"{""distance"":7,""physical_error_rate"":0.0001}","{""detection_events"":592339,""detectors_checked"":1210087424}"
   4420608,         0,         0,   119.2,exact_mw,fb98ac5f0d986856d2cb4e87c937a37162f60383230d2323a40d4b2e77ef556c,"{""distance"":7,""physical_error_rate"":0.0002}","{""detection_events"":2618685,""detectors_checked"":2661206016}"
   5046272,         0,         0,   119.3,exact_mw,fb98ac5f0d986856d2cb4e87c937a37162f60383230d2323a40d4b2e77ef556c,"{""distance"":7,""physical_error_rate"":0.0002}","{""detection_events"":3006231,""detectors_checked"":3037855744}"
    712704,         3,         0,   120.0,exact_mw,8973b2281876bd917be29e6214e197de75d185bf3f5e531e264555f10574746e,"{""distance"":7,""physical_error_rate"":0.0005}","{""detection_events"":1053575,""detectors_checked"":429047808,""obs_mistake_mask=E"":3}"
    189440,         2,         0,    32.2,exact_mw,8973b2281876bd917be29e6214e197de75d185bf3f5e531e264555f10574746e,"{""distance"":7,""physical_error_rate"":0.0005}","{""detection_events"":280136,""detectors_checked"":114042880,""obs_mistake_mask=E"":2}"
   3868672,         0,         0,   119.1,exact_mw,fb98ac5f0d986856d2cb4e87c937a37162f60383230d2323a40d4b2e77ef556c,"{""distance"":7,""physical_error_rate"":0.0002}","{""detection_events"":2292305,""detectors_checked"":2328940544}"
    764928,         3,         0,   119.9,exact_mw,8973b2281876bd917be29e6214e197de75d185bf3f5e531e264555f10574746e,"{""distance"":7,""physical_error_rate"":0.0005}","{""detection_events"":1132294,""detectors_checked"":460486656,""obs_mistake_mask=E"":3}"
   1017459,         0,         0,    13.6,exact_mw,c5b9b378753080b028cc9d6f4434ddf95ab0a61b3333c7295fd718d5436747fc,"{""distance"":7,""physical_error_rate"":0.0001}","{""detection_events"":302122,""detectors_checked"":612510318}"
   1469528,         0,         0,    19.2,exact_mw,c5b9b378753080b028cc9d6f4434ddf95ab0a61b3333c7295fd718d5436747fc,"{""distance"":7,""physical_error_rate"":0.0001}","{""detection_events"":433666,""detectors_checked"":884655856}"
    714752,         2,         0,   120.0,exact_mw,8973b2281876bd917be29e6214e197de75d185bf3f5e531e264555f10574746e,"{""distance"":7,""physical_error_rate"":0.0005}","{""detection_events"":1053296,""detectors_checked"":430280704,""obs_mistake_mask=E"":2}"
   1347067,         0,         0,    17.7,exact_mw,c5b9b378753080b028cc9d6f4434ddf95ab0a61b3333c7295fd718d5436747fc,"{""distance"":7,""physical_error_rate"":0.0001}","{""detection_events"":400816,""detectors_checked"":810934334}"
   1290240,         0,         0,    17.0,exact_mw,c5b9b378753080b028cc9d6f4434ddf95ab0a61b3333c7295fd718d5436747fc,"{""distance"":7,""physical_error_rate"":0.0001}","{""detection_events"":382546,""detectors_checked"":776724480}"
   1298432,         0,         0,    17.8,exact_mw,c5b9b378753080b028cc9d6f4434ddf95ab0a61b3333c7295fd718d5436747fc,"{""distance"":7,""physical_error_rate"":0.0001}","{""detection_events"":386829,""detectors_checked"":781656064}"
   3240960,         0,         0,   119.2,exact_mw,fb98ac5f0d986856d2cb4e87c937a37162f60383230d2323a40d4b2e77ef556c,"{""distance"":7,""physical_error_rate"":0.0002}","{""detection_events"":1919949,""detectors_checked"":1951057920}"
     26368,         5,         0,   120.3,exact_mw,f9daf7670c28e8b8b7ac9af8e1984263f26063cb589f7a54f43332f7ce5001d2,"{""distance"":7,""physical_error_rate"":0.002}","{""detection_events"":153557,""detectors_checked"":15873536,""obs_mistake_mask=E"":5}"
      8192,         2,         0,    32.5,exact_mw,f9daf7670c28e8b8b7ac9af8e1984263f26063cb589f7a54f43332f7ce5001d2,"{""distance"":7,""physical_error_rate"":0.002}","{""detection_events"":47821,""detectors_checked"":4931584,""obs_mistake_mask=E"":2}"
    628736,         4,         0,   120.0,exact_mw,8973b2281876bd917be29e6214e197de75d185bf3f5e531e264555f10574746e,"{""distance"":7,""physical_error_rate"":0.0005}","{""detection_events"":931766,""detectors_checked"":378499072,""obs_mistake_mask=E"":4}"
     39936,         0,         0,    32.9,exact_mw,a17a1dfb4cb0509fbcf9caf9ce6f4704b111f022b15740e51c84c2b7e14a6407,"{""distance"":7,""physical_error_rate"":0.001}","{""detection_events"":117521,""detectors_checked"":24041472}"
      7680,         0,         0,    32.6,exact_mw,f9daf7670c28e8b8b7ac9af8e1984263f26063cb589f7a54f43332f7ce5001d2,"{""distance"":7,""physical_error_rate"":0.002}","{""detection_events"":45371,""detectors_checked"":4623360}"
     25344,         3,         0,   120.0,exact_mw,f9daf7670c28e8b8b7ac9af8e1984263f26063cb589f7a54f43332f7ce5001d2,"{""distance"":7,""physical_error_rate"":0.002}","{""detection_events"":149785,""detectors_checked"":15257088,""obs_mistake_mask=E"":3}"
    336765,         0,         0,    4.52,exact_mw,c5b9b378753080b028cc9d6f4434ddf95ab0a61b3333c7295fd718d5436747fc,"{""distance"":7,""physical_error_rate"":0.0001}","{""detection_events"":101102,""detectors_checked"":202732530}"
   1029120,         0,         0,    13.7,exact_mw,c5b9b378753080b028cc9d6f4434ddf95ab0a61b3333c7295fd718d5436747fc,"{""distance"":7,""physical_error_rate"":0.0001}","{""detection_events"":306032,""detectors_checked"":619530240}"
   1056768,         0,         0,    14.3,exact_mw,c5b9b378753080b028cc9d6f4434ddf95ab0a61b3333c7295fd718d5436747fc,"{""distance"":7,""physical_error_rate"":0.0001}","{""detection_events"":313577,""detectors_checked"":636174336}"
     10176,         2,         0,    32.2,exact_mw,a17a1dfb4cb0509fbcf9caf9ce6f4704b111f022b15740e51c84c2b7e14a6407,"{""distance"":7,""physical_error_rate"":0.001}","{""detection_events"":29923,""detectors_checked"":6125952,""obs_mistake_mask=E"":2}"
    991025,         0,         0,    40.5,exact_mw,c5b9b378753080b028cc9d6f4434ddf95ab0a61b3333c7295fd718d5436747fc,"{""distance"":7,""physical_error_rate"":0.0001}","{""detection_events"":294242,""detectors_checked"":596597050}"
    924672,         0,         0,    14.6,exact_mw,c5b9b378753080b028cc9d6f4434ddf95ab0a61b3333c7295fd718d5436747fc,"{""distance"":7,""physical_error_rate"":0.0001}","{""detection_events"":275073,""detectors_checked"":556652544}"
    912384,         0,         0,    14.6,exact_mw,c5b9b378753080b028cc9d6f4434ddf95ab0a61b3333c7295fd718d5436747fc,"{""distance"":7,""physical_error_rate"":0.0001}","{""detection_events"":271152,""detectors_checked"":549255168}"
    891904,         0,         0,    26.6,exact_mw,c5b9b378753080b028cc9d6f4434ddf95ab0a61b3333c7295fd718d5436747fc,"{""distance"":7,""physical_error_rate"":0.0001}","{""detection_events"":264400,""detectors_checked"":536926208}"
    124928,         0,         0,   120.5,exact_mw,a17a1dfb4cb0509fbcf9caf9ce6f4704b111f022b15740e51c84c2b7e14a6407,"{""distance"":7,""physical_error_rate"":0.001}","{""detection_events"":371316,""detectors_checked"":75206656}"
    734616,         0,         0,    9.85,exact_mw,c5b9b378753080b028cc9d6f4434ddf95ab0a61b3333c7295fd718d5436747fc,"{""distance"":7,""physical_error_rate"":0.0001}","{""detection_events"":218283,""detectors_checked"":442238832}"
    618496,         0,         0,    8.42,exact_mw,c5b9b378753080b028cc9d6f4434ddf95ab0a61b3333c7295fd718d5436747fc,"{""distance"":7,""physical_error_rate"":0.0001}","{""detection_events"":184480,""detectors_checked"":372334592}"
    488448,         1,         0,    6.48,exact_mw,c5b9b378753080b028cc9d6f4434ddf95ab0a61b3333c7295fd718d5436747fc,"{""distance"":7,""physical_error_rate"":0.0001}","{""detection_events"":145771,""detectors_checked"":294045696,""obs_mistake_mask=E"":1}"
    125952,         1,         0,   120.0,exact_mw,a17a1dfb4cb0509fbcf9caf9ce6f4704b111f022b15740e51c84c2b7e14a6407,"{""distance"":7,""physical_error_rate"":0.001}","{""detection_events"":371040,""detectors_checked"":75823104,""obs_mistake_mask=E"":1}"
     17808,         2,         0,   120.0,exact_mw,f9daf7670c28e8b8b7ac9af8e1984263f26063cb589f7a54f43332f7ce5001d2,"{""distance"":7,""physical_error_rate"":0.002}","{""detection_events"":104703,""detectors_checked"":10720416,""obs_mistake_mask=E"":2}"
    129536,         2,         0,   120.0,exact_mw,a17a1dfb4cb0509fbcf9caf9ce6f4704b111f022b15740e51c84c2b7e14a6407,"{""distance"":7,""physical_error_rate"":0.001}","{""detection_events"":382320,""detectors_checked"":77980672,""obs_mistake_mask=E"":2}"
    125952,         2,         0,   120.0,exact_mw,a17a1dfb4cb0509fbcf9caf9ce6f4704b111f022b15740e51c84c2b7e14a6407,"{""distance"":7,""physical_error_rate"":0.001}","{""detection_events"":370145,""detectors_checked"":75823104,""obs_mistake_mask=E"":2}"
    445984,         0,         0,    8.76,exact_mw,c5b9b378753080b028cc9d6f4434ddf95ab0a61b3333c7295fd718d5436747fc,"{""distance"":7,""physical_error_rate"":0.0001}","{""detection_events"":131408,""detectors_checked"":268482368}"
    329728,         0,         0,    4.26,exact_mw,c5b9b378753080b028cc9d6f4434ddf95ab0a61b3333c7295fd718d5436747fc,"{""distance"":7,""physical_error_rate"":0.0001}","{""detection_events"":97999,""detectors_checked"":198496256}"
    357376,         0,         0,    4.26,exact_mw,c5b9b378753080b028cc9d6f4434ddf95ab0a61b3333c7295fd718d5436747fc,"{""distance"":7,""physical_error_rate"":0.0001}","{""detection_events"":105912,""detectors_checked"":215140352}"
    321536,         0,         0,    4.28,exact_mw,c5b9b378753080b028cc9d6f4434ddf95ab0a61b3333c7295fd718d5436747fc,"{""distance"":7,""physical_error_rate"":0.0001}","{""detection_events"":96123,""detectors_checked"":193564672}"
     28928,         5,         0,   120.2,exact_mw,f9daf7670c28e8b8b7ac9af8e1984263f26063cb589f7a54f43332f7ce5001d2,"{""distance"":7,""physical_error_rate"":0.002}","{""detection_events"":169525,""detectors_checked"":17414656,""obs_mistake_mask=E"":5}"
    199944,         0,         0,    2.65,exact_mw,c5b9b378753080b028cc9d6f4434ddf95ab0a61b3333c7295fd718d5436747fc,"{""distance"":7,""physical_error_rate"":0.0001}","{""detection_events"":59204,""detectors_checked"":120366288}"
    291840,         0,         0,    3.70,exact_mw,c5b9b378753080b028cc9d6f4434ddf95ab0a61b3333c7295fd718d5436747fc,"{""distance"":7,""physical_error_rate"":0.0001}","{""detection_events"":87019,""detectors_checked"":175687680}"
    249856,         0,         0,    3.69,exact_mw,c5b9b378753080b028cc9d6f4434ddf95ab0a61b3333c7295fd718d5436747fc,"{""distance"":7,""physical_error_rate"":0.0001}","{""detection_events"":75389,""detectors_checked"":150413312}"
    256409,         0,         0,    3.70,exact_mw,c5b9b378753080b028cc9d6f4434ddf95ab0a61b3333c7295fd718d5436747fc,"{""distance"":7,""physical_error_rate"":0.0001}","{""detection_events"":75398,""detectors_checked"":154358218}"
    204800,         0,         0,    2.69,exact_mw,c5b9b378753080b028cc9d6f4434ddf95ab0a61b3333c7295fd718d5436747fc,"{""distance"":7,""physical_error_rate"":0.0001}","{""detection_events"":61186,""detectors_checked"":123289600}"
    204800,         0,         0,    2.73,exact_mw,c5b9b378753080b028cc9d6f4434ddf95ab0a61b3333c7295fd718d5436747fc,"{""distance"":7,""physical_error_rate"":0.0001}","{""detection_events"":61144,""detectors_checked"":123289600}"
    314368,         0,         0,    30.4,exact_mw,c5b9b378753080b028cc9d6f4434ddf95ab0a61b3333c7295fd718d5436747fc,"{""distance"":7,""physical_error_rate"":0.0001}","{""detection_events"":92956,""detectors_checked"":189249536}"
     11058,         0,         0,   0.144,exact_mw,c5b9b378753080b028cc9d6f4434ddf95ab0a61b3333c7295fd718d5436747fc,"{""distance"":7,""physical_error_rate"":0.0001}","{""detection_events"":3294,""detectors_checked"":6656916}"
     11058,         0,         0,   0.145,exact_mw,c5b9b378753080b028cc9d6f4434ddf95ab0a61b3333c7295fd718d5436747fc,"{""distance"":7,""physical_error_rate"":0.0001}","{""detection_events"":3383,""detectors_checked"":6656916}"
    197632,         1,         0,    3.86,exact_mw,c5b9b378753080b028cc9d6f4434ddf95ab0a61b3333c7295fd718d5436747fc,"{""distance"":7,""physical_error_rate"":0.0001}","{""detection_events"":58608,""detectors_checked"":118974464,""obs_mistake_mask=E"":1}"
     88098,         0,         0,   0.901,exact_mw,c5b9b378753080b028cc9d6f4434ddf95ab0a61b3333c7295fd718d5436747fc,"{""distance"":7,""physical_error_rate"":0.0001}","{""detection_events"":25629,""detectors_checked"":53034996}"
     66560,         0,         0,   0.912,exact_mw,c5b9b378753080b028cc9d6f4434ddf95ab0a61b3333c7295fd718d5436747fc,"{""distance"":7,""physical_error_rate"":0.0001}","{""detection_events"":19943,""detectors_checked"":40069120}"
     69632,         0,         0,   0.934,exact_mw,c5b9b378753080b028cc9d6f4434ddf95ab0a61b3333c7295fd718d5436747fc,"{""distance"":7,""physical_error_rate"":0.0001}","{""detection_events"":20175,""detectors_checked"":41918464}"
     63365,         0,         0,    1.02,exact_mw,c5b9b378753080b028cc9d6f4434ddf95ab0a61b3333c7295fd718d5436747fc,"{""distance"":7,""physical_error_rate"":0.0001}","{""detection_events"":18637,""detectors_checked"":38145730}"
     47104,         0,         0,   0.631,exact_mw,c5b9b378753080b028cc9d6f4434ddf95ab0a61b3333c7295fd718d5436747fc,"{""distance"":7,""physical_error_rate"":0.0001}","{""detection_events"":14137,""detectors_checked"":28356608}"
     47104,         0,         0,   0.635,exact_mw,c5b9b378753080b028cc9d6f4434ddf95ab0a61b3333c7295fd718d5436747fc,"{""distance"":7,""physical_error_rate"":0.0001}","{""detection_events"":14315,""detectors_checked"":28356608}"
     47104,         0,         0,   0.632,exact_mw,c5b9b378753080b028cc9d6f4434ddf95ab0a61b3333c7295fd718d5436747fc,"{""distance"":7,""physical_error_rate"":0.0001}","{""detection_events"":13887,""detectors_checked"":28356608}"
     52224,         0,         0,   0.624,exact_mw,c5b9b378753080b028cc9d6f4434ddf95ab0a61b3333c7295fd718d5436747fc,"{""distance"":7,""physical_error_rate"":0.0001}","{""detection_events"":15611,""detectors_checked"":31438848}"
     34959,         0,         0,   0.457,exact_mw,c5b9b378753080b028cc9d6f4434ddf95ab0a61b3333c7295fd718d5436747fc,"{""distance"":7,""physical_error_rate"":0.0001}","{""detection_events"":10238,""detectors_checked"":21045318}"
     33792,         0,         0,   0.474,exact_mw,c5b9b378753080b028cc9d6f4434ddf95ab0a61b3333c7295fd718d5436747fc,"{""distance"":7,""physical_error_rate"":0.0001}","{""detection_events"":10415,""detectors_checked"":20342784}"
     33792,         0,         0,   0.480,exact_mw,c5b9b378753080b028cc9d6f4434ddf95ab0a61b3333c7295fd718d5436747fc,"{""distance"":7,""physical_error_rate"":0.0001}","{""detection_events"":10198,""detectors_checked"":20342784}"
      1167,         0,         0,   0.008,exact_mw,c5b9b378753080b028cc9d6f4434ddf95ab0a61b3333c7295fd718d5436747fc,"{""distance"":7,""physical_error_rate"":0.0001}","{""detection_events"":344,""detectors_checked"":702534}"
     21965,         0,         0,   0.260,exact_mw,c5b9b378753080b028cc9d6f4434ddf95ab0a61b3333c7295fd718d5436747fc,"{""distance"":7,""physical_error_rate"":0.0001}","{""detection_events"":6457,""detectors_checked"":13222930}"
     21504,         0,         0,   0.243,exact_mw,c5b9b378753080b028cc9d6f4434ddf95ab0a61b3333c7295fd718d5436747fc,"{""distance"":7,""physical_error_rate"":0.0001}","{""detection_events"":6193,""detectors_checked"":12945408}"
       461,         0,         0,   0.003,exact_mw,c5b9b378753080b028cc9d6f4434ddf95ab0a61b3333c7295fd718d5436747fc,"{""distance"":7,""physical_error_rate"":0.0001}","{""detection_events"":130,""detectors_checked"":277522}"
     20135,         0,         0,   0.247,exact_mw,c5b9b378753080b028cc9d6f4434ddf95ab0a61b3333c7295fd718d5436747fc,"{""distance"":7,""physical_error_rate"":0.0001}","{""detection_events"":5692,""detectors_checked"":12121270}"
     20135,         0,         0,   0.304,exact_mw,c5b9b378753080b028cc9d6f4434ddf95ab0a61b3333c7295fd718d5436747fc,"{""distance"":7,""physical_error_rate"":0.0001}","{""detection_events"":5736,""detectors_checked"":12121270}"
     17408,         0,         0,   0.208,exact_mw,c5b9b378753080b028cc9d6f4434ddf95ab0a61b3333c7295fd718d5436747fc,"{""distance"":7,""physical_error_rate"":0.0001}","{""detection_events"":5030,""detectors_checked"":10479616}"
     16384,         0,         0,   0.189,exact_mw,c5b9b378753080b028cc9d6f4434ddf95ab0a61b3333c7295fd718d5436747fc,"{""distance"":7,""physical_error_rate"":0.0001}","{""detection_events"":4926,""detectors_checked"":9863168}"
     17408,         0,         0,   0.237,exact_mw,c5b9b378753080b028cc9d6f4434ddf95ab0a61b3333c7295fd718d5436747fc,"{""distance"":7,""physical_error_rate"":0.0001}","{""detection_events"":5075,""detectors_checked"":10479616}"
       242,         0,         0,   0.002,exact_mw,c5b9b378753080b028cc9d6f4434ddf95ab0a61b3333c7295fd718d5436747fc,"{""distance"":7,""physical_error_rate"":0.0001}","{""detection_events"":65,""detectors_checked"":145684}"
     15360,         0,         0,   0.172,exact_mw,c5b9b378753080b028cc9d6f4434ddf95ab0a61b3333c7295fd718d5436747fc,"{""distance"":7,""physical_error_rate"":0.0001}","{""detection_events"":4250,""detectors_checked"":9246720}"
     19456,         0,         0,   0.229,exact_mw,c5b9b378753080b028cc9d6f4434ddf95ab0a61b3333c7295fd718d5436747fc,"{""distance"":7,""physical_error_rate"":0.0001}","{""detection_events"":5794,""detectors_checked"":11712512}"
     19456,         0,         0,   0.262,exact_mw,c5b9b378753080b028cc9d6f4434ddf95ab0a61b3333c7295fd718d5436747fc,"{""distance"":7,""physical_error_rate"":0.0001}","{""detection_events"":6005,""detectors_checked"":11712512}"
      5490,         0,         0,   0.081,exact_mw,c5b9b378753080b028cc9d6f4434ddf95ab0a61b3333c7295fd718d5436747fc,"{""distance"":7,""physical_error_rate"":0.0001}","{""detection_events"":1690,""detectors_checked"":3304980}"
      7320,         0,         0,   0.078,exact_mw,c5b9b378753080b028cc9d6f4434ddf95ab0a61b3333c7295fd718d5436747fc,"{""distance"":7,""physical_error_rate"":0.0001}","{""detection_events"":2224,""detectors_checked"":4406640}"
       679,         0,         0,   0.004,exact_mw,c5b9b378753080b028cc9d6f4434ddf95ab0a61b3333c7295fd718d5436747fc,"{""distance"":7,""physical_error_rate"":0.0001}","{""detection_events"":227,""detectors_checked"":408758}"
       679,         0,         0,   0.004,exact_mw,c5b9b378753080b028cc9d6f4434ddf95ab0a61b3333c7295fd718d5436747fc,"{""distance"":7,""physical_error_rate"":0.0001}","{""detection_events"":189,""detectors_checked"":408758}"
      1266,         0,         0,   0.008,exact_mw,c5b9b378753080b028cc9d6f4434ddf95ab0a61b3333c7295fd718d5436747fc,"{""distance"":7,""physical_error_rate"":0.0001}","{""detection_events"":361,""detectors_checked"":762132}"
       610,         0,         0,   0.004,exact_mw,c5b9b378753080b028cc9d6f4434ddf95ab0a61b3333c7295fd718d5436747fc,"{""distance"":7,""physical_error_rate"":0.0001}","{""detection_events"":181,""detectors_checked"":367220}"
      2392,         0,         0,   0.020,exact_mw,c5b9b378753080b028cc9d6f4434ddf95ab0a61b3333c7295fd718d5436747fc,"{""distance"":7,""physical_error_rate"":0.0001}","{""detection_events"":776,""detectors_checked"":1439984}"
      1878,         0,         0,   0.011,exact_mw,c5b9b378753080b028cc9d6f4434ddf95ab0a61b3333c7295fd718d5436747fc,"{""distance"":7,""physical_error_rate"":0.0001}","{""detection_events"":513,""detectors_checked"":1130556}"
       113,         0,         0,   0.001,exact_mw,c5b9b378753080b028cc9d6f4434ddf95ab0a61b3333c7295fd718d5436747fc,"{""distance"":7,""physical_error_rate"":0.0001}","{""detection_events"":26,""detectors_checked"":68026}"
      2727,         0,         0,   0.031,exact_mw,c5b9b378753080b028cc9d6f4434ddf95ab0a61b3333c7295fd718d5436747fc,"{""distance"":7,""physical_error_rate"":0.0001}","{""detection_events"":743,""detectors_checked"":1641654}"
       512,         0,         0,   0.006,exact_mw,c5b9b378753080b028cc9d6f4434ddf95ab0a61b3333c7295fd718d5436747fc,"{""distance"":7,""physical_error_rate"":0.0001}","{""detection_events"":154,""detectors_checked"":308224}"
      2727,         0,         0,   0.035,exact_mw,c5b9b378753080b028cc9d6f4434ddf95ab0a61b3333c7295fd718d5436747fc,"{""distance"":7,""physical_error_rate"":0.0001}","{""detection_events"":714,""detectors_checked"":1641654}"
         9,         0,         0,   0.001,exact_mw,c5b9b378753080b028cc9d6f4434ddf95ab0a61b3333c7295fd718d5436747fc,"{""distance"":7,""physical_error_rate"":0.0001}","{""detection_events"":1,""detectors_checked"":5418}"
      3509,         0,         0,   0.051,exact_mw,c5b9b378753080b028cc9d6f4434ddf95ab0a61b3333c7295fd718d5436747fc,"{""distance"":7,""physical_error_rate"":0.0001}","{""detection_events"":1009,""detectors_checked"":2112418}"
      2551,         0,         0,   0.016,exact_mw,c5b9b378753080b028cc9d6f4434ddf95ab0a61b3333c7295fd718d5436747fc,"{""distance"":7,""physical_error_rate"":0.0001}","{""detection_events"":761,""detectors_checked"":1535702}"
     15360,         0,         0,   0.284,exact_mw,c5b9b378753080b028cc9d6f4434ddf95ab0a61b3333c7295fd718d5436747fc,"{""distance"":7,""physical_error_rate"":0.0001}","{""detection_events"":4255,""detectors_checked"":9246720}"
      4209,         0,         0,   0.032,exact_mw,c5b9b378753080b028cc9d6f4434ddf95ab0a61b3333c7295fd718d5436747fc,"{""distance"":7,""physical_error_rate"":0.0001}","{""detection_events"":1127,""detectors_checked"":2533818}"
      9216,         0,         0,   0.874,exact_mw,c5b9b378753080b028cc9d6f4434ddf95ab0a61b3333c7295fd718d5436747fc,"{""distance"":7,""physical_error_rate"":0.0001}","{""detection_events"":2825,""detectors_checked"":5548032}"
       228,         0,         0,   0.002,exact_mw,c5b9b378753080b028cc9d6f4434ddf95ab0a61b3333c7295fd718d5436747fc,"{""distance"":7,""physical_error_rate"":0.0001}","{""detection_events"":49,""detectors_checked"":137256}"
      1035,         0,         0,   0.007,exact_mw,c5b9b378753080b028cc9d6f4434ddf95ab0a61b3333c7295fd718d5436747fc,"{""distance"":7,""physical_error_rate"":0.0001}","{""detection_events"":294,""detectors_checked"":623070}"
       569,         0,         0,   0.009,exact_mw,c5b9b378753080b028cc9d6f4434ddf95ab0a61b3333c7295fd718d5436747fc,"{""distance"":7,""physical_error_rate"":0.0001}","{""detection_events"":129,""detectors_checked"":342538}"
      1035,         0,         0,   0.007,exact_mw,c5b9b378753080b028cc9d6f4434ddf95ab0a61b3333c7295fd718d5436747fc,"{""distance"":7,""physical_error_rate"":0.0001}","{""detection_events"":363,""detectors_checked"":623070}"
       231,         0,         0,   0.002,exact_mw,c5b9b378753080b028cc9d6f4434ddf95ab0a61b3333c7295fd718d5436747fc,"{""distance"":7,""physical_error_rate"":0.0001}","{""detection_events"":101,""detectors_checked"":139062}"
      1035,         0,         0,   0.007,exact_mw,c5b9b378753080b028cc9d6f4434ddf95ab0a61b3333c7295fd718d5436747fc,"{""distance"":7,""physical_error_rate"":0.0001}","{""detection_events"":303,""detectors_checked"":623070}"
      1035,         0,         0,   0.010,exact_mw,c5b9b378753080b028cc9d6f4434ddf95ab0a61b3333c7295fd718d5436747fc,"{""distance"":7,""physical_error_rate"":0.0001}","{""detection_events"":293,""detectors_checked"":623070}"
      1035,         0,         0,   0.007,exact_mw,c5b9b378753080b028cc9d6f4434ddf95ab0a61b3333c7295fd718d5436747fc,"{""distance"":7,""physical_error_rate"":0.0001}","{""detection_events"":375,""detectors_checked"":623070}"
      1035,         0,         0,   0.007,exact_mw,c5b9b378753080b028cc9d6f4434ddf95ab0a61b3333c7295fd718d5436747fc,"{""distance"":7,""physical_error_rate"":0.0001}","{""detection_events"":323,""detectors_checked"":623070}"
      1024,         0,         0,   0.006,exact_mw,c5b9b378753080b028cc9d6f4434ddf95ab0a61b3333c7295fd718d5436747fc,"{""distance"":7,""physical_error_rate"":0.0001}","{""detection_events"":362,""detectors_checked"":616448}"
       930,         0,         0,   0.006,exact_mw,c5b9b378753080b028cc9d6f4434ddf95ab0a61b3333c7295fd718d5436747fc,"{""distance"":7,""physical_error_rate"":0.0001}","{""detection_events"":275,""detectors_checked"":559860}"
       930,         0,         0,   0.006,exact_mw,c5b9b378753080b028cc9d6f4434ddf95ab0a61b3333c7295fd718d5436747fc,"{""distance"":7,""physical_error_rate"":0.0001}","{""detection_events"":332,""detectors_checked"":559860}"
       930,         0,         0,   0.006,exact_mw,c5b9b378753080b028cc9d6f4434ddf95ab0a61b3333c7295fd718d5436747fc,"{""distance"":7,""physical_error_rate"":0.0001}","{""detection_events"":220,""detectors_checked"":559860}"
       105,         0,         0,   0.004,exact_mw,c5b9b378753080b028cc9d6f4434ddf95ab0a61b3333c7295fd718d5436747fc,"{""distance"":7,""physical_error_rate"":0.0001}","{""detection_events"":41,""detectors_checked"":63210}"
       105,         0,         0,   0.004,exact_mw,c5b9b378753080b028cc9d6f4434ddf95ab0a61b3333c7295fd718d5436747fc,"{""distance"":7,""physical_error_rate"":0.0001}","{""detection_events"":43,""detectors_checked"":63210}"
        11,         0,         0,   0.001,exact_mw,c5b9b378753080b028cc9d6f4434ddf95ab0a61b3333c7295fd718d5436747fc,"{""distance"":7,""physical_error_rate"":0.0001}","{""detection_events"":4,""detectors_checked"":6622}"
        96,         0,         0,   0.001,exact_mw,c5b9b378753080b028cc9d6f4434ddf95ab0a61b3333c7295fd718d5436747fc,"{""distance"":7,""physical_error_rate"":0.0001}","{""detection_events"":14,""detectors_checked"":57792}"
         9,         0,         0,   0.001,exact_mw,c5b9b378753080b028cc9d6f4434ddf95ab0a61b3333c7295fd718d5436747fc,"{""distance"":7,""physical_error_rate"":0.0001}","{""detection_events"":1,""detectors_checked"":5418}"
        87,         0,         0,   0.001,exact_mw,c5b9b378753080b028cc9d6f4434ddf95ab0a61b3333c7295fd718d5436747fc,"{""distance"":7,""physical_error_rate"":0.0001}","{""detection_events"":16,""detectors_checked"":52374}"
        18,         0,         0,   0.001,exact_mw,c5b9b378753080b028cc9d6f4434ddf95ab0a61b3333c7295fd718d5436747fc,"{""distance"":7,""physical_error_rate"":0.0001}","{""detection_events"":3,""detectors_checked"":10836}"
       930,         0,         0,   0.068,exact_mw,c5b9b378753080b028cc9d6f4434ddf95ab0a61b3333c7295fd718d5436747fc,"{""distance"":7,""physical_error_rate"":0.0001}","{""detection_events"":360,""detectors_checked"":559860}"
   4777984,         0,         0,   119.3,exact_mw,fb98ac5f0d986856d2cb4e87c937a37162f60383230d2323a40d4b2e77ef556c,"{""distance"":7,""physical_error_rate"":0.0002}","{""detection_events"":2827397,""detectors_checked"":2876346368}"
    136704,         1,         0,   120.2,exact_mw,a17a1dfb4cb0509fbcf9caf9ce6f4704b111f022b15740e51c84c2b7e14a6407,"{""distance"":7,""physical_error_rate"":0.001}","{""detection_events"":400074,""detectors_checked"":82295808,""obs_mistake_mask=E"":1}"
    736256,         2,         0,   119.8,exact_mw,8973b2281876bd917be29e6214e197de75d185bf3f5e531e264555f10574746e,"{""distance"":7,""physical_error_rate"":0.0005}","{""detection_events"":1089086,""detectors_checked"":443226112,""obs_mistake_mask=E"":2}"
    124928,         2,         0,   120.8,exact_mw,a17a1dfb4cb0509fbcf9caf9ce6f4704b111f022b15740e51c84c2b7e14a6407,"{""distance"":7,""physical_error_rate"":0.001}","{""detection_events"":369253,""detectors_checked"":75206656,""obs_mistake_mask=E"":2}"
         1,         0,         0,   0.001,exact_mw,a17a1dfb4cb0509fbcf9caf9ce6f4704b111f022b15740e51c84c2b7e14a6407,"{""distance"":7,""physical_error_rate"":0.001}","{""detection_events"":6,""detectors_checked"":602}"
        16,         0,         0,   0.037,exact_mw,a17a1dfb4cb0509fbcf9caf9ce6f4704b111f022b15740e51c84c2b7e14a6407,"{""distance"":7,""physical_error_rate"":0.001}","{""detection_events"":51,""detectors_checked"":9632}"
       256,         0,         0,   0.193,exact_mw,a17a1dfb4cb0509fbcf9caf9ce6f4704b111f022b15740e51c84c2b7e14a6407,"{""distance"":7,""physical_error_rate"":0.001}","{""detection_events"":717,""detectors_checked"":154112}"
       512,         0,         0,   0.418,exact_mw,a17a1dfb4cb0509fbcf9caf9ce6f4704b111f022b15740e51c84c2b7e14a6407,"{""distance"":7,""physical_error_rate"":0.001}","{""detection_events"":1521,""detectors_checked"":308224}"
     12896,         2,         0,   119.9,exact_mw,f9daf7670c28e8b8b7ac9af8e1984263f26063cb589f7a54f43332f7ce5001d2,"{""distance"":7,""physical_error_rate"":0.002}","{""detection_events"":75373,""detectors_checked"":7763392,""obs_mistake_mask=E"":2}"
       512,         0,         0,   0.279,exact_mw,a17a1dfb4cb0509fbcf9caf9ce6f4704b111f022b15740e51c84c2b7e14a6407,"{""distance"":7,""physical_error_rate"":0.001}","{""detection_events"":1307,""detectors_checked"":308224}"
      1024,         0,         0,   0.880,exact_mw,a17a1dfb4cb0509fbcf9caf9ce6f4704b111f022b15740e51c84c2b7e14a6407,"{""distance"":7,""physical_error_rate"":0.001}","{""detection_events"":3008,""detectors_checked"":616448}"
     21984,         0,         0,   120.4,exact_mw,f9daf7670c28e8b8b7ac9af8e1984263f26063cb589f7a54f43332f7ce5001d2,"{""distance"":7,""physical_error_rate"":0.002}","{""detection_events"":127552,""detectors_checked"":13234368}"
      1024,         0,         0,    1.05,exact_mw,a17a1dfb4cb0509fbcf9caf9ce6f4704b111f022b15740e51c84c2b7e14a6407,"{""distance"":7,""physical_error_rate"":0.001}","{""detection_events"":2850,""detectors_checked"":616448}"
         1,         0,         0,   0.001,exact_mw,fb98ac5f0d986856d2cb4e87c937a37162f60383230d2323a40d4b2e77ef556c,"{""distance"":7,""physical_error_rate"":0.0002}","{""detectors_checked"":602}"
      1296,         0,         0,   0.032,exact_mw,fb98ac5f0d986856d2cb4e87c937a37162f60383230d2323a40d4b2e77ef556c,"{""distance"":7,""physical_error_rate"":0.0002}","{""detection_events"":866,""detectors_checked"":780192}"
      1024,         0,         0,   0.028,exact_mw,fb98ac5f0d986856d2cb4e87c937a37162f60383230d2323a40d4b2e77ef556c,"{""distance"":7,""physical_error_rate"":0.0002}","{""detection_events"":662,""detectors_checked"":616448}"
      1024,         0,         0,   0.031,exact_mw,fb98ac5f0d986856d2cb4e87c937a37162f60383230d2323a40d4b2e77ef556c,"{""distance"":7,""physical_error_rate"":0.0002}","{""detection_events"":663,""detectors_checked"":616448}"
      2048,         0,         0,   0.134,exact_mw,fb98ac5f0d986856d2cb4e87c937a37162f60383230d2323a40d4b2e77ef556c,"{""distance"":7,""physical_error_rate"":0.0002}","{""detection_events"":1159,""detectors_checked"":1232896}"
      2048,         0,         0,   0.099,exact_mw,fb98ac5f0d986856d2cb4e87c937a37162f60383230d2323a40d4b2e77ef556c,"{""distance"":7,""physical_error_rate"":0.0002}","{""detection_events"":1209,""detectors_checked"":1232896}"
      1024,         0,         0,   0.589,exact_mw,a17a1dfb4cb0509fbcf9caf9ce6f4704b111f022b15740e51c84c2b7e14a6407,"{""distance"":7,""physical_error_rate"":0.001}","{""detection_events"":3050,""detectors_checked"":616448}"
      2048,         0,         0,   0.131,exact_mw,fb98ac5f0d986856d2cb4e87c937a37162f60383230d2323a40d4b2e77ef556c,"{""distance"":7,""physical_error_rate"":0.0002}","{""detection_events"":1337,""detectors_checked"":1232896}"
      3072,         0,         0,   0.131,exact_mw,fb98ac5f0d986856d2cb4e87c937a37162f60383230d2323a40d4b2e77ef556c,"{""distance"":7,""physical_error_rate"":0.0002}","{""detection_events"":1712,""detectors_checked"":1849344}"
      4096,         0,         0,   0.169,exact_mw,fb98ac5f0d986856d2cb4e87c937a37162f60383230d2323a40d4b2e77ef556c,"{""distance"":7,""physical_error_rate"":0.0002}","{""detection_events"":2360,""detectors_checked"":2465792}"
      5120,         0,         0,   0.257,exact_mw,fb98ac5f0d986856d2cb4e87c937a37162f60383230d2323a40d4b2e77ef556c,"{""distance"":7,""physical_error_rate"":0.0002}","{""detection_events"":2999,""detectors_checked"":3082240}"
      1024,         0,         0,   0.811,exact_mw,a17a1dfb4cb0509fbcf9caf9ce6f4704b111f022b15740e51c84c2b7e14a6407,"{""distance"":7,""physical_error_rate"":0.001}","{""detection_events"":2893,""detectors_checked"":616448}"
      9216,         0,         0,   0.295,exact_mw,fb98ac5f0d986856d2cb4e87c937a37162f60383230d2323a40d4b2e77ef556c,"{""distance"":7,""physical_error_rate"":0.0002}","{""detection_events"":5385,""detectors_checked"":5548032}"
         1,         0,         0,   0.001,exact_mw,fb98ac5f0d986856d2cb4e87c937a37162f60383230d2323a40d4b2e77ef556c,"{""distance"":7,""physical_error_rate"":0.0002}","{""detection_events"":2,""detectors_checked"":602}"
         1,         0,         0,   0.001,exact_mw,a17a1dfb4cb0509fbcf9caf9ce6f4704b111f022b15740e51c84c2b7e14a6407,"{""distance"":7,""physical_error_rate"":0.001}","{""detection_events"":4,""detectors_checked"":602}"
      1296,         0,         0,   0.028,exact_mw,fb98ac5f0d986856d2cb4e87c937a37162f60383230d2323a40d4b2e77ef556c,"{""distance"":7,""physical_error_rate"":0.0002}","{""detection_events"":758,""detectors_checked"":780192}"
      1024,         0,         0,   0.025,exact_mw,fb98ac5f0d986856d2cb4e87c937a37162f60383230d2323a40d4b2e77ef556c,"{""distance"":7,""physical_error_rate"":0.0002}","{""detection_events"":624,""detectors_checked"":616448}"
      2048,         0,         0,   0.053,exact_mw,fb98ac5f0d986856d2cb4e87c937a37162f60383230d2323a40d4b2e77ef556c,"{""distance"":7,""physical_error_rate"":0.0002}","{""detection_events"":1200,""detectors_checked"":1232896}"
      3072,         0,         0,   0.063,exact_mw,fb98ac5f0d986856d2cb4e87c937a37162f60383230d2323a40d4b2e77ef556c,"{""distance"":7,""physical_error_rate"":0.0002}","{""detection_events"":1913,""detectors_checked"":1849344}"
     13312,         0,         0,   0.433,exact_mw,fb98ac5f0d986856d2cb4e87c937a37162f60383230d2323a40d4b2e77ef556c,"{""distance"":7,""physical_error_rate"":0.0002}","{""detection_events"":7781,""detectors_checked"":8013824}"
      3072,         0,         0,   0.095,exact_mw,fb98ac5f0d986856d2cb4e87c937a37162f60383230d2323a40d4b2e77ef556c,"{""distance"":7,""physical_error_rate"":0.0002}","{""detection_events"":1777,""detectors_checked"":1849344}"
       272,         0,         0,   0.317,exact_mw,a17a1dfb4cb0509fbcf9caf9ce6f4704b111f022b15740e51c84c2b7e14a6407,"{""distance"":7,""physical_error_rate"":0.001}","{""detection_events"":725,""detectors_checked"":163744}"
      3072,         0,         0,   0.084,exact_mw,fb98ac5f0d986856d2cb4e87c937a37162f60383230d2323a40d4b2e77ef556c,"{""distance"":7,""physical_error_rate"":0.0002}","{""detection_events"":1784,""detectors_checked"":1849344}"
      1024,         0,         0,   0.805,exact_mw,a17a1dfb4cb0509fbcf9caf9ce6f4704b111f022b15740e51c84c2b7e14a6407,"{""distance"":7,""physical_error_rate"":0.001}","{""detection_events"":2955,""detectors_checked"":616448}"
       256,         0,         0,   0.159,exact_mw,a17a1dfb4cb0509fbcf9caf9ce6f4704b111f022b15740e51c84c2b7e14a6407,"{""distance"":7,""physical_error_rate"":0.001}","{""detection_events"":685,""detectors_checked"":154112}"
      3072,         0,         0,   0.147,exact_mw,fb98ac5f0d986856d2cb4e87c937a37162f60383230d2323a40d4b2e77ef556c,"{""distance"":7,""physical_error_rate"":0.0002}","{""detection_events"":2018,""detectors_checked"":1849344}"
       273,         0,         0,   0.035,exact_mw,8973b2281876bd917be29e6214e197de75d185bf3f5e531e264555f10574746e,"{""distance"":7,""physical_error_rate"":0.0005}","{""detection_events"":355,""detectors_checked"":164346}"
        17,         0,         0,   0.125,exact_mw,f9daf7670c28e8b8b7ac9af8e1984263f26063cb589f7a54f43332f7ce5001d2,"{""distance"":7,""physical_error_rate"":0.002}","{""detection_events"":82,""detectors_checked"":10234}"
      7168,         0,         0,   0.167,exact_mw,fb98ac5f0d986856d2cb4e87c937a37162f60383230d2323a40d4b2e77ef556c,"{""distance"":7,""physical_error_rate"":0.0002}","{""detection_events"":4286,""detectors_checked"":4315136}"
      1024,         0,         0,   0.135,exact_mw,8973b2281876bd917be29e6214e197de75d185bf3f5e531e264555f10574746e,"{""distance"":7,""physical_error_rate"":0.0005}","{""detection_events"":1506,""detectors_checked"":616448}"
     19456,         0,         0,   0.578,exact_mw,fb98ac5f0d986856d2cb4e87c937a37162f60383230d2323a40d4b2e77ef556c,"{""distance"":7,""physical_error_rate"":0.0002}","{""detection_events"":11226,""detectors_checked"":11712512}"
      1024,         0,         0,   0.118,exact_mw,8973b2281876bd917be29e6214e197de75d185bf3f5e531e264555f10574746e,"{""distance"":7,""physical_error_rate"":0.0005}","{""detection_events"":1356,""detectors_checked"":616448}"
     11264,         0,         0,   0.221,exact_mw,fb98ac5f0d986856d2cb4e87c937a37162f60383230d2323a40d4b2e77ef556c,"{""distance"":7,""physical_error_rate"":0.0002}","{""detection_events"":6329,""detectors_checked"":6780928}"
       512,         0,         0,   0.508,exact_mw,a17a1dfb4cb0509fbcf9caf9ce6f4704b111f022b15740e51c84c2b7e14a6407,"{""distance"":7,""physical_error_rate"":0.001}","{""detection_events"":1534,""detectors_checked"":308224}"
      1024,         0,         0,   0.155,exact_mw,8973b2281876bd917be29e6214e197de75d185bf3f5e531e264555f10574746e,"{""distance"":7,""physical_error_rate"":0.0005}","{""detection_events"":1578,""detectors_checked"":616448}"
        64,         0,         0,   0.429,exact_mw,f9daf7670c28e8b8b7ac9af8e1984263f26063cb589f7a54f43332f7ce5001d2,"{""distance"":7,""physical_error_rate"":0.002}","{""detection_events"":378,""detectors_checked"":38528}"
     10240,         0,         0,   0.276,exact_mw,fb98ac5f0d986856d2cb4e87c937a37162f60383230d2323a40d4b2e77ef556c,"{""distance"":7,""physical_error_rate"":0.0002}","{""detection_events"":6069,""detectors_checked"":6164480}"
      1024,         0,         0,   0.185,exact_mw,8973b2281876bd917be29e6214e197de75d185bf3f5e531e264555f10574746e,"{""distance"":7,""physical_error_rate"":0.0005}","{""detection_events"":1461,""detectors_checked"":616448}"
      1024,         0,         0,   0.199,exact_mw,8973b2281876bd917be29e6214e197de75d185bf3f5e531e264555f10574746e,"{""distance"":7,""physical_error_rate"":0.0005}","{""detection_events"":1490,""detectors_checked"":616448}"
        64,         0,         0,   0.389,exact_mw,f9daf7670c28e8b8b7ac9af8e1984263f26063cb589f7a54f43332f7ce5001d2,"{""distance"":7,""physical_error_rate"":0.002}","{""detection_events"":374,""detectors_checked"":38528}"
       512,         1,         0,   0.472,exact_mw,a17a1dfb4cb0509fbcf9caf9ce6f4704b111f022b15740e51c84c2b7e14a6407,"{""distance"":7,""physical_error_rate"":0.001}","{""detection_events"":1432,""detectors_checked"":308224,""obs_mistake_mask=E"":1}"
      1024,         0,         0,   0.140,exact_mw,8973b2281876bd917be29e6214e197de75d185bf3f5e531e264555f10574746e,"{""distance"":7,""physical_error_rate"":0.0005}","{""detection_events"":1583,""detectors_checked"":616448}"
     17408,         0,         0,   0.418,exact_mw,fb98ac5f0d986856d2cb4e87c937a37162f60383230d2323a40d4b2e77ef556c,"{""distance"":7,""physical_error_rate"":0.0002}","{""detection_events"":10313,""detectors_checked"":10479616}"
     29696,         0,         0,   0.794,exact_mw,fb98ac5f0d986856d2cb4e87c937a37162f60383230d2323a40d4b2e77ef556c,"{""distance"":7,""physical_error_rate"":0.0002}","{""detection_events"":17589,""detectors_checked"":17876992}"
      1024,         0,         0,    1.27,exact_mw,a17a1dfb4cb0509fbcf9caf9ce6f4704b111f022b15740e51c84c2b7e14a6407,"{""distance"":7,""physical_error_rate"":0.001}","{""detection_events"":2948,""detectors_checked"":616448}"
      1024,         0,         0,   0.216,exact_mw,8973b2281876bd917be29e6214e197de75d185bf3f5e531e264555f10574746e,"{""distance"":7,""physical_error_rate"":0.0005}","{""detection_events"":1510,""detectors_checked"":616448}"
        17,         0,         0,   0.106,exact_mw,f9daf7670c28e8b8b7ac9af8e1984263f26063cb589f7a54f43332f7ce5001d2,"{""distance"":7,""physical_error_rate"":0.002}","{""detection_events"":106,""detectors_checked"":10234}"
       512,         0,         0,   0.421,exact_mw,a17a1dfb4cb0509fbcf9caf9ce6f4704b111f022b15740e51c84c2b7e14a6407,"{""distance"":7,""physical_error_rate"":0.001}","{""detection_events"":1522,""detectors_checked"":308224}"
      2048,         0,         0,   0.260,exact_mw,8973b2281876bd917be29e6214e197de75d185bf3f5e531e264555f10574746e,"{""distance"":7,""physical_error_rate"":0.0005}","{""detection_events"":2933,""detectors_checked"":1232896}"
        64,         0,         0,   0.691,exact_mw,f9daf7670c28e8b8b7ac9af8e1984263f26063cb589f7a54f43332f7ce5001d2,"{""distance"":7,""physical_error_rate"":0.002}","{""detection_events"":491,""detectors_checked"":38528}"
     21504,         0,         0,   0.576,exact_mw,fb98ac5f0d986856d2cb4e87c937a37162f60383230d2323a40d4b2e77ef556c,"{""distance"":7,""physical_error_rate"":0.0002}","{""detection_events"":12419,""detectors_checked"":12945408}"
        64,         0,         0,   0.319,exact_mw,f9daf7670c28e8b8b7ac9af8e1984263f26063cb589f7a54f43332f7ce5001d2,"{""distance"":7,""physical_error_rate"":0.002}","{""detection_events"":384,""detectors_checked"":38528}"
       512,         0,         0,   0.342,exact_mw,a17a1dfb4cb0509fbcf9caf9ce6f4704b111f022b15740e51c84c2b7e14a6407,"{""distance"":7,""physical_error_rate"":0.001}","{""detection_events"":1406,""detectors_checked"":308224}"
      2048,         0,         0,   0.449,exact_mw,8973b2281876bd917be29e6214e197de75d185bf3f5e531e264555f10574746e,"{""distance"":7,""physical_error_rate"":0.0005}","{""detection_events"":3017,""detectors_checked"":1232896}"
        64,         0,         0,   0.328,exact_mw,f9daf7670c28e8b8b7ac9af8e1984263f26063cb589f7a54f43332f7ce5001d2,"{""distance"":7,""physical_error_rate"":0.002}","{""detection_events"":363,""detectors_checked"":38528}"
        64,         0,         0,   0.381,exact_mw,f9daf7670c28e8b8b7ac9af8e1984263f26063cb589f7a54f43332f7ce5001d2,"{""distance"":7,""physical_error_rate"":0.002}","{""detection_events"":359,""detectors_checked"":38528}"
      1024,         0,         0,   0.963,exact_mw,a17a1dfb4cb0509fbcf9caf9ce6f4704b111f022b15740e51c84c2b7e14a6407,"{""distance"":7,""physical_error_rate"":0.001}","{""detection_events"":3216,""detectors_checked"":616448}"
     45056,         0,         0,    1.10,exact_mw,fb98ac5f0d986856d2cb4e87c937a37162f60383230d2323a40d4b2e77ef556c,"{""distance"":7,""physical_error_rate"":0.0002}","{""detection_events"":26658,""detectors_checked"":27123712}"
        64,         0,         0,   0.211,exact_mw,f9daf7670c28e8b8b7ac9af8e1984263f26063cb589f7a54f43332f7ce5001d2,"{""distance"":7,""physical_error_rate"":0.002}","{""detection_events"":297,""detectors_checked"":38528}"
       512,         0,         0,   0.483,exact_mw,a17a1dfb4cb0509fbcf9caf9ce6f4704b111f022b15740e51c84c2b7e14a6407,"{""distance"":7,""physical_error_rate"":0.001}","{""detection_events"":1497,""detectors_checked"":308224}"
      2048,         0,         0,   0.307,exact_mw,8973b2281876bd917be29e6214e197de75d185bf3f5e531e264555f10574746e,"{""distance"":7,""physical_error_rate"":0.0005}","{""detection_events"":2860,""detectors_checked"":1232896}"
    276480,         1,         0,    45.2,exact_mw,8973b2281876bd917be29e6214e197de75d185bf3f5e531e264555f10574746e,"{""distance"":7,""physical_error_rate"":0.0005}","{""detection_events"":410413,""detectors_checked"":166440960,""obs_mistake_mask=E"":1}"
   2259968,         0,         0,    44.8,exact_mw,fb98ac5f0d986856d2cb4e87c937a37162f60383230d2323a40d4b2e77ef556c,"{""distance"":7,""physical_error_rate"":0.0002}","{""detection_events"":1336150,""detectors_checked"":1360500736}"
        64,         0,         0,   0.378,exact_mw,f9daf7670c28e8b8b7ac9af8e1984263f26063cb589f7a54f43332f7ce5001d2,"{""distance"":7,""physical_error_rate"":0.002}","{""detection_events"":385,""detectors_checked"":38528}"
     29696,         0,         0,   0.784,exact_mw,fb98ac5f0d986856d2cb4e87c937a37162f60383230d2323a40d4b2e77ef556c,"{""distance"":7,""physical_error_rate"":0.0002}","{""detection_events"":18013,""detectors_checked"":17876992}"
       512,         0,         0,   0.379,exact_mw,a17a1dfb4cb0509fbcf9caf9ce6f4704b111f022b15740e51c84c2b7e14a6407,"{""distance"":7,""physical_error_rate"":0.001}","{""detection_events"":1488,""detectors_checked"":308224}"
        64,         0,         0,   0.242,exact_mw,f9daf7670c28e8b8b7ac9af8e1984263f26063cb589f7a54f43332f7ce5001d2,"{""distance"":7,""physical_error_rate"":0.002}","{""detection_events"":328,""detectors_checked"":38528}"
   1096704,         0,         0,    44.8,exact_mw,fb98ac5f0d986856d2cb4e87c937a37162f60383230d2323a40d4b2e77ef556c,"{""distance"":7,""physical_error_rate"":0.0002}","{""detection_events"":650844,""detectors_checked"":660215808}"
       128,         0,         0,   0.585,exact_mw,f9daf7670c28e8b8b7ac9af8e1984263f26063cb589f7a54f43332f7ce5001d2,"{""distance"":7,""physical_error_rate"":0.002}","{""detection_events"":730,""detectors_checked"":77056}"
      3072,         0,         0,   0.514,exact_mw,8973b2281876bd917be29e6214e197de75d185bf3f5e531e264555f10574746e,"{""distance"":7,""physical_error_rate"":0.0005}","{""detection_events"":4335,""detectors_checked"":1849344}"
       512,         0,         0,   0.406,exact_mw,a17a1dfb4cb0509fbcf9caf9ce6f4704b111f022b15740e51c84c2b7e14a6407,"{""distance"":7,""physical_error_rate"":0.001}","{""detection_events"":1508,""detectors_checked"":308224}"
        17,         0,         0,   0.001,exact_mw,8973b2281876bd917be29e6214e197de75d185bf3f5e531e264555f10574746e,"{""distance"":7,""physical_error_rate"":0.0005}","{""detection_events"":14,""detectors_checked"":10234}"
       256,         0,         0,   0.029,exact_mw,8973b2281876bd917be29e6214e197de75d185bf3f5e531e264555f10574746e,"{""distance"":7,""physical_error_rate"":0.0005}","{""detection_events"":368,""detectors_checked"":154112}"
      1024,         0,         0,   0.954,exact_mw,a17a1dfb4cb0509fbcf9caf9ce6f4704b111f022b15740e51c84c2b7e14a6407,"{""distance"":7,""physical_error_rate"":0.001}","{""detection_events"":3026,""detectors_checked"":616448}"
      1024,         0,         0,   0.190,exact_mw,8973b2281876bd917be29e6214e197de75d185bf3f5e531e264555f10574746e,"{""distance"":7,""physical_error_rate"":0.0005}","{""detection_events"":1465,""detectors_checked"":616448}"
       128,         0,         0,   0.766,exact_mw,f9daf7670c28e8b8b7ac9af8e1984263f26063cb589f7a54f43332f7ce5001d2,"{""distance"":7,""physical_error_rate"":0.002}","{""detection_events"":705,""detectors_checked"":77056}"
      4096,         0,         0,   0.630,exact_mw,8973b2281876bd917be29e6214e197de75d185bf3f5e531e264555f10574746e,"{""distance"":7,""physical_error_rate"":0.0005}","{""detection_events"":6174,""detectors_checked"":2465792}"
      1024,         0,         0,   0.202,exact_mw,8973b2281876bd917be29e6214e197de75d185bf3f5e531e264555f10574746e,"{""distance"":7,""physical_error_rate"":0.0005}","{""detection_events"":1542,""detectors_checked"":616448}"
       128,         0,         0,   0.679,exact_mw,f9daf7670c28e8b8b7ac9af8e1984263f26063cb589f7a54f43332f7ce5001d2,"{""distance"":7,""physical_error_rate"":0.002}","{""detection_events"":799,""detectors_checked"":77056}"
         1,         0,         0,   0.004,exact_mw,a17a1dfb4cb0509fbcf9caf9ce6f4704b111f022b15740e51c84c2b7e14a6407,"{""distance"":7,""physical_error_rate"":0.001}","{""detection_events"":8,""detectors_checked"":602}"
     45056,         0,         0,    1.10,exact_mw,fb98ac5f0d986856d2cb4e87c937a37162f60383230d2323a40d4b2e77ef556c,"{""distance"":7,""physical_error_rate"":0.0002}","{""detection_events"":26622,""detectors_checked"":27123712}"
       512,         0,         0,   0.593,exact_mw,a17a1dfb4cb0509fbcf9caf9ce6f4704b111f022b15740e51c84c2b7e14a6407,"{""distance"":7,""physical_error_rate"":0.001}","{""detection_events"":1624,""detectors_checked"":308224}"
      1024,         0,         0,   0.262,exact_mw,8973b2281876bd917be29e6214e197de75d185bf3f5e531e264555f10574746e,"{""distance"":7,""physical_error_rate"":0.0005}","{""detection_events"":1351,""detectors_checked"":616448}"
       272,         0,         0,   0.243,exact_mw,a17a1dfb4cb0509fbcf9caf9ce6f4704b111f022b15740e51c84c2b7e14a6407,"{""distance"":7,""physical_error_rate"":0.001}","{""detection_events"":723,""detectors_checked"":163744}"
     48128,         0,         0,    1.55,exact_mw,fb98ac5f0d986856d2cb4e87c937a37162f60383230d2323a40d4b2e77ef556c,"{""distance"":7,""physical_error_rate"":0.0002}","{""detection_events"":28846,""detectors_checked"":28973056}"
      1024,         0,         0,   0.114,exact_mw,8973b2281876bd917be29e6214e197de75d185bf3f5e531e264555f10574746e,"{""distance"":7,""physical_error_rate"":0.0005}","{""detection_events"":1500,""detectors_checked"":616448}"
       128,         0,         0,   0.452,exact_mw,f9daf7670c28e8b8b7ac9af8e1984263f26063cb589f7a54f43332f7ce5001d2,"{""distance"":7,""physical_error_rate"":0.002}","{""detection_events"":740,""detectors_checked"":77056}"
      1024,         0,         0,   0.188,exact_mw,8973b2281876bd917be29e6214e197de75d185bf3f5e531e264555f10574746e,"{""distance"":7,""physical_error_rate"":0.0005}","{""detection_events"":1473,""detectors_checked"":616448}"
       512,         0,         0,   0.490,exact_mw,a17a1dfb4cb0509fbcf9caf9ce6f4704b111f022b15740e51c84c2b7e14a6407,"{""distance"":7,""physical_error_rate"":0.001}","{""detection_events"":1459,""detectors_checked"":308224}"
      1024,         0,         0,    1.07,exact_mw,a17a1dfb4cb0509fbcf9caf9ce6f4704b111f022b15740e51c84c2b7e14a6407,"{""distance"":7,""physical_error_rate"":0.001}","{""detection_events"":2891,""detectors_checked"":616448}"
      1024,         0,         0,   0.293,exact_mw,8973b2281876bd917be29e6214e197de75d185bf3f5e531e264555f10574746e,"{""distance"":7,""physical_error_rate"":0.0005}","{""detection_events"":1542,""detectors_checked"":616448}"
       512,         0,         0,   0.559,exact_mw,a17a1dfb4cb0509fbcf9caf9ce6f4704b111f022b15740e51c84c2b7e14a6407,"{""distance"":7,""physical_error_rate"":0.001}","{""detection_events"":1606,""detectors_checked"":308224}"
       128,         0,         0,   0.918,exact_mw,f9daf7670c28e8b8b7ac9af8e1984263f26063cb589f7a54f43332f7ce5001d2,"{""distance"":7,""physical_error_rate"":0.002}","{""detection_events"":805,""detectors_checked"":77056}"
      6144,         0,         0,   0.891,exact_mw,8973b2281876bd917be29e6214e197de75d185bf3f5e531e264555f10574746e,"{""distance"":7,""physical_error_rate"":0.0005}","{""detection_events"":9180,""detectors_checked"":3698688}"
       128,         0,         0,   0.511,exact_mw,f9daf7670c28e8b8b7ac9af8e1984263f26063cb589f7a54f43332f7ce5001d2,"{""distance"":7,""physical_error_rate"":0.002}","{""detection_events"":732,""detectors_checked"":77056}"
      1024,         0,         0,   0.323,exact_mw,8973b2281876bd917be29e6214e197de75d185bf3f5e531e264555f10574746e,"{""distance"":7,""physical_error_rate"":0.0005}","{""detection_events"":1631,""detectors_checked"":616448}"
      1024,         0,         0,   0.213,exact_mw,8973b2281876bd917be29e6214e197de75d185bf3f5e531e264555f10574746e,"{""distance"":7,""physical_error_rate"":0.0005}","{""detection_events"":1424,""detectors_checked"":616448}"
      1024,         0,         0,   0.825,exact_mw,a17a1dfb4cb0509fbcf9caf9ce6f4704b111f022b15740e51c84c2b7e14a6407,"{""distance"":7,""physical_error_rate"":0.001}","{""detection_events"":3132,""detectors_checked"":616448}"
       512,         0,         0,   0.750,exact_mw,a17a1dfb4cb0509fbcf9caf9ce6f4704b111f022b15740e51c84c2b7e14a6407,"{""distance"":7,""physical_error_rate"":0.001}","{""detection_events"":1637,""detectors_checked"":308224}"
       128,         0,         0,   0.634,exact_mw,f9daf7670c28e8b8b7ac9af8e1984263f26063cb589f7a54f43332f7ce5001d2,"{""distance"":7,""physical_error_rate"":0.002}","{""detection_events"":830,""detectors_checked"":77056}"
     68608,         0,         0,    1.53,exact_mw,fb98ac5f0d986856d2cb4e87c937a37162f60383230d2323a40d4b2e77ef556c,"{""distance"":7,""physical_error_rate"":0.0002}","{""detection_events"":40427,""detectors_checked"":41302016}"
      2048,         0,         0,   0.329,exact_mw,8973b2281876bd917be29e6214e197de75d185bf3f5e531e264555f10574746e,"{""distance"":7,""physical_error_rate"":0.0005}","{""detection_events"":3073,""detectors_checked"":1232896}"
       128,         0,         0,   0.954,exact_mw,f9daf7670c28e8b8b7ac9af8e1984263f26063cb589f7a54f43332f7ce5001d2,"{""distance"":7,""physical_error_rate"":0.002}","{""detection_events"":811,""detectors_checked"":77056}"
        17,         0,         0,   0.106,exact_mw,f9daf7670c28e8b8b7ac9af8e1984263f26063cb589f7a54f43332f7ce5001d2,"{""distance"":7,""physical_error_rate"":0.002}","{""detection_events"":103,""detectors_checked"":10234}"
   2865152,         1,         0,    87.7,exact_mw,fb98ac5f0d986856d2cb4e87c937a37162f60383230d2323a40d4b2e77ef556c,"{""distance"":7,""physical_error_rate"":0.0002}","{""detection_events"":1697153,""detectors_checked"":1724821504,""obs_mistake_mask=E"":1}"
      8192,         0,         0,    1.23,exact_mw,8973b2281876bd917be29e6214e197de75d185bf3f5e531e264555f10574746e,"{""distance"":7,""physical_error_rate"":0.0005}","{""detection_events"":12227,""detectors_checked"":4931584}"
       128,         0,         0,   0.557,exact_mw,f9daf7670c28e8b8b7ac9af8e1984263f26063cb589f7a54f43332f7ce5001d2,"{""distance"":7,""physical_error_rate"":0.002}","{""detection_events"":781,""detectors_checked"":77056}"
      2048,         0,         0,   0.499,exact_mw,8973b2281876bd917be29e6214e197de75d185bf3f5e531e264555f10574746e,"{""distance"":7,""physical_error_rate"":0.0005}","{""detection_events"":3190,""detectors_checked"":1232896}"
       512,         0,         0,   0.726,exact_mw,a17a1dfb4cb0509fbcf9caf9ce6f4704b111f022b15740e51c84c2b7e14a6407,"{""distance"":7,""physical_error_rate"":0.001}","{""detection_events"":1548,""detectors_checked"":308224}"
      2048,         0,         0,    1.75,exact_mw,a17a1dfb4cb0509fbcf9caf9ce6f4704b111f022b15740e51c84c2b7e14a6407,"{""distance"":7,""physical_error_rate"":0.001}","{""detection_events"":5853,""detectors_checked"":1232896}"
        64,         0,         0,   0.489,exact_mw,f9daf7670c28e8b8b7ac9af8e1984263f26063cb589f7a54f43332f7ce5001d2,"{""distance"":7,""physical_error_rate"":0.002}","{""detection_events"":420,""detectors_checked"":38528}"
       273,         0,         0,   0.054,exact_mw,8973b2281876bd917be29e6214e197de75d185bf3f5e531e264555f10574746e,"{""distance"":7,""physical_error_rate"":0.0005}","{""detection_events"":364,""detectors_checked"":164346}"
     86016,         0,         0,    2.15,exact_mw,fb98ac5f0d986856d2cb4e87c937a37162f60383230d2323a40d4b2e77ef556c,"{""distance"":7,""physical_error_rate"":0.0002}","{""detection_events"":51388,""detectors_checked"":51781632}"
      1024,         0,         0,   0.139,exact_mw,8973b2281876bd917be29e6214e197de75d185bf3f5e531e264555f10574746e,"{""distance"":7,""physical_error_rate"":0.0005}","{""detection_events"":1481,""detectors_checked"":616448}"
       128,         0,         0,   0.861,exact_mw,f9daf7670c28e8b8b7ac9af8e1984263f26063cb589f7a54f43332f7ce5001d2,"{""distance"":7,""physical_error_rate"":0.002}","{""detection_events"":828,""detectors_checked"":77056}"
       512,         0,         0,   0.376,exact_mw,a17a1dfb4cb0509fbcf9caf9ce6f4704b111f022b15740e51c84c2b7e14a6407,"{""distance"":7,""physical_error_rate"":0.001}","{""detection_events"":1495,""detectors_checked"":308224}"
      1024,         0,         0,   0.160,exact_mw,8973b2281876bd917be29e6214e197de75d185bf3f5e531e264555f10574746e,"{""distance"":7,""physical_error_rate"":0.0005}","{""detection_events"":1488,""detectors_checked"":616448}"
       128,         0,         0,   0.632,exact_mw,f9daf7670c28e8b8b7ac9af8e1984263f26063cb589f7a54f43332f7ce5001d2,"{""distance"":7,""physical_error_rate"":0.002}","{""detection_events"":875,""detectors_checked"":77056}"
      1536,         0,         0,    1.47,exact_mw,a17a1dfb4cb0509fbcf9caf9ce6f4704b111f022b15740e51c84c2b7e14a6407,"{""distance"":7,""physical_error_rate"":0.001}","{""detection_events"":4701,""detectors_checked"":924672}"
        64,         0,         0,   0.479,exact_mw,f9daf7670c28e8b8b7ac9af8e1984263f26063cb589f7a54f43332f7ce5001d2,"{""distance"":7,""physical_error_rate"":0.002}","{""detection_events"":377,""detectors_checked"":38528}"
      3072,         0,         0,   0.787,exact_mw,8973b2281876bd917be29e6214e197de75d185bf3f5e531e264555f10574746e,"{""distance"":7,""physical_error_rate"":0.0005}","{""detection_events"":4624,""detectors_checked"":1849344}"
      1024,         0,         0,   0.246,exact_mw,8973b2281876bd917be29e6214e197de75d185bf3f5e531e264555f10574746e,"{""distance"":7,""physical_error_rate"":0.0005}","{""detection_events"":1546,""detectors_checked"":616448}"
      1024,         0,         0,   0.195,exact_mw,8973b2281876bd917be29e6214e197de75d185bf3f5e531e264555f10574746e,"{""distance"":7,""physical_error_rate"":0.0005}","{""detection_events"":1539,""detectors_checked"":616448}"
    268288,         1,         0,    45.0,exact_mw,8973b2281876bd917be29e6214e197de75d185bf3f5e531e264555f10574746e,"{""distance"":7,""physical_error_rate"":0.0005}","{""detection_events"":396983,""detectors_checked"":161509376,""obs_mistake_mask=E"":1}"
        64,         0,         0,   0.437,exact_mw,f9daf7670c28e8b8b7ac9af8e1984263f26063cb589f7a54f43332f7ce5001d2,"{""distance"":7,""physical_error_rate"":0.002}","{""detection_events"":372,""detectors_checked"":38528}"
      1024,         0,         0,   0.191,exact_mw,8973b2281876bd917be29e6214e197de75d185bf3f5e531e264555f10574746e,"{""distance"":7,""physical_error_rate"":0.0005}","{""detection_events"":1490,""detectors_checked"":616448}"
       512,         0,         0,   0.702,exact_mw,a17a1dfb4cb0509fbcf9caf9ce6f4704b111f022b15740e51c84c2b7e14a6407,"{""distance"":7,""physical_error_rate"":0.001}","{""detection_events"":1548,""detectors_checked"":308224}"
       128,         0,         0,   0.622,exact_mw,f9daf7670c28e8b8b7ac9af8e1984263f26063cb589f7a54f43332f7ce5001d2,"{""distance"":7,""physical_error_rate"":0.002}","{""detection_events"":798,""detectors_checked"":77056}"
      1024,         0,         0,   0.189,exact_mw,8973b2281876bd917be29e6214e197de75d185bf3f5e531e264555f10574746e,"{""distance"":7,""physical_error_rate"":0.0005}","{""detection_events"":1574,""detectors_checked"":616448}"
       128,         0,         0,   0.982,exact_mw,f9daf7670c28e8b8b7ac9af8e1984263f26063cb589f7a54f43332f7ce5001d2,"{""distance"":7,""physical_error_rate"":0.002}","{""detection_events"":799,""detectors_checked"":77056}"
      3072,         0,         0,   0.801,exact_mw,8973b2281876bd917be29e6214e197de75d185bf3f5e531e264555f10574746e,"{""distance"":7,""physical_error_rate"":0.0005}","{""detection_events"":4671,""detectors_checked"":1849344}"
     11264,         0,         0,    1.70,exact_mw,8973b2281876bd917be29e6214e197de75d185bf3f5e531e264555f10574746e,"{""distance"":7,""physical_error_rate"":0.0005}","{""detection_events"":16414,""detectors_checked"":6780928}"
        64,         0,         0,   0.428,exact_mw,f9daf7670c28e8b8b7ac9af8e1984263f26063cb589f7a54f43332f7ce5001d2,"{""distance"":7,""physical_error_rate"":0.002}","{""detection_events"":401,""detectors_checked"":38528}"
     97280,         0,         0,    2.15,exact_mw,fb98ac5f0d986856d2cb4e87c937a37162f60383230d2323a40d4b2e77ef556c,"{""distance"":7,""physical_error_rate"":0.0002}","{""detection_events"":57652,""detectors_checked"":58562560}"
      1024,         0,         0,   0.242,exact_mw,8973b2281876bd917be29e6214e197de75d185bf3f5e531e264555f10574746e,"{""distance"":7,""physical_error_rate"":0.0005}","{""detection_events"":1559,""detectors_checked"":616448}"
       512,         0,         0,   0.450,exact_mw,a17a1dfb4cb0509fbcf9caf9ce6f4704b111f022b15740e51c84c2b7e14a6407,"{""distance"":7,""physical_error_rate"":0.001}","{""detection_events"":1479,""detectors_checked"":308224}"
      1024,         0,         0,   0.242,exact_mw,8973b2281876bd917be29e6214e197de75d185bf3f5e531e264555f10574746e,"{""distance"":7,""physical_error_rate"":0.0005}","{""detection_events"":1566,""detectors_checked"":616448}"
      2048,         0,         0,    1.81,exact_mw,a17a1dfb4cb0509fbcf9caf9ce6f4704b111f022b15740e51c84c2b7e14a6407,"{""distance"":7,""physical_error_rate"":0.001}","{""detection_events"":6119,""detectors_checked"":1232896}"
        64,         0,         0,   0.438,exact_mw,f9daf7670c28e8b8b7ac9af8e1984263f26063cb589f7a54f43332f7ce5001d2,"{""distance"":7,""physical_error_rate"":0.002}","{""detection_events"":412,""detectors_checked"":38528}"
       256,         0,         0,   0.904,exact_mw,f9daf7670c28e8b8b7ac9af8e1984263f26063cb589f7a54f43332f7ce5001d2,"{""distance"":7,""physical_error_rate"":0.002}","{""detection_events"":1406,""detectors_checked"":154112}"
       512,         0,         0,   0.554,exact_mw,a17a1dfb4cb0509fbcf9caf9ce6f4704b111f022b15740e51c84c2b7e14a6407,"{""distance"":7,""physical_error_rate"":0.001}","{""detection_events"":1522,""detectors_checked"":308224}"
      1536,         0,         0,    1.56,exact_mw,a17a1dfb4cb0509fbcf9caf9ce6f4704b111f022b15740e51c84c2b7e14a6407,"{""distance"":7,""physical_error_rate"":0.001}","{""detection_events"":4582,""detectors_checked"":924672}"
       128,         0,         0,   0.938,exact_mw,f9daf7670c28e8b8b7ac9af8e1984263f26063cb589f7a54f43332f7ce5001d2,"{""distance"":7,""physical_error_rate"":0.002}","{""detection_events"":775,""detectors_checked"":77056}"
      2048,         0,         0,   0.513,exact_mw,8973b2281876bd917be29e6214e197de75d185bf3f5e531e264555f10574746e,"{""distance"":7,""physical_error_rate"":0.0005}","{""detection_events"":3190,""detectors_checked"":1232896}"
        64,         0,         0,   0.386,exact_mw,f9daf7670c28e8b8b7ac9af8e1984263f26063cb589f7a54f43332f7ce5001d2,"{""distance"":7,""physical_error_rate"":0.002}","{""detection_events"":424,""detectors_checked"":38528}"
       512,         0,         0,   0.587,exact_mw,a17a1dfb4cb0509fbcf9caf9ce6f4704b111f022b15740e51c84c2b7e14a6407,"{""distance"":7,""physical_error_rate"":0.001}","{""detection_events"":1635,""detectors_checked"":308224}"
      2048,         0,         0,   0.406,exact_mw,8973b2281876bd917be29e6214e197de75d185bf3f5e531e264555f10574746e,"{""distance"":7,""physical_error_rate"":0.0005}","{""detection_events"":2990,""detectors_checked"":1232896}"
      5120,         0,         0,    1.27,exact_mw,8973b2281876bd917be29e6214e197de75d185bf3f5e531e264555f10574746e,"{""distance"":7,""physical_error_rate"":0.0005}","{""detection_events"":7568,""detectors_checked"":3082240}"
        64,         0,         0,   0.535,exact_mw,f9daf7670c28e8b8b7ac9af8e1984263f26063cb589f7a54f43332f7ce5001d2,"{""distance"":7,""physical_error_rate"":0.002}","{""detection_events"":383,""detectors_checked"":38528}"
       256,         0,         0,    1.06,exact_mw,f9daf7670c28e8b8b7ac9af8e1984263f26063cb589f7a54f43332f7ce5001d2,"{""distance"":7,""physical_error_rate"":0.002}","{""detection_events"":1473,""detectors_checked"":154112}"
   3587072,         2,         0,    87.6,exact_mw,fb98ac5f0d986856d2cb4e87c937a37162f60383230d2323a40d4b2e77ef556c,"{""distance"":7,""physical_error_rate"":0.0002}","{""detection_events"":2128994,""detectors_checked"":2159417344,""obs_mistake_mask=E"":2}"
       512,         0,         0,   0.388,exact_mw,a17a1dfb4cb0509fbcf9caf9ce6f4704b111f022b15740e51c84c2b7e14a6407,"{""distance"":7,""physical_error_rate"":0.001}","{""detection_events"":1564,""detectors_checked"":308224}"
    107520,         0,         0,    3.01,exact_mw,fb98ac5f0d986856d2cb4e87c937a37162f60383230d2323a40d4b2e77ef556c,"{""distance"":7,""physical_error_rate"":0.0002}","{""detection_events"":64247,""detectors_checked"":64727040}"
        64,         0,         0,   0.352,exact_mw,f9daf7670c28e8b8b7ac9af8e1984263f26063cb589f7a54f43332f7ce5001d2,"{""distance"":7,""physical_error_rate"":0.002}","{""detection_events"":375,""detectors_checked"":38528}"
       128,         0,         0,   0.952,exact_mw,f9daf7670c28e8b8b7ac9af8e1984263f26063cb589f7a54f43332f7ce5001d2,"{""distance"":7,""physical_error_rate"":0.002}","{""detection_events"":750,""detectors_checked"":77056}"
      3072,         0,         0,   0.586,exact_mw,8973b2281876bd917be29e6214e197de75d185bf3f5e531e264555f10574746e,"{""distance"":7,""physical_error_rate"":0.0005}","{""detection_events"":4664,""detectors_checked"":1849344}"
       512,         0,         0,   0.456,exact_mw,a17a1dfb4cb0509fbcf9caf9ce6f4704b111f022b15740e51c84c2b7e14a6407,"{""distance"":7,""physical_error_rate"":0.001}","{""detection_events"":1506,""detectors_checked"":308224}"
     14336,         0,         0,    2.16,exact_mw,8973b2281876bd917be29e6214e197de75d185bf3f5e531e264555f10574746e,"{""distance"":7,""physical_error_rate"":0.0005}","{""detection_events"":20936,""detectors_checked"":8630272}"
        64,         0,         0,   0.464,exact_mw,f9daf7670c28e8b8b7ac9af8e1984263f26063cb589f7a54f43332f7ce5001d2,"{""distance"":7,""physical_error_rate"":0.002}","{""detection_events"":391,""detectors_checked"":38528}"
      3072,         0,         0,   0.626,exact_mw,8973b2281876bd917be29e6214e197de75d185bf3f5e531e264555f10574746e,"{""distance"":7,""physical_error_rate"":0.0005}","{""detection_events"":4548,""detectors_checked"":1849344}"
        64,         0,         0,   0.300,exact_mw,f9daf7670c28e8b8b7ac9af8e1984263f26063cb589f7a54f43332f7ce5001d2,"{""distance"":7,""physical_error_rate"":0.002}","{""detection_events"":304,""detectors_checked"":38528}"
      2048,         0,         0,    2.01,exact_mw,a17a1dfb4cb0509fbcf9caf9ce6f4704b111f022b15740e51c84c2b7e14a6407,"{""distance"":7,""physical_error_rate"":0.001}","{""detection_events"":5989,""detectors_checked"":1232896}"
      3072,         0,         0,    2.51,exact_mw,a17a1dfb4cb0509fbcf9caf9ce6f4704b111f022b15740e51c84c2b7e14a6407,"{""distance"":7,""physical_error_rate"":0.001}","{""detection_events"":8883,""detectors_checked"":1849344}"
      9216,         0,         0,    1.75,exact_mw,8973b2281876bd917be29e6214e197de75d185bf3f5e531e264555f10574746e,"{""distance"":7,""physical_error_rate"":0.0005}","{""detection_events"":13435,""detectors_checked"":5548032}"
    125952,         0,         0,    3.05,exact_mw,fb98ac5f0d986856d2cb4e87c937a37162f60383230d2323a40d4b2e77ef556c,"{""distance"":7,""physical_error_rate"":0.0002}","{""detection_events"":75457,""detectors_checked"":75823104}"
      1024,         0,         0,    1.03,exact_mw,a17a1dfb4cb0509fbcf9caf9ce6f4704b111f022b15740e51c84c2b7e14a6407,"{""distance"":7,""physical_error_rate"":0.001}","{""detection_events"":2992,""detectors_checked"":616448}"
       256,         0,         0,    1.33,exact_mw,f9daf7670c28e8b8b7ac9af8e1984263f26063cb589f7a54f43332f7ce5001d2,"{""distance"":7,""physical_error_rate"":0.002}","{""detection_events"":1577,""detectors_checked"":154112}"
       128,         0,         0,   0.789,exact_mw,f9daf7670c28e8b8b7ac9af8e1984263f26063cb589f7a54f43332f7ce5001d2,"{""distance"":7,""physical_error_rate"":0.002}","{""detection_events"":734,""detectors_checked"":77056}"
      4096,         0,         0,   0.945,exact_mw,8973b2281876bd917be29e6214e197de75d185bf3f5e531e264555f10574746e,"{""distance"":7,""physical_error_rate"":0.0005}","{""detection_events"":5944,""detectors_checked"":2465792}"
       256,         0,         0,    2.01,exact_mw,f9daf7670c28e8b8b7ac9af8e1984263f26063cb589f7a54f43332f7ce5001d2,"{""distance"":7,""physical_error_rate"":0.002}","{""detection_events"":1707,""detectors_checked"":154112}"
       192,         0,         0,   0.877,exact_mw,f9daf7670c28e8b8b7ac9af8e1984263f26063cb589f7a54f43332f7ce5001d2,"{""distance"":7,""physical_error_rate"":0.002}","{""detection_events"":1099,""detectors_checked"":115584}"
      1024,         0,         0,    1.28,exact_mw,a17a1dfb4cb0509fbcf9caf9ce6f4704b111f022b15740e51c84c2b7e14a6407,"{""distance"":7,""physical_error_rate"":0.001}","{""detection_events"":3022,""detectors_checked"":616448}"
      6144,         0,         0,    1.33,exact_mw,8973b2281876bd917be29e6214e197de75d185bf3f5e531e264555f10574746e,"{""distance"":7,""physical_error_rate"":0.0005}","{""detection_events"":8809,""detectors_checked"":3698688}"
      2560,         0,         0,    2.18,exact_mw,a17a1dfb4cb0509fbcf9caf9ce6f4704b111f022b15740e51c84c2b7e14a6407,"{""distance"":7,""physical_error_rate"":0.001}","{""detection_events"":7380,""detectors_checked"":1541120}"
       128,         0,         0,    1.02,exact_mw,f9daf7670c28e8b8b7ac9af8e1984263f26063cb589f7a54f43332f7ce5001d2,"{""distance"":7,""physical_error_rate"":0.002}","{""detection_events"":784,""detectors_checked"":77056}"
     11264,         1,         0,    2.28,exact_mw,8973b2281876bd917be29e6214e197de75d185bf3f5e531e264555f10574746e,"{""distance"":7,""physical_error_rate"":0.0005}","{""detection_events"":16604,""detectors_checked"":6780928,""obs_mistake_mask=E"":1}"
     18432,         0,         0,    3.15,exact_mw,8973b2281876bd917be29e6214e197de75d185bf3f5e531e264555f10574746e,"{""distance"":7,""physical_error_rate"":0.0005}","{""detection_events"":27313,""detectors_checked"":11096064}"
    475136,         1,         0,    88.3,exact_mw,8973b2281876bd917be29e6214e197de75d185bf3f5e531e264555f10574746e,"{""distance"":7,""physical_error_rate"":0.0005}","{""detection_events"":701361,""detectors_checked"":286031872,""obs_mistake_mask=E"":1}"
       384,         0,         0,    2.40,exact_mw,f9daf7670c28e8b8b7ac9af8e1984263f26063cb589f7a54f43332f7ce5001d2,"{""distance"":7,""physical_error_rate"":0.002}","{""detection_events"":2241,""detectors_checked"":231168}"
       384,         0,         0,    2.00,exact_mw,f9daf7670c28e8b8b7ac9af8e1984263f26063cb589f7a54f43332f7ce5001d2,"{""distance"":7,""physical_error_rate"":0.002}","{""detection_events"":2388,""detectors_checked"":231168}"
      1536,         0,         0,    1.57,exact_mw,a17a1dfb4cb0509fbcf9caf9ce6f4704b111f022b15740e51c84c2b7e14a6407,"{""distance"":7,""physical_error_rate"":0.001}","{""detection_events"":4435,""detectors_checked"":924672}"
    167936,         0,         0,    4.22,exact_mw,fb98ac5f0d986856d2cb4e87c937a37162f60383230d2323a40d4b2e77ef556c,"{""distance"":7,""physical_error_rate"":0.0002}","{""detection_events"":98830,""detectors_checked"":101097472}"
   2763776,         2,         0,   118.9,exact_mw,fb98ac5f0d986856d2cb4e87c937a37162f60383230d2323a40d4b2e77ef556c,"{""distance"":7,""physical_error_rate"":0.0002}","{""detection_events"":1638279,""detectors_checked"":1663793152,""obs_mistake_mask=E"":2}"
      7168,         0,         0,    1.61,exact_mw,8973b2281876bd917be29e6214e197de75d185bf3f5e531e264555f10574746e,"{""distance"":7,""physical_error_rate"":0.0005}","{""detection_events"":10601,""detectors_checked"":4315136}"
      4096,         0,         0,    3.71,exact_mw,a17a1dfb4cb0509fbcf9caf9ce6f4704b111f022b15740e51c84c2b7e14a6407,"{""distance"":7,""physical_error_rate"":0.001}","{""detection_events"":12268,""detectors_checked"":2465792}"
      9984,         1,         0,    45.1,exact_mw,f9daf7670c28e8b8b7ac9af8e1984263f26063cb589f7a54f43332f7ce5001d2,"{""distance"":7,""physical_error_rate"":0.002}","{""detection_events"":58519,""detectors_checked"":6010368,""obs_mistake_mask=E"":1}"
       256,         0,         0,    1.98,exact_mw,f9daf7670c28e8b8b7ac9af8e1984263f26063cb589f7a54f43332f7ce5001d2,"{""distance"":7,""physical_error_rate"":0.002}","{""detection_events"":1713,""detectors_checked"":154112}"
    173056,         0,         0,    4.24,exact_mw,fb98ac5f0d986856d2cb4e87c937a37162f60383230d2323a40d4b2e77ef556c,"{""distance"":7,""physical_error_rate"":0.0002}","{""detection_events"":103286,""detectors_checked"":104179712}"
      2048,         0,         0,    1.89,exact_mw,a17a1dfb4cb0509fbcf9caf9ce6f4704b111f022b15740e51c84c2b7e14a6407,"{""distance"":7,""physical_error_rate"":0.001}","{""detection_events"":6104,""detectors_checked"":1232896}"
       512,         0,         0,    2.50,exact_mw,f9daf7670c28e8b8b7ac9af8e1984263f26063cb589f7a54f43332f7ce5001d2,"{""distance"":7,""physical_error_rate"":0.002}","{""detection_events"":3131,""detectors_checked"":308224}"
       384,         0,         0,    2.78,exact_mw,f9daf7670c28e8b8b7ac9af8e1984263f26063cb589f7a54f43332f7ce5001d2,"{""distance"":7,""physical_error_rate"":0.002}","{""detection_events"":2375,""detectors_checked"":231168}"
     19456,         0,         0,    3.05,exact_mw,8973b2281876bd917be29e6214e197de75d185bf3f5e531e264555f10574746e,"{""distance"":7,""physical_error_rate"":0.0005}","{""detection_events"":29319,""detectors_checked"":11712512}"
      9216,         0,         0,    2.30,exact_mw,8973b2281876bd917be29e6214e197de75d185bf3f5e531e264555f10574746e,"{""distance"":7,""physical_error_rate"":0.0005}","{""detection_events"":13479,""detectors_checked"":5548032}"
      4096,         0,         0,    3.94,exact_mw,a17a1dfb4cb0509fbcf9caf9ce6f4704b111f022b15740e51c84c2b7e14a6407,"{""distance"":7,""physical_error_rate"":0.001}","{""detection_events"":12541,""detectors_checked"":2465792}"
       384,         0,         0,    2.02,exact_mw,f9daf7670c28e8b8b7ac9af8e1984263f26063cb589f7a54f43332f7ce5001d2,"{""distance"":7,""physical_error_rate"":0.002}","{""detection_events"":2141,""detectors_checked"":231168}"
     26624,         0,         0,    4.41,exact_mw,8973b2281876bd917be29e6214e197de75d185bf3f5e531e264555f10574746e,"{""distance"":7,""physical_error_rate"":0.0005}","{""detection_events"":39810,""detectors_checked"":16027648}"
     39936,         0,         0,    45.3,exact_mw,a17a1dfb4cb0509fbcf9caf9ce6f4704b111f022b15740e51c84c2b7e14a6407,"{""distance"":7,""physical_error_rate"":0.001}","{""detection_events"":117782,""detectors_checked"":24041472}"
      9984,         1,         0,    45.3,exact_mw,f9daf7670c28e8b8b7ac9af8e1984263f26063cb589f7a54f43332f7ce5001d2,"{""distance"":7,""physical_error_rate"":0.002}","{""detection_events"":58032,""detectors_checked"":6010368,""obs_mistake_mask=E"":1}"
      2560,         0,         0,    2.51,exact_mw,a17a1dfb4cb0509fbcf9caf9ce6f4704b111f022b15740e51c84c2b7e14a6407,"{""distance"":7,""physical_error_rate"":0.001}","{""detection_events"":7405,""detectors_checked"":1541120}"
     36864,         1,         0,    88.6,exact_mw,a17a1dfb4cb0509fbcf9caf9ce6f4704b111f022b15740e51c84c2b7e14a6407,"{""distance"":7,""physical_error_rate"":0.001}","{""detection_events"":110353,""detectors_checked"":22192128,""obs_mistake_mask=E"":1}"
       768,         0,         0,    3.12,exact_mw,f9daf7670c28e8b8b7ac9af8e1984263f26063cb589f7a54f43332f7ce5001d2,"{""distance"":7,""physical_error_rate"":0.002}","{""detection_events"":4501,""detectors_checked"":462336}"
     33088,         0,         0,    45.6,exact_mw,a17a1dfb4cb0509fbcf9caf9ce6f4704b111f022b15740e51c84c2b7e14a6407,"{""distance"":7,""physical_error_rate"":0.001}","{""detection_events"":97107,""detectors_checked"":19918976}"
       384,         0,         0,    2.35,exact_mw,f9daf7670c28e8b8b7ac9af8e1984263f26063cb589f7a54f43332f7ce5001d2,"{""distance"":7,""physical_error_rate"":0.002}","{""detection_events"":2332,""detectors_checked"":231168}"
      5120,         0,         0,    5.07,exact_mw,a17a1dfb4cb0509fbcf9caf9ce6f4704b111f022b15740e51c84c2b7e14a6407,"{""distance"":7,""physical_error_rate"":0.001}","{""detection_events"":14934,""detectors_checked"":3082240}"
     13312,         0,         0,    3.10,exact_mw,8973b2281876bd917be29e6214e197de75d185bf3f5e531e264555f10574746e,"{""distance"":7,""physical_error_rate"":0.0005}","{""detection_events"":19661,""detectors_checked"":8013824}"
    201728,         0,         0,    5.95,exact_mw,fb98ac5f0d986856d2cb4e87c937a37162f60383230d2323a40d4b2e77ef556c,"{""distance"":7,""physical_error_rate"":0.0002}","{""detection_events"":120343,""detectors_checked"":121440256}"
    260608,         2,         0,    88.4,exact_mw,8973b2281876bd917be29e6214e197de75d185bf3f5e531e264555f10574746e,"{""distance"":7,""physical_error_rate"":0.0005}","{""detection_events"":387495,""detectors_checked"":156886016,""obs_mistake_mask=E"":2}"
       640,         0,         0,    3.83,exact_mw,f9daf7670c28e8b8b7ac9af8e1984263f26063cb589f7a54f43332f7ce5001d2,"{""distance"":7,""physical_error_rate"":0.002}","{""detection_events"":3652,""detectors_checked"":385280}"
     24576,         0,         0,    4.33,exact_mw,8973b2281876bd917be29e6214e197de75d185bf3f5e531e264555f10574746e,"{""distance"":7,""physical_error_rate"":0.0005}","{""detection_events"":35865,""detectors_checked"":14794752}"
     41280,         1,         0,    88.7,exact_mw,a17a1dfb4cb0509fbcf9caf9ce6f4704b111f022b15740e51c84c2b7e14a6407,"{""distance"":7,""physical_error_rate"":0.001}","{""detection_events"":122133,""detectors_checked"":24850560,""obs_mistake_mask=E"":1}"
      3584,         0,         0,    4.29,exact_mw,a17a1dfb4cb0509fbcf9caf9ce6f4704b111f022b15740e51c84c2b7e14a6407,"{""distance"":7,""physical_error_rate"":0.001}","{""detection_events"":10398,""detectors_checked"":2157568}"
    718848,         1,         0,   120.1,exact_mw,8973b2281876bd917be29e6214e197de75d185bf3f5e531e264555f10574746e,"{""distance"":7,""physical_error_rate"":0.0005}","{""detection_events"":1064887,""detectors_checked"":432746496,""obs_mistake_mask=E"":1}"
    250880,         0,         0,    5.95,exact_mw,fb98ac5f0d986856d2cb4e87c937a37162f60383230d2323a40d4b2e77ef556c,"{""distance"":7,""physical_error_rate"":0.0002}","{""detection_events"":147968,""detectors_checked"":151029760}"
      3072,         0,         0,    3.30,exact_mw,a17a1dfb4cb0509fbcf9caf9ce6f4704b111f022b15740e51c84c2b7e14a6407,"{""distance"":7,""physical_error_rate"":0.001}","{""detection_events"":8864,""detectors_checked"":1849344}"
     16224,         5,         0,    89.0,exact_mw,f9daf7670c28e8b8b7ac9af8e1984263f26063cb589f7a54f43332f7ce5001d2,"{""distance"":7,""physical_error_rate"":0.002}","{""detection_events"":94503,""detectors_checked"":9766848,""obs_mistake_mask=E"":5}"
      9808,         2,         0,    88.6,exact_mw,f9daf7670c28e8b8b7ac9af8e1984263f26063cb589f7a54f43332f7ce5001d2,"{""distance"":7,""physical_error_rate"":0.002}","{""detection_events"":57769,""detectors_checked"":5904416,""obs_mistake_mask=E"":2}"
       640,         0,         0,    3.59,exact_mw,f9daf7670c28e8b8b7ac9af8e1984263f26063cb589f7a54f43332f7ce5001d2,"{""distance"":7,""physical_error_rate"":0.002}","{""detection_events"":3672,""detectors_checked"":385280}"
      1297,         0,         0,   0.015,exact_mw,fb98ac5f0d986856d2cb4e87c937a37162f60383230d2323a40d4b2e77ef556c,"{""distance"":7,""physical_error_rate"":0.0002}","{""detection_events"":844,""detectors_checked"":780794}"
      2048,         0,         0,   0.024,exact_mw,fb98ac5f0d986856d2cb4e87c937a37162f60383230d2323a40d4b2e77ef556c,"{""distance"":7,""physical_error_rate"":0.0002}","{""detection_events"":1246,""detectors_checked"":1232896}"
      2048,         0,         0,   0.026,exact_mw,fb98ac5f0d986856d2cb4e87c937a37162f60383230d2323a40d4b2e77ef556c,"{""distance"":7,""physical_error_rate"":0.0002}","{""detection_events"":1129,""detectors_checked"":1232896}"
      3072,         0,         0,   0.028,exact_mw,fb98ac5f0d986856d2cb4e87c937a37162f60383230d2323a40d4b2e77ef556c,"{""distance"":7,""physical_error_rate"":0.0002}","{""detection_events"":1719,""detectors_checked"":1849344}"
      4096,         0,         0,   0.043,exact_mw,fb98ac5f0d986856d2cb4e87c937a37162f60383230d2323a40d4b2e77ef556c,"{""distance"":7,""physical_error_rate"":0.0002}","{""detection_events"":2476,""detectors_checked"":2465792}"
      5120,         0,         0,   0.060,exact_mw,fb98ac5f0d986856d2cb4e87c937a37162f60383230d2323a40d4b2e77ef556c,"{""distance"":7,""physical_error_rate"":0.0002}","{""detection_events"":3025,""detectors_checked"":3082240}"
      6144,         0,         0,   0.080,exact_mw,fb98ac5f0d986856d2cb4e87c937a37162f60383230d2323a40d4b2e77ef556c,"{""distance"":7,""physical_error_rate"":0.0002}","{""detection_events"":3539,""detectors_checked"":3698688}"
      1024,         0,         0,    4.58,exact_mw,f9daf7670c28e8b8b7ac9af8e1984263f26063cb589f7a54f43332f7ce5001d2,"{""distance"":7,""physical_error_rate"":0.002}","{""detection_events"":6136,""detectors_checked"":616448}"
      9216,         0,         0,   0.109,exact_mw,fb98ac5f0d986856d2cb4e87c937a37162f60383230d2323a40d4b2e77ef556c,"{""distance"":7,""physical_error_rate"":0.0002}","{""detection_events"":5380,""detectors_checked"":5548032}"
     39936,         0,         0,    6.14,exact_mw,8973b2281876bd917be29e6214e197de75d185bf3f5e531e264555f10574746e,"{""distance"":7,""physical_error_rate"":0.0005}","{""detection_events"":59266,""detectors_checked"":24041472}"
     14336,         0,         0,   0.158,exact_mw,fb98ac5f0d986856d2cb4e87c937a37162f60383230d2323a40d4b2e77ef556c,"{""distance"":7,""physical_error_rate"":0.0002}","{""detection_events"":8383,""detectors_checked"":8630272}"
     17408,         0,         0,    4.45,exact_mw,8973b2281876bd917be29e6214e197de75d185bf3f5e531e264555f10574746e,"{""distance"":7,""physical_error_rate"":0.0005}","{""detection_events"":25601,""detectors_checked"":10479616}"
     16384,         0,         0,   0.216,exact_mw,fb98ac5f0d986856d2cb4e87c937a37162f60383230d2323a40d4b2e77ef556c,"{""distance"":7,""physical_error_rate"":0.0002}","{""detection_events"":9600,""detectors_checked"":9863168}"
   4278272,         0,         0,   119.3,exact_mw,fb98ac5f0d986856d2cb4e87c937a37162f60383230d2323a40d4b2e77ef556c,"{""distance"":7,""physical_error_rate"":0.0002}","{""detection_events"":2537530,""detectors_checked"":2575519744}"
     21504,         0,         0,   0.304,exact_mw,fb98ac5f0d986856d2cb4e87c937a37162f60383230d2323a40d4b2e77ef556c,"{""distance"":7,""physical_error_rate"":0.0002}","{""detection_events"":12926,""detectors_checked"":12945408}"
     30720,         0,         0,   0.402,exact_mw,fb98ac5f0d986856d2cb4e87c937a37162f60383230d2323a40d4b2e77ef556c,"{""distance"":7,""physical_error_rate"":0.0002}","{""detection_events"":18143,""detectors_checked"":18493440}"
       768,         0,         0,    4.96,exact_mw,f9daf7670c28e8b8b7ac9af8e1984263f26063cb589f7a54f43332f7ce5001d2,"{""distance"":7,""physical_error_rate"":0.002}","{""detection_events"":4615,""detectors_checked"":462336}"
     43008,         0,         0,   0.579,exact_mw,fb98ac5f0d986856d2cb4e87c937a37162f60383230d2323a40d4b2e77ef556c,"{""distance"":7,""physical_error_rate"":0.0002}","{""detection_events"":24910,""detectors_checked"":25890816}"
      6656,         0,         0,    6.18,exact_mw,a17a1dfb4cb0509fbcf9caf9ce6f4704b111f022b15740e51c84c2b7e14a6407,"{""distance"":7,""physical_error_rate"":0.001}","{""detection_events"":19875,""detectors_checked"":4006912}"
      4096,         0,         0,    4.26,exact_mw,a17a1dfb4cb0509fbcf9caf9ce6f4704b111f022b15740e51c84c2b7e14a6407,"{""distance"":7,""physical_error_rate"":0.001}","{""detection_events"":11891,""detectors_checked"":2465792}"
     33792,         0,         0,   0.801,exact_mw,fb98ac5f0d986856d2cb4e87c937a37162f60383230d2323a40d4b2e77ef556c,"{""distance"":7,""physical_error_rate"":0.0002}","{""detection_events"":20244,""detectors_checked"":20342784}"
     28672,         0,         0,    6.11,exact_mw,8973b2281876bd917be29e6214e197de75d185bf3f5e531e264555f10574746e,"{""distance"":7,""physical_error_rate"":0.0005}","{""detection_events"":42077,""detectors_checked"":17260544}"
      5120,         0,         0,    6.21,exact_mw,a17a1dfb4cb0509fbcf9caf9ce6f4704b111f022b15740e51c84c2b7e14a6407,"{""distance"":7,""physical_error_rate"":0.001}","{""detection_events"":15229,""detectors_checked"":3082240}"
     41984,         0,         0,    1.10,exact_mw,fb98ac5f0d986856d2cb4e87c937a37162f60383230d2323a40d4b2e77ef556c,"{""distance"":7,""physical_error_rate"":0.0002}","{""detection_events"":24692,""detectors_checked"":25274368}"
    117760,         2,         0,   120.2,exact_mw,a17a1dfb4cb0509fbcf9caf9ce6f4704b111f022b15740e51c84c2b7e14a6407,"{""distance"":7,""physical_error_rate"":0.001}","{""detection_events"":346134,""detectors_checked"":70891520,""obs_mistake_mask=E"":2}"
       768,         0,         0,    4.78,exact_mw,f9daf7670c28e8b8b7ac9af8e1984263f26063cb589f7a54f43332f7ce5001d2,"{""distance"":7,""physical_error_rate"":0.002}","{""detection_events"":4542,""detectors_checked"":462336}"
    227328,         0,         0,    8.37,exact_mw,fb98ac5f0d986856d2cb4e87c937a37162f60383230d2323a40d4b2e77ef556c,"{""distance"":7,""physical_error_rate"":0.0002}","{""detection_events"":133673,""detectors_checked"":136851456}"
     53248,         0,         0,    1.56,exact_mw,fb98ac5f0d986856d2cb4e87c937a37162f60383230d2323a40d4b2e77ef556c,"{""distance"":7,""physical_error_rate"":0.0002}","{""detection_events"":32536,""detectors_checked"":32055296}"
    333824,         0,         0,    8.32,exact_mw,fb98ac5f0d986856d2cb4e87c937a37162f60383230d2323a40d4b2e77ef556c,"{""distance"":7,""physical_error_rate"":0.0002}","{""detection_events"":198365,""detectors_checked"":200962048}"
      1280,         3,         0,    6.08,exact_mw,f9daf7670c28e8b8b7ac9af8e1984263f26063cb589f7a54f43332f7ce5001d2,"{""distance"":7,""physical_error_rate"":0.002}","{""detection_events"":7768,""detectors_checked"":770560,""obs_mistake_mask=E"":3}"
     27648,         0,         0,    6.01,exact_mw,8973b2281876bd917be29e6214e197de75d185bf3f5e531e264555f10574746e,"{""distance"":7,""physical_error_rate"":0.0005}","{""detection_events"":40515,""detectors_checked"":16644096}"
     87040,         0,         0,    2.18,exact_mw,fb98ac5f0d986856d2cb4e87c937a37162f60383230d2323a40d4b2e77ef556c,"{""distance"":7,""physical_error_rate"":0.0002}","{""detection_events"":51538,""detectors_checked"":52398080}"
      1024,         0,         0,    6.73,exact_mw,f9daf7670c28e8b8b7ac9af8e1984263f26063cb589f7a54f43332f7ce5001d2,"{""distance"":7,""physical_error_rate"":0.002}","{""detection_events"":6066,""detectors_checked"":616448}"
      6656,         0,         0,    5.98,exact_mw,a17a1dfb4cb0509fbcf9caf9ce6f4704b111f022b15740e51c84c2b7e14a6407,"{""distance"":7,""physical_error_rate"":0.001}","{""detection_events"":19510,""detectors_checked"":4006912}"
     56320,         0,         0,    8.56,exact_mw,8973b2281876bd917be29e6214e197de75d185bf3f5e531e264555f10574746e,"{""distance"":7,""physical_error_rate"":0.0005}","{""detection_events"":84156,""detectors_checked"":33904640}"
      1024,         0,         0,    6.20,exact_mw,f9daf7670c28e8b8b7ac9af8e1984263f26063cb589f7a54f43332f7ce5001d2,"{""distance"":7,""physical_error_rate"":0.002}","{""detection_events"":5961,""detectors_checked"":616448}"
     74752,         0,         0,    3.09,exact_mw,fb98ac5f0d986856d2cb4e87c937a37162f60383230d2323a40d4b2e77ef556c,"{""distance"":7,""physical_error_rate"":0.0002}","{""detection_events"":44366,""detectors_checked"":45000704}"
     11264,         0,         0,    9.07,exact_mw,a17a1dfb4cb0509fbcf9caf9ce6f4704b111f022b15740e51c84c2b7e14a6407,"{""distance"":7,""physical_error_rate"":0.001}","{""detection_events"":32717,""detectors_checked"":6780928}"
     45056,         0,         0,    8.41,exact_mw,8973b2281876bd917be29e6214e197de75d185bf3f5e531e264555f10574746e,"{""distance"":7,""physical_error_rate"":0.0005}","{""detection_events"":66896,""detectors_checked"":27123712}"
      7680,         0,         0,    8.46,exact_mw,a17a1dfb4cb0509fbcf9caf9ce6f4704b111f022b15740e51c84c2b7e14a6407,"{""distance"":7,""physical_error_rate"":0.001}","{""detection_events"":22113,""detectors_checked"":4623360}"
      1920,         0,         0,    8.57,exact_mw,f9daf7670c28e8b8b7ac9af8e1984263f26063cb589f7a54f43332f7ce5001d2,"{""distance"":7,""physical_error_rate"":0.002}","{""detection_events"":11303,""detectors_checked"":1155840}"
    119808,         0,         0,    4.24,exact_mw,fb98ac5f0d986856d2cb4e87c937a37162f60383230d2323a40d4b2e77ef556c,"{""distance"":7,""physical_error_rate"":0.0002}","{""detection_events"":70210,""detectors_checked"":72124416}"
     25216,         4,         0,   120.1,exact_mw,f9daf7670c28e8b8b7ac9af8e1984263f26063cb589f7a54f43332f7ce5001d2,"{""distance"":7,""physical_error_rate"":0.002}","{""detection_events"":148117,""detectors_checked"":15180032,""obs_mistake_mask=E"":4}"
    733184,         3,         0,   120.0,exact_mw,8973b2281876bd917be29e6214e197de75d185bf3f5e531e264555f10574746e,"{""distance"":7,""physical_error_rate"":0.0005}","{""detection_events"":1083190,""detectors_checked"":441376768,""obs_mistake_mask=E"":3}"
     38912,         0,         0,    8.58,exact_mw,8973b2281876bd917be29e6214e197de75d185bf3f5e531e264555f10574746e,"{""distance"":7,""physical_error_rate"":0.0005}","{""detection_events"":57341,""detectors_checked"":23425024}"
    406528,         0,         0,    11.7,exact_mw,fb98ac5f0d986856d2cb4e87c937a37162f60383230d2323a40d4b2e77ef556c,"{""distance"":7,""physical_error_rate"":0.0002}","{""detection_events"":240121,""detectors_checked"":244729856}"
      1408,         0,         0,    8.46,exact_mw,f9daf7670c28e8b8b7ac9af8e1984263f26063cb589f7a54f43332f7ce5001d2,"{""distance"":7,""physical_error_rate"":0.002}","{""detection_events"":8213,""detectors_checked"":847616}"
      7680,         0,         0,    8.52,exact_mw,a17a1dfb4cb0509fbcf9caf9ce6f4704b111f022b15740e51c84c2b7e14a6407,"{""distance"":7,""physical_error_rate"":0.001}","{""detection_events"":22592,""detectors_checked"":4623360}"
    497664,         0,         0,    11.6,exact_mw,fb98ac5f0d986856d2cb4e87c937a37162f60383230d2323a40d4b2e77ef556c,"{""distance"":7,""physical_error_rate"":0.0002}","{""detection_events"":294184,""detectors_checked"":299593728}"
    115712,         2,         0,   120.2,exact_mw,a17a1dfb4cb0509fbcf9caf9ce6f4704b111f022b15740e51c84c2b7e14a6407,"{""distance"":7,""physical_error_rate"":0.001}","{""detection_events"":342235,""detectors_checked"":69658624,""obs_mistake_mask=E"":2}"
      1408,         0,         0,    8.52,exact_mw,f9daf7670c28e8b8b7ac9af8e1984263f26063cb589f7a54f43332f7ce5001d2,"{""distance"":7,""physical_error_rate"":0.002}","{""detection_events"":8054,""detectors_checked"":847616}"
     58368,         0,         0,    11.9,exact_mw,8973b2281876bd917be29e6214e197de75d185bf3f5e531e264555f10574746e,"{""distance"":7,""physical_error_rate"":0.0005}","{""detection_events"":86103,""detectors_checked"":35137536}"
    224256,         0,         0,    5.98,exact_mw,fb98ac5f0d986856d2cb4e87c937a37162f60383230d2323a40d4b2e77ef556c,"{""distance"":7,""physical_error_rate"":0.0002}","{""detection_events"":134067,""detectors_checked"":135002112}"
     67584,         0,         0,    11.8,exact_mw,8973b2281876bd917be29e6214e197de75d185bf3f5e531e264555f10574746e,"{""distance"":7,""physical_error_rate"":0.0005}","{""detection_events"":100052,""detectors_checked"":40685568}"
     16384,         0,         0,    12.2,exact_mw,a17a1dfb4cb0509fbcf9caf9ce6f4704b111f022b15740e51c84c2b7e14a6407,"{""distance"":7,""physical_error_rate"":0.001}","{""detection_events"":48377,""detectors_checked"":9863168}"
      9728,         0,         0,    11.8,exact_mw,a17a1dfb4cb0509fbcf9caf9ce6f4704b111f022b15740e51c84c2b7e14a6407,"{""distance"":7,""physical_error_rate"":0.001}","{""detection_events"":28095,""detectors_checked"":5856256}"
      2560,         0,         0,    12.2,exact_mw,f9daf7670c28e8b8b7ac9af8e1984263f26063cb589f7a54f43332f7ce5001d2,"{""distance"":7,""physical_error_rate"":0.002}","{""detection_events"":14960,""detectors_checked"":1541120}"
     40960,         1,         0,    11.9,exact_mw,8973b2281876bd917be29e6214e197de75d185bf3f5e531e264555f10574746e,"{""distance"":7,""physical_error_rate"":0.0005}","{""detection_events"":61410,""detectors_checked"":24657920,""obs_mistake_mask=E"":1}"
   3972096,         2,         0,   119.3,exact_mw,fb98ac5f0d986856d2cb4e87c937a37162f60383230d2323a40d4b2e77ef556c,"{""distance"":7,""physical_error_rate"":0.0002}","{""detection_events"":2357323,""detectors_checked"":2391201792,""obs_mistake_mask=E"":2}"
      9728,         0,         0,    11.8,exact_mw,a17a1dfb4cb0509fbcf9caf9ce6f4704b111f022b15740e51c84c2b7e14a6407,"{""distance"":7,""physical_error_rate"":0.001}","{""detection_events"":28642,""detectors_checked"":5856256}"
      1792,         0,         0,    12.2,exact_mw,f9daf7670c28e8b8b7ac9af8e1984263f26063cb589f7a54f43332f7ce5001d2,"{""distance"":7,""physical_error_rate"":0.002}","{""detection_events"":10777,""detectors_checked"":1078784}"
    150528,         0,         0,    8.41,exact_mw,fb98ac5f0d986856d2cb4e87c937a37162f60383230d2323a40d4b2e77ef556c,"{""distance"":7,""physical_error_rate"":0.0002}","{""detection_events"":88932,""detectors_checked"":90617856}"
      2304,         1,         0,    12.0,exact_mw,f9daf7670c28e8b8b7ac9af8e1984263f26063cb589f7a54f43332f7ce5001d2,"{""distance"":7,""physical_error_rate"":0.002}","{""detection_events"":13435,""detectors_checked"":1387008,""obs_mistake_mask=E"":1}"
    620544,         1,         0,   120.8,exact_mw,8973b2281876bd917be29e6214e197de75d185bf3f5e531e264555f10574746e,"{""distance"":7,""physical_error_rate"":0.0005}","{""detection_events"":919762,""detectors_checked"":373567488,""obs_mistake_mask=E"":1}"
    657408,         0,         0,    16.3,exact_mw,fb98ac5f0d986856d2cb4e87c937a37162f60383230d2323a40d4b2e77ef556c,"{""distance"":7,""physical_error_rate"":0.0002}","{""detection_events"":389235,""detectors_checked"":395759616}"
    714752,         0,         0,    16.3,exact_mw,fb98ac5f0d986856d2cb4e87c937a37162f60383230d2323a40d4b2e77ef556c,"{""distance"":7,""physical_error_rate"":0.0002}","{""detection_events"":426417,""detectors_checked"":430280704}"
     93184,         0,         0,    16.4,exact_mw,8973b2281876bd917be29e6214e197de75d185bf3f5e531e264555f10574746e,"{""distance"":7,""physical_error_rate"":0.0005}","{""detection_events"":138187,""detectors_checked"":56096768}"
    118784,         0,         0,    16.4,exact_mw,8973b2281876bd917be29e6214e197de75d185bf3f5e531e264555f10574746e,"{""distance"":7,""physical_error_rate"":0.0005}","{""detection_events"":174730,""detectors_checked"":71507968}"
    123904,         2,         0,   120.2,exact_mw,a17a1dfb4cb0509fbcf9caf9ce6f4704b111f022b15740e51c84c2b7e14a6407,"{""distance"":7,""physical_error_rate"":0.001}","{""detection_events"":363114,""detectors_checked"":74590208,""obs_mistake_mask=E"":2}"
     19456,         0,         0,    16.6,exact_mw,a17a1dfb4cb0509fbcf9caf9ce6f4704b111f022b15740e51c84c2b7e14a6407,"{""distance"":7,""physical_error_rate"":0.001}","{""detection_events"":57868,""detectors_checked"":11712512}"
     17920,         0,         0,    16.5,exact_mw,a17a1dfb4cb0509fbcf9caf9ce6f4704b111f022b15740e51c84c2b7e14a6407,"{""distance"":7,""physical_error_rate"":0.001}","{""detection_events"":53478,""detectors_checked"":10787840}"
     92160,         0,         0,    11.7,exact_mw,fb98ac5f0d986856d2cb4e87c937a37162f60383230d2323a40d4b2e77ef556c,"{""distance"":7,""physical_error_rate"":0.0002}","{""detection_events"":53670,""detectors_checked"":55480320}"
     21184,         1,         0,   120.2,exact_mw,f9daf7670c28e8b8b7ac9af8e1984263f26063cb589f7a54f43332f7ce5001d2,"{""distance"":7,""physical_error_rate"":0.002}","{""detection_events"":125174,""detectors_checked"":12752768,""obs_mistake_mask=E"":1}"
    289792,         1,         0,    63.0,exact_mw,8973b2281876bd917be29e6214e197de75d185bf3f5e531e264555f10574746e,"{""distance"":7,""physical_error_rate"":0.0005}","{""detection_events"":429844,""detectors_checked"":174454784,""obs_mistake_mask=E"":1}"
   2570240,         0,         0,    62.7,exact_mw,fb98ac5f0d986856d2cb4e87c937a37162f60383230d2323a40d4b2e77ef556c,"{""distance"":7,""physical_error_rate"":0.0002}","{""detection_events"":1520574,""detectors_checked"":1547284480}"
   2292736,         0,         0,    62.7,exact_mw,fb98ac5f0d986856d2cb4e87c937a37162f60383230d2323a40d4b2e77ef556c,"{""distance"":7,""physical_error_rate"":0.0002}","{""detection_events"":1359189,""detectors_checked"":1380227072}"
     48128,         1,         0,    16.5,exact_mw,8973b2281876bd917be29e6214e197de75d185bf3f5e531e264555f10574746e,"{""distance"":7,""physical_error_rate"":0.0005}","{""detection_events"":73147,""detectors_checked"":28973056,""obs_mistake_mask=E"":1}"
      4096,         1,         0,    16.6,exact_mw,f9daf7670c28e8b8b7ac9af8e1984263f26063cb589f7a54f43332f7ce5001d2,"{""distance"":7,""physical_error_rate"":0.002}","{""detection_events"":24111,""detectors_checked"":2465792,""obs_mistake_mask=E"":1}"
     14336,         0,         0,    16.5,exact_mw,a17a1dfb4cb0509fbcf9caf9ce6f4704b111f022b15740e51c84c2b7e14a6407,"{""distance"":7,""physical_error_rate"":0.001}","{""detection_events"":42611,""detectors_checked"":8630272}"
      4224,         1,         0,    16.9,exact_mw,f9daf7670c28e8b8b7ac9af8e1984263f26063cb589f7a54f43332f7ce5001d2,"{""distance"":7,""physical_error_rate"":0.002}","{""detection_events"":25427,""detectors_checked"":2542848,""obs_mistake_mask=E"":1}"
    356352,         0,         0,    63.0,exact_mw,8973b2281876bd917be29e6214e197de75d185bf3f5e531e264555f10574746e,"{""distance"":7,""physical_error_rate"":0.0005}","{""detection_events"":529649,""detectors_checked"":214523904}"
      4224,         0,         0,    16.8,exact_mw,f9daf7670c28e8b8b7ac9af8e1984263f26063cb589f7a54f43332f7ce5001d2,"{""distance"":7,""physical_error_rate"":0.002}","{""detection_events"":24699,""detectors_checked"":2542848}"
     25088,         1,         0,   120.4,exact_mw,f9daf7670c28e8b8b7ac9af8e1984263f26063cb589f7a54f43332f7ce5001d2,"{""distance"":7,""physical_error_rate"":0.002}","{""detection_events"":147474,""detectors_checked"":15102976,""obs_mistake_mask=E"":1}"
   3678208,         1,         0,   119.3,exact_mw,fb98ac5f0d986856d2cb4e87c937a37162f60383230d2323a40d4b2e77ef556c,"{""distance"":7,""physical_error_rate"":0.0002}","{""detection_events"":2184082,""detectors_checked"":2214281216,""obs_mistake_mask=E"":1}"
    476672,         1,         0,   120.1,exact_mw,8973b2281876bd917be29e6214e197de75d185bf3f5e531e264555f10574746e,"{""distance"":7,""physical_error_rate"":0.0005}","{""detection_events"":707382,""detectors_checked"":286956544,""obs_mistake_mask=E"":1}"
      8576,         2,         0,    64.1,exact_mw,f9daf7670c28e8b8b7ac9af8e1984263f26063cb589f7a54f43332f7ce5001d2,"{""distance"":7,""physical_error_rate"":0.002}","{""detection_events"":50561,""detectors_checked"":5162752,""obs_mistake_mask=E"":2}"
   1124352,         0,         0,    22.8,exact_mw,fb98ac5f0d986856d2cb4e87c937a37162f60383230d2323a40d4b2e77ef556c,"{""distance"":7,""physical_error_rate"":0.0002}","{""detection_events"":667186,""detectors_checked"":676859904}"
   5362688,         1,         0,   119.4,exact_mw,fb98ac5f0d986856d2cb4e87c937a37162f60383230d2323a40d4b2e77ef556c,"{""distance"":7,""physical_error_rate"":0.0002}","{""detection_events"":3175906,""detectors_checked"":3228338176,""obs_mistake_mask=E"":1}"
   4899840,         2,         0,   119.2,exact_mw,fb98ac5f0d986856d2cb4e87c937a37162f60383230d2323a40d4b2e77ef556c,"{""distance"":7,""physical_error_rate"":0.0002}","{""detection_events"":2905997,""detectors_checked"":2949703680,""obs_mistake_mask=E"":2}"
    966656,         1,         0,    22.8,exact_mw,fb98ac5f0d986856d2cb4e87c937a37162f60383230d2323a40d4b2e77ef556c,"{""distance"":7,""physical_error_rate"":0.0002}","{""detection_events"":573730,""detectors_checked"":581926912,""obs_mistake_mask=E"":1}"
    108544,         0,         0,    16.5,exact_mw,fb98ac5f0d986856d2cb4e87c937a37162f60383230d2323a40d4b2e77ef556c,"{""distance"":7,""physical_error_rate"":0.0002}","{""detection_events"":65293,""detectors_checked"":65343488}"
     13312,         3,         0,    63.5,exact_mw,f9daf7670c28e8b8b7ac9af8e1984263f26063cb589f7a54f43332f7ce5001d2,"{""distance"":7,""physical_error_rate"":0.002}","{""detection_events"":77886,""detectors_checked"":8013824,""obs_mistake_mask=E"":3}"
    796672,         0,         0,   119.9,exact_mw,8973b2281876bd917be29e6214e197de75d185bf3f5e531e264555f10574746e,"{""distance"":7,""physical_error_rate"":0.0005}","{""detection_events"":1180524,""detectors_checked"":479596544}"
     62976,         0,         0,    63.7,exact_mw,a17a1dfb4cb0509fbcf9caf9ce6f4704b111f022b15740e51c84c2b7e14a6407,"{""distance"":7,""physical_error_rate"":0.001}","{""detection_events"":184897,""detectors_checked"":37911552}"
     54400,         3,         0,    63.6,exact_mw,a17a1dfb4cb0509fbcf9caf9ce6f4704b111f022b15740e51c84c2b7e14a6407,"{""distance"":7,""physical_error_rate"":0.001}","{""detection_events"":159898,""detectors_checked"":32748800,""obs_mistake_mask=E"":3}"
   4219904,         0,         0,   119.3,exact_mw,fb98ac5f0d986856d2cb4e87c937a37162f60383230d2323a40d4b2e77ef556c,"{""distance"":7,""physical_error_rate"":0.0002}","{""detection_events"":2500477,""detectors_checked"":2540382208}"
    153600,         0,         0,    23.1,exact_mw,8973b2281876bd917be29e6214e197de75d185bf3f5e531e264555f10574746e,"{""distance"":7,""physical_error_rate"":0.0005}","{""detection_events"":227686,""detectors_checked"":92467200}"
    726016,         1,         0,   120.0,exact_mw,8973b2281876bd917be29e6214e197de75d185bf3f5e531e264555f10574746e,"{""distance"":7,""physical_error_rate"":0.0005}","{""detection_events"":1073014,""detectors_checked"":437061632,""obs_mistake_mask=E"":1}"
    150528,         1,         0,    23.0,exact_mw,8973b2281876bd917be29e6214e197de75d185bf3f5e531e264555f10574746e,"{""distance"":7,""physical_error_rate"":0.0005}","{""detection_events"":222777,""detectors_checked"":90617856,""obs_mistake_mask=E"":1}"
     27648,         0,         0,    23.2,exact_mw,a17a1dfb4cb0509fbcf9caf9ce6f4704b111f022b15740e51c84c2b7e14a6407,"{""distance"":7,""physical_error_rate"":0.001}","{""detection_events"":81767,""detectors_checked"":16644096}"
     36864,         0,         0,    23.5,exact_mw,a17a1dfb4cb0509fbcf9caf9ce6f4704b111f022b15740e51c84c2b7e14a6407,"{""distance"":7,""physical_error_rate"":0.001}","{""detection_events"":108436,""detectors_checked"":22192128}"
    488960,         1,         0,   119.9,exact_mw,8973b2281876bd917be29e6214e197de75d185bf3f5e531e264555f10574746e,"{""distance"":7,""physical_error_rate"":0.0005}","{""detection_events"":724869,""detectors_checked"":294353920,""obs_mistake_mask=E"":1}"
   3227648,         2,         0,   119.2,exact_mw,fb98ac5f0d986856d2cb4e87c937a37162f60383230d2323a40d4b2e77ef556c,"{""distance"":7,""physical_error_rate"":0.0002}","{""detection_events"":1912279,""detectors_checked"":1943044096,""obs_mistake_mask=E"":2}"
    109056,         0,         0,    22.9,exact_mw,8973b2281876bd917be29e6214e197de75d185bf3f5e531e264555f10574746e,"{""distance"":7,""physical_error_rate"":0.0005}","{""detection_events"":160690,""detectors_checked"":65651712}"
     17104,         5,         0,   120.6,exact_mw,f9daf7670c28e8b8b7ac9af8e1984263f26063cb589f7a54f43332f7ce5001d2,"{""distance"":7,""physical_error_rate"":0.002}","{""detection_events"":100319,""detectors_checked"":10296608,""obs_mistake_mask=E"":5}"
      5888,         0,         0,    23.6,exact_mw,f9daf7670c28e8b8b7ac9af8e1984263f26063cb589f7a54f43332f7ce5001d2,"{""distance"":7,""physical_error_rate"":0.002}","{""detection_events"":34210,""detectors_checked"":3544576}"
    587264,         1,         0,   119.9,exact_mw,8973b2281876bd917be29e6214e197de75d185bf3f5e531e264555f10574746e,"{""distance"":7,""physical_error_rate"":0.0005}","{""detection_events"":868627,""detectors_checked"":353532928,""obs_mistake_mask=E"":1}"
      5760,         3,         0,    23.0,exact_mw,f9daf7670c28e8b8b7ac9af8e1984263f26063cb589f7a54f43332f7ce5001d2,"{""distance"":7,""physical_error_rate"":0.002}","{""detection_events"":34149,""detectors_checked"":3467520,""obs_mistake_mask=E"":3}"
     27136,         0,         0,    23.6,exact_mw,a17a1dfb4cb0509fbcf9caf9ce6f4704b111f022b15740e51c84c2b7e14a6407,"{""distance"":7,""physical_error_rate"":0.001}","{""detection_events"":80624,""detectors_checked"":16335872}"
     29696,         3,         0,   120.4,exact_mw,f9daf7670c28e8b8b7ac9af8e1984263f26063cb589f7a54f43332f7ce5001d2,"{""distance"":7,""physical_error_rate"":0.002}","{""detection_events"":173942,""detectors_checked"":17876992,""obs_mistake_mask=E"":3}"
      5504,         1,         0,    23.5,exact_mw,f9daf7670c28e8b8b7ac9af8e1984263f26063cb589f7a54f43332f7ce5001d2,"{""distance"":7,""physical_error_rate"":0.002}","{""detection_events"":31698,""detectors_checked"":3313408,""obs_mistake_mask=E"":1}"
    141824,         0,         0,   120.4,exact_mw,a17a1dfb4cb0509fbcf9caf9ce6f4704b111f022b15740e51c84c2b7e14a6407,"{""distance"":7,""physical_error_rate"":0.001}","{""detection_events"":417944,""detectors_checked"":85378048}"
    121856,         1,         0,   120.3,exact_mw,a17a1dfb4cb0509fbcf9caf9ce6f4704b111f022b15740e51c84c2b7e14a6407,"{""distance"":7,""physical_error_rate"":0.001}","{""detection_events"":358918,""detectors_checked"":73357312,""obs_mistake_mask=E"":1}"
     19200,         1,         0,   120.1,exact_mw,f9daf7670c28e8b8b7ac9af8e1984263f26063cb589f7a54f43332f7ce5001d2,"{""distance"":7,""physical_error_rate"":0.002}","{""detection_events"":112989,""detectors_checked"":11558400,""obs_mistake_mask=E"":1}"
    136192,         1,         0,   120.6,exact_mw,a17a1dfb4cb0509fbcf9caf9ce6f4704b111f022b15740e51c84c2b7e14a6407,"{""distance"":7,""physical_error_rate"":0.001}","{""detection_events"":402587,""detectors_checked"":81987584,""obs_mistake_mask=E"":1}"
    132608,         4,         0,   120.9,exact_mw,a17a1dfb4cb0509fbcf9caf9ce6f4704b111f022b15740e51c84c2b7e14a6407,"{""distance"":7,""physical_error_rate"":0.001}","{""detection_events"":389346,""detectors_checked"":79830016,""obs_mistake_mask=E"":4}"
     28160,         1,         0,   120.2,exact_mw,f9daf7670c28e8b8b7ac9af8e1984263f26063cb589f7a54f43332f7ce5001d2,"{""distance"":7,""physical_error_rate"":0.002}","{""detection_events"":164557,""detectors_checked"":16952320,""obs_mistake_mask=E"":1}"
   4231168,         0,         0,   119.1,exact_mw,fb98ac5f0d986856d2cb4e87c937a37162f60383230d2323a40d4b2e77ef556c,"{""distance"":7,""physical_error_rate"":0.0002}","{""detection_events"":2513412,""detectors_checked"":2547163136}"
     99712,         3,         0,   120.3,exact_mw,a17a1dfb4cb0509fbcf9caf9ce6f4704b111f022b15740e51c84c2b7e14a6407,"{""distance"":7,""physical_error_rate"":0.001}","{""detection_events"":293143,""detectors_checked"":60026624,""obs_mistake_mask=E"":3}"
    315392,         0,         0,    22.6,exact_mw,fb98ac5f0d986856d2cb4e87c937a37162f60383230d2323a40d4b2e77ef556c,"{""distance"":7,""physical_error_rate"":0.0002}","{""detection_events"":186278,""detectors_checked"":189865984}"
    585216,         2,         0,   119.9,exact_mw,8973b2281876bd917be29e6214e197de75d185bf3f5e531e264555f10574746e,"{""distance"":7,""physical_error_rate"":0.0005}","{""detection_events"":863234,""detectors_checked"":352300032,""obs_mistake_mask=E"":2}"
   1209344,         0,         0,    32.0,exact_mw,fb98ac5f0d986856d2cb4e87c937a37162f60383230d2323a40d4b2e77ef556c,"{""distance"":7,""physical_error_rate"":0.0002}","{""detection_events"":717533,""detectors_checked"":728025088}"
   1119232,         1,         0,    31.9,exact_mw,fb98ac5f0d986856d2cb4e87c937a37162f60383230d2323a40d4b2e77ef556c,"{""distance"":7,""physical_error_rate"":0.0002}","{""detection_events"":662016,""detectors_checked"":673777664,""obs_mistake_mask=E"":1}"
    106880,         0,         0,   120.0,exact_mw,a17a1dfb4cb0509fbcf9caf9ce6f4704b111f022b15740e51c84c2b7e14a6407,"{""distance"":7,""physical_error_rate"":0.001}","{""detection_events"":314695,""detectors_checked"":64341760}"
    176128,         1,         0,    32.2,exact_mw,8973b2281876bd917be29e6214e197de75d185bf3f5e531e264555f10574746e,"{""distance"":7,""physical_error_rate"":0.0005}","{""detection_events"":261866,""detectors_checked"":106029056,""obs_mistake_mask=E"":1}"
     21760,         2,         0,   120.4,exact_mw,f9daf7670c28e8b8b7ac9af8e1984263f26063cb589f7a54f43332f7ce5001d2,"{""distance"":7,""physical_error_rate"":0.002}","{""detection_events"":126458,""detectors_checked"":13099520,""obs_mistake_mask=E"":2}"
     21152,         6,         0,   120.3,exact_mw,f9daf7670c28e8b8b7ac9af8e1984263f26063cb589f7a54f43332f7ce5001d2,"{""distance"":7,""physical_error_rate"":0.002}","{""detection_events"":124778,""detectors_checked"":12733504,""obs_mistake_mask=E"":6}"
    193536,         0,         0,    32.2,exact_mw,8973b2281876bd917be29e6214e197de75d185bf3f5e531e264555f10574746e,"{""distance"":7,""physical_error_rate"":0.0005}","{""detection_events"":286019,""detectors_checked"":116508672}"
     32256,         0,         0,    32.3,exact_mw,a17a1dfb4cb0509fbcf9caf9ce6f4704b111f022b15740e51c84c2b7e14a6407,"{""distance"":7,""physical_error_rate"":0.001}","{""detection_events"":96192,""detectors_checked"":19418112}"
     38912,         0,         0,    32.4,exact_mw,a17a1dfb4cb0509fbcf9caf9ce6f4704b111f022b15740e51c84c2b7e14a6407,"{""distance"":7,""physical_error_rate"":0.001}","{""detection_events"":114348,""detectors_checked"":23425024}"
    175104,         0,         0,    32.2,exact_mw,8973b2281876bd917be29e6214e197de75d185bf3f5e531e264555f10574746e,"{""distance"":7,""physical_error_rate"":0.0005}","{""detection_events"":259577,""detectors_checked"":105412608}"
      6016,         0,         0,    32.8,exact_mw,f9daf7670c28e8b8b7ac9af8e1984263f26063cb589f7a54f43332f7ce5001d2,"{""distance"":7,""physical_error_rate"":0.002}","{""detection_events"":35506,""detectors_checked"":3621632}"
      5376,         1,         0,    32.3,exact_mw,f9daf7670c28e8b8b7ac9af8e1984263f26063cb589f7a54f43332f7ce5001d2,"{""distance"":7,""physical_error_rate"":0.002}","{""detection_events"":30908,""detectors_checked"":3236352,""obs_mistake_mask=E"":1}"
     31232,         0,         0,    32.5,exact_mw,a17a1dfb4cb0509fbcf9caf9ce6f4704b111f022b15740e51c84c2b7e14a6407,"{""distance"":7,""physical_error_rate"":0.001}","{""detection_events"":92082,""detectors_checked"":18801664}"
   3872768,         3,         0,   119.3,exact_mw,fb98ac5f0d986856d2cb4e87c937a37162f60383230d2323a40d4b2e77ef556c,"{""distance"":7,""physical_error_rate"":0.0002}","{""detection_events"":2297937,""detectors_checked"":2331406336,""obs_mistake_mask=E"":3}"
      7168,         1,         0,    32.5,exact_mw,f9daf7670c28e8b8b7ac9af8e1984263f26063cb589f7a54f43332f7ce5001d2,"{""distance"":7,""physical_error_rate"":0.002}","{""detection_events"":41820,""detectors_checked"":4315136,""obs_mistake_mask=E"":1}"
   4026368,         3,         0,   119.2,exact_mw,fb98ac5f0d986856d2cb4e87c937a37162f60383230d2323a40d4b2e77ef556c,"{""distance"":7,""physical_error_rate"":0.0002}","{""detection_events"":2387794,""detectors_checked"":2423873536,""obs_mistake_mask=E"":3}"
    582656,         1,         0,   120.1,exact_mw,8973b2281876bd917be29e6214e197de75d185bf3f5e531e264555f10574746e,"{""distance"":7,""physical_error_rate"":0.0005}","{""detection_events"":860596,""detectors_checked"":350758912,""obs_mistake_mask=E"":1}"
   4251648,         0,         0,   119.2,exact_mw,fb98ac5f0d986856d2cb4e87c937a37162f60383230d2323a40d4b2e77ef556c,"{""distance"":7,""physical_error_rate"":0.0002}","{""detection_events"":2524160,""detectors_checked"":2559492096}"
    768000,         0,         0,    31.8,exact_mw,fb98ac5f0d986856d2cb4e87c937a37162f60383230d2323a40d4b2e77ef556c,"{""distance"":7,""physical_error_rate"":0.0002}","{""detection_events"":455792,""detectors_checked"":462336000}"
    104960,         1,         0,   120.4,exact_mw,a17a1dfb4cb0509fbcf9caf9ce6f4704b111f022b15740e51c84c2b7e14a6407,"{""distance"":7,""physical_error_rate"":0.001}","{""detection_events"":309356,""detectors_checked"":63185920,""obs_mistake_mask=E"":1}"
    520704,         2,         0,   119.9,exact_mw,8973b2281876bd917be29e6214e197de75d185bf3f5e531e264555f10574746e,"{""distance"":7,""physical_error_rate"":0.0005}","{""detection_events"":770937,""detectors_checked"":313463808,""obs_mistake_mask=E"":2}"
    119296,         2,         0,   120.0,exact_mw,a17a1dfb4cb0509fbcf9caf9ce6f4704b111f022b15740e51c84c2b7e14a6407,"{""distance"":7,""physical_error_rate"":0.001}","{""detection_events"":352484,""detectors_checked"":71816192,""obs_mistake_mask=E"":2}"
    503296,         0,         0,   119.9,exact_mw,8973b2281876bd917be29e6214e197de75d185bf3f5e531e264555f10574746e,"{""distance"":7,""physical_error_rate"":0.0005}","{""detection_events"":745042,""detectors_checked"":302984192}"
     17920,         3,         0,   120.5,exact_mw,f9daf7670c28e8b8b7ac9af8e1984263f26063cb589f7a54f43332f7ce5001d2,"{""distance"":7,""physical_error_rate"":0.002}","{""detection_events"":104736,""detectors_checked"":10787840,""obs_mistake_mask=E"":3}"
     22112,         2,         0,   120.4,exact_mw,f9daf7670c28e8b8b7ac9af8e1984263f26063cb589f7a54f43332f7ce5001d2,"{""distance"":7,""physical_error_rate"":0.002}","{""detection_events"":130797,""detectors_checked"":13311424,""obs_mistake_mask=E"":2}"
   3058688,         3,         0,   119.2,exact_mw,fb98ac5f0d986856d2cb4e87c937a37162f60383230d2323a40d4b2e77ef556c,"{""distance"":7,""physical_error_rate"":0.0002}","{""detection_events"":1810156,""detectors_checked"":1841330176,""obs_mistake_mask=E"":3}"
    120832,         3,         0,   120.7,exact_mw,a17a1dfb4cb0509fbcf9caf9ce6f4704b111f022b15740e51c84c2b7e14a6407,"{""distance"":7,""physical_error_rate"":0.001}","{""detection_events"":356713,""detectors_checked"":72740864,""obs_mistake_mask=E"":3}"
   3495936,         0,         0,    87.7,exact_mw,fb98ac5f0d986856d2cb4e87c937a37162f60383230d2323a40d4b2e77ef556c,"{""distance"":7,""physical_error_rate"":0.0002}","{""detection_events"":2072206,""detectors_checked"":2104553472}"
    540672,         0,         0,    88.2,exact_mw,8973b2281876bd917be29e6214e197de75d185bf3f5e531e264555f10574746e,"{""distance"":7,""physical_error_rate"":0.0005}","{""detection_events"":799301,""detectors_checked"":325484544}"
   3118080,         1,         0,    87.8,exact_mw,fb98ac5f0d986856d2cb4e87c937a37162f60383230d2323a40d4b2e77ef556c,"{""distance"":7,""physical_error_rate"":0.0002}","{""detection_events"":1847021,""detectors_checked"":1877084160,""obs_mistake_mask=E"":1}"
   1699840,         0,         0,    44.7,exact_mw,fb98ac5f0d986856d2cb4e87c937a37162f60383230d2323a40d4b2e77ef556c,"{""distance"":7,""physical_error_rate"":0.0002}","{""detection_events"":1005138,""detectors_checked"":1023303680}"
   1579008,         0,         0,    44.8,exact_mw,fb98ac5f0d986856d2cb4e87c937a37162f60383230d2323a40d4b2e77ef556c,"{""distance"":7,""physical_error_rate"":0.0002}","{""detection_events"":933677,""detectors_checked"":950562816}"
    489472,         0,         0,    88.2,exact_mw,8973b2281876bd917be29e6214e197de75d185bf3f5e531e264555f10574746e,"{""distance"":7,""physical_error_rate"":0.0005}","{""detection_events"":721312,""detectors_checked"":294662144}"
     24192,         3,         0,   120.4,exact_mw,f9daf7670c28e8b8b7ac9af8e1984263f26063cb589f7a54f43332f7ce5001d2,"{""distance"":7,""physical_error_rate"":0.002}","{""detection_events"":142101,""detectors_checked"":14563584,""obs_mistake_mask=E"":3}"
    554496,         1,         0,   120.2,exact_mw,8973b2281876bd917be29e6214e197de75d185bf3f5e531e264555f10574746e,"{""distance"":7,""physical_error_rate"":0.0005}","{""detection_events"":819487,""detectors_checked"":333806592,""obs_mistake_mask=E"":1}"
    258048,         0,         0,    45.0,exact_mw,8973b2281876bd917be29e6214e197de75d185bf3f5e531e264555f10574746e,"{""distance"":7,""physical_error_rate"":0.0005}","{""detection_events"":379495,""detectors_checked"":155344896}"
     81536,         0,         0,   119.9,exact_mw,a17a1dfb4cb0509fbcf9caf9ce6f4704b111f022b15740e51c84c2b7e14a6407,"{""distance"":7,""physical_error_rate"":0.001}","{""detection_events"":239408,""detectors_checked"":49084672}"
    265216,         0,         0,    45.0,exact_mw,8973b2281876bd917be29e6214e197de75d185bf3f5e531e264555f10574746e,"{""distance"":7,""physical_error_rate"":0.0005}","{""detection_events"":392640,""detectors_checked"":159660032}"
     50176,         0,         0,    45.6,exact_mw,a17a1dfb4cb0509fbcf9caf9ce6f4704b111f022b15740e51c84c2b7e14a6407,"{""distance"":7,""physical_error_rate"":0.001}","{""detection_events"":146808,""detectors_checked"":30205952}"
     54272,         1,         0,    45.8,exact_mw,a17a1dfb4cb0509fbcf9caf9ce6f4704b111f022b15740e51c84c2b7e14a6407,"{""distance"":7,""physical_error_rate"":0.001}","{""detection_events"":160710,""detectors_checked"":32671744,""obs_mistake_mask=E"":1}"
    150016,         0,         0,    45.0,exact_mw,8973b2281876bd917be29e6214e197de75d185bf3f5e531e264555f10574746e,"{""distance"":7,""physical_error_rate"":0.0005}","{""detection_events"":222095,""detectors_checked"":90309632}"
     12304,         0,         0,    88.6,exact_mw,f9daf7670c28e8b8b7ac9af8e1984263f26063cb589f7a54f43332f7ce5001d2,"{""distance"":7,""physical_error_rate"":0.002}","{""detection_events"":72651,""detectors_checked"":7407008}"
      9216,         1,         0,    45.3,exact_mw,f9daf7670c28e8b8b7ac9af8e1984263f26063cb589f7a54f43332f7ce5001d2,"{""distance"":7,""physical_error_rate"":0.002}","{""detection_events"":54492,""detectors_checked"":5548032,""obs_mistake_mask=E"":1}"
     10368,         6,         0,    45.1,exact_mw,f9daf7670c28e8b8b7ac9af8e1984263f26063cb589f7a54f43332f7ce5001d2,"{""distance"":7,""physical_error_rate"":0.002}","{""detection_events"":60432,""detectors_checked"":6241536,""obs_mistake_mask=E"":6}"
     27904,         0,         0,    45.0,exact_mw,a17a1dfb4cb0509fbcf9caf9ce6f4704b111f022b15740e51c84c2b7e14a6407,"{""distance"":7,""physical_error_rate"":0.001}","{""detection_events"":82235,""detectors_checked"":16798208}"
    102400,         1,         0,    88.2,exact_mw,a17a1dfb4cb0509fbcf9caf9ce6f4704b111f022b15740e51c84c2b7e14a6407,"{""distance"":7,""physical_error_rate"":0.001}","{""detection_events"":302148,""detectors_checked"":61644800,""obs_mistake_mask=E"":1}"
     20480,         3,         0,    88.8,exact_mw,f9daf7670c28e8b8b7ac9af8e1984263f26063cb589f7a54f43332f7ce5001d2,"{""distance"":7,""physical_error_rate"":0.002}","{""detection_events"":119082,""detectors_checked"":12328960,""obs_mistake_mask=E"":3}"
   3843072,         1,         0,   119.3,exact_mw,fb98ac5f0d986856d2cb4e87c937a37162f60383230d2323a40d4b2e77ef556c,"{""distance"":7,""physical_error_rate"":0.0002}","{""detection_events"":2285722,""detectors_checked"":2313529344,""obs_mistake_mask=E"":1}"
     86528,         1,         0,    88.4,exact_mw,a17a1dfb4cb0509fbcf9caf9ce6f4704b111f022b15740e51c84c2b7e14a6407,"{""distance"":7,""physical_error_rate"":0.001}","{""detection_events"":256748,""detectors_checked"":52089856,""obs_mistake_mask=E"":1}"
     11392,         2,         0,    45.2,exact_mw,f9daf7670c28e8b8b7ac9af8e1984263f26063cb589f7a54f43332f7ce5001d2,"{""distance"":7,""physical_error_rate"":0.002}","{""detection_events"":66202,""detectors_checked"":6857984,""obs_mistake_mask=E"":2}"
    246784,         1,         0,   119.9,exact_mw,8973b2281876bd917be29e6214e197de75d185bf3f5e531e264555f10574746e,"{""distance"":7,""physical_error_rate"":0.0005}","{""detection_events"":366115,""detectors_checked"":148563968,""obs_mistake_mask=E"":1}"
    422912,         0,         0,    44.8,exact_mw,fb98ac5f0d986856d2cb4e87c937a37162f60383230d2323a40d4b2e77ef556c,"{""distance"":7,""physical_error_rate"":0.0002}","{""detection_events"":250545,""detectors_checked"":254593024}"
     96512,         3,         0,   120.1,exact_mw,a17a1dfb4cb0509fbcf9caf9ce6f4704b111f022b15740e51c84c2b7e14a6407,"{""distance"":7,""physical_error_rate"":0.001}","{""detection_events"":283805,""detectors_checked"":58100224,""obs_mistake_mask=E"":3}"
     17264,         1,         0,   119.9,exact_mw,f9daf7670c28e8b8b7ac9af8e1984263f26063cb589f7a54f43332f7ce5001d2,"{""distance"":7,""physical_error_rate"":0.002}","{""detection_events"":101637,""detectors_checked"":10392928,""obs_mistake_mask=E"":1}"
     27904,         8,         0,   120.1,exact_mw,f9daf7670c28e8b8b7ac9af8e1984263f26063cb589f7a54f43332f7ce5001d2,"{""distance"":7,""physical_error_rate"":0.002}","{""detection_events"":163877,""detectors_checked"":16798208,""obs_mistake_mask=E"":8}"
   3237888,         0,         0,   119.3,exact_mw,fb98ac5f0d986856d2cb4e87c937a37162f60383230d2323a40d4b2e77ef556c,"{""distance"":7,""physical_error_rate"":0.0002}","{""detection_events"":1920454,""detectors_checked"":1949208576}"
    715776,         0,         0,   119.9,exact_mw,8973b2281876bd917be29e6214e197de75d185bf3f5e531e264555f10574746e,"{""distance"":7,""physical_error_rate"":0.0005}","{""detection_events"":1056938,""detectors_checked"":430897152}"
   5172224,         3,         0,   119.3,exact_mw,fb98ac5f0d986856d2cb4e87c937a37162f60383230d2323a40d4b2e77ef556c,"{""distance"":7,""physical_error_rate"":0.0002}","{""detection_events"":3062722,""detectors_checked"":3113678848,""obs_mistake_mask=E"":3}"
   4663296,         1,         0,   119.3,exact_mw,fb98ac5f0d986856d2cb4e87c937a37162f60383230d2323a40d4b2e77ef556c,"{""distance"":7,""physical_error_rate"":0.0002}","{""detection_events"":2763840,""detectors_checked"":2807304192,""obs_mistake_mask=E"":1}"
    737280,         0,         0,   120.0,exact_mw,8973b2281876bd917be29e6214e197de75d185bf3f5e531e264555f10574746e,"{""distance"":7,""physical_error_rate"":0.0005}","{""detection_events"":1090329,""detectors_checked"":443842560}"
   4665344,         0,         0,   119.2,exact_mw,fb98ac5f0d986856d2cb4e87c937a37162f60383230d2323a40d4b2e77ef556c,"{""distance"":7,""physical_error_rate"":0.0002}","{""detection_events"":2771252,""detectors_checked"":2808537088}"
    741376,         2,         0,   119.9,exact_mw,8973b2281876bd917be29e6214e197de75d185bf3f5e531e264555f10574746e,"{""distance"":7,""physical_error_rate"":0.0005}","{""detection_events"":1099231,""detectors_checked"":446308352,""obs_mistake_mask=E"":2}"
    684032,         1,         0,   120.0,exact_mw,8973b2281876bd917be29e6214e197de75d185bf3f5e531e264555f10574746e,"{""distance"":7,""physical_error_rate"":0.0005}","{""detection_events"":1015102,""detectors_checked"":411787264,""obs_mistake_mask=E"":1}"
   4480000,         0,         0,   119.3,exact_mw,fb98ac5f0d986856d2cb4e87c937a37162f60383230d2323a40d4b2e77ef556c,"{""distance"":7,""physical_error_rate"":0.0002}","{""detection_events"":2659586,""detectors_checked"":2696960000}"
     26720,         2,         0,   120.0,exact_mw,f9daf7670c28e8b8b7ac9af8e1984263f26063cb589f7a54f43332f7ce5001d2,"{""distance"":7,""physical_error_rate"":0.002}","{""detection_events"":156175,""detectors_checked"":16085440,""obs_mistake_mask=E"":2}"
    651264,         2,         0,   120.0,exact_mw,8973b2281876bd917be29e6214e197de75d185bf3f5e531e264555f10574746e,"{""distance"":7,""physical_error_rate"":0.0005}","{""detection_events"":961448,""detectors_checked"":392060928,""obs_mistake_mask=E"":2}"
     27136,         3,         0,   120.4,exact_mw,f9daf7670c28e8b8b7ac9af8e1984263f26063cb589f7a54f43332f7ce5001d2,"{""distance"":7,""physical_error_rate"":0.002}","{""detection_events"":159349,""detectors_checked"":16335872,""obs_mistake_mask=E"":3}"
     75392,         2,         0,   120.4,exact_mw,a17a1dfb4cb0509fbcf9caf9ce6f4704b111f022b15740e51c84c2b7e14a6407,"{""distance"":7,""physical_error_rate"":0.001}","{""detection_events"":223034,""detectors_checked"":45385984,""obs_mistake_mask=E"":2}"
    137216,         2,         0,   120.8,exact_mw,a17a1dfb4cb0509fbcf9caf9ce6f4704b111f022b15740e51c84c2b7e14a6407,"{""distance"":7,""physical_error_rate"":0.001}","{""detection_events"":406028,""detectors_checked"":82604032,""obs_mistake_mask=E"":2}"
     14880,         2,         0,   120.8,exact_mw,f9daf7670c28e8b8b7ac9af8e1984263f26063cb589f7a54f43332f7ce5001d2,"{""distance"":7,""physical_error_rate"":0.002}","{""detection_events"":87209,""detectors_checked"":8957760,""obs_mistake_mask=E"":2}"
    123904,         2,         0,   120.3,exact_mw,a17a1dfb4cb0509fbcf9caf9ce6f4704b111f022b15740e51c84c2b7e14a6407,"{""distance"":7,""physical_error_rate"":0.001}","{""detection_events"":365343,""detectors_checked"":74590208,""obs_mistake_mask=E"":2}"
    117248,         2,         0,   120.1,exact_mw,a17a1dfb4cb0509fbcf9caf9ce6f4704b111f022b15740e51c84c2b7e14a6407,"{""distance"":7,""physical_error_rate"":0.001}","{""detection_events"":345760,""detectors_checked"":70583296,""obs_mistake_mask=E"":2}"
     26368,         1,         0,   120.1,exact_mw,f9daf7670c28e8b8b7ac9af8e1984263f26063cb589f7a54f43332f7ce5001d2,"{""distance"":7,""physical_error_rate"":0.002}","{""detection_events"":154534,""detectors_checked"":15873536,""obs_mistake_mask=E"":1}"
   3012608,         1,         0,    62.7,exact_mw,fb98ac5f0d986856d2cb4e87c937a37162f60383230d2323a40d4b2e77ef556c,"{""distance"":7,""physical_error_rate"":0.0002}","{""detection_events"":1788052,""detectors_checked"":1813590016,""obs_mistake_mask=E"":1}"
   4399104,         2,         0,   119.2,exact_mw,fb98ac5f0d986856d2cb4e87c937a37162f60383230d2323a40d4b2e77ef556c,"{""distance"":7,""physical_error_rate"":0.0002}","{""detection_events"":2609538,""detectors_checked"":2648260608,""obs_mistake_mask=E"":2}"
   2323456,         0,         0,    62.7,exact_mw,fb98ac5f0d986856d2cb4e87c937a37162f60383230d2323a40d4b2e77ef556c,"{""distance"":7,""physical_error_rate"":0.0002}","{""detection_events"":1380800,""detectors_checked"":1398720512}"
    361472,         0,         0,    63.0,exact_mw,8973b2281876bd917be29e6214e197de75d185bf3f5e531e264555f10574746e,"{""distance"":7,""physical_error_rate"":0.0005}","{""detection_events"":535722,""detectors_checked"":217606144}"
     69184,         0,         0,   120.2,exact_mw,a17a1dfb4cb0509fbcf9caf9ce6f4704b111f022b15740e51c84c2b7e14a6407,"{""distance"":7,""physical_error_rate"":0.001}","{""detection_events"":203629,""detectors_checked"":41648768}"
    733184,         0,         0,   120.1,exact_mw,8973b2281876bd917be29e6214e197de75d185bf3f5e531e264555f10574746e,"{""distance"":7,""physical_error_rate"":0.0005}","{""detection_events"":1083544,""detectors_checked"":441376768}"
    399360,         1,         0,    63.0,exact_mw,8973b2281876bd917be29e6214e197de75d185bf3f5e531e264555f10574746e,"{""distance"":7,""physical_error_rate"":0.0005}","{""detection_events"":591571,""detectors_checked"":240414720,""obs_mistake_mask=E"":1}"
     63488,         1,         0,    63.2,exact_mw,a17a1dfb4cb0509fbcf9caf9ce6f4704b111f022b15740e51c84c2b7e14a6407,"{""distance"":7,""physical_error_rate"":0.001}","{""detection_events"":187910,""detectors_checked"":38219776,""obs_mistake_mask=E"":1}"
     82432,         0,         0,    63.5,exact_mw,a17a1dfb4cb0509fbcf9caf9ce6f4704b111f022b15740e51c84c2b7e14a6407,"{""distance"":7,""physical_error_rate"":0.001}","{""detection_events"":242844,""detectors_checked"":49624064}"
    204288,         0,         0,    63.1,exact_mw,8973b2281876bd917be29e6214e197de75d185bf3f5e531e264555f10574746e,"{""distance"":7,""physical_error_rate"":0.0005}","{""detection_events"":302589,""detectors_checked"":122981376}"
     12160,         1,         0,    63.6,exact_mw,f9daf7670c28e8b8b7ac9af8e1984263f26063cb589f7a54f43332f7ce5001d2,"{""distance"":7,""physical_error_rate"":0.002}","{""detection_events"":70431,""detectors_checked"":7320320,""obs_mistake_mask=E"":1}"
     15360,         1,         0,    63.0,exact_mw,f9daf7670c28e8b8b7ac9af8e1984263f26063cb589f7a54f43332f7ce5001d2,"{""distance"":7,""physical_error_rate"":0.002}","{""detection_events"":89422,""detectors_checked"":9246720,""obs_mistake_mask=E"":1}"
     42048,         0,         0,    63.6,exact_mw,a17a1dfb4cb0509fbcf9caf9ce6f4704b111f022b15740e51c84c2b7e14a6407,"{""distance"":7,""physical_error_rate"":0.001}","{""detection_events"":122232,""detectors_checked"":25312896}"
     88512,         3,         0,   120.3,exact_mw,a17a1dfb4cb0509fbcf9caf9ce6f4704b111f022b15740e51c84c2b7e14a6407,"{""distance"":7,""physical_error_rate"":0.001}","{""detection_events"":259837,""detectors_checked"":53284224,""obs_mistake_mask=E"":3}"
     13696,         2,         0,    63.5,exact_mw,f9daf7670c28e8b8b7ac9af8e1984263f26063cb589f7a54f43332f7ce5001d2,"{""distance"":7,""physical_error_rate"":0.002}","{""detection_events"":80617,""detectors_checked"":8244992,""obs_mistake_mask=E"":2}"
     27008,         5,         0,   120.1,exact_mw,f9daf7670c28e8b8b7ac9af8e1984263f26063cb589f7a54f43332f7ce5001d2,"{""distance"":7,""physical_error_rate"":0.002}","{""detection_events"":158159,""detectors_checked"":16258816,""obs_mistake_mask=E"":5}"
     14000,         1,         0,   120.5,exact_mw,f9daf7670c28e8b8b7ac9af8e1984263f26063cb589f7a54f43332f7ce5001d2,"{""distance"":7,""physical_error_rate"":0.002}","{""detection_events"":82244,""detectors_checked"":8428000,""obs_mistake_mask=E"":1}"
   1511424,         0,         0,    62.5,exact_mw,fb98ac5f0d986856d2cb4e87c937a37162f60383230d2323a40d4b2e77ef556c,"{""distance"":7,""physical_error_rate"":0.0002}","{""detection_events"":897661,""detectors_checked"":909877248}"
   2481152,         1,         0,   119.3,exact_mw,fb98ac5f0d986856d2cb4e87c937a37162f60383230d2323a40d4b2e77ef556c,"{""distance"":7,""physical_error_rate"":0.0002}","{""detection_events"":1471356,""detectors_checked"":1493653504,""obs_mistake_mask=E"":1}"
   4366336,         0,         0,   119.3,exact_mw,fb98ac5f0d986856d2cb4e87c937a37162f60383230d2323a40d4b2e77ef556c,"{""distance"":7,""physical_error_rate"":0.0002}","{""detection_events"":2582922,""detectors_checked"":2628534272}"
    728064,         3,         0,   119.9,exact_mw,8973b2281876bd917be29e6214e197de75d185bf3f5e531e264555f10574746e,"{""distance"":7,""physical_error_rate"":0.0005}","{""detection_events"":1078180,""detectors_checked"":438294528,""obs_mistake_mask=E"":3}"
   4773888,         2,         0,   119.2,exact_mw,fb98ac5f0d986856d2cb4e87c937a37162f60383230d2323a40d4b2e77ef556c,"{""distance"":7,""physical_error_rate"":0.0002}","{""detection_events"":2829475,""detectors_checked"":2873880576,""obs_mistake_mask=E"":2}"
    126976,         1,         0,   120.2,exact_mw,a17a1dfb4cb0509fbcf9caf9ce6f4704b111f022b15740e51c84c2b7e14a6407,"{""distance"":7,""physical_error_rate"":0.001}","{""detection_events"":374418,""detectors_checked"":76439552,""obs_mistake_mask=E"":1}"
    370432,         0,         0,   119.9,exact_mw,8973b2281876bd917be29e6214e197de75d185bf3f5e531e264555f10574746e,"{""distance"":7,""physical_error_rate"":0.0005}","{""detection_events"":549859,""detectors_checked"":223000064}"
    125440,         2,         0,   120.4,exact_mw,a17a1dfb4cb0509fbcf9caf9ce6f4704b111f022b15740e51c84c2b7e14a6407,"{""distance"":7,""physical_error_rate"":0.001}","{""detection_events"":370114,""detectors_checked"":75514880,""obs_mistake_mask=E"":2}"
    372224,         0,         0,   120.4,exact_mw,8973b2281876bd917be29e6214e197de75d185bf3f5e531e264555f10574746e,"{""distance"":7,""physical_error_rate"":0.0005}","{""detection_events"":551634,""detectors_checked"":224078848}"
     26240,         2,         0,   120.2,exact_mw,f9daf7670c28e8b8b7ac9af8e1984263f26063cb589f7a54f43332f7ce5001d2,"{""distance"":7,""physical_error_rate"":0.002}","{""detection_events"":154630,""detectors_checked"":15796480,""obs_mistake_mask=E"":2}"
     23360,         4,         0,   120.9,exact_mw,f9daf7670c28e8b8b7ac9af8e1984263f26063cb589f7a54f43332f7ce5001d2,"{""distance"":7,""physical_error_rate"":0.002}","{""detection_events"":136343,""detectors_checked"":14062720,""obs_mistake_mask=E"":4}"
   4497408,         2,         0,   119.5,exact_mw,fb98ac5f0d986856d2cb4e87c937a37162f60383230d2323a40d4b2e77ef556c,"{""distance"":7,""physical_error_rate"":0.0002}","{""detection_events"":2672617,""detectors_checked"":2707439616,""obs_mistake_mask=E"":2}"
    134656,         1,         0,   119.9,exact_mw,a17a1dfb4cb0509fbcf9caf9ce6f4704b111f022b15740e51c84c2b7e14a6407,"{""distance"":7,""physical_error_rate"":0.001}","{""detection_events"":396455,""detectors_checked"":81062912,""obs_mistake_mask=E"":1}"
   5677056,         5,         0,   119.3,exact_mw,fb98ac5f0d986856d2cb4e87c937a37162f60383230d2323a40d4b2e77ef556c,"{""distance"":7,""physical_error_rate"":0.0002}","{""detection_events"":3364378,""detectors_checked"":3417587712,""obs_mistake_mask=E"":5}"
    720896,         0,         0,   119.9,exact_mw,8973b2281876bd917be29e6214e197de75d185bf3f5e531e264555f10574746e,"{""distance"":7,""physical_error_rate"":0.0005}","{""detection_events"":1067915,""detectors_checked"":433979392}"
   4794368,         1,         0,   119.3,exact_mw,fb98ac5f0d986856d2cb4e87c937a37162f60383230d2323a40d4b2e77ef556c,"{""distance"":7,""physical_error_rate"":0.0002}","{""detection_events"":2845542,""detectors_checked"":2886209536,""obs_mistake_mask=E"":1}"
    473088,         1,         0,   119.9,exact_mw,8973b2281876bd917be29e6214e197de75d185bf3f5e531e264555f10574746e,"{""distance"":7,""physical_error_rate"":0.0005}","{""detection_events"":700780,""detectors_checked"":284798976,""obs_mistake_mask=E"":1}"
     29312,         3,         0,   120.3,exact_mw,f9daf7670c28e8b8b7ac9af8e1984263f26063cb589f7a54f43332f7ce5001d2,"{""distance"":7,""physical_error_rate"":0.002}","{""detection_events"":171284,""detectors_checked"":17645824,""obs_mistake_mask=E"":3}"
    567808,         5,         0,   120.8,exact_mw,8973b2281876bd917be29e6214e197de75d185bf3f5e531e264555f10574746e,"{""distance"":7,""physical_error_rate"":0.0005}","{""detection_events"":841689,""detectors_checked"":341820416,""obs_mistake_mask=E"":5}"
    115712,         1,         0,   120.4,exact_mw,a17a1dfb4cb0509fbcf9caf9ce6f4704b111f022b15740e51c84c2b7e14a6407,"{""distance"":7,""physical_error_rate"":0.001}","{""detection_events"":344385,""detectors_checked"":69658624,""obs_mistake_mask=E"":1}"
     19440,         3,         0,   120.3,exact_mw,f9daf7670c28e8b8b7ac9af8e1984263f26063cb589f7a54f43332f7ce5001d2,"{""distance"":7,""physical_error_rate"":0.002}","{""detection_events"":114288,""detectors_checked"":11702880,""obs_mistake_mask=E"":3}"
    136704,         3,         0,   120.3,exact_mw,a17a1dfb4cb0509fbcf9caf9ce6f4704b111f022b15740e51c84c2b7e14a6407,"{""distance"":7,""physical_error_rate"":0.001}","{""detection_events"":403870,""detectors_checked"":82295808,""obs_mistake_mask=E"":3}"
     23552,         8,         0,   120.4,exact_mw,f9daf7670c28e8b8b7ac9af8e1984263f26063cb589f7a54f43332f7ce5001d2,"{""distance"":7,""physical_error_rate"":0.002}","{""detection_events"":138626,""detectors_checked"":14178304,""obs_mistake_mask=E"":8}"
   4652032,         1,         0,   119.4,exact_mw,fb98ac5f0d986856d2cb4e87c937a37162f60383230d2323a40d4b2e77ef556c,"{""distance"":7,""physical_error_rate"":0.0002}","{""detection_events"":2757904,""detectors_checked"":2800523264,""obs_mistake_mask=E"":1}"
     92544,         0,         0,   120.0,exact_mw,a17a1dfb4cb0509fbcf9caf9ce6f4704b111f022b15740e51c84c2b7e14a6407,"{""distance"":7,""physical_error_rate"":0.001}","{""detection_events"":272415,""detectors_checked"":55711488}"
    500224,         1,         0,   120.8,exact_mw,8973b2281876bd917be29e6214e197de75d185bf3f5e531e264555f10574746e,"{""distance"":7,""physical_error_rate"":0.0005}","{""detection_events"":742623,""detectors_checked"":301134848,""obs_mistake_mask=E"":1}"
    121344,         0,         0,   120.3,exact_mw,a17a1dfb4cb0509fbcf9caf9ce6f4704b111f022b15740e51c84c2b7e14a6407,"{""distance"":7,""physical_error_rate"":0.001}","{""detection_events"":356772,""detectors_checked"":73049088}"
     22496,         1,         0,   120.0,exact_mw,f9daf7670c28e8b8b7ac9af8e1984263f26063cb589f7a54f43332f7ce5001d2,"{""distance"":7,""physical_error_rate"":0.002}","{""detection_events"":132090,""detectors_checked"":13542592,""obs_mistake_mask=E"":1}"
   3598336,         2,         0,    87.7,exact_mw,fb98ac5f0d986856d2cb4e87c937a37162f60383230d2323a40d4b2e77ef556c,"{""distance"":7,""physical_error_rate"":0.0002}","{""detection_events"":2133793,""detectors_checked"":2166198272,""obs_mistake_mask=E"":2}"
   3342336,         0,         0,    87.6,exact_mw,fb98ac5f0d986856d2cb4e87c937a37162f60383230d2323a40d4b2e77ef556c,"{""distance"":7,""physical_error_rate"":0.0002}","{""detection_events"":1980673,""detectors_checked"":2012086272}"
    531456,         0,         0,    88.2,exact_mw,8973b2281876bd917be29e6214e197de75d185bf3f5e531e264555f10574746e,"{""distance"":7,""physical_error_rate"":0.0005}","{""detection_events"":784983,""detectors_checked"":319936512}"
     25600,         2,         0,   120.2,exact_mw,f9daf7670c28e8b8b7ac9af8e1984263f26063cb589f7a54f43332f7ce5001d2,"{""distance"":7,""physical_error_rate"":0.002}","{""detection_events"":149643,""detectors_checked"":15411200,""obs_mistake_mask=E"":2}"
    530432,         1,         0,    88.2,exact_mw,8973b2281876bd917be29e6214e197de75d185bf3f5e531e264555f10574746e,"{""distance"":7,""physical_error_rate"":0.0005}","{""detection_events"":786592,""detectors_checked"":319320064,""obs_mistake_mask=E"":1}"
   3988480,         2,         0,   119.4,exact_mw,fb98ac5f0d986856d2cb4e87c937a37162f60383230d2323a40d4b2e77ef556c,"{""distance"":7,""physical_error_rate"":0.0002}","{""detection_events"":2363178,""detectors_checked"":2401064960,""obs_mistake_mask=E"":2}"
     87552,         0,         0,    88.5,exact_mw,a17a1dfb4cb0509fbcf9caf9ce6f4704b111f022b15740e51c84c2b7e14a6407,"{""distance"":7,""physical_error_rate"":0.001}","{""detection_events"":258759,""detectors_checked"":52706304}"
    106496,         0,         0,    88.4,exact_mw,a17a1dfb4cb0509fbcf9caf9ce6f4704b111f022b15740e51c84c2b7e14a6407,"{""distance"":7,""physical_error_rate"":0.001}","{""detection_events"":312937,""detectors_checked"":64110592}"
    667648,         1,         0,   120.0,exact_mw,8973b2281876bd917be29e6214e197de75d185bf3f5e531e264555f10574746e,"{""distance"":7,""physical_error_rate"":0.0005}","{""detection_events"":983915,""detectors_checked"":401924096,""obs_mistake_mask=E"":1}"
    489984,         2,         0,    88.1,exact_mw,8973b2281876bd917be29e6214e197de75d185bf3f5e531e264555f10574746e,"{""distance"":7,""physical_error_rate"":0.0005}","{""detection_events"":726064,""detectors_checked"":294970368,""obs_mistake_mask=E"":2}"
   4485120,         1,         0,   119.2,exact_mw,fb98ac5f0d986856d2cb4e87c937a37162f60383230d2323a40d4b2e77ef556c,"{""distance"":7,""physical_error_rate"":0.0002}","{""detection_events"":2662313,""detectors_checked"":2700042240,""obs_mistake_mask=E"":1}"
   3999744,         1,         0,   119.2,exact_mw,fb98ac5f0d986856d2cb4e87c937a37162f60383230d2323a40d4b2e77ef556c,"{""distance"":7,""physical_error_rate"":0.0002}","{""detection_events"":2370823,""detectors_checked"":2407845888,""obs_mistake_mask=E"":1}"
     16256,         2,         0,    88.2,exact_mw,f9daf7670c28e8b8b7ac9af8e1984263f26063cb589f7a54f43332f7ce5001d2,"{""distance"":7,""physical_error_rate"":0.002}","{""detection_events"":94791,""detectors_checked"":9786112,""obs_mistake_mask=E"":2}"
     21504,         5,         0,    88.8,exact_mw,f9daf7670c28e8b8b7ac9af8e1984263f26063cb589f7a54f43332f7ce5001d2,"{""distance"":7,""physical_error_rate"":0.002}","{""detection_events"":125563,""detectors_checked"":12945408,""obs_mistake_mask=E"":5}"
    709632,         2,         0,   120.0,exact_mw,8973b2281876bd917be29e6214e197de75d185bf3f5e531e264555f10574746e,"{""distance"":7,""physical_error_rate"":0.0005}","{""detection_events"":1048613,""detectors_checked"":427198464,""obs_mistake_mask=E"":2}"
     59904,         2,         0,    88.7,exact_mw,a17a1dfb4cb0509fbcf9caf9ce6f4704b111f022b15740e51c84c2b7e14a6407,"{""distance"":7,""physical_error_rate"":0.001}","{""detection_events"":176506,""detectors_checked"":36062208,""obs_mistake_mask=E"":2}"
   3649536,         1,         0,   119.0,exact_mw,fb98ac5f0d986856d2cb4e87c937a37162f60383230d2323a40d4b2e77ef556c,"{""distance"":7,""physical_error_rate"":0.0002}","{""detection_events"":2165392,""detectors_checked"":2197020672,""obs_mistake_mask=E"":1}"
     19328,         1,         0,    88.6,exact_mw,f9daf7670c28e8b8b7ac9af8e1984263f26063cb589f7a54f43332f7ce5001d2,"{""distance"":7,""physical_error_rate"":0.002}","{""detection_events"":113356,""detectors_checked"":11635456,""obs_mistake_mask=E"":1}"
    689152,         2,         0,   119.8,exact_mw,8973b2281876bd917be29e6214e197de75d185bf3f5e531e264555f10574746e,"{""distance"":7,""physical_error_rate"":0.0005}","{""detection_events"":1018579,""detectors_checked"":414869504,""obs_mistake_mask=E"":2}"
    485376,         2,         0,   120.0,exact_mw,8973b2281876bd917be29e6214e197de75d185bf3f5e531e264555f10574746e,"{""distance"":7,""physical_error_rate"":0.0005}","{""detection_events"":718938,""detectors_checked"":292196352,""obs_mistake_mask=E"":2}"
   4032512,         2,         0,   119.2,exact_mw,fb98ac5f0d986856d2cb4e87c937a37162f60383230d2323a40d4b2e77ef556c,"{""distance"":7,""physical_error_rate"":0.0002}","{""detection_events"":2390623,""detectors_checked"":2427572224,""obs_mistake_mask=E"":2}"
     20576,         2,         0,   120.0,exact_mw,f9daf7670c28e8b8b7ac9af8e1984263f26063cb589f7a54f43332f7ce5001d2,"{""distance"":7,""physical_error_rate"":0.002}","{""detection_events"":120546,""detectors_checked"":12386752,""obs_mistake_mask=E"":2}"
    467968,         0,         0,   119.8,exact_mw,8973b2281876bd917be29e6214e197de75d185bf3f5e531e264555f10574746e,"{""distance"":7,""physical_error_rate"":0.0005}","{""detection_events"":692036,""detectors_checked"":281716736}"
   1790976,         0,         0,    87.4,exact_mw,fb98ac5f0d986856d2cb4e87c937a37162f60383230d2323a40d4b2e77ef556c,"{""distance"":7,""physical_error_rate"":0.0002}","{""detection_events"":1061597,""detectors_checked"":1078167552}"
     24832,         3,         0,   121.1,exact_mw,f9daf7670c28e8b8b7ac9af8e1984263f26063cb589f7a54f43332f7ce5001d2,"{""distance"":7,""physical_error_rate"":0.002}","{""detection_events"":144902,""detectors_checked"":14948864,""obs_mistake_mask=E"":3}"
    110080,         3,         0,   120.2,exact_mw,a17a1dfb4cb0509fbcf9caf9ce6f4704b111f022b15740e51c84c2b7e14a6407,"{""distance"":7,""physical_error_rate"":0.001}","{""detection_events"":324534,""detectors_checked"":66268160,""obs_mistake_mask=E"":3}"
    124928,         2,         0,   120.3,exact_mw,a17a1dfb4cb0509fbcf9caf9ce6f4704b111f022b15740e51c84c2b7e14a6407,"{""distance"":7,""physical_error_rate"":0.001}","{""detection_events"":368487,""detectors_checked"":75206656,""obs_mistake_mask=E"":2}"
     22784,         2,         0,   120.1,exact_mw,f9daf7670c28e8b8b7ac9af8e1984263f26063cb589f7a54f43332f7ce5001d2,"{""distance"":7,""physical_error_rate"":0.002}","{""detection_events"":134390,""detectors_checked"":13715968,""obs_mistake_mask=E"":2}"
    119808,         0,         0,   120.1,exact_mw,a17a1dfb4cb0509fbcf9caf9ce6f4704b111f022b15740e51c84c2b7e14a6407,"{""distance"":7,""physical_error_rate"":0.001}","{""detection_events"":354390,""detectors_checked"":72124416}"
    122880,         2,         0,   120.6,exact_mw,a17a1dfb4cb0509fbcf9caf9ce6f4704b111f022b15740e51c84c2b7e14a6407,"{""distance"":7,""physical_error_rate"":0.001}","{""detection_events"":361174,""detectors_checked"":73973760,""obs_mistake_mask=E"":2}"
     23296,         6,         0,   120.3,exact_mw,f9daf7670c28e8b8b7ac9af8e1984263f26063cb589f7a54f43332f7ce5001d2,"{""distance"":7,""physical_error_rate"":0.002}","{""detection_events"":138468,""detectors_checked"":14024192,""obs_mistake_mask=E"":6}"
   3141632,         1,         0,   119.3,exact_mw,fb98ac5f0d986856d2cb4e87c937a37162f60383230d2323a40d4b2e77ef556c,"{""distance"":7,""physical_error_rate"":0.0002}","{""detection_events"":1871407,""detectors_checked"":1891262464,""obs_mistake_mask=E"":1}"
    606208,         1,         0,   119.9,exact_mw,8973b2281876bd917be29e6214e197de75d185bf3f5e531e264555f10574746e,"{""distance"":7,""physical_error_rate"":0.0005}","{""detection_events"":896844,""detectors_checked"":364937216,""obs_mistake_mask=E"":1}"
     89984,         2,         0,   121.0,exact_mw,a17a1dfb4cb0509fbcf9caf9ce6f4704b111f022b15740e51c84c2b7e14a6407,"{""distance"":7,""physical_error_rate"":0.001}","{""detection_events"":262848,""detectors_checked"":54170368,""obs_mistake_mask=E"":2}"
     99328,         0,         0,   120.6,exact_mw,a17a1dfb4cb0509fbcf9caf9ce6f4704b111f022b15740e51c84c2b7e14a6407,"{""distance"":7,""physical_error_rate"":0.001}","{""detection_events"":292352,""detectors_checked"":59795456}"
     26496,         5,         0,   120.3,exact_mw,f9daf7670c28e8b8b7ac9af8e1984263f26063cb589f7a54f43332f7ce5001d2,"{""distance"":7,""physical_error_rate"":0.002}","{""detection_events"":154663,""detectors_checked"":15950592,""obs_mistake_mask=E"":5}"
     23168,         3,         0,   120.1,exact_mw,f9daf7670c28e8b8b7ac9af8e1984263f26063cb589f7a54f43332f7ce5001d2,"{""distance"":7,""physical_error_rate"":0.002}","{""detection_events"":136501,""detectors_checked"":13947136,""obs_mistake_mask=E"":3}"
   3786752,         1,         0,   119.4,exact_mw,fb98ac5f0d986856d2cb4e87c937a37162f60383230d2323a40d4b2e77ef556c,"{""distance"":7,""physical_error_rate"":0.0002}","{""detection_events"":2246100,""detectors_checked"":2279624704,""obs_mistake_mask=E"":1}"
   4877312,         1,         0,   119.3,exact_mw,fb98ac5f0d986856d2cb4e87c937a37162f60383230d2323a40d4b2e77ef556c,"{""distance"":7,""physical_error_rate"":0.0002}","{""detection_events"":2890183,""detectors_checked"":2936141824,""obs_mistake_mask=E"":1}"
    649728,         2,         0,   120.1,exact_mw,8973b2281876bd917be29e6214e197de75d185bf3f5e531e264555f10574746e,"{""distance"":7,""physical_error_rate"":0.0005}","{""detection_events"":960962,""detectors_checked"":391136256,""obs_mistake_mask=E"":2}"
   3709952,         0,         0,   119.1,exact_mw,fb98ac5f0d986856d2cb4e87c937a37162f60383230d2323a40d4b2e77ef556c,"{""distance"":7,""physical_error_rate"":0.0002}","{""detection_events"":2200386,""detectors_checked"":2233391104}"
     94144,         2,         0,   120.7,exact_mw,a17a1dfb4cb0509fbcf9caf9ce6f4704b111f022b15740e51c84c2b7e14a6407,"{""distance"":7,""physical_error_rate"":0.001}","{""detection_events"":277250,""detectors_checked"":56674688,""obs_mistake_mask=E"":2}"
     89728,         2,         0,   120.0,exact_mw,a17a1dfb4cb0509fbcf9caf9ce6f4704b111f022b15740e51c84c2b7e14a6407,"{""distance"":7,""physical_error_rate"":0.001}","{""detection_events"":264717,""detectors_checked"":54016256,""obs_mistake_mask=E"":2}"
    486400,         1,         0,   121.2,exact_mw,8973b2281876bd917be29e6214e197de75d185bf3f5e531e264555f10574746e,"{""distance"":7,""physical_error_rate"":0.0005}","{""detection_events"":719130,""detectors_checked"":292812800,""obs_mistake_mask=E"":1}"
    529920,         2,         0,   119.9,exact_mw,8973b2281876bd917be29e6214e197de75d185bf3f5e531e264555f10574746e,"{""distance"":7,""physical_error_rate"":0.0005}","{""detection_events"":785248,""detectors_checked"":319011840,""obs_mistake_mask=E"":2}"
     20624,         3,         0,   120.3,exact_mw,f9daf7670c28e8b8b7ac9af8e1984263f26063cb589f7a54f43332f7ce5001d2,"{""distance"":7,""physical_error_rate"":0.002}","{""detection_events"":120924,""detectors_checked"":12415648,""obs_mistake_mask=E"":3}"
   2640896,         0,         0,   119.5,exact_mw,fb98ac5f0d986856d2cb4e87c937a37162f60383230d2323a40d4b2e77ef556c,"{""distance"":7,""physical_error_rate"":0.0002}","{""detection_events"":1568428,""detectors_checked"":1589819392}"
     22616,         2,         0,   120.6,exact_mw,f9daf7670c28e8b8b7ac9af8e1984263f26063cb589f7a54f43332f7ce5001d2,"{""distance"":7,""physical_error_rate"":0.002}","{""detection_events"":133018,""detectors_checked"":13614832,""obs_mistake_mask=E"":2}"
    129024,         3,         0,   120.5,exact_mw,a17a1dfb4cb0509fbcf9caf9ce6f4704b111f022b15740e51c84c2b7e14a6407,"{""distance"":7,""physical_error_rate"":0.001}","{""detection_events"":381406,""detectors_checked"":77672448,""obs_mistake_mask=E"":3}"
   4570112,         2,         0,   119.4,exact_mw,fb98ac5f0d986856d2cb4e87c937a37162f60383230d2323a40d4b2e77ef556c,"{""distance"":7,""physical_error_rate"":0.0002}","{""detection_events"":2710500,""detectors_checked"":2751207424,""obs_mistake_mask=E"":2}"
    732160,         1,         0,   120.0,exact_mw,8973b2281876bd917be29e6214e197de75d185bf3f5e531e264555f10574746e,"{""distance"":7,""physical_error_rate"":0.0005}","{""detection_events"":1086208,""detectors_checked"":440760320,""obs_mistake_mask=E"":1}"
   4701184,         0,         0,   119.4,exact_mw,fb98ac5f0d986856d2cb4e87c937a37162f60383230d2323a40d4b2e77ef556c,"{""distance"":7,""physical_error_rate"":0.0002}","{""detection_events"":2787053,""detectors_checked"":2830112768}"
    723968,         2,         0,   120.0,exact_mw,8973b2281876bd917be29e6214e197de75d185bf3f5e531e264555f10574746e,"{""distance"":7,""physical_error_rate"":0.0005}","{""detection_events"":1069978,""detectors_checked"":435828736,""obs_mistake_mask=E"":2}"
    548352,         4,         0,   120.0,exact_mw,8973b2281876bd917be29e6214e197de75d185bf3f5e531e264555f10574746e,"{""distance"":7,""physical_error_rate"":0.0005}","{""detection_events"":812431,""detectors_checked"":330107904,""obs_mistake_mask=E"":4}"
     29056,         2,         0,   120.6,exact_mw,f9daf7670c28e8b8b7ac9af8e1984263f26063cb589f7a54f43332f7ce5001d2,"{""distance"":7,""physical_error_rate"":0.002}","{""detection_events"":170532,""detectors_checked"":17491712,""obs_mistake_mask=E"":2}"
     92992,         1,         0,   120.0,exact_mw,a17a1dfb4cb0509fbcf9caf9ce6f4704b111f022b15740e51c84c2b7e14a6407,"{""distance"":7,""physical_error_rate"":0.001}","{""detection_events"":275395,""detectors_checked"":55981184,""obs_mistake_mask=E"":1}"
     17216,         6,         0,   120.5,exact_mw,f9daf7670c28e8b8b7ac9af8e1984263f26063cb589f7a54f43332f7ce5001d2,"{""distance"":7,""physical_error_rate"":0.002}","{""detection_events"":100964,""detectors_checked"":10364032,""obs_mistake_mask=E"":6}"
    138240,         5,         0,   120.1,exact_mw,a17a1dfb4cb0509fbcf9caf9ce6f4704b111f022b15740e51c84c2b7e14a6407,"{""distance"":7,""physical_error_rate"":0.001}","{""detection_events"":408708,""detectors_checked"":83220480,""obs_mistake_mask=E"":5}"
     26752,         3,         0,   120.0,exact_mw,f9daf7670c28e8b8b7ac9af8e1984263f26063cb589f7a54f43332f7ce5001d2,"{""distance"":7,""physical_error_rate"":0.002}","{""detection_events"":155892,""detectors_checked"":16104704,""obs_mistake_mask=E"":3}"
   4395008,         2,         0,   119.3,exact_mw,fb98ac5f0d986856d2cb4e87c937a37162f60383230d2323a40d4b2e77ef556c,"{""distance"":7,""physical_error_rate"":0.0002}","{""detection_events"":2602244,""detectors_checked"":2645794816,""obs_mistake_mask=E"":2}"
    125440,         1,         0,   120.0,exact_mw,a17a1dfb4cb0509fbcf9caf9ce6f4704b111f022b15740e51c84c2b7e14a6407,"{""distance"":7,""physical_error_rate"":0.001}","{""detection_events"":370801,""detectors_checked"":75514880,""obs_mistake_mask=E"":1}"
    543232,         1,         0,   120.1,exact_mw,8973b2281876bd917be29e6214e197de75d185bf3f5e531e264555f10574746e,"{""distance"":7,""physical_error_rate"":0.0005}","{""detection_events"":803239,""detectors_checked"":327025664,""obs_mistake_mask=E"":1}"
     87872,         2,         0,   120.6,exact_mw,a17a1dfb4cb0509fbcf9caf9ce6f4704b111f022b15740e51c84c2b7e14a6407,"{""distance"":7,""physical_error_rate"":0.001}","{""detection_events"":258751,""detectors_checked"":52898944,""obs_mistake_mask=E"":2}"
     18512,         1,         0,   120.0,exact_mw,f9daf7670c28e8b8b7ac9af8e1984263f26063cb589f7a54f43332f7ce5001d2,"{""distance"":7,""physical_error_rate"":0.002}","{""detection_events"":107461,""detectors_checked"":11144224,""obs_mistake_mask=E"":1}"
   4236288,         1,         0,   119.3,exact_mw,fb98ac5f0d986856d2cb4e87c937a37162f60383230d2323a40d4b2e77ef556c,"{""distance"":7,""physical_error_rate"":0.0002}","{""detection_events"":2514205,""detectors_checked"":2550245376,""obs_mistake_mask=E"":1}"
   4637696,         0,         0,   119.4,exact_mw,fb98ac5f0d986856d2cb4e87c937a37162f60383230d2323a40d4b2e77ef556c,"{""distance"":7,""physical_error_rate"":0.0002}","{""detection_events"":2754226,""detectors_checked"":2791892992}"
    749568,         4,         0,   120.0,exact_mw,8973b2281876bd917be29e6214e197de75d185bf3f5e531e264555f10574746e,"{""distance"":7,""physical_error_rate"":0.0005}","{""detection_events"":1106007,""detectors_checked"":451239936,""obs_mistake_mask=E"":4}"
     29696,         9,         0,   120.2,exact_mw,f9daf7670c28e8b8b7ac9af8e1984263f26063cb589f7a54f43332f7ce5001d2,"{""distance"":7,""physical_error_rate"":0.002}","{""detection_events"":173436,""detectors_checked"":17876992,""obs_mistake_mask=E"":9}"
    685056,         2,         0,   119.8,exact_mw,8973b2281876bd917be29e6214e197de75d185bf3f5e531e264555f10574746e,"{""distance"":7,""physical_error_rate"":0.0005}","{""detection_events"":1014864,""detectors_checked"":412403712,""obs_mistake_mask=E"":2}"
   4329472,         1,         0,   119.4,exact_mw,fb98ac5f0d986856d2cb4e87c937a37162f60383230d2323a40d4b2e77ef556c,"{""distance"":7,""physical_error_rate"":0.0002}","{""detection_events"":2561313,""detectors_checked"":2606342144,""obs_mistake_mask=E"":1}"
    125440,         0,         0,   120.2,exact_mw,a17a1dfb4cb0509fbcf9caf9ce6f4704b111f022b15740e51c84c2b7e14a6407,"{""distance"":7,""physical_error_rate"":0.001}","{""detection_events"":369927,""detectors_checked"":75514880}"
    121344,         2,         0,   120.9,exact_mw,a17a1dfb4cb0509fbcf9caf9ce6f4704b111f022b15740e51c84c2b7e14a6407,"{""distance"":7,""physical_error_rate"":0.001}","{""detection_events"":357757,""detectors_checked"":73049088,""obs_mistake_mask=E"":2}"
    626688,         0,         0,   120.0,exact_mw,8973b2281876bd917be29e6214e197de75d185bf3f5e531e264555f10574746e,"{""distance"":7,""physical_error_rate"":0.0005}","{""detection_events"":927934,""detectors_checked"":377266176}"
    512512,         2,         0,   120.0,exact_mw,8973b2281876bd917be29e6214e197de75d185bf3f5e531e264555f10574746e,"{""distance"":7,""physical_error_rate"":0.0005}","{""detection_events"":755114,""detectors_checked"":308532224,""obs_mistake_mask=E"":2}"
   4375552,         3,         0,   119.3,exact_mw,fb98ac5f0d986856d2cb4e87c937a37162f60383230d2323a40d4b2e77ef556c,"{""distance"":7,""physical_error_rate"":0.0002}","{""detection_events"":2600984,""detectors_checked"":2634082304,""obs_mistake_mask=E"":3}"
   4829184,         0,         0,   119.3,exact_mw,fb98ac5f0d986856d2cb4e87c937a37162f60383230d2323a40d4b2e77ef556c,"{""distance"":7,""physical_error_rate"":0.0002}","{""detection_events"":2863645,""detectors_checked"":2907168768}"
     23232,         2,         0,   120.3,exact_mw,f9daf7670c28e8b8b7ac9af8e1984263f26063cb589f7a54f43332f7ce5001d2,"{""distance"":7,""physical_error_rate"":0.002}","{""detection_events"":134315,""detectors_checked"":13985664,""obs_mistake_mask=E"":2}"
     26240,         4,         0,   120.2,exact_mw,f9daf7670c28e8b8b7ac9af8e1984263f26063cb589f7a54f43332f7ce5001d2,"{""distance"":7,""physical_error_rate"":0.002}","{""detection_events"":152706,""detectors_checked"":15796480,""obs_mistake_mask=E"":4}"
    692224,         2,         0,   119.9,exact_mw,8973b2281876bd917be29e6214e197de75d185bf3f5e531e264555f10574746e,"{""distance"":7,""physical_error_rate"":0.0005}","{""detection_events"":1026277,""detectors_checked"":416718848,""obs_mistake_mask=E"":2}"
     83136,         1,         0,   120.4,exact_mw,a17a1dfb4cb0509fbcf9caf9ce6f4704b111f022b15740e51c84c2b7e14a6407,"{""distance"":7,""physical_error_rate"":0.001}","{""detection_events"":244179,""detectors_checked"":50047872,""obs_mistake_mask=E"":1}"
   3815424,         1,         0,   119.2,exact_mw,fb98ac5f0d986856d2cb4e87c937a37162f60383230d2323a40d4b2e77ef556c,"{""distance"":7,""physical_error_rate"":0.0002}","{""detection_events"":2259068,""detectors_checked"":2296885248,""obs_mistake_mask=E"":1}"
     29312,         3,         0,   120.1,exact_mw,f9daf7670c28e8b8b7ac9af8e1984263f26063cb589f7a54f43332f7ce5001d2,"{""distance"":7,""physical_error_rate"":0.002}","{""detection_events"":171700,""detectors_checked"":17645824,""obs_mistake_mask=E"":3}"
    676864,         2,         0,   119.9,exact_mw,8973b2281876bd917be29e6214e197de75d185bf3f5e531e264555f10574746e,"{""distance"":7,""physical_error_rate"":0.0005}","{""detection_events"":998652,""detectors_checked"":407472128,""obs_mistake_mask=E"":2}"
    570880,         4,         0,   120.0,exact_mw,8973b2281876bd917be29e6214e197de75d185bf3f5e531e264555f10574746e,"{""distance"":7,""physical_error_rate"":0.0005}","{""detection_events"":844550,""detectors_checked"":343669760,""obs_mistake_mask=E"":4}"
   3175424,         1,         0,   119.3,exact_mw,fb98ac5f0d986856d2cb4e87c937a37162f60383230d2323a40d4b2e77ef556c,"{""distance"":7,""physical_error_rate"":0.0002}","{""detection_events"":1882221,""detectors_checked"":1911605248,""obs_mistake_mask=E"":1}"
     27264,         2,         0,   120.3,exact_mw,f9daf7670c28e8b8b7ac9af8e1984263f26063cb589f7a54f43332f7ce5001d2,"{""distance"":7,""physical_error_rate"":0.002}","{""detection_events"":158910,""detectors_checked"":16412928,""obs_mistake_mask=E"":2}"
    698368,         0,         0,   120.0,exact_mw,8973b2281876bd917be29e6214e197de75d185bf3f5e531e264555f10574746e,"{""distance"":7,""physical_error_rate"":0.0005}","{""detection_events"":1035335,""detectors_checked"":420417536}"
   2612224,         0,         0,   119.3,exact_mw,fb98ac5f0d986856d2cb4e87c937a37162f60383230d2323a40d4b2e77ef556c,"{""distance"":7,""physical_error_rate"":0.0002}","{""detection_events"":1550363,""detectors_checked"":1572558848}"
     24960,         5,         0,   120.1,exact_mw,f9daf7670c28e8b8b7ac9af8e1984263f26063cb589f7a54f43332f7ce5001d2,"{""distance"":7,""physical_error_rate"":0.002}","{""detection_events"":146787,""detectors_checked"":15025920,""obs_mistake_mask=E"":5}"
     76800,         3,         0,   120.1,exact_mw,a17a1dfb4cb0509fbcf9caf9ce6f4704b111f022b15740e51c84c2b7e14a6407,"{""distance"":7,""physical_error_rate"":0.001}","{""detection_events"":225494,""detectors_checked"":46233600,""obs_mistake_mask=E"":3}"
     21632,         4,         0,   120.2,exact_mw,f9daf7670c28e8b8b7ac9af8e1984263f26063cb589f7a54f43332f7ce5001d2,"{""distance"":7,""physical_error_rate"":0.002}","{""detection_events"":126892,""detectors_checked"":13022464,""obs_mistake_mask=E"":4}"
    115200,         3,         0,   120.5,exact_mw,a17a1dfb4cb0509fbcf9caf9ce6f4704b111f022b15740e51c84c2b7e14a6407,"{""distance"":7,""physical_error_rate"":0.001}","{""detection_events"":339729,""detectors_checked"":69350400,""obs_mistake_mask=E"":3}"
    117248,         2,         0,   120.3,exact_mw,a17a1dfb4cb0509fbcf9caf9ce6f4704b111f022b15740e51c84c2b7e14a6407,"{""distance"":7,""physical_error_rate"":0.001}","{""detection_events"":345176,""detectors_checked"":70583296,""obs_mistake_mask=E"":2}"
    137216,         3,         0,   120.1,exact_mw,a17a1dfb4cb0509fbcf9caf9ce6f4704b111f022b15740e51c84c2b7e14a6407,"{""distance"":7,""physical_error_rate"":0.001}","{""detection_events"":403821,""detectors_checked"":82604032,""obs_mistake_mask=E"":3}"
     25472,         2,         0,   120.5,exact_mw,f9daf7670c28e8b8b7ac9af8e1984263f26063cb589f7a54f43332f7ce5001d2,"{""distance"":7,""physical_error_rate"":0.002}","{""detection_events"":149359,""detectors_checked"":15334144,""obs_mistake_mask=E"":2}"
   3905536,         0,         0,   119.5,exact_mw,fb98ac5f0d986856d2cb4e87c937a37162f60383230d2323a40d4b2e77ef556c,"{""distance"":7,""physical_error_rate"":0.0002}","{""detection_events"":2315089,""detectors_checked"":2351132672}"
    746496,         1,         0,   119.9,exact_mw,8973b2281876bd917be29e6214e197de75d185bf3f5e531e264555f10574746e,"{""distance"":7,""physical_error_rate"":0.0005}","{""detection_events"":1104098,""detectors_checked"":449390592,""obs_mistake_mask=E"":1}"
    105088,         2,         0,   120.6,exact_mw,a17a1dfb4cb0509fbcf9caf9ce6f4704b111f022b15740e51c84c2b7e14a6407,"{""distance"":7,""physical_error_rate"":0.001}","{""detection_events"":310202,""detectors_checked"":63262976,""obs_mistake_mask=E"":2}"
     25472,         1,         0,   120.4,exact_mw,f9daf7670c28e8b8b7ac9af8e1984263f26063cb589f7a54f43332f7ce5001d2,"{""distance"":7,""physical_error_rate"":0.002}","{""detection_events"":149339,""detectors_checked"":15334144,""obs_mistake_mask=E"":1}"
     95680,         0,         0,   122.4,exact_mw,a17a1dfb4cb0509fbcf9caf9ce6f4704b111f022b15740e51c84c2b7e14a6407,"{""distance"":7,""physical_error_rate"":0.001}","{""detection_events"":282007,""detectors_checked"":57599360}"
     25472,         3,         0,   121.0,exact_mw,f9daf7670c28e8b8b7ac9af8e1984263f26063cb589f7a54f43332f7ce5001d2,"{""distance"":7,""physical_error_rate"":0.002}","{""detection_events"":149819,""detectors_checked"":15334144,""obs_mistake_mask=E"":3}"
   3814400,         2,         0,   119.3,exact_mw,fb98ac5f0d986856d2cb4e87c937a37162f60383230d2323a40d4b2e77ef556c,"{""distance"":7,""physical_error_rate"":0.0002}","{""detection_events"":2261091,""detectors_checked"":2296268800,""obs_mistake_mask=E"":2}"
   4663296,         1,         0,   119.2,exact_mw,fb98ac5f0d986856d2cb4e87c937a37162f60383230d2323a40d4b2e77ef556c,"{""distance"":7,""physical_error_rate"":0.0002}","{""detection_events"":2764749,""detectors_checked"":2807304192,""obs_mistake_mask=E"":1}"
    585728,         1,         0,   120.0,exact_mw,8973b2281876bd917be29e6214e197de75d185bf3f5e531e264555f10574746e,"{""distance"":7,""physical_error_rate"":0.0005}","{""detection_events"":868013,""detectors_checked"":352608256,""obs_mistake_mask=E"":1}"
   4531200,         3,         0,   119.2,exact_mw,fb98ac5f0d986856d2cb4e87c937a37162f60383230d2323a40d4b2e77ef556c,"{""distance"":7,""physical_error_rate"":0.0002}","{""detection_events"":2686701,""detectors_checked"":2727782400,""obs_mistake_mask=E"":3}"
     94016,         1,         0,   120.5,exact_mw,a17a1dfb4cb0509fbcf9caf9ce6f4704b111f022b15740e51c84c2b7e14a6407,"{""distance"":7,""physical_error_rate"":0.001}","{""detection_events"":278814,""detectors_checked"":56597632,""obs_mistake_mask=E"":1}"
    585216,         2,         0,   120.2,exact_mw,8973b2281876bd917be29e6214e197de75d185bf3f5e531e264555f10574746e,"{""distance"":7,""physical_error_rate"":0.0005}","{""detection_events"":866736,""detectors_checked"":352300032,""obs_mistake_mask=E"":2}"
    108672,         1,         0,   120.6,exact_mw,a17a1dfb4cb0509fbcf9caf9ce6f4704b111f022b15740e51c84c2b7e14a6407,"{""distance"":7,""physical_error_rate"":0.001}","{""detection_events"":320125,""detectors_checked"":65420544,""obs_mistake_mask=E"":1}"
    539648,         1,         0,   119.8,exact_mw,8973b2281876bd917be29e6214e197de75d185bf3f5e531e264555f10574746e,"{""distance"":7,""physical_error_rate"":0.0005}","{""detection_events"":792463,""detectors_checked"":324868096,""obs_mistake_mask=E"":1}"
     20800,         1,         0,   120.4,exact_mw,f9daf7670c28e8b8b7ac9af8e1984263f26063cb589f7a54f43332f7ce5001d2,"{""distance"":7,""physical_error_rate"":0.002}","{""detection_events"":122048,""detectors_checked"":12521600,""obs_mistake_mask=E"":1}"
   3821568,         0,         0,   119.4,exact_mw,fb98ac5f0d986856d2cb4e87c937a37162f60383230d2323a40d4b2e77ef556c,"{""distance"":7,""physical_error_rate"":0.0002}","{""detection_events"":2263326,""detectors_checked"":2300583936}"
     25088,         4,         0,   120.4,exact_mw,f9daf7670c28e8b8b7ac9af8e1984263f26063cb589f7a54f43332f7ce5001d2,"{""distance"":7,""physical_error_rate"":0.002}","{""detection_events"":146458,""detectors_checked"":15102976,""obs_mistake_mask=E"":4}"
    126464,         3,         0,   120.2,exact_mw,a17a1dfb4cb0509fbcf9caf9ce6f4704b111f022b15740e51c84c2b7e14a6407,"{""distance"":7,""physical_error_rate"":0.001}","{""detection_events"":373496,""detectors_checked"":76131328,""obs_mistake_mask=E"":3}"
   4697088,         0,         0,   119.4,exact_mw,fb98ac5f0d986856d2cb4e87c937a37162f60383230d2323a40d4b2e77ef556c,"{""distance"":7,""physical_error_rate"":0.0002}","{""detection_events"":2788477,""detectors_checked"":2827646976}"
    582656,         1,         0,   120.0,exact_mw,8973b2281876bd917be29e6214e197de75d185bf3f5e531e264555f10574746e,"{""distance"":7,""physical_error_rate"":0.0005}","{""detection_events"":862914,""detectors_checked"":350758912,""obs_mistake_mask=E"":1}"
   3942400,         0,         0,   119.3,exact_mw,fb98ac5f0d986856d2cb4e87c937a37162f60383230d2323a40d4b2e77ef556c,"{""distance"":7,""physical_error_rate"":0.0002}","{""detection_events"":2342749,""detectors_checked"":2373324800}"
    595968,         0,         0,   120.1,exact_mw,8973b2281876bd917be29e6214e197de75d185bf3f5e531e264555f10574746e,"{""distance"":7,""physical_error_rate"":0.0005}","{""detection_events"":882294,""detectors_checked"":358772736}"
    645120,         4,         0,   120.1,exact_mw,8973b2281876bd917be29e6214e197de75d185bf3f5e531e264555f10574746e,"{""distance"":7,""physical_error_rate"":0.0005}","{""detection_events"":956900,""detectors_checked"":388362240,""obs_mistake_mask=E"":4}"
     23808,         3,         0,   120.3,exact_mw,f9daf7670c28e8b8b7ac9af8e1984263f26063cb589f7a54f43332f7ce5001d2,"{""distance"":7,""physical_error_rate"":0.002}","{""detection_events"":139890,""detectors_checked"":14332416,""obs_mistake_mask=E"":3}"
     99328,         2,         0,   120.2,exact_mw,a17a1dfb4cb0509fbcf9caf9ce6f4704b111f022b15740e51c84c2b7e14a6407,"{""distance"":7,""physical_error_rate"":0.001}","{""detection_events"":294153,""detectors_checked"":59795456,""obs_mistake_mask=E"":2}"
     17248,         2,         0,   120.4,exact_mw,f9daf7670c28e8b8b7ac9af8e1984263f26063cb589f7a54f43332f7ce5001d2,"{""distance"":7,""physical_error_rate"":0.002}","{""detection_events"":100729,""detectors_checked"":10383296,""obs_mistake_mask=E"":2}"
    123392,         4,         0,   120.7,exact_mw,a17a1dfb4cb0509fbcf9caf9ce6f4704b111f022b15740e51c84c2b7e14a6407,"{""distance"":7,""physical_error_rate"":0.001}","{""detection_events"":365789,""detectors_checked"":74281984,""obs_mistake_mask=E"":4}"
   2647040,         0,         0,   119.0,exact_mw,fb98ac5f0d986856d2cb4e87c937a37162f60383230d2323a40d4b2e77ef556c,"{""distance"":7,""physical_error_rate"":0.0002}","{""detection_events"":1565118,""detectors_checked"":1593518080}"
     25472,         4,         0,   120.3,exact_mw,f9daf7670c28e8b8b7ac9af8e1984263f26063cb589f7a54f43332f7ce5001d2,"{""distance"":7,""physical_error_rate"":0.002}","{""detection_events"":149082,""detectors_checked"":15334144,""obs_mistake_mask=E"":4}"
    110592,         2,         0,   120.2,exact_mw,a17a1dfb4cb0509fbcf9caf9ce6f4704b111f022b15740e51c84c2b7e14a6407,"{""distance"":7,""physical_error_rate"":0.001}","{""detection_events"":325872,""detectors_checked"":66576384,""obs_mistake_mask=E"":2}"
    512512,         3,         0,   120.0,exact_mw,8973b2281876bd917be29e6214e197de75d185bf3f5e531e264555f10574746e,"{""distance"":7,""physical_error_rate"":0.0005}","{""detection_events"":759445,""detectors_checked"":308532224,""obs_mistake_mask=E"":3}"
    113152,         3,         0,   120.2,exact_mw,a17a1dfb4cb0509fbcf9caf9ce6f4704b111f022b15740e51c84c2b7e14a6407,"{""distance"":7,""physical_error_rate"":0.001}","{""detection_events"":334631,""detectors_checked"":68117504,""obs_mistake_mask=E"":3}"
     23296,         1,         0,   120.0,exact_mw,f9daf7670c28e8b8b7ac9af8e1984263f26063cb589f7a54f43332f7ce5001d2,"{""distance"":7,""physical_error_rate"":0.002}","{""detection_events"":136129,""detectors_checked"":14024192,""obs_mistake_mask=E"":1}"
   4478976,         1,         0,   119.3,exact_mw,fb98ac5f0d986856d2cb4e87c937a37162f60383230d2323a40d4b2e77ef556c,"{""distance"":7,""physical_error_rate"":0.0002}","{""detection_events"":2656860,""detectors_checked"":2696343552,""obs_mistake_mask=E"":1}"
   4107264,         0,         0,   119.1,exact_mw,fb98ac5f0d986856d2cb4e87c937a37162f60383230d2323a40d4b2e77ef556c,"{""distance"":7,""physical_error_rate"":0.0002}","{""detection_events"":2431478,""detectors_checked"":2472572928}"
    713728,         1,         0,   119.9,exact_mw,8973b2281876bd917be29e6214e197de75d185bf3f5e531e264555f10574746e,"{""distance"":7,""physical_error_rate"":0.0005}","{""detection_events"":1053543,""detectors_checked"":429664256,""obs_mistake_mask=E"":1}"
     23936,         5,         0,   120.0,exact_mw,f9daf7670c28e8b8b7ac9af8e1984263f26063cb589f7a54f43332f7ce5001d2,"{""distance"":7,""physical_error_rate"":0.002}","{""detection_events"":140259,""detectors_checked"":14409472,""obs_mistake_mask=E"":5}"
    706560,         1,         0,   119.9,exact_mw,8973b2281876bd917be29e6214e197de75d185bf3f5e531e264555f10574746e,"{""distance"":7,""physical_error_rate"":0.0005}","{""detection_events"":1044002,""detectors_checked"":425349120,""obs_mistake_mask=E"":1}"
   4227072,         0,         0,   119.4,exact_mw,fb98ac5f0d986856d2cb4e87c937a37162f60383230d2323a40d4b2e77ef556c,"{""distance"":7,""physical_error_rate"":0.0002}","{""detection_events"":2508720,""detectors_checked"":2544697344}"
    129024,         0,         0,   120.1,exact_mw,a17a1dfb4cb0509fbcf9caf9ce6f4704b111f022b15740e51c84c2b7e14a6407,"{""distance"":7,""physical_error_rate"":0.001}","{""detection_events"":380117,""detectors_checked"":77672448}"
    140288,         3,         0,   120.5,exact_mw,a17a1dfb4cb0509fbcf9caf9ce6f4704b111f022b15740e51c84c2b7e14a6407,"{""distance"":7,""physical_error_rate"":0.001}","{""detection_events"":413610,""detectors_checked"":84453376,""obs_mistake_mask=E"":3}"
    692224,         1,         0,   119.9,exact_mw,8973b2281876bd917be29e6214e197de75d185bf3f5e531e264555f10574746e,"{""distance"":7,""physical_error_rate"":0.0005}","{""detection_events"":1023713,""detectors_checked"":416718848,""obs_mistake_mask=E"":1}"
    604160,         5,         0,   119.9,exact_mw,8973b2281876bd917be29e6214e197de75d185bf3f5e531e264555f10574746e,"{""distance"":7,""physical_error_rate"":0.0005}","{""detection_events"":896056,""detectors_checked"":363704320,""obs_mistake_mask=E"":5}"
   5201920,         0,         0,   119.4,exact_mw,fb98ac5f0d986856d2cb4e87c937a37162f60383230d2323a40d4b2e77ef556c,"{""distance"":7,""physical_error_rate"":0.0002}","{""detection_events"":3087630,""detectors_checked"":3131555840}"
   4781056,         1,         0,   119.3,exact_mw,fb98ac5f0d986856d2cb4e87c937a37162f60383230d2323a40d4b2e77ef556c,"{""distance"":7,""physical_error_rate"":0.0002}","{""detection_events"":2838423,""detectors_checked"":2878195712,""obs_mistake_mask=E"":1}"
     25152,         3,         0,   120.1,exact_mw,f9daf7670c28e8b8b7ac9af8e1984263f26063cb589f7a54f43332f7ce5001d2,"{""distance"":7,""physical_error_rate"":0.002}","{""detection_events"":147086,""detectors_checked"":15141504,""obs_mistake_mask=E"":3}"
     25088,         4,         0,   120.1,exact_mw,f9daf7670c28e8b8b7ac9af8e1984263f26063cb589f7a54f43332f7ce5001d2,"{""distance"":7,""physical_error_rate"":0.002}","{""detection_events"":146544,""detectors_checked"":15102976,""obs_mistake_mask=E"":4}"
    760832,         2,         0,   119.9,exact_mw,8973b2281876bd917be29e6214e197de75d185bf3f5e531e264555f10574746e,"{""distance"":7,""physical_error_rate"":0.0005}","{""detection_events"":1126675,""detectors_checked"":458020864,""obs_mistake_mask=E"":2}"
   3396608,         0,         0,   119.2,exact_mw,fb98ac5f0d986856d2cb4e87c937a37162f60383230d2323a40d4b2e77ef556c,"{""distance"":7,""physical_error_rate"":0.0002}","{""detection_events"":2009180,""detectors_checked"":2044758016}"
    110592,         4,         0,   121.2,exact_mw,a17a1dfb4cb0509fbcf9caf9ce6f4704b111f022b15740e51c84c2b7e14a6407,"{""distance"":7,""physical_error_rate"":0.001}","{""detection_events"":326629,""detectors_checked"":66576384,""obs_mistake_mask=E"":4}"
    751616,         1,         0,   119.9,exact_mw,8973b2281876bd917be29e6214e197de75d185bf3f5e531e264555f10574746e,"{""distance"":7,""physical_error_rate"":0.0005}","{""detection_events"":1112076,""detectors_checked"":452472832,""obs_mistake_mask=E"":1}"
     25728,         3,         0,   120.4,exact_mw,f9daf7670c28e8b8b7ac9af8e1984263f26063cb589f7a54f43332f7ce5001d2,"{""distance"":7,""physical_error_rate"":0.002}","{""detection_events"":152281,""detectors_checked"":15488256,""obs_mistake_mask=E"":3}"
    341504,         0,         0,   120.0,exact_mw,8973b2281876bd917be29e6214e197de75d185bf3f5e531e264555f10574746e,"{""distance"":7,""physical_error_rate"":0.0005}","{""detection_events"":504822,""detectors_checked"":205585408}"
   3526656,         3,         0,   119.3,exact_mw,fb98ac5f0d986856d2cb4e87c937a37162f60383230d2323a40d4b2e77ef556c,"{""distance"":7,""physical_error_rate"":0.0002}","{""detection_events"":2084823,""detectors_checked"":2123046912,""obs_mistake_mask=E"":3}"
     24960,         4,         0,   120.4,exact_mw,f9daf7670c28e8b8b7ac9af8e1984263f26063cb589f7a54f43332f7ce5001d2,"{""distance"":7,""physical_error_rate"":0.002}","{""detection_events"":146340,""detectors_checked"":15025920,""obs_mistake_mask=E"":4}"
    595968,         1,         0,   120.0,exact_mw,8973b2281876bd917be29e6214e197de75d185bf3f5e531e264555f10574746e,"{""distance"":7,""physical_error_rate"":0.0005}","{""detection_events"":881753,""detectors_checked"":358772736,""obs_mistake_mask=E"":1}"
   2185216,         0,         0,   118.9,exact_mw,fb98ac5f0d986856d2cb4e87c937a37162f60383230d2323a40d4b2e77ef556c,"{""distance"":7,""physical_error_rate"":0.0002}","{""detection_events"":1291042,""detectors_checked"":1315500032}"
     30080,         4,         0,   120.0,exact_mw,f9daf7670c28e8b8b7ac9af8e1984263f26063cb589f7a54f43332f7ce5001d2,"{""distance"":7,""physical_error_rate"":0.002}","{""detection_events"":175680,""detectors_checked"":18108160,""obs_mistake_mask=E"":4}"
     18336,         0,         0,   120.1,exact_mw,f9daf7670c28e8b8b7ac9af8e1984263f26063cb589f7a54f43332f7ce5001d2,"{""distance"":7,""physical_error_rate"":0.002}","{""detection_events"":107539,""detectors_checked"":11038272}"
     88320,         0,         0,   120.5,exact_mw,a17a1dfb4cb0509fbcf9caf9ce6f4704b111f022b15740e51c84c2b7e14a6407,"{""distance"":7,""physical_error_rate"":0.001}","{""detection_events"":260831,""detectors_checked"":53168640}"
    137728,         2,         0,   120.4,exact_mw,a17a1dfb4cb0509fbcf9caf9ce6f4704b111f022b15740e51c84c2b7e14a6407,"{""distance"":7,""physical_error_rate"":0.001}","{""detection_events"":406085,""detectors_checked"":82912256,""obs_mistake_mask=E"":2}"
    106624,         1,         0,   120.1,exact_mw,a17a1dfb4cb0509fbcf9caf9ce6f4704b111f022b15740e51c84c2b7e14a6407,"{""distance"":7,""physical_error_rate"":0.001}","{""detection_events"":316056,""detectors_checked"":64187648,""obs_mistake_mask=E"":1}"
    135680,         2,         0,   120.4,exact_mw,a17a1dfb4cb0509fbcf9caf9ce6f4704b111f022b15740e51c84c2b7e14a6407,"{""distance"":7,""physical_error_rate"":0.001}","{""detection_events"":403204,""detectors_checked"":81679360,""obs_mistake_mask=E"":2}"
     26624,         1,         0,   120.6,exact_mw,f9daf7670c28e8b8b7ac9af8e1984263f26063cb589f7a54f43332f7ce5001d2,"{""distance"":7,""physical_error_rate"":0.002}","{""detection_events"":156032,""detectors_checked"":16027648,""obs_mistake_mask=E"":1}"
   3095552,         0,         0,   119.3,exact_mw,fb98ac5f0d986856d2cb4e87c937a37162f60383230d2323a40d4b2e77ef556c,"{""distance"":7,""physical_error_rate"":0.0002}","{""detection_events"":1836362,""detectors_checked"":1863522304}"
    685056,         1,         0,   119.9,exact_mw,8973b2281876bd917be29e6214e197de75d185bf3f5e531e264555f10574746e,"{""distance"":7,""physical_error_rate"":0.0005}","{""detection_events"":1015228,""detectors_checked"":412403712,""obs_mistake_mask=E"":1}"
     81280,         3,         0,   120.6,exact_mw,a17a1dfb4cb0509fbcf9caf9ce6f4704b111f022b15740e51c84c2b7e14a6407,"{""distance"":7,""physical_error_rate"":0.001}","{""detection_events"":241270,""detectors_checked"":48930560,""obs_mistake_mask=E"":3}"
     28032,         1,         0,   120.5,exact_mw,f9daf7670c28e8b8b7ac9af8e1984263f26063cb589f7a54f43332f7ce5001d2,"{""distance"":7,""physical_error_rate"":0.002}","{""detection_events"":163101,""detectors_checked"":16875264,""obs_mistake_mask=E"":1}"
    103616,         1,         0,   120.2,exact_mw,a17a1dfb4cb0509fbcf9caf9ce6f4704b111f022b15740e51c84c2b7e14a6407,"{""distance"":7,""physical_error_rate"":0.001}","{""detection_events"":308095,""detectors_checked"":62376832,""obs_mistake_mask=E"":1}"
     17776,         5,         0,   120.0,exact_mw,f9daf7670c28e8b8b7ac9af8e1984263f26063cb589f7a54f43332f7ce5001d2,"{""distance"":7,""physical_error_rate"":0.002}","{""detection_events"":103792,""detectors_checked"":10701152,""obs_mistake_mask=E"":5}"
   2781184,         2,         0,   119.1,exact_mw,fb98ac5f0d986856d2cb4e87c937a37162f60383230d2323a40d4b2e77ef556c,"{""distance"":7,""physical_error_rate"":0.0002}","{""detection_events"":1645813,""detectors_checked"":1674272768,""obs_mistake_mask=E"":2}"
   4687872,         1,         0,   119.3,exact_mw,fb98ac5f0d986856d2cb4e87c937a37162f60383230d2323a40d4b2e77ef556c,"{""distance"":7,""physical_error_rate"":0.0002}","{""detection_events"":2780265,""detectors_checked"":2822098944,""obs_mistake_mask=E"":1}"
    484864,         0,         0,   120.1,exact_mw,8973b2281876bd917be29e6214e197de75d185bf3f5e531e264555f10574746e,"{""distance"":7,""physical_error_rate"":0.0005}","{""detection_events"":717372,""detectors_checked"":291888128}"
   3012608,         0,         0,   119.4,exact_mw,fb98ac5f0d986856d2cb4e87c937a37162f60383230d2323a40d4b2e77ef556c,"{""distance"":7,""physical_error_rate"":0.0002}","{""detection_events"":1789067,""detectors_checked"":1813590016}"
    110592,         1,         0,   120.0,exact_mw,a17a1dfb4cb0509fbcf9caf9ce6f4704b111f022b15740e51c84c2b7e14a6407,"{""distance"":7,""physical_error_rate"":0.001}","{""detection_events"":326020,""detectors_checked"":66576384,""obs_mistake_mask=E"":1}"
    412672,         2,         0,   120.0,exact_mw,8973b2281876bd917be29e6214e197de75d185bf3f5e531e264555f10574746e,"{""distance"":7,""physical_error_rate"":0.0005}","{""detection_events"":609847,""detectors_checked"":248428544,""obs_mistake_mask=E"":2}"
    648192,         0,         0,   120.1,exact_mw,8973b2281876bd917be29e6214e197de75d185bf3f5e531e264555f10574746e,"{""distance"":7,""physical_error_rate"":0.0005}","{""detection_events"":959159,""detectors_checked"":390211584}"
    112640,         2,         0,   120.3,exact_mw,a17a1dfb4cb0509fbcf9caf9ce6f4704b111f022b15740e51c84c2b7e14a6407,"{""distance"":7,""physical_error_rate"":0.001}","{""detection_events"":330713,""detectors_checked"":67809280,""obs_mistake_mask=E"":2}"
     26368,         2,         0,   120.5,exact_mw,f9daf7670c28e8b8b7ac9af8e1984263f26063cb589f7a54f43332f7ce5001d2,"{""distance"":7,""physical_error_rate"":0.002}","{""detection_events"":154754,""detectors_checked"":15873536,""obs_mistake_mask=E"":2}"
   4569088,         1,         0,   119.3,exact_mw,fb98ac5f0d986856d2cb4e87c937a37162f60383230d2323a40d4b2e77ef556c,"{""distance"":7,""physical_error_rate"":0.0002}","{""detection_events"":2709150,""detectors_checked"":2750590976,""obs_mistake_mask=E"":1}"
     22592,         5,         0,   121.0,exact_mw,f9daf7670c28e8b8b7ac9af8e1984263f26063cb589f7a54f43332f7ce5001d2,"{""distance"":7,""physical_error_rate"":0.002}","{""detection_events"":132208,""detectors_checked"":13600384,""obs_mistake_mask=E"":5}"
    115712,         1,         0,   120.0,exact_mw,a17a1dfb4cb0509fbcf9caf9ce6f4704b111f022b15740e51c84c2b7e14a6407,"{""distance"":7,""physical_error_rate"":0.001}","{""detection_events"":341382,""detectors_checked"":69658624,""obs_mistake_mask=E"":1}"
   4672512,         2,         0,   119.2,exact_mw,fb98ac5f0d986856d2cb4e87c937a37162f60383230d2323a40d4b2e77ef556c,"{""distance"":7,""physical_error_rate"":0.0002}","{""detection_events"":2769956,""detectors_checked"":2812852224,""obs_mistake_mask=E"":2}"
   2541568,         0,         0,   119.1,exact_mw,fb98ac5f0d986856d2cb4e87c937a37162f60383230d2323a40d4b2e77ef556c,"{""distance"":7,""physical_error_rate"":0.0002}","{""detection_events"":1512027,""detectors_checked"":1530023936}"
    665600,         0,         0,   120.0,exact_mw,8973b2281876bd917be29e6214e197de75d185bf3f5e531e264555f10574746e,"{""distance"":7,""physical_error_rate"":0.0005}","{""detection_events"":985822,""detectors_checked"":400691200}"
    653312,         0,         0,   119.9,exact_mw,8973b2281876bd917be29e6214e197de75d185bf3f5e531e264555f10574746e,"{""distance"":7,""physical_error_rate"":0.0005}","{""detection_events"":964808,""detectors_checked"":393293824}"
    718848,         2,         0,   120.0,exact_mw,8973b2281876bd917be29e6214e197de75d185bf3f5e531e264555f10574746e,"{""distance"":7,""physical_error_rate"":0.0005}","{""detection_events"":1068104,""detectors_checked"":432746496,""obs_mistake_mask=E"":2}"
     25344,         2,         0,   120.1,exact_mw,f9daf7670c28e8b8b7ac9af8e1984263f26063cb589f7a54f43332f7ce5001d2,"{""distance"":7,""physical_error_rate"":0.002}","{""detection_events"":148697,""detectors_checked"":15257088,""obs_mistake_mask=E"":2}"
    125440,         5,         0,   120.4,exact_mw,a17a1dfb4cb0509fbcf9caf9ce6f4704b111f022b15740e51c84c2b7e14a6407,"{""distance"":7,""physical_error_rate"":0.001}","{""detection_events"":370689,""detectors_checked"":75514880,""obs_mistake_mask=E"":5}"
    443459,         0,         0,    14.4,exact_mw,fb98ac5f0d986856d2cb4e87c937a37162f60383230d2323a40d4b2e77ef556c,"{""distance"":7,""physical_error_rate"":0.0002}","{""detection_events"":262793,""detectors_checked"":266962318}"
     27392,         5,         0,   120.5,exact_mw,f9daf7670c28e8b8b7ac9af8e1984263f26063cb589f7a54f43332f7ce5001d2,"{""distance"":7,""physical_error_rate"":0.002}","{""detection_events"":159228,""detectors_checked"":16489984,""obs_mistake_mask=E"":5}"
   4383744,         4,         0,   119.3,exact_mw,fb98ac5f0d986856d2cb4e87c937a37162f60383230d2323a40d4b2e77ef556c,"{""distance"":7,""physical_error_rate"":0.0002}","{""detection_events"":2603488,""detectors_checked"":2639013888,""obs_mistake_mask=E"":4}"
    124928,         1,         0,   120.1,exact_mw,a17a1dfb4cb0509fbcf9caf9ce6f4704b111f022b15740e51c84c2b7e14a6407,"{""distance"":7,""physical_error_rate"":0.001}","{""detection_events"":368113,""detectors_checked"":75206656,""obs_mistake_mask=E"":1}"
     25600,         2,         0,   120.1,exact_mw,f9daf7670c28e8b8b7ac9af8e1984263f26063cb589f7a54f43332f7ce5001d2,"{""distance"":7,""physical_error_rate"":0.002}","{""detection_events"":150041,""detectors_checked"":15411200,""obs_mistake_mask=E"":2}"
     78784,         0,         0,   120.8,exact_mw,a17a1dfb4cb0509fbcf9caf9ce6f4704b111f022b15740e51c84c2b7e14a6407,"{""distance"":7,""physical_error_rate"":0.001}","{""detection_events"":234668,""detectors_checked"":47427968}"
    531456,         0,         0,   120.1,exact_mw,8973b2281876bd917be29e6214e197de75d185bf3f5e531e264555f10574746e,"{""distance"":7,""physical_error_rate"":0.0005}","{""detection_events"":785449,""detectors_checked"":319936512}"
    109312,         0,         0,   120.2,exact_mw,a17a1dfb4cb0509fbcf9caf9ce6f4704b111f022b15740e51c84c2b7e14a6407,"{""distance"":7,""physical_error_rate"":0.001}","{""detection_events"":322510,""detectors_checked"":65805824}"
     26880,         6,         0,   120.2,exact_mw,f9daf7670c28e8b8b7ac9af8e1984263f26063cb589f7a54f43332f7ce5001d2,"{""distance"":7,""physical_error_rate"":0.002}","{""detection_events"":157773,""detectors_checked"":16181760,""obs_mistake_mask=E"":6}"
   4249600,         0,         0,   119.3,exact_mw,fb98ac5f0d986856d2cb4e87c937a37162f60383230d2323a40d4b2e77ef556c,"{""distance"":7,""physical_error_rate"":0.0002}","{""detection_events"":2516980,""detectors_checked"":2558259200}"
   5047296,         3,         0,   119.3,exact_mw,fb98ac5f0d986856d2cb4e87c937a37162f60383230d2323a40d4b2e77ef556c,"{""distance"":7,""physical_error_rate"":0.0002}","{""detection_events"":2998914,""detectors_checked"":3038472192,""obs_mistake_mask=E"":3}"
    764928,         0,         0,   119.9,exact_mw,8973b2281876bd917be29e6214e197de75d185bf3f5e531e264555f10574746e,"{""distance"":7,""physical_error_rate"":0.0005}","{""detection_events"":1133143,""detectors_checked"":460486656}"
     28416,         8,         0,   120.4,exact_mw,f9daf7670c28e8b8b7ac9af8e1984263f26063cb589f7a54f43332f7ce5001d2,"{""distance"":7,""physical_error_rate"":0.002}","{""detection_events"":166815,""detectors_checked"":17106432,""obs_mistake_mask=E"":8}"
    717824,         3,         0,   120.0,exact_mw,8973b2281876bd917be29e6214e197de75d185bf3f5e531e264555f10574746e,"{""distance"":7,""physical_error_rate"":0.0005}","{""detection_events"":1058859,""detectors_checked"":432130048,""obs_mistake_mask=E"":3}"
   4647936,         0,         0,   119.3,exact_mw,fb98ac5f0d986856d2cb4e87c937a37162f60383230d2323a40d4b2e77ef556c,"{""distance"":7,""physical_error_rate"":0.0002}","{""detection_events"":2751748,""detectors_checked"":2798057472}"
    138240,         3,         0,   120.1,exact_mw,a17a1dfb4cb0509fbcf9caf9ce6f4704b111f022b15740e51c84c2b7e14a6407,"{""distance"":7,""physical_error_rate"":0.001}","{""detection_events"":411285,""detectors_checked"":83220480,""obs_mistake_mask=E"":3}"
    137216,         5,         0,   120.2,exact_mw,a17a1dfb4cb0509fbcf9caf9ce6f4704b111f022b15740e51c84c2b7e14a6407,"{""distance"":7,""physical_error_rate"":0.001}","{""detection_events"":407056,""detectors_checked"":82604032,""obs_mistake_mask=E"":5}"
    586752,         1,         0,   120.7,exact_mw,8973b2281876bd917be29e6214e197de75d185bf3f5e531e264555f10574746e,"{""distance"":7,""physical_error_rate"":0.0005}","{""detection_events"":867115,""detectors_checked"":353224704,""obs_mistake_mask=E"":1}"
    552960,         2,         0,   120.5,exact_mw,8973b2281876bd917be29e6214e197de75d185bf3f5e531e264555f10574746e,"{""distance"":7,""physical_error_rate"":0.0005}","{""detection_events"":816835,""detectors_checked"":332881920,""obs_mistake_mask=E"":2}"
   4752384,         1,         0,   119.3,exact_mw,fb98ac5f0d986856d2cb4e87c937a37162f60383230d2323a40d4b2e77ef556c,"{""distance"":7,""physical_error_rate"":0.0002}","{""detection_events"":2815014,""detectors_checked"":2860935168,""obs_mistake_mask=E"":1}"
   5182464,         2,         0,   119.3,exact_mw,fb98ac5f0d986856d2cb4e87c937a37162f60383230d2323a40d4b2e77ef556c,"{""distance"":7,""physical_error_rate"":0.0002}","{""detection_events"":3070515,""detectors_checked"":3119843328,""obs_mistake_mask=E"":2}"
    731136,         1,         0,   119.8,exact_mw,8973b2281876bd917be29e6214e197de75d185bf3f5e531e264555f10574746e,"{""distance"":7,""physical_error_rate"":0.0005}","{""detection_events"":1076804,""detectors_checked"":440143872,""obs_mistake_mask=E"":1}"
     25344,         1,         0,   120.7,exact_mw,f9daf7670c28e8b8b7ac9af8e1984263f26063cb589f7a54f43332f7ce5001d2,"{""distance"":7,""physical_error_rate"":0.002}","{""detection_events"":148501,""detectors_checked"":15257088,""obs_mistake_mask=E"":1}"
     27904,         2,         0,   120.2,exact_mw,f9daf7670c28e8b8b7ac9af8e1984263f26063cb589f7a54f43332f7ce5001d2,"{""distance"":7,""physical_error_rate"":0.002}","{""detection_events"":164429,""detectors_checked"":16798208,""obs_mistake_mask=E"":2}"
   5039104,         1,         0,   119.3,exact_mw,fb98ac5f0d986856d2cb4e87c937a37162f60383230d2323a40d4b2e77ef556c,"{""distance"":7,""physical_error_rate"":0.0002}","{""detection_events"":2986848,""detectors_checked"":3033540608,""obs_mistake_mask=E"":1}"
     68032,         1,         0,   120.2,exact_mw,a17a1dfb4cb0509fbcf9caf9ce6f4704b111f022b15740e51c84c2b7e14a6407,"{""distance"":7,""physical_error_rate"":0.001}","{""detection_events"":201511,""detectors_checked"":40955264,""obs_mistake_mask=E"":1}"
    796672,         1,         0,   120.0,exact_mw,8973b2281876bd917be29e6214e197de75d185bf3f5e531e264555f10574746e,"{""distance"":7,""physical_error_rate"":0.0005}","{""detection_events"":1177708,""detectors_checked"":479596544,""obs_mistake_mask=E"":1}"
     29056,         2,         0,   120.2,exact_mw,f9daf7670c28e8b8b7ac9af8e1984263f26063cb589f7a54f43332f7ce5001d2,"{""distance"":7,""physical_error_rate"":0.002}","{""detection_events"":170990,""detectors_checked"":17491712,""obs_mistake_mask=E"":2}"
    356352,         1,         0,   120.1,exact_mw,8973b2281876bd917be29e6214e197de75d185bf3f5e531e264555f10574746e,"{""distance"":7,""physical_error_rate"":0.0005}","{""detection_events"":526436,""detectors_checked"":214523904,""obs_mistake_mask=E"":1}"
   3487744,         1,         0,   119.2,exact_mw,fb98ac5f0d986856d2cb4e87c937a37162f60383230d2323a40d4b2e77ef556c,"{""distance"":7,""physical_error_rate"":0.0002}","{""detection_events"":2069439,""detectors_checked"":2099621888,""obs_mistake_mask=E"":1}"
     20832,         4,         0,   120.2,exact_mw,f9daf7670c28e8b8b7ac9af8e1984263f26063cb589f7a54f43332f7ce5001d2,"{""distance"":7,""physical_error_rate"":0.002}","{""detection_events"":122148,""detectors_checked"":12540864,""obs_mistake_mask=E"":4}"
    366080,         1,         0,   120.0,exact_mw,8973b2281876bd917be29e6214e197de75d185bf3f5e531e264555f10574746e,"{""distance"":7,""physical_error_rate"":0.0005}","{""detection_events"":539839,""detectors_checked"":220380160,""obs_mistake_mask=E"":1}"
   2531328,         3,         0,   119.3,exact_mw,fb98ac5f0d986856d2cb4e87c937a37162f60383230d2323a40d4b2e77ef556c,"{""distance"":7,""physical_error_rate"":0.0002}","{""detection_events"":1498806,""detectors_checked"":1523859456,""obs_mistake_mask=E"":3}"
     26624,         2,         0,   120.4,exact_mw,f9daf7670c28e8b8b7ac9af8e1984263f26063cb589f7a54f43332f7ce5001d2,"{""distance"":7,""physical_error_rate"":0.002}","{""detection_events"":153568,""detectors_checked"":16027648,""obs_mistake_mask=E"":2}"
     27776,         4,         0,   120.1,exact_mw,f9daf7670c28e8b8b7ac9af8e1984263f26063cb589f7a54f43332f7ce5001d2,"{""distance"":7,""physical_error_rate"":0.002}","{""detection_events"":162341,""detectors_checked"":16721152,""obs_mistake_mask=E"":4}"
     95552,         1,         0,   120.5,exact_mw,a17a1dfb4cb0509fbcf9caf9ce6f4704b111f022b15740e51c84c2b7e14a6407,"{""distance"":7,""physical_error_rate"":0.001}","{""detection_events"":281361,""detectors_checked"":57522304,""obs_mistake_mask=E"":1}"
    119808,         2,         0,   120.6,exact_mw,a17a1dfb4cb0509fbcf9caf9ce6f4704b111f022b15740e51c84c2b7e14a6407,"{""distance"":7,""physical_error_rate"":0.001}","{""detection_events"":355112,""detectors_checked"":72124416,""obs_mistake_mask=E"":2}"
    128000,         5,         0,   120.2,exact_mw,a17a1dfb4cb0509fbcf9caf9ce6f4704b111f022b15740e51c84c2b7e14a6407,"{""distance"":7,""physical_error_rate"":0.001}","{""detection_events"":378250,""detectors_checked"":77056000,""obs_mistake_mask=E"":5}"
    126464,         0,         0,   120.1,exact_mw,a17a1dfb4cb0509fbcf9caf9ce6f4704b111f022b15740e51c84c2b7e14a6407,"{""distance"":7,""physical_error_rate"":0.001}","{""detection_events"":372696,""detectors_checked"":76131328}"
   4159488,         0,         0,   119.3,exact_mw,fb98ac5f0d986856d2cb4e87c937a37162f60383230d2323a40d4b2e77ef556c,"{""distance"":7,""physical_error_rate"":0.0002}","{""detection_events"":2462948,""detectors_checked"":2504011776}"
     25728,         2,         0,   120.5,exact_mw,f9daf7670c28e8b8b7ac9af8e1984263f26063cb589f7a54f43332f7ce5001d2,"{""distance"":7,""physical_error_rate"":0.002}","{""detection_events"":151278,""detectors_checked"":15488256,""obs_mistake_mask=E"":2}"
    612352,         3,         0,   119.9,exact_mw,8973b2281876bd917be29e6214e197de75d185bf3f5e531e264555f10574746e,"{""distance"":7,""physical_error_rate"":0.0005}","{""detection_events"":908682,""detectors_checked"":368635904,""obs_mistake_mask=E"":3}"
     74432,         3,         0,   120.0,exact_mw,a17a1dfb4cb0509fbcf9caf9ce6f4704b111f022b15740e51c84c2b7e14a6407,"{""distance"":7,""physical_error_rate"":0.001}","{""detection_events"":217901,""detectors_checked"":44808064,""obs_mistake_mask=E"":3}"
   1856459,         0,         0,    45.1,exact_mw,fb98ac5f0d986856d2cb4e87c937a37162f60383230d2323a40d4b2e77ef556c,"{""distance"":7,""physical_error_rate"":0.0002}","{""detection_events"":1104575,""detectors_checked"":1117588318}"
   4340736,         1,         0,   104.5,exact_mw,fb98ac5f0d986856d2cb4e87c937a37162f60383230d2323a40d4b2e77ef556c,"{""distance"":7,""physical_error_rate"":0.0002}","{""detection_events"":2573238,""detectors_checked"":2613123072,""obs_mistake_mask=E"":1}"
    121344,         3,         0,   120.4,exact_mw,a17a1dfb4cb0509fbcf9caf9ce6f4704b111f022b15740e51c84c2b7e14a6407,"{""distance"":7,""physical_error_rate"":0.001}","{""detection_events"":358115,""detectors_checked"":73049088,""obs_mistake_mask=E"":3}"
     22112,         1,         0,   120.7,exact_mw,f9daf7670c28e8b8b7ac9af8e1984263f26063cb589f7a54f43332f7ce5001d2,"{""distance"":7,""physical_error_rate"":0.002}","{""detection_events"":128158,""detectors_checked"":13311424,""obs_mistake_mask=E"":1}"
     26880,         4,         0,   120.8,exact_mw,f9daf7670c28e8b8b7ac9af8e1984263f26063cb589f7a54f43332f7ce5001d2,"{""distance"":7,""physical_error_rate"":0.002}","{""detection_events"":156172,""detectors_checked"":16181760,""obs_mistake_mask=E"":4}"
   2472960,         1,         0,   119.3,exact_mw,fb98ac5f0d986856d2cb4e87c937a37162f60383230d2323a40d4b2e77ef556c,"{""distance"":7,""physical_error_rate"":0.0002}","{""detection_events"":1468453,""detectors_checked"":1488721920,""obs_mistake_mask=E"":1}"
    377856,         0,         0,   120.0,exact_mw,8973b2281876bd917be29e6214e197de75d185bf3f5e531e264555f10574746e,"{""distance"":7,""physical_error_rate"":0.0005}","{""detection_events"":556850,""detectors_checked"":227469312}"
   4049920,         1,         0,   119.2,exact_mw,fb98ac5f0d986856d2cb4e87c937a37162f60383230d2323a40d4b2e77ef556c,"{""distance"":7,""physical_error_rate"":0.0002}","{""detection_events"":2402899,""detectors_checked"":2438051840,""obs_mistake_mask=E"":1}"
     20239,         0,         0,   0.625,exact_mw,fb98ac5f0d986856d2cb4e87c937a37162f60383230d2323a40d4b2e77ef556c,"{""distance"":7,""physical_error_rate"":0.0002}","{""detection_events"":12011,""detectors_checked"":12183878}"
   3495936,         1,         0,    99.7,exact_mw,fb98ac5f0d986856d2cb4e87c937a37162f60383230d2323a40d4b2e77ef556c,"{""distance"":7,""physical_error_rate"":0.0002}","{""detection_events"":2073685,""detectors_checked"":2104553472,""obs_mistake_mask=E"":1}"
     93376,         2,         0,   120.1,exact_mw,a17a1dfb4cb0509fbcf9caf9ce6f4704b111f022b15740e51c84c2b7e14a6407,"{""distance"":7,""physical_error_rate"":0.001}","{""detection_events"":275840,""detectors_checked"":56212352,""obs_mistake_mask=E"":2}"
    120320,         4,         0,   120.0,exact_mw,a17a1dfb4cb0509fbcf9caf9ce6f4704b111f022b15740e51c84c2b7e14a6407,"{""distance"":7,""physical_error_rate"":0.001}","{""detection_events"":355568,""detectors_checked"":72432640,""obs_mistake_mask=E"":4}"
    611328,         1,         0,   120.4,exact_mw,8973b2281876bd917be29e6214e197de75d185bf3f5e531e264555f10574746e,"{""distance"":7,""physical_error_rate"":0.0005}","{""detection_events"":902860,""detectors_checked"":368019456,""obs_mistake_mask=E"":1}"
    645120,         3,         0,   120.6,exact_mw,8973b2281876bd917be29e6214e197de75d185bf3f5e531e264555f10574746e,"{""distance"":7,""physical_error_rate"":0.0005}","{""detection_events"":951592,""detectors_checked"":388362240,""obs_mistake_mask=E"":3}"
   3389918,         0,         0,    94.6,exact_mw,fb98ac5f0d986856d2cb4e87c937a37162f60383230d2323a40d4b2e77ef556c,"{""distance"":7,""physical_error_rate"":0.0002}","{""detection_events"":2013791,""detectors_checked"":2040730636}"
   2974720,         0,         0,    75.8,exact_mw,fb98ac5f0d986856d2cb4e87c937a37162f60383230d2323a40d4b2e77ef556c,"{""distance"":7,""physical_error_rate"":0.0002}","{""detection_events"":1759784,""detectors_checked"":1790781440}"
     22912,         7,         0,   120.3,exact_mw,f9daf7670c28e8b8b7ac9af8e1984263f26063cb589f7a54f43332f7ce5001d2,"{""distance"":7,""physical_error_rate"":0.002}","{""detection_events"":134561,""detectors_checked"":13793024,""obs_mistake_mask=E"":7}"
   3139584,         0,         0,    92.6,exact_mw,fb98ac5f0d986856d2cb4e87c937a37162f60383230d2323a40d4b2e77ef556c,"{""distance"":7,""physical_error_rate"":0.0002}","{""detection_events"":1861780,""detectors_checked"":1890029568}"
   2959552,         0,         0,   119.0,exact_mw,fb98ac5f0d986856d2cb4e87c937a37162f60383230d2323a40d4b2e77ef556c,"{""distance"":7,""physical_error_rate"":0.0002}","{""detection_events"":1754230,""detectors_checked"":1781650304}"
   2475008,         0,         0,    64.4,exact_mw,fb98ac5f0d986856d2cb4e87c937a37162f60383230d2323a40d4b2e77ef556c,"{""distance"":7,""physical_error_rate"":0.0002}","{""detection_events"":1464677,""detectors_checked"":1489954816}"
   2502656,         3,         0,    68.3,exact_mw,fb98ac5f0d986856d2cb4e87c937a37162f60383230d2323a40d4b2e77ef556c,"{""distance"":7,""physical_error_rate"":0.0002}","{""detection_events"":1479450,""detectors_checked"":1506598912,""obs_mistake_mask=E"":3}"
   2392436,         0,         0,    65.2,exact_mw,fb98ac5f0d986856d2cb4e87c937a37162f60383230d2323a40d4b2e77ef556c,"{""distance"":7,""physical_error_rate"":0.0002}","{""detection_events"":1421947,""detectors_checked"":1440246472}"
   2071552,         0,         0,    55.5,exact_mw,fb98ac5f0d986856d2cb4e87c937a37162f60383230d2323a40d4b2e77ef556c,"{""distance"":7,""physical_error_rate"":0.0002}","{""detection_events"":1227096,""detectors_checked"":1247074304}"
   2353152,         0,         0,    61.8,exact_mw,fb98ac5f0d986856d2cb4e87c937a37162f60383230d2323a40d4b2e77ef556c,"{""distance"":7,""physical_error_rate"":0.0002}","{""detection_events"":1391559,""detectors_checked"":1416597504}"
     18672,         2,         0,   120.6,exact_mw,f9daf7670c28e8b8b7ac9af8e1984263f26063cb589f7a54f43332f7ce5001d2,"{""distance"":7,""physical_error_rate"":0.002}","{""detection_events"":109266,""detectors_checked"":11240544,""obs_mistake_mask=E"":2}"
    123392,         2,         0,   120.6,exact_mw,a17a1dfb4cb0509fbcf9caf9ce6f4704b111f022b15740e51c84c2b7e14a6407,"{""distance"":7,""physical_error_rate"":0.001}","{""detection_events"":364554,""detectors_checked"":74281984,""obs_mistake_mask=E"":2}"
    781312,         3,         0,   119.9,exact_mw,8973b2281876bd917be29e6214e197de75d185bf3f5e531e264555f10574746e,"{""distance"":7,""physical_error_rate"":0.0005}","{""detection_events"":1155385,""detectors_checked"":470349824,""obs_mistake_mask=E"":3}"
   1931805,         0,         0,    55.5,exact_mw,fb98ac5f0d986856d2cb4e87c937a37162f60383230d2323a40d4b2e77ef556c,"{""distance"":7,""physical_error_rate"":0.0002}","{""detection_events"":1146815,""detectors_checked"":1162946610}"
   1692672,         0,         0,    40.7,exact_mw,fb98ac5f0d986856d2cb4e87c937a37162f60383230d2323a40d4b2e77ef556c,"{""distance"":7,""physical_error_rate"":0.0002}","{""detection_events"":1002259,""detectors_checked"":1018988544}"
   1608704,         0,         0,    40.7,exact_mw,fb98ac5f0d986856d2cb4e87c937a37162f60383230d2323a40d4b2e77ef556c,"{""distance"":7,""physical_error_rate"":0.0002}","{""detection_events"":952093,""detectors_checked"":968439808}"
    716800,         2,         0,   119.9,exact_mw,8973b2281876bd917be29e6214e197de75d185bf3f5e531e264555f10574746e,"{""distance"":7,""physical_error_rate"":0.0005}","{""detection_events"":1059656,""detectors_checked"":431513600,""obs_mistake_mask=E"":2}"
    573952,         0,         0,   120.3,exact_mw,8973b2281876bd917be29e6214e197de75d185bf3f5e531e264555f10574746e,"{""distance"":7,""physical_error_rate"":0.0005}","{""detection_events"":845639,""detectors_checked"":345519104}"
     25216,         2,         0,   120.1,exact_mw,f9daf7670c28e8b8b7ac9af8e1984263f26063cb589f7a54f43332f7ce5001d2,"{""distance"":7,""physical_error_rate"":0.002}","{""detection_events"":148131,""detectors_checked"":15180032,""obs_mistake_mask=E"":2}"
    100480,         2,         0,   120.2,exact_mw,a17a1dfb4cb0509fbcf9caf9ce6f4704b111f022b15740e51c84c2b7e14a6407,"{""distance"":7,""physical_error_rate"":0.001}","{""detection_events"":295517,""detectors_checked"":60488960,""obs_mistake_mask=E"":2}"
   1534523,         0,         0,    38.7,exact_mw,fb98ac5f0d986856d2cb4e87c937a37162f60383230d2323a40d4b2e77ef556c,"{""distance"":7,""physical_error_rate"":0.0002}","{""detection_events"":905234,""detectors_checked"":923782846}"
   1506304,         0,         0,    71.5,exact_mw,fb98ac5f0d986856d2cb4e87c937a37162f60383230d2323a40d4b2e77ef556c,"{""distance"":7,""physical_error_rate"":0.0002}","{""detection_events"":890917,""detectors_checked"":906795008}"
   1026124,         0,         0,    22.1,exact_mw,fb98ac5f0d986856d2cb4e87c937a37162f60383230d2323a40d4b2e77ef556c,"{""distance"":7,""physical_error_rate"":0.0002}","{""detection_events"":609980,""detectors_checked"":617726648}"
   1225728,         0,         0,    32.5,exact_mw,fb98ac5f0d986856d2cb4e87c937a37162f60383230d2323a40d4b2e77ef556c,"{""distance"":7,""physical_error_rate"":0.0002}","{""detection_events"":728100,""detectors_checked"":737888256}"
   1074002,         0,         0,    23.4,exact_mw,fb98ac5f0d986856d2cb4e87c937a37162f60383230d2323a40d4b2e77ef556c,"{""distance"":7,""physical_error_rate"":0.0002}","{""detection_events"":634790,""detectors_checked"":646549204}"
   1074002,         0,         0,    23.2,exact_mw,fb98ac5f0d986856d2cb4e87c937a37162f60383230d2323a40d4b2e77ef556c,"{""distance"":7,""physical_error_rate"":0.0002}","{""detection_events"":634994,""detectors_checked"":646549204}"
   1000448,         0,         0,    22.3,exact_mw,fb98ac5f0d986856d2cb4e87c937a37162f60383230d2323a40d4b2e77ef556c,"{""distance"":7,""physical_error_rate"":0.0002}","{""detection_events"":593252,""detectors_checked"":602269696}"
   1073152,         0,         0,    23.6,exact_mw,fb98ac5f0d986856d2cb4e87c937a37162f60383230d2323a40d4b2e77ef556c,"{""distance"":7,""physical_error_rate"":0.0002}","{""detection_events"":637926,""detectors_checked"":646037504}"
   1020928,         0,         0,    23.2,exact_mw,fb98ac5f0d986856d2cb4e87c937a37162f60383230d2323a40d4b2e77ef556c,"{""distance"":7,""physical_error_rate"":0.0002}","{""detection_events"":605471,""detectors_checked"":614598656}"
     26112,         8,         0,   120.1,exact_mw,f9daf7670c28e8b8b7ac9af8e1984263f26063cb589f7a54f43332f7ce5001d2,"{""distance"":7,""physical_error_rate"":0.002}","{""detection_events"":152645,""detectors_checked"":15719424,""obs_mistake_mask=E"":8}"
    930269,         0,         0,    24.4,exact_mw,fb98ac5f0d986856d2cb4e87c937a37162f60383230d2323a40d4b2e77ef556c,"{""distance"":7,""physical_error_rate"":0.0002}","{""detection_events"":552553,""detectors_checked"":560021938}"
    654336,         0,         0,    14.2,exact_mw,fb98ac5f0d986856d2cb4e87c937a37162f60383230d2323a40d4b2e77ef556c,"{""distance"":7,""physical_error_rate"":0.0002}","{""detection_events"":388449,""detectors_checked"":393910272}"
    657408,         0,         0,    14.2,exact_mw,fb98ac5f0d986856d2cb4e87c937a37162f60383230d2323a40d4b2e77ef556c,"{""distance"":7,""physical_error_rate"":0.0002}","{""detection_events"":389451,""detectors_checked"":395759616}"
    654336,         0,         0,    14.2,exact_mw,fb98ac5f0d986856d2cb4e87c937a37162f60383230d2323a40d4b2e77ef556c,"{""distance"":7,""physical_error_rate"":0.0002}","{""detection_events"":386488,""detectors_checked"":393910272}"
    138752,         3,         0,   120.1,exact_mw,a17a1dfb4cb0509fbcf9caf9ce6f4704b111f022b15740e51c84c2b7e14a6407,"{""distance"":7,""physical_error_rate"":0.001}","{""detection_events"":410218,""detectors_checked"":83528704,""obs_mistake_mask=E"":3}"
     27648,         3,         0,   120.1,exact_mw,f9daf7670c28e8b8b7ac9af8e1984263f26063cb589f7a54f43332f7ce5001d2,"{""distance"":7,""physical_error_rate"":0.002}","{""detection_events"":162554,""detectors_checked"":16644096,""obs_mistake_mask=E"":3}"
     99584,         2,         0,   120.3,exact_mw,a17a1dfb4cb0509fbcf9caf9ce6f4704b111f022b15740e51c84c2b7e14a6407,"{""distance"":7,""physical_error_rate"":0.001}","{""detection_events"":294543,""detectors_checked"":59949568,""obs_mistake_mask=E"":2}"
    404893,         0,         0,    6.11,exact_mw,fb98ac5f0d986856d2cb4e87c937a37162f60383230d2323a40d4b2e77ef556c,"{""distance"":7,""physical_error_rate"":0.0002}","{""detection_events"":239330,""detectors_checked"":243745586}"
    566272,         0,         0,    39.0,exact_mw,fb98ac5f0d986856d2cb4e87c937a37162f60383230d2323a40d4b2e77ef556c,"{""distance"":7,""physical_error_rate"":0.0002}","{""detection_events"":335683,""detectors_checked"":340895744}"
    463408,         0,         0,    29.8,exact_mw,fb98ac5f0d986856d2cb4e87c937a37162f60383230d2323a40d4b2e77ef556c,"{""distance"":7,""physical_error_rate"":0.0002}","{""detection_events"":272902,""detectors_checked"":278971616}"
    419840,         0,         0,    9.34,exact_mw,fb98ac5f0d986856d2cb4e87c937a37162f60383230d2323a40d4b2e77ef556c,"{""distance"":7,""physical_error_rate"":0.0002}","{""detection_events"":249609,""detectors_checked"":252743680}"
    369135,         0,         0,    8.86,exact_mw,fb98ac5f0d986856d2cb4e87c937a37162f60383230d2323a40d4b2e77ef556c,"{""distance"":7,""physical_error_rate"":0.0002}","{""detection_events"":218660,""detectors_checked"":222219270}"
    397312,         0,         0,    8.96,exact_mw,fb98ac5f0d986856d2cb4e87c937a37162f60383230d2323a40d4b2e77ef556c,"{""distance"":7,""physical_error_rate"":0.0002}","{""detection_events"":236317,""detectors_checked"":239181824}"
    389120,         0,         0,    8.68,exact_mw,fb98ac5f0d986856d2cb4e87c937a37162f60383230d2323a40d4b2e77ef556c,"{""distance"":7,""physical_error_rate"":0.0002}","{""detection_events"":232228,""detectors_checked"":234250240}"
    514048,         1,         0,   120.1,exact_mw,8973b2281876bd917be29e6214e197de75d185bf3f5e531e264555f10574746e,"{""distance"":7,""physical_error_rate"":0.0005}","{""detection_events"":764365,""detectors_checked"":309456896,""obs_mistake_mask=E"":1}"
    349742,         0,         0,    7.36,exact_mw,fb98ac5f0d986856d2cb4e87c937a37162f60383230d2323a40d4b2e77ef556c,"{""distance"":7,""physical_error_rate"":0.0002}","{""detection_events"":205682,""detectors_checked"":210544684}"
    279552,         0,         0,    32.9,exact_mw,fb98ac5f0d986856d2cb4e87c937a37162f60383230d2323a40d4b2e77ef556c,"{""distance"":7,""physical_error_rate"":0.0002}","{""detection_events"":165893,""detectors_checked"":168290304}"
    337920,         0,         0,    9.37,exact_mw,fb98ac5f0d986856d2cb4e87c937a37162f60383230d2323a40d4b2e77ef556c,"{""distance"":7,""physical_error_rate"":0.0002}","{""detection_events"":200074,""detectors_checked"":203427840}"
    294912,         0,         0,    7.40,exact_mw,fb98ac5f0d986856d2cb4e87c937a37162f60383230d2323a40d4b2e77ef556c,"{""distance"":7,""physical_error_rate"":0.0002}","{""detection_events"":175406,""detectors_checked"":177537024}"
    305152,         0,         0,    7.39,exact_mw,fb98ac5f0d986856d2cb4e87c937a37162f60383230d2323a40d4b2e77ef556c,"{""distance"":7,""physical_error_rate"":0.0002}","{""detection_events"":179826,""detectors_checked"":183701504}"
    302080,         0,         0,    9.45,exact_mw,fb98ac5f0d986856d2cb4e87c937a37162f60383230d2323a40d4b2e77ef556c,"{""distance"":7,""physical_error_rate"":0.0002}","{""detection_events"":179043,""detectors_checked"":181852160}"
    346112,         0,         0,    7.44,exact_mw,fb98ac5f0d986856d2cb4e87c937a37162f60383230d2323a40d4b2e77ef556c,"{""distance"":7,""physical_error_rate"":0.0002}","{""detection_events"":205629,""detectors_checked"":208359424}"
     44590,         0,         0,   0.958,exact_mw,fb98ac5f0d986856d2cb4e87c937a37162f60383230d2323a40d4b2e77ef556c,"{""distance"":7,""physical_error_rate"":0.0002}","{""detection_events"":26672,""detectors_checked"":26843180}"
    182272,         0,         0,    3.84,exact_mw,fb98ac5f0d986856d2cb4e87c937a37162f60383230d2323a40d4b2e77ef556c,"{""distance"":7,""physical_error_rate"":0.0002}","{""detection_events"":107682,""detectors_checked"":109727744}"
    176128,         0,         0,    4.36,exact_mw,fb98ac5f0d986856d2cb4e87c937a37162f60383230d2323a40d4b2e77ef556c,"{""distance"":7,""physical_error_rate"":0.0002}","{""detection_events"":103073,""detectors_checked"":106029056}"
    237568,         0,         0,    10.5,exact_mw,fb98ac5f0d986856d2cb4e87c937a37162f60383230d2323a40d4b2e77ef556c,"{""distance"":7,""physical_error_rate"":0.0002}","{""detection_events"":140753,""detectors_checked"":143015936}"
     47662,         0,         0,    1.05,exact_mw,fb98ac5f0d986856d2cb4e87c937a37162f60383230d2323a40d4b2e77ef556c,"{""distance"":7,""physical_error_rate"":0.0002}","{""detection_events"":27896,""detectors_checked"":28692524}"
     70190,         0,         0,    1.44,exact_mw,fb98ac5f0d986856d2cb4e87c937a37162f60383230d2323a40d4b2e77ef556c,"{""distance"":7,""physical_error_rate"":0.0002}","{""detection_events"":41480,""detectors_checked"":42254380}"
    116736,         0,         0,    4.45,exact_mw,fb98ac5f0d986856d2cb4e87c937a37162f60383230d2323a40d4b2e77ef556c,"{""distance"":7,""physical_error_rate"":0.0002}","{""detection_events"":68569,""detectors_checked"":70275072}"
    114723,         0,         0,    2.46,exact_mw,fb98ac5f0d986856d2cb4e87c937a37162f60383230d2323a40d4b2e77ef556c,"{""distance"":7,""physical_error_rate"":0.0002}","{""detection_events"":68123,""detectors_checked"":69063246}"
    108544,         0,         0,    2.43,exact_mw,fb98ac5f0d986856d2cb4e87c937a37162f60383230d2323a40d4b2e77ef556c,"{""distance"":7,""physical_error_rate"":0.0002}","{""detection_events"":64420,""detectors_checked"":65343488}"
    101376,         0,         0,    14.1,exact_mw,fb98ac5f0d986856d2cb4e87c937a37162f60383230d2323a40d4b2e77ef556c,"{""distance"":7,""physical_error_rate"":0.0002}","{""detection_events"":60318,""detectors_checked"":61028352}"
    103424,         0,         0,    2.50,exact_mw,fb98ac5f0d986856d2cb4e87c937a37162f60383230d2323a40d4b2e77ef556c,"{""distance"":7,""physical_error_rate"":0.0002}","{""detection_events"":61638,""detectors_checked"":62261248}"
    100257,         0,         0,    2.10,exact_mw,fb98ac5f0d986856d2cb4e87c937a37162f60383230d2323a40d4b2e77ef556c,"{""distance"":7,""physical_error_rate"":0.0002}","{""detection_events"":60041,""detectors_checked"":60354714}"
     93184,         0,         0,    2.11,exact_mw,fb98ac5f0d986856d2cb4e87c937a37162f60383230d2323a40d4b2e77ef556c,"{""distance"":7,""physical_error_rate"":0.0002}","{""detection_events"":55371,""detectors_checked"":56096768}"
     88064,         0,         0,    5.31,exact_mw,fb98ac5f0d986856d2cb4e87c937a37162f60383230d2323a40d4b2e77ef556c,"{""distance"":7,""physical_error_rate"":0.0002}","{""detection_events"":52770,""detectors_checked"":53014528}"
     87040,         0,         0,    2.11,exact_mw,fb98ac5f0d986856d2cb4e87c937a37162f60383230d2323a40d4b2e77ef556c,"{""distance"":7,""physical_error_rate"":0.0002}","{""detection_events"":51281,""detectors_checked"":52398080}"
     91136,         0,         0,    2.12,exact_mw,fb98ac5f0d986856d2cb4e87c937a37162f60383230d2323a40d4b2e77ef556c,"{""distance"":7,""physical_error_rate"":0.0002}","{""detection_events"":54684,""detectors_checked"":54863872}"
     38282,         0,         0,   0.451,exact_mw,fb98ac5f0d986856d2cb4e87c937a37162f60383230d2323a40d4b2e77ef556c,"{""distance"":7,""physical_error_rate"":0.0002}","{""detection_events"":22335,""detectors_checked"":23045764}"
     67584,         0,         0,    1.38,exact_mw,fb98ac5f0d986856d2cb4e87c937a37162f60383230d2323a40d4b2e77ef556c,"{""distance"":7,""physical_error_rate"":0.0002}","{""detection_events"":40072,""detectors_checked"":40685568}"
     68608,         0,         0,    1.46,exact_mw,fb98ac5f0d986856d2cb4e87c937a37162f60383230d2323a40d4b2e77ef556c,"{""distance"":7,""physical_error_rate"":0.0002}","{""detection_events"":41279,""detectors_checked"":41302016}"
     63488,         0,         0,    1.40,exact_mw,fb98ac5f0d986856d2cb4e87c937a37162f60383230d2323a40d4b2e77ef556c,"{""distance"":7,""physical_error_rate"":0.0002}","{""detection_events"":37421,""detectors_checked"":38219776}"
     69632,         0,         0,    1.43,exact_mw,fb98ac5f0d986856d2cb4e87c937a37162f60383230d2323a40d4b2e77ef556c,"{""distance"":7,""physical_error_rate"":0.0002}","{""detection_events"":41122,""detectors_checked"":41918464}"
     31279,         0,         0,   0.569,exact_mw,fb98ac5f0d986856d2cb4e87c937a37162f60383230d2323a40d4b2e77ef556c,"{""distance"":7,""physical_error_rate"":0.0002}","{""detection_events"":18498,""detectors_checked"":18829958}"
     36864,         0,         0,   0.953,exact_mw,fb98ac5f0d986856d2cb4e87c937a37162f60383230d2323a40d4b2e77ef556c,"{""distance"":7,""physical_error_rate"":0.0002}","{""detection_events"":21186,""detectors_checked"":22192128}"
     49152,         0,         0,    1.16,exact_mw,fb98ac5f0d986856d2cb4e87c937a37162f60383230d2323a40d4b2e77ef556c,"{""distance"":7,""physical_error_rate"":0.0002}","{""detection_events"":29104,""detectors_checked"":29589504}"
     30763,         0,         0,   0.607,exact_mw,fb98ac5f0d986856d2cb4e87c937a37162f60383230d2323a40d4b2e77ef556c,"{""distance"":7,""physical_error_rate"":0.0002}","{""detection_events"":18702,""detectors_checked"":18519326}"
       398,         0,         0,   0.003,exact_mw,fb98ac5f0d986856d2cb4e87c937a37162f60383230d2323a40d4b2e77ef556c,"{""distance"":7,""physical_error_rate"":0.0002}","{""detection_events"":235,""detectors_checked"":239596}"
     23552,         0,         0,   0.492,exact_mw,fb98ac5f0d986856d2cb4e87c937a37162f60383230d2323a40d4b2e77ef556c,"{""distance"":7,""physical_error_rate"":0.0002}","{""detection_events"":13604,""detectors_checked"":14178304}"
     24576,         0,         0,   0.499,exact_mw,fb98ac5f0d986856d2cb4e87c937a37162f60383230d2323a40d4b2e77ef556c,"{""distance"":7,""physical_error_rate"":0.0002}","{""detection_events"":14405,""detectors_checked"":14794752}"
     23552,         1,         0,   0.515,exact_mw,fb98ac5f0d986856d2cb4e87c937a37162f60383230d2323a40d4b2e77ef556c,"{""distance"":7,""physical_error_rate"":0.0002}","{""detection_events"":14114,""detectors_checked"":14178304,""obs_mistake_mask=E"":1}"
     20480,         0,         0,   0.516,exact_mw,fb98ac5f0d986856d2cb4e87c937a37162f60383230d2323a40d4b2e77ef556c,"{""distance"":7,""physical_error_rate"":0.0002}","{""detection_events"":11982,""detectors_checked"":12328960}"
     23464,         0,         0,   0.532,exact_mw,fb98ac5f0d986856d2cb4e87c937a37162f60383230d2323a40d4b2e77ef556c,"{""distance"":7,""physical_error_rate"":0.0002}","{""detection_events"":14075,""detectors_checked"":14125328}"
     17408,         0,         0,   0.267,exact_mw,fb98ac5f0d986856d2cb4e87c937a37162f60383230d2323a40d4b2e77ef556c,"{""distance"":7,""physical_error_rate"":0.0002}","{""detection_events"":10023,""detectors_checked"":10479616}"
      7299,         0,         0,   0.083,exact_mw,fb98ac5f0d986856d2cb4e87c937a37162f60383230d2323a40d4b2e77ef556c,"{""distance"":7,""physical_error_rate"":0.0002}","{""detection_events"":4551,""detectors_checked"":4393998}"
     10919,         0,         0,   0.259,exact_mw,fb98ac5f0d986856d2cb4e87c937a37162f60383230d2323a40d4b2e77ef556c,"{""distance"":7,""physical_error_rate"":0.0002}","{""detection_events"":6347,""detectors_checked"":6573238}"
      7211,         0,         0,   0.116,exact_mw,fb98ac5f0d986856d2cb4e87c937a37162f60383230d2323a40d4b2e77ef556c,"{""distance"":7,""physical_error_rate"":0.0002}","{""detection_events"":4200,""detectors_checked"":4341022}"
     14336,         0,         0,   0.300,exact_mw,fb98ac5f0d986856d2cb4e87c937a37162f60383230d2323a40d4b2e77ef556c,"{""distance"":7,""physical_error_rate"":0.0002}","{""detection_events"":8712,""detectors_checked"":8630272}"
      1195,         0,         0,   0.025,exact_mw,fb98ac5f0d986856d2cb4e87c937a37162f60383230d2323a40d4b2e77ef556c,"{""distance"":7,""physical_error_rate"":0.0002}","{""detection_events"":762,""detectors_checked"":719390}"
      7211,         0,         0,   0.158,exact_mw,fb98ac5f0d986856d2cb4e87c937a37162f60383230d2323a40d4b2e77ef556c,"{""distance"":7,""physical_error_rate"":0.0002}","{""detection_events"":4111,""detectors_checked"":4341022}"
     12288,         0,         0,   0.350,exact_mw,fb98ac5f0d986856d2cb4e87c937a37162f60383230d2323a40d4b2e77ef556c,"{""distance"":7,""physical_error_rate"":0.0002}","{""detection_events"":7422,""detectors_checked"":7397376}"
     12114,         0,         0,   0.263,exact_mw,fb98ac5f0d986856d2cb4e87c937a37162f60383230d2323a40d4b2e77ef556c,"{""distance"":7,""physical_error_rate"":0.0002}","{""detection_events"":6938,""detectors_checked"":7292628}"
     12288,         0,         0,   0.212,exact_mw,fb98ac5f0d986856d2cb4e87c937a37162f60383230d2323a40d4b2e77ef556c,"{""distance"":7,""physical_error_rate"":0.0002}","{""detection_events"":7578,""detectors_checked"":7397376}"
     12114,         0,         0,   0.209,exact_mw,fb98ac5f0d986856d2cb4e87c937a37162f60383230d2323a40d4b2e77ef556c,"{""distance"":7,""physical_error_rate"":0.0002}","{""detection_events"":7410,""detectors_checked"":7292628}"
     16213,         0,         0,    1.77,exact_mw,fb98ac5f0d986856d2cb4e87c937a37162f60383230d2323a40d4b2e77ef556c,"{""distance"":7,""physical_error_rate"":0.0002}","{""detection_events"":9596,""detectors_checked"":9760226}"
      2104,         0,         0,   0.018,exact_mw,fb98ac5f0d986856d2cb4e87c937a37162f60383230d2323a40d4b2e77ef556c,"{""distance"":7,""physical_error_rate"":0.0002}","{""detection_events"":1257,""detectors_checked"":1266608}"
      9216,         0,         0,   0.139,exact_mw,fb98ac5f0d986856d2cb4e87c937a37162f60383230d2323a40d4b2e77ef556c,"{""distance"":7,""physical_error_rate"":0.0002}","{""detection_events"":5399,""detectors_checked"":5548032}"
      3925,         0,         0,   0.064,exact_mw,fb98ac5f0d986856d2cb4e87c937a37162f60383230d2323a40d4b2e77ef556c,"{""distance"":7,""physical_error_rate"":0.0002}","{""detection_events"":2278,""detectors_checked"":2362850}"
      9216,         0,         0,   0.231,exact_mw,fb98ac5f0d986856d2cb4e87c937a37162f60383230d2323a40d4b2e77ef556c,"{""distance"":7,""physical_error_rate"":0.0002}","{""detection_events"":5487,""detectors_checked"":5548032}"
     10589,         0,         0,   0.229,exact_mw,fb98ac5f0d986856d2cb4e87c937a37162f60383230d2323a40d4b2e77ef556c,"{""distance"":7,""physical_error_rate"":0.0002}","{""detection_events"":6188,""detectors_checked"":6374578}"
       682,         0,         0,   0.005,exact_mw,fb98ac5f0d986856d2cb4e87c937a37162f60383230d2323a40d4b2e77ef556c,"{""distance"":7,""physical_error_rate"":0.0002}","{""detection_events"":399,""detectors_checked"":410564}"
      2249,         0,         0,   0.030,exact_mw,fb98ac5f0d986856d2cb4e87c937a37162f60383230d2323a40d4b2e77ef556c,"{""distance"":7,""physical_error_rate"":0.0002}","{""detection_events"":1291,""detectors_checked"":1353898}"
      2947,         0,         0,   0.053,exact_mw,fb98ac5f0d986856d2cb4e87c937a37162f60383230d2323a40d4b2e77ef556c,"{""distance"":7,""physical_error_rate"":0.0002}","{""detection_events"":1743,""detectors_checked"":1774094}"
      7098,         0,         0,   0.156,exact_mw,fb98ac5f0d986856d2cb4e87c937a37162f60383230d2323a40d4b2e77ef556c,"{""distance"":7,""physical_error_rate"":0.0002}","{""detection_events"":4101,""detectors_checked"":4272996}"
      6522,         0,         0,   0.111,exact_mw,fb98ac5f0d986856d2cb4e87c937a37162f60383230d2323a40d4b2e77ef556c,"{""distance"":7,""physical_error_rate"":0.0002}","{""detection_events"":3823,""detectors_checked"":3926244}"
      7098,         0,         0,   0.148,exact_mw,fb98ac5f0d986856d2cb4e87c937a37162f60383230d2323a40d4b2e77ef556c,"{""distance"":7,""physical_error_rate"":0.0002}","{""detection_events"":4314,""detectors_checked"":4272996}"
      1373,         0,         0,   0.027,exact_mw,fb98ac5f0d986856d2cb4e87c937a37162f60383230d2323a40d4b2e77ef556c,"{""distance"":7,""physical_error_rate"":0.0002}","{""detection_events"":761,""detectors_checked"":826546}"
      5493,         0,         0,   0.103,exact_mw,fb98ac5f0d986856d2cb4e87c937a37162f60383230d2323a40d4b2e77ef556c,"{""distance"":7,""physical_error_rate"":0.0002}","{""detection_events"":3308,""detectors_checked"":3306786}"
      1351,         0,         0,   0.025,exact_mw,fb98ac5f0d986856d2cb4e87c937a37162f60383230d2323a40d4b2e77ef556c,"{""distance"":7,""physical_error_rate"":0.0002}","{""detection_events"":822,""detectors_checked"":813302}"
        43,         0,         0,   0.001,exact_mw,fb98ac5f0d986856d2cb4e87c937a37162f60383230d2323a40d4b2e77ef556c,"{""distance"":7,""physical_error_rate"":0.0002}","{""detection_events"":31,""detectors_checked"":25886}"
      7168,         0,         0,   0.158,exact_mw,fb98ac5f0d986856d2cb4e87c937a37162f60383230d2323a40d4b2e77ef556c,"{""distance"":7,""physical_error_rate"":0.0002}","{""detection_events"":4302,""detectors_checked"":4315136}"
      2147,         0,         0,   0.042,exact_mw,fb98ac5f0d986856d2cb4e87c937a37162f60383230d2323a40d4b2e77ef556c,"{""distance"":7,""physical_error_rate"":0.0002}","{""detection_events"":1319,""detectors_checked"":1292494}"
      1421,         0,         0,   0.015,exact_mw,fb98ac5f0d986856d2cb4e87c937a37162f60383230d2323a40d4b2e77ef556c,"{""distance"":7,""physical_error_rate"":0.0002}","{""detection_events"":818,""detectors_checked"":855442}"
       284,         0,         0,   0.005,exact_mw,fb98ac5f0d986856d2cb4e87c937a37162f60383230d2323a40d4b2e77ef556c,"{""distance"":7,""physical_error_rate"":0.0002}","{""detection_events"":181,""detectors_checked"":170968}"
       628,         0,         0,   0.004,exact_mw,fb98ac5f0d986856d2cb4e87c937a37162f60383230d2323a40d4b2e77ef556c,"{""distance"":7,""physical_error_rate"":0.0002}","{""detection_events"":434,""detectors_checked"":378056}"
      4198,         0,         0,   0.113,exact_mw,fb98ac5f0d986856d2cb4e87c937a37162f60383230d2323a40d4b2e77ef556c,"{""distance"":7,""physical_error_rate"":0.0002}","{""detection_events"":2491,""detectors_checked"":2527196}"
      4096,         0,         0,   0.046,exact_mw,fb98ac5f0d986856d2cb4e87c937a37162f60383230d2323a40d4b2e77ef556c,"{""distance"":7,""physical_error_rate"":0.0002}","{""detection_events"":2466,""detectors_checked"":2465792}"
       739,         0,         0,   0.005,exact_mw,fb98ac5f0d986856d2cb4e87c937a37162f60383230d2323a40d4b2e77ef556c,"{""distance"":7,""physical_error_rate"":0.0002}","{""detection_events"":437,""detectors_checked"":444878}"
       751,         0,         0,   0.008,exact_mw,fb98ac5f0d986856d2cb4e87c937a37162f60383230d2323a40d4b2e77ef556c,"{""distance"":7,""physical_error_rate"":0.0002}","{""detection_events"":383,""detectors_checked"":452102}"
      1966,         0,         0,   0.033,exact_mw,fb98ac5f0d986856d2cb4e87c937a37162f60383230d2323a40d4b2e77ef556c,"{""distance"":7,""physical_error_rate"":0.0002}","{""detection_events"":1079,""detectors_checked"":1183532}"
       289,         0,         0,   0.008,exact_mw,fb98ac5f0d986856d2cb4e87c937a37162f60383230d2323a40d4b2e77ef556c,"{""distance"":7,""physical_error_rate"":0.0002}","{""detection_events"":172,""detectors_checked"":173978}"
      3072,         0,         0,   0.073,exact_mw,fb98ac5f0d986856d2cb4e87c937a37162f60383230d2323a40d4b2e77ef556c,"{""distance"":7,""physical_error_rate"":0.0002}","{""detection_events"":1741,""detectors_checked"":1849344}"
       953,         0,         0,   0.006,exact_mw,fb98ac5f0d986856d2cb4e87c937a37162f60383230d2323a40d4b2e77ef556c,"{""distance"":7,""physical_error_rate"":0.0002}","{""detection_events"":504,""detectors_checked"":573706}"
      1605,         0,         0,   0.034,exact_mw,fb98ac5f0d986856d2cb4e87c937a37162f60383230d2323a40d4b2e77ef556c,"{""distance"":7,""physical_error_rate"":0.0002}","{""detection_events"":1001,""detectors_checked"":966210}"
      4096,         0,         0,   0.088,exact_mw,fb98ac5f0d986856d2cb4e87c937a37162f60383230d2323a40d4b2e77ef556c,"{""distance"":7,""physical_error_rate"":0.0002}","{""detection_events"":2437,""detectors_checked"":2465792}"
       964,         0,         0,   0.027,exact_mw,fb98ac5f0d986856d2cb4e87c937a37162f60383230d2323a40d4b2e77ef556c,"{""distance"":7,""physical_error_rate"":0.0002}","{""detection_events"":551,""detectors_checked"":580328}"
      8192,         0,         0,   0.897,exact_mw,fb98ac5f0d986856d2cb4e87c937a37162f60383230d2323a40d4b2e77ef556c,"{""distance"":7,""physical_error_rate"":0.0002}","{""detection_events"":4943,""detectors_checked"":4931584}"
       162,         0,         0,   0.001,exact_mw,fb98ac5f0d986856d2cb4e87c937a37162f60383230d2323a40d4b2e77ef556c,"{""distance"":7,""physical_error_rate"":0.0002}","{""detection_events"":91,""detectors_checked"":97524}"
        60,         0,         0,   0.001,exact_mw,fb98ac5f0d986856d2cb4e87c937a37162f60383230d2323a40d4b2e77ef556c,"{""distance"":7,""physical_error_rate"":0.0002}","{""detection_events"":49,""detectors_checked"":36120}"
         4,         0,         0,   0.001,exact_mw,fb98ac5f0d986856d2cb4e87c937a37162f60383230d2323a40d4b2e77ef556c,"{""distance"":7,""physical_error_rate"":0.0002}","{""detection_events"":6,""detectors_checked"":2408}"
      1021,         0,         0,   0.009,exact_mw,fb98ac5f0d986856d2cb4e87c937a37162f60383230d2323a40d4b2e77ef556c,"{""distance"":7,""physical_error_rate"":0.0002}","{""detection_events"":646,""detectors_checked"":614642}"
      1011,         0,         0,   0.009,exact_mw,fb98ac5f0d986856d2cb4e87c937a37162f60383230d2323a40d4b2e77ef556c,"{""distance"":7,""physical_error_rate"":0.0002}","{""detection_events"":589,""detectors_checked"":608622}"
        10,         0,         0,   0.001,exact_mw,fb98ac5f0d986856d2cb4e87c937a37162f60383230d2323a40d4b2e77ef556c,"{""distance"":7,""physical_error_rate"":0.0002}","{""detectors_checked"":6020}"
      1024,         0,         0,   0.009,exact_mw,fb98ac5f0d986856d2cb4e87c937a37162f60383230d2323a40d4b2e77ef556c,"{""distance"":7,""physical_error_rate"":0.0002}","{""detection_events"":662,""detectors_checked"":616448}"
        10,         0,         0,   0.001,exact_mw,fb98ac5f0d986856d2cb4e87c937a37162f60383230d2323a40d4b2e77ef556c,"{""distance"":7,""physical_error_rate"":0.0002}","{""detection_events"":6,""detectors_checked"":6020}"
        10,         0,         0,   0.001,exact_mw,fb98ac5f0d986856d2cb4e87c937a37162f60383230d2323a40d4b2e77ef556c,"{""distance"":7,""physical_error_rate"":0.0002}","{""detection_events"":4,""detectors_checked"":6020}"
        48,         0,         0,   0.001,exact_mw,fb98ac5f0d986856d2cb4e87c937a37162f60383230d2323a40d4b2e77ef556c,"{""distance"":7,""physical_error_rate"":0.0002}","{""detection_events"":40,""detectors_checked"":28896}"
        10,         0,         0,   0.001,exact_mw,fb98ac5f0d986856d2cb4e87c937a37162f60383230d2323a40d4b2e77ef556c,"{""distance"":7,""physical_error_rate"":0.0002}","{""detection_events"":7,""detectors_checked"":6020}"
       351,         0,         0,   0.008,exact_mw,fb98ac5f0d986856d2cb4e87c937a37162f60383230d2323a40d4b2e77ef556c,"{""distance"":7,""physical_error_rate"":0.0002}","{""detection_events"":158,""detectors_checked"":211302}"
      1011,         0,         0,   0.012,exact_mw,fb98ac5f0d986856d2cb4e87c937a37162f60383230d2323a40d4b2e77ef556c,"{""distance"":7,""physical_error_rate"":0.0002}","{""detection_events"":555,""detectors_checked"":608622}"
      1007,         0,         0,   0.014,exact_mw,fb98ac5f0d986856d2cb4e87c937a37162f60383230d2323a40d4b2e77ef556c,"{""distance"":7,""physical_error_rate"":0.0002}","{""detection_events"":514,""detectors_checked"":606214}"
      1011,         0,         0,   0.017,exact_mw,fb98ac5f0d986856d2cb4e87c937a37162f60383230d2323a40d4b2e77ef556c,"{""distance"":7,""physical_error_rate"":0.0002}","{""detection_events"":601,""detectors_checked"":608622}"
        10,         0,         0,   0.001,exact_mw,fb98ac5f0d986856d2cb4e87c937a37162f60383230d2323a40d4b2e77ef556c,"{""distance"":7,""physical_error_rate"":0.0002}","{""detection_events"":3,""detectors_checked"":6020}"
       509,         0,         0,   0.003,exact_mw,fb98ac5f0d986856d2cb4e87c937a37162f60383230d2323a40d4b2e77ef556c,"{""distance"":7,""physical_error_rate"":0.0002}","{""detection_events"":317,""detectors_checked"":306418}"
      1011,         0,         0,   0.031,exact_mw,fb98ac5f0d986856d2cb4e87c937a37162f60383230d2323a40d4b2e77ef556c,"{""distance"":7,""physical_error_rate"":0.0002}","{""detection_events"":709,""detectors_checked"":608622}"
      4096,         0,         0,   0.332,exact_mw,fb98ac5f0d986856d2cb4e87c937a37162f60383230d2323a40d4b2e77ef556c,"{""distance"":7,""physical_error_rate"":0.0002}","{""detection_events"":2435,""detectors_checked"":2465792}"
       248,         0,         0,   0.002,exact_mw,fb98ac5f0d986856d2cb4e87c937a37162f60383230d2323a40d4b2e77ef556c,"{""distance"":7,""physical_error_rate"":0.0002}","{""detection_events"":173,""detectors_checked"":149296}"
       248,         0,         0,   0.002,exact_mw,fb98ac5f0d986856d2cb4e87c937a37162f60383230d2323a40d4b2e77ef556c,"{""distance"":7,""physical_error_rate"":0.0002}","{""detection_events"":154,""detectors_checked"":149296}"
       248,         0,         0,   0.002,exact_mw,fb98ac5f0d986856d2cb4e87c937a37162f60383230d2323a40d4b2e77ef556c,"{""distance"":7,""physical_error_rate"":0.0002}","{""detection_events"":156,""detectors_checked"":149296}"
       248,         0,         0,   0.002,exact_mw,fb98ac5f0d986856d2cb4e87c937a37162f60383230d2323a40d4b2e77ef556c,"{""distance"":7,""physical_error_rate"":0.0002}","{""detection_events"":139,""detectors_checked"":149296}"
       248,         0,         0,   0.002,exact_mw,fb98ac5f0d986856d2cb4e87c937a37162f60383230d2323a40d4b2e77ef556c,"{""distance"":7,""physical_error_rate"":0.0002}","{""detection_events"":147,""detectors_checked"":149296}"
       232,         0,         0,   0.002,exact_mw,fb98ac5f0d986856d2cb4e87c937a37162f60383230d2323a40d4b2e77ef556c,"{""distance"":7,""physical_error_rate"":0.0002}","{""detection_events"":96,""detectors_checked"":139664}"
       248,         0,         0,   0.002,exact_mw,fb98ac5f0d986856d2cb4e87c937a37162f60383230d2323a40d4b2e77ef556c,"{""distance"":7,""physical_error_rate"":0.0002}","{""detection_events"":143,""detectors_checked"":149296}"
       235,         0,         0,   0.002,exact_mw,fb98ac5f0d986856d2cb4e87c937a37162f60383230d2323a40d4b2e77ef556c,"{""distance"":7,""physical_error_rate"":0.0002}","{""detection_events"":123,""detectors_checked"":141470}"
       248,         0,         0,   0.002,exact_mw,fb98ac5f0d986856d2cb4e87c937a37162f60383230d2323a40d4b2e77ef556c,"{""distance"":7,""physical_error_rate"":0.0002}","{""detection_events"":101,""detectors_checked"":149296}"
       232,         0,         0,   0.002,exact_mw,fb98ac5f0d986856d2cb4e87c937a37162f60383230d2323a40d4b2e77ef556c,"{""distance"":7,""physical_error_rate"":0.0002}","{""detection_events"":127,""detectors_checked"":139664}"
       248,         0,         0,   0.005,exact_mw,fb98ac5f0d986856d2cb4e87c937a37162f60383230d2323a40d4b2e77ef556c,"{""distance"":7,""physical_error_rate"":0.0002}","{""detection_events"":154,""detectors_checked"":149296}"
       232,         0,         0,   0.002,exact_mw,fb98ac5f0d986856d2cb4e87c937a37162f60383230d2323a40d4b2e77ef556c,"{""distance"":7,""physical_error_rate"":0.0002}","{""detection_events"":135,""detectors_checked"":139664}"
       232,         0,         0,   0.002,exact_mw,fb98ac5f0d986856d2cb4e87c937a37162f60383230d2323a40d4b2e77ef556c,"{""distance"":7,""physical_error_rate"":0.0002}","{""detection_events"":161,""detectors_checked"":139664}"
       232,         0,         0,   0.002,exact_mw,fb98ac5f0d986856d2cb4e87c937a37162f60383230d2323a40d4b2e77ef556c,"{""distance"":7,""physical_error_rate"":0.0002}","{""detection_events"":132,""detectors_checked"":139664}"
        16,         0,         0,   0.001,exact_mw,fb98ac5f0d986856d2cb4e87c937a37162f60383230d2323a40d4b2e77ef556c,"{""distance"":7,""physical_error_rate"":0.0002}","{""detection_events"":9,""detectors_checked"":9632}"
       248,         0,         0,   0.012,exact_mw,fb98ac5f0d986856d2cb4e87c937a37162f60383230d2323a40d4b2e77ef556c,"{""distance"":7,""physical_error_rate"":0.0002}","{""detection_events"":181,""detectors_checked"":149296}"
        16,         0,         0,   0.001,exact_mw,fb98ac5f0d986856d2cb4e87c937a37162f60383230d2323a40d4b2e77ef556c,"{""distance"":7,""physical_error_rate"":0.0002}","{""detection_events"":15,""detectors_checked"":9632}"
        16,         0,         0,   0.001,exact_mw,fb98ac5f0d986856d2cb4e87c937a37162f60383230d2323a40d4b2e77ef556c,"{""distance"":7,""physical_error_rate"":0.0002}","{""detection_events"":13,""detectors_checked"":9632}"
        16,         0,         0,   0.001,exact_mw,fb98ac5f0d986856d2cb4e87c937a37162f60383230d2323a40d4b2e77ef556c,"{""distance"":7,""physical_error_rate"":0.0002}","{""detection_events"":8,""detectors_checked"":9632}"
        16,         0,         0,   0.001,exact_mw,fb98ac5f0d986856d2cb4e87c937a37162f60383230d2323a40d4b2e77ef556c,"{""distance"":7,""physical_error_rate"":0.0002}","{""detection_events"":4,""detectors_checked"":9632}"
       232,         0,         0,   0.002,exact_mw,fb98ac5f0d986856d2cb4e87c937a37162f60383230d2323a40d4b2e77ef556c,"{""distance"":7,""physical_error_rate"":0.0002}","{""detection_events"":149,""detectors_checked"":139664}"
         1,         0,         0,   0.001,exact_mw,fb98ac5f0d986856d2cb4e87c937a37162f60383230d2323a40d4b2e77ef556c,"{""distance"":7,""physical_error_rate"":0.0002}","{""detectors_checked"":602}"
         1,         0,         0,   0.001,exact_mw,fb98ac5f0d986856d2cb4e87c937a37162f60383230d2323a40d4b2e77ef556c,"{""distance"":7,""physical_error_rate"":0.0002}","{""detectors_checked"":602}"
         1,         0,         0,   0.000,exact_mw,fb98ac5f0d986856d2cb4e87c937a37162f60383230d2323a40d4b2e77ef556c,"{""distance"":7,""physical_error_rate"":0.0002}","{""detection_events"":2,""detectors_checked"":602}"
         1,         0,         0,   0.001,exact_mw,fb98ac5f0d986856d2cb4e87c937a37162f60383230d2323a40d4b2e77ef556c,"{""distance"":7,""physical_error_rate"":0.0002}","{""detectors_checked"":602}"
         1,         0,         0,   0.001,exact_mw,fb98ac5f0d986856d2cb4e87c937a37162f60383230d2323a40d4b2e77ef556c,"{""distance"":7,""physical_error_rate"":0.0002}","{""detectors_checked"":602}"
         1,         0,         0,   0.001,exact_mw,fb98ac5f0d986856d2cb4e87c937a37162f60383230d2323a40d4b2e77ef556c,"{""distance"":7,""physical_error_rate"":0.0002}","{""detection_events"":4,""detectors_checked"":602}"
         1,         0,         0,   0.000,exact_mw,fb98ac5f0d986856d2cb4e87c937a37162f60383230d2323a40d4b2e77ef556c,"{""distance"":7,""physical_error_rate"":0.0002}","{""detectors_checked"":602}"
         1,         0,         0,   0.001,exact_mw,fb98ac5f0d986856d2cb4e87c937a37162f60383230d2323a40d4b2e77ef556c,"{""distance"":7,""physical_error_rate"":0.0002}","{""detectors_checked"":602}"
         1,         0,         0,   0.001,exact_mw,fb98ac5f0d986856d2cb4e87c937a37162f60383230d2323a40d4b2e77ef556c,"{""distance"":7,""physical_error_rate"":0.0002}","{""detectors_checked"":602}"
         1,         0,         0,   0.001,exact_mw,fb98ac5f0d986856d2cb4e87c937a37162f60383230d2323a40d4b2e77ef556c,"{""distance"":7,""physical_error_rate"":0.0002}","{""detectors_checked"":602}"
         1,         0,         0,   0.001,exact_mw,fb98ac5f0d986856d2cb4e87c937a37162f60383230d2323a40d4b2e77ef556c,"{""distance"":7,""physical_error_rate"":0.0002}","{""detectors_checked"":602}"
         1,         0,         0,   0.001,exact_mw,fb98ac5f0d986856d2cb4e87c937a37162f60383230d2323a40d4b2e77ef556c,"{""distance"":7,""physical_error_rate"":0.0002}","{""detection_events"":2,""detectors_checked"":602}"
         1,         0,         0,   0.001,exact_mw,fb98ac5f0d986856d2cb4e87c937a37162f60383230d2323a40d4b2e77ef556c,"{""distance"":7,""physical_error_rate"":0.0002}","{""detectors_checked"":602}"
         1,         0,         0,   0.001,exact_mw,fb98ac5f0d986856d2cb4e87c937a37162f60383230d2323a40d4b2e77ef556c,"{""distance"":7,""physical_error_rate"":0.0002}","{""detectors_checked"":602}"
         1,         0,         0,   0.001,exact_mw,fb98ac5f0d986856d2cb4e87c937a37162f60383230d2323a40d4b2e77ef556c,"{""distance"":7,""physical_error_rate"":0.0002}","{""detectors_checked"":602}"
         1,         0,         0,   0.001,exact_mw,fb98ac5f0d986856d2cb4e87c937a37162f60383230d2323a40d4b2e77ef556c,"{""distance"":7,""physical_error_rate"":0.0002}","{""detectors_checked"":602}"
     68096,         0,         0,   120.5,exact_mw,a17a1dfb4cb0509fbcf9caf9ce6f4704b111f022b15740e51c84c2b7e14a6407,"{""distance"":7,""physical_error_rate"":0.001}","{""detection_events"":201702,""detectors_checked"":40993792}"
     28288,         6,         0,   120.6,exact_mw,f9daf7670c28e8b8b7ac9af8e1984263f26063cb589f7a54f43332f7ce5001d2,"{""distance"":7,""physical_error_rate"":0.002}","{""detection_events"":166125,""detectors_checked"":17029376,""obs_mistake_mask=E"":6}"
    812032,         1,         0,   119.8,exact_mw,8973b2281876bd917be29e6214e197de75d185bf3f5e531e264555f10574746e,"{""distance"":7,""physical_error_rate"":0.0005}","{""detection_events"":1204656,""detectors_checked"":488843264,""obs_mistake_mask=E"":1}"
     29184,         3,         0,   120.8,exact_mw,f9daf7670c28e8b8b7ac9af8e1984263f26063cb589f7a54f43332f7ce5001d2,"{""distance"":7,""physical_error_rate"":0.002}","{""detection_events"":172240,""detectors_checked"":17568768,""obs_mistake_mask=E"":3}"
    768000,         2,         0,   120.1,exact_mw,8973b2281876bd917be29e6214e197de75d185bf3f5e531e264555f10574746e,"{""distance"":7,""physical_error_rate"":0.0005}","{""detection_events"":1136776,""detectors_checked"":462336000,""obs_mistake_mask=E"":2}"
    146432,         2,         0,   120.3,exact_mw,a17a1dfb4cb0509fbcf9caf9ce6f4704b111f022b15740e51c84c2b7e14a6407,"{""distance"":7,""physical_error_rate"":0.001}","{""detection_events"":431361,""detectors_checked"":88152064,""obs_mistake_mask=E"":2}"
    125440,         3,         0,   120.8,exact_mw,a17a1dfb4cb0509fbcf9caf9ce6f4704b111f022b15740e51c84c2b7e14a6407,"{""distance"":7,""physical_error_rate"":0.001}","{""detection_events"":370152,""detectors_checked"":75514880,""obs_mistake_mask=E"":3}"
    656896,         1,         0,   119.9,exact_mw,8973b2281876bd917be29e6214e197de75d185bf3f5e531e264555f10574746e,"{""distance"":7,""physical_error_rate"":0.0005}","{""detection_events"":970713,""detectors_checked"":395451392,""obs_mistake_mask=E"":1}"
    568576,         1,         0,   120.0,exact_mw,8973b2281876bd917be29e6214e197de75d185bf3f5e531e264555f10574746e,"{""distance"":7,""physical_error_rate"":0.0005}","{""detection_events"":840837,""detectors_checked"":342282752,""obs_mistake_mask=E"":1}"
         1,         0,         0,   0.004,exact_mw,f9daf7670c28e8b8b7ac9af8e1984263f26063cb589f7a54f43332f7ce5001d2,"{""distance"":7,""physical_error_rate"":0.002}","{""detection_events"":9,""detectors_checked"":602}"
        16,         0,         0,   0.086,exact_mw,f9daf7670c28e8b8b7ac9af8e1984263f26063cb589f7a54f43332f7ce5001d2,"{""distance"":7,""physical_error_rate"":0.002}","{""detection_events"":104,""detectors_checked"":9632}"
    735232,         0,         0,   120.0,exact_mw,8973b2281876bd917be29e6214e197de75d185bf3f5e531e264555f10574746e,"{""distance"":7,""physical_error_rate"":0.0005}","{""detection_events"":1091308,""detectors_checked"":442609664}"
     28672,         3,         0,   120.0,exact_mw,f9daf7670c28e8b8b7ac9af8e1984263f26063cb589f7a54f43332f7ce5001d2,"{""distance"":7,""physical_error_rate"":0.002}","{""detection_events"":167705,""detectors_checked"":17260544,""obs_mistake_mask=E"":3}"
         1,         0,         0,   0.046,exact_mw,f9daf7670c28e8b8b7ac9af8e1984263f26063cb589f7a54f43332f7ce5001d2,"{""distance"":7,""physical_error_rate"":0.002}","{""detection_events"":6,""detectors_checked"":602}"
         8,         0,         0,   0.067,exact_mw,f9daf7670c28e8b8b7ac9af8e1984263f26063cb589f7a54f43332f7ce5001d2,"{""distance"":7,""physical_error_rate"":0.002}","{""detection_events"":67,""detectors_checked"":4816}"
        64,         0,         0,   0.186,exact_mw,f9daf7670c28e8b8b7ac9af8e1984263f26063cb589f7a54f43332f7ce5001d2,"{""distance"":7,""physical_error_rate"":0.002}","{""detection_events"":361,""detectors_checked"":38528}"
     18560,         3,         0,   120.6,exact_mw,f9daf7670c28e8b8b7ac9af8e1984263f26063cb589f7a54f43332f7ce5001d2,"{""distance"":7,""physical_error_rate"":0.002}","{""detection_events"":109442,""detectors_checked"":11173120,""obs_mistake_mask=E"":3}"
        64,         0,         0,   0.574,exact_mw,f9daf7670c28e8b8b7ac9af8e1984263f26063cb589f7a54f43332f7ce5001d2,"{""distance"":7,""physical_error_rate"":0.002}","{""detection_events"":471,""detectors_checked"":38528}"
       128,         0,         0,   0.466,exact_mw,f9daf7670c28e8b8b7ac9af8e1984263f26063cb589f7a54f43332f7ce5001d2,"{""distance"":7,""physical_error_rate"":0.002}","{""detection_events"":641,""detectors_checked"":77056}"
        64,         0,         0,   0.457,exact_mw,f9daf7670c28e8b8b7ac9af8e1984263f26063cb589f7a54f43332f7ce5001d2,"{""distance"":7,""physical_error_rate"":0.002}","{""detection_events"":330,""detectors_checked"":38528}"
         1,         0,         0,   0.001,exact_mw,8973b2281876bd917be29e6214e197de75d185bf3f5e531e264555f10574746e,"{""distance"":7,""physical_error_rate"":0.0005}","{""detection_events"":3,""detectors_checked"":602}"
       272,         0,         0,   0.059,exact_mw,8973b2281876bd917be29e6214e197de75d185bf3f5e531e264555f10574746e,"{""distance"":7,""physical_error_rate"":0.0005}","{""detection_events"":512,""detectors_checked"":163744}"
      1024,         0,         0,   0.166,exact_mw,8973b2281876bd917be29e6214e197de75d185bf3f5e531e264555f10574746e,"{""distance"":7,""physical_error_rate"":0.0005}","{""detection_events"":1463,""detectors_checked"":616448}"
         1,         0,         0,   0.001,exact_mw,f9daf7670c28e8b8b7ac9af8e1984263f26063cb589f7a54f43332f7ce5001d2,"{""distance"":7,""physical_error_rate"":0.002}","{""detection_events"":4,""detectors_checked"":602}"
        64,         0,         0,   0.451,exact_mw,f9daf7670c28e8b8b7ac9af8e1984263f26063cb589f7a54f43332f7ce5001d2,"{""distance"":7,""physical_error_rate"":0.002}","{""detection_events"":391,""detectors_checked"":38528}"
       128,         0,         0,   0.660,exact_mw,f9daf7670c28e8b8b7ac9af8e1984263f26063cb589f7a54f43332f7ce5001d2,"{""distance"":7,""physical_error_rate"":0.002}","{""detection_events"":780,""detectors_checked"":77056}"
        16,         0,         0,   0.127,exact_mw,f9daf7670c28e8b8b7ac9af8e1984263f26063cb589f7a54f43332f7ce5001d2,"{""distance"":7,""physical_error_rate"":0.002}","{""detection_events"":121,""detectors_checked"":9632}"
      1024,         0,         0,   0.166,exact_mw,8973b2281876bd917be29e6214e197de75d185bf3f5e531e264555f10574746e,"{""distance"":7,""physical_error_rate"":0.0005}","{""detection_events"":1543,""detectors_checked"":616448}"
      1024,         0,         0,   0.236,exact_mw,8973b2281876bd917be29e6214e197de75d185bf3f5e531e264555f10574746e,"{""distance"":7,""physical_error_rate"":0.0005}","{""detection_events"":1579,""detectors_checked"":616448}"
        64,         0,         0,   0.329,exact_mw,f9daf7670c28e8b8b7ac9af8e1984263f26063cb589f7a54f43332f7ce5001d2,"{""distance"":7,""physical_error_rate"":0.002}","{""detection_events"":332,""detectors_checked"":38528}"
        64,         0,         0,   0.634,exact_mw,f9daf7670c28e8b8b7ac9af8e1984263f26063cb589f7a54f43332f7ce5001d2,"{""distance"":7,""physical_error_rate"":0.002}","{""detection_events"":366,""detectors_checked"":38528}"
       128,         0,         0,   0.653,exact_mw,f9daf7670c28e8b8b7ac9af8e1984263f26063cb589f7a54f43332f7ce5001d2,"{""distance"":7,""physical_error_rate"":0.002}","{""detection_events"":812,""detectors_checked"":77056}"
      1024,         0,         0,   0.294,exact_mw,8973b2281876bd917be29e6214e197de75d185bf3f5e531e264555f10574746e,"{""distance"":7,""physical_error_rate"":0.0005}","{""detection_events"":1544,""detectors_checked"":616448}"
      1024,         0,         0,   0.194,exact_mw,8973b2281876bd917be29e6214e197de75d185bf3f5e531e264555f10574746e,"{""distance"":7,""physical_error_rate"":0.0005}","{""detection_events"":1508,""detectors_checked"":616448}"
        64,         0,         0,   0.401,exact_mw,f9daf7670c28e8b8b7ac9af8e1984263f26063cb589f7a54f43332f7ce5001d2,"{""distance"":7,""physical_error_rate"":0.002}","{""detection_events"":407,""detectors_checked"":38528}"
     69824,         1,         0,   120.4,exact_mw,a17a1dfb4cb0509fbcf9caf9ce6f4704b111f022b15740e51c84c2b7e14a6407,"{""distance"":7,""physical_error_rate"":0.001}","{""detection_events"":205236,""detectors_checked"":42034048,""obs_mistake_mask=E"":1}"
      1024,         0,         0,   0.267,exact_mw,8973b2281876bd917be29e6214e197de75d185bf3f5e531e264555f10574746e,"{""distance"":7,""physical_error_rate"":0.0005}","{""detection_events"":1571,""detectors_checked"":616448}"
        64,         0,         0,   0.308,exact_mw,f9daf7670c28e8b8b7ac9af8e1984263f26063cb589f7a54f43332f7ce5001d2,"{""distance"":7,""physical_error_rate"":0.002}","{""detection_events"":338,""detectors_checked"":38528}"
        64,         0,         0,   0.568,exact_mw,f9daf7670c28e8b8b7ac9af8e1984263f26063cb589f7a54f43332f7ce5001d2,"{""distance"":7,""physical_error_rate"":0.002}","{""detection_events"":456,""detectors_checked"":38528}"
       128,         0,         0,   0.558,exact_mw,f9daf7670c28e8b8b7ac9af8e1984263f26063cb589f7a54f43332f7ce5001d2,"{""distance"":7,""physical_error_rate"":0.002}","{""detection_events"":753,""detectors_checked"":77056}"
      1024,         0,         0,   0.229,exact_mw,8973b2281876bd917be29e6214e197de75d185bf3f5e531e264555f10574746e,"{""distance"":7,""physical_error_rate"":0.0005}","{""detection_events"":1610,""detectors_checked"":616448}"
         1,         0,         0,   0.001,exact_mw,a17a1dfb4cb0509fbcf9caf9ce6f4704b111f022b15740e51c84c2b7e14a6407,"{""distance"":7,""physical_error_rate"":0.001}","{""detection_events"":2,""detectors_checked"":602}"
        64,         0,         0,   0.264,exact_mw,f9daf7670c28e8b8b7ac9af8e1984263f26063cb589f7a54f43332f7ce5001d2,"{""distance"":7,""physical_error_rate"":0.002}","{""detection_events"":333,""detectors_checked"":38528}"
        16,         0,         0,   0.036,exact_mw,a17a1dfb4cb0509fbcf9caf9ce6f4704b111f022b15740e51c84c2b7e14a6407,"{""distance"":7,""physical_error_rate"":0.001}","{""detection_events"":46,""detectors_checked"":9632}"
        64,         0,         0,   0.416,exact_mw,f9daf7670c28e8b8b7ac9af8e1984263f26063cb589f7a54f43332f7ce5001d2,"{""distance"":7,""physical_error_rate"":0.002}","{""detection_events"":365,""detectors_checked"":38528}"
        17,         0,         0,   0.167,exact_mw,f9daf7670c28e8b8b7ac9af8e1984263f26063cb589f7a54f43332f7ce5001d2,"{""distance"":7,""physical_error_rate"":0.002}","{""detection_events"":120,""detectors_checked"":10234}"
      1024,         0,         0,   0.321,exact_mw,8973b2281876bd917be29e6214e197de75d185bf3f5e531e264555f10574746e,"{""distance"":7,""physical_error_rate"":0.0005}","{""detection_events"":1485,""detectors_checked"":616448}"
    731136,         2,         0,   120.0,exact_mw,8973b2281876bd917be29e6214e197de75d185bf3f5e531e264555f10574746e,"{""distance"":7,""physical_error_rate"":0.0005}","{""detection_events"":1082006,""detectors_checked"":440143872,""obs_mistake_mask=E"":2}"
       256,         0,         0,   0.322,exact_mw,a17a1dfb4cb0509fbcf9caf9ce6f4704b111f022b15740e51c84c2b7e14a6407,"{""distance"":7,""physical_error_rate"":0.001}","{""detection_events"":789,""detectors_checked"":154112}"
         1,         0,         0,   0.001,exact_mw,8973b2281876bd917be29e6214e197de75d185bf3f5e531e264555f10574746e,"{""distance"":7,""physical_error_rate"":0.0005}","{""detectors_checked"":602}"
        64,         0,         0,   0.246,exact_mw,f9daf7670c28e8b8b7ac9af8e1984263f26063cb589f7a54f43332f7ce5001d2,"{""distance"":7,""physical_error_rate"":0.002}","{""detection_events"":356,""detectors_checked"":38528}"
        32,         0,         0,   0.193,exact_mw,f9daf7670c28e8b8b7ac9af8e1984263f26063cb589f7a54f43332f7ce5001d2,"{""distance"":7,""physical_error_rate"":0.002}","{""detection_events"":177,""detectors_checked"":19264}"
       128,         0,         0,   0.651,exact_mw,f9daf7670c28e8b8b7ac9af8e1984263f26063cb589f7a54f43332f7ce5001d2,"{""distance"":7,""physical_error_rate"":0.002}","{""detection_events"":696,""detectors_checked"":77056}"
       272,         0,         0,   0.072,exact_mw,8973b2281876bd917be29e6214e197de75d185bf3f5e531e264555f10574746e,"{""distance"":7,""physical_error_rate"":0.0005}","{""detection_events"":450,""detectors_checked"":163744}"
       273,         0,         0,   0.191,exact_mw,a17a1dfb4cb0509fbcf9caf9ce6f4704b111f022b15740e51c84c2b7e14a6407,"{""distance"":7,""physical_error_rate"":0.001}","{""detection_events"":784,""detectors_checked"":164346}"
      1024,         0,         0,   0.170,exact_mw,8973b2281876bd917be29e6214e197de75d185bf3f5e531e264555f10574746e,"{""distance"":7,""physical_error_rate"":0.0005}","{""detection_events"":1424,""detectors_checked"":616448}"
       256,         0,         0,   0.279,exact_mw,a17a1dfb4cb0509fbcf9caf9ce6f4704b111f022b15740e51c84c2b7e14a6407,"{""distance"":7,""physical_error_rate"":0.001}","{""detection_events"":746,""detectors_checked"":154112}"
      2048,         0,         0,   0.433,exact_mw,8973b2281876bd917be29e6214e197de75d185bf3f5e531e264555f10574746e,"{""distance"":7,""physical_error_rate"":0.0005}","{""detection_events"":3055,""detectors_checked"":1232896}"
       273,         0,         0,   0.033,exact_mw,8973b2281876bd917be29e6214e197de75d185bf3f5e531e264555f10574746e,"{""distance"":7,""physical_error_rate"":0.0005}","{""detection_events"":379,""detectors_checked"":164346}"
       512,         0,         0,   0.341,exact_mw,a17a1dfb4cb0509fbcf9caf9ce6f4704b111f022b15740e51c84c2b7e14a6407,"{""distance"":7,""physical_error_rate"":0.001}","{""detection_events"":1531,""detectors_checked"":308224}"
        64,         0,         0,   0.406,exact_mw,f9daf7670c28e8b8b7ac9af8e1984263f26063cb589f7a54f43332f7ce5001d2,"{""distance"":7,""physical_error_rate"":0.002}","{""detection_events"":362,""detectors_checked"":38528}"
       128,         0,         0,   0.459,exact_mw,f9daf7670c28e8b8b7ac9af8e1984263f26063cb589f7a54f43332f7ce5001d2,"{""distance"":7,""physical_error_rate"":0.002}","{""detection_events"":671,""detectors_checked"":77056}"
      1024,         0,         0,   0.282,exact_mw,8973b2281876bd917be29e6214e197de75d185bf3f5e531e264555f10574746e,"{""distance"":7,""physical_error_rate"":0.0005}","{""detection_events"":1642,""detectors_checked"":616448}"
      1024,         0,         0,   0.138,exact_mw,8973b2281876bd917be29e6214e197de75d185bf3f5e531e264555f10574746e,"{""distance"":7,""physical_error_rate"":0.0005}","{""detection_events"":1445,""detectors_checked"":616448}"
     26112,         3,         0,   120.4,exact_mw,f9daf7670c28e8b8b7ac9af8e1984263f26063cb589f7a54f43332f7ce5001d2,"{""distance"":7,""physical_error_rate"":0.002}","{""detection_events"":153151,""detectors_checked"":15719424,""obs_mistake_mask=E"":3}"
       128,         0,         0,   0.974,exact_mw,f9daf7670c28e8b8b7ac9af8e1984263f26063cb589f7a54f43332f7ce5001d2,"{""distance"":7,""physical_error_rate"":0.002}","{""detection_events"":785,""detectors_checked"":77056}"
         1,         0,         0,   0.021,exact_mw,f9daf7670c28e8b8b7ac9af8e1984263f26063cb589f7a54f43332f7ce5001d2,"{""distance"":7,""physical_error_rate"":0.002}","{""detection_events"":6,""detectors_checked"":602}"
        16,         0,         0,   0.086,exact_mw,f9daf7670c28e8b8b7ac9af8e1984263f26063cb589f7a54f43332f7ce5001d2,"{""distance"":7,""physical_error_rate"":0.002}","{""detection_events"":125,""detectors_checked"":9632}"
      1024,         0,         0,   0.182,exact_mw,8973b2281876bd917be29e6214e197de75d185bf3f5e531e264555f10574746e,"{""distance"":7,""physical_error_rate"":0.0005}","{""detection_events"":1439,""detectors_checked"":616448}"
      1024,         0,         0,   0.272,exact_mw,8973b2281876bd917be29e6214e197de75d185bf3f5e531e264555f10574746e,"{""distance"":7,""physical_error_rate"":0.0005}","{""detection_events"":1476,""detectors_checked"":616448}"
       128,         0,         0,   0.808,exact_mw,f9daf7670c28e8b8b7ac9af8e1984263f26063cb589f7a54f43332f7ce5001d2,"{""distance"":7,""physical_error_rate"":0.002}","{""detection_events"":772,""detectors_checked"":77056}"
      3072,         0,         0,   0.574,exact_mw,8973b2281876bd917be29e6214e197de75d185bf3f5e531e264555f10574746e,"{""distance"":7,""physical_error_rate"":0.0005}","{""detection_events"":4525,""detectors_checked"":1849344}"
       512,         0,         0,   0.676,exact_mw,a17a1dfb4cb0509fbcf9caf9ce6f4704b111f022b15740e51c84c2b7e14a6407,"{""distance"":7,""physical_error_rate"":0.001}","{""detection_events"":1435,""detectors_checked"":308224}"
        64,         0,         0,   0.466,exact_mw,f9daf7670c28e8b8b7ac9af8e1984263f26063cb589f7a54f43332f7ce5001d2,"{""distance"":7,""physical_error_rate"":0.002}","{""detection_events"":382,""detectors_checked"":38528}"
      1024,         0,         0,   0.270,exact_mw,8973b2281876bd917be29e6214e197de75d185bf3f5e531e264555f10574746e,"{""distance"":7,""physical_error_rate"":0.0005}","{""detection_events"":1476,""detectors_checked"":616448}"
       128,         0,         0,   0.541,exact_mw,f9daf7670c28e8b8b7ac9af8e1984263f26063cb589f7a54f43332f7ce5001d2,"{""distance"":7,""physical_error_rate"":0.002}","{""detection_events"":723,""detectors_checked"":77056}"
       512,         0,         0,   0.618,exact_mw,a17a1dfb4cb0509fbcf9caf9ce6f4704b111f022b15740e51c84c2b7e14a6407,"{""distance"":7,""physical_error_rate"":0.001}","{""detection_events"":1712,""detectors_checked"":308224}"
      1024,         0,         0,   0.282,exact_mw,8973b2281876bd917be29e6214e197de75d185bf3f5e531e264555f10574746e,"{""distance"":7,""physical_error_rate"":0.0005}","{""detection_events"":1547,""detectors_checked"":616448}"
        64,         0,         0,   0.396,exact_mw,f9daf7670c28e8b8b7ac9af8e1984263f26063cb589f7a54f43332f7ce5001d2,"{""distance"":7,""physical_error_rate"":0.002}","{""detection_events"":380,""detectors_checked"":38528}"
      1024,         0,         0,   0.109,exact_mw,8973b2281876bd917be29e6214e197de75d185bf3f5e531e264555f10574746e,"{""distance"":7,""physical_error_rate"":0.0005}","{""detection_events"":1554,""detectors_checked"":616448}"
      1024,         0,         0,   0.139,exact_mw,8973b2281876bd917be29e6214e197de75d185bf3f5e531e264555f10574746e,"{""distance"":7,""physical_error_rate"":0.0005}","{""detection_events"":1562,""detectors_checked"":616448}"
        64,         0,         0,   0.300,exact_mw,f9daf7670c28e8b8b7ac9af8e1984263f26063cb589f7a54f43332f7ce5001d2,"{""distance"":7,""physical_error_rate"":0.002}","{""detection_events"":373,""detectors_checked"":38528}"
      1024,         0,         0,   0.300,exact_mw,8973b2281876bd917be29e6214e197de75d185bf3f5e531e264555f10574746e,"{""distance"":7,""physical_error_rate"":0.0005}","{""detection_events"":1588,""detectors_checked"":616448}"
      1024,         0,         0,   0.140,exact_mw,8973b2281876bd917be29e6214e197de75d185bf3f5e531e264555f10574746e,"{""distance"":7,""physical_error_rate"":0.0005}","{""detection_events"":1561,""detectors_checked"":616448}"
        64,         0,         0,   0.400,exact_mw,f9daf7670c28e8b8b7ac9af8e1984263f26063cb589f7a54f43332f7ce5001d2,"{""distance"":7,""physical_error_rate"":0.002}","{""detection_events"":385,""detectors_checked"":38528}"
      3072,         0,         0,   0.619,exact_mw,8973b2281876bd917be29e6214e197de75d185bf3f5e531e264555f10574746e,"{""distance"":7,""physical_error_rate"":0.0005}","{""detection_events"":4695,""detectors_checked"":1849344}"
       512,         0,         0,   0.502,exact_mw,a17a1dfb4cb0509fbcf9caf9ce6f4704b111f022b15740e51c84c2b7e14a6407,"{""distance"":7,""physical_error_rate"":0.001}","{""detection_events"":1547,""detectors_checked"":308224}"
       512,         0,         0,   0.624,exact_mw,a17a1dfb4cb0509fbcf9caf9ce6f4704b111f022b15740e51c84c2b7e14a6407,"{""distance"":7,""physical_error_rate"":0.001}","{""detection_events"":1488,""detectors_checked"":308224}"
      1024,         0,         0,   0.166,exact_mw,8973b2281876bd917be29e6214e197de75d185bf3f5e531e264555f10574746e,"{""distance"":7,""physical_error_rate"":0.0005}","{""detection_events"":1414,""detectors_checked"":616448}"
      1024,         0,         0,   0.214,exact_mw,8973b2281876bd917be29e6214e197de75d185bf3f5e531e264555f10574746e,"{""distance"":7,""physical_error_rate"":0.0005}","{""detection_events"":1616,""detectors_checked"":616448}"
       128,         0,         0,   0.760,exact_mw,f9daf7670c28e8b8b7ac9af8e1984263f26063cb589f7a54f43332f7ce5001d2,"{""distance"":7,""physical_error_rate"":0.002}","{""detection_events"":750,""detectors_checked"":77056}"
        64,         0,         0,   0.183,exact_mw,f9daf7670c28e8b8b7ac9af8e1984263f26063cb589f7a54f43332f7ce5001d2,"{""distance"":7,""physical_error_rate"":0.002}","{""detection_events"":328,""detectors_checked"":38528}"
       128,         0,         0,    1.08,exact_mw,f9daf7670c28e8b8b7ac9af8e1984263f26063cb589f7a54f43332f7ce5001d2,"{""distance"":7,""physical_error_rate"":0.002}","{""detection_events"":809,""detectors_checked"":77056}"
      1024,         0,         0,   0.159,exact_mw,8973b2281876bd917be29e6214e197de75d185bf3f5e531e264555f10574746e,"{""distance"":7,""physical_error_rate"":0.0005}","{""detection_events"":1441,""detectors_checked"":616448}"
       512,         0,         0,   0.355,exact_mw,a17a1dfb4cb0509fbcf9caf9ce6f4704b111f022b15740e51c84c2b7e14a6407,"{""distance"":7,""physical_error_rate"":0.001}","{""detection_events"":1520,""detectors_checked"":308224}"
      2048,         0,         0,   0.318,exact_mw,8973b2281876bd917be29e6214e197de75d185bf3f5e531e264555f10574746e,"{""distance"":7,""physical_error_rate"":0.0005}","{""detection_events"":3098,""detectors_checked"":1232896}"
       128,         0,         0,   0.988,exact_mw,f9daf7670c28e8b8b7ac9af8e1984263f26063cb589f7a54f43332f7ce5001d2,"{""distance"":7,""physical_error_rate"":0.002}","{""detection_events"":833,""detectors_checked"":77056}"
       128,         0,         0,   0.388,exact_mw,f9daf7670c28e8b8b7ac9af8e1984263f26063cb589f7a54f43332f7ce5001d2,"{""distance"":7,""physical_error_rate"":0.002}","{""detection_events"":641,""detectors_checked"":77056}"
      2048,         0,         0,   0.441,exact_mw,8973b2281876bd917be29e6214e197de75d185bf3f5e531e264555f10574746e,"{""distance"":7,""physical_error_rate"":0.0005}","{""detection_events"":3147,""detectors_checked"":1232896}"
       128,         0,         0,   0.907,exact_mw,f9daf7670c28e8b8b7ac9af8e1984263f26063cb589f7a54f43332f7ce5001d2,"{""distance"":7,""physical_error_rate"":0.002}","{""detection_events"":796,""detectors_checked"":77056}"
       512,         0,         0,   0.684,exact_mw,a17a1dfb4cb0509fbcf9caf9ce6f4704b111f022b15740e51c84c2b7e14a6407,"{""distance"":7,""physical_error_rate"":0.001}","{""detection_events"":1570,""detectors_checked"":308224}"
      2048,         0,         0,   0.353,exact_mw,8973b2281876bd917be29e6214e197de75d185bf3f5e531e264555f10574746e,"{""distance"":7,""physical_error_rate"":0.0005}","{""detection_events"":3029,""detectors_checked"":1232896}"
      4096,         0,         0,   0.829,exact_mw,8973b2281876bd917be29e6214e197de75d185bf3f5e531e264555f10574746e,"{""distance"":7,""physical_error_rate"":0.0005}","{""detection_events"":5881,""detectors_checked"":2465792}"
       512,         0,         0,   0.463,exact_mw,a17a1dfb4cb0509fbcf9caf9ce6f4704b111f022b15740e51c84c2b7e14a6407,"{""distance"":7,""physical_error_rate"":0.001}","{""detection_events"":1495,""detectors_checked"":308224}"
       128,         0,         0,   0.699,exact_mw,f9daf7670c28e8b8b7ac9af8e1984263f26063cb589f7a54f43332f7ce5001d2,"{""distance"":7,""physical_error_rate"":0.002}","{""detection_events"":756,""detectors_checked"":77056}"
       128,         0,         0,   0.886,exact_mw,f9daf7670c28e8b8b7ac9af8e1984263f26063cb589f7a54f43332f7ce5001d2,"{""distance"":7,""physical_error_rate"":0.002}","{""detection_events"":807,""detectors_checked"":77056}"
       128,         0,         0,   0.539,exact_mw,f9daf7670c28e8b8b7ac9af8e1984263f26063cb589f7a54f43332f7ce5001d2,"{""distance"":7,""physical_error_rate"":0.002}","{""detection_events"":616,""detectors_checked"":77056}"
      2048,         0,         0,   0.487,exact_mw,8973b2281876bd917be29e6214e197de75d185bf3f5e531e264555f10574746e,"{""distance"":7,""physical_error_rate"":0.0005}","{""detection_events"":2981,""detectors_checked"":1232896}"
      2048,         0,         0,   0.379,exact_mw,8973b2281876bd917be29e6214e197de75d185bf3f5e531e264555f10574746e,"{""distance"":7,""physical_error_rate"":0.0005}","{""detection_events"":3051,""detectors_checked"":1232896}"
       128,         0,         0,   0.659,exact_mw,f9daf7670c28e8b8b7ac9af8e1984263f26063cb589f7a54f43332f7ce5001d2,"{""distance"":7,""physical_error_rate"":0.002}","{""detection_events"":791,""detectors_checked"":77056}"
       128,         0,         0,   0.640,exact_mw,f9daf7670c28e8b8b7ac9af8e1984263f26063cb589f7a54f43332f7ce5001d2,"{""distance"":7,""physical_error_rate"":0.002}","{""detection_events"":757,""detectors_checked"":77056}"
       512,         0,         0,   0.464,exact_mw,a17a1dfb4cb0509fbcf9caf9ce6f4704b111f022b15740e51c84c2b7e14a6407,"{""distance"":7,""physical_error_rate"":0.001}","{""detection_events"":1514,""detectors_checked"":308224}"
       512,         0,         0,   0.651,exact_mw,a17a1dfb4cb0509fbcf9caf9ce6f4704b111f022b15740e51c84c2b7e14a6407,"{""distance"":7,""physical_error_rate"":0.001}","{""detection_events"":1498,""detectors_checked"":308224}"
       128,         0,         0,   0.619,exact_mw,f9daf7670c28e8b8b7ac9af8e1984263f26063cb589f7a54f43332f7ce5001d2,"{""distance"":7,""physical_error_rate"":0.002}","{""detection_events"":662,""detectors_checked"":77056}"
       128,         0,         0,   0.492,exact_mw,f9daf7670c28e8b8b7ac9af8e1984263f26063cb589f7a54f43332f7ce5001d2,"{""distance"":7,""physical_error_rate"":0.002}","{""detection_events"":684,""detectors_checked"":77056}"
      2048,         0,         0,   0.432,exact_mw,8973b2281876bd917be29e6214e197de75d185bf3f5e531e264555f10574746e,"{""distance"":7,""physical_error_rate"":0.0005}","{""detection_events"":2978,""detectors_checked"":1232896}"
       128,         0,         0,   0.623,exact_mw,f9daf7670c28e8b8b7ac9af8e1984263f26063cb589f7a54f43332f7ce5001d2,"{""distance"":7,""physical_error_rate"":0.002}","{""detection_events"":800,""detectors_checked"":77056}"
    620544,         3,         0,   120.0,exact_mw,8973b2281876bd917be29e6214e197de75d185bf3f5e531e264555f10574746e,"{""distance"":7,""physical_error_rate"":0.0005}","{""detection_events"":919530,""detectors_checked"":373567488,""obs_mistake_mask=E"":3}"
       128,         0,         0,   0.533,exact_mw,f9daf7670c28e8b8b7ac9af8e1984263f26063cb589f7a54f43332f7ce5001d2,"{""distance"":7,""physical_error_rate"":0.002}","{""detection_events"":743,""detectors_checked"":77056}"
       512,         0,         0,   0.430,exact_mw,a17a1dfb4cb0509fbcf9caf9ce6f4704b111f022b15740e51c84c2b7e14a6407,"{""distance"":7,""physical_error_rate"":0.001}","{""detection_events"":1527,""detectors_checked"":308224}"
      3072,         0,         0,   0.683,exact_mw,8973b2281876bd917be29e6214e197de75d185bf3f5e531e264555f10574746e,"{""distance"":7,""physical_error_rate"":0.0005}","{""detection_events"":4839,""detectors_checked"":1849344}"
       512,         0,         0,   0.489,exact_mw,a17a1dfb4cb0509fbcf9caf9ce6f4704b111f022b15740e51c84c2b7e14a6407,"{""distance"":7,""physical_error_rate"":0.001}","{""detection_events"":1497,""detectors_checked"":308224}"
         1,         0,         0,   0.001,exact_mw,f9daf7670c28e8b8b7ac9af8e1984263f26063cb589f7a54f43332f7ce5001d2,"{""distance"":7,""physical_error_rate"":0.002}","{""detectors_checked"":602}"
      7168,         0,         0,    1.14,exact_mw,8973b2281876bd917be29e6214e197de75d185bf3f5e531e264555f10574746e,"{""distance"":7,""physical_error_rate"":0.0005}","{""detection_events"":10565,""detectors_checked"":4315136}"
        16,         0,         0,   0.015,exact_mw,f9daf7670c28e8b8b7ac9af8e1984263f26063cb589f7a54f43332f7ce5001d2,"{""distance"":7,""physical_error_rate"":0.002}","{""detection_events"":110,""detectors_checked"":9632}"
      3072,         0,         0,   0.573,exact_mw,8973b2281876bd917be29e6214e197de75d185bf3f5e531e264555f10574746e,"{""distance"":7,""physical_error_rate"":0.0005}","{""detection_events"":4566,""detectors_checked"":1849344}"
       128,         0,         0,   0.432,exact_mw,f9daf7670c28e8b8b7ac9af8e1984263f26063cb589f7a54f43332f7ce5001d2,"{""distance"":7,""physical_error_rate"":0.002}","{""detection_events"":672,""detectors_checked"":77056}"
       512,         0,         0,   0.438,exact_mw,a17a1dfb4cb0509fbcf9caf9ce6f4704b111f022b15740e51c84c2b7e14a6407,"{""distance"":7,""physical_error_rate"":0.001}","{""detection_events"":1443,""detectors_checked"":308224}"
       128,         0,         0,   0.941,exact_mw,f9daf7670c28e8b8b7ac9af8e1984263f26063cb589f7a54f43332f7ce5001d2,"{""distance"":7,""physical_error_rate"":0.002}","{""detection_events"":762,""detectors_checked"":77056}"
       128,         0,         0,   0.623,exact_mw,f9daf7670c28e8b8b7ac9af8e1984263f26063cb589f7a54f43332f7ce5001d2,"{""distance"":7,""physical_error_rate"":0.002}","{""detection_events"":680,""detectors_checked"":77056}"
       128,         0,         0,   0.806,exact_mw,f9daf7670c28e8b8b7ac9af8e1984263f26063cb589f7a54f43332f7ce5001d2,"{""distance"":7,""physical_error_rate"":0.002}","{""detection_events"":791,""detectors_checked"":77056}"
       512,         0,         0,   0.456,exact_mw,a17a1dfb4cb0509fbcf9caf9ce6f4704b111f022b15740e51c84c2b7e14a6407,"{""distance"":7,""physical_error_rate"":0.001}","{""detection_events"":1540,""detectors_checked"":308224}"
       273,         0,         0,   0.283,exact_mw,a17a1dfb4cb0509fbcf9caf9ce6f4704b111f022b15740e51c84c2b7e14a6407,"{""distance"":7,""physical_error_rate"":0.001}","{""detection_events"":833,""detectors_checked"":164346}"
       128,         0,         0,   0.933,exact_mw,f9daf7670c28e8b8b7ac9af8e1984263f26063cb589f7a54f43332f7ce5001d2,"{""distance"":7,""physical_error_rate"":0.002}","{""detection_events"":823,""detectors_checked"":77056}"
      3072,         0,         0,   0.730,exact_mw,8973b2281876bd917be29e6214e197de75d185bf3f5e531e264555f10574746e,"{""distance"":7,""physical_error_rate"":0.0005}","{""detection_events"":4459,""detectors_checked"":1849344}"
       128,         0,         0,   0.571,exact_mw,f9daf7670c28e8b8b7ac9af8e1984263f26063cb589f7a54f43332f7ce5001d2,"{""distance"":7,""physical_error_rate"":0.002}","{""detection_events"":705,""detectors_checked"":77056}"
       512,         0,         0,   0.652,exact_mw,a17a1dfb4cb0509fbcf9caf9ce6f4704b111f022b15740e51c84c2b7e14a6407,"{""distance"":7,""physical_error_rate"":0.001}","{""detection_events"":1465,""detectors_checked"":308224}"
       512,         0,         0,   0.561,exact_mw,a17a1dfb4cb0509fbcf9caf9ce6f4704b111f022b15740e51c84c2b7e14a6407,"{""distance"":7,""physical_error_rate"":0.001}","{""detection_events"":1475,""detectors_checked"":308224}"
       128,         0,         0,   0.771,exact_mw,f9daf7670c28e8b8b7ac9af8e1984263f26063cb589f7a54f43332f7ce5001d2,"{""distance"":7,""physical_error_rate"":0.002}","{""detection_events"":788,""detectors_checked"":77056}"
       512,         0,         0,   0.659,exact_mw,a17a1dfb4cb0509fbcf9caf9ce6f4704b111f022b15740e51c84c2b7e14a6407,"{""distance"":7,""physical_error_rate"":0.001}","{""detection_events"":1493,""detectors_checked"":308224}"
       273,         0,         0,   0.456,exact_mw,a17a1dfb4cb0509fbcf9caf9ce6f4704b111f022b15740e51c84c2b7e14a6407,"{""distance"":7,""physical_error_rate"":0.001}","{""detection_events"":892,""detectors_checked"":164346}"
      5120,         0,         0,   0.885,exact_mw,8973b2281876bd917be29e6214e197de75d185bf3f5e531e264555f10574746e,"{""distance"":7,""physical_error_rate"":0.0005}","{""detection_events"":7968,""detectors_checked"":3082240}"
       128,         0,         0,   0.868,exact_mw,f9daf7670c28e8b8b7ac9af8e1984263f26063cb589f7a54f43332f7ce5001d2,"{""distance"":7,""physical_error_rate"":0.002}","{""detection_events"":805,""detectors_checked"":77056}"
       256,         0,         0,   0.292,exact_mw,a17a1dfb4cb0509fbcf9caf9ce6f4704b111f022b15740e51c84c2b7e14a6407,"{""distance"":7,""physical_error_rate"":0.001}","{""detection_events"":743,""detectors_checked"":154112}"
       256,         0,         0,    1.41,exact_mw,f9daf7670c28e8b8b7ac9af8e1984263f26063cb589f7a54f43332f7ce5001d2,"{""distance"":7,""physical_error_rate"":0.002}","{""detection_events"":1531,""detectors_checked"":154112}"
       512,         0,         0,   0.504,exact_mw,a17a1dfb4cb0509fbcf9caf9ce6f4704b111f022b15740e51c84c2b7e14a6407,"{""distance"":7,""physical_error_rate"":0.001}","{""detection_events"":1404,""detectors_checked"":308224}"
       128,         0,         0,   0.493,exact_mw,f9daf7670c28e8b8b7ac9af8e1984263f26063cb589f7a54f43332f7ce5001d2,"{""distance"":7,""physical_error_rate"":0.002}","{""detection_events"":749,""detectors_checked"":77056}"
       256,         0,         0,    1.16,exact_mw,f9daf7670c28e8b8b7ac9af8e1984263f26063cb589f7a54f43332f7ce5001d2,"{""distance"":7,""physical_error_rate"":0.002}","{""detection_events"":1465,""detectors_checked"":154112}"
       512,         0,         0,   0.629,exact_mw,a17a1dfb4cb0509fbcf9caf9ce6f4704b111f022b15740e51c84c2b7e14a6407,"{""distance"":7,""physical_error_rate"":0.001}","{""detection_events"":1536,""detectors_checked"":308224}"
      4096,         0,         0,   0.931,exact_mw,8973b2281876bd917be29e6214e197de75d185bf3f5e531e264555f10574746e,"{""distance"":7,""physical_error_rate"":0.0005}","{""detection_events"":6163,""detectors_checked"":2465792}"
       512,         0,         0,   0.519,exact_mw,a17a1dfb4cb0509fbcf9caf9ce6f4704b111f022b15740e51c84c2b7e14a6407,"{""distance"":7,""physical_error_rate"":0.001}","{""detection_events"":1555,""detectors_checked"":308224}"
       128,         0,         0,   0.731,exact_mw,f9daf7670c28e8b8b7ac9af8e1984263f26063cb589f7a54f43332f7ce5001d2,"{""distance"":7,""physical_error_rate"":0.002}","{""detection_events"":715,""detectors_checked"":77056}"
      9216,         0,         0,    1.60,exact_mw,8973b2281876bd917be29e6214e197de75d185bf3f5e531e264555f10574746e,"{""distance"":7,""physical_error_rate"":0.0005}","{""detection_events"":13763,""detectors_checked"":5548032}"
       256,         1,         0,    1.30,exact_mw,f9daf7670c28e8b8b7ac9af8e1984263f26063cb589f7a54f43332f7ce5001d2,"{""distance"":7,""physical_error_rate"":0.002}","{""detection_events"":1508,""detectors_checked"":154112,""obs_mistake_mask=E"":1}"
       512,         0,         0,   0.478,exact_mw,a17a1dfb4cb0509fbcf9caf9ce6f4704b111f022b15740e51c84c2b7e14a6407,"{""distance"":7,""physical_error_rate"":0.001}","{""detection_events"":1607,""detectors_checked"":308224}"
       512,         0,         0,   0.708,exact_mw,a17a1dfb4cb0509fbcf9caf9ce6f4704b111f022b15740e51c84c2b7e14a6407,"{""distance"":7,""physical_error_rate"":0.001}","{""detection_events"":1622,""detectors_checked"":308224}"
       512,         0,         0,   0.537,exact_mw,a17a1dfb4cb0509fbcf9caf9ce6f4704b111f022b15740e51c84c2b7e14a6407,"{""distance"":7,""physical_error_rate"":0.001}","{""detection_events"":1541,""detectors_checked"":308224}"
       128,         0,         0,   0.716,exact_mw,f9daf7670c28e8b8b7ac9af8e1984263f26063cb589f7a54f43332f7ce5001d2,"{""distance"":7,""physical_error_rate"":0.002}","{""detection_events"":675,""detectors_checked"":77056}"
       128,         0,         0,   0.796,exact_mw,f9daf7670c28e8b8b7ac9af8e1984263f26063cb589f7a54f43332f7ce5001d2,"{""distance"":7,""physical_error_rate"":0.002}","{""detection_events"":817,""detectors_checked"":77056}"
      1024,         0,         0,   0.803,exact_mw,a17a1dfb4cb0509fbcf9caf9ce6f4704b111f022b15740e51c84c2b7e14a6407,"{""distance"":7,""physical_error_rate"":0.001}","{""detection_events"":2897,""detectors_checked"":616448}"
      8192,         0,         0,    1.16,exact_mw,8973b2281876bd917be29e6214e197de75d185bf3f5e531e264555f10574746e,"{""distance"":7,""physical_error_rate"":0.0005}","{""detection_events"":12080,""detectors_checked"":4931584}"
       128,         0,         0,   0.652,exact_mw,f9daf7670c28e8b8b7ac9af8e1984263f26063cb589f7a54f43332f7ce5001d2,"{""distance"":7,""physical_error_rate"":0.002}","{""detection_events"":763,""detectors_checked"":77056}"
       512,         0,         0,   0.591,exact_mw,a17a1dfb4cb0509fbcf9caf9ce6f4704b111f022b15740e51c84c2b7e14a6407,"{""distance"":7,""physical_error_rate"":0.001}","{""detection_events"":1576,""detectors_checked"":308224}"
       512,         0,         0,   0.543,exact_mw,a17a1dfb4cb0509fbcf9caf9ce6f4704b111f022b15740e51c84c2b7e14a6407,"{""distance"":7,""physical_error_rate"":0.001}","{""detection_events"":1453,""detectors_checked"":308224}"
    308480,         0,         0,   119.8,exact_mw,8973b2281876bd917be29e6214e197de75d185bf3f5e531e264555f10574746e,"{""distance"":7,""physical_error_rate"":0.0005}","{""detection_events"":455053,""detectors_checked"":185704960}"
       128,         0,         0,   0.605,exact_mw,f9daf7670c28e8b8b7ac9af8e1984263f26063cb589f7a54f43332f7ce5001d2,"{""distance"":7,""physical_error_rate"":0.002}","{""detection_events"":728,""detectors_checked"":77056}"
       256,         0,         0,    1.47,exact_mw,f9daf7670c28e8b8b7ac9af8e1984263f26063cb589f7a54f43332f7ce5001d2,"{""distance"":7,""physical_error_rate"":0.002}","{""detection_events"":1481,""detectors_checked"":154112}"
       512,         0,         0,   0.726,exact_mw,a17a1dfb4cb0509fbcf9caf9ce6f4704b111f022b15740e51c84c2b7e14a6407,"{""distance"":7,""physical_error_rate"":0.001}","{""detection_events"":1487,""detectors_checked"":308224}"
      6144,         0,         0,    1.32,exact_mw,8973b2281876bd917be29e6214e197de75d185bf3f5e531e264555f10574746e,"{""distance"":7,""physical_error_rate"":0.0005}","{""detection_events"":9085,""detectors_checked"":3698688}"
       128,         0,         0,   0.628,exact_mw,f9daf7670c28e8b8b7ac9af8e1984263f26063cb589f7a54f43332f7ce5001d2,"{""distance"":7,""physical_error_rate"":0.002}","{""detection_events"":794,""detectors_checked"":77056}"
       256,         0,         0,    1.62,exact_mw,f9daf7670c28e8b8b7ac9af8e1984263f26063cb589f7a54f43332f7ce5001d2,"{""distance"":7,""physical_error_rate"":0.002}","{""detection_events"":1496,""detectors_checked"":154112}"
       256,         0,         0,    1.56,exact_mw,f9daf7670c28e8b8b7ac9af8e1984263f26063cb589f7a54f43332f7ce5001d2,"{""distance"":7,""physical_error_rate"":0.002}","{""detection_events"":1510,""detectors_checked"":154112}"
       128,         0,         0,   0.942,exact_mw,f9daf7670c28e8b8b7ac9af8e1984263f26063cb589f7a54f43332f7ce5001d2,"{""distance"":7,""physical_error_rate"":0.002}","{""detection_events"":783,""detectors_checked"":77056}"
       512,         0,         0,   0.414,exact_mw,a17a1dfb4cb0509fbcf9caf9ce6f4704b111f022b15740e51c84c2b7e14a6407,"{""distance"":7,""physical_error_rate"":0.001}","{""detection_events"":1481,""detectors_checked"":308224}"
     20720,         2,         0,   120.7,exact_mw,f9daf7670c28e8b8b7ac9af8e1984263f26063cb589f7a54f43332f7ce5001d2,"{""distance"":7,""physical_error_rate"":0.002}","{""detection_events"":122273,""detectors_checked"":12473440,""obs_mistake_mask=E"":2}"
      1536,         0,         0,    1.14,exact_mw,a17a1dfb4cb0509fbcf9caf9ce6f4704b111f022b15740e51c84c2b7e14a6407,"{""distance"":7,""physical_error_rate"":0.001}","{""detection_events"":4523,""detectors_checked"":924672}"
       512,         0,         0,   0.889,exact_mw,a17a1dfb4cb0509fbcf9caf9ce6f4704b111f022b15740e51c84c2b7e14a6407,"{""distance"":7,""physical_error_rate"":0.001}","{""detection_events"":1791,""detectors_checked"":308224}"
       128,         0,         0,   0.799,exact_mw,f9daf7670c28e8b8b7ac9af8e1984263f26063cb589f7a54f43332f7ce5001d2,"{""distance"":7,""physical_error_rate"":0.002}","{""detection_events"":757,""detectors_checked"":77056}"
      1024,         0,         0,    1.16,exact_mw,a17a1dfb4cb0509fbcf9caf9ce6f4704b111f022b15740e51c84c2b7e14a6407,"{""distance"":7,""physical_error_rate"":0.001}","{""detection_events"":2905,""detectors_checked"":616448}"
       512,         0,         0,   0.540,exact_mw,a17a1dfb4cb0509fbcf9caf9ce6f4704b111f022b15740e51c84c2b7e14a6407,"{""distance"":7,""physical_error_rate"":0.001}","{""detection_events"":1493,""detectors_checked"":308224}"
      7168,         0,         0,    1.61,exact_mw,8973b2281876bd917be29e6214e197de75d185bf3f5e531e264555f10574746e,"{""distance"":7,""physical_error_rate"":0.0005}","{""detection_events"":10710,""detectors_checked"":4315136}"
       128,         0,         0,    1.10,exact_mw,f9daf7670c28e8b8b7ac9af8e1984263f26063cb589f7a54f43332f7ce5001d2,"{""distance"":7,""physical_error_rate"":0.002}","{""detection_events"":728,""detectors_checked"":77056}"
     14336,         0,         0,    2.34,exact_mw,8973b2281876bd917be29e6214e197de75d185bf3f5e531e264555f10574746e,"{""distance"":7,""physical_error_rate"":0.0005}","{""detection_events"":21208,""detectors_checked"":8630272}"
       128,         0,         0,   0.834,exact_mw,f9daf7670c28e8b8b7ac9af8e1984263f26063cb589f7a54f43332f7ce5001d2,"{""distance"":7,""physical_error_rate"":0.002}","{""detection_events"":731,""detectors_checked"":77056}"
       512,         0,         0,   0.763,exact_mw,a17a1dfb4cb0509fbcf9caf9ce6f4704b111f022b15740e51c84c2b7e14a6407,"{""distance"":7,""physical_error_rate"":0.001}","{""detection_events"":1488,""detectors_checked"":308224}"
       128,         0,         0,   0.628,exact_mw,f9daf7670c28e8b8b7ac9af8e1984263f26063cb589f7a54f43332f7ce5001d2,"{""distance"":7,""physical_error_rate"":0.002}","{""detection_events"":772,""detectors_checked"":77056}"
       512,         0,         0,   0.561,exact_mw,a17a1dfb4cb0509fbcf9caf9ce6f4704b111f022b15740e51c84c2b7e14a6407,"{""distance"":7,""physical_error_rate"":0.001}","{""detection_events"":1436,""detectors_checked"":308224}"
     10240,         0,         0,    1.57,exact_mw,8973b2281876bd917be29e6214e197de75d185bf3f5e531e264555f10574746e,"{""distance"":7,""physical_error_rate"":0.0005}","{""detection_events"":14854,""detectors_checked"":6164480}"
       256,         0,         0,    1.65,exact_mw,f9daf7670c28e8b8b7ac9af8e1984263f26063cb589f7a54f43332f7ce5001d2,"{""distance"":7,""physical_error_rate"":0.002}","{""detection_events"":1476,""detectors_checked"":154112}"
      1536,         0,         0,    1.43,exact_mw,a17a1dfb4cb0509fbcf9caf9ce6f4704b111f022b15740e51c84c2b7e14a6407,"{""distance"":7,""physical_error_rate"":0.001}","{""detection_events"":4443,""detectors_checked"":924672}"
       256,         0,         0,    1.68,exact_mw,f9daf7670c28e8b8b7ac9af8e1984263f26063cb589f7a54f43332f7ce5001d2,"{""distance"":7,""physical_error_rate"":0.002}","{""detection_events"":1508,""detectors_checked"":154112}"
       128,         0,         0,   0.817,exact_mw,f9daf7670c28e8b8b7ac9af8e1984263f26063cb589f7a54f43332f7ce5001d2,"{""distance"":7,""physical_error_rate"":0.002}","{""detection_events"":770,""detectors_checked"":77056}"
      1024,         0,         0,    1.12,exact_mw,a17a1dfb4cb0509fbcf9caf9ce6f4704b111f022b15740e51c84c2b7e14a6407,"{""distance"":7,""physical_error_rate"":0.001}","{""detection_events"":2948,""detectors_checked"":616448}"
       128,         0,         0,   0.702,exact_mw,f9daf7670c28e8b8b7ac9af8e1984263f26063cb589f7a54f43332f7ce5001d2,"{""distance"":7,""physical_error_rate"":0.002}","{""detection_events"":811,""detectors_checked"":77056}"
       512,         0,         0,   0.736,exact_mw,a17a1dfb4cb0509fbcf9caf9ce6f4704b111f022b15740e51c84c2b7e14a6407,"{""distance"":7,""physical_error_rate"":0.001}","{""detection_events"":1408,""detectors_checked"":308224}"
       512,         0,         0,   0.687,exact_mw,a17a1dfb4cb0509fbcf9caf9ce6f4704b111f022b15740e51c84c2b7e14a6407,"{""distance"":7,""physical_error_rate"":0.001}","{""detection_events"":1776,""detectors_checked"":308224}"
       128,         0,         0,    1.14,exact_mw,f9daf7670c28e8b8b7ac9af8e1984263f26063cb589f7a54f43332f7ce5001d2,"{""distance"":7,""physical_error_rate"":0.002}","{""detection_events"":840,""detectors_checked"":77056}"
       384,         0,         0,    2.22,exact_mw,f9daf7670c28e8b8b7ac9af8e1984263f26063cb589f7a54f43332f7ce5001d2,"{""distance"":7,""physical_error_rate"":0.002}","{""detection_events"":2220,""detectors_checked"":231168}"
       512,         0,         0,   0.548,exact_mw,a17a1dfb4cb0509fbcf9caf9ce6f4704b111f022b15740e51c84c2b7e14a6407,"{""distance"":7,""physical_error_rate"":0.001}","{""detection_events"":1494,""detectors_checked"":308224}"
       128,         0,         0,   0.734,exact_mw,f9daf7670c28e8b8b7ac9af8e1984263f26063cb589f7a54f43332f7ce5001d2,"{""distance"":7,""physical_error_rate"":0.002}","{""detection_events"":825,""detectors_checked"":77056}"
       512,         0,         0,   0.736,exact_mw,a17a1dfb4cb0509fbcf9caf9ce6f4704b111f022b15740e51c84c2b7e14a6407,"{""distance"":7,""physical_error_rate"":0.001}","{""detection_events"":1540,""detectors_checked"":308224}"
     11264,         0,         0,    2.26,exact_mw,8973b2281876bd917be29e6214e197de75d185bf3f5e531e264555f10574746e,"{""distance"":7,""physical_error_rate"":0.0005}","{""detection_events"":16256,""detectors_checked"":6780928}"
       512,         0,         0,   0.569,exact_mw,a17a1dfb4cb0509fbcf9caf9ce6f4704b111f022b15740e51c84c2b7e14a6407,"{""distance"":7,""physical_error_rate"":0.001}","{""detection_events"":1478,""detectors_checked"":308224}"
       512,         0,         0,   0.543,exact_mw,a17a1dfb4cb0509fbcf9caf9ce6f4704b111f022b15740e51c84c2b7e14a6407,"{""distance"":7,""physical_error_rate"":0.001}","{""detection_events"":1477,""detectors_checked"":308224}"
      1536,         0,         0,    1.58,exact_mw,a17a1dfb4cb0509fbcf9caf9ce6f4704b111f022b15740e51c84c2b7e14a6407,"{""distance"":7,""physical_error_rate"":0.001}","{""detection_events"":4612,""detectors_checked"":924672}"
       256,         0,         0,    1.70,exact_mw,f9daf7670c28e8b8b7ac9af8e1984263f26063cb589f7a54f43332f7ce5001d2,"{""distance"":7,""physical_error_rate"":0.002}","{""detection_events"":1508,""detectors_checked"":154112}"
      1536,         0,         0,    1.74,exact_mw,a17a1dfb4cb0509fbcf9caf9ce6f4704b111f022b15740e51c84c2b7e14a6407,"{""distance"":7,""physical_error_rate"":0.001}","{""detection_events"":4292,""detectors_checked"":924672}"
       128,         0,         0,   0.865,exact_mw,f9daf7670c28e8b8b7ac9af8e1984263f26063cb589f7a54f43332f7ce5001d2,"{""distance"":7,""physical_error_rate"":0.002}","{""detection_events"":731,""detectors_checked"":77056}"
     11264,         0,         0,    2.39,exact_mw,8973b2281876bd917be29e6214e197de75d185bf3f5e531e264555f10574746e,"{""distance"":7,""physical_error_rate"":0.0005}","{""detection_events"":17065,""detectors_checked"":6780928}"
       384,         0,         0,    1.83,exact_mw,f9daf7670c28e8b8b7ac9af8e1984263f26063cb589f7a54f43332f7ce5001d2,"{""distance"":7,""physical_error_rate"":0.002}","{""detection_events"":2141,""detectors_checked"":231168}"
       512,         0,         0,   0.561,exact_mw,a17a1dfb4cb0509fbcf9caf9ce6f4704b111f022b15740e51c84c2b7e14a6407,"{""distance"":7,""physical_error_rate"":0.001}","{""detection_events"":1502,""detectors_checked"":308224}"
       512,         0,         0,   0.824,exact_mw,a17a1dfb4cb0509fbcf9caf9ce6f4704b111f022b15740e51c84c2b7e14a6407,"{""distance"":7,""physical_error_rate"":0.001}","{""detection_events"":1561,""detectors_checked"":308224}"
     26496,         3,         0,   120.1,exact_mw,f9daf7670c28e8b8b7ac9af8e1984263f26063cb589f7a54f43332f7ce5001d2,"{""distance"":7,""physical_error_rate"":0.002}","{""detection_events"":156165,""detectors_checked"":15950592,""obs_mistake_mask=E"":3}"
     19456,         0,         0,    3.14,exact_mw,8973b2281876bd917be29e6214e197de75d185bf3f5e531e264555f10574746e,"{""distance"":7,""physical_error_rate"":0.0005}","{""detection_events"":28759,""detectors_checked"":11712512}"
       512,         0,         0,   0.441,exact_mw,a17a1dfb4cb0509fbcf9caf9ce6f4704b111f022b15740e51c84c2b7e14a6407,"{""distance"":7,""physical_error_rate"":0.001}","{""detection_events"":1403,""detectors_checked"":308224}"
       512,         0,         0,    2.91,exact_mw,f9daf7670c28e8b8b7ac9af8e1984263f26063cb589f7a54f43332f7ce5001d2,"{""distance"":7,""physical_error_rate"":0.002}","{""detection_events"":2984,""detectors_checked"":308224}"
       512,         0,         0,    2.61,exact_mw,f9daf7670c28e8b8b7ac9af8e1984263f26063cb589f7a54f43332f7ce5001d2,"{""distance"":7,""physical_error_rate"":0.002}","{""detection_events"":2897,""detectors_checked"":308224}"
       128,         0,         0,   0.837,exact_mw,f9daf7670c28e8b8b7ac9af8e1984263f26063cb589f7a54f43332f7ce5001d2,"{""distance"":7,""physical_error_rate"":0.002}","{""detection_events"":784,""detectors_checked"":77056}"
       384,         0,         0,    2.32,exact_mw,f9daf7670c28e8b8b7ac9af8e1984263f26063cb589f7a54f43332f7ce5001d2,"{""distance"":7,""physical_error_rate"":0.002}","{""detection_events"":2167,""detectors_checked"":231168}"
       512,         0,         0,   0.684,exact_mw,a17a1dfb4cb0509fbcf9caf9ce6f4704b111f022b15740e51c84c2b7e14a6407,"{""distance"":7,""physical_error_rate"":0.001}","{""detection_events"":1555,""detectors_checked"":308224}"
       512,         0,         0,   0.502,exact_mw,a17a1dfb4cb0509fbcf9caf9ce6f4704b111f022b15740e51c84c2b7e14a6407,"{""distance"":7,""physical_error_rate"":0.001}","{""detection_events"":1446,""detectors_checked"":308224}"
       128,         0,         0,   0.595,exact_mw,f9daf7670c28e8b8b7ac9af8e1984263f26063cb589f7a54f43332f7ce5001d2,"{""distance"":7,""physical_error_rate"":0.002}","{""detection_events"":793,""detectors_checked"":77056}"
     22560,         2,         0,   120.1,exact_mw,f9daf7670c28e8b8b7ac9af8e1984263f26063cb589f7a54f43332f7ce5001d2,"{""distance"":7,""physical_error_rate"":0.002}","{""detection_events"":132530,""detectors_checked"":13581120,""obs_mistake_mask=E"":2}"
       512,         0,         0,   0.583,exact_mw,a17a1dfb4cb0509fbcf9caf9ce6f4704b111f022b15740e51c84c2b7e14a6407,"{""distance"":7,""physical_error_rate"":0.001}","{""detection_events"":1362,""detectors_checked"":308224}"
       384,         0,         0,    2.32,exact_mw,f9daf7670c28e8b8b7ac9af8e1984263f26063cb589f7a54f43332f7ce5001d2,"{""distance"":7,""physical_error_rate"":0.002}","{""detection_events"":2105,""detectors_checked"":231168}"
      1024,         0,         0,    1.18,exact_mw,a17a1dfb4cb0509fbcf9caf9ce6f4704b111f022b15740e51c84c2b7e14a6407,"{""distance"":7,""physical_error_rate"":0.001}","{""detection_events"":2976,""detectors_checked"":616448}"
       128,         0,         0,   0.892,exact_mw,f9daf7670c28e8b8b7ac9af8e1984263f26063cb589f7a54f43332f7ce5001d2,"{""distance"":7,""physical_error_rate"":0.002}","{""detection_events"":735,""detectors_checked"":77056}"
      2560,         0,         0,    2.68,exact_mw,a17a1dfb4cb0509fbcf9caf9ce6f4704b111f022b15740e51c84c2b7e14a6407,"{""distance"":7,""physical_error_rate"":0.001}","{""detection_events"":7575,""detectors_checked"":1541120}"
    108800,         1,         0,   120.2,exact_mw,a17a1dfb4cb0509fbcf9caf9ce6f4704b111f022b15740e51c84c2b7e14a6407,"{""distance"":7,""physical_error_rate"":0.001}","{""detection_events"":320821,""detectors_checked"":65497600,""obs_mistake_mask=E"":1}"
     14336,         0,         0,    3.11,exact_mw,8973b2281876bd917be29e6214e197de75d185bf3f5e531e264555f10574746e,"{""distance"":7,""physical_error_rate"":0.0005}","{""detection_events"":21252,""detectors_checked"":8630272}"
       512,         0,         0,    2.52,exact_mw,f9daf7670c28e8b8b7ac9af8e1984263f26063cb589f7a54f43332f7ce5001d2,"{""distance"":7,""physical_error_rate"":0.002}","{""detection_events"":2919,""detectors_checked"":308224}"
    122368,         4,         0,   120.0,exact_mw,a17a1dfb4cb0509fbcf9caf9ce6f4704b111f022b15740e51c84c2b7e14a6407,"{""distance"":7,""physical_error_rate"":0.001}","{""detection_events"":362126,""detectors_checked"":73665536,""obs_mistake_mask=E"":4}"
      2048,         0,         0,    2.89,exact_mw,a17a1dfb4cb0509fbcf9caf9ce6f4704b111f022b15740e51c84c2b7e14a6407,"{""distance"":7,""physical_error_rate"":0.001}","{""detection_events"":5886,""detectors_checked"":1232896}"
      1024,         0,         0,    1.07,exact_mw,a17a1dfb4cb0509fbcf9caf9ce6f4704b111f022b15740e51c84c2b7e14a6407,"{""distance"":7,""physical_error_rate"":0.001}","{""detection_events"":3071,""detectors_checked"":616448}"
    123392,         4,         0,   120.2,exact_mw,a17a1dfb4cb0509fbcf9caf9ce6f4704b111f022b15740e51c84c2b7e14a6407,"{""distance"":7,""physical_error_rate"":0.001}","{""detection_events"":364168,""detectors_checked"":74281984,""obs_mistake_mask=E"":4}"
     14336,         0,         0,    3.22,exact_mw,8973b2281876bd917be29e6214e197de75d185bf3f5e531e264555f10574746e,"{""distance"":7,""physical_error_rate"":0.0005}","{""detection_events"":20914,""detectors_checked"":8630272}"
      1024,         0,         0,    1.41,exact_mw,a17a1dfb4cb0509fbcf9caf9ce6f4704b111f022b15740e51c84c2b7e14a6407,"{""distance"":7,""physical_error_rate"":0.001}","{""detection_events"":3083,""detectors_checked"":616448}"
    123904,         4,         0,   120.9,exact_mw,a17a1dfb4cb0509fbcf9caf9ce6f4704b111f022b15740e51c84c2b7e14a6407,"{""distance"":7,""physical_error_rate"":0.001}","{""detection_events"":367274,""detectors_checked"":74590208,""obs_mistake_mask=E"":4}"
       256,         0,         0,    1.54,exact_mw,f9daf7670c28e8b8b7ac9af8e1984263f26063cb589f7a54f43332f7ce5001d2,"{""distance"":7,""physical_error_rate"":0.002}","{""detection_events"":1322,""detectors_checked"":154112}"
      1024,         0,         0,    1.11,exact_mw,a17a1dfb4cb0509fbcf9caf9ce6f4704b111f022b15740e51c84c2b7e14a6407,"{""distance"":7,""physical_error_rate"":0.001}","{""detection_events"":2903,""detectors_checked"":616448}"
       768,         0,         0,    3.29,exact_mw,f9daf7670c28e8b8b7ac9af8e1984263f26063cb589f7a54f43332f7ce5001d2,"{""distance"":7,""physical_error_rate"":0.002}","{""detection_events"":4557,""detectors_checked"":462336}"
       512,         0,         0,    3.28,exact_mw,f9daf7670c28e8b8b7ac9af8e1984263f26063cb589f7a54f43332f7ce5001d2,"{""distance"":7,""physical_error_rate"":0.002}","{""detection_events"":3124,""detectors_checked"":308224}"
       512,         0,         0,    3.08,exact_mw,f9daf7670c28e8b8b7ac9af8e1984263f26063cb589f7a54f43332f7ce5001d2,"{""distance"":7,""physical_error_rate"":0.002}","{""detection_events"":3178,""detectors_checked"":308224}"
         1,         0,         0,   0.001,exact_mw,8973b2281876bd917be29e6214e197de75d185bf3f5e531e264555f10574746e,"{""distance"":7,""physical_error_rate"":0.0005}","{""detectors_checked"":602}"
     24576,         0,         0,    4.27,exact_mw,8973b2281876bd917be29e6214e197de75d185bf3f5e531e264555f10574746e,"{""distance"":7,""physical_error_rate"":0.0005}","{""detection_events"":36957,""detectors_checked"":14794752}"
      1296,         0,         0,   0.269,exact_mw,8973b2281876bd917be29e6214e197de75d185bf3f5e531e264555f10574746e,"{""distance"":7,""physical_error_rate"":0.0005}","{""detection_events"":1809,""detectors_checked"":780192}"
     26496,         4,         0,   120.3,exact_mw,f9daf7670c28e8b8b7ac9af8e1984263f26063cb589f7a54f43332f7ce5001d2,"{""distance"":7,""physical_error_rate"":0.002}","{""detection_events"":155102,""detectors_checked"":15950592,""obs_mistake_mask=E"":4}"
      1024,         0,         0,   0.128,exact_mw,8973b2281876bd917be29e6214e197de75d185bf3f5e531e264555f10574746e,"{""distance"":7,""physical_error_rate"":0.0005}","{""detection_events"":1496,""detectors_checked"":616448}"
      1024,         0,         0,   0.130,exact_mw,8973b2281876bd917be29e6214e197de75d185bf3f5e531e264555f10574746e,"{""distance"":7,""physical_error_rate"":0.0005}","{""detection_events"":1439,""detectors_checked"":616448}"
       512,         0,         0,    2.91,exact_mw,f9daf7670c28e8b8b7ac9af8e1984263f26063cb589f7a54f43332f7ce5001d2,"{""distance"":7,""physical_error_rate"":0.002}","{""detection_events"":3004,""detectors_checked"":308224}"
      1024,         0,         0,   0.159,exact_mw,8973b2281876bd917be29e6214e197de75d185bf3f5e531e264555f10574746e,"{""distance"":7,""physical_error_rate"":0.0005}","{""detection_events"":1582,""detectors_checked"":616448}"
       256,         0,         0,    1.35,exact_mw,f9daf7670c28e8b8b7ac9af8e1984263f26063cb589f7a54f43332f7ce5001d2,"{""distance"":7,""physical_error_rate"":0.002}","{""detection_events"":1431,""detectors_checked"":154112}"
      1024,         0,         0,   0.151,exact_mw,8973b2281876bd917be29e6214e197de75d185bf3f5e531e264555f10574746e,"{""distance"":7,""physical_error_rate"":0.0005}","{""detection_events"":1413,""detectors_checked"":616448}"
         1,         0,         0,   0.001,exact_mw,8973b2281876bd917be29e6214e197de75d185bf3f5e531e264555f10574746e,"{""distance"":7,""physical_error_rate"":0.0005}","{""detectors_checked"":602}"
       272,         0,         0,   0.106,exact_mw,8973b2281876bd917be29e6214e197de75d185bf3f5e531e264555f10574746e,"{""distance"":7,""physical_error_rate"":0.0005}","{""detection_events"":440,""detectors_checked"":163744}"
      1024,         0,         0,   0.314,exact_mw,8973b2281876bd917be29e6214e197de75d185bf3f5e531e264555f10574746e,"{""distance"":7,""physical_error_rate"":0.0005}","{""detection_events"":1676,""detectors_checked"":616448}"
      2048,         0,         0,    1.97,exact_mw,a17a1dfb4cb0509fbcf9caf9ce6f4704b111f022b15740e51c84c2b7e14a6407,"{""distance"":7,""physical_error_rate"":0.001}","{""detection_events"":6029,""detectors_checked"":1232896}"
      1024,         0,         0,   0.139,exact_mw,8973b2281876bd917be29e6214e197de75d185bf3f5e531e264555f10574746e,"{""distance"":7,""physical_error_rate"":0.0005}","{""detection_events"":1513,""detectors_checked"":616448}"
      1536,         0,         0,    1.80,exact_mw,a17a1dfb4cb0509fbcf9caf9ce6f4704b111f022b15740e51c84c2b7e14a6407,"{""distance"":7,""physical_error_rate"":0.001}","{""detection_events"":4480,""detectors_checked"":924672}"
      1024,         0,         0,   0.132,exact_mw,8973b2281876bd917be29e6214e197de75d185bf3f5e531e264555f10574746e,"{""distance"":7,""physical_error_rate"":0.0005}","{""detection_events"":1498,""detectors_checked"":616448}"
       640,         0,         0,    3.04,exact_mw,f9daf7670c28e8b8b7ac9af8e1984263f26063cb589f7a54f43332f7ce5001d2,"{""distance"":7,""physical_error_rate"":0.002}","{""detection_events"":3521,""detectors_checked"":385280}"
      1024,         0,         0,   0.196,exact_mw,8973b2281876bd917be29e6214e197de75d185bf3f5e531e264555f10574746e,"{""distance"":7,""physical_error_rate"":0.0005}","{""detection_events"":1609,""detectors_checked"":616448}"
        17,         0,         0,   0.004,exact_mw,a17a1dfb4cb0509fbcf9caf9ce6f4704b111f022b15740e51c84c2b7e14a6407,"{""distance"":7,""physical_error_rate"":0.001}","{""detection_events"":58,""detectors_checked"":10234}"
      4096,         0,         0,    3.55,exact_mw,a17a1dfb4cb0509fbcf9caf9ce6f4704b111f022b15740e51c84c2b7e14a6407,"{""distance"":7,""physical_error_rate"":0.001}","{""detection_events"":12161,""detectors_checked"":2465792}"
      2048,         0,         0,   0.320,exact_mw,8973b2281876bd917be29e6214e197de75d185bf3f5e531e264555f10574746e,"{""distance"":7,""physical_error_rate"":0.0005}","{""detection_events"":3049,""detectors_checked"":1232896}"
      1024,         0,         0,   0.158,exact_mw,8973b2281876bd917be29e6214e197de75d185bf3f5e531e264555f10574746e,"{""distance"":7,""physical_error_rate"":0.0005}","{""detection_events"":1408,""detectors_checked"":616448}"
       256,         0,         0,   0.169,exact_mw,a17a1dfb4cb0509fbcf9caf9ce6f4704b111f022b15740e51c84c2b7e14a6407,"{""distance"":7,""physical_error_rate"":0.001}","{""detection_events"":686,""detectors_checked"":154112}"
      1024,         0,         0,   0.097,exact_mw,8973b2281876bd917be29e6214e197de75d185bf3f5e531e264555f10574746e,"{""distance"":7,""physical_error_rate"":0.0005}","{""detection_events"":1588,""detectors_checked"":616448}"
      3072,         0,         0,    3.50,exact_mw,a17a1dfb4cb0509fbcf9caf9ce6f4704b111f022b15740e51c84c2b7e14a6407,"{""distance"":7,""physical_error_rate"":0.001}","{""detection_events"":9249,""detectors_checked"":1849344}"
      1024,         0,         0,   0.144,exact_mw,8973b2281876bd917be29e6214e197de75d185bf3f5e531e264555f10574746e,"{""distance"":7,""physical_error_rate"":0.0005}","{""detection_events"":1389,""detectors_checked"":616448}"
      2048,         0,         0,   0.339,exact_mw,8973b2281876bd917be29e6214e197de75d185bf3f5e531e264555f10574746e,"{""distance"":7,""physical_error_rate"":0.0005}","{""detection_events"":3029,""detectors_checked"":1232896}"
      1024,         0,         0,   0.211,exact_mw,8973b2281876bd917be29e6214e197de75d185bf3f5e531e264555f10574746e,"{""distance"":7,""physical_error_rate"":0.0005}","{""detection_events"":1484,""detectors_checked"":616448}"
       512,         0,         0,   0.720,exact_mw,a17a1dfb4cb0509fbcf9caf9ce6f4704b111f022b15740e51c84c2b7e14a6407,"{""distance"":7,""physical_error_rate"":0.001}","{""detection_events"":1608,""detectors_checked"":308224}"
     19456,         0,         0,    4.27,exact_mw,8973b2281876bd917be29e6214e197de75d185bf3f5e531e264555f10574746e,"{""distance"":7,""physical_error_rate"":0.0005}","{""detection_events"":28387,""detectors_checked"":11712512}"
      2048,         0,         0,   0.423,exact_mw,8973b2281876bd917be29e6214e197de75d185bf3f5e531e264555f10574746e,"{""distance"":7,""physical_error_rate"":0.0005}","{""detection_events"":3138,""detectors_checked"":1232896}"
      2048,         0,         0,   0.279,exact_mw,8973b2281876bd917be29e6214e197de75d185bf3f5e531e264555f10574746e,"{""distance"":7,""physical_error_rate"":0.0005}","{""detection_events"":3008,""detectors_checked"":1232896}"
      1024,         0,         0,   0.228,exact_mw,8973b2281876bd917be29e6214e197de75d185bf3f5e531e264555f10574746e,"{""distance"":7,""physical_error_rate"":0.0005}","{""detection_events"":1512,""detectors_checked"":616448}"
       384,         0,         0,    2.05,exact_mw,f9daf7670c28e8b8b7ac9af8e1984263f26063cb589f7a54f43332f7ce5001d2,"{""distance"":7,""physical_error_rate"":0.002}","{""detection_events"":2341,""detectors_checked"":231168}"
      4096,         0,         0,   0.534,exact_mw,8973b2281876bd917be29e6214e197de75d185bf3f5e531e264555f10574746e,"{""distance"":7,""physical_error_rate"":0.0005}","{""detection_events"":6171,""detectors_checked"":2465792}"
      1024,         0,         0,   0.289,exact_mw,8973b2281876bd917be29e6214e197de75d185bf3f5e531e264555f10574746e,"{""distance"":7,""physical_error_rate"":0.0005}","{""detection_events"":1462,""detectors_checked"":616448}"
       512,         0,         0,   0.649,exact_mw,a17a1dfb4cb0509fbcf9caf9ce6f4704b111f022b15740e51c84c2b7e14a6407,"{""distance"":7,""physical_error_rate"":0.001}","{""detection_events"":1513,""detectors_checked"":308224}"
     20480,         0,         0,    4.34,exact_mw,8973b2281876bd917be29e6214e197de75d185bf3f5e531e264555f10574746e,"{""distance"":7,""physical_error_rate"":0.0005}","{""detection_events"":30293,""detectors_checked"":12328960}"
      2048,         0,         0,    2.27,exact_mw,a17a1dfb4cb0509fbcf9caf9ce6f4704b111f022b15740e51c84c2b7e14a6407,"{""distance"":7,""physical_error_rate"":0.001}","{""detection_events"":5948,""detectors_checked"":1232896}"
      3072,         0,         0,   0.549,exact_mw,8973b2281876bd917be29e6214e197de75d185bf3f5e531e264555f10574746e,"{""distance"":7,""physical_error_rate"":0.0005}","{""detection_events"":4397,""detectors_checked"":1849344}"
       512,         0,         0,   0.604,exact_mw,a17a1dfb4cb0509fbcf9caf9ce6f4704b111f022b15740e51c84c2b7e14a6407,"{""distance"":7,""physical_error_rate"":0.001}","{""detection_events"":1616,""detectors_checked"":308224}"
      4096,         0,         0,   0.763,exact_mw,8973b2281876bd917be29e6214e197de75d185bf3f5e531e264555f10574746e,"{""distance"":7,""physical_error_rate"":0.0005}","{""detection_events"":6126,""detectors_checked"":2465792}"
      2560,         0,         0,    2.41,exact_mw,a17a1dfb4cb0509fbcf9caf9ce6f4704b111f022b15740e51c84c2b7e14a6407,"{""distance"":7,""physical_error_rate"":0.001}","{""detection_events"":7408,""detectors_checked"":1541120}"
      1024,         0,         0,    4.50,exact_mw,f9daf7670c28e8b8b7ac9af8e1984263f26063cb589f7a54f43332f7ce5001d2,"{""distance"":7,""physical_error_rate"":0.002}","{""detection_events"":6178,""detectors_checked"":616448}"
       640,         0,         0,    4.47,exact_mw,f9daf7670c28e8b8b7ac9af8e1984263f26063cb589f7a54f43332f7ce5001d2,"{""distance"":7,""physical_error_rate"":0.002}","{""detection_events"":3827,""detectors_checked"":385280}"
       512,         0,         0,   0.508,exact_mw,a17a1dfb4cb0509fbcf9caf9ce6f4704b111f022b15740e51c84c2b7e14a6407,"{""distance"":7,""physical_error_rate"":0.001}","{""detection_events"":1579,""detectors_checked"":308224}"
      3072,         0,         0,   0.711,exact_mw,8973b2281876bd917be29e6214e197de75d185bf3f5e531e264555f10574746e,"{""distance"":7,""physical_error_rate"":0.0005}","{""detection_events"":4476,""detectors_checked"":1849344}"
       512,         0,         0,    3.78,exact_mw,f9daf7670c28e8b8b7ac9af8e1984263f26063cb589f7a54f43332f7ce5001d2,"{""distance"":7,""physical_error_rate"":0.002}","{""detection_events"":3166,""detectors_checked"":308224}"
      5120,         0,         0,   0.795,exact_mw,8973b2281876bd917be29e6214e197de75d185bf3f5e531e264555f10574746e,"{""distance"":7,""physical_error_rate"":0.0005}","{""detection_events"":7217,""detectors_checked"":3082240}"
       512,         0,         0,   0.501,exact_mw,a17a1dfb4cb0509fbcf9caf9ce6f4704b111f022b15740e51c84c2b7e14a6407,"{""distance"":7,""physical_error_rate"":0.001}","{""detection_events"":1536,""detectors_checked"":308224}"
       768,         0,         0,    5.04,exact_mw,f9daf7670c28e8b8b7ac9af8e1984263f26063cb589f7a54f43332f7ce5001d2,"{""distance"":7,""physical_error_rate"":0.002}","{""detection_events"":4375,""detectors_checked"":462336}"
       384,         0,         0,    2.25,exact_mw,f9daf7670c28e8b8b7ac9af8e1984263f26063cb589f7a54f43332f7ce5001d2,"{""distance"":7,""physical_error_rate"":0.002}","{""detection_events"":2179,""detectors_checked"":231168}"
      5120,         0,         0,   0.823,exact_mw,8973b2281876bd917be29e6214e197de75d185bf3f5e531e264555f10574746e,"{""distance"":7,""physical_error_rate"":0.0005}","{""detection_events"":7398,""detectors_checked"":3082240}"
    373760,         2,         0,   119.9,exact_mw,8973b2281876bd917be29e6214e197de75d185bf3f5e531e264555f10574746e,"{""distance"":7,""physical_error_rate"":0.0005}","{""detection_events"":551528,""detectors_checked"":225003520,""obs_mistake_mask=E"":2}"
       512,         0,         0,   0.548,exact_mw,a17a1dfb4cb0509fbcf9caf9ce6f4704b111f022b15740e51c84c2b7e14a6407,"{""distance"":7,""physical_error_rate"":0.001}","{""detection_events"":1627,""detectors_checked"":308224}"
      6144,         0,         0,    1.16,exact_mw,8973b2281876bd917be29e6214e197de75d185bf3f5e531e264555f10574746e,"{""distance"":7,""physical_error_rate"":0.0005}","{""detection_events"":9377,""detectors_checked"":3698688}"
       512,         0,         0,   0.573,exact_mw,a17a1dfb4cb0509fbcf9caf9ce6f4704b111f022b15740e51c84c2b7e14a6407,"{""distance"":7,""physical_error_rate"":0.001}","{""detection_events"":1476,""detectors_checked"":308224}"
       896,         0,         0,    4.77,exact_mw,f9daf7670c28e8b8b7ac9af8e1984263f26063cb589f7a54f43332f7ce5001d2,"{""distance"":7,""physical_error_rate"":0.002}","{""detection_events"":4827,""detectors_checked"":539392}"
      7168,         0,         0,    1.13,exact_mw,8973b2281876bd917be29e6214e197de75d185bf3f5e531e264555f10574746e,"{""distance"":7,""physical_error_rate"":0.0005}","{""detection_events"":10169,""detectors_checked"":4315136}"
       512,         0,         0,   0.487,exact_mw,a17a1dfb4cb0509fbcf9caf9ce6f4704b111f022b15740e51c84c2b7e14a6407,"{""distance"":7,""physical_error_rate"":0.001}","{""detection_events"":1474,""detectors_checked"":308224}"
     36864,         1,         0,    6.07,exact_mw,8973b2281876bd917be29e6214e197de75d185bf3f5e531e264555f10574746e,"{""distance"":7,""physical_error_rate"":0.0005}","{""detection_events"":54135,""detectors_checked"":22192128,""obs_mistake_mask=E"":1}"
      5120,         0,         0,    4.87,exact_mw,a17a1dfb4cb0509fbcf9caf9ce6f4704b111f022b15740e51c84c2b7e14a6407,"{""distance"":7,""physical_error_rate"":0.001}","{""detection_events"":15518,""detectors_checked"":3082240}"
      3072,         0,         0,    3.04,exact_mw,a17a1dfb4cb0509fbcf9caf9ce6f4704b111f022b15740e51c84c2b7e14a6407,"{""distance"":7,""physical_error_rate"":0.001}","{""detection_events"":9266,""detectors_checked"":1849344}"
      3584,         0,         0,    4.87,exact_mw,a17a1dfb4cb0509fbcf9caf9ce6f4704b111f022b15740e51c84c2b7e14a6407,"{""distance"":7,""physical_error_rate"":0.001}","{""detection_events"":10524,""detectors_checked"":2157568}"
       512,         0,         0,   0.538,exact_mw,a17a1dfb4cb0509fbcf9caf9ce6f4704b111f022b15740e51c84c2b7e14a6407,"{""distance"":7,""physical_error_rate"":0.001}","{""detection_events"":1587,""detectors_checked"":308224}"
    119424,         2,         0,   120.5,exact_mw,a17a1dfb4cb0509fbcf9caf9ce6f4704b111f022b15740e51c84c2b7e14a6407,"{""distance"":7,""physical_error_rate"":0.001}","{""detection_events"":353283,""detectors_checked"":71893248,""obs_mistake_mask=E"":2}"
      2560,         0,         0,    3.53,exact_mw,a17a1dfb4cb0509fbcf9caf9ce6f4704b111f022b15740e51c84c2b7e14a6407,"{""distance"":7,""physical_error_rate"":0.001}","{""detection_events"":7290,""detectors_checked"":1541120}"
      9216,         0,         0,    1.56,exact_mw,8973b2281876bd917be29e6214e197de75d185bf3f5e531e264555f10574746e,"{""distance"":7,""physical_error_rate"":0.0005}","{""detection_events"":13853,""detectors_checked"":5548032}"
       512,         0,         0,   0.556,exact_mw,a17a1dfb4cb0509fbcf9caf9ce6f4704b111f022b15740e51c84c2b7e14a6407,"{""distance"":7,""physical_error_rate"":0.001}","{""detection_events"":1507,""detectors_checked"":308224}"
      8192,         0,         0,    1.62,exact_mw,8973b2281876bd917be29e6214e197de75d185bf3f5e531e264555f10574746e,"{""distance"":7,""physical_error_rate"":0.0005}","{""detection_events"":12448,""detectors_checked"":4931584}"
       512,         0,         0,   0.614,exact_mw,a17a1dfb4cb0509fbcf9caf9ce6f4704b111f022b15740e51c84c2b7e14a6407,"{""distance"":7,""physical_error_rate"":0.001}","{""detection_events"":1444,""detectors_checked"":308224}"
       512,         0,         0,    3.24,exact_mw,f9daf7670c28e8b8b7ac9af8e1984263f26063cb589f7a54f43332f7ce5001d2,"{""distance"":7,""physical_error_rate"":0.002}","{""detection_events"":2888,""detectors_checked"":308224}"
     25600,         0,         0,    6.12,exact_mw,8973b2281876bd917be29e6214e197de75d185bf3f5e531e264555f10574746e,"{""distance"":7,""physical_error_rate"":0.0005}","{""detection_events"":37758,""detectors_checked"":15411200}"
       896,         0,         0,    4.53,exact_mw,f9daf7670c28e8b8b7ac9af8e1984263f26063cb589f7a54f43332f7ce5001d2,"{""distance"":7,""physical_error_rate"":0.002}","{""detection_events"":5078,""detectors_checked"":539392}"
      1024,         0,         0,    1.17,exact_mw,a17a1dfb4cb0509fbcf9caf9ce6f4704b111f022b15740e51c84c2b7e14a6407,"{""distance"":7,""physical_error_rate"":0.001}","{""detection_events"":2984,""detectors_checked"":616448}"
     26624,         0,         0,    6.12,exact_mw,8973b2281876bd917be29e6214e197de75d185bf3f5e531e264555f10574746e,"{""distance"":7,""physical_error_rate"":0.0005}","{""detection_events"":40052,""detectors_checked"":16027648}"
     13312,         0,         0,    2.20,exact_mw,8973b2281876bd917be29e6214e197de75d185bf3f5e531e264555f10574746e,"{""distance"":7,""physical_error_rate"":0.0005}","{""detection_events"":19765,""detectors_checked"":8013824}"
     14336,         0,         0,    2.22,exact_mw,8973b2281876bd917be29e6214e197de75d185bf3f5e531e264555f10574746e,"{""distance"":7,""physical_error_rate"":0.0005}","{""detection_events"":21395,""detectors_checked"":8630272}"
      1408,         0,         0,    6.47,exact_mw,f9daf7670c28e8b8b7ac9af8e1984263f26063cb589f7a54f43332f7ce5001d2,"{""distance"":7,""physical_error_rate"":0.002}","{""detection_events"":8279,""detectors_checked"":847616}"
      1024,         0,         0,    6.52,exact_mw,f9daf7670c28e8b8b7ac9af8e1984263f26063cb589f7a54f43332f7ce5001d2,"{""distance"":7,""physical_error_rate"":0.002}","{""detection_events"":5921,""detectors_checked"":616448}"
      1280,         0,         0,    5.99,exact_mw,f9daf7670c28e8b8b7ac9af8e1984263f26063cb589f7a54f43332f7ce5001d2,"{""distance"":7,""physical_error_rate"":0.002}","{""detection_events"":7278,""detectors_checked"":770560}"
      1024,         0,         0,    1.58,exact_mw,a17a1dfb4cb0509fbcf9caf9ce6f4704b111f022b15740e51c84c2b7e14a6407,"{""distance"":7,""physical_error_rate"":0.001}","{""detection_events"":3066,""detectors_checked"":616448}"
      5120,         0,         0,    5.32,exact_mw,a17a1dfb4cb0509fbcf9caf9ce6f4704b111f022b15740e51c84c2b7e14a6407,"{""distance"":7,""physical_error_rate"":0.001}","{""detection_events"":14809,""detectors_checked"":3082240}"
      3584,         0,         0,    4.82,exact_mw,a17a1dfb4cb0509fbcf9caf9ce6f4704b111f022b15740e51c84c2b7e14a6407,"{""distance"":7,""physical_error_rate"":0.001}","{""detection_events"":10614,""detectors_checked"":2157568}"
      1152,         0,         0,    6.32,exact_mw,f9daf7670c28e8b8b7ac9af8e1984263f26063cb589f7a54f43332f7ce5001d2,"{""distance"":7,""physical_error_rate"":0.002}","{""detection_events"":6373,""detectors_checked"":693504}"
     18432,         0,         0,    3.17,exact_mw,8973b2281876bd917be29e6214e197de75d185bf3f5e531e264555f10574746e,"{""distance"":7,""physical_error_rate"":0.0005}","{""detection_events"":26879,""detectors_checked"":11096064}"
      6656,         0,         0,    6.16,exact_mw,a17a1dfb4cb0509fbcf9caf9ce6f4704b111f022b15740e51c84c2b7e14a6407,"{""distance"":7,""physical_error_rate"":0.001}","{""detection_events"":19488,""detectors_checked"":4006912}"
      1536,         0,         0,    2.25,exact_mw,a17a1dfb4cb0509fbcf9caf9ce6f4704b111f022b15740e51c84c2b7e14a6407,"{""distance"":7,""physical_error_rate"":0.001}","{""detection_events"":4605,""detectors_checked"":924672}"
      7168,         1,         0,    6.67,exact_mw,a17a1dfb4cb0509fbcf9caf9ce6f4704b111f022b15740e51c84c2b7e14a6407,"{""distance"":7,""physical_error_rate"":0.001}","{""detection_events"":21710,""detectors_checked"":4315136,""obs_mistake_mask=E"":1}"
     17408,         0,         0,    3.13,exact_mw,8973b2281876bd917be29e6214e197de75d185bf3f5e531e264555f10574746e,"{""distance"":7,""physical_error_rate"":0.0005}","{""detection_events"":26373,""detectors_checked"":10479616}"
       768,         0,         0,    4.96,exact_mw,f9daf7670c28e8b8b7ac9af8e1984263f26063cb589f7a54f43332f7ce5001d2,"{""distance"":7,""physical_error_rate"":0.002}","{""detection_events"":4598,""detectors_checked"":462336}"
     50176,         1,         0,    8.48,exact_mw,8973b2281876bd917be29e6214e197de75d185bf3f5e531e264555f10574746e,"{""distance"":7,""physical_error_rate"":0.0005}","{""detection_events"":74520,""detectors_checked"":30205952,""obs_mistake_mask=E"":1}"
      1024,         0,         0,    6.04,exact_mw,f9daf7670c28e8b8b7ac9af8e1984263f26063cb589f7a54f43332f7ce5001d2,"{""distance"":7,""physical_error_rate"":0.002}","{""detection_events"":6324,""detectors_checked"":616448}"
      2560,         0,         0,    2.39,exact_mw,a17a1dfb4cb0509fbcf9caf9ce6f4704b111f022b15740e51c84c2b7e14a6407,"{""distance"":7,""physical_error_rate"":0.001}","{""detection_events"":7241,""detectors_checked"":1541120}"
     24576,         0,         0,    4.32,exact_mw,8973b2281876bd917be29e6214e197de75d185bf3f5e531e264555f10574746e,"{""distance"":7,""physical_error_rate"":0.0005}","{""detection_events"":35911,""detectors_checked"":14794752}"
     38912,         0,         0,    8.54,exact_mw,8973b2281876bd917be29e6214e197de75d185bf3f5e531e264555f10574746e,"{""distance"":7,""physical_error_rate"":0.0005}","{""detection_events"":57201,""detectors_checked"":23425024}"
     14336,         0,         0,    4.63,exact_mw,8973b2281876bd917be29e6214e197de75d185bf3f5e531e264555f10574746e,"{""distance"":7,""physical_error_rate"":0.0005}","{""detection_events"":21153,""detectors_checked"":8630272}"
     35840,         0,         0,    8.56,exact_mw,8973b2281876bd917be29e6214e197de75d185bf3f5e531e264555f10574746e,"{""distance"":7,""physical_error_rate"":0.0005}","{""detection_events"":53183,""detectors_checked"":21575680}"
      4608,         1,         0,    6.24,exact_mw,a17a1dfb4cb0509fbcf9caf9ce6f4704b111f022b15740e51c84c2b7e14a6407,"{""distance"":7,""physical_error_rate"":0.001}","{""detection_events"":13828,""detectors_checked"":2774016,""obs_mistake_mask=E"":1}"
      5120,         0,         0,    6.35,exact_mw,a17a1dfb4cb0509fbcf9caf9ce6f4704b111f022b15740e51c84c2b7e14a6407,"{""distance"":7,""physical_error_rate"":0.001}","{""detection_events"":14787,""detectors_checked"":3082240}"
      3072,         0,         0,    3.24,exact_mw,a17a1dfb4cb0509fbcf9caf9ce6f4704b111f022b15740e51c84c2b7e14a6407,"{""distance"":7,""physical_error_rate"":0.001}","{""detection_events"":9207,""detectors_checked"":1849344}"
     84160,         1,         0,   119.9,exact_mw,a17a1dfb4cb0509fbcf9caf9ce6f4704b111f022b15740e51c84c2b7e14a6407,"{""distance"":7,""physical_error_rate"":0.001}","{""detection_events"":249651,""detectors_checked"":50664320,""obs_mistake_mask=E"":1}"
      1792,         1,         0,    8.40,exact_mw,f9daf7670c28e8b8b7ac9af8e1984263f26063cb589f7a54f43332f7ce5001d2,"{""distance"":7,""physical_error_rate"":0.002}","{""detection_events"":10702,""detectors_checked"":1078784,""obs_mistake_mask=E"":1}"
     16368,         2,         0,   120.4,exact_mw,f9daf7670c28e8b8b7ac9af8e1984263f26063cb589f7a54f43332f7ce5001d2,"{""distance"":7,""physical_error_rate"":0.002}","{""detection_events"":97037,""detectors_checked"":9853536,""obs_mistake_mask=E"":2}"
      1536,         0,         0,    8.57,exact_mw,f9daf7670c28e8b8b7ac9af8e1984263f26063cb589f7a54f43332f7ce5001d2,"{""distance"":7,""physical_error_rate"":0.002}","{""detection_events"":9120,""detectors_checked"":924672}"
      1536,         1,         0,    8.64,exact_mw,f9daf7670c28e8b8b7ac9af8e1984263f26063cb589f7a54f43332f7ce5001d2,"{""distance"":7,""physical_error_rate"":0.002}","{""detection_events"":8773,""detectors_checked"":924672,""obs_mistake_mask=E"":1}"
      1408,         0,         0,    6.50,exact_mw,f9daf7670c28e8b8b7ac9af8e1984263f26063cb589f7a54f43332f7ce5001d2,"{""distance"":7,""physical_error_rate"":0.002}","{""detection_events"":8276,""detectors_checked"":847616}"
     24896,         6,         0,   120.2,exact_mw,f9daf7670c28e8b8b7ac9af8e1984263f26063cb589f7a54f43332f7ce5001d2,"{""distance"":7,""physical_error_rate"":0.002}","{""detection_events"":145691,""detectors_checked"":14987392,""obs_mistake_mask=E"":6}"
      1920,         0,         0,    8.56,exact_mw,f9daf7670c28e8b8b7ac9af8e1984263f26063cb589f7a54f43332f7ce5001d2,"{""distance"":7,""physical_error_rate"":0.002}","{""detection_events"":11318,""detectors_checked"":1155840}"
      7168,         0,         0,    8.58,exact_mw,a17a1dfb4cb0509fbcf9caf9ce6f4704b111f022b15740e51c84c2b7e14a6407,"{""distance"":7,""physical_error_rate"":0.001}","{""detection_events"":20883,""detectors_checked"":4315136}"
      9216,         0,         0,    8.51,exact_mw,a17a1dfb4cb0509fbcf9caf9ce6f4704b111f022b15740e51c84c2b7e14a6407,"{""distance"":7,""physical_error_rate"":0.001}","{""detection_events"":26997,""detectors_checked"":5548032}"
     33792,         0,         0,    6.06,exact_mw,8973b2281876bd917be29e6214e197de75d185bf3f5e531e264555f10574746e,"{""distance"":7,""physical_error_rate"":0.0005}","{""detection_events"":49453,""detectors_checked"":20342784}"
      4608,         0,         0,    4.71,exact_mw,a17a1dfb4cb0509fbcf9caf9ce6f4704b111f022b15740e51c84c2b7e14a6407,"{""distance"":7,""physical_error_rate"":0.001}","{""detection_events"":13263,""detectors_checked"":2774016}"
      1536,         0,         0,    8.42,exact_mw,f9daf7670c28e8b8b7ac9af8e1984263f26063cb589f7a54f43332f7ce5001d2,"{""distance"":7,""physical_error_rate"":0.002}","{""detection_events"":9224,""detectors_checked"":924672}"
     19456,         0,         0,    6.11,exact_mw,8973b2281876bd917be29e6214e197de75d185bf3f5e531e264555f10574746e,"{""distance"":7,""physical_error_rate"":0.0005}","{""detection_events"":29287,""detectors_checked"":11712512}"
     71680,         0,         0,    11.8,exact_mw,8973b2281876bd917be29e6214e197de75d185bf3f5e531e264555f10574746e,"{""distance"":7,""physical_error_rate"":0.0005}","{""detection_events"":106235,""detectors_checked"":43151360}"
      6656,         0,         0,    8.57,exact_mw,a17a1dfb4cb0509fbcf9caf9ce6f4704b111f022b15740e51c84c2b7e14a6407,"{""distance"":7,""physical_error_rate"":0.001}","{""detection_events"":19116,""detectors_checked"":4006912}"
      7680,         0,         0,    8.57,exact_mw,a17a1dfb4cb0509fbcf9caf9ce6f4704b111f022b15740e51c84c2b7e14a6407,"{""distance"":7,""physical_error_rate"":0.001}","{""detection_events"":22169,""detectors_checked"":4623360}"
      1408,         0,         0,    8.80,exact_mw,f9daf7670c28e8b8b7ac9af8e1984263f26063cb589f7a54f43332f7ce5001d2,"{""distance"":7,""physical_error_rate"":0.002}","{""detection_events"":8163,""detectors_checked"":847616}"
     62464,         1,         0,    11.7,exact_mw,8973b2281876bd917be29e6214e197de75d185bf3f5e531e264555f10574746e,"{""distance"":7,""physical_error_rate"":0.0005}","{""detection_events"":92393,""detectors_checked"":37603328,""obs_mistake_mask=E"":1}"
      5632,         0,         0,    6.22,exact_mw,a17a1dfb4cb0509fbcf9caf9ce6f4704b111f022b15740e51c84c2b7e14a6407,"{""distance"":7,""physical_error_rate"":0.001}","{""detection_events"":16105,""detectors_checked"":3390464}"
     48128,         0,         0,    11.8,exact_mw,8973b2281876bd917be29e6214e197de75d185bf3f5e531e264555f10574746e,"{""distance"":7,""physical_error_rate"":0.0005}","{""detection_events"":71419,""detectors_checked"":28973056}"
      2816,         0,         0,    12.1,exact_mw,f9daf7670c28e8b8b7ac9af8e1984263f26063cb589f7a54f43332f7ce5001d2,"{""distance"":7,""physical_error_rate"":0.002}","{""detection_events"":16319,""detectors_checked"":1695232}"
      2176,         0,         0,    12.0,exact_mw,f9daf7670c28e8b8b7ac9af8e1984263f26063cb589f7a54f43332f7ce5001d2,"{""distance"":7,""physical_error_rate"":0.002}","{""detection_events"":12628,""detectors_checked"":1309952}"
      1920,         1,         0,    12.0,exact_mw,f9daf7670c28e8b8b7ac9af8e1984263f26063cb589f7a54f43332f7ce5001d2,"{""distance"":7,""physical_error_rate"":0.002}","{""detection_events"":11643,""detectors_checked"":1155840,""obs_mistake_mask=E"":1}"
     56320,         0,         0,    8.51,exact_mw,8973b2281876bd917be29e6214e197de75d185bf3f5e531e264555f10574746e,"{""distance"":7,""physical_error_rate"":0.0005}","{""detection_events"":82822,""detectors_checked"":33904640}"
     19456,         0,         0,    8.64,exact_mw,8973b2281876bd917be29e6214e197de75d185bf3f5e531e264555f10574746e,"{""distance"":7,""physical_error_rate"":0.0005}","{""detection_events"":28926,""detectors_checked"":11712512}"
      9728,         0,         0,    11.8,exact_mw,a17a1dfb4cb0509fbcf9caf9ce6f4704b111f022b15740e51c84c2b7e14a6407,"{""distance"":7,""physical_error_rate"":0.001}","{""detection_events"":29166,""detectors_checked"":5856256}"
      2560,         1,         0,    12.3,exact_mw,f9daf7670c28e8b8b7ac9af8e1984263f26063cb589f7a54f43332f7ce5001d2,"{""distance"":7,""physical_error_rate"":0.002}","{""detection_events"":15133,""detectors_checked"":1541120,""obs_mistake_mask=E"":1}"
     14336,         0,         0,    11.9,exact_mw,a17a1dfb4cb0509fbcf9caf9ce6f4704b111f022b15740e51c84c2b7e14a6407,"{""distance"":7,""physical_error_rate"":0.001}","{""detection_events"":42359,""detectors_checked"":8630272}"
    680448,         2,         0,   120.0,exact_mw,8973b2281876bd917be29e6214e197de75d185bf3f5e531e264555f10574746e,"{""distance"":7,""physical_error_rate"":0.0005}","{""detection_events"":1008409,""detectors_checked"":409629696,""obs_mistake_mask=E"":2}"
      2816,         0,         0,    11.9,exact_mw,f9daf7670c28e8b8b7ac9af8e1984263f26063cb589f7a54f43332f7ce5001d2,"{""distance"":7,""physical_error_rate"":0.002}","{""detection_events"":16483,""detectors_checked"":1695232}"
      9216,         1,         0,    8.35,exact_mw,a17a1dfb4cb0509fbcf9caf9ce6f4704b111f022b15740e51c84c2b7e14a6407,"{""distance"":7,""physical_error_rate"":0.001}","{""detection_events"":27582,""detectors_checked"":5548032,""obs_mistake_mask=E"":1}"
     13312,         0,         0,    12.5,exact_mw,a17a1dfb4cb0509fbcf9caf9ce6f4704b111f022b15740e51c84c2b7e14a6407,"{""distance"":7,""physical_error_rate"":0.001}","{""detection_events"":38882,""detectors_checked"":8013824}"
      6144,         0,         0,    12.5,exact_mw,a17a1dfb4cb0509fbcf9caf9ce6f4704b111f022b15740e51c84c2b7e14a6407,"{""distance"":7,""physical_error_rate"":0.001}","{""detection_events"":18256,""detectors_checked"":3698688}"
      2048,         0,         0,    11.8,exact_mw,f9daf7670c28e8b8b7ac9af8e1984263f26063cb589f7a54f43332f7ce5001d2,"{""distance"":7,""physical_error_rate"":0.002}","{""detection_events"":12296,""detectors_checked"":1232896}"
    131584,         1,         0,   120.1,exact_mw,a17a1dfb4cb0509fbcf9caf9ce6f4704b111f022b15740e51c84c2b7e14a6407,"{""distance"":7,""physical_error_rate"":0.001}","{""detection_events"":384180,""detectors_checked"":79213568,""obs_mistake_mask=E"":1}"
    121088,         1,         0,   121.4,exact_mw,a17a1dfb4cb0509fbcf9caf9ce6f4704b111f022b15740e51c84c2b7e14a6407,"{""distance"":7,""physical_error_rate"":0.001}","{""detection_events"":355887,""detectors_checked"":72894976,""obs_mistake_mask=E"":1}"
    698368,         0,         0,   120.2,exact_mw,8973b2281876bd917be29e6214e197de75d185bf3f5e531e264555f10574746e,"{""distance"":7,""physical_error_rate"":0.0005}","{""detection_events"":1035351,""detectors_checked"":420417536}"
    510976,         2,         0,   119.9,exact_mw,8973b2281876bd917be29e6214e197de75d185bf3f5e531e264555f10574746e,"{""distance"":7,""physical_error_rate"":0.0005}","{""detection_events"":751940,""detectors_checked"":307607552,""obs_mistake_mask=E"":2}"
    102400,         0,         0,    16.4,exact_mw,8973b2281876bd917be29e6214e197de75d185bf3f5e531e264555f10574746e,"{""distance"":7,""physical_error_rate"":0.0005}","{""detection_events"":152164,""detectors_checked"":61644800}"
     77824,         0,         0,    11.8,exact_mw,8973b2281876bd917be29e6214e197de75d185bf3f5e531e264555f10574746e,"{""distance"":7,""physical_error_rate"":0.0005}","{""detection_events"":114980,""detectors_checked"":46850048}"
     27136,         3,         0,   120.7,exact_mw,f9daf7670c28e8b8b7ac9af8e1984263f26063cb589f7a54f43332f7ce5001d2,"{""distance"":7,""physical_error_rate"":0.002}","{""detection_events"":159071,""detectors_checked"":16335872,""obs_mistake_mask=E"":3}"
     16384,         0,         0,    12.8,exact_mw,8973b2281876bd917be29e6214e197de75d185bf3f5e531e264555f10574746e,"{""distance"":7,""physical_error_rate"":0.0005}","{""detection_events"":23850,""detectors_checked"":9863168}"
     81920,         0,         0,    17.2,exact_mw,8973b2281876bd917be29e6214e197de75d185bf3f5e531e264555f10574746e,"{""distance"":7,""physical_error_rate"":0.0005}","{""detection_events"":120876,""detectors_checked"":49315840}"
     79872,         0,         0,    16.5,exact_mw,8973b2281876bd917be29e6214e197de75d185bf3f5e531e264555f10574746e,"{""distance"":7,""physical_error_rate"":0.0005}","{""detection_events"":118639,""detectors_checked"":48082944}"
     18464,         1,         0,   120.6,exact_mw,f9daf7670c28e8b8b7ac9af8e1984263f26063cb589f7a54f43332f7ce5001d2,"{""distance"":7,""physical_error_rate"":0.002}","{""detection_events"":108350,""detectors_checked"":11115328,""obs_mistake_mask=E"":1}"
      2944,         0,         0,    16.5,exact_mw,f9daf7670c28e8b8b7ac9af8e1984263f26063cb589f7a54f43332f7ce5001d2,"{""distance"":7,""physical_error_rate"":0.002}","{""detection_events"":16751,""detectors_checked"":1772288}"
      4480,         0,         0,    16.7,exact_mw,f9daf7670c28e8b8b7ac9af8e1984263f26063cb589f7a54f43332f7ce5001d2,"{""distance"":7,""physical_error_rate"":0.002}","{""detection_events"":25455,""detectors_checked"":2696960}"
      2816,         0,         0,    16.8,exact_mw,f9daf7670c28e8b8b7ac9af8e1984263f26063cb589f7a54f43332f7ce5001d2,"{""distance"":7,""physical_error_rate"":0.002}","{""detection_events"":16641,""detectors_checked"":1695232}"
     13824,         1,         0,    11.7,exact_mw,a17a1dfb4cb0509fbcf9caf9ce6f4704b111f022b15740e51c84c2b7e14a6407,"{""distance"":7,""physical_error_rate"":0.001}","{""detection_events"":40740,""detectors_checked"":8322048,""obs_mistake_mask=E"":1}"
     21504,         3,         0,    16.7,exact_mw,a17a1dfb4cb0509fbcf9caf9ce6f4704b111f022b15740e51c84c2b7e14a6407,"{""distance"":7,""physical_error_rate"":0.001}","{""detection_events"":62929,""detectors_checked"":12945408,""obs_mistake_mask=E"":3}"
      4608,         0,         0,    16.8,exact_mw,f9daf7670c28e8b8b7ac9af8e1984263f26063cb589f7a54f43332f7ce5001d2,"{""distance"":7,""physical_error_rate"":0.002}","{""detection_events"":27491,""detectors_checked"":2774016}"
     20480,         0,         0,    16.8,exact_mw,a17a1dfb4cb0509fbcf9caf9ce6f4704b111f022b15740e51c84c2b7e14a6407,"{""distance"":7,""physical_error_rate"":0.001}","{""detection_events"":59811,""detectors_checked"":12328960}"
    136704,         2,         0,   120.6,exact_mw,a17a1dfb4cb0509fbcf9caf9ce6f4704b111f022b15740e51c84c2b7e14a6407,"{""distance"":7,""physical_error_rate"":0.001}","{""detection_events"":404949,""detectors_checked"":82295808,""obs_mistake_mask=E"":2}"
      1808,         1,         0,    17.2,exact_mw,f9daf7670c28e8b8b7ac9af8e1984263f26063cb589f7a54f43332f7ce5001d2,"{""distance"":7,""physical_error_rate"":0.002}","{""detection_events"":10342,""detectors_checked"":1088416,""obs_mistake_mask=E"":1}"
    724992,         1,         0,   119.9,exact_mw,8973b2281876bd917be29e6214e197de75d185bf3f5e531e264555f10574746e,"{""distance"":7,""physical_error_rate"":0.0005}","{""detection_events"":1072301,""detectors_checked"":436445184,""obs_mistake_mask=E"":1}"
     21504,         0,         0,    16.7,exact_mw,a17a1dfb4cb0509fbcf9caf9ce6f4704b111f022b15740e51c84c2b7e14a6407,"{""distance"":7,""physical_error_rate"":0.001}","{""detection_events"":63677,""detectors_checked"":12945408}"
      2560,         1,         0,    17.0,exact_mw,a17a1dfb4cb0509fbcf9caf9ce6f4704b111f022b15740e51c84c2b7e14a6407,"{""distance"":7,""physical_error_rate"":0.001}","{""detection_events"":7764,""detectors_checked"":1541120,""obs_mistake_mask=E"":1}"
      3072,         1,         0,    16.8,exact_mw,f9daf7670c28e8b8b7ac9af8e1984263f26063cb589f7a54f43332f7ce5001d2,"{""distance"":7,""physical_error_rate"":0.002}","{""detection_events"":17888,""detectors_checked"":1849344,""obs_mistake_mask=E"":1}"
    472064,         2,         0,   120.3,exact_mw,8973b2281876bd917be29e6214e197de75d185bf3f5e531e264555f10574746e,"{""distance"":7,""physical_error_rate"":0.0005}","{""detection_events"":699586,""detectors_checked"":284182528,""obs_mistake_mask=E"":2}"
    117760,         0,         0,    16.6,exact_mw,8973b2281876bd917be29e6214e197de75d185bf3f5e531e264555f10574746e,"{""distance"":7,""physical_error_rate"":0.0005}","{""detection_events"":174783,""detectors_checked"":70891520}"
    491008,         2,         0,   119.9,exact_mw,8973b2281876bd917be29e6214e197de75d185bf3f5e531e264555f10574746e,"{""distance"":7,""physical_error_rate"":0.0005}","{""detection_events"":726361,""detectors_checked"":295586816,""obs_mistake_mask=E"":2}"
     27264,         6,         0,   120.1,exact_mw,f9daf7670c28e8b8b7ac9af8e1984263f26063cb589f7a54f43332f7ce5001d2,"{""distance"":7,""physical_error_rate"":0.002}","{""detection_events"":158375,""detectors_checked"":16412928,""obs_mistake_mask=E"":6}"
     15360,         0,         0,    16.9,exact_mw,8973b2281876bd917be29e6214e197de75d185bf3f5e531e264555f10574746e,"{""distance"":7,""physical_error_rate"":0.0005}","{""detection_events"":22348,""detectors_checked"":9246720}"
     75904,         1,         0,   120.0,exact_mw,a17a1dfb4cb0509fbcf9caf9ce6f4704b111f022b15740e51c84c2b7e14a6407,"{""distance"":7,""physical_error_rate"":0.001}","{""detection_events"":223701,""detectors_checked"":45694208,""obs_mistake_mask=E"":1}"
    173056,         1,         0,    23.2,exact_mw,8973b2281876bd917be29e6214e197de75d185bf3f5e531e264555f10574746e,"{""distance"":7,""physical_error_rate"":0.0005}","{""detection_events"":255490,""detectors_checked"":104179712,""obs_mistake_mask=E"":1}"
     19968,         0,         0,    16.7,exact_mw,a17a1dfb4cb0509fbcf9caf9ce6f4704b111f022b15740e51c84c2b7e14a6407,"{""distance"":7,""physical_error_rate"":0.001}","{""detection_events"":59531,""detectors_checked"":12020736}"
     68608,         0,         0,    23.0,exact_mw,8973b2281876bd917be29e6214e197de75d185bf3f5e531e264555f10574746e,"{""distance"":7,""physical_error_rate"":0.0005}","{""detection_events"":100267,""detectors_checked"":41302016}"
    135168,         0,         0,    23.1,exact_mw,8973b2281876bd917be29e6214e197de75d185bf3f5e531e264555f10574746e,"{""distance"":7,""physical_error_rate"":0.0005}","{""detection_events"":200142,""detectors_checked"":81371136}"
     17040,         6,         0,   120.4,exact_mw,f9daf7670c28e8b8b7ac9af8e1984263f26063cb589f7a54f43332f7ce5001d2,"{""distance"":7,""physical_error_rate"":0.002}","{""detection_events"":99865,""detectors_checked"":10258080,""obs_mistake_mask=E"":6}"
      5248,         0,         0,    23.3,exact_mw,f9daf7670c28e8b8b7ac9af8e1984263f26063cb589f7a54f43332f7ce5001d2,"{""distance"":7,""physical_error_rate"":0.002}","{""detection_events"":31091,""detectors_checked"":3159296}"
      3520,         0,         0,    23.0,exact_mw,f9daf7670c28e8b8b7ac9af8e1984263f26063cb589f7a54f43332f7ce5001d2,"{""distance"":7,""physical_error_rate"":0.002}","{""detection_events"":20719,""detectors_checked"":2119040}"
    123904,         4,         0,   120.0,exact_mw,a17a1dfb4cb0509fbcf9caf9ce6f4704b111f022b15740e51c84c2b7e14a6407,"{""distance"":7,""physical_error_rate"":0.001}","{""detection_events"":364704,""detectors_checked"":74590208,""obs_mistake_mask=E"":4}"
     28288,         4,         0,   120.2,exact_mw,f9daf7670c28e8b8b7ac9af8e1984263f26063cb589f7a54f43332f7ce5001d2,"{""distance"":7,""physical_error_rate"":0.002}","{""detection_events"":166658,""detectors_checked"":17029376,""obs_mistake_mask=E"":4}"
      6144,         0,         0,    24.3,exact_mw,f9daf7670c28e8b8b7ac9af8e1984263f26063cb589f7a54f43332f7ce5001d2,"{""distance"":7,""physical_error_rate"":0.002}","{""detection_events"":35923,""detectors_checked"":3698688}"
      6272,         0,         0,    23.0,exact_mw,f9daf7670c28e8b8b7ac9af8e1984263f26063cb589f7a54f43332f7ce5001d2,"{""distance"":7,""physical_error_rate"":0.002}","{""detection_events"":36361,""detectors_checked"":3775744}"
     91136,         0,         0,   120.5,exact_mw,a17a1dfb4cb0509fbcf9caf9ce6f4704b111f022b15740e51c84c2b7e14a6407,"{""distance"":7,""physical_error_rate"":0.001}","{""detection_events"":268832,""detectors_checked"":54863872}"
     27648,         0,         0,    23.5,exact_mw,a17a1dfb4cb0509fbcf9caf9ce6f4704b111f022b15740e51c84c2b7e14a6407,"{""distance"":7,""physical_error_rate"":0.001}","{""detection_events"":81732,""detectors_checked"":16644096}"
     31744,         0,         0,    24.1,exact_mw,a17a1dfb4cb0509fbcf9caf9ce6f4704b111f022b15740e51c84c2b7e14a6407,"{""distance"":7,""physical_error_rate"":0.001}","{""detection_events"":92811,""detectors_checked"":19109888}"
      2256,         0,         0,    23.0,exact_mw,f9daf7670c28e8b8b7ac9af8e1984263f26063cb589f7a54f43332f7ce5001d2,"{""distance"":7,""physical_error_rate"":0.002}","{""detection_events"":13418,""detectors_checked"":1358112}"
    477696,         1,         0,   119.9,exact_mw,8973b2281876bd917be29e6214e197de75d185bf3f5e531e264555f10574746e,"{""distance"":7,""physical_error_rate"":0.0005}","{""detection_events"":704441,""detectors_checked"":287572992,""obs_mistake_mask=E"":1}"
     22528,         0,         0,    23.6,exact_mw,a17a1dfb4cb0509fbcf9caf9ce6f4704b111f022b15740e51c84c2b7e14a6407,"{""distance"":7,""physical_error_rate"":0.001}","{""detection_events"":68106,""detectors_checked"":13561856}"
     10880,         0,         0,    23.3,exact_mw,a17a1dfb4cb0509fbcf9caf9ce6f4704b111f022b15740e51c84c2b7e14a6407,"{""distance"":7,""physical_error_rate"":0.001}","{""detection_events"":32127,""detectors_checked"":6549760}"
      5120,         1,         0,    23.0,exact_mw,f9daf7670c28e8b8b7ac9af8e1984263f26063cb589f7a54f43332f7ce5001d2,"{""distance"":7,""physical_error_rate"":0.002}","{""detection_events"":29903,""detectors_checked"":3082240,""obs_mistake_mask=E"":1}"
    129024,         1,         0,    23.0,exact_mw,8973b2281876bd917be29e6214e197de75d185bf3f5e531e264555f10574746e,"{""distance"":7,""physical_error_rate"":0.0005}","{""detection_events"":191759,""detectors_checked"":77672448,""obs_mistake_mask=E"":1}"
     97792,         0,         0,    23.0,exact_mw,8973b2281876bd917be29e6214e197de75d185bf3f5e531e264555f10574746e,"{""distance"":7,""physical_error_rate"":0.0005}","{""detection_events"":143738,""detectors_checked"":58870784}"
     76096,         0,         0,   120.4,exact_mw,a17a1dfb4cb0509fbcf9caf9ce6f4704b111f022b15740e51c84c2b7e14a6407,"{""distance"":7,""physical_error_rate"":0.001}","{""detection_events"":224427,""detectors_checked"":45809792}"
     25792,         6,         0,   120.3,exact_mw,f9daf7670c28e8b8b7ac9af8e1984263f26063cb589f7a54f43332f7ce5001d2,"{""distance"":7,""physical_error_rate"":0.002}","{""detection_events"":151837,""detectors_checked"":15526784,""obs_mistake_mask=E"":6}"
     20480,         0,         0,    23.2,exact_mw,a17a1dfb4cb0509fbcf9caf9ce6f4704b111f022b15740e51c84c2b7e14a6407,"{""distance"":7,""physical_error_rate"":0.001}","{""detection_events"":60362,""detectors_checked"":12328960}"
    667648,         3,         0,   119.9,exact_mw,8973b2281876bd917be29e6214e197de75d185bf3f5e531e264555f10574746e,"{""distance"":7,""physical_error_rate"":0.0005}","{""detection_events"":991142,""detectors_checked"":401924096,""obs_mistake_mask=E"":3}"
    776192,         2,         0,   119.9,exact_mw,8973b2281876bd917be29e6214e197de75d185bf3f5e531e264555f10574746e,"{""distance"":7,""physical_error_rate"":0.0005}","{""detection_events"":1149828,""detectors_checked"":467267584,""obs_mistake_mask=E"":2}"
     26880,         2,         0,   120.3,exact_mw,f9daf7670c28e8b8b7ac9af8e1984263f26063cb589f7a54f43332f7ce5001d2,"{""distance"":7,""physical_error_rate"":0.002}","{""detection_events"":157484,""detectors_checked"":16181760,""obs_mistake_mask=E"":2}"
    160768,         0,         0,    32.1,exact_mw,8973b2281876bd917be29e6214e197de75d185bf3f5e531e264555f10574746e,"{""distance"":7,""physical_error_rate"":0.0005}","{""detection_events"":238638,""detectors_checked"":96782336}"
    125952,         2,         0,   120.0,exact_mw,a17a1dfb4cb0509fbcf9caf9ce6f4704b111f022b15740e51c84c2b7e14a6407,"{""distance"":7,""physical_error_rate"":0.001}","{""detection_events"":373449,""detectors_checked"":75823104,""obs_mistake_mask=E"":2}"
    137728,         3,         0,   120.3,exact_mw,a17a1dfb4cb0509fbcf9caf9ce6f4704b111f022b15740e51c84c2b7e14a6407,"{""distance"":7,""physical_error_rate"":0.001}","{""detection_events"":407234,""detectors_checked"":82912256,""obs_mistake_mask=E"":3}"
    675840,         3,         0,   120.0,exact_mw,8973b2281876bd917be29e6214e197de75d185bf3f5e531e264555f10574746e,"{""distance"":7,""physical_error_rate"":0.0005}","{""detection_events"":1002919,""detectors_checked"":406855680,""obs_mistake_mask=E"":3}"
    658432,         3,         0,   120.0,exact_mw,8973b2281876bd917be29e6214e197de75d185bf3f5e531e264555f10574746e,"{""distance"":7,""physical_error_rate"":0.0005}","{""detection_events"":975196,""detectors_checked"":396376064,""obs_mistake_mask=E"":3}"
    157696,         2,         0,    32.1,exact_mw,8973b2281876bd917be29e6214e197de75d185bf3f5e531e264555f10574746e,"{""distance"":7,""physical_error_rate"":0.0005}","{""detection_events"":232419,""detectors_checked"":94932992,""obs_mistake_mask=E"":2}"
    210944,         0,         0,    32.2,exact_mw,8973b2281876bd917be29e6214e197de75d185bf3f5e531e264555f10574746e,"{""distance"":7,""physical_error_rate"":0.0005}","{""detection_events"":311302,""detectors_checked"":126988288}"
    652288,         2,         0,   119.9,exact_mw,8973b2281876bd917be29e6214e197de75d185bf3f5e531e264555f10574746e,"{""distance"":7,""physical_error_rate"":0.0005}","{""detection_events"":964965,""detectors_checked"":392677376,""obs_mistake_mask=E"":2}"
     22848,         3,         0,   120.2,exact_mw,f9daf7670c28e8b8b7ac9af8e1984263f26063cb589f7a54f43332f7ce5001d2,"{""distance"":7,""physical_error_rate"":0.002}","{""detection_events"":134810,""detectors_checked"":13754496,""obs_mistake_mask=E"":3}"
     24384,         3,         0,   120.1,exact_mw,f9daf7670c28e8b8b7ac9af8e1984263f26063cb589f7a54f43332f7ce5001d2,"{""distance"":7,""physical_error_rate"":0.002}","{""detection_events"":143157,""detectors_checked"":14679168,""obs_mistake_mask=E"":3}"
      7040,         1,         0,    32.4,exact_mw,f9daf7670c28e8b8b7ac9af8e1984263f26063cb589f7a54f43332f7ce5001d2,"{""distance"":7,""physical_error_rate"":0.002}","{""detection_events"":41176,""detectors_checked"":4238080,""obs_mistake_mask=E"":1}"
      5376,         1,         0,    32.5,exact_mw,f9daf7670c28e8b8b7ac9af8e1984263f26063cb589f7a54f43332f7ce5001d2,"{""distance"":7,""physical_error_rate"":0.002}","{""detection_events"":31932,""detectors_checked"":3236352,""obs_mistake_mask=E"":1}"
      6656,         1,         0,    32.6,exact_mw,f9daf7670c28e8b8b7ac9af8e1984263f26063cb589f7a54f43332f7ce5001d2,"{""distance"":7,""physical_error_rate"":0.002}","{""detection_events"":39102,""detectors_checked"":4006912,""obs_mistake_mask=E"":1}"
    727040,         4,         0,   119.9,exact_mw,8973b2281876bd917be29e6214e197de75d185bf3f5e531e264555f10574746e,"{""distance"":7,""physical_error_rate"":0.0005}","{""detection_events"":1074682,""detectors_checked"":437678080,""obs_mistake_mask=E"":4}"
    113152,         4,         0,   121.0,exact_mw,a17a1dfb4cb0509fbcf9caf9ce6f4704b111f022b15740e51c84c2b7e14a6407,"{""distance"":7,""physical_error_rate"":0.001}","{""detection_events"":333149,""detectors_checked"":68117504,""obs_mistake_mask=E"":4}"
      6016,         2,         0,    32.8,exact_mw,f9daf7670c28e8b8b7ac9af8e1984263f26063cb589f7a54f43332f7ce5001d2,"{""distance"":7,""physical_error_rate"":0.002}","{""detection_events"":35332,""detectors_checked"":3621632,""obs_mistake_mask=E"":2}"
     24832,         0,         0,   120.3,exact_mw,f9daf7670c28e8b8b7ac9af8e1984263f26063cb589f7a54f43332f7ce5001d2,"{""distance"":7,""physical_error_rate"":0.002}","{""detection_events"":144459,""detectors_checked"":14948864}"
     25600,         0,         0,    32.3,exact_mw,a17a1dfb4cb0509fbcf9caf9ce6f4704b111f022b15740e51c84c2b7e14a6407,"{""distance"":7,""physical_error_rate"":0.001}","{""detection_events"":74605,""detectors_checked"":15411200}"
     35840,         1,         0,    32.7,exact_mw,a17a1dfb4cb0509fbcf9caf9ce6f4704b111f022b15740e51c84c2b7e14a6407,"{""distance"":7,""physical_error_rate"":0.001}","{""detection_events"":105880,""detectors_checked"":21575680,""obs_mistake_mask=E"":1}"
      6272,         0,         0,    32.6,exact_mw,f9daf7670c28e8b8b7ac9af8e1984263f26063cb589f7a54f43332f7ce5001d2,"{""distance"":7,""physical_error_rate"":0.002}","{""detection_events"":36574,""detectors_checked"":3775744}"
    446464,         2,         0,   120.0,exact_mw,8973b2281876bd917be29e6214e197de75d185bf3f5e531e264555f10574746e,"{""distance"":7,""physical_error_rate"":0.0005}","{""detection_events"":659685,""detectors_checked"":268771328,""obs_mistake_mask=E"":2}"
     25600,         1,         0,    32.2,exact_mw,a17a1dfb4cb0509fbcf9caf9ce6f4704b111f022b15740e51c84c2b7e14a6407,"{""distance"":7,""physical_error_rate"":0.001}","{""detection_events"":74286,""detectors_checked"":15411200,""obs_mistake_mask=E"":1}"
    609280,         0,         0,   120.1,exact_mw,8973b2281876bd917be29e6214e197de75d185bf3f5e531e264555f10574746e,"{""distance"":7,""physical_error_rate"":0.0005}","{""detection_events"":902949,""detectors_checked"":366786560}"
     26112,         0,         0,    32.5,exact_mw,a17a1dfb4cb0509fbcf9caf9ce6f4704b111f022b15740e51c84c2b7e14a6407,"{""distance"":7,""physical_error_rate"":0.001}","{""detection_events"":76697,""detectors_checked"":15719424}"
     14864,         0,         0,   120.3,exact_mw,f9daf7670c28e8b8b7ac9af8e1984263f26063cb589f7a54f43332f7ce5001d2,"{""distance"":7,""physical_error_rate"":0.002}","{""detection_events"":86025,""detectors_checked"":8948128}"
      5248,         0,         0,    32.7,exact_mw,f9daf7670c28e8b8b7ac9af8e1984263f26063cb589f7a54f43332f7ce5001d2,"{""distance"":7,""physical_error_rate"":0.002}","{""detection_events"":30749,""detectors_checked"":3159296}"
    155648,         1,         0,    32.3,exact_mw,8973b2281876bd917be29e6214e197de75d185bf3f5e531e264555f10574746e,"{""distance"":7,""physical_error_rate"":0.0005}","{""detection_events"":230029,""detectors_checked"":93700096,""obs_mistake_mask=E"":1}"
     26368,         6,         0,   120.1,exact_mw,f9daf7670c28e8b8b7ac9af8e1984263f26063cb589f7a54f43332f7ce5001d2,"{""distance"":7,""physical_error_rate"":0.002}","{""detection_events"":154539,""detectors_checked"":15873536,""obs_mistake_mask=E"":6}"
     23552,         4,         0,   120.1,exact_mw,f9daf7670c28e8b8b7ac9af8e1984263f26063cb589f7a54f43332f7ce5001d2,"{""distance"":7,""physical_error_rate"":0.002}","{""detection_events"":138567,""detectors_checked"":14178304,""obs_mistake_mask=E"":4}"
    176128,         1,         0,    32.2,exact_mw,8973b2281876bd917be29e6214e197de75d185bf3f5e531e264555f10574746e,"{""distance"":7,""physical_error_rate"":0.0005}","{""detection_events"":259769,""detectors_checked"":106029056,""obs_mistake_mask=E"":1}"
     88832,         0,         0,   120.0,exact_mw,a17a1dfb4cb0509fbcf9caf9ce6f4704b111f022b15740e51c84c2b7e14a6407,"{""distance"":7,""physical_error_rate"":0.001}","{""detection_events"":261334,""detectors_checked"":53476864}"
    116224,         1,         0,   120.0,exact_mw,a17a1dfb4cb0509fbcf9caf9ce6f4704b111f022b15740e51c84c2b7e14a6407,"{""distance"":7,""physical_error_rate"":0.001}","{""detection_events"":344373,""detectors_checked"":69966848,""obs_mistake_mask=E"":1}"
    117760,         1,         0,   120.2,exact_mw,a17a1dfb4cb0509fbcf9caf9ce6f4704b111f022b15740e51c84c2b7e14a6407,"{""distance"":7,""physical_error_rate"":0.001}","{""detection_events"":347645,""detectors_checked"":70891520,""obs_mistake_mask=E"":1}"
    119808,         2,         0,   120.6,exact_mw,a17a1dfb4cb0509fbcf9caf9ce6f4704b111f022b15740e51c84c2b7e14a6407,"{""distance"":7,""physical_error_rate"":0.001}","{""detection_events"":352682,""detectors_checked"":72124416,""obs_mistake_mask=E"":2}"
     26240,         5,         0,   120.1,exact_mw,f9daf7670c28e8b8b7ac9af8e1984263f26063cb589f7a54f43332f7ce5001d2,"{""distance"":7,""physical_error_rate"":0.002}","{""detection_events"":153390,""detectors_checked"":15796480,""obs_mistake_mask=E"":5}"
     27136,         1,         0,    32.5,exact_mw,a17a1dfb4cb0509fbcf9caf9ce6f4704b111f022b15740e51c84c2b7e14a6407,"{""distance"":7,""physical_error_rate"":0.001}","{""detection_events"":78760,""detectors_checked"":16335872,""obs_mistake_mask=E"":1}"
    637952,         0,         0,   120.4,exact_mw,8973b2281876bd917be29e6214e197de75d185bf3f5e531e264555f10574746e,"{""distance"":7,""physical_error_rate"":0.0005}","{""detection_events"":946598,""detectors_checked"":384047104}"
    123392,         5,         0,   120.0,exact_mw,a17a1dfb4cb0509fbcf9caf9ce6f4704b111f022b15740e51c84c2b7e14a6407,"{""distance"":7,""physical_error_rate"":0.001}","{""detection_events"":364195,""detectors_checked"":74281984,""obs_mistake_mask=E"":5}"
    115968,         0,         0,   120.0,exact_mw,a17a1dfb4cb0509fbcf9caf9ce6f4704b111f022b15740e51c84c2b7e14a6407,"{""distance"":7,""physical_error_rate"":0.001}","{""detection_events"":340497,""detectors_checked"":69812736}"
     27200,         5,         0,   120.0,exact_mw,f9daf7670c28e8b8b7ac9af8e1984263f26063cb589f7a54f43332f7ce5001d2,"{""distance"":7,""physical_error_rate"":0.002}","{""detection_events"":159004,""detectors_checked"":16374400,""obs_mistake_mask=E"":5}"
     22992,         6,         0,   120.1,exact_mw,f9daf7670c28e8b8b7ac9af8e1984263f26063cb589f7a54f43332f7ce5001d2,"{""distance"":7,""physical_error_rate"":0.002}","{""detection_events"":134869,""detectors_checked"":13841184,""obs_mistake_mask=E"":6}"
    269312,         0,         0,    45.0,exact_mw,8973b2281876bd917be29e6214e197de75d185bf3f5e531e264555f10574746e,"{""distance"":7,""physical_error_rate"":0.0005}","{""detection_events"":398785,""detectors_checked"":162125824}"
    227328,         1,         0,    45.0,exact_mw,8973b2281876bd917be29e6214e197de75d185bf3f5e531e264555f10574746e,"{""distance"":7,""physical_error_rate"":0.0005}","{""detection_events"":336507,""detectors_checked"":136851456,""obs_mistake_mask=E"":1}"
    310272,         0,         0,    45.0,exact_mw,8973b2281876bd917be29e6214e197de75d185bf3f5e531e264555f10574746e,"{""distance"":7,""physical_error_rate"":0.0005}","{""detection_events"":459036,""detectors_checked"":186783744}"
      7344,         3,         0,    45.1,exact_mw,f9daf7670c28e8b8b7ac9af8e1984263f26063cb589f7a54f43332f7ce5001d2,"{""distance"":7,""physical_error_rate"":0.002}","{""detection_events"":42751,""detectors_checked"":4421088,""obs_mistake_mask=E"":3}"
      8576,         2,         0,    45.4,exact_mw,f9daf7670c28e8b8b7ac9af8e1984263f26063cb589f7a54f43332f7ce5001d2,"{""distance"":7,""physical_error_rate"":0.002}","{""detection_events"":50614,""detectors_checked"":5162752,""obs_mistake_mask=E"":2}"
     11136,         1,         0,    45.2,exact_mw,f9daf7670c28e8b8b7ac9af8e1984263f26063cb589f7a54f43332f7ce5001d2,"{""distance"":7,""physical_error_rate"":0.002}","{""detection_events"":65058,""detectors_checked"":6703872,""obs_mistake_mask=E"":1}"
     10368,         0,         0,    45.3,exact_mw,f9daf7670c28e8b8b7ac9af8e1984263f26063cb589f7a54f43332f7ce5001d2,"{""distance"":7,""physical_error_rate"":0.002}","{""detection_events"":61651,""detectors_checked"":6241536}"
     51200,         1,         0,    45.7,exact_mw,a17a1dfb4cb0509fbcf9caf9ce6f4704b111f022b15740e51c84c2b7e14a6407,"{""distance"":7,""physical_error_rate"":0.001}","{""detection_events"":150353,""detectors_checked"":30822400,""obs_mistake_mask=E"":1}"
     52224,         1,         0,    45.6,exact_mw,a17a1dfb4cb0509fbcf9caf9ce6f4704b111f022b15740e51c84c2b7e14a6407,"{""distance"":7,""physical_error_rate"":0.001}","{""detection_events"":154092,""detectors_checked"":31438848,""obs_mistake_mask=E"":1}"
     10368,         1,         0,    45.3,exact_mw,f9daf7670c28e8b8b7ac9af8e1984263f26063cb589f7a54f43332f7ce5001d2,"{""distance"":7,""physical_error_rate"":0.002}","{""detection_events"":61177,""detectors_checked"":6241536,""obs_mistake_mask=E"":1}"
    554496,         4,         0,   120.0,exact_mw,8973b2281876bd917be29e6214e197de75d185bf3f5e531e264555f10574746e,"{""distance"":7,""physical_error_rate"":0.0005}","{""detection_events"":818574,""detectors_checked"":333806592,""obs_mistake_mask=E"":4}"
     50176,         1,         0,    45.4,exact_mw,a17a1dfb4cb0509fbcf9caf9ce6f4704b111f022b15740e51c84c2b7e14a6407,"{""distance"":7,""physical_error_rate"":0.001}","{""detection_events"":148465,""detectors_checked"":30205952,""obs_mistake_mask=E"":1}"
     49152,         2,         0,    45.2,exact_mw,a17a1dfb4cb0509fbcf9caf9ce6f4704b111f022b15740e51c84c2b7e14a6407,"{""distance"":7,""physical_error_rate"":0.001}","{""detection_events"":146495,""detectors_checked"":29589504,""obs_mistake_mask=E"":2}"
     11136,         1,         0,    45.5,exact_mw,f9daf7670c28e8b8b7ac9af8e1984263f26063cb589f7a54f43332f7ce5001d2,"{""distance"":7,""physical_error_rate"":0.002}","{""detection_events"":64900,""detectors_checked"":6703872,""obs_mistake_mask=E"":1}"
    277504,         1,         0,    45.1,exact_mw,8973b2281876bd917be29e6214e197de75d185bf3f5e531e264555f10574746e,"{""distance"":7,""physical_error_rate"":0.0005}","{""detection_events"":409644,""detectors_checked"":167057408,""obs_mistake_mask=E"":1}"
     65280,         0,         0,   120.0,exact_mw,a17a1dfb4cb0509fbcf9caf9ce6f4704b111f022b15740e51c84c2b7e14a6407,"{""distance"":7,""physical_error_rate"":0.001}","{""detection_events"":192149,""detectors_checked"":39298560}"
    381440,         2,         0,   120.0,exact_mw,8973b2281876bd917be29e6214e197de75d185bf3f5e531e264555f10574746e,"{""distance"":7,""physical_error_rate"":0.0005}","{""detection_events"":564341,""detectors_checked"":229626880,""obs_mistake_mask=E"":2}"
    532480,         0,         0,   120.1,exact_mw,8973b2281876bd917be29e6214e197de75d185bf3f5e531e264555f10574746e,"{""distance"":7,""physical_error_rate"":0.0005}","{""detection_events"":788043,""detectors_checked"":320552960}"
    127488,         7,         0,   121.0,exact_mw,a17a1dfb4cb0509fbcf9caf9ce6f4704b111f022b15740e51c84c2b7e14a6407,"{""distance"":7,""physical_error_rate"":0.001}","{""detection_events"":376516,""detectors_checked"":76747776,""obs_mistake_mask=E"":7}"
     69632,         1,         0,    45.4,exact_mw,8973b2281876bd917be29e6214e197de75d185bf3f5e531e264555f10574746e,"{""distance"":7,""physical_error_rate"":0.0005}","{""detection_events"":102476,""detectors_checked"":41918464,""obs_mistake_mask=E"":1}"
     27776,         2,         0,   120.1,exact_mw,f9daf7670c28e8b8b7ac9af8e1984263f26063cb589f7a54f43332f7ce5001d2,"{""distance"":7,""physical_error_rate"":0.002}","{""detection_events"":162834,""detectors_checked"":16721152,""obs_mistake_mask=E"":2}"
     12896,         1,         0,   120.0,exact_mw,f9daf7670c28e8b8b7ac9af8e1984263f26063cb589f7a54f43332f7ce5001d2,"{""distance"":7,""physical_error_rate"":0.002}","{""detection_events"":75986,""detectors_checked"":7763392,""obs_mistake_mask=E"":1}"
     11008,         0,         0,    45.6,exact_mw,a17a1dfb4cb0509fbcf9caf9ce6f4704b111f022b15740e51c84c2b7e14a6407,"{""distance"":7,""physical_error_rate"":0.001}","{""detection_events"":32637,""detectors_checked"":6626816}"
    132096,         0,         0,   120.8,exact_mw,a17a1dfb4cb0509fbcf9caf9ce6f4704b111f022b15740e51c84c2b7e14a6407,"{""distance"":7,""physical_error_rate"":0.001}","{""detection_events"":390125,""detectors_checked"":79521792}"
    708608,         2,         0,   119.9,exact_mw,8973b2281876bd917be29e6214e197de75d185bf3f5e531e264555f10574746e,"{""distance"":7,""physical_error_rate"":0.0005}","{""detection_events"":1048205,""detectors_checked"":426582016,""obs_mistake_mask=E"":2}"
    470016,         1,         0,   120.0,exact_mw,8973b2281876bd917be29e6214e197de75d185bf3f5e531e264555f10574746e,"{""distance"":7,""physical_error_rate"":0.0005}","{""detection_events"":690616,""detectors_checked"":282949632,""obs_mistake_mask=E"":1}"
    726016,         0,         0,   120.1,exact_mw,8973b2281876bd917be29e6214e197de75d185bf3f5e531e264555f10574746e,"{""distance"":7,""physical_error_rate"":0.0005}","{""detection_events"":1073640,""detectors_checked"":437061632}"
     27648,         6,         0,   120.3,exact_mw,f9daf7670c28e8b8b7ac9af8e1984263f26063cb589f7a54f43332f7ce5001d2,"{""distance"":7,""physical_error_rate"":0.002}","{""detection_events"":162137,""detectors_checked"":16644096,""obs_mistake_mask=E"":6}"
    102400,         3,         0,   120.8,exact_mw,a17a1dfb4cb0509fbcf9caf9ce6f4704b111f022b15740e51c84c2b7e14a6407,"{""distance"":7,""physical_error_rate"":0.001}","{""detection_events"":301896,""detectors_checked"":61644800,""obs_mistake_mask=E"":3}"
     21376,         3,         0,   120.0,exact_mw,f9daf7670c28e8b8b7ac9af8e1984263f26063cb589f7a54f43332f7ce5001d2,"{""distance"":7,""physical_error_rate"":0.002}","{""detection_events"":125214,""detectors_checked"":12868352,""obs_mistake_mask=E"":3}"
    125440,         1,         0,   120.6,exact_mw,a17a1dfb4cb0509fbcf9caf9ce6f4704b111f022b15740e51c84c2b7e14a6407,"{""distance"":7,""physical_error_rate"":0.001}","{""detection_events"":370306,""detectors_checked"":75514880,""obs_mistake_mask=E"":1}"
     24192,         2,         0,   120.4,exact_mw,f9daf7670c28e8b8b7ac9af8e1984263f26063cb589f7a54f43332f7ce5001d2,"{""distance"":7,""physical_error_rate"":0.002}","{""detection_events"":142767,""detectors_checked"":14563584,""obs_mistake_mask=E"":2}"
    120320,         3,         0,   120.3,exact_mw,a17a1dfb4cb0509fbcf9caf9ce6f4704b111f022b15740e51c84c2b7e14a6407,"{""distance"":7,""physical_error_rate"":0.001}","{""detection_events"":355815,""detectors_checked"":72432640,""obs_mistake_mask=E"":3}"
    653312,         4,         0,   120.0,exact_mw,8973b2281876bd917be29e6214e197de75d185bf3f5e531e264555f10574746e,"{""distance"":7,""physical_error_rate"":0.0005}","{""detection_events"":966596,""detectors_checked"":393293824,""obs_mistake_mask=E"":4}"
     82176,         2,         0,   120.1,exact_mw,a17a1dfb4cb0509fbcf9caf9ce6f4704b111f022b15740e51c84c2b7e14a6407,"{""distance"":7,""physical_error_rate"":0.001}","{""detection_events"":241429,""detectors_checked"":49469952,""obs_mistake_mask=E"":2}"
    433152,         4,         0,    63.0,exact_mw,8973b2281876bd917be29e6214e197de75d185bf3f5e531e264555f10574746e,"{""distance"":7,""physical_error_rate"":0.0005}","{""detection_events"":641182,""detectors_checked"":260757504,""obs_mistake_mask=E"":4}"
     26496,         3,         0,   120.6,exact_mw,f9daf7670c28e8b8b7ac9af8e1984263f26063cb589f7a54f43332f7ce5001d2,"{""distance"":7,""physical_error_rate"":0.002}","{""detection_events"":154467,""detectors_checked"":15950592,""obs_mistake_mask=E"":3}"
    369664,         1,         0,    63.2,exact_mw,8973b2281876bd917be29e6214e197de75d185bf3f5e531e264555f10574746e,"{""distance"":7,""physical_error_rate"":0.0005}","{""detection_events"":547923,""detectors_checked"":222537728,""obs_mistake_mask=E"":1}"
    386048,         1,         0,    63.0,exact_mw,8973b2281876bd917be29e6214e197de75d185bf3f5e531e264555f10574746e,"{""distance"":7,""physical_error_rate"":0.0005}","{""detection_events"":574025,""detectors_checked"":232400896,""obs_mistake_mask=E"":1}"
     10384,         1,         0,    63.5,exact_mw,f9daf7670c28e8b8b7ac9af8e1984263f26063cb589f7a54f43332f7ce5001d2,"{""distance"":7,""physical_error_rate"":0.002}","{""detection_events"":61643,""detectors_checked"":6251168,""obs_mistake_mask=E"":1}"
     12800,         1,         0,    63.5,exact_mw,f9daf7670c28e8b8b7ac9af8e1984263f26063cb589f7a54f43332f7ce5001d2,"{""distance"":7,""physical_error_rate"":0.002}","{""detection_events"":74716,""detectors_checked"":7705600,""obs_mistake_mask=E"":1}"
    763904,         2,         0,   120.0,exact_mw,8973b2281876bd917be29e6214e197de75d185bf3f5e531e264555f10574746e,"{""distance"":7,""physical_error_rate"":0.0005}","{""detection_events"":1127809,""detectors_checked"":459870208,""obs_mistake_mask=E"":2}"
     13184,         1,         0,    63.2,exact_mw,f9daf7670c28e8b8b7ac9af8e1984263f26063cb589f7a54f43332f7ce5001d2,"{""distance"":7,""physical_error_rate"":0.002}","{""detection_events"":76499,""detectors_checked"":7936768,""obs_mistake_mask=E"":1}"
     14080,         2,         0,    63.3,exact_mw,f9daf7670c28e8b8b7ac9af8e1984263f26063cb589f7a54f43332f7ce5001d2,"{""distance"":7,""physical_error_rate"":0.002}","{""detection_events"":83204,""detectors_checked"":8476160,""obs_mistake_mask=E"":2}"
    750592,         2,         0,   120.0,exact_mw,8973b2281876bd917be29e6214e197de75d185bf3f5e531e264555f10574746e,"{""distance"":7,""physical_error_rate"":0.0005}","{""detection_events"":1107851,""detectors_checked"":451856384,""obs_mistake_mask=E"":2}"
     65536,         0,         0,    63.4,exact_mw,a17a1dfb4cb0509fbcf9caf9ce6f4704b111f022b15740e51c84c2b7e14a6407,"{""distance"":7,""physical_error_rate"":0.001}","{""detection_events"":195376,""detectors_checked"":39452672}"
     61952,         1,         0,    63.5,exact_mw,a17a1dfb4cb0509fbcf9caf9ce6f4704b111f022b15740e51c84c2b7e14a6407,"{""distance"":7,""physical_error_rate"":0.001}","{""detection_events"":182694,""detectors_checked"":37295104,""obs_mistake_mask=E"":1}"
     25984,         3,         0,   120.4,exact_mw,f9daf7670c28e8b8b7ac9af8e1984263f26063cb589f7a54f43332f7ce5001d2,"{""distance"":7,""physical_error_rate"":0.002}","{""detection_events"":152546,""detectors_checked"":15642368,""obs_mistake_mask=E"":3}"
     12800,         1,         0,    63.5,exact_mw,f9daf7670c28e8b8b7ac9af8e1984263f26063cb589f7a54f43332f7ce5001d2,"{""distance"":7,""physical_error_rate"":0.002}","{""detection_events"":74521,""detectors_checked"":7705600,""obs_mistake_mask=E"":1}"
    128512,         2,         0,   120.2,exact_mw,a17a1dfb4cb0509fbcf9caf9ce6f4704b111f022b15740e51c84c2b7e14a6407,"{""distance"":7,""physical_error_rate"":0.001}","{""detection_events"":378673,""detectors_checked"":77364224,""obs_mistake_mask=E"":2}"
    131072,         3,         0,   120.3,exact_mw,a17a1dfb4cb0509fbcf9caf9ce6f4704b111f022b15740e51c84c2b7e14a6407,"{""distance"":7,""physical_error_rate"":0.001}","{""detection_events"":387404,""detectors_checked"":78905344,""obs_mistake_mask=E"":3}"
    628736,         1,         0,   120.0,exact_mw,8973b2281876bd917be29e6214e197de75d185bf3f5e531e264555f10574746e,"{""distance"":7,""physical_error_rate"":0.0005}","{""detection_events"":933184,""detectors_checked"":378499072,""obs_mistake_mask=E"":1}"
    651776,         0,         0,   119.8,exact_mw,8973b2281876bd917be29e6214e197de75d185bf3f5e531e264555f10574746e,"{""distance"":7,""physical_error_rate"":0.0005}","{""detection_events"":962566,""detectors_checked"":392369152}"
     58880,         0,         0,    63.5,exact_mw,a17a1dfb4cb0509fbcf9caf9ce6f4704b111f022b15740e51c84c2b7e14a6407,"{""distance"":7,""physical_error_rate"":0.001}","{""detection_events"":172879,""detectors_checked"":35445760}"
     58368,         0,         0,    63.4,exact_mw,a17a1dfb4cb0509fbcf9caf9ce6f4704b111f022b15740e51c84c2b7e14a6407,"{""distance"":7,""physical_error_rate"":0.001}","{""detection_events"":170686,""detectors_checked"":35137536}"
     12160,         0,         0,    63.0,exact_mw,f9daf7670c28e8b8b7ac9af8e1984263f26063cb589f7a54f43332f7ce5001d2,"{""distance"":7,""physical_error_rate"":0.002}","{""detection_events"":71441,""detectors_checked"":7320320}"
    748544,         3,         0,   120.0,exact_mw,8973b2281876bd917be29e6214e197de75d185bf3f5e531e264555f10574746e,"{""distance"":7,""physical_error_rate"":0.0005}","{""detection_events"":1104189,""detectors_checked"":450623488,""obs_mistake_mask=E"":3}"
     29184,         3,         0,   120.5,exact_mw,f9daf7670c28e8b8b7ac9af8e1984263f26063cb589f7a54f43332f7ce5001d2,"{""distance"":7,""physical_error_rate"":0.002}","{""detection_events"":171776,""detectors_checked"":17568768,""obs_mistake_mask=E"":3}"
     27008,         5,         0,   120.1,exact_mw,f9daf7670c28e8b8b7ac9af8e1984263f26063cb589f7a54f43332f7ce5001d2,"{""distance"":7,""physical_error_rate"":0.002}","{""detection_events"":158728,""detectors_checked"":16258816,""obs_mistake_mask=E"":5}"
    335872,         0,         0,    63.0,exact_mw,8973b2281876bd917be29e6214e197de75d185bf3f5e531e264555f10574746e,"{""distance"":7,""physical_error_rate"":0.0005}","{""detection_events"":496017,""detectors_checked"":202194944}"
    757760,         0,         0,   120.0,exact_mw,8973b2281876bd917be29e6214e197de75d185bf3f5e531e264555f10574746e,"{""distance"":7,""physical_error_rate"":0.0005}","{""detection_events"":1125495,""detectors_checked"":456171520}"
    106496,         3,         0,   120.3,exact_mw,a17a1dfb4cb0509fbcf9caf9ce6f4704b111f022b15740e51c84c2b7e14a6407,"{""distance"":7,""physical_error_rate"":0.001}","{""detection_events"":314500,""detectors_checked"":64110592,""obs_mistake_mask=E"":3}"
     27392,         4,         0,   120.0,exact_mw,f9daf7670c28e8b8b7ac9af8e1984263f26063cb589f7a54f43332f7ce5001d2,"{""distance"":7,""physical_error_rate"":0.002}","{""detection_events"":159178,""detectors_checked"":16489984,""obs_mistake_mask=E"":4}"
    252416,         0,         0,    63.4,exact_mw,8973b2281876bd917be29e6214e197de75d185bf3f5e531e264555f10574746e,"{""distance"":7,""physical_error_rate"":0.0005}","{""detection_events"":373822,""detectors_checked"":151954432}"
    653824,         3,         0,   119.9,exact_mw,8973b2281876bd917be29e6214e197de75d185bf3f5e531e264555f10574746e,"{""distance"":7,""physical_error_rate"":0.0005}","{""detection_events"":968626,""detectors_checked"":393602048,""obs_mistake_mask=E"":3}"
     51968,         2,         0,    63.3,exact_mw,a17a1dfb4cb0509fbcf9caf9ce6f4704b111f022b15740e51c84c2b7e14a6407,"{""distance"":7,""physical_error_rate"":0.001}","{""detection_events"":153976,""detectors_checked"":31284736,""obs_mistake_mask=E"":2}"
    477696,         2,         0,   119.9,exact_mw,8973b2281876bd917be29e6214e197de75d185bf3f5e531e264555f10574746e,"{""distance"":7,""physical_error_rate"":0.0005}","{""detection_events"":707164,""detectors_checked"":287572992,""obs_mistake_mask=E"":2}"
     13024,         0,         0,   120.2,exact_mw,f9daf7670c28e8b8b7ac9af8e1984263f26063cb589f7a54f43332f7ce5001d2,"{""distance"":7,""physical_error_rate"":0.002}","{""detection_events"":75897,""detectors_checked"":7840448}"
     26624,         3,         0,   120.1,exact_mw,f9daf7670c28e8b8b7ac9af8e1984263f26063cb589f7a54f43332f7ce5001d2,"{""distance"":7,""physical_error_rate"":0.002}","{""detection_events"":156297,""detectors_checked"":16027648,""obs_mistake_mask=E"":3}"
     24576,         3,         0,   120.3,exact_mw,f9daf7670c28e8b8b7ac9af8e1984263f26063cb589f7a54f43332f7ce5001d2,"{""distance"":7,""physical_error_rate"":0.002}","{""detection_events"":143297,""detectors_checked"":14794752,""obs_mistake_mask=E"":3}"
     93824,         2,         0,   120.0,exact_mw,a17a1dfb4cb0509fbcf9caf9ce6f4704b111f022b15740e51c84c2b7e14a6407,"{""distance"":7,""physical_error_rate"":0.001}","{""detection_events"":277092,""detectors_checked"":56482048,""obs_mistake_mask=E"":2}"
    121344,         0,         0,   120.7,exact_mw,a17a1dfb4cb0509fbcf9caf9ce6f4704b111f022b15740e51c84c2b7e14a6407,"{""distance"":7,""physical_error_rate"":0.001}","{""detection_events"":356955,""detectors_checked"":73049088}"
    136704,         4,         0,   120.4,exact_mw,a17a1dfb4cb0509fbcf9caf9ce6f4704b111f022b15740e51c84c2b7e14a6407,"{""distance"":7,""physical_error_rate"":0.001}","{""detection_events"":405092,""detectors_checked"":82295808,""obs_mistake_mask=E"":4}"
    103936,         2,         0,   120.1,exact_mw,a17a1dfb4cb0509fbcf9caf9ce6f4704b111f022b15740e51c84c2b7e14a6407,"{""distance"":7,""physical_error_rate"":0.001}","{""detection_events"":307474,""detectors_checked"":62569472,""obs_mistake_mask=E"":2}"
     26368,         4,         0,   120.1,exact_mw,f9daf7670c28e8b8b7ac9af8e1984263f26063cb589f7a54f43332f7ce5001d2,"{""distance"":7,""physical_error_rate"":0.002}","{""detection_events"":154764,""detectors_checked"":15873536,""obs_mistake_mask=E"":4}"
    379904,         0,         0,   119.8,exact_mw,8973b2281876bd917be29e6214e197de75d185bf3f5e531e264555f10574746e,"{""distance"":7,""physical_error_rate"":0.0005}","{""detection_events"":562306,""detectors_checked"":228702208}"
     97216,         5,         0,   120.5,exact_mw,a17a1dfb4cb0509fbcf9caf9ce6f4704b111f022b15740e51c84c2b7e14a6407,"{""distance"":7,""physical_error_rate"":0.001}","{""detection_events"":285920,""detectors_checked"":58524032,""obs_mistake_mask=E"":5}"
     65920,         2,         0,   120.8,exact_mw,a17a1dfb4cb0509fbcf9caf9ce6f4704b111f022b15740e51c84c2b7e14a6407,"{""distance"":7,""physical_error_rate"":0.001}","{""detection_events"":195886,""detectors_checked"":39683840,""obs_mistake_mask=E"":2}"
     24832,         4,         0,   120.5,exact_mw,f9daf7670c28e8b8b7ac9af8e1984263f26063cb589f7a54f43332f7ce5001d2,"{""distance"":7,""physical_error_rate"":0.002}","{""detection_events"":146294,""detectors_checked"":14948864,""obs_mistake_mask=E"":4}"
     12608,         0,         0,   120.1,exact_mw,f9daf7670c28e8b8b7ac9af8e1984263f26063cb589f7a54f43332f7ce5001d2,"{""distance"":7,""physical_error_rate"":0.002}","{""detection_events"":74970,""detectors_checked"":7590016}"
    470784,         4,         0,   120.2,exact_mw,8973b2281876bd917be29e6214e197de75d185bf3f5e531e264555f10574746e,"{""distance"":7,""physical_error_rate"":0.0005}","{""detection_events"":696284,""detectors_checked"":283411968,""obs_mistake_mask=E"":4}"
     83712,         0,         0,   120.1,exact_mw,a17a1dfb4cb0509fbcf9caf9ce6f4704b111f022b15740e51c84c2b7e14a6407,"{""distance"":7,""physical_error_rate"":0.001}","{""detection_events"":247561,""detectors_checked"":50394624}"
    451584,         1,         0,   119.8,exact_mw,8973b2281876bd917be29e6214e197de75d185bf3f5e531e264555f10574746e,"{""distance"":7,""physical_error_rate"":0.0005}","{""detection_events"":669227,""detectors_checked"":271853568,""obs_mistake_mask=E"":1}"
    588800,         0,         0,   120.1,exact_mw,8973b2281876bd917be29e6214e197de75d185bf3f5e531e264555f10574746e,"{""distance"":7,""physical_error_rate"":0.0005}","{""detection_events"":870969,""detectors_checked"":354457600}"
    116736,         2,         0,   120.3,exact_mw,a17a1dfb4cb0509fbcf9caf9ce6f4704b111f022b15740e51c84c2b7e14a6407,"{""distance"":7,""physical_error_rate"":0.001}","{""detection_events"":344092,""detectors_checked"":70275072,""obs_mistake_mask=E"":2}"
     20000,         7,         0,   120.1,exact_mw,f9daf7670c28e8b8b7ac9af8e1984263f26063cb589f7a54f43332f7ce5001d2,"{""distance"":7,""physical_error_rate"":0.002}","{""detection_events"":116328,""detectors_checked"":12040000,""obs_mistake_mask=E"":7}"
     15040,         3,         0,   120.3,exact_mw,f9daf7670c28e8b8b7ac9af8e1984263f26063cb589f7a54f43332f7ce5001d2,"{""distance"":7,""physical_error_rate"":0.002}","{""detection_events"":88407,""detectors_checked"":9054080,""obs_mistake_mask=E"":3}"
    132608,         3,         0,   120.0,exact_mw,a17a1dfb4cb0509fbcf9caf9ce6f4704b111f022b15740e51c84c2b7e14a6407,"{""distance"":7,""physical_error_rate"":0.001}","{""detection_events"":391072,""detectors_checked"":79830016,""obs_mistake_mask=E"":3}"
    601088,         1,         0,   120.0,exact_mw,8973b2281876bd917be29e6214e197de75d185bf3f5e531e264555f10574746e,"{""distance"":7,""physical_error_rate"":0.0005}","{""detection_events"":888976,""detectors_checked"":361854976,""obs_mistake_mask=E"":1}"
    592896,         0,         0,    88.1,exact_mw,8973b2281876bd917be29e6214e197de75d185bf3f5e531e264555f10574746e,"{""distance"":7,""physical_error_rate"":0.0005}","{""detection_events"":874425,""detectors_checked"":356923392}"
    539648,         1,         0,    88.2,exact_mw,8973b2281876bd917be29e6214e197de75d185bf3f5e531e264555f10574746e,"{""distance"":7,""physical_error_rate"":0.0005}","{""detection_events"":801511,""detectors_checked"":324868096,""obs_mistake_mask=E"":1}"
    502784,         1,         0,    88.2,exact_mw,8973b2281876bd917be29e6214e197de75d185bf3f5e531e264555f10574746e,"{""distance"":7,""physical_error_rate"":0.0005}","{""detection_events"":740735,""detectors_checked"":302675968,""obs_mistake_mask=E"":1}"
    693248,         0,         0,   119.8,exact_mw,8973b2281876bd917be29e6214e197de75d185bf3f5e531e264555f10574746e,"{""distance"":7,""physical_error_rate"":0.0005}","{""detection_events"":1024991,""detectors_checked"":417335296}"
    574464,         0,         0,   120.0,exact_mw,8973b2281876bd917be29e6214e197de75d185bf3f5e531e264555f10574746e,"{""distance"":7,""physical_error_rate"":0.0005}","{""detection_events"":853725,""detectors_checked"":345827328}"
     19584,         3,         0,    88.6,exact_mw,f9daf7670c28e8b8b7ac9af8e1984263f26063cb589f7a54f43332f7ce5001d2,"{""distance"":7,""physical_error_rate"":0.002}","{""detection_events"":115739,""detectors_checked"":11789568,""obs_mistake_mask=E"":3}"
     17664,         2,         0,    88.5,exact_mw,f9daf7670c28e8b8b7ac9af8e1984263f26063cb589f7a54f43332f7ce5001d2,"{""distance"":7,""physical_error_rate"":0.002}","{""detection_events"":101977,""detectors_checked"":10633728,""obs_mistake_mask=E"":2}"
     28032,         4,         0,   120.0,exact_mw,f9daf7670c28e8b8b7ac9af8e1984263f26063cb589f7a54f43332f7ce5001d2,"{""distance"":7,""physical_error_rate"":0.002}","{""detection_events"":164392,""detectors_checked"":16875264,""obs_mistake_mask=E"":4}"
     17920,         1,         0,    88.4,exact_mw,f9daf7670c28e8b8b7ac9af8e1984263f26063cb589f7a54f43332f7ce5001d2,"{""distance"":7,""physical_error_rate"":0.002}","{""detection_events"":104333,""detectors_checked"":10787840,""obs_mistake_mask=E"":1}"
     23552,         2,         0,    88.4,exact_mw,f9daf7670c28e8b8b7ac9af8e1984263f26063cb589f7a54f43332f7ce5001d2,"{""distance"":7,""physical_error_rate"":0.002}","{""detection_events"":138456,""detectors_checked"":14178304,""obs_mistake_mask=E"":2}"
     98304,         1,         0,    88.3,exact_mw,a17a1dfb4cb0509fbcf9caf9ce6f4704b111f022b15740e51c84c2b7e14a6407,"{""distance"":7,""physical_error_rate"":0.001}","{""detection_events"":288823,""detectors_checked"":59179008,""obs_mistake_mask=E"":1}"
     82432,         2,         0,    88.9,exact_mw,a17a1dfb4cb0509fbcf9caf9ce6f4704b111f022b15740e51c84c2b7e14a6407,"{""distance"":7,""physical_error_rate"":0.001}","{""detection_events"":245335,""detectors_checked"":49624064,""obs_mistake_mask=E"":2}"
    123392,         3,         0,   120.3,exact_mw,a17a1dfb4cb0509fbcf9caf9ce6f4704b111f022b15740e51c84c2b7e14a6407,"{""distance"":7,""physical_error_rate"":0.001}","{""detection_events"":363423,""detectors_checked"":74281984,""obs_mistake_mask=E"":3}"
     18240,         3,         0,    88.4,exact_mw,f9daf7670c28e8b8b7ac9af8e1984263f26063cb589f7a54f43332f7ce5001d2,"{""distance"":7,""physical_error_rate"":0.002}","{""detection_events"":107315,""detectors_checked"":10980480,""obs_mistake_mask=E"":3}"
     93696,         2,         0,    88.6,exact_mw,a17a1dfb4cb0509fbcf9caf9ce6f4704b111f022b15740e51c84c2b7e14a6407,"{""distance"":7,""physical_error_rate"":0.001}","{""detection_events"":274891,""detectors_checked"":56404992,""obs_mistake_mask=E"":2}"
     59072,         0,         0,    88.6,exact_mw,a17a1dfb4cb0509fbcf9caf9ce6f4704b111f022b15740e51c84c2b7e14a6407,"{""distance"":7,""physical_error_rate"":0.001}","{""detection_events"":173475,""detectors_checked"":35561344}"
     18944,         7,         0,    88.6,exact_mw,f9daf7670c28e8b8b7ac9af8e1984263f26063cb589f7a54f43332f7ce5001d2,"{""distance"":7,""physical_error_rate"":0.002}","{""detection_events"":110942,""detectors_checked"":11404288,""obs_mistake_mask=E"":7}"
     27200,         5,         0,   120.1,exact_mw,f9daf7670c28e8b8b7ac9af8e1984263f26063cb589f7a54f43332f7ce5001d2,"{""distance"":7,""physical_error_rate"":0.002}","{""detection_events"":159404,""detectors_checked"":16374400,""obs_mistake_mask=E"":5}"
    391424,         0,         0,    88.2,exact_mw,8973b2281876bd917be29e6214e197de75d185bf3f5e531e264555f10574746e,"{""distance"":7,""physical_error_rate"":0.0005}","{""detection_events"":578106,""detectors_checked"":235637248}"
     27776,         2,         0,   120.5,exact_mw,f9daf7670c28e8b8b7ac9af8e1984263f26063cb589f7a54f43332f7ce5001d2,"{""distance"":7,""physical_error_rate"":0.002}","{""detection_events"":164610,""detectors_checked"":16721152,""obs_mistake_mask=E"":2}"
    122368,         1,         0,   120.7,exact_mw,a17a1dfb4cb0509fbcf9caf9ce6f4704b111f022b15740e51c84c2b7e14a6407,"{""distance"":7,""physical_error_rate"":0.001}","{""detection_events"":362393,""detectors_checked"":73665536,""obs_mistake_mask=E"":1}"
    107008,         2,         0,   120.2,exact_mw,a17a1dfb4cb0509fbcf9caf9ce6f4704b111f022b15740e51c84c2b7e14a6407,"{""distance"":7,""physical_error_rate"":0.001}","{""detection_events"":315956,""detectors_checked"":64418816,""obs_mistake_mask=E"":2}"
    294912,         0,         0,    88.4,exact_mw,8973b2281876bd917be29e6214e197de75d185bf3f5e531e264555f10574746e,"{""distance"":7,""physical_error_rate"":0.0005}","{""detection_events"":435156,""detectors_checked"":177537024}"
    517120,         1,         0,   119.9,exact_mw,8973b2281876bd917be29e6214e197de75d185bf3f5e531e264555f10574746e,"{""distance"":7,""physical_error_rate"":0.0005}","{""detection_events"":762195,""detectors_checked"":311306240,""obs_mistake_mask=E"":1}"
     95232,         2,         0,    88.5,exact_mw,a17a1dfb4cb0509fbcf9caf9ce6f4704b111f022b15740e51c84c2b7e14a6407,"{""distance"":7,""physical_error_rate"":0.001}","{""detection_events"":280749,""detectors_checked"":57329664,""obs_mistake_mask=E"":2}"
     88064,         0,         0,   120.0,exact_mw,a17a1dfb4cb0509fbcf9caf9ce6f4704b111f022b15740e51c84c2b7e14a6407,"{""distance"":7,""physical_error_rate"":0.001}","{""detection_events"":261738,""detectors_checked"":53014528}"
     20160,         1,         0,   120.1,exact_mw,f9daf7670c28e8b8b7ac9af8e1984263f26063cb589f7a54f43332f7ce5001d2,"{""distance"":7,""physical_error_rate"":0.002}","{""detection_events"":119203,""detectors_checked"":12136320,""obs_mistake_mask=E"":1}"
    675840,         0,         0,   119.9,exact_mw,8973b2281876bd917be29e6214e197de75d185bf3f5e531e264555f10574746e,"{""distance"":7,""physical_error_rate"":0.0005}","{""detection_events"":998990,""detectors_checked"":406855680}"
    782336,         0,         0,   119.9,exact_mw,8973b2281876bd917be29e6214e197de75d185bf3f5e531e264555f10574746e,"{""distance"":7,""physical_error_rate"":0.0005}","{""detection_events"":1158054,""detectors_checked"":470966272}"
     27904,         5,         0,   120.0,exact_mw,f9daf7670c28e8b8b7ac9af8e1984263f26063cb589f7a54f43332f7ce5001d2,"{""distance"":7,""physical_error_rate"":0.002}","{""detection_events"":164220,""detectors_checked"":16798208,""obs_mistake_mask=E"":5}"
    115200,         0,         0,   120.1,exact_mw,a17a1dfb4cb0509fbcf9caf9ce6f4704b111f022b15740e51c84c2b7e14a6407,"{""distance"":7,""physical_error_rate"":0.001}","{""detection_events"":337804,""detectors_checked"":69350400}"
    144384,         4,         0,   120.1,exact_mw,a17a1dfb4cb0509fbcf9caf9ce6f4704b111f022b15740e51c84c2b7e14a6407,"{""distance"":7,""physical_error_rate"":0.001}","{""detection_events"":426022,""detectors_checked"":86919168,""obs_mistake_mask=E"":4}"
    660480,         1,         0,   120.0,exact_mw,8973b2281876bd917be29e6214e197de75d185bf3f5e531e264555f10574746e,"{""distance"":7,""physical_error_rate"":0.0005}","{""detection_events"":977714,""detectors_checked"":397608960,""obs_mistake_mask=E"":1}"
    756736,         1,         0,   119.9,exact_mw,8973b2281876bd917be29e6214e197de75d185bf3f5e531e264555f10574746e,"{""distance"":7,""physical_error_rate"":0.0005}","{""detection_events"":1121215,""detectors_checked"":455555072,""obs_mistake_mask=E"":1}"
    843776,         3,         0,   119.9,exact_mw,8973b2281876bd917be29e6214e197de75d185bf3f5e531e264555f10574746e,"{""distance"":7,""physical_error_rate"":0.0005}","{""detection_events"":1246198,""detectors_checked"":507953152,""obs_mistake_mask=E"":3}"
     24320,         3,         0,   120.2,exact_mw,f9daf7670c28e8b8b7ac9af8e1984263f26063cb589f7a54f43332f7ce5001d2,"{""distance"":7,""physical_error_rate"":0.002}","{""detection_events"":141521,""detectors_checked"":14640640,""obs_mistake_mask=E"":3}"
     29312,         2,         0,   120.6,exact_mw,f9daf7670c28e8b8b7ac9af8e1984263f26063cb589f7a54f43332f7ce5001d2,"{""distance"":7,""physical_error_rate"":0.002}","{""detection_events"":172875,""detectors_checked"":17645824,""obs_mistake_mask=E"":2}"
    699392,         0,         0,   119.8,exact_mw,8973b2281876bd917be29e6214e197de75d185bf3f5e531e264555f10574746e,"{""distance"":7,""physical_error_rate"":0.0005}","{""detection_events"":1038945,""detectors_checked"":421033984}"
     80256,         0,         0,   120.1,exact_mw,a17a1dfb4cb0509fbcf9caf9ce6f4704b111f022b15740e51c84c2b7e14a6407,"{""distance"":7,""physical_error_rate"":0.001}","{""detection_events"":237491,""detectors_checked"":48314112}"
     28544,         4,         0,   120.2,exact_mw,f9daf7670c28e8b8b7ac9af8e1984263f26063cb589f7a54f43332f7ce5001d2,"{""distance"":7,""physical_error_rate"":0.002}","{""detection_events"":167620,""detectors_checked"":17183488,""obs_mistake_mask=E"":4}"
    572928,         1,         0,   119.8,exact_mw,8973b2281876bd917be29e6214e197de75d185bf3f5e531e264555f10574746e,"{""distance"":7,""physical_error_rate"":0.0005}","{""detection_events"":849258,""detectors_checked"":344902656,""obs_mistake_mask=E"":1}"
    544768,         1,         0,   120.0,exact_mw,8973b2281876bd917be29e6214e197de75d185bf3f5e531e264555f10574746e,"{""distance"":7,""physical_error_rate"":0.0005}","{""detection_events"":803330,""detectors_checked"":327950336,""obs_mistake_mask=E"":1}"
     19456,         1,         0,   120.4,exact_mw,f9daf7670c28e8b8b7ac9af8e1984263f26063cb589f7a54f43332f7ce5001d2,"{""distance"":7,""physical_error_rate"":0.002}","{""detection_events"":113641,""detectors_checked"":11712512,""obs_mistake_mask=E"":1}"
     29888,         2,         0,   120.1,exact_mw,f9daf7670c28e8b8b7ac9af8e1984263f26063cb589f7a54f43332f7ce5001d2,"{""distance"":7,""physical_error_rate"":0.002}","{""detection_events"":175905,""detectors_checked"":17992576,""obs_mistake_mask=E"":2}"
     24960,         6,         0,   120.9,exact_mw,f9daf7670c28e8b8b7ac9af8e1984263f26063cb589f7a54f43332f7ce5001d2,"{""distance"":7,""physical_error_rate"":0.002}","{""detection_events"":146013,""detectors_checked"":15025920,""obs_mistake_mask=E"":6}"
    124416,         2,         0,   120.4,exact_mw,a17a1dfb4cb0509fbcf9caf9ce6f4704b111f022b15740e51c84c2b7e14a6407,"{""distance"":7,""physical_error_rate"":0.001}","{""detection_events"":368598,""detectors_checked"":74898432,""obs_mistake_mask=E"":2}"
    142336,         0,         0,   120.5,exact_mw,a17a1dfb4cb0509fbcf9caf9ce6f4704b111f022b15740e51c84c2b7e14a6407,"{""distance"":7,""physical_error_rate"":0.001}","{""detection_events"":420034,""detectors_checked"":85686272}"
     88448,         1,         0,   121.5,exact_mw,a17a1dfb4cb0509fbcf9caf9ce6f4704b111f022b15740e51c84c2b7e14a6407,"{""distance"":7,""physical_error_rate"":0.001}","{""detection_events"":261160,""detectors_checked"":53245696,""obs_mistake_mask=E"":1}"
    114176,         2,         0,   120.5,exact_mw,a17a1dfb4cb0509fbcf9caf9ce6f4704b111f022b15740e51c84c2b7e14a6407,"{""distance"":7,""physical_error_rate"":0.001}","{""detection_events"":337393,""detectors_checked"":68733952,""obs_mistake_mask=E"":2}"
     24704,         5,         0,   120.2,exact_mw,f9daf7670c28e8b8b7ac9af8e1984263f26063cb589f7a54f43332f7ce5001d2,"{""distance"":7,""physical_error_rate"":0.002}","{""detection_events"":143135,""detectors_checked"":14871808,""obs_mistake_mask=E"":5}"
    638976,         1,         0,   120.0,exact_mw,8973b2281876bd917be29e6214e197de75d185bf3f5e531e264555f10574746e,"{""distance"":7,""physical_error_rate"":0.0005}","{""detection_events"":946187,""detectors_checked"":384663552,""obs_mistake_mask=E"":1}"
    106304,         1,         0,   120.1,exact_mw,a17a1dfb4cb0509fbcf9caf9ce6f4704b111f022b15740e51c84c2b7e14a6407,"{""distance"":7,""physical_error_rate"":0.001}","{""detection_events"":315449,""detectors_checked"":63995008,""obs_mistake_mask=E"":1}"
     25664,         1,         0,   120.0,exact_mw,f9daf7670c28e8b8b7ac9af8e1984263f26063cb589f7a54f43332f7ce5001d2,"{""distance"":7,""physical_error_rate"":0.002}","{""detection_events"":151010,""detectors_checked"":15449728,""obs_mistake_mask=E"":1}"
    120576,         0,         0,   120.1,exact_mw,a17a1dfb4cb0509fbcf9caf9ce6f4704b111f022b15740e51c84c2b7e14a6407,"{""distance"":7,""physical_error_rate"":0.001}","{""detection_events"":355486,""detectors_checked"":72586752}"
     17568,         4,         0,   120.1,exact_mw,f9daf7670c28e8b8b7ac9af8e1984263f26063cb589f7a54f43332f7ce5001d2,"{""distance"":7,""physical_error_rate"":0.002}","{""detection_events"":103684,""detectors_checked"":10575936,""obs_mistake_mask=E"":4}"
    704512,         3,         0,   119.9,exact_mw,8973b2281876bd917be29e6214e197de75d185bf3f5e531e264555f10574746e,"{""distance"":7,""physical_error_rate"":0.0005}","{""detection_events"":1040202,""detectors_checked"":424116224,""obs_mistake_mask=E"":3}"
    676864,         1,         0,   119.8,exact_mw,8973b2281876bd917be29e6214e197de75d185bf3f5e531e264555f10574746e,"{""distance"":7,""physical_error_rate"":0.0005}","{""detection_events"":997413,""detectors_checked"":407472128,""obs_mistake_mask=E"":1}"
    652288,         1,         0,   120.0,exact_mw,8973b2281876bd917be29e6214e197de75d185bf3f5e531e264555f10574746e,"{""distance"":7,""physical_error_rate"":0.0005}","{""detection_events"":967933,""detectors_checked"":392677376,""obs_mistake_mask=E"":1}"
    100480,         1,         0,   120.6,exact_mw,a17a1dfb4cb0509fbcf9caf9ce6f4704b111f022b15740e51c84c2b7e14a6407,"{""distance"":7,""physical_error_rate"":0.001}","{""detection_events"":296256,""detectors_checked"":60488960,""obs_mistake_mask=E"":1}"
     81728,         0,         0,   120.0,exact_mw,a17a1dfb4cb0509fbcf9caf9ce6f4704b111f022b15740e51c84c2b7e14a6407,"{""distance"":7,""physical_error_rate"":0.001}","{""detection_events"":240225,""detectors_checked"":49200256}"
     25600,         5,         0,   120.1,exact_mw,f9daf7670c28e8b8b7ac9af8e1984263f26063cb589f7a54f43332f7ce5001d2,"{""distance"":7,""physical_error_rate"":0.002}","{""detection_events"":150373,""detectors_checked"":15411200,""obs_mistake_mask=E"":5}"
     24832,         3,         0,   102.2,exact_mw,f9daf7670c28e8b8b7ac9af8e1984263f26063cb589f7a54f43332f7ce5001d2,"{""distance"":7,""physical_error_rate"":0.002}","{""detection_events"":144237,""detectors_checked"":14948864,""obs_mistake_mask=E"":3}"
     11392,         4,         0,    49.1,exact_mw,f9daf7670c28e8b8b7ac9af8e1984263f26063cb589f7a54f43332f7ce5001d2,"{""distance"":7,""physical_error_rate"":0.002}","{""detection_events"":67687,""detectors_checked"":6857984,""obs_mistake_mask=E"":4}"
     20992,         4,         0,    95.0,exact_mw,f9daf7670c28e8b8b7ac9af8e1984263f26063cb589f7a54f43332f7ce5001d2,"{""distance"":7,""physical_error_rate"":0.002}","{""detection_events"":122429,""detectors_checked"":12637184,""obs_mistake_mask=E"":4}"
     22368,         1,         0,   104.4,exact_mw,f9daf7670c28e8b8b7ac9af8e1984263f26063cb589f7a54f43332f7ce5001d2,"{""distance"":7,""physical_error_rate"":0.002}","{""detection_events"":130256,""detectors_checked"":13465536,""obs_mistake_mask=E"":1}"
     20512,         3,         0,   100.1,exact_mw,f9daf7670c28e8b8b7ac9af8e1984263f26063cb589f7a54f43332f7ce5001d2,"{""distance"":7,""physical_error_rate"":0.002}","{""detection_events"":119764,""detectors_checked"":12348224,""obs_mistake_mask=E"":3}"
     15296,         2,         0,   117.5,exact_mw,f9daf7670c28e8b8b7ac9af8e1984263f26063cb589f7a54f43332f7ce5001d2,"{""distance"":7,""physical_error_rate"":0.002}","{""detection_events"":89765,""detectors_checked"":9208192,""obs_mistake_mask=E"":2}"
     11552,         2,         0,    95.3,exact_mw,f9daf7670c28e8b8b7ac9af8e1984263f26063cb589f7a54f43332f7ce5001d2,"{""distance"":7,""physical_error_rate"":0.002}","{""detection_events"":68352,""detectors_checked"":6954304,""obs_mistake_mask=E"":2}"
     14976,         2,         0,    62.0,exact_mw,f9daf7670c28e8b8b7ac9af8e1984263f26063cb589f7a54f43332f7ce5001d2,"{""distance"":7,""physical_error_rate"":0.002}","{""detection_events"":87395,""detectors_checked"":9015552,""obs_mistake_mask=E"":2}"
     24960,         1,         0,   103.9,exact_mw,f9daf7670c28e8b8b7ac9af8e1984263f26063cb589f7a54f43332f7ce5001d2,"{""distance"":7,""physical_error_rate"":0.002}","{""detection_events"":146658,""detectors_checked"":15025920,""obs_mistake_mask=E"":1}"
      8832,         1,         0,    44.7,exact_mw,f9daf7670c28e8b8b7ac9af8e1984263f26063cb589f7a54f43332f7ce5001d2,"{""distance"":7,""physical_error_rate"":0.002}","{""detection_events"":51994,""detectors_checked"":5316864,""obs_mistake_mask=E"":1}"
     14784,         1,         0,    77.8,exact_mw,f9daf7670c28e8b8b7ac9af8e1984263f26063cb589f7a54f43332f7ce5001d2,"{""distance"":7,""physical_error_rate"":0.002}","{""detection_events"":86598,""detectors_checked"":8899968,""obs_mistake_mask=E"":1}"
     22656,         6,         0,    93.0,exact_mw,f9daf7670c28e8b8b7ac9af8e1984263f26063cb589f7a54f43332f7ce5001d2,"{""distance"":7,""physical_error_rate"":0.002}","{""detection_events"":131839,""detectors_checked"":13638912,""obs_mistake_mask=E"":6}"
     11904,         1,         0,    52.3,exact_mw,f9daf7670c28e8b8b7ac9af8e1984263f26063cb589f7a54f43332f7ce5001d2,"{""distance"":7,""physical_error_rate"":0.002}","{""detection_events"":69736,""detectors_checked"":7166208,""obs_mistake_mask=E"":1}"
     15248,         0,         0,   104.7,exact_mw,f9daf7670c28e8b8b7ac9af8e1984263f26063cb589f7a54f43332f7ce5001d2,"{""distance"":7,""physical_error_rate"":0.002}","{""detection_events"":89066,""detectors_checked"":9179296}"
      9088,         1,         0,    47.0,exact_mw,f9daf7670c28e8b8b7ac9af8e1984263f26063cb589f7a54f43332f7ce5001d2,"{""distance"":7,""physical_error_rate"":0.002}","{""detection_events"":53652,""detectors_checked"":5470976,""obs_mistake_mask=E"":1}"
     13184,         4,         0,    59.3,exact_mw,f9daf7670c28e8b8b7ac9af8e1984263f26063cb589f7a54f43332f7ce5001d2,"{""distance"":7,""physical_error_rate"":0.002}","{""detection_events"":78011,""detectors_checked"":7936768,""obs_mistake_mask=E"":4}"
     23424,         3,         0,   104.7,exact_mw,f9daf7670c28e8b8b7ac9af8e1984263f26063cb589f7a54f43332f7ce5001d2,"{""distance"":7,""physical_error_rate"":0.002}","{""detection_events"":137059,""detectors_checked"":14101248,""obs_mistake_mask=E"":3}"
       128,         0,         0,   0.577,exact_mw,f9daf7670c28e8b8b7ac9af8e1984263f26063cb589f7a54f43332f7ce5001d2,"{""distance"":7,""physical_error_rate"":0.002}","{""detection_events"":723,""detectors_checked"":77056}"
      3968,         0,         0,    24.5,exact_mw,f9daf7670c28e8b8b7ac9af8e1984263f26063cb589f7a54f43332f7ce5001d2,"{""distance"":7,""physical_error_rate"":0.002}","{""detection_events"":23026,""detectors_checked"":2388736}"
     13824,         0,         0,    62.9,exact_mw,f9daf7670c28e8b8b7ac9af8e1984263f26063cb589f7a54f43332f7ce5001d2,"{""distance"":7,""physical_error_rate"":0.002}","{""detection_events"":81960,""detectors_checked"":8322048}"
      4480,         0,         0,    26.3,exact_mw,f9daf7670c28e8b8b7ac9af8e1984263f26063cb589f7a54f43332f7ce5001d2,"{""distance"":7,""physical_error_rate"":0.002}","{""detection_events"":26075,""detectors_checked"":2696960}"
     17024,         2,         0,    70.0,exact_mw,f9daf7670c28e8b8b7ac9af8e1984263f26063cb589f7a54f43332f7ce5001d2,"{""distance"":7,""physical_error_rate"":0.002}","{""detection_events"":99712,""detectors_checked"":10248448,""obs_mistake_mask=E"":2}"
    129024,         3,         0,   120.1,exact_mw,a17a1dfb4cb0509fbcf9caf9ce6f4704b111f022b15740e51c84c2b7e14a6407,"{""distance"":7,""physical_error_rate"":0.001}","{""detection_events"":379184,""detectors_checked"":77672448,""obs_mistake_mask=E"":3}"
    777216,         2,         0,   119.8,exact_mw,8973b2281876bd917be29e6214e197de75d185bf3f5e531e264555f10574746e,"{""distance"":7,""physical_error_rate"":0.0005}","{""detection_events"":1153068,""detectors_checked"":467884032,""obs_mistake_mask=E"":2}"
    726016,         3,         0,   120.0,exact_mw,8973b2281876bd917be29e6214e197de75d185bf3f5e531e264555f10574746e,"{""distance"":7,""physical_error_rate"":0.0005}","{""detection_events"":1071491,""detectors_checked"":437061632,""obs_mistake_mask=E"":3}"
    706560,         2,         0,   120.0,exact_mw,8973b2281876bd917be29e6214e197de75d185bf3f5e531e264555f10574746e,"{""distance"":7,""physical_error_rate"":0.0005}","{""detection_events"":1044261,""detectors_checked"":425349120,""obs_mistake_mask=E"":2}"
    675840,         0,         0,   120.0,exact_mw,8973b2281876bd917be29e6214e197de75d185bf3f5e531e264555f10574746e,"{""distance"":7,""physical_error_rate"":0.0005}","{""detection_events"":1001571,""detectors_checked"":406855680}"
    448512,         3,         0,   119.8,exact_mw,8973b2281876bd917be29e6214e197de75d185bf3f5e531e264555f10574746e,"{""distance"":7,""physical_error_rate"":0.0005}","{""detection_events"":663638,""detectors_checked"":270004224,""obs_mistake_mask=E"":3}"
    329216,         0,         0,   120.0,exact_mw,8973b2281876bd917be29e6214e197de75d185bf3f5e531e264555f10574746e,"{""distance"":7,""physical_error_rate"":0.0005}","{""detection_events"":488304,""detectors_checked"":198188032}"
    122880,         1,         0,   120.1,exact_mw,a17a1dfb4cb0509fbcf9caf9ce6f4704b111f022b15740e51c84c2b7e14a6407,"{""distance"":7,""physical_error_rate"":0.001}","{""detection_events"":361158,""detectors_checked"":73973760,""obs_mistake_mask=E"":1}"
    118784,         3,         0,   120.1,exact_mw,a17a1dfb4cb0509fbcf9caf9ce6f4704b111f022b15740e51c84c2b7e14a6407,"{""distance"":7,""physical_error_rate"":0.001}","{""detection_events"":348306,""detectors_checked"":71507968,""obs_mistake_mask=E"":3}"
     58816,         0,         0,   120.0,exact_mw,a17a1dfb4cb0509fbcf9caf9ce6f4704b111f022b15740e51c84c2b7e14a6407,"{""distance"":7,""physical_error_rate"":0.001}","{""detection_events"":173427,""detectors_checked"":35407232}"
    119808,         3,         0,   120.3,exact_mw,a17a1dfb4cb0509fbcf9caf9ce6f4704b111f022b15740e51c84c2b7e14a6407,"{""distance"":7,""physical_error_rate"":0.001}","{""detection_events"":353365,""detectors_checked"":72124416,""obs_mistake_mask=E"":3}"
     77760,         1,         0,   120.2,exact_mw,a17a1dfb4cb0509fbcf9caf9ce6f4704b111f022b15740e51c84c2b7e14a6407,"{""distance"":7,""physical_error_rate"":0.001}","{""detection_events"":227659,""detectors_checked"":46811520,""obs_mistake_mask=E"":1}"
         1,         0,         0,   0.019,exact_mw,a17a1dfb4cb0509fbcf9caf9ce6f4704b111f022b15740e51c84c2b7e14a6407,"{""distance"":7,""physical_error_rate"":0.001}","{""detectors_checked"":602}"
       273,         0,         0,   0.029,exact_mw,8973b2281876bd917be29e6214e197de75d185bf3f5e531e264555f10574746e,"{""distance"":7,""physical_error_rate"":0.0005}","{""detection_events"":416,""detectors_checked"":164346}"
       272,         0,         0,   0.353,exact_mw,a17a1dfb4cb0509fbcf9caf9ce6f4704b111f022b15740e51c84c2b7e14a6407,"{""distance"":7,""physical_error_rate"":0.001}","{""detection_events"":883,""detectors_checked"":163744}"
      1024,         0,         0,   0.189,exact_mw,8973b2281876bd917be29e6214e197de75d185bf3f5e531e264555f10574746e,"{""distance"":7,""physical_error_rate"":0.0005}","{""detection_events"":1618,""detectors_checked"":616448}"
       256,         0,         0,   0.254,exact_mw,a17a1dfb4cb0509fbcf9caf9ce6f4704b111f022b15740e51c84c2b7e14a6407,"{""distance"":7,""physical_error_rate"":0.001}","{""detection_events"":779,""detectors_checked"":154112}"
      1024,         0,         0,   0.130,exact_mw,8973b2281876bd917be29e6214e197de75d185bf3f5e531e264555f10574746e,"{""distance"":7,""physical_error_rate"":0.0005}","{""detection_events"":1414,""detectors_checked"":616448}"
      1024,         0,         0,   0.102,exact_mw,8973b2281876bd917be29e6214e197de75d185bf3f5e531e264555f10574746e,"{""distance"":7,""physical_error_rate"":0.0005}","{""detection_events"":1524,""detectors_checked"":616448}"
      1024,         0,         0,   0.229,exact_mw,8973b2281876bd917be29e6214e197de75d185bf3f5e531e264555f10574746e,"{""distance"":7,""physical_error_rate"":0.0005}","{""detection_events"":1565,""detectors_checked"":616448}"
        17,         0,         0,   0.031,exact_mw,a17a1dfb4cb0509fbcf9caf9ce6f4704b111f022b15740e51c84c2b7e14a6407,"{""distance"":7,""physical_error_rate"":0.001}","{""detection_events"":81,""detectors_checked"":10234}"
       512,         0,         0,   0.523,exact_mw,a17a1dfb4cb0509fbcf9caf9ce6f4704b111f022b15740e51c84c2b7e14a6407,"{""distance"":7,""physical_error_rate"":0.001}","{""detection_events"":1572,""detectors_checked"":308224}"
      1024,         0,         0,   0.200,exact_mw,8973b2281876bd917be29e6214e197de75d185bf3f5e531e264555f10574746e,"{""distance"":7,""physical_error_rate"":0.0005}","{""detection_events"":1512,""detectors_checked"":616448}"
        17,         0,         0,   0.010,exact_mw,a17a1dfb4cb0509fbcf9caf9ce6f4704b111f022b15740e51c84c2b7e14a6407,"{""distance"":7,""physical_error_rate"":0.001}","{""detection_events"":76,""detectors_checked"":10234}"
      1024,         0,         0,   0.210,exact_mw,8973b2281876bd917be29e6214e197de75d185bf3f5e531e264555f10574746e,"{""distance"":7,""physical_error_rate"":0.0005}","{""detection_events"":1603,""detectors_checked"":616448}"
       256,         0,         0,   0.358,exact_mw,a17a1dfb4cb0509fbcf9caf9ce6f4704b111f022b15740e51c84c2b7e14a6407,"{""distance"":7,""physical_error_rate"":0.001}","{""detection_events"":786,""detectors_checked"":154112}"
       273,         0,         0,   0.072,exact_mw,8973b2281876bd917be29e6214e197de75d185bf3f5e531e264555f10574746e,"{""distance"":7,""physical_error_rate"":0.0005}","{""detection_events"":396,""detectors_checked"":164346}"
      1024,         0,         0,   0.138,exact_mw,8973b2281876bd917be29e6214e197de75d185bf3f5e531e264555f10574746e,"{""distance"":7,""physical_error_rate"":0.0005}","{""detection_events"":1599,""detectors_checked"":616448}"
       256,         0,         0,   0.176,exact_mw,a17a1dfb4cb0509fbcf9caf9ce6f4704b111f022b15740e51c84c2b7e14a6407,"{""distance"":7,""physical_error_rate"":0.001}","{""detection_events"":741,""detectors_checked"":154112}"
       512,         0,         0,   0.494,exact_mw,a17a1dfb4cb0509fbcf9caf9ce6f4704b111f022b15740e51c84c2b7e14a6407,"{""distance"":7,""physical_error_rate"":0.001}","{""detection_events"":1421,""detectors_checked"":308224}"
      1024,         0,         0,   0.132,exact_mw,8973b2281876bd917be29e6214e197de75d185bf3f5e531e264555f10574746e,"{""distance"":7,""physical_error_rate"":0.0005}","{""detection_events"":1447,""detectors_checked"":616448}"
    425984,         1,         0,   120.0,exact_mw,8973b2281876bd917be29e6214e197de75d185bf3f5e531e264555f10574746e,"{""distance"":7,""physical_error_rate"":0.0005}","{""detection_events"":629030,""detectors_checked"":256442368,""obs_mistake_mask=E"":1}"
      1024,         0,         0,   0.196,exact_mw,8973b2281876bd917be29e6214e197de75d185bf3f5e531e264555f10574746e,"{""distance"":7,""physical_error_rate"":0.0005}","{""detection_events"":1630,""detectors_checked"":616448}"
         1,         0,         0,   0.001,exact_mw,a17a1dfb4cb0509fbcf9caf9ce6f4704b111f022b15740e51c84c2b7e14a6407,"{""distance"":7,""physical_error_rate"":0.001}","{""detection_events"":2,""detectors_checked"":602}"
      1024,         0,         0,   0.261,exact_mw,8973b2281876bd917be29e6214e197de75d185bf3f5e531e264555f10574746e,"{""distance"":7,""physical_error_rate"":0.0005}","{""detection_events"":1590,""detectors_checked"":616448}"
       512,         0,         0,   0.361,exact_mw,a17a1dfb4cb0509fbcf9caf9ce6f4704b111f022b15740e51c84c2b7e14a6407,"{""distance"":7,""physical_error_rate"":0.001}","{""detection_events"":1548,""detectors_checked"":308224}"
       273,         0,         0,   0.048,exact_mw,8973b2281876bd917be29e6214e197de75d185bf3f5e531e264555f10574746e,"{""distance"":7,""physical_error_rate"":0.0005}","{""detection_events"":452,""detectors_checked"":164346}"
       272,         0,         0,   0.171,exact_mw,a17a1dfb4cb0509fbcf9caf9ce6f4704b111f022b15740e51c84c2b7e14a6407,"{""distance"":7,""physical_error_rate"":0.001}","{""detection_events"":739,""detectors_checked"":163744}"
       256,         0,         0,   0.574,exact_mw,a17a1dfb4cb0509fbcf9caf9ce6f4704b111f022b15740e51c84c2b7e14a6407,"{""distance"":7,""physical_error_rate"":0.001}","{""detection_events"":822,""detectors_checked"":154112}"
      2048,         0,         0,   0.277,exact_mw,8973b2281876bd917be29e6214e197de75d185bf3f5e531e264555f10574746e,"{""distance"":7,""physical_error_rate"":0.0005}","{""detection_events"":3064,""detectors_checked"":1232896}"
      1024,         0,         0,   0.154,exact_mw,8973b2281876bd917be29e6214e197de75d185bf3f5e531e264555f10574746e,"{""distance"":7,""physical_error_rate"":0.0005}","{""detection_events"":1359,""detectors_checked"":616448}"
      1024,         0,         0,   0.131,exact_mw,8973b2281876bd917be29e6214e197de75d185bf3f5e531e264555f10574746e,"{""distance"":7,""physical_error_rate"":0.0005}","{""detection_events"":1470,""detectors_checked"":616448}"
      1024,         0,         0,   0.132,exact_mw,8973b2281876bd917be29e6214e197de75d185bf3f5e531e264555f10574746e,"{""distance"":7,""physical_error_rate"":0.0005}","{""detection_events"":1594,""detectors_checked"":616448}"
      1024,         0,         0,   0.133,exact_mw,8973b2281876bd917be29e6214e197de75d185bf3f5e531e264555f10574746e,"{""distance"":7,""physical_error_rate"":0.0005}","{""detection_events"":1542,""detectors_checked"":616448}"
       512,         0,         0,   0.624,exact_mw,a17a1dfb4cb0509fbcf9caf9ce6f4704b111f022b15740e51c84c2b7e14a6407,"{""distance"":7,""physical_error_rate"":0.001}","{""detection_events"":1400,""detectors_checked"":308224}"
      1024,         0,         0,   0.111,exact_mw,8973b2281876bd917be29e6214e197de75d185bf3f5e531e264555f10574746e,"{""distance"":7,""physical_error_rate"":0.0005}","{""detection_events"":1518,""detectors_checked"":616448}"
       256,         0,         0,   0.333,exact_mw,a17a1dfb4cb0509fbcf9caf9ce6f4704b111f022b15740e51c84c2b7e14a6407,"{""distance"":7,""physical_error_rate"":0.001}","{""detection_events"":697,""detectors_checked"":154112}"
      1024,         0,         0,   0.136,exact_mw,8973b2281876bd917be29e6214e197de75d185bf3f5e531e264555f10574746e,"{""distance"":7,""physical_error_rate"":0.0005}","{""detection_events"":1482,""detectors_checked"":616448}"
      2048,         0,         0,   0.340,exact_mw,8973b2281876bd917be29e6214e197de75d185bf3f5e531e264555f10574746e,"{""distance"":7,""physical_error_rate"":0.0005}","{""detection_events"":2951,""detectors_checked"":1232896}"
      1024,         0,         0,   0.092,exact_mw,8973b2281876bd917be29e6214e197de75d185bf3f5e531e264555f10574746e,"{""distance"":7,""physical_error_rate"":0.0005}","{""detection_events"":1472,""detectors_checked"":616448}"
       512,         0,         0,   0.499,exact_mw,a17a1dfb4cb0509fbcf9caf9ce6f4704b111f022b15740e51c84c2b7e14a6407,"{""distance"":7,""physical_error_rate"":0.001}","{""detection_events"":1517,""detectors_checked"":308224}"
       512,         0,         0,   0.519,exact_mw,a17a1dfb4cb0509fbcf9caf9ce6f4704b111f022b15740e51c84c2b7e14a6407,"{""distance"":7,""physical_error_rate"":0.001}","{""detection_events"":1587,""detectors_checked"":308224}"
      1024,         0,         0,   0.091,exact_mw,8973b2281876bd917be29e6214e197de75d185bf3f5e531e264555f10574746e,"{""distance"":7,""physical_error_rate"":0.0005}","{""detection_events"":1458,""detectors_checked"":616448}"
      1024,         0,         0,   0.183,exact_mw,8973b2281876bd917be29e6214e197de75d185bf3f5e531e264555f10574746e,"{""distance"":7,""physical_error_rate"":0.0005}","{""detection_events"":1494,""detectors_checked"":616448}"
       256,         0,         0,   0.248,exact_mw,a17a1dfb4cb0509fbcf9caf9ce6f4704b111f022b15740e51c84c2b7e14a6407,"{""distance"":7,""physical_error_rate"":0.001}","{""detection_events"":727,""detectors_checked"":154112}"
       512,         0,         0,   0.374,exact_mw,a17a1dfb4cb0509fbcf9caf9ce6f4704b111f022b15740e51c84c2b7e14a6407,"{""distance"":7,""physical_error_rate"":0.001}","{""detection_events"":1417,""detectors_checked"":308224}"
    125440,         1,         0,   120.1,exact_mw,a17a1dfb4cb0509fbcf9caf9ce6f4704b111f022b15740e51c84c2b7e14a6407,"{""distance"":7,""physical_error_rate"":0.001}","{""detection_events"":369451,""detectors_checked"":75514880,""obs_mistake_mask=E"":1}"
      1024,         0,         0,   0.178,exact_mw,8973b2281876bd917be29e6214e197de75d185bf3f5e531e264555f10574746e,"{""distance"":7,""physical_error_rate"":0.0005}","{""detection_events"":1586,""detectors_checked"":616448}"
       273,         0,         0,   0.354,exact_mw,a17a1dfb4cb0509fbcf9caf9ce6f4704b111f022b15740e51c84c2b7e14a6407,"{""distance"":7,""physical_error_rate"":0.001}","{""detection_events"":764,""detectors_checked"":164346}"
      2048,         0,         0,   0.236,exact_mw,8973b2281876bd917be29e6214e197de75d185bf3f5e531e264555f10574746e,"{""distance"":7,""physical_error_rate"":0.0005}","{""detection_events"":2877,""detectors_checked"":1232896}"
       512,         0,         0,   0.385,exact_mw,a17a1dfb4cb0509fbcf9caf9ce6f4704b111f022b15740e51c84c2b7e14a6407,"{""distance"":7,""physical_error_rate"":0.001}","{""detection_events"":1322,""detectors_checked"":308224}"
      3072,         0,         0,   0.472,exact_mw,8973b2281876bd917be29e6214e197de75d185bf3f5e531e264555f10574746e,"{""distance"":7,""physical_error_rate"":0.0005}","{""detection_events"":4626,""detectors_checked"":1849344}"
      1024,         0,         0,   0.130,exact_mw,8973b2281876bd917be29e6214e197de75d185bf3f5e531e264555f10574746e,"{""distance"":7,""physical_error_rate"":0.0005}","{""detection_events"":1587,""detectors_checked"":616448}"
       512,         0,         0,   0.280,exact_mw,a17a1dfb4cb0509fbcf9caf9ce6f4704b111f022b15740e51c84c2b7e14a6407,"{""distance"":7,""physical_error_rate"":0.001}","{""detection_events"":1478,""detectors_checked"":308224}"
       512,         0,         0,   0.489,exact_mw,a17a1dfb4cb0509fbcf9caf9ce6f4704b111f022b15740e51c84c2b7e14a6407,"{""distance"":7,""physical_error_rate"":0.001}","{""detection_events"":1558,""detectors_checked"":308224}"
      1024,         0,         0,   0.207,exact_mw,8973b2281876bd917be29e6214e197de75d185bf3f5e531e264555f10574746e,"{""distance"":7,""physical_error_rate"":0.0005}","{""detection_events"":1602,""detectors_checked"":616448}"
       256,         0,         0,   0.300,exact_mw,a17a1dfb4cb0509fbcf9caf9ce6f4704b111f022b15740e51c84c2b7e14a6407,"{""distance"":7,""physical_error_rate"":0.001}","{""detection_events"":669,""detectors_checked"":154112}"
      1024,         0,         0,   0.207,exact_mw,8973b2281876bd917be29e6214e197de75d185bf3f5e531e264555f10574746e,"{""distance"":7,""physical_error_rate"":0.0005}","{""detection_events"":1586,""detectors_checked"":616448}"
       273,         0,         0,   0.051,exact_mw,8973b2281876bd917be29e6214e197de75d185bf3f5e531e264555f10574746e,"{""distance"":7,""physical_error_rate"":0.0005}","{""detection_events"":427,""detectors_checked"":164346}"
      2048,         0,         0,   0.358,exact_mw,8973b2281876bd917be29e6214e197de75d185bf3f5e531e264555f10574746e,"{""distance"":7,""physical_error_rate"":0.0005}","{""detection_events"":3096,""detectors_checked"":1232896}"
       512,         0,         0,   0.758,exact_mw,a17a1dfb4cb0509fbcf9caf9ce6f4704b111f022b15740e51c84c2b7e14a6407,"{""distance"":7,""physical_error_rate"":0.001}","{""detection_events"":1489,""detectors_checked"":308224}"
      2048,         0,         0,   0.291,exact_mw,8973b2281876bd917be29e6214e197de75d185bf3f5e531e264555f10574746e,"{""distance"":7,""physical_error_rate"":0.0005}","{""detection_events"":2897,""detectors_checked"":1232896}"
       512,         0,         0,   0.510,exact_mw,a17a1dfb4cb0509fbcf9caf9ce6f4704b111f022b15740e51c84c2b7e14a6407,"{""distance"":7,""physical_error_rate"":0.001}","{""detection_events"":1498,""detectors_checked"":308224}"
      1024,         0,         0,   0.235,exact_mw,8973b2281876bd917be29e6214e197de75d185bf3f5e531e264555f10574746e,"{""distance"":7,""physical_error_rate"":0.0005}","{""detection_events"":1393,""detectors_checked"":616448}"
      4096,         0,         0,   0.644,exact_mw,8973b2281876bd917be29e6214e197de75d185bf3f5e531e264555f10574746e,"{""distance"":7,""physical_error_rate"":0.0005}","{""detection_events"":6124,""detectors_checked"":2465792}"
       256,         0,         0,   0.463,exact_mw,a17a1dfb4cb0509fbcf9caf9ce6f4704b111f022b15740e51c84c2b7e14a6407,"{""distance"":7,""physical_error_rate"":0.001}","{""detection_events"":756,""detectors_checked"":154112}"
       512,         0,         0,   0.619,exact_mw,a17a1dfb4cb0509fbcf9caf9ce6f4704b111f022b15740e51c84c2b7e14a6407,"{""distance"":7,""physical_error_rate"":0.001}","{""detection_events"":1790,""detectors_checked"":308224}"
        17,         0,         0,   0.001,exact_mw,8973b2281876bd917be29e6214e197de75d185bf3f5e531e264555f10574746e,"{""distance"":7,""physical_error_rate"":0.0005}","{""detection_events"":10,""detectors_checked"":10234}"
       256,         0,         0,   0.063,exact_mw,8973b2281876bd917be29e6214e197de75d185bf3f5e531e264555f10574746e,"{""distance"":7,""physical_error_rate"":0.0005}","{""detection_events"":369,""detectors_checked"":154112}"
      1024,         0,         0,   0.719,exact_mw,a17a1dfb4cb0509fbcf9caf9ce6f4704b111f022b15740e51c84c2b7e14a6407,"{""distance"":7,""physical_error_rate"":0.001}","{""detection_events"":2940,""detectors_checked"":616448}"
       273,         0,         0,   0.055,exact_mw,8973b2281876bd917be29e6214e197de75d185bf3f5e531e264555f10574746e,"{""distance"":7,""physical_error_rate"":0.0005}","{""detection_events"":389,""detectors_checked"":164346}"
      1024,         0,         0,   0.303,exact_mw,8973b2281876bd917be29e6214e197de75d185bf3f5e531e264555f10574746e,"{""distance"":7,""physical_error_rate"":0.0005}","{""detection_events"":1504,""detectors_checked"":616448}"
      4096,         0,         0,   0.488,exact_mw,8973b2281876bd917be29e6214e197de75d185bf3f5e531e264555f10574746e,"{""distance"":7,""physical_error_rate"":0.0005}","{""detection_events"":6030,""detectors_checked"":2465792}"
      2048,         0,         0,   0.433,exact_mw,8973b2281876bd917be29e6214e197de75d185bf3f5e531e264555f10574746e,"{""distance"":7,""physical_error_rate"":0.0005}","{""detection_events"":2927,""detectors_checked"":1232896}"
       512,         0,         0,   0.527,exact_mw,a17a1dfb4cb0509fbcf9caf9ce6f4704b111f022b15740e51c84c2b7e14a6407,"{""distance"":7,""physical_error_rate"":0.001}","{""detection_events"":1407,""detectors_checked"":308224}"
       512,         0,         0,   0.493,exact_mw,a17a1dfb4cb0509fbcf9caf9ce6f4704b111f022b15740e51c84c2b7e14a6407,"{""distance"":7,""physical_error_rate"":0.001}","{""detection_events"":1641,""detectors_checked"":308224}"
      1024,         0,         0,   0.293,exact_mw,8973b2281876bd917be29e6214e197de75d185bf3f5e531e264555f10574746e,"{""distance"":7,""physical_error_rate"":0.0005}","{""detection_events"":1672,""detectors_checked"":616448}"
       512,         0,         0,   0.371,exact_mw,a17a1dfb4cb0509fbcf9caf9ce6f4704b111f022b15740e51c84c2b7e14a6407,"{""distance"":7,""physical_error_rate"":0.001}","{""detection_events"":1440,""detectors_checked"":308224}"
       256,         0,         0,   0.380,exact_mw,a17a1dfb4cb0509fbcf9caf9ce6f4704b111f022b15740e51c84c2b7e14a6407,"{""distance"":7,""physical_error_rate"":0.001}","{""detection_events"":814,""detectors_checked"":154112}"
      1024,         0,         0,   0.216,exact_mw,8973b2281876bd917be29e6214e197de75d185bf3f5e531e264555f10574746e,"{""distance"":7,""physical_error_rate"":0.0005}","{""detection_events"":1502,""detectors_checked"":616448}"
      1024,         0,         0,   0.220,exact_mw,8973b2281876bd917be29e6214e197de75d185bf3f5e531e264555f10574746e,"{""distance"":7,""physical_error_rate"":0.0005}","{""detection_events"":1350,""detectors_checked"":616448}"
       273,         0,         0,   0.348,exact_mw,a17a1dfb4cb0509fbcf9caf9ce6f4704b111f022b15740e51c84c2b7e14a6407,"{""distance"":7,""physical_error_rate"":0.001}","{""detection_events"":894,""detectors_checked"":164346}"
      1024,         0,         0,   0.192,exact_mw,8973b2281876bd917be29e6214e197de75d185bf3f5e531e264555f10574746e,"{""distance"":7,""physical_error_rate"":0.0005}","{""detection_events"":1595,""detectors_checked"":616448}"
      2048,         0,         0,   0.298,exact_mw,8973b2281876bd917be29e6214e197de75d185bf3f5e531e264555f10574746e,"{""distance"":7,""physical_error_rate"":0.0005}","{""detection_events"":2978,""detectors_checked"":1232896}"
      1024,         0,         0,   0.221,exact_mw,8973b2281876bd917be29e6214e197de75d185bf3f5e531e264555f10574746e,"{""distance"":7,""physical_error_rate"":0.0005}","{""detection_events"":1513,""detectors_checked"":616448}"
       256,         0,         0,   0.289,exact_mw,a17a1dfb4cb0509fbcf9caf9ce6f4704b111f022b15740e51c84c2b7e14a6407,"{""distance"":7,""physical_error_rate"":0.001}","{""detection_events"":826,""detectors_checked"":154112}"
      1024,         0,         0,   0.189,exact_mw,8973b2281876bd917be29e6214e197de75d185bf3f5e531e264555f10574746e,"{""distance"":7,""physical_error_rate"":0.0005}","{""detection_events"":1556,""detectors_checked"":616448}"
      1024,         0,         0,   0.160,exact_mw,8973b2281876bd917be29e6214e197de75d185bf3f5e531e264555f10574746e,"{""distance"":7,""physical_error_rate"":0.0005}","{""detection_events"":1409,""detectors_checked"":616448}"
       512,         0,         0,   0.342,exact_mw,a17a1dfb4cb0509fbcf9caf9ce6f4704b111f022b15740e51c84c2b7e14a6407,"{""distance"":7,""physical_error_rate"":0.001}","{""detection_events"":1505,""detectors_checked"":308224}"
       512,         0,         0,   0.392,exact_mw,a17a1dfb4cb0509fbcf9caf9ce6f4704b111f022b15740e51c84c2b7e14a6407,"{""distance"":7,""physical_error_rate"":0.001}","{""detection_events"":1608,""detectors_checked"":308224}"
      4096,         0,         0,   0.805,exact_mw,8973b2281876bd917be29e6214e197de75d185bf3f5e531e264555f10574746e,"{""distance"":7,""physical_error_rate"":0.0005}","{""detection_events"":6140,""detectors_checked"":2465792}"
       256,         0,         0,   0.303,exact_mw,a17a1dfb4cb0509fbcf9caf9ce6f4704b111f022b15740e51c84c2b7e14a6407,"{""distance"":7,""physical_error_rate"":0.001}","{""detection_events"":696,""detectors_checked"":154112}"
      1024,         0,         0,   0.141,exact_mw,8973b2281876bd917be29e6214e197de75d185bf3f5e531e264555f10574746e,"{""distance"":7,""physical_error_rate"":0.0005}","{""detection_events"":1429,""detectors_checked"":616448}"
       512,         0,         0,   0.478,exact_mw,a17a1dfb4cb0509fbcf9caf9ce6f4704b111f022b15740e51c84c2b7e14a6407,"{""distance"":7,""physical_error_rate"":0.001}","{""detection_events"":1598,""detectors_checked"":308224}"
      1024,         0,         0,   0.158,exact_mw,8973b2281876bd917be29e6214e197de75d185bf3f5e531e264555f10574746e,"{""distance"":7,""physical_error_rate"":0.0005}","{""detection_events"":1476,""detectors_checked"":616448}"
      1024,         0,         0,   0.188,exact_mw,8973b2281876bd917be29e6214e197de75d185bf3f5e531e264555f10574746e,"{""distance"":7,""physical_error_rate"":0.0005}","{""detection_events"":1533,""detectors_checked"":616448}"
       256,         0,         0,   0.185,exact_mw,a17a1dfb4cb0509fbcf9caf9ce6f4704b111f022b15740e51c84c2b7e14a6407,"{""distance"":7,""physical_error_rate"":0.001}","{""detection_events"":736,""detectors_checked"":154112}"
      4096,         0,         0,   0.724,exact_mw,8973b2281876bd917be29e6214e197de75d185bf3f5e531e264555f10574746e,"{""distance"":7,""physical_error_rate"":0.0005}","{""detection_events"":5908,""detectors_checked"":2465792}"
      1024,         0,         0,   0.192,exact_mw,8973b2281876bd917be29e6214e197de75d185bf3f5e531e264555f10574746e,"{""distance"":7,""physical_error_rate"":0.0005}","{""detection_events"":1510,""detectors_checked"":616448}"
      1024,         0,         0,   0.245,exact_mw,8973b2281876bd917be29e6214e197de75d185bf3f5e531e264555f10574746e,"{""distance"":7,""physical_error_rate"":0.0005}","{""detection_events"":1532,""detectors_checked"":616448}"
       512,         0,         0,   0.380,exact_mw,a17a1dfb4cb0509fbcf9caf9ce6f4704b111f022b15740e51c84c2b7e14a6407,"{""distance"":7,""physical_error_rate"":0.001}","{""detection_events"":1537,""detectors_checked"":308224}"
    106496,         2,         0,   120.5,exact_mw,a17a1dfb4cb0509fbcf9caf9ce6f4704b111f022b15740e51c84c2b7e14a6407,"{""distance"":7,""physical_error_rate"":0.001}","{""detection_events"":313871,""detectors_checked"":64110592,""obs_mistake_mask=E"":2}"
      1024,         0,         0,   0.209,exact_mw,8973b2281876bd917be29e6214e197de75d185bf3f5e531e264555f10574746e,"{""distance"":7,""physical_error_rate"":0.0005}","{""detection_events"":1602,""detectors_checked"":616448}"
      3072,         0,         0,   0.513,exact_mw,8973b2281876bd917be29e6214e197de75d185bf3f5e531e264555f10574746e,"{""distance"":7,""physical_error_rate"":0.0005}","{""detection_events"":4603,""detectors_checked"":1849344}"
      1024,         0,         0,   0.133,exact_mw,8973b2281876bd917be29e6214e197de75d185bf3f5e531e264555f10574746e,"{""distance"":7,""physical_error_rate"":0.0005}","{""detection_events"":1421,""detectors_checked"":616448}"
       512,         0,         0,   0.508,exact_mw,a17a1dfb4cb0509fbcf9caf9ce6f4704b111f022b15740e51c84c2b7e14a6407,"{""distance"":7,""physical_error_rate"":0.001}","{""detection_events"":1433,""detectors_checked"":308224}"
       512,         0,         0,   0.507,exact_mw,a17a1dfb4cb0509fbcf9caf9ce6f4704b111f022b15740e51c84c2b7e14a6407,"{""distance"":7,""physical_error_rate"":0.001}","{""detection_events"":1534,""detectors_checked"":308224}"
      1024,         0,         0,   0.205,exact_mw,8973b2281876bd917be29e6214e197de75d185bf3f5e531e264555f10574746e,"{""distance"":7,""physical_error_rate"":0.0005}","{""detection_events"":1391,""detectors_checked"":616448}"
       512,         0,         0,   0.497,exact_mw,a17a1dfb4cb0509fbcf9caf9ce6f4704b111f022b15740e51c84c2b7e14a6407,"{""distance"":7,""physical_error_rate"":0.001}","{""detection_events"":1473,""detectors_checked"":308224}"
      1024,         0,         0,   0.225,exact_mw,8973b2281876bd917be29e6214e197de75d185bf3f5e531e264555f10574746e,"{""distance"":7,""physical_error_rate"":0.0005}","{""detection_events"":1432,""detectors_checked"":616448}"
      1024,         0,         0,   0.171,exact_mw,8973b2281876bd917be29e6214e197de75d185bf3f5e531e264555f10574746e,"{""distance"":7,""physical_error_rate"":0.0005}","{""detection_events"":1528,""detectors_checked"":616448}"
      1024,         0,         0,   0.216,exact_mw,8973b2281876bd917be29e6214e197de75d185bf3f5e531e264555f10574746e,"{""distance"":7,""physical_error_rate"":0.0005}","{""detection_events"":1563,""detectors_checked"":616448}"
       512,         0,         0,   0.491,exact_mw,a17a1dfb4cb0509fbcf9caf9ce6f4704b111f022b15740e51c84c2b7e14a6407,"{""distance"":7,""physical_error_rate"":0.001}","{""detection_events"":1633,""detectors_checked"":308224}"
      1024,         0,         0,   0.165,exact_mw,8973b2281876bd917be29e6214e197de75d185bf3f5e531e264555f10574746e,"{""distance"":7,""physical_error_rate"":0.0005}","{""detection_events"":1595,""detectors_checked"":616448}"
    338688,         2,         0,   119.9,exact_mw,8973b2281876bd917be29e6214e197de75d185bf3f5e531e264555f10574746e,"{""distance"":7,""physical_error_rate"":0.0005}","{""detection_events"":502301,""detectors_checked"":203890176,""obs_mistake_mask=E"":2}"
      1024,         0,         0,    1.48,exact_mw,a17a1dfb4cb0509fbcf9caf9ce6f4704b111f022b15740e51c84c2b7e14a6407,"{""distance"":7,""physical_error_rate"":0.001}","{""detection_events"":2942,""detectors_checked"":616448}"
       512,         0,         0,   0.348,exact_mw,a17a1dfb4cb0509fbcf9caf9ce6f4704b111f022b15740e51c84c2b7e14a6407,"{""distance"":7,""physical_error_rate"":0.001}","{""detection_events"":1442,""detectors_checked"":308224}"
       512,         0,         0,   0.543,exact_mw,a17a1dfb4cb0509fbcf9caf9ce6f4704b111f022b15740e51c84c2b7e14a6407,"{""distance"":7,""physical_error_rate"":0.001}","{""detection_events"":1712,""detectors_checked"":308224}"
         1,         0,         0,   0.001,exact_mw,a17a1dfb4cb0509fbcf9caf9ce6f4704b111f022b15740e51c84c2b7e14a6407,"{""distance"":7,""physical_error_rate"":0.001}","{""detectors_checked"":602}"
      1024,         0,         0,   0.331,exact_mw,8973b2281876bd917be29e6214e197de75d185bf3f5e531e264555f10574746e,"{""distance"":7,""physical_error_rate"":0.0005}","{""detection_events"":1522,""detectors_checked"":616448}"
      1024,         0,         0,   0.242,exact_mw,8973b2281876bd917be29e6214e197de75d185bf3f5e531e264555f10574746e,"{""distance"":7,""physical_error_rate"":0.0005}","{""detection_events"":1579,""detectors_checked"":616448}"
        17,         0,         0,   0.020,exact_mw,8973b2281876bd917be29e6214e197de75d185bf3f5e531e264555f10574746e,"{""distance"":7,""physical_error_rate"":0.0005}","{""detection_events"":34,""detectors_checked"":10234}"
       512,         0,         0,   0.594,exact_mw,a17a1dfb4cb0509fbcf9caf9ce6f4704b111f022b15740e51c84c2b7e14a6407,"{""distance"":7,""physical_error_rate"":0.001}","{""detection_events"":1531,""detectors_checked"":308224}"
       272,         0,         0,   0.166,exact_mw,a17a1dfb4cb0509fbcf9caf9ce6f4704b111f022b15740e51c84c2b7e14a6407,"{""distance"":7,""physical_error_rate"":0.001}","{""detection_events"":803,""detectors_checked"":163744}"
       256,         0,         0,   0.038,exact_mw,8973b2281876bd917be29e6214e197de75d185bf3f5e531e264555f10574746e,"{""distance"":7,""physical_error_rate"":0.0005}","{""detection_events"":375,""detectors_checked"":154112}"
        17,         0,         0,   0.001,exact_mw,a17a1dfb4cb0509fbcf9caf9ce6f4704b111f022b15740e51c84c2b7e14a6407,"{""distance"":7,""physical_error_rate"":0.001}","{""detection_events"":43,""detectors_checked"":10234}"
      5120,         0,         0,   0.752,exact_mw,8973b2281876bd917be29e6214e197de75d185bf3f5e531e264555f10574746e,"{""distance"":7,""physical_error_rate"":0.0005}","{""detection_events"":7263,""detectors_checked"":3082240}"
       512,         0,         0,   0.389,exact_mw,a17a1dfb4cb0509fbcf9caf9ce6f4704b111f022b15740e51c84c2b7e14a6407,"{""distance"":7,""physical_error_rate"":0.001}","{""detection_events"":1427,""detectors_checked"":308224}"
       512,         0,         0,   0.270,exact_mw,a17a1dfb4cb0509fbcf9caf9ce6f4704b111f022b15740e51c84c2b7e14a6407,"{""distance"":7,""physical_error_rate"":0.001}","{""detection_events"":1343,""detectors_checked"":308224}"
      1024,         0,         0,   0.165,exact_mw,8973b2281876bd917be29e6214e197de75d185bf3f5e531e264555f10574746e,"{""distance"":7,""physical_error_rate"":0.0005}","{""detection_events"":1563,""detectors_checked"":616448}"
       512,         0,         0,   0.363,exact_mw,a17a1dfb4cb0509fbcf9caf9ce6f4704b111f022b15740e51c84c2b7e14a6407,"{""distance"":7,""physical_error_rate"":0.001}","{""detection_events"":1505,""detectors_checked"":308224}"
      2048,         0,         0,   0.448,exact_mw,8973b2281876bd917be29e6214e197de75d185bf3f5e531e264555f10574746e,"{""distance"":7,""physical_error_rate"":0.0005}","{""detection_events"":3018,""detectors_checked"":1232896}"
      6144,         0,         0,   0.987,exact_mw,8973b2281876bd917be29e6214e197de75d185bf3f5e531e264555f10574746e,"{""distance"":7,""physical_error_rate"":0.0005}","{""detection_events"":9190,""detectors_checked"":3698688}"
      1024,         0,         0,   0.214,exact_mw,8973b2281876bd917be29e6214e197de75d185bf3f5e531e264555f10574746e,"{""distance"":7,""physical_error_rate"":0.0005}","{""detection_events"":1549,""detectors_checked"":616448}"
      6144,         0,         0,    1.32,exact_mw,8973b2281876bd917be29e6214e197de75d185bf3f5e531e264555f10574746e,"{""distance"":7,""physical_error_rate"":0.0005}","{""detection_events"":9069,""detectors_checked"":3698688}"
       512,         0,         0,   0.792,exact_mw,a17a1dfb4cb0509fbcf9caf9ce6f4704b111f022b15740e51c84c2b7e14a6407,"{""distance"":7,""physical_error_rate"":0.001}","{""detection_events"":1585,""detectors_checked"":308224}"
       256,         0,         0,   0.240,exact_mw,a17a1dfb4cb0509fbcf9caf9ce6f4704b111f022b15740e51c84c2b7e14a6407,"{""distance"":7,""physical_error_rate"":0.001}","{""detection_events"":754,""detectors_checked"":154112}"
       512,         0,         0,   0.596,exact_mw,a17a1dfb4cb0509fbcf9caf9ce6f4704b111f022b15740e51c84c2b7e14a6407,"{""distance"":7,""physical_error_rate"":0.001}","{""detection_events"":1570,""detectors_checked"":308224}"
        17,         0,         0,   0.019,exact_mw,8973b2281876bd917be29e6214e197de75d185bf3f5e531e264555f10574746e,"{""distance"":7,""physical_error_rate"":0.0005}","{""detection_events"":25,""detectors_checked"":10234}"
      2048,         0,         0,   0.503,exact_mw,8973b2281876bd917be29e6214e197de75d185bf3f5e531e264555f10574746e,"{""distance"":7,""physical_error_rate"":0.0005}","{""detection_events"":3062,""detectors_checked"":1232896}"
       256,         0,         0,   0.057,exact_mw,8973b2281876bd917be29e6214e197de75d185bf3f5e531e264555f10574746e,"{""distance"":7,""physical_error_rate"":0.0005}","{""detection_events"":382,""detectors_checked"":154112}"
      1024,         0,         0,   0.162,exact_mw,8973b2281876bd917be29e6214e197de75d185bf3f5e531e264555f10574746e,"{""distance"":7,""physical_error_rate"":0.0005}","{""detection_events"":1622,""detectors_checked"":616448}"
       512,         1,         0,   0.356,exact_mw,a17a1dfb4cb0509fbcf9caf9ce6f4704b111f022b15740e51c84c2b7e14a6407,"{""distance"":7,""physical_error_rate"":0.001}","{""detection_events"":1507,""detectors_checked"":308224,""obs_mistake_mask=E"":1}"
      2048,         0,         0,   0.376,exact_mw,8973b2281876bd917be29e6214e197de75d185bf3f5e531e264555f10574746e,"{""distance"":7,""physical_error_rate"":0.0005}","{""detection_events"":2828,""detectors_checked"":1232896}"
      2048,         0,         0,   0.300,exact_mw,8973b2281876bd917be29e6214e197de75d185bf3f5e531e264555f10574746e,"{""distance"":7,""physical_error_rate"":0.0005}","{""detection_events"":2964,""detectors_checked"":1232896}"
      1024,         0,         0,   0.080,exact_mw,8973b2281876bd917be29e6214e197de75d185bf3f5e531e264555f10574746e,"{""distance"":7,""physical_error_rate"":0.0005}","{""detection_events"":1504,""detectors_checked"":616448}"
      1024,         0,         0,   0.135,exact_mw,8973b2281876bd917be29e6214e197de75d185bf3f5e531e264555f10574746e,"{""distance"":7,""physical_error_rate"":0.0005}","{""detection_events"":1702,""detectors_checked"":616448}"
       512,         0,         0,   0.544,exact_mw,a17a1dfb4cb0509fbcf9caf9ce6f4704b111f022b15740e51c84c2b7e14a6407,"{""distance"":7,""physical_error_rate"":0.001}","{""detection_events"":1433,""detectors_checked"":308224}"
      1024,         0,         0,   0.103,exact_mw,8973b2281876bd917be29e6214e197de75d185bf3f5e531e264555f10574746e,"{""distance"":7,""physical_error_rate"":0.0005}","{""detection_events"":1433,""detectors_checked"":616448}"
      1024,         0,         0,   0.083,exact_mw,8973b2281876bd917be29e6214e197de75d185bf3f5e531e264555f10574746e,"{""distance"":7,""physical_error_rate"":0.0005}","{""detection_events"":1427,""detectors_checked"":616448}"
      1024,         0,         0,   0.159,exact_mw,8973b2281876bd917be29e6214e197de75d185bf3f5e531e264555f10574746e,"{""distance"":7,""physical_error_rate"":0.0005}","{""detection_events"":1388,""detectors_checked"":616448}"
       512,         0,         0,   0.703,exact_mw,a17a1dfb4cb0509fbcf9caf9ce6f4704b111f022b15740e51c84c2b7e14a6407,"{""distance"":7,""physical_error_rate"":0.001}","{""detection_events"":1592,""detectors_checked"":308224}"
       512,         0,         0,   0.411,exact_mw,a17a1dfb4cb0509fbcf9caf9ce6f4704b111f022b15740e51c84c2b7e14a6407,"{""distance"":7,""physical_error_rate"":0.001}","{""detection_events"":1352,""detectors_checked"":308224}"
      1024,         0,         0,   0.110,exact_mw,8973b2281876bd917be29e6214e197de75d185bf3f5e531e264555f10574746e,"{""distance"":7,""physical_error_rate"":0.0005}","{""detection_events"":1613,""detectors_checked"":616448}"
       512,         0,         0,   0.520,exact_mw,a17a1dfb4cb0509fbcf9caf9ce6f4704b111f022b15740e51c84c2b7e14a6407,"{""distance"":7,""physical_error_rate"":0.001}","{""detection_events"":1480,""detectors_checked"":308224}"
       512,         0,         0,   0.521,exact_mw,a17a1dfb4cb0509fbcf9caf9ce6f4704b111f022b15740e51c84c2b7e14a6407,"{""distance"":7,""physical_error_rate"":0.001}","{""detection_events"":1609,""detectors_checked"":308224}"
      2048,         0,         0,   0.431,exact_mw,8973b2281876bd917be29e6214e197de75d185bf3f5e531e264555f10574746e,"{""distance"":7,""physical_error_rate"":0.0005}","{""detection_events"":2831,""detectors_checked"":1232896}"
       512,         0,         0,   0.432,exact_mw,a17a1dfb4cb0509fbcf9caf9ce6f4704b111f022b15740e51c84c2b7e14a6407,"{""distance"":7,""physical_error_rate"":0.001}","{""detection_events"":1404,""detectors_checked"":308224}"
      1024,         0,         0,   0.756,exact_mw,a17a1dfb4cb0509fbcf9caf9ce6f4704b111f022b15740e51c84c2b7e14a6407,"{""distance"":7,""physical_error_rate"":0.001}","{""detection_events"":3192,""detectors_checked"":616448}"
      2048,         0,         0,   0.455,exact_mw,8973b2281876bd917be29e6214e197de75d185bf3f5e531e264555f10574746e,"{""distance"":7,""physical_error_rate"":0.0005}","{""detection_events"":2965,""detectors_checked"":1232896}"
      1024,         0,         0,   0.189,exact_mw,8973b2281876bd917be29e6214e197de75d185bf3f5e531e264555f10574746e,"{""distance"":7,""physical_error_rate"":0.0005}","{""detection_events"":1729,""detectors_checked"":616448}"
      3072,         0,         0,   0.417,exact_mw,8973b2281876bd917be29e6214e197de75d185bf3f5e531e264555f10574746e,"{""distance"":7,""physical_error_rate"":0.0005}","{""detection_events"":4493,""detectors_checked"":1849344}"
      5120,         0,         0,   0.869,exact_mw,8973b2281876bd917be29e6214e197de75d185bf3f5e531e264555f10574746e,"{""distance"":7,""physical_error_rate"":0.0005}","{""detection_events"":7397,""detectors_checked"":3082240}"
        17,         0,         0,   0.004,exact_mw,8973b2281876bd917be29e6214e197de75d185bf3f5e531e264555f10574746e,"{""distance"":7,""physical_error_rate"":0.0005}","{""detection_events"":19,""detectors_checked"":10234}"
      1024,         0,         0,   0.147,exact_mw,8973b2281876bd917be29e6214e197de75d185bf3f5e531e264555f10574746e,"{""distance"":7,""physical_error_rate"":0.0005}","{""detection_events"":1649,""detectors_checked"":616448}"
       256,         0,         0,   0.058,exact_mw,8973b2281876bd917be29e6214e197de75d185bf3f5e531e264555f10574746e,"{""distance"":7,""physical_error_rate"":0.0005}","{""detection_events"":430,""detectors_checked"":154112}"
      2048,         0,         0,   0.303,exact_mw,8973b2281876bd917be29e6214e197de75d185bf3f5e531e264555f10574746e,"{""distance"":7,""physical_error_rate"":0.0005}","{""detection_events"":2892,""detectors_checked"":1232896}"
        17,         0,         0,   0.020,exact_mw,8973b2281876bd917be29e6214e197de75d185bf3f5e531e264555f10574746e,"{""distance"":7,""physical_error_rate"":0.0005}","{""detection_events"":30,""detectors_checked"":10234}"
       256,         0,         0,   0.034,exact_mw,8973b2281876bd917be29e6214e197de75d185bf3f5e531e264555f10574746e,"{""distance"":7,""physical_error_rate"":0.0005}","{""detection_events"":351,""detectors_checked"":154112}"
       512,         0,         0,   0.380,exact_mw,a17a1dfb4cb0509fbcf9caf9ce6f4704b111f022b15740e51c84c2b7e14a6407,"{""distance"":7,""physical_error_rate"":0.001}","{""detection_events"":1521,""detectors_checked"":308224}"
      1024,         0,         0,   0.168,exact_mw,8973b2281876bd917be29e6214e197de75d185bf3f5e531e264555f10574746e,"{""distance"":7,""physical_error_rate"":0.0005}","{""detection_events"":1410,""detectors_checked"":616448}"
      1024,         0,         0,   0.220,exact_mw,8973b2281876bd917be29e6214e197de75d185bf3f5e531e264555f10574746e,"{""distance"":7,""physical_error_rate"":0.0005}","{""detection_events"":1586,""detectors_checked"":616448}"
       512,         0,         0,   0.570,exact_mw,a17a1dfb4cb0509fbcf9caf9ce6f4704b111f022b15740e51c84c2b7e14a6407,"{""distance"":7,""physical_error_rate"":0.001}","{""detection_events"":1458,""detectors_checked"":308224}"
      1024,         0,         0,   0.111,exact_mw,8973b2281876bd917be29e6214e197de75d185bf3f5e531e264555f10574746e,"{""distance"":7,""physical_error_rate"":0.0005}","{""detection_events"":1694,""detectors_checked"":616448}"
      1024,         0,         0,   0.215,exact_mw,8973b2281876bd917be29e6214e197de75d185bf3f5e531e264555f10574746e,"{""distance"":7,""physical_error_rate"":0.0005}","{""detection_events"":1619,""detectors_checked"":616448}"
       512,         0,         0,   0.511,exact_mw,a17a1dfb4cb0509fbcf9caf9ce6f4704b111f022b15740e51c84c2b7e14a6407,"{""distance"":7,""physical_error_rate"":0.001}","{""detection_events"":1454,""detectors_checked"":308224}"
       512,         0,         0,   0.811,exact_mw,a17a1dfb4cb0509fbcf9caf9ce6f4704b111f022b15740e51c84c2b7e14a6407,"{""distance"":7,""physical_error_rate"":0.001}","{""detection_events"":1534,""detectors_checked"":308224}"
      1024,         0,         0,   0.103,exact_mw,8973b2281876bd917be29e6214e197de75d185bf3f5e531e264555f10574746e,"{""distance"":7,""physical_error_rate"":0.0005}","{""detection_events"":1497,""detectors_checked"":616448}"
      8192,         0,         0,    1.26,exact_mw,8973b2281876bd917be29e6214e197de75d185bf3f5e531e264555f10574746e,"{""distance"":7,""physical_error_rate"":0.0005}","{""detection_events"":12385,""detectors_checked"":4931584}"
      1024,         0,         0,   0.161,exact_mw,8973b2281876bd917be29e6214e197de75d185bf3f5e531e264555f10574746e,"{""distance"":7,""physical_error_rate"":0.0005}","{""detection_events"":1533,""detectors_checked"":616448}"
      3072,         0,         0,   0.582,exact_mw,8973b2281876bd917be29e6214e197de75d185bf3f5e531e264555f10574746e,"{""distance"":7,""physical_error_rate"":0.0005}","{""detection_events"":4434,""detectors_checked"":1849344}"
      1024,         0,         0,   0.268,exact_mw,8973b2281876bd917be29e6214e197de75d185bf3f5e531e264555f10574746e,"{""distance"":7,""physical_error_rate"":0.0005}","{""detection_events"":1410,""detectors_checked"":616448}"
       512,         0,         0,   0.769,exact_mw,a17a1dfb4cb0509fbcf9caf9ce6f4704b111f022b15740e51c84c2b7e14a6407,"{""distance"":7,""physical_error_rate"":0.001}","{""detection_events"":1497,""detectors_checked"":308224}"
       512,         0,         0,   0.676,exact_mw,a17a1dfb4cb0509fbcf9caf9ce6f4704b111f022b15740e51c84c2b7e14a6407,"{""distance"":7,""physical_error_rate"":0.001}","{""detection_events"":1345,""detectors_checked"":308224}"
      1024,         0,         0,   0.114,exact_mw,8973b2281876bd917be29e6214e197de75d185bf3f5e531e264555f10574746e,"{""distance"":7,""physical_error_rate"":0.0005}","{""detection_events"":1476,""detectors_checked"":616448}"
      5120,         0,         0,   0.653,exact_mw,8973b2281876bd917be29e6214e197de75d185bf3f5e531e264555f10574746e,"{""distance"":7,""physical_error_rate"":0.0005}","{""detection_events"":7617,""detectors_checked"":3082240}"
      3072,         0,         0,   0.762,exact_mw,8973b2281876bd917be29e6214e197de75d185bf3f5e531e264555f10574746e,"{""distance"":7,""physical_error_rate"":0.0005}","{""detection_events"":4577,""detectors_checked"":1849344}"
      1024,         0,         0,   0.743,exact_mw,a17a1dfb4cb0509fbcf9caf9ce6f4704b111f022b15740e51c84c2b7e14a6407,"{""distance"":7,""physical_error_rate"":0.001}","{""detection_events"":2974,""detectors_checked"":616448}"
      1024,         0,         0,   0.114,exact_mw,8973b2281876bd917be29e6214e197de75d185bf3f5e531e264555f10574746e,"{""distance"":7,""physical_error_rate"":0.0005}","{""detection_events"":1399,""detectors_checked"":616448}"
       512,         0,         0,   0.414,exact_mw,a17a1dfb4cb0509fbcf9caf9ce6f4704b111f022b15740e51c84c2b7e14a6407,"{""distance"":7,""physical_error_rate"":0.001}","{""detection_events"":1542,""detectors_checked"":308224}"
      1024,         0,         0,    1.60,exact_mw,a17a1dfb4cb0509fbcf9caf9ce6f4704b111f022b15740e51c84c2b7e14a6407,"{""distance"":7,""physical_error_rate"":0.001}","{""detection_events"":2886,""detectors_checked"":616448}"
      2048,         0,         0,   0.329,exact_mw,8973b2281876bd917be29e6214e197de75d185bf3f5e531e264555f10574746e,"{""distance"":7,""physical_error_rate"":0.0005}","{""detection_events"":3039,""detectors_checked"":1232896}"
      1024,         0,         0,   0.190,exact_mw,8973b2281876bd917be29e6214e197de75d185bf3f5e531e264555f10574746e,"{""distance"":7,""physical_error_rate"":0.0005}","{""detection_events"":1544,""detectors_checked"":616448}"
      1024,         0,         0,   0.299,exact_mw,8973b2281876bd917be29e6214e197de75d185bf3f5e531e264555f10574746e,"{""distance"":7,""physical_error_rate"":0.0005}","{""detection_events"":1577,""detectors_checked"":616448}"
      7168,         0,         0,    1.59,exact_mw,8973b2281876bd917be29e6214e197de75d185bf3f5e531e264555f10574746e,"{""distance"":7,""physical_error_rate"":0.0005}","{""detection_events"":10944,""detectors_checked"":4315136}"
       273,         0,         0,   0.216,exact_mw,a17a1dfb4cb0509fbcf9caf9ce6f4704b111f022b15740e51c84c2b7e14a6407,"{""distance"":7,""physical_error_rate"":0.001}","{""detection_events"":776,""detectors_checked"":164346}"
       512,         0,         0,   0.597,exact_mw,a17a1dfb4cb0509fbcf9caf9ce6f4704b111f022b15740e51c84c2b7e14a6407,"{""distance"":7,""physical_error_rate"":0.001}","{""detection_events"":1514,""detectors_checked"":308224}"
      1024,         0,         0,   0.165,exact_mw,8973b2281876bd917be29e6214e197de75d185bf3f5e531e264555f10574746e,"{""distance"":7,""physical_error_rate"":0.0005}","{""detection_events"":1458,""detectors_checked"":616448}"
      1024,         0,         0,   0.271,exact_mw,8973b2281876bd917be29e6214e197de75d185bf3f5e531e264555f10574746e,"{""distance"":7,""physical_error_rate"":0.0005}","{""detection_events"":1529,""detectors_checked"":616448}"
       273,         0,         0,   0.408,exact_mw,a17a1dfb4cb0509fbcf9caf9ce6f4704b111f022b15740e51c84c2b7e14a6407,"{""distance"":7,""physical_error_rate"":0.001}","{""detection_events"":814,""detectors_checked"":164346}"
    700416,         1,         0,   119.9,exact_mw,8973b2281876bd917be29e6214e197de75d185bf3f5e531e264555f10574746e,"{""distance"":7,""physical_error_rate"":0.0005}","{""detection_events"":1033365,""detectors_checked"":421650432,""obs_mistake_mask=E"":1}"
      2048,         0,         0,   0.321,exact_mw,8973b2281876bd917be29e6214e197de75d185bf3f5e531e264555f10574746e,"{""distance"":7,""physical_error_rate"":0.0005}","{""detection_events"":2988,""detectors_checked"":1232896}"
       512,         0,         0,   0.699,exact_mw,a17a1dfb4cb0509fbcf9caf9ce6f4704b111f022b15740e51c84c2b7e14a6407,"{""distance"":7,""physical_error_rate"":0.001}","{""detection_events"":1641,""detectors_checked"":308224}"
       512,         0,         0,   0.562,exact_mw,a17a1dfb4cb0509fbcf9caf9ce6f4704b111f022b15740e51c84c2b7e14a6407,"{""distance"":7,""physical_error_rate"":0.001}","{""detection_events"":1462,""detectors_checked"":308224}"
      7168,         0,         0,    1.15,exact_mw,8973b2281876bd917be29e6214e197de75d185bf3f5e531e264555f10574746e,"{""distance"":7,""physical_error_rate"":0.0005}","{""detection_events"":10633,""detectors_checked"":4315136}"
      1024,         0,         0,   0.180,exact_mw,8973b2281876bd917be29e6214e197de75d185bf3f5e531e264555f10574746e,"{""distance"":7,""physical_error_rate"":0.0005}","{""detection_events"":1542,""detectors_checked"":616448}"
       512,         0,         0,   0.493,exact_mw,a17a1dfb4cb0509fbcf9caf9ce6f4704b111f022b15740e51c84c2b7e14a6407,"{""distance"":7,""physical_error_rate"":0.001}","{""detection_events"":1606,""detectors_checked"":308224}"
       256,         0,         0,   0.190,exact_mw,a17a1dfb4cb0509fbcf9caf9ce6f4704b111f022b15740e51c84c2b7e14a6407,"{""distance"":7,""physical_error_rate"":0.001}","{""detection_events"":629,""detectors_checked"":154112}"
      3072,         0,         0,   0.657,exact_mw,8973b2281876bd917be29e6214e197de75d185bf3f5e531e264555f10574746e,"{""distance"":7,""physical_error_rate"":0.0005}","{""detection_events"":4571,""detectors_checked"":1849344}"
      1024,         0,         0,   0.239,exact_mw,8973b2281876bd917be29e6214e197de75d185bf3f5e531e264555f10574746e,"{""distance"":7,""physical_error_rate"":0.0005}","{""detection_events"":1551,""detectors_checked"":616448}"
       512,         0,         0,   0.817,exact_mw,a17a1dfb4cb0509fbcf9caf9ce6f4704b111f022b15740e51c84c2b7e14a6407,"{""distance"":7,""physical_error_rate"":0.001}","{""detection_events"":1515,""detectors_checked"":308224}"
      3072,         0,         0,   0.514,exact_mw,8973b2281876bd917be29e6214e197de75d185bf3f5e531e264555f10574746e,"{""distance"":7,""physical_error_rate"":0.0005}","{""detection_events"":4787,""detectors_checked"":1849344}"
       512,         0,         0,   0.653,exact_mw,a17a1dfb4cb0509fbcf9caf9ce6f4704b111f022b15740e51c84c2b7e14a6407,"{""distance"":7,""physical_error_rate"":0.001}","{""detection_events"":1490,""detectors_checked"":308224}"
      3072,         0,         0,   0.371,exact_mw,8973b2281876bd917be29e6214e197de75d185bf3f5e531e264555f10574746e,"{""distance"":7,""physical_error_rate"":0.0005}","{""detection_events"":4299,""detectors_checked"":1849344}"
      1024,         0,         0,   0.362,exact_mw,8973b2281876bd917be29e6214e197de75d185bf3f5e531e264555f10574746e,"{""distance"":7,""physical_error_rate"":0.0005}","{""detection_events"":1455,""detectors_checked"":616448}"
      6144,         0,         0,   0.903,exact_mw,8973b2281876bd917be29e6214e197de75d185bf3f5e531e264555f10574746e,"{""distance"":7,""physical_error_rate"":0.0005}","{""detection_events"":8918,""detectors_checked"":3698688}"
      5120,         0,         0,   0.890,exact_mw,8973b2281876bd917be29e6214e197de75d185bf3f5e531e264555f10574746e,"{""distance"":7,""physical_error_rate"":0.0005}","{""detection_events"":7452,""detectors_checked"":3082240}"
       512,         0,         0,   0.622,exact_mw,a17a1dfb4cb0509fbcf9caf9ce6f4704b111f022b15740e51c84c2b7e14a6407,"{""distance"":7,""physical_error_rate"":0.001}","{""detection_events"":1515,""detectors_checked"":308224}"
      1024,         0,         0,   0.352,exact_mw,8973b2281876bd917be29e6214e197de75d185bf3f5e531e264555f10574746e,"{""distance"":7,""physical_error_rate"":0.0005}","{""detection_events"":1525,""detectors_checked"":616448}"
      1536,         0,         0,   0.915,exact_mw,a17a1dfb4cb0509fbcf9caf9ce6f4704b111f022b15740e51c84c2b7e14a6407,"{""distance"":7,""physical_error_rate"":0.001}","{""detection_events"":4465,""detectors_checked"":924672}"
      1024,         0,         0,    1.04,exact_mw,a17a1dfb4cb0509fbcf9caf9ce6f4704b111f022b15740e51c84c2b7e14a6407,"{""distance"":7,""physical_error_rate"":0.001}","{""detection_events"":2891,""detectors_checked"":616448}"
         1,         0,         0,   0.001,exact_mw,a17a1dfb4cb0509fbcf9caf9ce6f4704b111f022b15740e51c84c2b7e14a6407,"{""distance"":7,""physical_error_rate"":0.001}","{""detectors_checked"":602}"
       512,         0,         0,   0.567,exact_mw,a17a1dfb4cb0509fbcf9caf9ce6f4704b111f022b15740e51c84c2b7e14a6407,"{""distance"":7,""physical_error_rate"":0.001}","{""detection_events"":1396,""detectors_checked"":308224}"
       512,         0,         0,   0.592,exact_mw,a17a1dfb4cb0509fbcf9caf9ce6f4704b111f022b15740e51c84c2b7e14a6407,"{""distance"":7,""physical_error_rate"":0.001}","{""detection_events"":1446,""detectors_checked"":308224}"
       512,         0,         0,   0.834,exact_mw,a17a1dfb4cb0509fbcf9caf9ce6f4704b111f022b15740e51c84c2b7e14a6407,"{""distance"":7,""physical_error_rate"":0.001}","{""detection_events"":1669,""detectors_checked"":308224}"
       512,         0,         0,   0.628,exact_mw,a17a1dfb4cb0509fbcf9caf9ce6f4704b111f022b15740e51c84c2b7e14a6407,"{""distance"":7,""physical_error_rate"":0.001}","{""detection_events"":1497,""detectors_checked"":308224}"
       512,         0,         0,   0.647,exact_mw,a17a1dfb4cb0509fbcf9caf9ce6f4704b111f022b15740e51c84c2b7e14a6407,"{""distance"":7,""physical_error_rate"":0.001}","{""detection_events"":1547,""detectors_checked"":308224}"
         1,         0,         0,   0.001,exact_mw,8973b2281876bd917be29e6214e197de75d185bf3f5e531e264555f10574746e,"{""distance"":7,""physical_error_rate"":0.0005}","{""detectors_checked"":602}"
       272,         0,         0,   0.054,exact_mw,8973b2281876bd917be29e6214e197de75d185bf3f5e531e264555f10574746e,"{""distance"":7,""physical_error_rate"":0.0005}","{""detection_events"":403,""detectors_checked"":163744}"
      2048,         0,         0,   0.321,exact_mw,8973b2281876bd917be29e6214e197de75d185bf3f5e531e264555f10574746e,"{""distance"":7,""physical_error_rate"":0.0005}","{""detection_events"":2944,""detectors_checked"":1232896}"
       512,         0,         0,   0.529,exact_mw,a17a1dfb4cb0509fbcf9caf9ce6f4704b111f022b15740e51c84c2b7e14a6407,"{""distance"":7,""physical_error_rate"":0.001}","{""detection_events"":1384,""detectors_checked"":308224}"
      5120,         0,         0,   0.664,exact_mw,8973b2281876bd917be29e6214e197de75d185bf3f5e531e264555f10574746e,"{""distance"":7,""physical_error_rate"":0.0005}","{""detection_events"":7556,""detectors_checked"":3082240}"
      1024,         0,         0,   0.417,exact_mw,8973b2281876bd917be29e6214e197de75d185bf3f5e531e264555f10574746e,"{""distance"":7,""physical_error_rate"":0.0005}","{""detection_events"":1513,""detectors_checked"":616448}"
      3072,         0,         0,   0.458,exact_mw,8973b2281876bd917be29e6214e197de75d185bf3f5e531e264555f10574746e,"{""distance"":7,""physical_error_rate"":0.0005}","{""detection_events"":4528,""detectors_checked"":1849344}"
       272,         0,         0,   0.285,exact_mw,a17a1dfb4cb0509fbcf9caf9ce6f4704b111f022b15740e51c84c2b7e14a6407,"{""distance"":7,""physical_error_rate"":0.001}","{""detection_events"":743,""detectors_checked"":163744}"
      1024,         0,         0,   0.212,exact_mw,8973b2281876bd917be29e6214e197de75d185bf3f5e531e264555f10574746e,"{""distance"":7,""physical_error_rate"":0.0005}","{""detection_events"":1427,""detectors_checked"":616448}"
      9216,         0,         0,    1.62,exact_mw,8973b2281876bd917be29e6214e197de75d185bf3f5e531e264555f10574746e,"{""distance"":7,""physical_error_rate"":0.0005}","{""detection_events"":13499,""detectors_checked"":5548032}"
      4096,         0,         0,   0.935,exact_mw,8973b2281876bd917be29e6214e197de75d185bf3f5e531e264555f10574746e,"{""distance"":7,""physical_error_rate"":0.0005}","{""detection_events"":6003,""detectors_checked"":2465792}"
      1024,         0,         0,   0.918,exact_mw,a17a1dfb4cb0509fbcf9caf9ce6f4704b111f022b15740e51c84c2b7e14a6407,"{""distance"":7,""physical_error_rate"":0.001}","{""detection_events"":3005,""detectors_checked"":616448}"
      1024,         0,         0,   0.141,exact_mw,8973b2281876bd917be29e6214e197de75d185bf3f5e531e264555f10574746e,"{""distance"":7,""physical_error_rate"":0.0005}","{""detection_events"":1478,""detectors_checked"":616448}"
       512,         0,         0,   0.412,exact_mw,a17a1dfb4cb0509fbcf9caf9ce6f4704b111f022b15740e51c84c2b7e14a6407,"{""distance"":7,""physical_error_rate"":0.001}","{""detection_events"":1348,""detectors_checked"":308224}"
      2048,         0,         0,   0.380,exact_mw,8973b2281876bd917be29e6214e197de75d185bf3f5e531e264555f10574746e,"{""distance"":7,""physical_error_rate"":0.0005}","{""detection_events"":3075,""detectors_checked"":1232896}"
       512,         0,         0,   0.703,exact_mw,a17a1dfb4cb0509fbcf9caf9ce6f4704b111f022b15740e51c84c2b7e14a6407,"{""distance"":7,""physical_error_rate"":0.001}","{""detection_events"":1505,""detectors_checked"":308224}"
       512,         0,         0,   0.614,exact_mw,a17a1dfb4cb0509fbcf9caf9ce6f4704b111f022b15740e51c84c2b7e14a6407,"{""distance"":7,""physical_error_rate"":0.001}","{""detection_events"":1551,""detectors_checked"":308224}"
      1024,         0,         0,   0.423,exact_mw,8973b2281876bd917be29e6214e197de75d185bf3f5e531e264555f10574746e,"{""distance"":7,""physical_error_rate"":0.0005}","{""detection_events"":1438,""detectors_checked"":616448}"
       512,         0,         0,   0.564,exact_mw,a17a1dfb4cb0509fbcf9caf9ce6f4704b111f022b15740e51c84c2b7e14a6407,"{""distance"":7,""physical_error_rate"":0.001}","{""detection_events"":1436,""detectors_checked"":308224}"
       512,         0,         0,   0.525,exact_mw,a17a1dfb4cb0509fbcf9caf9ce6f4704b111f022b15740e51c84c2b7e14a6407,"{""distance"":7,""physical_error_rate"":0.001}","{""detection_events"":1572,""detectors_checked"":308224}"
       512,         0,         0,   0.452,exact_mw,a17a1dfb4cb0509fbcf9caf9ce6f4704b111f022b15740e51c84c2b7e14a6407,"{""distance"":7,""physical_error_rate"":0.001}","{""detection_events"":1448,""detectors_checked"":308224}"
       512,         0,         0,   0.733,exact_mw,a17a1dfb4cb0509fbcf9caf9ce6f4704b111f022b15740e51c84c2b7e14a6407,"{""distance"":7,""physical_error_rate"":0.001}","{""detection_events"":1499,""detectors_checked"":308224}"
      5120,         0,         0,   0.601,exact_mw,8973b2281876bd917be29e6214e197de75d185bf3f5e531e264555f10574746e,"{""distance"":7,""physical_error_rate"":0.0005}","{""detection_events"":7284,""detectors_checked"":3082240}"
      1024,         0,         0,   0.327,exact_mw,8973b2281876bd917be29e6214e197de75d185bf3f5e531e264555f10574746e,"{""distance"":7,""physical_error_rate"":0.0005}","{""detection_events"":1613,""detectors_checked"":616448}"
       512,         0,         0,   0.387,exact_mw,a17a1dfb4cb0509fbcf9caf9ce6f4704b111f022b15740e51c84c2b7e14a6407,"{""distance"":7,""physical_error_rate"":0.001}","{""detection_events"":1462,""detectors_checked"":308224}"
     12288,         0,         0,    1.59,exact_mw,8973b2281876bd917be29e6214e197de75d185bf3f5e531e264555f10574746e,"{""distance"":7,""physical_error_rate"":0.0005}","{""detection_events"":17688,""detectors_checked"":7397376}"
      2048,         0,         0,   0.487,exact_mw,8973b2281876bd917be29e6214e197de75d185bf3f5e531e264555f10574746e,"{""distance"":7,""physical_error_rate"":0.0005}","{""detection_events"":3164,""detectors_checked"":1232896}"
      6144,         0,         0,   0.858,exact_mw,8973b2281876bd917be29e6214e197de75d185bf3f5e531e264555f10574746e,"{""distance"":7,""physical_error_rate"":0.0005}","{""detection_events"":8626,""detectors_checked"":3698688}"
      1536,         0,         0,    1.17,exact_mw,a17a1dfb4cb0509fbcf9caf9ce6f4704b111f022b15740e51c84c2b7e14a6407,"{""distance"":7,""physical_error_rate"":0.001}","{""detection_events"":4482,""detectors_checked"":924672}"
      1024,         0,         0,   0.223,exact_mw,8973b2281876bd917be29e6214e197de75d185bf3f5e531e264555f10574746e,"{""distance"":7,""physical_error_rate"":0.0005}","{""detection_events"":1504,""detectors_checked"":616448}"
      7168,         0,         0,    1.24,exact_mw,8973b2281876bd917be29e6214e197de75d185bf3f5e531e264555f10574746e,"{""distance"":7,""physical_error_rate"":0.0005}","{""detection_events"":10877,""detectors_checked"":4315136}"
      9216,         0,         0,    1.32,exact_mw,8973b2281876bd917be29e6214e197de75d185bf3f5e531e264555f10574746e,"{""distance"":7,""physical_error_rate"":0.0005}","{""detection_events"":13612,""detectors_checked"":5548032}"
      1024,         0,         0,   0.503,exact_mw,8973b2281876bd917be29e6214e197de75d185bf3f5e531e264555f10574746e,"{""distance"":7,""physical_error_rate"":0.0005}","{""detection_events"":1484,""detectors_checked"":616448}"
       512,         0,         0,   0.492,exact_mw,a17a1dfb4cb0509fbcf9caf9ce6f4704b111f022b15740e51c84c2b7e14a6407,"{""distance"":7,""physical_error_rate"":0.001}","{""detection_events"":1542,""detectors_checked"":308224}"
      1024,         0,         0,    1.24,exact_mw,a17a1dfb4cb0509fbcf9caf9ce6f4704b111f022b15740e51c84c2b7e14a6407,"{""distance"":7,""physical_error_rate"":0.001}","{""detection_events"":3117,""detectors_checked"":616448}"
       512,         0,         0,   0.668,exact_mw,a17a1dfb4cb0509fbcf9caf9ce6f4704b111f022b15740e51c84c2b7e14a6407,"{""distance"":7,""physical_error_rate"":0.001}","{""detection_events"":1484,""detectors_checked"":308224}"
       512,         0,         0,   0.613,exact_mw,a17a1dfb4cb0509fbcf9caf9ce6f4704b111f022b15740e51c84c2b7e14a6407,"{""distance"":7,""physical_error_rate"":0.001}","{""detection_events"":1551,""detectors_checked"":308224}"
       512,         0,         0,   0.576,exact_mw,a17a1dfb4cb0509fbcf9caf9ce6f4704b111f022b15740e51c84c2b7e14a6407,"{""distance"":7,""physical_error_rate"":0.001}","{""detection_events"":1395,""detectors_checked"":308224}"
      1024,         1,         0,   0.185,exact_mw,8973b2281876bd917be29e6214e197de75d185bf3f5e531e264555f10574746e,"{""distance"":7,""physical_error_rate"":0.0005}","{""detection_events"":1611,""detectors_checked"":616448,""obs_mistake_mask=E"":1}"
       512,         0,         0,   0.538,exact_mw,a17a1dfb4cb0509fbcf9caf9ce6f4704b111f022b15740e51c84c2b7e14a6407,"{""distance"":7,""physical_error_rate"":0.001}","{""detection_events"":1629,""detectors_checked"":308224}"
       512,         0,         0,   0.449,exact_mw,a17a1dfb4cb0509fbcf9caf9ce6f4704b111f022b15740e51c84c2b7e14a6407,"{""distance"":7,""physical_error_rate"":0.001}","{""detection_events"":1550,""detectors_checked"":308224}"
      2048,         0,         0,    1.52,exact_mw,a17a1dfb4cb0509fbcf9caf9ce6f4704b111f022b15740e51c84c2b7e14a6407,"{""distance"":7,""physical_error_rate"":0.001}","{""detection_events"":5821,""detectors_checked"":1232896}"
     15360,         0,         0,    2.23,exact_mw,8973b2281876bd917be29e6214e197de75d185bf3f5e531e264555f10574746e,"{""distance"":7,""physical_error_rate"":0.0005}","{""detection_events"":23246,""detectors_checked"":9246720}"
      1024,         0,         0,   0.216,exact_mw,8973b2281876bd917be29e6214e197de75d185bf3f5e531e264555f10574746e,"{""distance"":7,""physical_error_rate"":0.0005}","{""detection_events"":1345,""detectors_checked"":616448}"
     78208,         2,         0,   120.0,exact_mw,a17a1dfb4cb0509fbcf9caf9ce6f4704b111f022b15740e51c84c2b7e14a6407,"{""distance"":7,""physical_error_rate"":0.001}","{""detection_events"":230716,""detectors_checked"":47081216,""obs_mistake_mask=E"":2}"
      1024,         0,         0,   0.446,exact_mw,8973b2281876bd917be29e6214e197de75d185bf3f5e531e264555f10574746e,"{""distance"":7,""physical_error_rate"":0.0005}","{""detection_events"":1650,""detectors_checked"":616448}"
      6144,         0,         0,    1.24,exact_mw,8973b2281876bd917be29e6214e197de75d185bf3f5e531e264555f10574746e,"{""distance"":7,""physical_error_rate"":0.0005}","{""detection_events"":9083,""detectors_checked"":3698688}"
      1024,         0,         0,   0.957,exact_mw,a17a1dfb4cb0509fbcf9caf9ce6f4704b111f022b15740e51c84c2b7e14a6407,"{""distance"":7,""physical_error_rate"":0.001}","{""detection_events"":3046,""detectors_checked"":616448}"
      1024,         0,         0,   0.194,exact_mw,8973b2281876bd917be29e6214e197de75d185bf3f5e531e264555f10574746e,"{""distance"":7,""physical_error_rate"":0.0005}","{""detection_events"":1478,""detectors_checked"":616448}"
      7168,         0,         0,   0.859,exact_mw,8973b2281876bd917be29e6214e197de75d185bf3f5e531e264555f10574746e,"{""distance"":7,""physical_error_rate"":0.0005}","{""detection_events"":10677,""detectors_checked"":4315136}"
       512,         0,         0,   0.486,exact_mw,a17a1dfb4cb0509fbcf9caf9ce6f4704b111f022b15740e51c84c2b7e14a6407,"{""distance"":7,""physical_error_rate"":0.001}","{""detection_events"":1398,""detectors_checked"":308224}"
      3072,         0,         0,   0.665,exact_mw,8973b2281876bd917be29e6214e197de75d185bf3f5e531e264555f10574746e,"{""distance"":7,""physical_error_rate"":0.0005}","{""detection_events"":4407,""detectors_checked"":1849344}"
       512,         0,         0,   0.593,exact_mw,a17a1dfb4cb0509fbcf9caf9ce6f4704b111f022b15740e51c84c2b7e14a6407,"{""distance"":7,""physical_error_rate"":0.001}","{""detection_events"":1564,""detectors_checked"":308224}"
       512,         0,         0,   0.682,exact_mw,a17a1dfb4cb0509fbcf9caf9ce6f4704b111f022b15740e51c84c2b7e14a6407,"{""distance"":7,""physical_error_rate"":0.001}","{""detection_events"":1630,""detectors_checked"":308224}"
      1024,         0,         0,   0.271,exact_mw,8973b2281876bd917be29e6214e197de75d185bf3f5e531e264555f10574746e,"{""distance"":7,""physical_error_rate"":0.0005}","{""detection_events"":1454,""detectors_checked"":616448}"
      1024,         0,         0,   0.715,exact_mw,a17a1dfb4cb0509fbcf9caf9ce6f4704b111f022b15740e51c84c2b7e14a6407,"{""distance"":7,""physical_error_rate"":0.001}","{""detection_events"":3137,""detectors_checked"":616448}"
       512,         0,         0,   0.731,exact_mw,a17a1dfb4cb0509fbcf9caf9ce6f4704b111f022b15740e51c84c2b7e14a6407,"{""distance"":7,""physical_error_rate"":0.001}","{""detection_events"":1523,""detectors_checked"":308224}"
      8192,         0,         0,    1.11,exact_mw,8973b2281876bd917be29e6214e197de75d185bf3f5e531e264555f10574746e,"{""distance"":7,""physical_error_rate"":0.0005}","{""detection_events"":11773,""detectors_checked"":4931584}"
      2048,         0,         0,    1.74,exact_mw,a17a1dfb4cb0509fbcf9caf9ce6f4704b111f022b15740e51c84c2b7e14a6407,"{""distance"":7,""physical_error_rate"":0.001}","{""detection_events"":6044,""detectors_checked"":1232896}"
       512,         0,         0,   0.823,exact_mw,a17a1dfb4cb0509fbcf9caf9ce6f4704b111f022b15740e51c84c2b7e14a6407,"{""distance"":7,""physical_error_rate"":0.001}","{""detection_events"":1470,""detectors_checked"":308224}"
       512,         0,         0,   0.581,exact_mw,a17a1dfb4cb0509fbcf9caf9ce6f4704b111f022b15740e51c84c2b7e14a6407,"{""distance"":7,""physical_error_rate"":0.001}","{""detection_events"":1592,""detectors_checked"":308224}"
       512,         0,         0,   0.438,exact_mw,a17a1dfb4cb0509fbcf9caf9ce6f4704b111f022b15740e51c84c2b7e14a6407,"{""distance"":7,""physical_error_rate"":0.001}","{""detection_events"":1526,""detectors_checked"":308224}"
      1024,         0,         0,   0.336,exact_mw,8973b2281876bd917be29e6214e197de75d185bf3f5e531e264555f10574746e,"{""distance"":7,""physical_error_rate"":0.0005}","{""detection_events"":1450,""detectors_checked"":616448}"
      3072,         0,         0,   0.812,exact_mw,8973b2281876bd917be29e6214e197de75d185bf3f5e531e264555f10574746e,"{""distance"":7,""physical_error_rate"":0.0005}","{""detection_events"":4621,""detectors_checked"":1849344}"
      1024,         0,         0,    1.34,exact_mw,a17a1dfb4cb0509fbcf9caf9ce6f4704b111f022b15740e51c84c2b7e14a6407,"{""distance"":7,""physical_error_rate"":0.001}","{""detection_events"":3027,""detectors_checked"":616448}"
     15360,         0,         0,    2.19,exact_mw,8973b2281876bd917be29e6214e197de75d185bf3f5e531e264555f10574746e,"{""distance"":7,""physical_error_rate"":0.0005}","{""detection_events"":22088,""detectors_checked"":9246720}"
      1024,         0,         0,   0.908,exact_mw,a17a1dfb4cb0509fbcf9caf9ce6f4704b111f022b15740e51c84c2b7e14a6407,"{""distance"":7,""physical_error_rate"":0.001}","{""detection_events"":2911,""detectors_checked"":616448}"
       512,         0,         0,   0.388,exact_mw,a17a1dfb4cb0509fbcf9caf9ce6f4704b111f022b15740e51c84c2b7e14a6407,"{""distance"":7,""physical_error_rate"":0.001}","{""detection_events"":1374,""detectors_checked"":308224}"
      2048,         0,         0,    1.59,exact_mw,a17a1dfb4cb0509fbcf9caf9ce6f4704b111f022b15740e51c84c2b7e14a6407,"{""distance"":7,""physical_error_rate"":0.001}","{""detection_events"":6264,""detectors_checked"":1232896}"
       512,         0,         0,   0.672,exact_mw,a17a1dfb4cb0509fbcf9caf9ce6f4704b111f022b15740e51c84c2b7e14a6407,"{""distance"":7,""physical_error_rate"":0.001}","{""detection_events"":1452,""detectors_checked"":308224}"
     11264,         0,         0,    1.64,exact_mw,8973b2281876bd917be29e6214e197de75d185bf3f5e531e264555f10574746e,"{""distance"":7,""physical_error_rate"":0.0005}","{""detection_events"":16228,""detectors_checked"":6780928}"
      2048,         0,         0,    1.13,exact_mw,8973b2281876bd917be29e6214e197de75d185bf3f5e531e264555f10574746e,"{""distance"":7,""physical_error_rate"":0.0005}","{""detection_events"":3237,""detectors_checked"":1232896}"
      7168,         0,         0,    1.16,exact_mw,8973b2281876bd917be29e6214e197de75d185bf3f5e531e264555f10574746e,"{""distance"":7,""physical_error_rate"":0.0005}","{""detection_events"":10510,""detectors_checked"":4315136}"
       512,         0,         0,   0.578,exact_mw,a17a1dfb4cb0509fbcf9caf9ce6f4704b111f022b15740e51c84c2b7e14a6407,"{""distance"":7,""physical_error_rate"":0.001}","{""detection_events"":1589,""detectors_checked"":308224}"
     12288,         0,         0,    1.76,exact_mw,8973b2281876bd917be29e6214e197de75d185bf3f5e531e264555f10574746e,"{""distance"":7,""physical_error_rate"":0.0005}","{""detection_events"":18293,""detectors_checked"":7397376}"
      3072,         0,         0,   0.626,exact_mw,8973b2281876bd917be29e6214e197de75d185bf3f5e531e264555f10574746e,"{""distance"":7,""physical_error_rate"":0.0005}","{""detection_events"":4538,""detectors_checked"":1849344}"
      1024,         0,         0,   0.809,exact_mw,a17a1dfb4cb0509fbcf9caf9ce6f4704b111f022b15740e51c84c2b7e14a6407,"{""distance"":7,""physical_error_rate"":0.001}","{""detection_events"":2957,""detectors_checked"":616448}"
      2048,         0,         0,    1.65,exact_mw,a17a1dfb4cb0509fbcf9caf9ce6f4704b111f022b15740e51c84c2b7e14a6407,"{""distance"":7,""physical_error_rate"":0.001}","{""detection_events"":6115,""detectors_checked"":1232896}"
       512,         0,         0,   0.501,exact_mw,a17a1dfb4cb0509fbcf9caf9ce6f4704b111f022b15740e51c84c2b7e14a6407,"{""distance"":7,""physical_error_rate"":0.001}","{""detection_events"":1542,""detectors_checked"":308224}"
       512,         0,         0,   0.407,exact_mw,a17a1dfb4cb0509fbcf9caf9ce6f4704b111f022b15740e51c84c2b7e14a6407,"{""distance"":7,""physical_error_rate"":0.001}","{""detection_events"":1424,""detectors_checked"":308224}"
     14336,         0,         0,    2.27,exact_mw,8973b2281876bd917be29e6214e197de75d185bf3f5e531e264555f10574746e,"{""distance"":7,""physical_error_rate"":0.0005}","{""detection_events"":21369,""detectors_checked"":8630272}"
      8192,         0,         0,    1.68,exact_mw,8973b2281876bd917be29e6214e197de75d185bf3f5e531e264555f10574746e,"{""distance"":7,""physical_error_rate"":0.0005}","{""detection_events"":11821,""detectors_checked"":4931584}"
      2048,         0,         0,    1.45,exact_mw,a17a1dfb4cb0509fbcf9caf9ce6f4704b111f022b15740e51c84c2b7e14a6407,"{""distance"":7,""physical_error_rate"":0.001}","{""detection_events"":5979,""detectors_checked"":1232896}"
       512,         0,         0,    1.60,exact_mw,a17a1dfb4cb0509fbcf9caf9ce6f4704b111f022b15740e51c84c2b7e14a6407,"{""distance"":7,""physical_error_rate"":0.001}","{""detection_events"":1441,""detectors_checked"":308224}"
       512,         0,         0,   0.861,exact_mw,a17a1dfb4cb0509fbcf9caf9ce6f4704b111f022b15740e51c84c2b7e14a6407,"{""distance"":7,""physical_error_rate"":0.001}","{""detection_events"":1597,""detectors_checked"":308224}"
       512,         0,         0,   0.399,exact_mw,a17a1dfb4cb0509fbcf9caf9ce6f4704b111f022b15740e51c84c2b7e14a6407,"{""distance"":7,""physical_error_rate"":0.001}","{""detection_events"":1454,""detectors_checked"":308224}"
      4096,         0,         0,   0.677,exact_mw,8973b2281876bd917be29e6214e197de75d185bf3f5e531e264555f10574746e,"{""distance"":7,""physical_error_rate"":0.0005}","{""detection_events"":5971,""detectors_checked"":2465792}"
      6144,         0,         0,   0.923,exact_mw,8973b2281876bd917be29e6214e197de75d185bf3f5e531e264555f10574746e,"{""distance"":7,""physical_error_rate"":0.0005}","{""detection_events"":9253,""detectors_checked"":3698688}"
      6144,         0,         0,    1.13,exact_mw,8973b2281876bd917be29e6214e197de75d185bf3f5e531e264555f10574746e,"{""distance"":7,""physical_error_rate"":0.0005}","{""detection_events"":8996,""detectors_checked"":3698688}"
     11264,         0,         0,    1.63,exact_mw,8973b2281876bd917be29e6214e197de75d185bf3f5e531e264555f10574746e,"{""distance"":7,""physical_error_rate"":0.0005}","{""detection_events"":16281,""detectors_checked"":6780928}"
      1536,         0,         0,    1.24,exact_mw,a17a1dfb4cb0509fbcf9caf9ce6f4704b111f022b15740e51c84c2b7e14a6407,"{""distance"":7,""physical_error_rate"":0.001}","{""detection_events"":4451,""detectors_checked"":924672}"
      1024,         0,         0,   0.945,exact_mw,a17a1dfb4cb0509fbcf9caf9ce6f4704b111f022b15740e51c84c2b7e14a6407,"{""distance"":7,""physical_error_rate"":0.001}","{""detection_events"":3133,""detectors_checked"":616448}"
       512,         0,         0,   0.449,exact_mw,a17a1dfb4cb0509fbcf9caf9ce6f4704b111f022b15740e51c84c2b7e14a6407,"{""distance"":7,""physical_error_rate"":0.001}","{""detection_events"":1546,""detectors_checked"":308224}"
       512,         0,         0,   0.517,exact_mw,a17a1dfb4cb0509fbcf9caf9ce6f4704b111f022b15740e51c84c2b7e14a6407,"{""distance"":7,""physical_error_rate"":0.001}","{""detection_events"":1427,""detectors_checked"":308224}"
      2048,         0,         0,    1.90,exact_mw,a17a1dfb4cb0509fbcf9caf9ce6f4704b111f022b15740e51c84c2b7e14a6407,"{""distance"":7,""physical_error_rate"":0.001}","{""detection_events"":6250,""detectors_checked"":1232896}"
      1024,         0,         0,   0.861,exact_mw,a17a1dfb4cb0509fbcf9caf9ce6f4704b111f022b15740e51c84c2b7e14a6407,"{""distance"":7,""physical_error_rate"":0.001}","{""detection_events"":3011,""detectors_checked"":616448}"
      2048,         0,         0,    1.71,exact_mw,a17a1dfb4cb0509fbcf9caf9ce6f4704b111f022b15740e51c84c2b7e14a6407,"{""distance"":7,""physical_error_rate"":0.001}","{""detection_events"":6277,""detectors_checked"":1232896}"
       256,         0,         0,   0.773,exact_mw,a17a1dfb4cb0509fbcf9caf9ce6f4704b111f022b15740e51c84c2b7e14a6407,"{""distance"":7,""physical_error_rate"":0.001}","{""detection_events"":626,""detectors_checked"":154112}"
      3072,         0,         0,   0.830,exact_mw,8973b2281876bd917be29e6214e197de75d185bf3f5e531e264555f10574746e,"{""distance"":7,""physical_error_rate"":0.0005}","{""detection_events"":4637,""detectors_checked"":1849344}"
       512,         0,         0,   0.455,exact_mw,a17a1dfb4cb0509fbcf9caf9ce6f4704b111f022b15740e51c84c2b7e14a6407,"{""distance"":7,""physical_error_rate"":0.001}","{""detection_events"":1575,""detectors_checked"":308224}"
     11264,         0,         0,    1.71,exact_mw,8973b2281876bd917be29e6214e197de75d185bf3f5e531e264555f10574746e,"{""distance"":7,""physical_error_rate"":0.0005}","{""detection_events"":16344,""detectors_checked"":6780928}"
     20480,         0,         0,    3.13,exact_mw,8973b2281876bd917be29e6214e197de75d185bf3f5e531e264555f10574746e,"{""distance"":7,""physical_error_rate"":0.0005}","{""detection_events"":30368,""detectors_checked"":12328960}"
       512,         0,         0,   0.479,exact_mw,a17a1dfb4cb0509fbcf9caf9ce6f4704b111f022b15740e51c84c2b7e14a6407,"{""distance"":7,""physical_error_rate"":0.001}","{""detection_events"":1440,""detectors_checked"":308224}"
      7168,         0,         0,    1.19,exact_mw,8973b2281876bd917be29e6214e197de75d185bf3f5e531e264555f10574746e,"{""distance"":7,""physical_error_rate"":0.0005}","{""detection_events"":10640,""detectors_checked"":4315136}"
       512,         0,         0,   0.306,exact_mw,a17a1dfb4cb0509fbcf9caf9ce6f4704b111f022b15740e51c84c2b7e14a6407,"{""distance"":7,""physical_error_rate"":0.001}","{""detection_events"":1540,""detectors_checked"":308224}"
      2560,         0,         0,    2.33,exact_mw,a17a1dfb4cb0509fbcf9caf9ce6f4704b111f022b15740e51c84c2b7e14a6407,"{""distance"":7,""physical_error_rate"":0.001}","{""detection_events"":7482,""detectors_checked"":1541120}"
     15360,         0,         0,    2.33,exact_mw,8973b2281876bd917be29e6214e197de75d185bf3f5e531e264555f10574746e,"{""distance"":7,""physical_error_rate"":0.0005}","{""detection_events"":22644,""detectors_checked"":9246720}"
       512,         0,         0,    1.12,exact_mw,a17a1dfb4cb0509fbcf9caf9ce6f4704b111f022b15740e51c84c2b7e14a6407,"{""distance"":7,""physical_error_rate"":0.001}","{""detection_events"":1517,""detectors_checked"":308224}"
     16384,         0,         0,    2.23,exact_mw,8973b2281876bd917be29e6214e197de75d185bf3f5e531e264555f10574746e,"{""distance"":7,""physical_error_rate"":0.0005}","{""detection_events"":24089,""detectors_checked"":9863168}"
      2048,         0,         0,    1.88,exact_mw,a17a1dfb4cb0509fbcf9caf9ce6f4704b111f022b15740e51c84c2b7e14a6407,"{""distance"":7,""physical_error_rate"":0.001}","{""detection_events"":5815,""detectors_checked"":1232896}"
      1536,         0,         0,    1.18,exact_mw,a17a1dfb4cb0509fbcf9caf9ce6f4704b111f022b15740e51c84c2b7e14a6407,"{""distance"":7,""physical_error_rate"":0.001}","{""detection_events"":4488,""detectors_checked"":924672}"
     11264,         0,         0,    1.67,exact_mw,8973b2281876bd917be29e6214e197de75d185bf3f5e531e264555f10574746e,"{""distance"":7,""physical_error_rate"":0.0005}","{""detection_events"":16884,""detectors_checked"":6780928}"
       256,         0,         0,    1.10,exact_mw,a17a1dfb4cb0509fbcf9caf9ce6f4704b111f022b15740e51c84c2b7e14a6407,"{""distance"":7,""physical_error_rate"":0.001}","{""detection_events"":824,""detectors_checked"":154112}"
      1024,         0,         0,    1.01,exact_mw,a17a1dfb4cb0509fbcf9caf9ce6f4704b111f022b15740e51c84c2b7e14a6407,"{""distance"":7,""physical_error_rate"":0.001}","{""detection_events"":3099,""detectors_checked"":616448}"
      6144,         0,         0,    1.14,exact_mw,8973b2281876bd917be29e6214e197de75d185bf3f5e531e264555f10574746e,"{""distance"":7,""physical_error_rate"":0.0005}","{""detection_events"":9079,""detectors_checked"":3698688}"
       512,         0,         0,   0.692,exact_mw,a17a1dfb4cb0509fbcf9caf9ce6f4704b111f022b15740e51c84c2b7e14a6407,"{""distance"":7,""physical_error_rate"":0.001}","{""detection_events"":1635,""detectors_checked"":308224}"
     15360,         0,         0,    2.24,exact_mw,8973b2281876bd917be29e6214e197de75d185bf3f5e531e264555f10574746e,"{""distance"":7,""physical_error_rate"":0.0005}","{""detection_events"":22689,""detectors_checked"":9246720}"
     15360,         0,         0,    3.11,exact_mw,8973b2281876bd917be29e6214e197de75d185bf3f5e531e264555f10574746e,"{""distance"":7,""physical_error_rate"":0.0005}","{""detection_events"":22820,""detectors_checked"":9246720}"
      3072,         0,         0,    2.74,exact_mw,a17a1dfb4cb0509fbcf9caf9ce6f4704b111f022b15740e51c84c2b7e14a6407,"{""distance"":7,""physical_error_rate"":0.001}","{""detection_events"":8952,""detectors_checked"":1849344}"
     17408,         0,         0,    2.28,exact_mw,8973b2281876bd917be29e6214e197de75d185bf3f5e531e264555f10574746e,"{""distance"":7,""physical_error_rate"":0.0005}","{""detection_events"":25597,""detectors_checked"":10479616}"
      1024,         0,         0,   0.685,exact_mw,a17a1dfb4cb0509fbcf9caf9ce6f4704b111f022b15740e51c84c2b7e14a6407,"{""distance"":7,""physical_error_rate"":0.001}","{""detection_events"":2936,""detectors_checked"":616448}"
      3072,         0,         0,    2.37,exact_mw,a17a1dfb4cb0509fbcf9caf9ce6f4704b111f022b15740e51c84c2b7e14a6407,"{""distance"":7,""physical_error_rate"":0.001}","{""detection_events"":8810,""detectors_checked"":1849344}"
     23552,         0,         0,    3.16,exact_mw,8973b2281876bd917be29e6214e197de75d185bf3f5e531e264555f10574746e,"{""distance"":7,""physical_error_rate"":0.0005}","{""detection_events"":34582,""detectors_checked"":14178304}"
      1536,         0,         0,    1.34,exact_mw,a17a1dfb4cb0509fbcf9caf9ce6f4704b111f022b15740e51c84c2b7e14a6407,"{""distance"":7,""physical_error_rate"":0.001}","{""detection_events"":4588,""detectors_checked"":924672}"
     15360,         0,         0,    2.18,exact_mw,8973b2281876bd917be29e6214e197de75d185bf3f5e531e264555f10574746e,"{""distance"":7,""physical_error_rate"":0.0005}","{""detection_events"":23033,""detectors_checked"":9246720}"
       256,         0,         0,    1.37,exact_mw,a17a1dfb4cb0509fbcf9caf9ce6f4704b111f022b15740e51c84c2b7e14a6407,"{""distance"":7,""physical_error_rate"":0.001}","{""detection_events"":877,""detectors_checked"":154112}"
      3072,         0,         0,    2.62,exact_mw,a17a1dfb4cb0509fbcf9caf9ce6f4704b111f022b15740e51c84c2b7e14a6407,"{""distance"":7,""physical_error_rate"":0.001}","{""detection_events"":9080,""detectors_checked"":1849344}"
      2048,         0,         0,    1.65,exact_mw,a17a1dfb4cb0509fbcf9caf9ce6f4704b111f022b15740e51c84c2b7e14a6407,"{""distance"":7,""physical_error_rate"":0.001}","{""detection_events"":6093,""detectors_checked"":1232896}"
       512,         0,         0,    3.17,exact_mw,a17a1dfb4cb0509fbcf9caf9ce6f4704b111f022b15740e51c84c2b7e14a6407,"{""distance"":7,""physical_error_rate"":0.001}","{""detection_events"":1573,""detectors_checked"":308224}"
      7168,         0,         0,    2.18,exact_mw,8973b2281876bd917be29e6214e197de75d185bf3f5e531e264555f10574746e,"{""distance"":7,""physical_error_rate"":0.0005}","{""detection_events"":10906,""detectors_checked"":4315136}"
      1024,         0,         0,   0.826,exact_mw,a17a1dfb4cb0509fbcf9caf9ce6f4704b111f022b15740e51c84c2b7e14a6407,"{""distance"":7,""physical_error_rate"":0.001}","{""detection_events"":3105,""detectors_checked"":616448}"
      9216,         0,         0,    1.60,exact_mw,8973b2281876bd917be29e6214e197de75d185bf3f5e531e264555f10574746e,"{""distance"":7,""physical_error_rate"":0.0005}","{""detection_events"":13261,""detectors_checked"":5548032}"
       128,         0,         0,   0.614,exact_mw,a17a1dfb4cb0509fbcf9caf9ce6f4704b111f022b15740e51c84c2b7e14a6407,"{""distance"":7,""physical_error_rate"":0.001}","{""detection_events"":397,""detectors_checked"":77056}"
       512,         0,         0,    2.40,exact_mw,a17a1dfb4cb0509fbcf9caf9ce6f4704b111f022b15740e51c84c2b7e14a6407,"{""distance"":7,""physical_error_rate"":0.001}","{""detection_events"":1475,""detectors_checked"":308224}"
     15360,         0,         0,    2.28,exact_mw,8973b2281876bd917be29e6214e197de75d185bf3f5e531e264555f10574746e,"{""distance"":7,""physical_error_rate"":0.0005}","{""detection_events"":22647,""detectors_checked"":9246720}"
       128,         0,         0,   0.784,exact_mw,a17a1dfb4cb0509fbcf9caf9ce6f4704b111f022b15740e51c84c2b7e14a6407,"{""distance"":7,""physical_error_rate"":0.001}","{""detection_events"":458,""detectors_checked"":77056}"
     22528,         0,         0,    3.15,exact_mw,8973b2281876bd917be29e6214e197de75d185bf3f5e531e264555f10574746e,"{""distance"":7,""physical_error_rate"":0.0005}","{""detection_events"":33821,""detectors_checked"":13561856}"
      4096,         1,         0,    3.29,exact_mw,a17a1dfb4cb0509fbcf9caf9ce6f4704b111f022b15740e51c84c2b7e14a6407,"{""distance"":7,""physical_error_rate"":0.001}","{""detection_events"":11955,""detectors_checked"":2465792,""obs_mistake_mask=E"":1}"
     22528,         0,         0,    3.21,exact_mw,8973b2281876bd917be29e6214e197de75d185bf3f5e531e264555f10574746e,"{""distance"":7,""physical_error_rate"":0.0005}","{""detection_events"":32901,""detectors_checked"":13561856}"
      2048,         0,         0,    1.29,exact_mw,a17a1dfb4cb0509fbcf9caf9ce6f4704b111f022b15740e51c84c2b7e14a6407,"{""distance"":7,""physical_error_rate"":0.001}","{""detection_events"":5743,""detectors_checked"":1232896}"
      2048,         0,         0,    1.77,exact_mw,a17a1dfb4cb0509fbcf9caf9ce6f4704b111f022b15740e51c84c2b7e14a6407,"{""distance"":7,""physical_error_rate"":0.001}","{""detection_events"":5864,""detectors_checked"":1232896}"
     21504,         0,         0,    3.16,exact_mw,8973b2281876bd917be29e6214e197de75d185bf3f5e531e264555f10574746e,"{""distance"":7,""physical_error_rate"":0.0005}","{""detection_events"":32381,""detectors_checked"":12945408}"
       128,         0,         0,   0.616,exact_mw,a17a1dfb4cb0509fbcf9caf9ce6f4704b111f022b15740e51c84c2b7e14a6407,"{""distance"":7,""physical_error_rate"":0.001}","{""detection_events"":349,""detectors_checked"":77056}"
     54400,         3,         0,   120.5,exact_mw,a17a1dfb4cb0509fbcf9caf9ce6f4704b111f022b15740e51c84c2b7e14a6407,"{""distance"":7,""physical_error_rate"":0.001}","{""detection_events"":161359,""detectors_checked"":32748800,""obs_mistake_mask=E"":3}"
       512,         0,         0,    3.35,exact_mw,a17a1dfb4cb0509fbcf9caf9ce6f4704b111f022b15740e51c84c2b7e14a6407,"{""distance"":7,""physical_error_rate"":0.001}","{""detection_events"":1644,""detectors_checked"":308224}"
     29696,         0,         0,    4.34,exact_mw,8973b2281876bd917be29e6214e197de75d185bf3f5e531e264555f10574746e,"{""distance"":7,""physical_error_rate"":0.0005}","{""detection_events"":43832,""detectors_checked"":17876992}"
      4096,         0,         0,    3.38,exact_mw,a17a1dfb4cb0509fbcf9caf9ce6f4704b111f022b15740e51c84c2b7e14a6407,"{""distance"":7,""physical_error_rate"":0.001}","{""detection_events"":11766,""detectors_checked"":2465792}"
     16384,         0,         0,    3.18,exact_mw,8973b2281876bd917be29e6214e197de75d185bf3f5e531e264555f10574746e,"{""distance"":7,""physical_error_rate"":0.0005}","{""detection_events"":24317,""detectors_checked"":9863168}"
       384,         0,         0,    2.41,exact_mw,a17a1dfb4cb0509fbcf9caf9ce6f4704b111f022b15740e51c84c2b7e14a6407,"{""distance"":7,""physical_error_rate"":0.001}","{""detection_events"":1143,""detectors_checked"":231168}"
       384,         0,         0,    1.96,exact_mw,a17a1dfb4cb0509fbcf9caf9ce6f4704b111f022b15740e51c84c2b7e14a6407,"{""distance"":7,""physical_error_rate"":0.001}","{""detection_events"":1072,""detectors_checked"":231168}"
     12288,         0,         0,    2.35,exact_mw,8973b2281876bd917be29e6214e197de75d185bf3f5e531e264555f10574746e,"{""distance"":7,""physical_error_rate"":0.0005}","{""detection_events"":18096,""detectors_checked"":7397376}"
      2048,         0,         0,    2.46,exact_mw,8973b2281876bd917be29e6214e197de75d185bf3f5e531e264555f10574746e,"{""distance"":7,""physical_error_rate"":0.0005}","{""detection_events"":3255,""detectors_checked"":1232896}"
      3072,         1,         0,    2.72,exact_mw,a17a1dfb4cb0509fbcf9caf9ce6f4704b111f022b15740e51c84c2b7e14a6407,"{""distance"":7,""physical_error_rate"":0.001}","{""detection_events"":9085,""detectors_checked"":1849344,""obs_mistake_mask=E"":1}"
     23552,         0,         0,    3.19,exact_mw,8973b2281876bd917be29e6214e197de75d185bf3f5e531e264555f10574746e,"{""distance"":7,""physical_error_rate"":0.0005}","{""detection_events"":35016,""detectors_checked"":14178304}"
     21504,         0,         0,    4.31,exact_mw,8973b2281876bd917be29e6214e197de75d185bf3f5e531e264555f10574746e,"{""distance"":7,""physical_error_rate"":0.0005}","{""detection_events"":31548,""detectors_checked"":12945408}"
      4096,         0,         0,    3.60,exact_mw,a17a1dfb4cb0509fbcf9caf9ce6f4704b111f022b15740e51c84c2b7e14a6407,"{""distance"":7,""physical_error_rate"":0.001}","{""detection_events"":12020,""detectors_checked"":2465792}"
      2048,         1,         0,    1.69,exact_mw,a17a1dfb4cb0509fbcf9caf9ce6f4704b111f022b15740e51c84c2b7e14a6407,"{""distance"":7,""physical_error_rate"":0.001}","{""detection_events"":6125,""detectors_checked"":1232896,""obs_mistake_mask=E"":1}"
       256,         0,         0,    1.40,exact_mw,a17a1dfb4cb0509fbcf9caf9ce6f4704b111f022b15740e51c84c2b7e14a6407,"{""distance"":7,""physical_error_rate"":0.001}","{""detection_events"":812,""detectors_checked"":154112}"
      4096,         0,         0,    3.42,exact_mw,a17a1dfb4cb0509fbcf9caf9ce6f4704b111f022b15740e51c84c2b7e14a6407,"{""distance"":7,""physical_error_rate"":0.001}","{""detection_events"":12474,""detectors_checked"":2465792}"
       256,         0,         0,    1.50,exact_mw,a17a1dfb4cb0509fbcf9caf9ce6f4704b111f022b15740e51c84c2b7e14a6407,"{""distance"":7,""physical_error_rate"":0.001}","{""detection_events"":773,""detectors_checked"":154112}"
     29696,         0,         0,    4.29,exact_mw,8973b2281876bd917be29e6214e197de75d185bf3f5e531e264555f10574746e,"{""distance"":7,""physical_error_rate"":0.0005}","{""detection_events"":44705,""detectors_checked"":17876992}"
     23552,         0,         0,    3.17,exact_mw,8973b2281876bd917be29e6214e197de75d185bf3f5e531e264555f10574746e,"{""distance"":7,""physical_error_rate"":0.0005}","{""detection_events"":34801,""detectors_checked"":14178304}"
      3072,         0,         0,    2.68,exact_mw,a17a1dfb4cb0509fbcf9caf9ce6f4704b111f022b15740e51c84c2b7e14a6407,"{""distance"":7,""physical_error_rate"":0.001}","{""detection_events"":9265,""detectors_checked"":1849344}"
       384,         0,         0,    1.30,exact_mw,a17a1dfb4cb0509fbcf9caf9ce6f4704b111f022b15740e51c84c2b7e14a6407,"{""distance"":7,""physical_error_rate"":0.001}","{""detection_events"":1090,""detectors_checked"":231168}"
       384,         0,         0,    2.24,exact_mw,a17a1dfb4cb0509fbcf9caf9ce6f4704b111f022b15740e51c84c2b7e14a6407,"{""distance"":7,""physical_error_rate"":0.001}","{""detection_events"":1087,""detectors_checked"":231168}"
       256,         0,         0,    1.51,exact_mw,a17a1dfb4cb0509fbcf9caf9ce6f4704b111f022b15740e51c84c2b7e14a6407,"{""distance"":7,""physical_error_rate"":0.001}","{""detection_events"":772,""detectors_checked"":154112}"
     29696,         0,         0,    4.25,exact_mw,8973b2281876bd917be29e6214e197de75d185bf3f5e531e264555f10574746e,"{""distance"":7,""physical_error_rate"":0.0005}","{""detection_events"":44059,""detectors_checked"":17876992}"
     13312,         0,         0,    3.06,exact_mw,8973b2281876bd917be29e6214e197de75d185bf3f5e531e264555f10574746e,"{""distance"":7,""physical_error_rate"":0.0005}","{""detection_events"":19530,""detectors_checked"":8013824}"
      5120,         0,         0,    4.31,exact_mw,a17a1dfb4cb0509fbcf9caf9ce6f4704b111f022b15740e51c84c2b7e14a6407,"{""distance"":7,""physical_error_rate"":0.001}","{""detection_events"":15374,""detectors_checked"":3082240}"
      3072,         0,         0,    2.54,exact_mw,a17a1dfb4cb0509fbcf9caf9ce6f4704b111f022b15740e51c84c2b7e14a6407,"{""distance"":7,""physical_error_rate"":0.001}","{""detection_events"":9284,""detectors_checked"":1849344}"
     32768,         0,         0,    4.31,exact_mw,8973b2281876bd917be29e6214e197de75d185bf3f5e531e264555f10574746e,"{""distance"":7,""physical_error_rate"":0.0005}","{""detection_events"":48993,""detectors_checked"":19726336}"
      2688,         0,         0,    3.28,exact_mw,a17a1dfb4cb0509fbcf9caf9ce6f4704b111f022b15740e51c84c2b7e14a6407,"{""distance"":7,""physical_error_rate"":0.001}","{""detection_events"":7795,""detectors_checked"":1618176}"
      4096,         0,         0,    3.10,exact_mw,a17a1dfb4cb0509fbcf9caf9ce6f4704b111f022b15740e51c84c2b7e14a6407,"{""distance"":7,""physical_error_rate"":0.001}","{""detection_events"":12509,""detectors_checked"":2465792}"
      3584,         0,         0,    3.53,exact_mw,8973b2281876bd917be29e6214e197de75d185bf3f5e531e264555f10574746e,"{""distance"":7,""physical_error_rate"":0.0005}","{""detection_events"":5271,""detectors_checked"":2157568}"
     29696,         0,         0,    4.37,exact_mw,8973b2281876bd917be29e6214e197de75d185bf3f5e531e264555f10574746e,"{""distance"":7,""physical_error_rate"":0.0005}","{""detection_events"":44288,""detectors_checked"":17876992}"
       256,         0,         0,    1.62,exact_mw,a17a1dfb4cb0509fbcf9caf9ce6f4704b111f022b15740e51c84c2b7e14a6407,"{""distance"":7,""physical_error_rate"":0.001}","{""detection_events"":825,""detectors_checked"":154112}"
     21504,         0,         0,    4.35,exact_mw,8973b2281876bd917be29e6214e197de75d185bf3f5e531e264555f10574746e,"{""distance"":7,""physical_error_rate"":0.0005}","{""detection_events"":32117,""detectors_checked"":12945408}"
      6144,         0,         0,    4.71,exact_mw,a17a1dfb4cb0509fbcf9caf9ce6f4704b111f022b15740e51c84c2b7e14a6407,"{""distance"":7,""physical_error_rate"":0.001}","{""detection_events"":17567,""detectors_checked"":3698688}"
     31744,         0,         0,    4.35,exact_mw,8973b2281876bd917be29e6214e197de75d185bf3f5e531e264555f10574746e,"{""distance"":7,""physical_error_rate"":0.0005}","{""detection_events"":47158,""detectors_checked"":19109888}"
       512,         0,         0,    2.67,exact_mw,a17a1dfb4cb0509fbcf9caf9ce6f4704b111f022b15740e51c84c2b7e14a6407,"{""distance"":7,""physical_error_rate"":0.001}","{""detection_events"":1614,""detectors_checked"":308224}"
    788480,         4,         0,   119.9,exact_mw,8973b2281876bd917be29e6214e197de75d185bf3f5e531e264555f10574746e,"{""distance"":7,""physical_error_rate"":0.0005}","{""detection_events"":1167049,""detectors_checked"":474664960,""obs_mistake_mask=E"":4}"
      4096,         0,         0,    3.51,exact_mw,a17a1dfb4cb0509fbcf9caf9ce6f4704b111f022b15740e51c84c2b7e14a6407,"{""distance"":7,""physical_error_rate"":0.001}","{""detection_events"":11891,""detectors_checked"":2465792}"
      5632,         0,         0,    4.45,exact_mw,a17a1dfb4cb0509fbcf9caf9ce6f4704b111f022b15740e51c84c2b7e14a6407,"{""distance"":7,""physical_error_rate"":0.001}","{""detection_events"":16384,""detectors_checked"":3390464}"
      6144,         0,         0,    4.82,exact_mw,a17a1dfb4cb0509fbcf9caf9ce6f4704b111f022b15740e51c84c2b7e14a6407,"{""distance"":7,""physical_error_rate"":0.001}","{""detection_events"":18019,""detectors_checked"":3698688}"
     34816,         0,         0,    6.11,exact_mw,8973b2281876bd917be29e6214e197de75d185bf3f5e531e264555f10574746e,"{""distance"":7,""physical_error_rate"":0.0005}","{""detection_events"":51353,""detectors_checked"":20959232}"
     29696,         0,         0,    4.29,exact_mw,8973b2281876bd917be29e6214e197de75d185bf3f5e531e264555f10574746e,"{""distance"":7,""physical_error_rate"":0.0005}","{""detection_events"":44544,""detectors_checked"":17876992}"
      3072,         1,         0,    2.87,exact_mw,a17a1dfb4cb0509fbcf9caf9ce6f4704b111f022b15740e51c84c2b7e14a6407,"{""distance"":7,""physical_error_rate"":0.001}","{""detection_events"":9092,""detectors_checked"":1849344,""obs_mistake_mask=E"":1}"
       768,         0,         0,    3.86,exact_mw,a17a1dfb4cb0509fbcf9caf9ce6f4704b111f022b15740e51c84c2b7e14a6407,"{""distance"":7,""physical_error_rate"":0.001}","{""detection_events"":2273,""detectors_checked"":462336}"
     37888,         1,         0,    5.99,exact_mw,8973b2281876bd917be29e6214e197de75d185bf3f5e531e264555f10574746e,"{""distance"":7,""physical_error_rate"":0.0005}","{""detection_events"":56732,""detectors_checked"":22808576,""obs_mistake_mask=E"":1}"
       512,         0,         0,    2.88,exact_mw,a17a1dfb4cb0509fbcf9caf9ce6f4704b111f022b15740e51c84c2b7e14a6407,"{""distance"":7,""physical_error_rate"":0.001}","{""detection_events"":1351,""detectors_checked"":308224}"
     43008,         0,         0,    6.14,exact_mw,8973b2281876bd917be29e6214e197de75d185bf3f5e531e264555f10574746e,"{""distance"":7,""physical_error_rate"":0.0005}","{""detection_events"":63676,""detectors_checked"":25890816}"
     19456,         0,         0,    4.47,exact_mw,8973b2281876bd917be29e6214e197de75d185bf3f5e531e264555f10574746e,"{""distance"":7,""physical_error_rate"":0.0005}","{""detection_events"":28655,""detectors_checked"":11712512}"
      5120,         1,         0,    4.64,exact_mw,a17a1dfb4cb0509fbcf9caf9ce6f4704b111f022b15740e51c84c2b7e14a6407,"{""distance"":7,""physical_error_rate"":0.001}","{""detection_events"":15326,""detectors_checked"":3082240,""obs_mistake_mask=E"":1}"
    780288,         0,         0,   119.9,exact_mw,8973b2281876bd917be29e6214e197de75d185bf3f5e531e264555f10574746e,"{""distance"":7,""physical_error_rate"":0.0005}","{""detection_events"":1154857,""detectors_checked"":469733376}"
      5120,         0,         0,    4.80,exact_mw,a17a1dfb4cb0509fbcf9caf9ce6f4704b111f022b15740e51c84c2b7e14a6407,"{""distance"":7,""physical_error_rate"":0.001}","{""detection_events"":15026,""detectors_checked"":3082240}"
       512,         0,         0,    3.26,exact_mw,a17a1dfb4cb0509fbcf9caf9ce6f4704b111f022b15740e51c84c2b7e14a6407,"{""distance"":7,""physical_error_rate"":0.001}","{""detection_events"":1547,""detectors_checked"":308224}"
      5120,         0,         0,    4.65,exact_mw,8973b2281876bd917be29e6214e197de75d185bf3f5e531e264555f10574746e,"{""distance"":7,""physical_error_rate"":0.0005}","{""detection_events"":7628,""detectors_checked"":3082240}"
     40960,         0,         0,    6.07,exact_mw,8973b2281876bd917be29e6214e197de75d185bf3f5e531e264555f10574746e,"{""distance"":7,""physical_error_rate"":0.0005}","{""detection_events"":59428,""detectors_checked"":24657920}"
     41984,         0,         0,    5.97,exact_mw,8973b2281876bd917be29e6214e197de75d185bf3f5e531e264555f10574746e,"{""distance"":7,""physical_error_rate"":0.0005}","{""detection_events"":61918,""detectors_checked"":25274368}"
      5120,         0,         0,    6.15,exact_mw,a17a1dfb4cb0509fbcf9caf9ce6f4704b111f022b15740e51c84c2b7e14a6407,"{""distance"":7,""physical_error_rate"":0.001}","{""detection_events"":14878,""detectors_checked"":3082240}"
     43008,         0,         0,    5.97,exact_mw,8973b2281876bd917be29e6214e197de75d185bf3f5e531e264555f10574746e,"{""distance"":7,""physical_error_rate"":0.0005}","{""detection_events"":63303,""detectors_checked"":25890816}"
      5120,         0,         0,    4.49,exact_mw,a17a1dfb4cb0509fbcf9caf9ce6f4704b111f022b15740e51c84c2b7e14a6407,"{""distance"":7,""physical_error_rate"":0.001}","{""detection_events"":14826,""detectors_checked"":3082240}"
      5120,         0,         0,    3.83,exact_mw,a17a1dfb4cb0509fbcf9caf9ce6f4704b111f022b15740e51c84c2b7e14a6407,"{""distance"":7,""physical_error_rate"":0.001}","{""detection_events"":14981,""detectors_checked"":3082240}"
     40960,         1,         0,    5.98,exact_mw,8973b2281876bd917be29e6214e197de75d185bf3f5e531e264555f10574746e,"{""distance"":7,""physical_error_rate"":0.0005}","{""detection_events"":60888,""detectors_checked"":24657920,""obs_mistake_mask=E"":1}"
       768,         0,         0,    3.62,exact_mw,a17a1dfb4cb0509fbcf9caf9ce6f4704b111f022b15740e51c84c2b7e14a6407,"{""distance"":7,""physical_error_rate"":0.001}","{""detection_events"":2189,""detectors_checked"":462336}"
      7168,         0,         0,    5.98,exact_mw,a17a1dfb4cb0509fbcf9caf9ce6f4704b111f022b15740e51c84c2b7e14a6407,"{""distance"":7,""physical_error_rate"":0.001}","{""detection_events"":21085,""detectors_checked"":4315136}"
      5376,         0,         0,    4.37,exact_mw,a17a1dfb4cb0509fbcf9caf9ce6f4704b111f022b15740e51c84c2b7e14a6407,"{""distance"":7,""physical_error_rate"":0.001}","{""detection_events"":15524,""detectors_checked"":3236352}"
     41984,         0,         0,    5.99,exact_mw,8973b2281876bd917be29e6214e197de75d185bf3f5e531e264555f10574746e,"{""distance"":7,""physical_error_rate"":0.0005}","{""detection_events"":62188,""detectors_checked"":25274368}"
      7168,         0,         0,    6.02,exact_mw,a17a1dfb4cb0509fbcf9caf9ce6f4704b111f022b15740e51c84c2b7e14a6407,"{""distance"":7,""physical_error_rate"":0.001}","{""detection_events"":21466,""detectors_checked"":4315136}"
      7168,         0,         0,    6.13,exact_mw,a17a1dfb4cb0509fbcf9caf9ce6f4704b111f022b15740e51c84c2b7e14a6407,"{""distance"":7,""physical_error_rate"":0.001}","{""detection_events"":21544,""detectors_checked"":4315136}"
     45056,         0,         0,    6.10,exact_mw,8973b2281876bd917be29e6214e197de75d185bf3f5e531e264555f10574746e,"{""distance"":7,""physical_error_rate"":0.0005}","{""detection_events"":65984,""detectors_checked"":27123712}"
       640,         0,         0,    3.63,exact_mw,a17a1dfb4cb0509fbcf9caf9ce6f4704b111f022b15740e51c84c2b7e14a6407,"{""distance"":7,""physical_error_rate"":0.001}","{""detection_events"":1777,""detectors_checked"":385280}"
    120832,         2,         0,   120.3,exact_mw,a17a1dfb4cb0509fbcf9caf9ce6f4704b111f022b15740e51c84c2b7e14a6407,"{""distance"":7,""physical_error_rate"":0.001}","{""detection_events"":356961,""detectors_checked"":72740864,""obs_mistake_mask=E"":2}"
    748544,         1,         0,   119.8,exact_mw,8973b2281876bd917be29e6214e197de75d185bf3f5e531e264555f10574746e,"{""distance"":7,""physical_error_rate"":0.0005}","{""detection_events"":1105813,""detectors_checked"":450623488,""obs_mistake_mask=E"":1}"
    128000,         1,         0,   120.4,exact_mw,a17a1dfb4cb0509fbcf9caf9ce6f4704b111f022b15740e51c84c2b7e14a6407,"{""distance"":7,""physical_error_rate"":0.001}","{""detection_events"":376887,""detectors_checked"":77056000,""obs_mistake_mask=E"":1}"
    683008,         4,         0,   120.1,exact_mw,8973b2281876bd917be29e6214e197de75d185bf3f5e531e264555f10574746e,"{""distance"":7,""physical_error_rate"":0.0005}","{""detection_events"":1006774,""detectors_checked"":411170816,""obs_mistake_mask=E"":4}"
     30720,         1,         0,    6.28,exact_mw,8973b2281876bd917be29e6214e197de75d185bf3f5e531e264555f10574746e,"{""distance"":7,""physical_error_rate"":0.0005}","{""detection_events"":45001,""detectors_checked"":18493440,""obs_mistake_mask=E"":1}"
     35840,         0,         0,    8.38,exact_mw,8973b2281876bd917be29e6214e197de75d185bf3f5e531e264555f10574746e,"{""distance"":7,""physical_error_rate"":0.0005}","{""detection_events"":53057,""detectors_checked"":21575680}"
     10752,         0,         0,    6.11,exact_mw,8973b2281876bd917be29e6214e197de75d185bf3f5e531e264555f10574746e,"{""distance"":7,""physical_error_rate"":0.0005}","{""detection_events"":16357,""detectors_checked"":6472704}"
      7168,         0,         0,    6.47,exact_mw,a17a1dfb4cb0509fbcf9caf9ce6f4704b111f022b15740e51c84c2b7e14a6407,"{""distance"":7,""physical_error_rate"":0.001}","{""detection_events"":20908,""detectors_checked"":4315136}"
      5120,         1,         0,    4.77,exact_mw,a17a1dfb4cb0509fbcf9caf9ce6f4704b111f022b15740e51c84c2b7e14a6407,"{""distance"":7,""physical_error_rate"":0.001}","{""detection_events"":15121,""detectors_checked"":3082240,""obs_mistake_mask=E"":1}"
    755712,         0,         0,   120.0,exact_mw,8973b2281876bd917be29e6214e197de75d185bf3f5e531e264555f10574746e,"{""distance"":7,""physical_error_rate"":0.0005}","{""detection_events"":1119234,""detectors_checked"":454938624}"
      8192,         0,         0,    7.04,exact_mw,a17a1dfb4cb0509fbcf9caf9ce6f4704b111f022b15740e51c84c2b7e14a6407,"{""distance"":7,""physical_error_rate"":0.001}","{""detection_events"":24411,""detectors_checked"":4931584}"
     56320,         1,         0,    8.47,exact_mw,8973b2281876bd917be29e6214e197de75d185bf3f5e531e264555f10574746e,"{""distance"":7,""physical_error_rate"":0.0005}","{""detection_events"":84138,""detectors_checked"":33904640,""obs_mistake_mask=E"":1}"
      1536,         0,         0,    5.04,exact_mw,a17a1dfb4cb0509fbcf9caf9ce6f4704b111f022b15740e51c84c2b7e14a6407,"{""distance"":7,""physical_error_rate"":0.001}","{""detection_events"":4469,""detectors_checked"":924672}"
     51200,         0,         0,    8.69,exact_mw,8973b2281876bd917be29e6214e197de75d185bf3f5e531e264555f10574746e,"{""distance"":7,""physical_error_rate"":0.0005}","{""detection_events"":75642,""detectors_checked"":30822400}"
      2560,         0,         0,    4.58,exact_mw,a17a1dfb4cb0509fbcf9caf9ce6f4704b111f022b15740e51c84c2b7e14a6407,"{""distance"":7,""physical_error_rate"":0.001}","{""detection_events"":7479,""detectors_checked"":1541120}"
      7680,         0,         0,    6.72,exact_mw,a17a1dfb4cb0509fbcf9caf9ce6f4704b111f022b15740e51c84c2b7e14a6407,"{""distance"":7,""physical_error_rate"":0.001}","{""detection_events"":22543,""detectors_checked"":4623360}"
      8192,         0,         0,    6.67,exact_mw,a17a1dfb4cb0509fbcf9caf9ce6f4704b111f022b15740e51c84c2b7e14a6407,"{""distance"":7,""physical_error_rate"":0.001}","{""detection_events"":23778,""detectors_checked"":4931584}"
     54272,         0,         0,    8.44,exact_mw,8973b2281876bd917be29e6214e197de75d185bf3f5e531e264555f10574746e,"{""distance"":7,""physical_error_rate"":0.0005}","{""detection_events"":80059,""detectors_checked"":32671744}"
     57344,         1,         0,    8.52,exact_mw,8973b2281876bd917be29e6214e197de75d185bf3f5e531e264555f10574746e,"{""distance"":7,""physical_error_rate"":0.0005}","{""detection_events"":84911,""detectors_checked"":34521088,""obs_mistake_mask=E"":1}"
    796672,         1,         0,   120.0,exact_mw,8973b2281876bd917be29e6214e197de75d185bf3f5e531e264555f10574746e,"{""distance"":7,""physical_error_rate"":0.0005}","{""detection_events"":1178197,""detectors_checked"":479596544,""obs_mistake_mask=E"":1}"
     51200,         1,         0,    8.37,exact_mw,8973b2281876bd917be29e6214e197de75d185bf3f5e531e264555f10574746e,"{""distance"":7,""physical_error_rate"":0.0005}","{""detection_events"":76458,""detectors_checked"":30822400,""obs_mistake_mask=E"":1}"
      6656,         1,         0,    9.01,exact_mw,a17a1dfb4cb0509fbcf9caf9ce6f4704b111f022b15740e51c84c2b7e14a6407,"{""distance"":7,""physical_error_rate"":0.001}","{""detection_events"":19259,""detectors_checked"":4006912,""obs_mistake_mask=E"":1}"
    112640,         2,         0,   120.1,exact_mw,a17a1dfb4cb0509fbcf9caf9ce6f4704b111f022b15740e51c84c2b7e14a6407,"{""distance"":7,""physical_error_rate"":0.001}","{""detection_events"":331538,""detectors_checked"":67809280,""obs_mistake_mask=E"":2}"
     46080,         0,         0,    8.48,exact_mw,8973b2281876bd917be29e6214e197de75d185bf3f5e531e264555f10574746e,"{""distance"":7,""physical_error_rate"":0.0005}","{""detection_events"":68425,""detectors_checked"":27740160}"
     54272,         0,         0,    8.49,exact_mw,8973b2281876bd917be29e6214e197de75d185bf3f5e531e264555f10574746e,"{""distance"":7,""physical_error_rate"":0.0005}","{""detection_events"":79755,""detectors_checked"":32671744}"
      8192,         0,         0,    9.00,exact_mw,a17a1dfb4cb0509fbcf9caf9ce6f4704b111f022b15740e51c84c2b7e14a6407,"{""distance"":7,""physical_error_rate"":0.001}","{""detection_events"":24141,""detectors_checked"":4931584}"
     10240,         0,         0,    8.41,exact_mw,a17a1dfb4cb0509fbcf9caf9ce6f4704b111f022b15740e51c84c2b7e14a6407,"{""distance"":7,""physical_error_rate"":0.001}","{""detection_events"":29757,""detectors_checked"":6164480}"
     44032,         0,         0,    8.41,exact_mw,8973b2281876bd917be29e6214e197de75d185bf3f5e531e264555f10574746e,"{""distance"":7,""physical_error_rate"":0.0005}","{""detection_events"":65390,""detectors_checked"":26507264}"
     10240,         1,         0,    8.91,exact_mw,a17a1dfb4cb0509fbcf9caf9ce6f4704b111f022b15740e51c84c2b7e14a6407,"{""distance"":7,""physical_error_rate"":0.001}","{""detection_events"":30319,""detectors_checked"":6164480,""obs_mistake_mask=E"":1}"
      6144,         0,         0,    5.97,exact_mw,a17a1dfb4cb0509fbcf9caf9ce6f4704b111f022b15740e51c84c2b7e14a6407,"{""distance"":7,""physical_error_rate"":0.001}","{""detection_events"":18024,""detectors_checked"":3698688}"
    593408,         2,         0,   120.0,exact_mw,8973b2281876bd917be29e6214e197de75d185bf3f5e531e264555f10574746e,"{""distance"":7,""physical_error_rate"":0.0005}","{""detection_events"":877690,""detectors_checked"":357231616,""obs_mistake_mask=E"":2}"
      5632,         0,         0,    6.11,exact_mw,a17a1dfb4cb0509fbcf9caf9ce6f4704b111f022b15740e51c84c2b7e14a6407,"{""distance"":7,""physical_error_rate"":0.001}","{""detection_events"":16256,""detectors_checked"":3390464}"
     43008,         0,         0,    8.39,exact_mw,8973b2281876bd917be29e6214e197de75d185bf3f5e531e264555f10574746e,"{""distance"":7,""physical_error_rate"":0.0005}","{""detection_events"":62711,""detectors_checked"":25890816}"
      5120,         0,         0,    6.17,exact_mw,a17a1dfb4cb0509fbcf9caf9ce6f4704b111f022b15740e51c84c2b7e14a6407,"{""distance"":7,""physical_error_rate"":0.001}","{""detection_events"":15083,""detectors_checked"":3082240}"
     40960,         0,         0,    8.36,exact_mw,8973b2281876bd917be29e6214e197de75d185bf3f5e531e264555f10574746e,"{""distance"":7,""physical_error_rate"":0.0005}","{""detection_events"":61172,""detectors_checked"":24657920}"
      9216,         0,         0,    8.41,exact_mw,a17a1dfb4cb0509fbcf9caf9ce6f4704b111f022b15740e51c84c2b7e14a6407,"{""distance"":7,""physical_error_rate"":0.001}","{""detection_events"":27134,""detectors_checked"":5548032}"
      6656,         0,         0,    8.55,exact_mw,a17a1dfb4cb0509fbcf9caf9ce6f4704b111f022b15740e51c84c2b7e14a6407,"{""distance"":7,""physical_error_rate"":0.001}","{""detection_events"":19294,""detectors_checked"":4006912}"
    619008,         4,         0,   119.9,exact_mw,8973b2281876bd917be29e6214e197de75d185bf3f5e531e264555f10574746e,"{""distance"":7,""physical_error_rate"":0.0005}","{""detection_events"":916808,""detectors_checked"":372642816,""obs_mistake_mask=E"":4}"
      9216,         0,         0,    8.61,exact_mw,a17a1dfb4cb0509fbcf9caf9ce6f4704b111f022b15740e51c84c2b7e14a6407,"{""distance"":7,""physical_error_rate"":0.001}","{""detection_events"":27614,""detectors_checked"":5548032}"
     56320,         0,         0,    11.7,exact_mw,8973b2281876bd917be29e6214e197de75d185bf3f5e531e264555f10574746e,"{""distance"":7,""physical_error_rate"":0.0005}","{""detection_events"":83728,""detectors_checked"":33904640}"
      9216,         0,         0,    9.09,exact_mw,a17a1dfb4cb0509fbcf9caf9ce6f4704b111f022b15740e51c84c2b7e14a6407,"{""distance"":7,""physical_error_rate"":0.001}","{""detection_events"":27136,""detectors_checked"":5548032}"
     60416,         0,         0,    11.8,exact_mw,8973b2281876bd917be29e6214e197de75d185bf3f5e531e264555f10574746e,"{""distance"":7,""physical_error_rate"":0.0005}","{""detection_events"":89373,""detectors_checked"":36370432}"
     47104,         0,         0,    11.8,exact_mw,8973b2281876bd917be29e6214e197de75d185bf3f5e531e264555f10574746e,"{""distance"":7,""physical_error_rate"":0.0005}","{""detection_events"":69942,""detectors_checked"":28356608}"
     69632,         0,         0,    11.7,exact_mw,8973b2281876bd917be29e6214e197de75d185bf3f5e531e264555f10574746e,"{""distance"":7,""physical_error_rate"":0.0005}","{""detection_events"":103931,""detectors_checked"":41918464}"
     61440,         0,         0,    11.8,exact_mw,8973b2281876bd917be29e6214e197de75d185bf3f5e531e264555f10574746e,"{""distance"":7,""physical_error_rate"":0.0005}","{""detection_events"":91558,""detectors_checked"":36986880}"
     73728,         0,         0,    11.9,exact_mw,8973b2281876bd917be29e6214e197de75d185bf3f5e531e264555f10574746e,"{""distance"":7,""physical_error_rate"":0.0005}","{""detection_events"":109925,""detectors_checked"":44384256}"
      9216,         0,         0,    9.27,exact_mw,a17a1dfb4cb0509fbcf9caf9ce6f4704b111f022b15740e51c84c2b7e14a6407,"{""distance"":7,""physical_error_rate"":0.001}","{""detection_events"":27221,""detectors_checked"":5548032}"
     10240,         0,         0,    11.8,exact_mw,a17a1dfb4cb0509fbcf9caf9ce6f4704b111f022b15740e51c84c2b7e14a6407,"{""distance"":7,""physical_error_rate"":0.001}","{""detection_events"":30149,""detectors_checked"":6164480}"
      9216,         0,         0,    8.82,exact_mw,a17a1dfb4cb0509fbcf9caf9ce6f4704b111f022b15740e51c84c2b7e14a6407,"{""distance"":7,""physical_error_rate"":0.001}","{""detection_events"":27579,""detectors_checked"":5548032}"
     65536,         0,         0,    11.7,exact_mw,8973b2281876bd917be29e6214e197de75d185bf3f5e531e264555f10574746e,"{""distance"":7,""physical_error_rate"":0.0005}","{""detection_events"":96324,""detectors_checked"":39452672}"
     72704,         0,         0,    11.8,exact_mw,8973b2281876bd917be29e6214e197de75d185bf3f5e531e264555f10574746e,"{""distance"":7,""physical_error_rate"":0.0005}","{""detection_events"":107142,""detectors_checked"":43767808}"
      6656,         2,         0,    8.79,exact_mw,a17a1dfb4cb0509fbcf9caf9ce6f4704b111f022b15740e51c84c2b7e14a6407,"{""distance"":7,""physical_error_rate"":0.001}","{""detection_events"":19752,""detectors_checked"":4006912,""obs_mistake_mask=E"":2}"
     10240,         0,         0,    12.0,exact_mw,a17a1dfb4cb0509fbcf9caf9ce6f4704b111f022b15740e51c84c2b7e14a6407,"{""distance"":7,""physical_error_rate"":0.001}","{""detection_events"":30251,""detectors_checked"":6164480}"
    109312,         2,         0,   120.5,exact_mw,a17a1dfb4cb0509fbcf9caf9ce6f4704b111f022b15740e51c84c2b7e14a6407,"{""distance"":7,""physical_error_rate"":0.001}","{""detection_events"":321919,""detectors_checked"":65805824,""obs_mistake_mask=E"":2}"
     13312,         0,         0,    11.8,exact_mw,a17a1dfb4cb0509fbcf9caf9ce6f4704b111f022b15740e51c84c2b7e14a6407,"{""distance"":7,""physical_error_rate"":0.001}","{""detection_events"":38446,""detectors_checked"":8013824}"
     67584,         0,         0,    11.7,exact_mw,8973b2281876bd917be29e6214e197de75d185bf3f5e531e264555f10574746e,"{""distance"":7,""physical_error_rate"":0.0005}","{""detection_events"":99878,""detectors_checked"":40685568}"
    129536,         2,         0,   120.2,exact_mw,a17a1dfb4cb0509fbcf9caf9ce6f4704b111f022b15740e51c84c2b7e14a6407,"{""distance"":7,""physical_error_rate"":0.001}","{""detection_events"":382856,""detectors_checked"":77980672,""obs_mistake_mask=E"":2}"
     13312,         0,         0,    12.2,exact_mw,a17a1dfb4cb0509fbcf9caf9ce6f4704b111f022b15740e51c84c2b7e14a6407,"{""distance"":7,""physical_error_rate"":0.001}","{""detection_events"":39184,""detectors_checked"":8013824}"
     92608,         0,         0,   120.3,exact_mw,a17a1dfb4cb0509fbcf9caf9ce6f4704b111f022b15740e51c84c2b7e14a6407,"{""distance"":7,""physical_error_rate"":0.001}","{""detection_events"":272152,""detectors_checked"":55750016}"
    132608,         5,         0,   120.1,exact_mw,a17a1dfb4cb0509fbcf9caf9ce6f4704b111f022b15740e51c84c2b7e14a6407,"{""distance"":7,""physical_error_rate"":0.001}","{""detection_events"":391379,""detectors_checked"":79830016,""obs_mistake_mask=E"":5}"
     77824,         1,         0,    11.7,exact_mw,8973b2281876bd917be29e6214e197de75d185bf3f5e531e264555f10574746e,"{""distance"":7,""physical_error_rate"":0.0005}","{""detection_events"":114855,""detectors_checked"":46850048,""obs_mistake_mask=E"":1}"
     53248,         0,         0,    11.7,exact_mw,8973b2281876bd917be29e6214e197de75d185bf3f5e531e264555f10574746e,"{""distance"":7,""physical_error_rate"":0.0005}","{""detection_events"":79379,""detectors_checked"":32055296}"
     13312,         1,         0,    12.0,exact_mw,a17a1dfb4cb0509fbcf9caf9ce6f4704b111f022b15740e51c84c2b7e14a6407,"{""distance"":7,""physical_error_rate"":0.001}","{""detection_events"":39383,""detectors_checked"":8013824,""obs_mistake_mask=E"":1}"
     10752,         0,         0,    12.2,exact_mw,a17a1dfb4cb0509fbcf9caf9ce6f4704b111f022b15740e51c84c2b7e14a6407,"{""distance"":7,""physical_error_rate"":0.001}","{""detection_events"":31945,""detectors_checked"":6472704}"
     12800,         1,         0,    12.1,exact_mw,a17a1dfb4cb0509fbcf9caf9ce6f4704b111f022b15740e51c84c2b7e14a6407,"{""distance"":7,""physical_error_rate"":0.001}","{""detection_events"":37350,""detectors_checked"":7705600,""obs_mistake_mask=E"":1}"
    528384,         1,         0,   119.9,exact_mw,8973b2281876bd917be29e6214e197de75d185bf3f5e531e264555f10574746e,"{""distance"":7,""physical_error_rate"":0.0005}","{""detection_events"":781531,""detectors_checked"":318087168,""obs_mistake_mask=E"":1}"
     12288,         0,         0,    11.9,exact_mw,a17a1dfb4cb0509fbcf9caf9ce6f4704b111f022b15740e51c84c2b7e14a6407,"{""distance"":7,""physical_error_rate"":0.001}","{""detection_events"":36416,""detectors_checked"":7397376}"
    104960,         1,         0,   120.6,exact_mw,a17a1dfb4cb0509fbcf9caf9ce6f4704b111f022b15740e51c84c2b7e14a6407,"{""distance"":7,""physical_error_rate"":0.001}","{""detection_events"":308205,""detectors_checked"":63185920,""obs_mistake_mask=E"":1}"
      9216,         0,         0,    11.7,exact_mw,a17a1dfb4cb0509fbcf9caf9ce6f4704b111f022b15740e51c84c2b7e14a6407,"{""distance"":7,""physical_error_rate"":0.001}","{""detection_events"":27162,""detectors_checked"":5548032}"
    106496,         0,         0,    16.5,exact_mw,8973b2281876bd917be29e6214e197de75d185bf3f5e531e264555f10574746e,"{""distance"":7,""physical_error_rate"":0.0005}","{""detection_events"":158475,""detectors_checked"":64110592}"
      8704,         0,         0,    11.9,exact_mw,a17a1dfb4cb0509fbcf9caf9ce6f4704b111f022b15740e51c84c2b7e14a6407,"{""distance"":7,""physical_error_rate"":0.001}","{""detection_events"":25961,""detectors_checked"":5239808}"
     74752,         0,         0,    16.4,exact_mw,8973b2281876bd917be29e6214e197de75d185bf3f5e531e264555f10574746e,"{""distance"":7,""physical_error_rate"":0.0005}","{""detection_events"":109504,""detectors_checked"":45000704}"
      8192,         0,         0,    12.4,exact_mw,a17a1dfb4cb0509fbcf9caf9ce6f4704b111f022b15740e51c84c2b7e14a6407,"{""distance"":7,""physical_error_rate"":0.001}","{""detection_events"":24639,""detectors_checked"":4931584}"
     73728,         0,         0,    16.4,exact_mw,8973b2281876bd917be29e6214e197de75d185bf3f5e531e264555f10574746e,"{""distance"":7,""physical_error_rate"":0.0005}","{""detection_events"":108778,""detectors_checked"":44384256}"
    103424,         0,         0,    16.4,exact_mw,8973b2281876bd917be29e6214e197de75d185bf3f5e531e264555f10574746e,"{""distance"":7,""physical_error_rate"":0.0005}","{""detection_events"":153193,""detectors_checked"":62261248}"
     82944,         1,         0,    16.4,exact_mw,8973b2281876bd917be29e6214e197de75d185bf3f5e531e264555f10574746e,"{""distance"":7,""physical_error_rate"":0.0005}","{""detection_events"":121405,""detectors_checked"":49932288,""obs_mistake_mask=E"":1}"
     92160,         0,         0,    16.6,exact_mw,8973b2281876bd917be29e6214e197de75d185bf3f5e531e264555f10574746e,"{""distance"":7,""physical_error_rate"":0.0005}","{""detection_events"":136389,""detectors_checked"":55480320}"
     16384,         0,         0,    16.4,exact_mw,a17a1dfb4cb0509fbcf9caf9ce6f4704b111f022b15740e51c84c2b7e14a6407,"{""distance"":7,""physical_error_rate"":0.001}","{""detection_events"":48375,""detectors_checked"":9863168}"
     91136,         0,         0,    16.4,exact_mw,8973b2281876bd917be29e6214e197de75d185bf3f5e531e264555f10574746e,"{""distance"":7,""physical_error_rate"":0.0005}","{""detection_events"":134327,""detectors_checked"":54863872}"
    100352,         3,         0,    16.6,exact_mw,8973b2281876bd917be29e6214e197de75d185bf3f5e531e264555f10574746e,"{""distance"":7,""physical_error_rate"":0.0005}","{""detection_events"":148006,""detectors_checked"":60411904,""obs_mistake_mask=E"":3}"
     13824,         0,         0,    16.7,exact_mw,a17a1dfb4cb0509fbcf9caf9ce6f4704b111f022b15740e51c84c2b7e14a6407,"{""distance"":7,""physical_error_rate"":0.001}","{""detection_events"":40762,""detectors_checked"":8322048}"
     76800,         0,         0,    16.4,exact_mw,8973b2281876bd917be29e6214e197de75d185bf3f5e531e264555f10574746e,"{""distance"":7,""physical_error_rate"":0.0005}","{""detection_events"":113531,""detectors_checked"":46233600}"
     18432,         0,         0,    16.8,exact_mw,a17a1dfb4cb0509fbcf9caf9ce6f4704b111f022b15740e51c84c2b7e14a6407,"{""distance"":7,""physical_error_rate"":0.001}","{""detection_events"":54571,""detectors_checked"":11096064}"
     18432,         2,         0,    16.7,exact_mw,a17a1dfb4cb0509fbcf9caf9ce6f4704b111f022b15740e51c84c2b7e14a6407,"{""distance"":7,""physical_error_rate"":0.001}","{""detection_events"":53814,""detectors_checked"":11096064,""obs_mistake_mask=E"":2}"
    105472,         0,         0,    16.5,exact_mw,8973b2281876bd917be29e6214e197de75d185bf3f5e531e264555f10574746e,"{""distance"":7,""physical_error_rate"":0.0005}","{""detection_events"":156338,""detectors_checked"":63494144}"
     75776,         0,         0,    16.5,exact_mw,8973b2281876bd917be29e6214e197de75d185bf3f5e531e264555f10574746e,"{""distance"":7,""physical_error_rate"":0.0005}","{""detection_events"":112618,""detectors_checked"":45617152}"
     16896,         0,         0,    16.5,exact_mw,a17a1dfb4cb0509fbcf9caf9ce6f4704b111f022b15740e51c84c2b7e14a6407,"{""distance"":7,""physical_error_rate"":0.001}","{""detection_events"":50937,""detectors_checked"":10171392}"
    104448,         1,         0,   120.1,exact_mw,a17a1dfb4cb0509fbcf9caf9ce6f4704b111f022b15740e51c84c2b7e14a6407,"{""distance"":7,""physical_error_rate"":0.001}","{""detection_events"":307935,""detectors_checked"":62877696,""obs_mistake_mask=E"":1}"
     12800,         1,         0,    16.6,exact_mw,a17a1dfb4cb0509fbcf9caf9ce6f4704b111f022b15740e51c84c2b7e14a6407,"{""distance"":7,""physical_error_rate"":0.001}","{""detection_events"":38061,""detectors_checked"":7705600,""obs_mistake_mask=E"":1}"
     17920,         0,         0,    16.5,exact_mw,a17a1dfb4cb0509fbcf9caf9ce6f4704b111f022b15740e51c84c2b7e14a6407,"{""distance"":7,""physical_error_rate"":0.001}","{""detection_events"":53266,""detectors_checked"":10787840}"
     17408,         0,         0,    16.6,exact_mw,a17a1dfb4cb0509fbcf9caf9ce6f4704b111f022b15740e51c84c2b7e14a6407,"{""distance"":7,""physical_error_rate"":0.001}","{""detection_events"":51466,""detectors_checked"":10479616}"
     13312,         0,         0,    16.6,exact_mw,a17a1dfb4cb0509fbcf9caf9ce6f4704b111f022b15740e51c84c2b7e14a6407,"{""distance"":7,""physical_error_rate"":0.001}","{""detection_events"":39324,""detectors_checked"":8013824}"
     13312,         0,         0,    16.8,exact_mw,a17a1dfb4cb0509fbcf9caf9ce6f4704b111f022b15740e51c84c2b7e14a6407,"{""distance"":7,""physical_error_rate"":0.001}","{""detection_events"":39029,""detectors_checked"":8013824}"
     14336,         1,         0,    16.7,exact_mw,a17a1dfb4cb0509fbcf9caf9ce6f4704b111f022b15740e51c84c2b7e14a6407,"{""distance"":7,""physical_error_rate"":0.001}","{""detection_events"":42341,""detectors_checked"":8630272,""obs_mistake_mask=E"":1}"
     98304,         0,         0,    23.2,exact_mw,8973b2281876bd917be29e6214e197de75d185bf3f5e531e264555f10574746e,"{""distance"":7,""physical_error_rate"":0.0005}","{""detection_events"":146049,""detectors_checked"":59179008}"
    126976,         2,         0,    22.9,exact_mw,8973b2281876bd917be29e6214e197de75d185bf3f5e531e264555f10574746e,"{""distance"":7,""physical_error_rate"":0.0005}","{""detection_events"":188168,""detectors_checked"":76439552,""obs_mistake_mask=E"":2}"
    622592,         2,         0,   119.9,exact_mw,8973b2281876bd917be29e6214e197de75d185bf3f5e531e264555f10574746e,"{""distance"":7,""physical_error_rate"":0.0005}","{""detection_events"":920120,""detectors_checked"":374800384,""obs_mistake_mask=E"":2}"
    105472,         0,         0,    23.1,exact_mw,8973b2281876bd917be29e6214e197de75d185bf3f5e531e264555f10574746e,"{""distance"":7,""physical_error_rate"":0.0005}","{""detection_events"":156847,""detectors_checked"":63494144}"
    144384,         1,         0,    23.0,exact_mw,8973b2281876bd917be29e6214e197de75d185bf3f5e531e264555f10574746e,"{""distance"":7,""physical_error_rate"":0.0005}","{""detection_events"":212871,""detectors_checked"":86919168,""obs_mistake_mask=E"":1}"
    132096,         0,         0,    23.1,exact_mw,8973b2281876bd917be29e6214e197de75d185bf3f5e531e264555f10574746e,"{""distance"":7,""physical_error_rate"":0.0005}","{""detection_events"":195510,""detectors_checked"":79521792}"
    126976,         0,         0,    23.0,exact_mw,8973b2281876bd917be29e6214e197de75d185bf3f5e531e264555f10574746e,"{""distance"":7,""physical_error_rate"":0.0005}","{""detection_events"":187753,""detectors_checked"":76439552}"
    100352,         0,         0,    23.1,exact_mw,8973b2281876bd917be29e6214e197de75d185bf3f5e531e264555f10574746e,"{""distance"":7,""physical_error_rate"":0.0005}","{""detection_events"":148149,""detectors_checked"":60411904}"
     23040,         0,         0,    23.5,exact_mw,a17a1dfb4cb0509fbcf9caf9ce6f4704b111f022b15740e51c84c2b7e14a6407,"{""distance"":7,""physical_error_rate"":0.001}","{""detection_events"":68379,""detectors_checked"":13870080}"
    143360,         0,         0,    23.0,exact_mw,8973b2281876bd917be29e6214e197de75d185bf3f5e531e264555f10574746e,"{""distance"":7,""physical_error_rate"":0.0005}","{""detection_events"":213545,""detectors_checked"":86302720}"
     18432,         1,         0,    23.0,exact_mw,a17a1dfb4cb0509fbcf9caf9ce6f4704b111f022b15740e51c84c2b7e14a6407,"{""distance"":7,""physical_error_rate"":0.001}","{""detection_events"":54261,""detectors_checked"":11096064,""obs_mistake_mask=E"":1}"
    114688,         0,         0,    23.0,exact_mw,8973b2281876bd917be29e6214e197de75d185bf3f5e531e264555f10574746e,"{""distance"":7,""physical_error_rate"":0.0005}","{""detection_events"":170225,""detectors_checked"":69042176}"
     26624,         0,         0,    23.1,exact_mw,a17a1dfb4cb0509fbcf9caf9ce6f4704b111f022b15740e51c84c2b7e14a6407,"{""distance"":7,""physical_error_rate"":0.001}","{""detection_events"":77906,""detectors_checked"":16027648}"
     22528,         0,         0,    23.5,exact_mw,a17a1dfb4cb0509fbcf9caf9ce6f4704b111f022b15740e51c84c2b7e14a6407,"{""distance"":7,""physical_error_rate"":0.001}","{""detection_events"":66254,""detectors_checked"":13561856}"
    144384,         0,         0,    23.0,exact_mw,8973b2281876bd917be29e6214e197de75d185bf3f5e531e264555f10574746e,"{""distance"":7,""physical_error_rate"":0.0005}","{""detection_events"":214835,""detectors_checked"":86919168}"
    116736,         1,         0,    23.0,exact_mw,8973b2281876bd917be29e6214e197de75d185bf3f5e531e264555f10574746e,"{""distance"":7,""physical_error_rate"":0.0005}","{""detection_events"":172784,""detectors_checked"":70275072,""obs_mistake_mask=E"":1}"
     24576,         0,         0,    23.5,exact_mw,a17a1dfb4cb0509fbcf9caf9ce6f4704b111f022b15740e51c84c2b7e14a6407,"{""distance"":7,""physical_error_rate"":0.001}","{""detection_events"":72827,""detectors_checked"":14794752}"
     16640,         0,         0,    23.2,exact_mw,a17a1dfb4cb0509fbcf9caf9ce6f4704b111f022b15740e51c84c2b7e14a6407,"{""distance"":7,""physical_error_rate"":0.001}","{""detection_events"":48748,""detectors_checked"":10017280}"
    668672,         2,         0,   120.1,exact_mw,8973b2281876bd917be29e6214e197de75d185bf3f5e531e264555f10574746e,"{""distance"":7,""physical_error_rate"":0.0005}","{""detection_events"":986861,""detectors_checked"":402540544,""obs_mistake_mask=E"":2}"
    126464,         3,         0,   120.0,exact_mw,a17a1dfb4cb0509fbcf9caf9ce6f4704b111f022b15740e51c84c2b7e14a6407,"{""distance"":7,""physical_error_rate"":0.001}","{""detection_events"":373052,""detectors_checked"":76131328,""obs_mistake_mask=E"":3}"
    669696,         1,         0,   120.3,exact_mw,8973b2281876bd917be29e6214e197de75d185bf3f5e531e264555f10574746e,"{""distance"":7,""physical_error_rate"":0.0005}","{""detection_events"":991076,""detectors_checked"":403156992,""obs_mistake_mask=E"":1}"
    100864,         5,         0,   120.8,exact_mw,a17a1dfb4cb0509fbcf9caf9ce6f4704b111f022b15740e51c84c2b7e14a6407,"{""distance"":7,""physical_error_rate"":0.001}","{""detection_events"":296853,""detectors_checked"":60720128,""obs_mistake_mask=E"":5}"
     18944,         0,         0,    23.1,exact_mw,a17a1dfb4cb0509fbcf9caf9ce6f4704b111f022b15740e51c84c2b7e14a6407,"{""distance"":7,""physical_error_rate"":0.001}","{""detection_events"":55105,""detectors_checked"":11404288}"
     24576,         0,         0,    23.3,exact_mw,a17a1dfb4cb0509fbcf9caf9ce6f4704b111f022b15740e51c84c2b7e14a6407,"{""distance"":7,""physical_error_rate"":0.001}","{""detection_events"":72538,""detectors_checked"":14794752}"
     24064,         0,         0,    23.7,exact_mw,a17a1dfb4cb0509fbcf9caf9ce6f4704b111f022b15740e51c84c2b7e14a6407,"{""distance"":7,""physical_error_rate"":0.001}","{""detection_events"":70153,""detectors_checked"":14486528}"
     24576,         1,         0,    23.2,exact_mw,a17a1dfb4cb0509fbcf9caf9ce6f4704b111f022b15740e51c84c2b7e14a6407,"{""distance"":7,""physical_error_rate"":0.001}","{""detection_events"":72387,""detectors_checked"":14794752,""obs_mistake_mask=E"":1}"
     23040,         0,         0,    23.2,exact_mw,a17a1dfb4cb0509fbcf9caf9ce6f4704b111f022b15740e51c84c2b7e14a6407,"{""distance"":7,""physical_error_rate"":0.001}","{""detection_events"":67961,""detectors_checked"":13870080}"
    130048,         0,         0,   120.8,exact_mw,a17a1dfb4cb0509fbcf9caf9ce6f4704b111f022b15740e51c84c2b7e14a6407,"{""distance"":7,""physical_error_rate"":0.001}","{""detection_events"":382376,""detectors_checked"":78288896}"
    707584,         1,         0,   119.9,exact_mw,8973b2281876bd917be29e6214e197de75d185bf3f5e531e264555f10574746e,"{""distance"":7,""physical_error_rate"":0.0005}","{""detection_events"":1046306,""detectors_checked"":425965568,""obs_mistake_mask=E"":1}"
    690176,         1,         0,   120.0,exact_mw,8973b2281876bd917be29e6214e197de75d185bf3f5e531e264555f10574746e,"{""distance"":7,""physical_error_rate"":0.0005}","{""detection_events"":1020288,""detectors_checked"":415485952,""obs_mistake_mask=E"":1}"
    733184,         4,         0,   120.0,exact_mw,8973b2281876bd917be29e6214e197de75d185bf3f5e531e264555f10574746e,"{""distance"":7,""physical_error_rate"":0.0005}","{""detection_events"":1082843,""detectors_checked"":441376768,""obs_mistake_mask=E"":4}"
    534016,         0,         0,   120.5,exact_mw,8973b2281876bd917be29e6214e197de75d185bf3f5e531e264555f10574746e,"{""distance"":7,""physical_error_rate"":0.0005}","{""detection_events"":786642,""detectors_checked"":321477632}"
    580096,         0,         0,   119.9,exact_mw,8973b2281876bd917be29e6214e197de75d185bf3f5e531e264555f10574746e,"{""distance"":7,""physical_error_rate"":0.0005}","{""detection_events"":855697,""detectors_checked"":349217792}"
    438272,         4,         0,   120.3,exact_mw,8973b2281876bd917be29e6214e197de75d185bf3f5e531e264555f10574746e,"{""distance"":7,""physical_error_rate"":0.0005}","{""detection_events"":647745,""detectors_checked"":263839744,""obs_mistake_mask=E"":4}"
    119296,         2,         0,   120.3,exact_mw,a17a1dfb4cb0509fbcf9caf9ce6f4704b111f022b15740e51c84c2b7e14a6407,"{""distance"":7,""physical_error_rate"":0.001}","{""detection_events"":353316,""detectors_checked"":71816192,""obs_mistake_mask=E"":2}"
    204800,         1,         0,    32.2,exact_mw,8973b2281876bd917be29e6214e197de75d185bf3f5e531e264555f10574746e,"{""distance"":7,""physical_error_rate"":0.0005}","{""detection_events"":302784,""detectors_checked"":123289600,""obs_mistake_mask=E"":1}"
    114176,         1,         0,   120.6,exact_mw,a17a1dfb4cb0509fbcf9caf9ce6f4704b111f022b15740e51c84c2b7e14a6407,"{""distance"":7,""physical_error_rate"":0.001}","{""detection_events"":336605,""detectors_checked"":68733952,""obs_mistake_mask=E"":1}"
    146432,         0,         0,    32.1,exact_mw,8973b2281876bd917be29e6214e197de75d185bf3f5e531e264555f10574746e,"{""distance"":7,""physical_error_rate"":0.0005}","{""detection_events"":218222,""detectors_checked"":88152064}"
     91264,         5,         0,   121.9,exact_mw,a17a1dfb4cb0509fbcf9caf9ce6f4704b111f022b15740e51c84c2b7e14a6407,"{""distance"":7,""physical_error_rate"":0.001}","{""detection_events"":268219,""detectors_checked"":54940928,""obs_mistake_mask=E"":5}"
    205824,         1,         0,    32.2,exact_mw,8973b2281876bd917be29e6214e197de75d185bf3f5e531e264555f10574746e,"{""distance"":7,""physical_error_rate"":0.0005}","{""detection_events"":304527,""detectors_checked"":123906048,""obs_mistake_mask=E"":1}"
    156672,         0,         0,    32.2,exact_mw,8973b2281876bd917be29e6214e197de75d185bf3f5e531e264555f10574746e,"{""distance"":7,""physical_error_rate"":0.0005}","{""detection_events"":230523,""detectors_checked"":94316544}"
    221184,         1,         0,    32.2,exact_mw,8973b2281876bd917be29e6214e197de75d185bf3f5e531e264555f10574746e,"{""distance"":7,""physical_error_rate"":0.0005}","{""detection_events"":327558,""detectors_checked"":133152768,""obs_mistake_mask=E"":1}"
    215040,         1,         0,    32.1,exact_mw,8973b2281876bd917be29e6214e197de75d185bf3f5e531e264555f10574746e,"{""distance"":7,""physical_error_rate"":0.0005}","{""detection_events"":317565,""detectors_checked"":129454080,""obs_mistake_mask=E"":1}"
     88576,         4,         0,   119.9,exact_mw,a17a1dfb4cb0509fbcf9caf9ce6f4704b111f022b15740e51c84c2b7e14a6407,"{""distance"":7,""physical_error_rate"":0.001}","{""detection_events"":261858,""detectors_checked"":53322752,""obs_mistake_mask=E"":4}"
     58880,         0,         0,    32.3,exact_mw,8973b2281876bd917be29e6214e197de75d185bf3f5e531e264555f10574746e,"{""distance"":7,""physical_error_rate"":0.0005}","{""detection_events"":86616,""detectors_checked"":35445760}"
     38400,         0,         0,    32.2,exact_mw,a17a1dfb4cb0509fbcf9caf9ce6f4704b111f022b15740e51c84c2b7e14a6407,"{""distance"":7,""physical_error_rate"":0.001}","{""detection_events"":113843,""detectors_checked"":23116800}"
     79872,         1,         0,   120.4,exact_mw,a17a1dfb4cb0509fbcf9caf9ce6f4704b111f022b15740e51c84c2b7e14a6407,"{""distance"":7,""physical_error_rate"":0.001}","{""detection_events"":236189,""detectors_checked"":48082944,""obs_mistake_mask=E"":1}"
    221184,         0,         0,    32.2,exact_mw,8973b2281876bd917be29e6214e197de75d185bf3f5e531e264555f10574746e,"{""distance"":7,""physical_error_rate"":0.0005}","{""detection_events"":329021,""detectors_checked"":133152768}"
     39936,         1,         0,    32.3,exact_mw,a17a1dfb4cb0509fbcf9caf9ce6f4704b111f022b15740e51c84c2b7e14a6407,"{""distance"":7,""physical_error_rate"":0.001}","{""detection_events"":118015,""detectors_checked"":24041472,""obs_mistake_mask=E"":1}"
    225280,         1,         0,    32.1,exact_mw,8973b2281876bd917be29e6214e197de75d185bf3f5e531e264555f10574746e,"{""distance"":7,""physical_error_rate"":0.0005}","{""detection_events"":334295,""detectors_checked"":135618560,""obs_mistake_mask=E"":1}"
    662528,         4,         0,   119.9,exact_mw,8973b2281876bd917be29e6214e197de75d185bf3f5e531e264555f10574746e,"{""distance"":7,""physical_error_rate"":0.0005}","{""detection_events"":979222,""detectors_checked"":398841856,""obs_mistake_mask=E"":4}"
     39936,         0,         0,    32.7,exact_mw,a17a1dfb4cb0509fbcf9caf9ce6f4704b111f022b15740e51c84c2b7e14a6407,"{""distance"":7,""physical_error_rate"":0.001}","{""detection_events"":117520,""detectors_checked"":24041472}"
     38912,         0,         0,    32.4,exact_mw,a17a1dfb4cb0509fbcf9caf9ce6f4704b111f022b15740e51c84c2b7e14a6407,"{""distance"":7,""physical_error_rate"":0.001}","{""detection_events"":115172,""detectors_checked"":23425024}"
    126464,         2,         0,   120.4,exact_mw,a17a1dfb4cb0509fbcf9caf9ce6f4704b111f022b15740e51c84c2b7e14a6407,"{""distance"":7,""physical_error_rate"":0.001}","{""detection_events"":373600,""detectors_checked"":76131328,""obs_mistake_mask=E"":2}"
    226304,         0,         0,    32.2,exact_mw,8973b2281876bd917be29e6214e197de75d185bf3f5e531e264555f10574746e,"{""distance"":7,""physical_error_rate"":0.0005}","{""detection_events"":334770,""detectors_checked"":136235008}"
    222208,         0,         0,    32.1,exact_mw,8973b2281876bd917be29e6214e197de75d185bf3f5e531e264555f10574746e,"{""distance"":7,""physical_error_rate"":0.0005}","{""detection_events"":328291,""detectors_checked"":133769216}"
    100992,         3,         0,   120.0,exact_mw,a17a1dfb4cb0509fbcf9caf9ce6f4704b111f022b15740e51c84c2b7e14a6407,"{""distance"":7,""physical_error_rate"":0.001}","{""detection_events"":298058,""detectors_checked"":60797184,""obs_mistake_mask=E"":3}"
    327680,         0,         0,   119.9,exact_mw,8973b2281876bd917be29e6214e197de75d185bf3f5e531e264555f10574746e,"{""distance"":7,""physical_error_rate"":0.0005}","{""detection_events"":485050,""detectors_checked"":197263360}"
      5312,         0,         0,    32.5,exact_mw,a17a1dfb4cb0509fbcf9caf9ce6f4704b111f022b15740e51c84c2b7e14a6407,"{""distance"":7,""physical_error_rate"":0.001}","{""detection_events"":15811,""detectors_checked"":3197824}"
     38912,         1,         0,    32.9,exact_mw,a17a1dfb4cb0509fbcf9caf9ce6f4704b111f022b15740e51c84c2b7e14a6407,"{""distance"":7,""physical_error_rate"":0.001}","{""detection_events"":114908,""detectors_checked"":23425024,""obs_mistake_mask=E"":1}"
     39936,         0,         0,    33.0,exact_mw,a17a1dfb4cb0509fbcf9caf9ce6f4704b111f022b15740e51c84c2b7e14a6407,"{""distance"":7,""physical_error_rate"":0.001}","{""detection_events"":117197,""detectors_checked"":24041472}"
    664576,         2,         0,   119.9,exact_mw,8973b2281876bd917be29e6214e197de75d185bf3f5e531e264555f10574746e,"{""distance"":7,""physical_error_rate"":0.0005}","{""detection_events"":979863,""detectors_checked"":400074752,""obs_mistake_mask=E"":2}"
     41472,         0,         0,    32.8,exact_mw,a17a1dfb4cb0509fbcf9caf9ce6f4704b111f022b15740e51c84c2b7e14a6407,"{""distance"":7,""physical_error_rate"":0.001}","{""detection_events"":121418,""detectors_checked"":24966144}"
    122880,         2,         0,   120.2,exact_mw,a17a1dfb4cb0509fbcf9caf9ce6f4704b111f022b15740e51c84c2b7e14a6407,"{""distance"":7,""physical_error_rate"":0.001}","{""detection_events"":362699,""detectors_checked"":73973760,""obs_mistake_mask=E"":2}"
     39936,         1,         0,    32.3,exact_mw,a17a1dfb4cb0509fbcf9caf9ce6f4704b111f022b15740e51c84c2b7e14a6407,"{""distance"":7,""physical_error_rate"":0.001}","{""detection_events"":118296,""detectors_checked"":24041472,""obs_mistake_mask=E"":1}"
     39936,         1,         0,    32.3,exact_mw,a17a1dfb4cb0509fbcf9caf9ce6f4704b111f022b15740e51c84c2b7e14a6407,"{""distance"":7,""physical_error_rate"":0.001}","{""detection_events"":117447,""detectors_checked"":24041472,""obs_mistake_mask=E"":1}"
     38912,         1,         0,    32.7,exact_mw,a17a1dfb4cb0509fbcf9caf9ce6f4704b111f022b15740e51c84c2b7e14a6407,"{""distance"":7,""physical_error_rate"":0.001}","{""detection_events"":115645,""detectors_checked"":23425024,""obs_mistake_mask=E"":1}"
    105856,         2,         0,   120.0,exact_mw,a17a1dfb4cb0509fbcf9caf9ce6f4704b111f022b15740e51c84c2b7e14a6407,"{""distance"":7,""physical_error_rate"":0.001}","{""detection_events"":314772,""detectors_checked"":63725312,""obs_mistake_mask=E"":2}"
    736256,         5,         0,   119.9,exact_mw,8973b2281876bd917be29e6214e197de75d185bf3f5e531e264555f10574746e,"{""distance"":7,""physical_error_rate"":0.0005}","{""detection_events"":1087460,""detectors_checked"":443226112,""obs_mistake_mask=E"":5}"
    726016,         0,         0,   120.0,exact_mw,8973b2281876bd917be29e6214e197de75d185bf3f5e531e264555f10574746e,"{""distance"":7,""physical_error_rate"":0.0005}","{""detection_events"":1076240,""detectors_checked"":437061632}"
    352256,         0,         0,   119.9,exact_mw,8973b2281876bd917be29e6214e197de75d185bf3f5e531e264555f10574746e,"{""distance"":7,""physical_error_rate"":0.0005}","{""detection_events"":518645,""detectors_checked"":212058112}"
    124416,         2,         0,   120.2,exact_mw,a17a1dfb4cb0509fbcf9caf9ce6f4704b111f022b15740e51c84c2b7e14a6407,"{""distance"":7,""physical_error_rate"":0.001}","{""detection_events"":365591,""detectors_checked"":74898432,""obs_mistake_mask=E"":2}"
    605696,         3,         0,   120.1,exact_mw,8973b2281876bd917be29e6214e197de75d185bf3f5e531e264555f10574746e,"{""distance"":7,""physical_error_rate"":0.0005}","{""detection_events"":896730,""detectors_checked"":364628992,""obs_mistake_mask=E"":3}"
    139264,         1,         0,   120.8,exact_mw,a17a1dfb4cb0509fbcf9caf9ce6f4704b111f022b15740e51c84c2b7e14a6407,"{""distance"":7,""physical_error_rate"":0.001}","{""detection_events"":408611,""detectors_checked"":83836928,""obs_mistake_mask=E"":1}"
    754688,         2,         0,   119.9,exact_mw,8973b2281876bd917be29e6214e197de75d185bf3f5e531e264555f10574746e,"{""distance"":7,""physical_error_rate"":0.0005}","{""detection_events"":1118863,""detectors_checked"":454322176,""obs_mistake_mask=E"":2}"
    782336,         1,         0,   119.9,exact_mw,8973b2281876bd917be29e6214e197de75d185bf3f5e531e264555f10574746e,"{""distance"":7,""physical_error_rate"":0.0005}","{""detection_events"":1157463,""detectors_checked"":470966272,""obs_mistake_mask=E"":1}"
    122880,         0,         0,   120.5,exact_mw,a17a1dfb4cb0509fbcf9caf9ce6f4704b111f022b15740e51c84c2b7e14a6407,"{""distance"":7,""physical_error_rate"":0.001}","{""detection_events"":361871,""detectors_checked"":73973760}"
    690176,         2,         0,   119.9,exact_mw,8973b2281876bd917be29e6214e197de75d185bf3f5e531e264555f10574746e,"{""distance"":7,""physical_error_rate"":0.0005}","{""detection_events"":1022214,""detectors_checked"":415485952,""obs_mistake_mask=E"":2}"
    305152,         1,         0,    45.1,exact_mw,8973b2281876bd917be29e6214e197de75d185bf3f5e531e264555f10574746e,"{""distance"":7,""physical_error_rate"":0.0005}","{""detection_events"":451400,""detectors_checked"":183701504,""obs_mistake_mask=E"":1}"
    236544,         0,         0,    45.0,exact_mw,8973b2281876bd917be29e6214e197de75d185bf3f5e531e264555f10574746e,"{""distance"":7,""physical_error_rate"":0.0005}","{""detection_events"":348919,""detectors_checked"":142399488}"
    601088,         1,         0,   119.9,exact_mw,8973b2281876bd917be29e6214e197de75d185bf3f5e531e264555f10574746e,"{""distance"":7,""physical_error_rate"":0.0005}","{""detection_events"":889595,""detectors_checked"":361854976,""obs_mistake_mask=E"":1}"
    228864,         0,         0,    45.0,exact_mw,8973b2281876bd917be29e6214e197de75d185bf3f5e531e264555f10574746e,"{""distance"":7,""physical_error_rate"":0.0005}","{""detection_events"":337620,""detectors_checked"":137776128}"
    333824,         0,         0,    44.9,exact_mw,8973b2281876bd917be29e6214e197de75d185bf3f5e531e264555f10574746e,"{""distance"":7,""physical_error_rate"":0.0005}","{""detection_events"":494703,""detectors_checked"":200962048}"
    221184,         0,         0,    45.0,exact_mw,8973b2281876bd917be29e6214e197de75d185bf3f5e531e264555f10574746e,"{""distance"":7,""physical_error_rate"":0.0005}","{""detection_events"":325769,""detectors_checked"":133152768}"
    261120,         1,         0,    44.9,exact_mw,8973b2281876bd917be29e6214e197de75d185bf3f5e531e264555f10574746e,"{""distance"":7,""physical_error_rate"":0.0005}","{""detection_events"":385896,""detectors_checked"":157194240,""obs_mistake_mask=E"":1}"
    103936,         0,         0,    45.1,exact_mw,8973b2281876bd917be29e6214e197de75d185bf3f5e531e264555f10574746e,"{""distance"":7,""physical_error_rate"":0.0005}","{""detection_events"":153633,""detectors_checked"":62569472}"
     52224,         0,         0,    45.5,exact_mw,a17a1dfb4cb0509fbcf9caf9ce6f4704b111f022b15740e51c84c2b7e14a6407,"{""distance"":7,""physical_error_rate"":0.001}","{""detection_events"":152592,""detectors_checked"":31438848}"
    246784,         1,         0,    45.0,exact_mw,8973b2281876bd917be29e6214e197de75d185bf3f5e531e264555f10574746e,"{""distance"":7,""physical_error_rate"":0.0005}","{""detection_events"":363978,""detectors_checked"":148563968,""obs_mistake_mask=E"":1}"
    267264,         3,         0,    45.0,exact_mw,8973b2281876bd917be29e6214e197de75d185bf3f5e531e264555f10574746e,"{""distance"":7,""physical_error_rate"":0.0005}","{""detection_events"":395184,""detectors_checked"":160892928,""obs_mistake_mask=E"":3}"
     57344,         2,         0,    45.9,exact_mw,a17a1dfb4cb0509fbcf9caf9ce6f4704b111f022b15740e51c84c2b7e14a6407,"{""distance"":7,""physical_error_rate"":0.001}","{""detection_events"":169689,""detectors_checked"":34521088,""obs_mistake_mask=E"":2}"
     45056,         2,         0,    45.1,exact_mw,a17a1dfb4cb0509fbcf9caf9ce6f4704b111f022b15740e51c84c2b7e14a6407,"{""distance"":7,""physical_error_rate"":0.001}","{""detection_events"":132926,""detectors_checked"":27123712,""obs_mistake_mask=E"":2}"
     46080,         1,         0,    45.2,exact_mw,a17a1dfb4cb0509fbcf9caf9ce6f4704b111f022b15740e51c84c2b7e14a6407,"{""distance"":7,""physical_error_rate"":0.001}","{""detection_events"":135963,""detectors_checked"":27740160,""obs_mistake_mask=E"":1}"
    267264,         1,         0,    44.9,exact_mw,8973b2281876bd917be29e6214e197de75d185bf3f5e531e264555f10574746e,"{""distance"":7,""physical_error_rate"":0.0005}","{""detection_events"":395333,""detectors_checked"":160892928,""obs_mistake_mask=E"":1}"
    275456,         0,         0,    45.2,exact_mw,8973b2281876bd917be29e6214e197de75d185bf3f5e531e264555f10574746e,"{""distance"":7,""physical_error_rate"":0.0005}","{""detection_events"":408556,""detectors_checked"":165824512}"
    123904,         5,         0,   120.0,exact_mw,a17a1dfb4cb0509fbcf9caf9ce6f4704b111f022b15740e51c84c2b7e14a6407,"{""distance"":7,""physical_error_rate"":0.001}","{""detection_events"":365566,""detectors_checked"":74590208,""obs_mistake_mask=E"":5}"
    136704,         0,         0,   120.4,exact_mw,a17a1dfb4cb0509fbcf9caf9ce6f4704b111f022b15740e51c84c2b7e14a6407,"{""distance"":7,""physical_error_rate"":0.001}","{""detection_events"":403904,""detectors_checked"":82295808}"
     28480,         1,         0,    45.3,exact_mw,a17a1dfb4cb0509fbcf9caf9ce6f4704b111f022b15740e51c84c2b7e14a6407,"{""distance"":7,""physical_error_rate"":0.001}","{""detection_events"":84678,""detectors_checked"":17144960,""obs_mistake_mask=E"":1}"
    119808,         1,         0,   120.3,exact_mw,a17a1dfb4cb0509fbcf9caf9ce6f4704b111f022b15740e51c84c2b7e14a6407,"{""distance"":7,""physical_error_rate"":0.001}","{""detection_events"":352929,""detectors_checked"":72124416,""obs_mistake_mask=E"":1}"
     45568,         0,         0,    45.4,exact_mw,a17a1dfb4cb0509fbcf9caf9ce6f4704b111f022b15740e51c84c2b7e14a6407,"{""distance"":7,""physical_error_rate"":0.001}","{""detection_events"":133278,""detectors_checked"":27431936}"
    126976,         3,         0,   120.7,exact_mw,a17a1dfb4cb0509fbcf9caf9ce6f4704b111f022b15740e51c84c2b7e14a6407,"{""distance"":7,""physical_error_rate"":0.001}","{""detection_events"":373385,""detectors_checked"":76439552,""obs_mistake_mask=E"":3}"
     43008,         0,         0,    45.5,exact_mw,a17a1dfb4cb0509fbcf9caf9ce6f4704b111f022b15740e51c84c2b7e14a6407,"{""distance"":7,""physical_error_rate"":0.001}","{""detection_events"":127273,""detectors_checked"":25890816}"
     43008,         0,         0,    45.4,exact_mw,a17a1dfb4cb0509fbcf9caf9ce6f4704b111f022b15740e51c84c2b7e14a6407,"{""distance"":7,""physical_error_rate"":0.001}","{""detection_events"":127117,""detectors_checked"":25890816}"
    473088,         0,         0,   120.0,exact_mw,8973b2281876bd917be29e6214e197de75d185bf3f5e531e264555f10574746e,"{""distance"":7,""physical_error_rate"":0.0005}","{""detection_events"":700865,""detectors_checked"":284798976}"
     39936,         1,         0,    45.3,exact_mw,a17a1dfb4cb0509fbcf9caf9ce6f4704b111f022b15740e51c84c2b7e14a6407,"{""distance"":7,""physical_error_rate"":0.001}","{""detection_events"":118671,""detectors_checked"":24041472,""obs_mistake_mask=E"":1}"
     41984,         0,         0,    45.2,exact_mw,a17a1dfb4cb0509fbcf9caf9ce6f4704b111f022b15740e51c84c2b7e14a6407,"{""distance"":7,""physical_error_rate"":0.001}","{""detection_events"":123655,""detectors_checked"":25274368}"
     71616,         2,         0,   120.4,exact_mw,a17a1dfb4cb0509fbcf9caf9ce6f4704b111f022b15740e51c84c2b7e14a6407,"{""distance"":7,""physical_error_rate"":0.001}","{""detection_events"":211646,""detectors_checked"":43112832,""obs_mistake_mask=E"":2}"
     47104,         0,         0,    45.5,exact_mw,a17a1dfb4cb0509fbcf9caf9ce6f4704b111f022b15740e51c84c2b7e14a6407,"{""distance"":7,""physical_error_rate"":0.001}","{""detection_events"":138965,""detectors_checked"":28356608}"
    120832,         0,         0,   120.0,exact_mw,a17a1dfb4cb0509fbcf9caf9ce6f4704b111f022b15740e51c84c2b7e14a6407,"{""distance"":7,""physical_error_rate"":0.001}","{""detection_events"":356989,""detectors_checked"":72740864}"
    543232,         1,         0,   119.9,exact_mw,8973b2281876bd917be29e6214e197de75d185bf3f5e531e264555f10574746e,"{""distance"":7,""physical_error_rate"":0.0005}","{""detection_events"":801936,""detectors_checked"":327025664,""obs_mistake_mask=E"":1}"
    594944,         2,         0,   120.0,exact_mw,8973b2281876bd917be29e6214e197de75d185bf3f5e531e264555f10574746e,"{""distance"":7,""physical_error_rate"":0.0005}","{""detection_events"":883710,""detectors_checked"":358156288,""obs_mistake_mask=E"":2}"
    123904,         4,         0,   120.0,exact_mw,a17a1dfb4cb0509fbcf9caf9ce6f4704b111f022b15740e51c84c2b7e14a6407,"{""distance"":7,""physical_error_rate"":0.001}","{""detection_events"":365593,""detectors_checked"":74590208,""obs_mistake_mask=E"":4}"
    422400,         0,         0,   119.8,exact_mw,8973b2281876bd917be29e6214e197de75d185bf3f5e531e264555f10574746e,"{""distance"":7,""physical_error_rate"":0.0005}","{""detection_events"":622759,""detectors_checked"":254284800}"
     76416,         0,         0,   120.1,exact_mw,a17a1dfb4cb0509fbcf9caf9ce6f4704b111f022b15740e51c84c2b7e14a6407,"{""distance"":7,""physical_error_rate"":0.001}","{""detection_events"":226339,""detectors_checked"":46002432}"
    124928,         0,         0,   120.4,exact_mw,a17a1dfb4cb0509fbcf9caf9ce6f4704b111f022b15740e51c84c2b7e14a6407,"{""distance"":7,""physical_error_rate"":0.001}","{""detection_events"":368585,""detectors_checked"":75206656}"
    415744,         0,         0,    63.0,exact_mw,8973b2281876bd917be29e6214e197de75d185bf3f5e531e264555f10574746e,"{""distance"":7,""physical_error_rate"":0.0005}","{""detection_events"":615444,""detectors_checked"":250277888}"
    319488,         1,         0,    63.5,exact_mw,8973b2281876bd917be29e6214e197de75d185bf3f5e531e264555f10574746e,"{""distance"":7,""physical_error_rate"":0.0005}","{""detection_events"":474240,""detectors_checked"":192331776,""obs_mistake_mask=E"":1}"
    801792,         2,         0,   119.9,exact_mw,8973b2281876bd917be29e6214e197de75d185bf3f5e531e264555f10574746e,"{""distance"":7,""physical_error_rate"":0.0005}","{""detection_events"":1184227,""detectors_checked"":482678784,""obs_mistake_mask=E"":2}"
    690176,         4,         0,   119.9,exact_mw,8973b2281876bd917be29e6214e197de75d185bf3f5e531e264555f10574746e,"{""distance"":7,""physical_error_rate"":0.0005}","{""detection_events"":1020218,""detectors_checked"":415485952,""obs_mistake_mask=E"":4}"
    199680,         0,         0,    63.6,exact_mw,8973b2281876bd917be29e6214e197de75d185bf3f5e531e264555f10574746e,"{""distance"":7,""physical_error_rate"":0.0005}","{""detection_events"":296574,""detectors_checked"":120207360}"
    288768,         0,         0,    63.0,exact_mw,8973b2281876bd917be29e6214e197de75d185bf3f5e531e264555f10574746e,"{""distance"":7,""physical_error_rate"":0.0005}","{""detection_events"":424820,""detectors_checked"":173838336}"
    391168,         1,         0,    63.1,exact_mw,8973b2281876bd917be29e6214e197de75d185bf3f5e531e264555f10574746e,"{""distance"":7,""physical_error_rate"":0.0005}","{""detection_events"":577019,""detectors_checked"":235483136,""obs_mistake_mask=E"":1}"
    345088,         0,         0,    62.9,exact_mw,8973b2281876bd917be29e6214e197de75d185bf3f5e531e264555f10574746e,"{""distance"":7,""physical_error_rate"":0.0005}","{""detection_events"":510465,""detectors_checked"":207742976}"
    214016,         2,         0,    63.0,exact_mw,8973b2281876bd917be29e6214e197de75d185bf3f5e531e264555f10574746e,"{""distance"":7,""physical_error_rate"":0.0005}","{""detection_events"":316231,""detectors_checked"":128837632,""obs_mistake_mask=E"":2}"
    793600,         1,         0,   119.9,exact_mw,8973b2281876bd917be29e6214e197de75d185bf3f5e531e264555f10574746e,"{""distance"":7,""physical_error_rate"":0.0005}","{""detection_events"":1172278,""detectors_checked"":477747200,""obs_mistake_mask=E"":1}"
    496896,         1,         0,   119.9,exact_mw,8973b2281876bd917be29e6214e197de75d185bf3f5e531e264555f10574746e,"{""distance"":7,""physical_error_rate"":0.0005}","{""detection_events"":738415,""detectors_checked"":299131392,""obs_mistake_mask=E"":1}"
     71680,         0,         0,    63.1,exact_mw,a17a1dfb4cb0509fbcf9caf9ce6f4704b111f022b15740e51c84c2b7e14a6407,"{""distance"":7,""physical_error_rate"":0.001}","{""detection_events"":211172,""detectors_checked"":43151360}"
    390144,         0,         0,    62.9,exact_mw,8973b2281876bd917be29e6214e197de75d185bf3f5e531e264555f10574746e,"{""distance"":7,""physical_error_rate"":0.0005}","{""detection_events"":577581,""detectors_checked"":234866688}"
    351232,         1,         0,    62.9,exact_mw,8973b2281876bd917be29e6214e197de75d185bf3f5e531e264555f10574746e,"{""distance"":7,""physical_error_rate"":0.0005}","{""detection_events"":520300,""detectors_checked"":211441664,""obs_mistake_mask=E"":1}"
     65024,         1,         0,    63.0,exact_mw,a17a1dfb4cb0509fbcf9caf9ce6f4704b111f022b15740e51c84c2b7e14a6407,"{""distance"":7,""physical_error_rate"":0.001}","{""detection_events"":190631,""detectors_checked"":39144448,""obs_mistake_mask=E"":1}"
    566272,         1,         0,   120.4,exact_mw,8973b2281876bd917be29e6214e197de75d185bf3f5e531e264555f10574746e,"{""distance"":7,""physical_error_rate"":0.0005}","{""detection_events"":837777,""detectors_checked"":340895744,""obs_mistake_mask=E"":1}"
     71680,         1,         0,    63.5,exact_mw,a17a1dfb4cb0509fbcf9caf9ce6f4704b111f022b15740e51c84c2b7e14a6407,"{""distance"":7,""physical_error_rate"":0.001}","{""detection_events"":210663,""detectors_checked"":43151360,""obs_mistake_mask=E"":1}"
     63488,         1,         0,    63.1,exact_mw,a17a1dfb4cb0509fbcf9caf9ce6f4704b111f022b15740e51c84c2b7e14a6407,"{""distance"":7,""physical_error_rate"":0.001}","{""detection_events"":187424,""detectors_checked"":38219776,""obs_mistake_mask=E"":1}"
    430592,         1,         0,   119.8,exact_mw,8973b2281876bd917be29e6214e197de75d185bf3f5e531e264555f10574746e,"{""distance"":7,""physical_error_rate"":0.0005}","{""detection_events"":636209,""detectors_checked"":259216384,""obs_mistake_mask=E"":1}"
    379904,         1,         0,    63.1,exact_mw,8973b2281876bd917be29e6214e197de75d185bf3f5e531e264555f10574746e,"{""distance"":7,""physical_error_rate"":0.0005}","{""detection_events"":561913,""detectors_checked"":228702208,""obs_mistake_mask=E"":1}"
    386048,         1,         0,    63.0,exact_mw,8973b2281876bd917be29e6214e197de75d185bf3f5e531e264555f10574746e,"{""distance"":7,""physical_error_rate"":0.0005}","{""detection_events"":571923,""detectors_checked"":232400896,""obs_mistake_mask=E"":1}"
     69120,         0,         0,    63.1,exact_mw,a17a1dfb4cb0509fbcf9caf9ce6f4704b111f022b15740e51c84c2b7e14a6407,"{""distance"":7,""physical_error_rate"":0.001}","{""detection_events"":204037,""detectors_checked"":41610240}"
     50688,         3,         0,    63.5,exact_mw,a17a1dfb4cb0509fbcf9caf9ce6f4704b111f022b15740e51c84c2b7e14a6407,"{""distance"":7,""physical_error_rate"":0.001}","{""detection_events"":148848,""detectors_checked"":30514176,""obs_mistake_mask=E"":3}"
    142848,         0,         0,   121.0,exact_mw,a17a1dfb4cb0509fbcf9caf9ce6f4704b111f022b15740e51c84c2b7e14a6407,"{""distance"":7,""physical_error_rate"":0.001}","{""detection_events"":422602,""detectors_checked"":85994496}"
    132608,         4,         0,   120.6,exact_mw,a17a1dfb4cb0509fbcf9caf9ce6f4704b111f022b15740e51c84c2b7e14a6407,"{""distance"":7,""physical_error_rate"":0.001}","{""detection_events"":391057,""detectors_checked"":79830016,""obs_mistake_mask=E"":4}"
     30464,         3,         0,    63.1,exact_mw,a17a1dfb4cb0509fbcf9caf9ce6f4704b111f022b15740e51c84c2b7e14a6407,"{""distance"":7,""physical_error_rate"":0.001}","{""detection_events"":90755,""detectors_checked"":18339328,""obs_mistake_mask=E"":3}"
     91712,         2,         0,   120.3,exact_mw,a17a1dfb4cb0509fbcf9caf9ce6f4704b111f022b15740e51c84c2b7e14a6407,"{""distance"":7,""physical_error_rate"":0.001}","{""detection_events"":272113,""detectors_checked"":55210624,""obs_mistake_mask=E"":2}"
     68096,         0,         0,    63.6,exact_mw,a17a1dfb4cb0509fbcf9caf9ce6f4704b111f022b15740e51c84c2b7e14a6407,"{""distance"":7,""physical_error_rate"":0.001}","{""detection_events"":199914,""detectors_checked"":40993792}"
     53504,         0,         0,   120.1,exact_mw,a17a1dfb4cb0509fbcf9caf9ce6f4704b111f022b15740e51c84c2b7e14a6407,"{""distance"":7,""physical_error_rate"":0.001}","{""detection_events"":157661,""detectors_checked"":32209408}"
     36096,         0,         0,    63.4,exact_mw,a17a1dfb4cb0509fbcf9caf9ce6f4704b111f022b15740e51c84c2b7e14a6407,"{""distance"":7,""physical_error_rate"":0.001}","{""detection_events"":105404,""detectors_checked"":21729792}"
    103424,         4,         0,   120.5,exact_mw,a17a1dfb4cb0509fbcf9caf9ce6f4704b111f022b15740e51c84c2b7e14a6407,"{""distance"":7,""physical_error_rate"":0.001}","{""detection_events"":305174,""detectors_checked"":62261248,""obs_mistake_mask=E"":4}"
     70656,         1,         0,    63.9,exact_mw,a17a1dfb4cb0509fbcf9caf9ce6f4704b111f022b15740e51c84c2b7e14a6407,"{""distance"":7,""physical_error_rate"":0.001}","{""detection_events"":208262,""detectors_checked"":42534912,""obs_mistake_mask=E"":1}"
    397824,         1,         0,   119.9,exact_mw,8973b2281876bd917be29e6214e197de75d185bf3f5e531e264555f10574746e,"{""distance"":7,""physical_error_rate"":0.0005}","{""detection_events"":587515,""detectors_checked"":239490048,""obs_mistake_mask=E"":1}"
     66048,         1,         0,    63.6,exact_mw,a17a1dfb4cb0509fbcf9caf9ce6f4704b111f022b15740e51c84c2b7e14a6407,"{""distance"":7,""physical_error_rate"":0.001}","{""detection_events"":194688,""detectors_checked"":39760896,""obs_mistake_mask=E"":1}"
    133120,         1,         0,   120.7,exact_mw,a17a1dfb4cb0509fbcf9caf9ce6f4704b111f022b15740e51c84c2b7e14a6407,"{""distance"":7,""physical_error_rate"":0.001}","{""detection_events"":393649,""detectors_checked"":80138240,""obs_mistake_mask=E"":1}"
    130560,         1,         0,   120.4,exact_mw,a17a1dfb4cb0509fbcf9caf9ce6f4704b111f022b15740e51c84c2b7e14a6407,"{""distance"":7,""physical_error_rate"":0.001}","{""detection_events"":384754,""detectors_checked"":78597120,""obs_mistake_mask=E"":1}"
    318976,         3,         0,   119.8,exact_mw,8973b2281876bd917be29e6214e197de75d185bf3f5e531e264555f10574746e,"{""distance"":7,""physical_error_rate"":0.0005}","{""detection_events"":471918,""detectors_checked"":192023552,""obs_mistake_mask=E"":3}"
    510720,         0,         0,   119.9,exact_mw,8973b2281876bd917be29e6214e197de75d185bf3f5e531e264555f10574746e,"{""distance"":7,""physical_error_rate"":0.0005}","{""detection_events"":755367,""detectors_checked"":307453440}"
    124160,         3,         0,   120.1,exact_mw,a17a1dfb4cb0509fbcf9caf9ce6f4704b111f022b15740e51c84c2b7e14a6407,"{""distance"":7,""physical_error_rate"":0.001}","{""detection_events"":365542,""detectors_checked"":74744320,""obs_mistake_mask=E"":3}"
    114688,         1,         0,   120.3,exact_mw,a17a1dfb4cb0509fbcf9caf9ce6f4704b111f022b15740e51c84c2b7e14a6407,"{""distance"":7,""physical_error_rate"":0.001}","{""detection_events"":337822,""detectors_checked"":69042176,""obs_mistake_mask=E"":1}"
    705536,         1,         0,   120.0,exact_mw,8973b2281876bd917be29e6214e197de75d185bf3f5e531e264555f10574746e,"{""distance"":7,""physical_error_rate"":0.0005}","{""detection_events"":1042853,""detectors_checked"":424732672,""obs_mistake_mask=E"":1}"
    666624,         1,         0,   119.9,exact_mw,8973b2281876bd917be29e6214e197de75d185bf3f5e531e264555f10574746e,"{""distance"":7,""physical_error_rate"":0.0005}","{""detection_events"":986758,""detectors_checked"":401307648,""obs_mistake_mask=E"":1}"
    659456,         1,         0,   119.9,exact_mw,8973b2281876bd917be29e6214e197de75d185bf3f5e531e264555f10574746e,"{""distance"":7,""physical_error_rate"":0.0005}","{""detection_events"":977774,""detectors_checked"":396992512,""obs_mistake_mask=E"":1}"
    135680,         1,         0,   120.2,exact_mw,a17a1dfb4cb0509fbcf9caf9ce6f4704b111f022b15740e51c84c2b7e14a6407,"{""distance"":7,""physical_error_rate"":0.001}","{""detection_events"":397693,""detectors_checked"":81679360,""obs_mistake_mask=E"":1}"
    700416,         0,         0,   120.1,exact_mw,8973b2281876bd917be29e6214e197de75d185bf3f5e531e264555f10574746e,"{""distance"":7,""physical_error_rate"":0.0005}","{""detection_events"":1034610,""detectors_checked"":421650432}"
    124928,         1,         0,   120.7,exact_mw,a17a1dfb4cb0509fbcf9caf9ce6f4704b111f022b15740e51c84c2b7e14a6407,"{""distance"":7,""physical_error_rate"":0.001}","{""detection_events"":370037,""detectors_checked"":75206656,""obs_mistake_mask=E"":1}"
    693248,         1,         0,   120.0,exact_mw,8973b2281876bd917be29e6214e197de75d185bf3f5e531e264555f10574746e,"{""distance"":7,""physical_error_rate"":0.0005}","{""detection_events"":1026416,""detectors_checked"":417335296,""obs_mistake_mask=E"":1}"
    743424,         0,         0,   119.9,exact_mw,8973b2281876bd917be29e6214e197de75d185bf3f5e531e264555f10574746e,"{""distance"":7,""physical_error_rate"":0.0005}","{""detection_events"":1100283,""detectors_checked"":447541248}"
    115200,         0,         0,   120.3,exact_mw,a17a1dfb4cb0509fbcf9caf9ce6f4704b111f022b15740e51c84c2b7e14a6407,"{""distance"":7,""physical_error_rate"":0.001}","{""detection_events"":340743,""detectors_checked"":69350400}"
    552960,         2,         0,   119.9,exact_mw,8973b2281876bd917be29e6214e197de75d185bf3f5e531e264555f10574746e,"{""distance"":7,""physical_error_rate"":0.0005}","{""detection_events"":817478,""detectors_checked"":332881920,""obs_mistake_mask=E"":2}"
    486400,         1,         0,   120.3,exact_mw,8973b2281876bd917be29e6214e197de75d185bf3f5e531e264555f10574746e,"{""distance"":7,""physical_error_rate"":0.0005}","{""detection_events"":715118,""detectors_checked"":292812800,""obs_mistake_mask=E"":1}"
     72832,         3,         0,   120.3,exact_mw,a17a1dfb4cb0509fbcf9caf9ce6f4704b111f022b15740e51c84c2b7e14a6407,"{""distance"":7,""physical_error_rate"":0.001}","{""detection_events"":214614,""detectors_checked"":43844864,""obs_mistake_mask=E"":3}"
    118784,         4,         0,   120.3,exact_mw,a17a1dfb4cb0509fbcf9caf9ce6f4704b111f022b15740e51c84c2b7e14a6407,"{""distance"":7,""physical_error_rate"":0.001}","{""detection_events"":352403,""detectors_checked"":71507968,""obs_mistake_mask=E"":4}"
    128000,         2,         0,   120.3,exact_mw,a17a1dfb4cb0509fbcf9caf9ce6f4704b111f022b15740e51c84c2b7e14a6407,"{""distance"":7,""physical_error_rate"":0.001}","{""detection_events"":378024,""detectors_checked"":77056000,""obs_mistake_mask=E"":2}"
    132096,         2,         0,   120.1,exact_mw,a17a1dfb4cb0509fbcf9caf9ce6f4704b111f022b15740e51c84c2b7e14a6407,"{""distance"":7,""physical_error_rate"":0.001}","{""detection_events"":390467,""detectors_checked"":79521792,""obs_mistake_mask=E"":2}"
    399872,         2,         0,   119.8,exact_mw,8973b2281876bd917be29e6214e197de75d185bf3f5e531e264555f10574746e,"{""distance"":7,""physical_error_rate"":0.0005}","{""detection_events"":592541,""detectors_checked"":240722944,""obs_mistake_mask=E"":2}"
     88064,         1,         0,   120.1,exact_mw,a17a1dfb4cb0509fbcf9caf9ce6f4704b111f022b15740e51c84c2b7e14a6407,"{""distance"":7,""physical_error_rate"":0.001}","{""detection_events"":258235,""detectors_checked"":53014528,""obs_mistake_mask=E"":1}"
     71936,         0,         0,   120.5,exact_mw,a17a1dfb4cb0509fbcf9caf9ce6f4704b111f022b15740e51c84c2b7e14a6407,"{""distance"":7,""physical_error_rate"":0.001}","{""detection_events"":213522,""detectors_checked"":43305472}"
    494592,         2,         0,    88.1,exact_mw,8973b2281876bd917be29e6214e197de75d185bf3f5e531e264555f10574746e,"{""distance"":7,""physical_error_rate"":0.0005}","{""detection_events"":734407,""detectors_checked"":297744384,""obs_mistake_mask=E"":2}"
    368128,         0,         0,    88.5,exact_mw,8973b2281876bd917be29e6214e197de75d185bf3f5e531e264555f10574746e,"{""distance"":7,""physical_error_rate"":0.0005}","{""detection_events"":544206,""detectors_checked"":221613056}"
    413696,         2,         0,    88.3,exact_mw,8973b2281876bd917be29e6214e197de75d185bf3f5e531e264555f10574746e,"{""distance"":7,""physical_error_rate"":0.0005}","{""detection_events"":610755,""detectors_checked"":249044992,""obs_mistake_mask=E"":2}"
    488448,         1,         0,    88.1,exact_mw,8973b2281876bd917be29e6214e197de75d185bf3f5e531e264555f10574746e,"{""distance"":7,""physical_error_rate"":0.0005}","{""detection_events"":721130,""detectors_checked"":294045696,""obs_mistake_mask=E"":1}"
    455680,         1,         0,    88.1,exact_mw,8973b2281876bd917be29e6214e197de75d185bf3f5e531e264555f10574746e,"{""distance"":7,""physical_error_rate"":0.0005}","{""detection_events"":677282,""detectors_checked"":274319360,""obs_mistake_mask=E"":1}"
    573440,         1,         0,    88.2,exact_mw,8973b2281876bd917be29e6214e197de75d185bf3f5e531e264555f10574746e,"{""distance"":7,""physical_error_rate"":0.0005}","{""detection_events"":845857,""detectors_checked"":345210880,""obs_mistake_mask=E"":1}"
    299008,         1,         0,    88.4,exact_mw,8973b2281876bd917be29e6214e197de75d185bf3f5e531e264555f10574746e,"{""distance"":7,""physical_error_rate"":0.0005}","{""detection_events"":442524,""detectors_checked"":180002816,""obs_mistake_mask=E"":1}"
     86528,         1,         0,    88.5,exact_mw,a17a1dfb4cb0509fbcf9caf9ce6f4704b111f022b15740e51c84c2b7e14a6407,"{""distance"":7,""physical_error_rate"":0.001}","{""detection_events"":253636,""detectors_checked"":52089856,""obs_mistake_mask=E"":1}"
    473088,         2,         0,    88.2,exact_mw,8973b2281876bd917be29e6214e197de75d185bf3f5e531e264555f10574746e,"{""distance"":7,""physical_error_rate"":0.0005}","{""detection_events"":700130,""detectors_checked"":284798976,""obs_mistake_mask=E"":2}"
    542720,         1,         0,    88.1,exact_mw,8973b2281876bd917be29e6214e197de75d185bf3f5e531e264555f10574746e,"{""distance"":7,""physical_error_rate"":0.0005}","{""detection_events"":801256,""detectors_checked"":326717440,""obs_mistake_mask=E"":1}"
     94720,         2,         0,    88.6,exact_mw,a17a1dfb4cb0509fbcf9caf9ce6f4704b111f022b15740e51c84c2b7e14a6407,"{""distance"":7,""physical_error_rate"":0.001}","{""detection_events"":278894,""detectors_checked"":57021440,""obs_mistake_mask=E"":2}"
     93696,         1,         0,    88.4,exact_mw,a17a1dfb4cb0509fbcf9caf9ce6f4704b111f022b15740e51c84c2b7e14a6407,"{""distance"":7,""physical_error_rate"":0.001}","{""detection_events"":277577,""detectors_checked"":56404992,""obs_mistake_mask=E"":1}"
     98816,         2,         0,    88.5,exact_mw,a17a1dfb4cb0509fbcf9caf9ce6f4704b111f022b15740e51c84c2b7e14a6407,"{""distance"":7,""physical_error_rate"":0.001}","{""detection_events"":292988,""detectors_checked"":59487232,""obs_mistake_mask=E"":2}"
    587776,         0,         0,    88.1,exact_mw,8973b2281876bd917be29e6214e197de75d185bf3f5e531e264555f10574746e,"{""distance"":7,""physical_error_rate"":0.0005}","{""detection_events"":869260,""detectors_checked"":353841152}"
    315392,         1,         0,    88.3,exact_mw,8973b2281876bd917be29e6214e197de75d185bf3f5e531e264555f10574746e,"{""distance"":7,""physical_error_rate"":0.0005}","{""detection_events"":465642,""detectors_checked"":189865984,""obs_mistake_mask=E"":1}"
     69120,         1,         0,    88.7,exact_mw,a17a1dfb4cb0509fbcf9caf9ce6f4704b111f022b15740e51c84c2b7e14a6407,"{""distance"":7,""physical_error_rate"":0.001}","{""detection_events"":205637,""detectors_checked"":41610240,""obs_mistake_mask=E"":1}"
     81920,         1,         0,    88.6,exact_mw,a17a1dfb4cb0509fbcf9caf9ce6f4704b111f022b15740e51c84c2b7e14a6407,"{""distance"":7,""physical_error_rate"":0.001}","{""detection_events"":241692,""detectors_checked"":49315840,""obs_mistake_mask=E"":1}"
     47808,         2,         0,    88.2,exact_mw,a17a1dfb4cb0509fbcf9caf9ce6f4704b111f022b15740e51c84c2b7e14a6407,"{""distance"":7,""physical_error_rate"":0.001}","{""detection_events"":141028,""detectors_checked"":28780416,""obs_mistake_mask=E"":2}"
    566784,         3,         0,   120.1,exact_mw,8973b2281876bd917be29e6214e197de75d185bf3f5e531e264555f10574746e,"{""distance"":7,""physical_error_rate"":0.0005}","{""detection_events"":838425,""detectors_checked"":341203968,""obs_mistake_mask=E"":3}"
     54080,         0,         0,    88.5,exact_mw,a17a1dfb4cb0509fbcf9caf9ce6f4704b111f022b15740e51c84c2b7e14a6407,"{""distance"":7,""physical_error_rate"":0.001}","{""detection_events"":159690,""detectors_checked"":32556160}"
     94720,         1,         0,    88.8,exact_mw,a17a1dfb4cb0509fbcf9caf9ce6f4704b111f022b15740e51c84c2b7e14a6407,"{""distance"":7,""physical_error_rate"":0.001}","{""detection_events"":277968,""detectors_checked"":57021440,""obs_mistake_mask=E"":1}"
     56960,         1,         0,    88.3,exact_mw,a17a1dfb4cb0509fbcf9caf9ce6f4704b111f022b15740e51c84c2b7e14a6407,"{""distance"":7,""physical_error_rate"":0.001}","{""detection_events"":167381,""detectors_checked"":34289920,""obs_mistake_mask=E"":1}"
     54592,         0,         0,    90.9,exact_mw,a17a1dfb4cb0509fbcf9caf9ce6f4704b111f022b15740e51c84c2b7e14a6407,"{""distance"":7,""physical_error_rate"":0.001}","{""detection_events"":160962,""detectors_checked"":32864384}"
    740352,         0,         0,   119.9,exact_mw,8973b2281876bd917be29e6214e197de75d185bf3f5e531e264555f10574746e,"{""distance"":7,""physical_error_rate"":0.0005}","{""detection_events"":1094828,""detectors_checked"":445691904}"
    128512,         1,         0,   120.4,exact_mw,a17a1dfb4cb0509fbcf9caf9ce6f4704b111f022b15740e51c84c2b7e14a6407,"{""distance"":7,""physical_error_rate"":0.001}","{""detection_events"":380518,""detectors_checked"":77364224,""obs_mistake_mask=E"":1}"
    454656,         0,         0,   120.5,exact_mw,8973b2281876bd917be29e6214e197de75d185bf3f5e531e264555f10574746e,"{""distance"":7,""physical_error_rate"":0.0005}","{""detection_events"":671156,""detectors_checked"":273702912}"
    129024,         0,         0,   120.3,exact_mw,a17a1dfb4cb0509fbcf9caf9ce6f4704b111f022b15740e51c84c2b7e14a6407,"{""distance"":7,""physical_error_rate"":0.001}","{""detection_events"":379065,""detectors_checked"":77672448}"
    140288,         2,         0,   120.6,exact_mw,a17a1dfb4cb0509fbcf9caf9ce6f4704b111f022b15740e51c84c2b7e14a6407,"{""distance"":7,""physical_error_rate"":0.001}","{""detection_events"":414771,""detectors_checked"":84453376,""obs_mistake_mask=E"":2}"
    769024,         2,         0,   120.0,exact_mw,8973b2281876bd917be29e6214e197de75d185bf3f5e531e264555f10574746e,"{""distance"":7,""physical_error_rate"":0.0005}","{""detection_events"":1141436,""detectors_checked"":462952448,""obs_mistake_mask=E"":2}"
    698368,         0,         0,   120.1,exact_mw,8973b2281876bd917be29e6214e197de75d185bf3f5e531e264555f10574746e,"{""distance"":7,""physical_error_rate"":0.0005}","{""detection_events"":1036374,""detectors_checked"":420417536}"
    774144,         3,         0,   119.8,exact_mw,8973b2281876bd917be29e6214e197de75d185bf3f5e531e264555f10574746e,"{""distance"":7,""physical_error_rate"":0.0005}","{""detection_events"":1148274,""detectors_checked"":466034688,""obs_mistake_mask=E"":3}"
    500736,         2,         0,   120.0,exact_mw,8973b2281876bd917be29e6214e197de75d185bf3f5e531e264555f10574746e,"{""distance"":7,""physical_error_rate"":0.0005}","{""detection_events"":743079,""detectors_checked"":301443072,""obs_mistake_mask=E"":2}"
    669696,         1,         0,   120.0,exact_mw,8973b2281876bd917be29e6214e197de75d185bf3f5e531e264555f10574746e,"{""distance"":7,""physical_error_rate"":0.0005}","{""detection_events"":988752,""detectors_checked"":403156992,""obs_mistake_mask=E"":1}"
    660480,         2,         0,   119.9,exact_mw,8973b2281876bd917be29e6214e197de75d185bf3f5e531e264555f10574746e,"{""distance"":7,""physical_error_rate"":0.0005}","{""detection_events"":979267,""detectors_checked"":397608960,""obs_mistake_mask=E"":2}"
    135680,         2,         0,   120.9,exact_mw,a17a1dfb4cb0509fbcf9caf9ce6f4704b111f022b15740e51c84c2b7e14a6407,"{""distance"":7,""physical_error_rate"":0.001}","{""detection_events"":397464,""detectors_checked"":81679360,""obs_mistake_mask=E"":2}"
    124416,         2,         0,   120.3,exact_mw,a17a1dfb4cb0509fbcf9caf9ce6f4704b111f022b15740e51c84c2b7e14a6407,"{""distance"":7,""physical_error_rate"":0.001}","{""detection_events"":367794,""detectors_checked"":74898432,""obs_mistake_mask=E"":2}"
     78848,         2,         0,   120.1,exact_mw,a17a1dfb4cb0509fbcf9caf9ce6f4704b111f022b15740e51c84c2b7e14a6407,"{""distance"":7,""physical_error_rate"":0.001}","{""detection_events"":231742,""detectors_checked"":47466496,""obs_mistake_mask=E"":2}"
    129024,         2,         0,   120.2,exact_mw,a17a1dfb4cb0509fbcf9caf9ce6f4704b111f022b15740e51c84c2b7e14a6407,"{""distance"":7,""physical_error_rate"":0.001}","{""detection_events"":382057,""detectors_checked"":77672448,""obs_mistake_mask=E"":2}"
     77312,         1,         0,   120.1,exact_mw,a17a1dfb4cb0509fbcf9caf9ce6f4704b111f022b15740e51c84c2b7e14a6407,"{""distance"":7,""physical_error_rate"":0.001}","{""detection_events"":228839,""detectors_checked"":46541824,""obs_mistake_mask=E"":1}"
    428032,         0,         0,   119.9,exact_mw,8973b2281876bd917be29e6214e197de75d185bf3f5e531e264555f10574746e,"{""distance"":7,""physical_error_rate"":0.0005}","{""detection_events"":636336,""detectors_checked"":257675264}"
    119808,         1,         0,   120.3,exact_mw,a17a1dfb4cb0509fbcf9caf9ce6f4704b111f022b15740e51c84c2b7e14a6407,"{""distance"":7,""physical_error_rate"":0.001}","{""detection_events"":353840,""detectors_checked"":72124416,""obs_mistake_mask=E"":1}"
     99328,         0,         0,   120.1,exact_mw,a17a1dfb4cb0509fbcf9caf9ce6f4704b111f022b15740e51c84c2b7e14a6407,"{""distance"":7,""physical_error_rate"":0.001}","{""detection_events"":293774,""detectors_checked"":59795456}"
    443392,         1,         0,   119.9,exact_mw,8973b2281876bd917be29e6214e197de75d185bf3f5e531e264555f10574746e,"{""distance"":7,""physical_error_rate"":0.0005}","{""detection_events"":656216,""detectors_checked"":266921984,""obs_mistake_mask=E"":1}"
    462848,         1,         0,   120.0,exact_mw,8973b2281876bd917be29e6214e197de75d185bf3f5e531e264555f10574746e,"{""distance"":7,""physical_error_rate"":0.0005}","{""detection_events"":685765,""detectors_checked"":278634496,""obs_mistake_mask=E"":1}"
    129024,         3,         0,   120.1,exact_mw,a17a1dfb4cb0509fbcf9caf9ce6f4704b111f022b15740e51c84c2b7e14a6407,"{""distance"":7,""physical_error_rate"":0.001}","{""detection_events"":380542,""detectors_checked"":77672448,""obs_mistake_mask=E"":3}"
    100352,         2,         0,   120.6,exact_mw,a17a1dfb4cb0509fbcf9caf9ce6f4704b111f022b15740e51c84c2b7e14a6407,"{""distance"":7,""physical_error_rate"":0.001}","{""detection_events"":294854,""detectors_checked"":60411904,""obs_mistake_mask=E"":2}"
    718848,         3,         0,   119.9,exact_mw,8973b2281876bd917be29e6214e197de75d185bf3f5e531e264555f10574746e,"{""distance"":7,""physical_error_rate"":0.0005}","{""detection_events"":1065603,""detectors_checked"":432746496,""obs_mistake_mask=E"":3}"
    745472,         3,         0,   120.0,exact_mw,8973b2281876bd917be29e6214e197de75d185bf3f5e531e264555f10574746e,"{""distance"":7,""physical_error_rate"":0.0005}","{""detection_events"":1106857,""detectors_checked"":448774144,""obs_mistake_mask=E"":3}"
    674816,         0,         0,   119.9,exact_mw,8973b2281876bd917be29e6214e197de75d185bf3f5e531e264555f10574746e,"{""distance"":7,""physical_error_rate"":0.0005}","{""detection_events"":999627,""detectors_checked"":406239232}"
    125952,         1,         0,   120.1,exact_mw,a17a1dfb4cb0509fbcf9caf9ce6f4704b111f022b15740e51c84c2b7e14a6407,"{""distance"":7,""physical_error_rate"":0.001}","{""detection_events"":370768,""detectors_checked"":75823104,""obs_mistake_mask=E"":1}"
    671744,         2,         0,   119.8,exact_mw,8973b2281876bd917be29e6214e197de75d185bf3f5e531e264555f10574746e,"{""distance"":7,""physical_error_rate"":0.0005}","{""detection_events"":994553,""detectors_checked"":404389888,""obs_mistake_mask=E"":2}"
    125440,         2,         0,   120.2,exact_mw,a17a1dfb4cb0509fbcf9caf9ce6f4704b111f022b15740e51c84c2b7e14a6407,"{""distance"":7,""physical_error_rate"":0.001}","{""detection_events"":368974,""detectors_checked"":75514880,""obs_mistake_mask=E"":2}"
    758784,         5,         0,   119.9,exact_mw,8973b2281876bd917be29e6214e197de75d185bf3f5e531e264555f10574746e,"{""distance"":7,""physical_error_rate"":0.0005}","{""detection_events"":1120254,""detectors_checked"":456787968,""obs_mistake_mask=E"":5}"
    601088,         4,         0,   119.9,exact_mw,8973b2281876bd917be29e6214e197de75d185bf3f5e531e264555f10574746e,"{""distance"":7,""physical_error_rate"":0.0005}","{""detection_events"":889500,""detectors_checked"":361854976,""obs_mistake_mask=E"":4}"
    119808,         1,         0,   120.0,exact_mw,a17a1dfb4cb0509fbcf9caf9ce6f4704b111f022b15740e51c84c2b7e14a6407,"{""distance"":7,""physical_error_rate"":0.001}","{""detection_events"":351209,""detectors_checked"":72124416,""obs_mistake_mask=E"":1}"
    683008,         4,         0,   119.8,exact_mw,8973b2281876bd917be29e6214e197de75d185bf3f5e531e264555f10574746e,"{""distance"":7,""physical_error_rate"":0.0005}","{""detection_events"":1008435,""detectors_checked"":411170816,""obs_mistake_mask=E"":4}"
    715776,         2,         0,   120.0,exact_mw,8973b2281876bd917be29e6214e197de75d185bf3f5e531e264555f10574746e,"{""distance"":7,""physical_error_rate"":0.0005}","{""detection_events"":1059409,""detectors_checked"":430897152,""obs_mistake_mask=E"":2}"
    131584,         1,         0,   120.2,exact_mw,a17a1dfb4cb0509fbcf9caf9ce6f4704b111f022b15740e51c84c2b7e14a6407,"{""distance"":7,""physical_error_rate"":0.001}","{""detection_events"":387977,""detectors_checked"":79213568,""obs_mistake_mask=E"":1}"
    141312,         3,         0,   120.7,exact_mw,a17a1dfb4cb0509fbcf9caf9ce6f4704b111f022b15740e51c84c2b7e14a6407,"{""distance"":7,""physical_error_rate"":0.001}","{""detection_events"":414910,""detectors_checked"":85069824,""obs_mistake_mask=E"":3}"
    125440,         3,         0,   120.0,exact_mw,a17a1dfb4cb0509fbcf9caf9ce6f4704b111f022b15740e51c84c2b7e14a6407,"{""distance"":7,""physical_error_rate"":0.001}","{""detection_events"":368235,""detectors_checked"":75514880,""obs_mistake_mask=E"":3}"
    118784,         1,         0,   120.3,exact_mw,a17a1dfb4cb0509fbcf9caf9ce6f4704b111f022b15740e51c84c2b7e14a6407,"{""distance"":7,""physical_error_rate"":0.001}","{""detection_events"":350775,""detectors_checked"":71507968,""obs_mistake_mask=E"":1}"
    698368,         2,         0,   119.9,exact_mw,8973b2281876bd917be29e6214e197de75d185bf3f5e531e264555f10574746e,"{""distance"":7,""physical_error_rate"":0.0005}","{""detection_events"":1032351,""detectors_checked"":420417536,""obs_mistake_mask=E"":2}"
    125440,         1,         0,   120.0,exact_mw,a17a1dfb4cb0509fbcf9caf9ce6f4704b111f022b15740e51c84c2b7e14a6407,"{""distance"":7,""physical_error_rate"":0.001}","{""detection_events"":369596,""detectors_checked"":75514880,""obs_mistake_mask=E"":1}"
     97664,         2,         0,   120.1,exact_mw,a17a1dfb4cb0509fbcf9caf9ce6f4704b111f022b15740e51c84c2b7e14a6407,"{""distance"":7,""physical_error_rate"":0.001}","{""detection_events"":288421,""detectors_checked"":58793728,""obs_mistake_mask=E"":2}"
    698368,         1,         0,   120.0,exact_mw,8973b2281876bd917be29e6214e197de75d185bf3f5e531e264555f10574746e,"{""distance"":7,""physical_error_rate"":0.0005}","{""detection_events"":1032787,""detectors_checked"":420417536,""obs_mistake_mask=E"":1}"
    506368,         1,         0,   119.7,exact_mw,8973b2281876bd917be29e6214e197de75d185bf3f5e531e264555f10574746e,"{""distance"":7,""physical_error_rate"":0.0005}","{""detection_events"":748368,""detectors_checked"":304833536,""obs_mistake_mask=E"":1}"
    520192,         0,         0,   119.9,exact_mw,8973b2281876bd917be29e6214e197de75d185bf3f5e531e264555f10574746e,"{""distance"":7,""physical_error_rate"":0.0005}","{""detection_events"":770054,""detectors_checked"":313155584}"
    825344,         1,         0,   119.9,exact_mw,8973b2281876bd917be29e6214e197de75d185bf3f5e531e264555f10574746e,"{""distance"":7,""physical_error_rate"":0.0005}","{""detection_events"":1219595,""detectors_checked"":496857088,""obs_mistake_mask=E"":1}"
    678912,         1,         0,   120.1,exact_mw,8973b2281876bd917be29e6214e197de75d185bf3f5e531e264555f10574746e,"{""distance"":7,""physical_error_rate"":0.0005}","{""detection_events"":1007500,""detectors_checked"":408705024,""obs_mistake_mask=E"":1}"
    795648,         0,         0,   120.0,exact_mw,8973b2281876bd917be29e6214e197de75d185bf3f5e531e264555f10574746e,"{""distance"":7,""physical_error_rate"":0.0005}","{""detection_events"":1176823,""detectors_checked"":478980096}"
    407040,         0,         0,   120.1,exact_mw,8973b2281876bd917be29e6214e197de75d185bf3f5e531e264555f10574746e,"{""distance"":7,""physical_error_rate"":0.0005}","{""detection_events"":603664,""detectors_checked"":245038080}"
    694272,         3,         0,   120.1,exact_mw,8973b2281876bd917be29e6214e197de75d185bf3f5e531e264555f10574746e,"{""distance"":7,""physical_error_rate"":0.0005}","{""detection_events"":1025703,""detectors_checked"":417951744,""obs_mistake_mask=E"":3}"
    557056,         0,         0,   119.9,exact_mw,8973b2281876bd917be29e6214e197de75d185bf3f5e531e264555f10574746e,"{""distance"":7,""physical_error_rate"":0.0005}","{""detection_events"":825881,""detectors_checked"":335347712}"
    121856,         2,         0,   120.7,exact_mw,a17a1dfb4cb0509fbcf9caf9ce6f4704b111f022b15740e51c84c2b7e14a6407,"{""distance"":7,""physical_error_rate"":0.001}","{""detection_events"":359390,""detectors_checked"":73357312,""obs_mistake_mask=E"":2}"
    140288,         1,         0,   120.1,exact_mw,a17a1dfb4cb0509fbcf9caf9ce6f4704b111f022b15740e51c84c2b7e14a6407,"{""distance"":7,""physical_error_rate"":0.001}","{""detection_events"":413838,""detectors_checked"":84453376,""obs_mistake_mask=E"":1}"
    132608,         1,         0,   120.6,exact_mw,a17a1dfb4cb0509fbcf9caf9ce6f4704b111f022b15740e51c84c2b7e14a6407,"{""distance"":7,""physical_error_rate"":0.001}","{""detection_events"":392297,""detectors_checked"":79830016,""obs_mistake_mask=E"":1}"
    136192,         5,         0,   120.1,exact_mw,a17a1dfb4cb0509fbcf9caf9ce6f4704b111f022b15740e51c84c2b7e14a6407,"{""distance"":7,""physical_error_rate"":0.001}","{""detection_events"":403755,""detectors_checked"":81987584,""obs_mistake_mask=E"":5}"
    714752,         2,         0,   120.0,exact_mw,8973b2281876bd917be29e6214e197de75d185bf3f5e531e264555f10574746e,"{""distance"":7,""physical_error_rate"":0.0005}","{""detection_events"":1061275,""detectors_checked"":430280704,""obs_mistake_mask=E"":2}"
    337408,         0,         0,   119.8,exact_mw,8973b2281876bd917be29e6214e197de75d185bf3f5e531e264555f10574746e,"{""distance"":7,""physical_error_rate"":0.0005}","{""detection_events"":500810,""detectors_checked"":203119616}"
     97920,         6,         0,   120.1,exact_mw,a17a1dfb4cb0509fbcf9caf9ce6f4704b111f022b15740e51c84c2b7e14a6407,"{""distance"":7,""physical_error_rate"":0.001}","{""detection_events"":288159,""detectors_checked"":58947840,""obs_mistake_mask=E"":6}"
    139264,         2,         0,   120.4,exact_mw,a17a1dfb4cb0509fbcf9caf9ce6f4704b111f022b15740e51c84c2b7e14a6407,"{""distance"":7,""physical_error_rate"":0.001}","{""detection_events"":410419,""detectors_checked"":83836928,""obs_mistake_mask=E"":2}"
    574464,         2,         0,   120.1,exact_mw,8973b2281876bd917be29e6214e197de75d185bf3f5e531e264555f10574746e,"{""distance"":7,""physical_error_rate"":0.0005}","{""detection_events"":850674,""detectors_checked"":345827328,""obs_mistake_mask=E"":2}"
    100480,         1,         0,   120.6,exact_mw,a17a1dfb4cb0509fbcf9caf9ce6f4704b111f022b15740e51c84c2b7e14a6407,"{""distance"":7,""physical_error_rate"":0.001}","{""detection_events"":294103,""detectors_checked"":60488960,""obs_mistake_mask=E"":1}"
     96960,         2,         0,   120.0,exact_mw,a17a1dfb4cb0509fbcf9caf9ce6f4704b111f022b15740e51c84c2b7e14a6407,"{""distance"":7,""physical_error_rate"":0.001}","{""detection_events"":287400,""detectors_checked"":58369920,""obs_mistake_mask=E"":2}"
    118272,         1,         0,   120.0,exact_mw,a17a1dfb4cb0509fbcf9caf9ce6f4704b111f022b15740e51c84c2b7e14a6407,"{""distance"":7,""physical_error_rate"":0.001}","{""detection_events"":350388,""detectors_checked"":71199744,""obs_mistake_mask=E"":1}"
    111744,         2,         0,   120.3,exact_mw,a17a1dfb4cb0509fbcf9caf9ce6f4704b111f022b15740e51c84c2b7e14a6407,"{""distance"":7,""physical_error_rate"":0.001}","{""detection_events"":329817,""detectors_checked"":67269888,""obs_mistake_mask=E"":2}"
    103680,         2,         0,   120.1,exact_mw,a17a1dfb4cb0509fbcf9caf9ce6f4704b111f022b15740e51c84c2b7e14a6407,"{""distance"":7,""physical_error_rate"":0.001}","{""detection_events"":304949,""detectors_checked"":62415360,""obs_mistake_mask=E"":2}"
    589824,         2,         0,   120.0,exact_mw,8973b2281876bd917be29e6214e197de75d185bf3f5e531e264555f10574746e,"{""distance"":7,""physical_error_rate"":0.0005}","{""detection_events"":874550,""detectors_checked"":355074048,""obs_mistake_mask=E"":2}"
    102464,         2,         0,   120.0,exact_mw,a17a1dfb4cb0509fbcf9caf9ce6f4704b111f022b15740e51c84c2b7e14a6407,"{""distance"":7,""physical_error_rate"":0.001}","{""detection_events"":303324,""detectors_checked"":61683328,""obs_mistake_mask=E"":2}"
    629760,         2,         0,   120.1,exact_mw,8973b2281876bd917be29e6214e197de75d185bf3f5e531e264555f10574746e,"{""distance"":7,""physical_error_rate"":0.0005}","{""detection_events"":928680,""detectors_checked"":379115520,""obs_mistake_mask=E"":2}"
     88448,         1,         0,   120.3,exact_mw,a17a1dfb4cb0509fbcf9caf9ce6f4704b111f022b15740e51c84c2b7e14a6407,"{""distance"":7,""physical_error_rate"":0.001}","{""detection_events"":261476,""detectors_checked"":53245696,""obs_mistake_mask=E"":1}"
    129024,         0,         0,   120.7,exact_mw,a17a1dfb4cb0509fbcf9caf9ce6f4704b111f022b15740e51c84c2b7e14a6407,"{""distance"":7,""physical_error_rate"":0.001}","{""detection_events"":380789,""detectors_checked"":77672448}"
    759808,         2,         0,   120.0,exact_mw,8973b2281876bd917be29e6214e197de75d185bf3f5e531e264555f10574746e,"{""distance"":7,""physical_error_rate"":0.0005}","{""detection_events"":1127770,""detectors_checked"":457404416,""obs_mistake_mask=E"":2}"
    664576,         1,         0,   120.0,exact_mw,8973b2281876bd917be29e6214e197de75d185bf3f5e531e264555f10574746e,"{""distance"":7,""physical_error_rate"":0.0005}","{""detection_events"":981865,""detectors_checked"":400074752,""obs_mistake_mask=E"":1}"
    675840,         1,         0,   119.9,exact_mw,8973b2281876bd917be29e6214e197de75d185bf3f5e531e264555f10574746e,"{""distance"":7,""physical_error_rate"":0.0005}","{""detection_events"":1000882,""detectors_checked"":406855680,""obs_mistake_mask=E"":1}"
    522752,         1,         0,   119.9,exact_mw,8973b2281876bd917be29e6214e197de75d185bf3f5e531e264555f10574746e,"{""distance"":7,""physical_error_rate"":0.0005}","{""detection_events"":771604,""detectors_checked"":314696704,""obs_mistake_mask=E"":1}"
    474112,         2,         0,   120.0,exact_mw,8973b2281876bd917be29e6214e197de75d185bf3f5e531e264555f10574746e,"{""distance"":7,""physical_error_rate"":0.0005}","{""detection_events"":699886,""detectors_checked"":285415424,""obs_mistake_mask=E"":2}"
    659456,         1,         0,   120.0,exact_mw,8973b2281876bd917be29e6214e197de75d185bf3f5e531e264555f10574746e,"{""distance"":7,""physical_error_rate"":0.0005}","{""detection_events"":975470,""detectors_checked"":396992512,""obs_mistake_mask=E"":1}"
    123904,         7,         0,   120.1,exact_mw,a17a1dfb4cb0509fbcf9caf9ce6f4704b111f022b15740e51c84c2b7e14a6407,"{""distance"":7,""physical_error_rate"":0.001}","{""detection_events"":364608,""detectors_checked"":74590208,""obs_mistake_mask=E"":7}"
    111104,         3,         0,   120.1,exact_mw,a17a1dfb4cb0509fbcf9caf9ce6f4704b111f022b15740e51c84c2b7e14a6407,"{""distance"":7,""physical_error_rate"":0.001}","{""detection_events"":327200,""detectors_checked"":66884608,""obs_mistake_mask=E"":3}"
     78080,         1,         0,   120.0,exact_mw,a17a1dfb4cb0509fbcf9caf9ce6f4704b111f022b15740e51c84c2b7e14a6407,"{""distance"":7,""physical_error_rate"":0.001}","{""detection_events"":229805,""detectors_checked"":47004160,""obs_mistake_mask=E"":1}"
    119808,         2,         0,   120.2,exact_mw,a17a1dfb4cb0509fbcf9caf9ce6f4704b111f022b15740e51c84c2b7e14a6407,"{""distance"":7,""physical_error_rate"":0.001}","{""detection_events"":353015,""detectors_checked"":72124416,""obs_mistake_mask=E"":2}"
    113408,         0,         0,   120.1,exact_mw,a17a1dfb4cb0509fbcf9caf9ce6f4704b111f022b15740e51c84c2b7e14a6407,"{""distance"":7,""physical_error_rate"":0.001}","{""detection_events"":336674,""detectors_checked"":68271616}"
    666624,         2,         0,   120.1,exact_mw,8973b2281876bd917be29e6214e197de75d185bf3f5e531e264555f10574746e,"{""distance"":7,""physical_error_rate"":0.0005}","{""detection_events"":987089,""detectors_checked"":401307648,""obs_mistake_mask=E"":2}"
    118784,         1,         0,   120.5,exact_mw,a17a1dfb4cb0509fbcf9caf9ce6f4704b111f022b15740e51c84c2b7e14a6407,"{""distance"":7,""physical_error_rate"":0.001}","{""detection_events"":348705,""detectors_checked"":71507968,""obs_mistake_mask=E"":1}"
     88320,         1,         0,   120.0,exact_mw,a17a1dfb4cb0509fbcf9caf9ce6f4704b111f022b15740e51c84c2b7e14a6407,"{""distance"":7,""physical_error_rate"":0.001}","{""detection_events"":261126,""detectors_checked"":53168640,""obs_mistake_mask=E"":1}"
    366080,         0,         0,   120.3,exact_mw,8973b2281876bd917be29e6214e197de75d185bf3f5e531e264555f10574746e,"{""distance"":7,""physical_error_rate"":0.0005}","{""detection_events"":539048,""detectors_checked"":220380160}"
    697344,         2,         0,   119.8,exact_mw,8973b2281876bd917be29e6214e197de75d185bf3f5e531e264555f10574746e,"{""distance"":7,""physical_error_rate"":0.0005}","{""detection_events"":1030491,""detectors_checked"":419801088,""obs_mistake_mask=E"":2}"
    125952,         2,         0,   120.1,exact_mw,a17a1dfb4cb0509fbcf9caf9ce6f4704b111f022b15740e51c84c2b7e14a6407,"{""distance"":7,""physical_error_rate"":0.001}","{""detection_events"":372372,""detectors_checked"":75823104,""obs_mistake_mask=E"":2}"
     78208,         0,         0,   119.9,exact_mw,a17a1dfb4cb0509fbcf9caf9ce6f4704b111f022b15740e51c84c2b7e14a6407,"{""distance"":7,""physical_error_rate"":0.001}","{""detection_events"":229577,""detectors_checked"":47081216}"
    685056,         1,         0,   120.0,exact_mw,8973b2281876bd917be29e6214e197de75d185bf3f5e531e264555f10574746e,"{""distance"":7,""physical_error_rate"":0.0005}","{""detection_events"":1010904,""detectors_checked"":412403712,""obs_mistake_mask=E"":1}"
    732160,         3,         0,   119.8,exact_mw,8973b2281876bd917be29e6214e197de75d185bf3f5e531e264555f10574746e,"{""distance"":7,""physical_error_rate"":0.0005}","{""detection_events"":1084224,""detectors_checked"":440760320,""obs_mistake_mask=E"":3}"
    123392,         2,         0,   120.0,exact_mw,a17a1dfb4cb0509fbcf9caf9ce6f4704b111f022b15740e51c84c2b7e14a6407,"{""distance"":7,""physical_error_rate"":0.001}","{""detection_events"":362882,""detectors_checked"":74281984,""obs_mistake_mask=E"":2}"
    353280,         0,         0,   120.2,exact_mw,8973b2281876bd917be29e6214e197de75d185bf3f5e531e264555f10574746e,"{""distance"":7,""physical_error_rate"":0.0005}","{""detection_events"":524142,""detectors_checked"":212674560}"
    473088,         1,         0,   120.2,exact_mw,8973b2281876bd917be29e6214e197de75d185bf3f5e531e264555f10574746e,"{""distance"":7,""physical_error_rate"":0.0005}","{""detection_events"":700594,""detectors_checked"":284798976,""obs_mistake_mask=E"":1}"
    143872,         4,         0,   120.6,exact_mw,a17a1dfb4cb0509fbcf9caf9ce6f4704b111f022b15740e51c84c2b7e14a6407,"{""distance"":7,""physical_error_rate"":0.001}","{""detection_events"":426095,""detectors_checked"":86610944,""obs_mistake_mask=E"":4}"
    825344,         3,         0,   119.9,exact_mw,8973b2281876bd917be29e6214e197de75d185bf3f5e531e264555f10574746e,"{""distance"":7,""physical_error_rate"":0.0005}","{""detection_events"":1219948,""detectors_checked"":496857088,""obs_mistake_mask=E"":3}"
    632832,         2,         0,   119.8,exact_mw,8973b2281876bd917be29e6214e197de75d185bf3f5e531e264555f10574746e,"{""distance"":7,""physical_error_rate"":0.0005}","{""detection_events"":939423,""detectors_checked"":380964864,""obs_mistake_mask=E"":2}"
    130048,         3,         0,   120.7,exact_mw,a17a1dfb4cb0509fbcf9caf9ce6f4704b111f022b15740e51c84c2b7e14a6407,"{""distance"":7,""physical_error_rate"":0.001}","{""detection_events"":384088,""detectors_checked"":78288896,""obs_mistake_mask=E"":3}"
    513536,         1,         0,   120.0,exact_mw,8973b2281876bd917be29e6214e197de75d185bf3f5e531e264555f10574746e,"{""distance"":7,""physical_error_rate"":0.0005}","{""detection_events"":759607,""detectors_checked"":309148672,""obs_mistake_mask=E"":1}"
    512512,         1,         0,   120.0,exact_mw,8973b2281876bd917be29e6214e197de75d185bf3f5e531e264555f10574746e,"{""distance"":7,""physical_error_rate"":0.0005}","{""detection_events"":758488,""detectors_checked"":308532224,""obs_mistake_mask=E"":1}"
     70784,         3,         0,   120.9,exact_mw,a17a1dfb4cb0509fbcf9caf9ce6f4704b111f022b15740e51c84c2b7e14a6407,"{""distance"":7,""physical_error_rate"":0.001}","{""detection_events"":209995,""detectors_checked"":42611968,""obs_mistake_mask=E"":3}"
    147968,         5,         0,   120.4,exact_mw,a17a1dfb4cb0509fbcf9caf9ce6f4704b111f022b15740e51c84c2b7e14a6407,"{""distance"":7,""physical_error_rate"":0.001}","{""detection_events"":437181,""detectors_checked"":89076736,""obs_mistake_mask=E"":5}"
    115712,         4,         0,   120.7,exact_mw,a17a1dfb4cb0509fbcf9caf9ce6f4704b111f022b15740e51c84c2b7e14a6407,"{""distance"":7,""physical_error_rate"":0.001}","{""detection_events"":341276,""detectors_checked"":69658624,""obs_mistake_mask=E"":4}"
    118784,         1,         0,   121.0,exact_mw,a17a1dfb4cb0509fbcf9caf9ce6f4704b111f022b15740e51c84c2b7e14a6407,"{""distance"":7,""physical_error_rate"":0.001}","{""detection_events"":350134,""detectors_checked"":71507968,""obs_mistake_mask=E"":1}"
    717824,         0,         0,   119.9,exact_mw,8973b2281876bd917be29e6214e197de75d185bf3f5e531e264555f10574746e,"{""distance"":7,""physical_error_rate"":0.0005}","{""detection_events"":1060291,""detectors_checked"":432130048}"
    107776,         1,         0,   120.0,exact_mw,a17a1dfb4cb0509fbcf9caf9ce6f4704b111f022b15740e51c84c2b7e14a6407,"{""distance"":7,""physical_error_rate"":0.001}","{""detection_events"":319681,""detectors_checked"":64881152,""obs_mistake_mask=E"":1}"
     73856,         0,         0,   120.2,exact_mw,a17a1dfb4cb0509fbcf9caf9ce6f4704b111f022b15740e51c84c2b7e14a6407,"{""distance"":7,""physical_error_rate"":0.001}","{""detection_events"":218731,""detectors_checked"":44461312}"
    690176,         3,         0,   120.0,exact_mw,8973b2281876bd917be29e6214e197de75d185bf3f5e531e264555f10574746e,"{""distance"":7,""physical_error_rate"":0.0005}","{""detection_events"":1017478,""detectors_checked"":415485952,""obs_mistake_mask=E"":3}"
    529408,         0,         0,   120.0,exact_mw,8973b2281876bd917be29e6214e197de75d185bf3f5e531e264555f10574746e,"{""distance"":7,""physical_error_rate"":0.0005}","{""detection_events"":781077,""detectors_checked"":318703616}"
    776192,         2,         0,   120.1,exact_mw,8973b2281876bd917be29e6214e197de75d185bf3f5e531e264555f10574746e,"{""distance"":7,""physical_error_rate"":0.0005}","{""detection_events"":1146533,""detectors_checked"":467267584,""obs_mistake_mask=E"":2}"
    870400,         0,         0,   120.0,exact_mw,8973b2281876bd917be29e6214e197de75d185bf3f5e531e264555f10574746e,"{""distance"":7,""physical_error_rate"":0.0005}","{""detection_events"":1287074,""detectors_checked"":523980800}"
    441600,         0,         0,   119.8,exact_mw,8973b2281876bd917be29e6214e197de75d185bf3f5e531e264555f10574746e,"{""distance"":7,""physical_error_rate"":0.0005}","{""detection_events"":653204,""detectors_checked"":265843200}"
    784384,         0,         0,   119.9,exact_mw,8973b2281876bd917be29e6214e197de75d185bf3f5e531e264555f10574746e,"{""distance"":7,""physical_error_rate"":0.0005}","{""detection_events"":1160279,""detectors_checked"":472199168}"
    656384,         1,         0,   119.9,exact_mw,8973b2281876bd917be29e6214e197de75d185bf3f5e531e264555f10574746e,"{""distance"":7,""physical_error_rate"":0.0005}","{""detection_events"":969428,""detectors_checked"":395143168,""obs_mistake_mask=E"":1}"
    656384,         1,         0,   120.0,exact_mw,8973b2281876bd917be29e6214e197de75d185bf3f5e531e264555f10574746e,"{""distance"":7,""physical_error_rate"":0.0005}","{""detection_events"":976284,""detectors_checked"":395143168,""obs_mistake_mask=E"":1}"
    440832,         1,         0,   120.0,exact_mw,8973b2281876bd917be29e6214e197de75d185bf3f5e531e264555f10574746e,"{""distance"":7,""physical_error_rate"":0.0005}","{""detection_events"":651596,""detectors_checked"":265380864,""obs_mistake_mask=E"":1}"
    121344,         2,         0,   120.2,exact_mw,a17a1dfb4cb0509fbcf9caf9ce6f4704b111f022b15740e51c84c2b7e14a6407,"{""distance"":7,""physical_error_rate"":0.001}","{""detection_events"":358315,""detectors_checked"":73049088,""obs_mistake_mask=E"":2}"
    143360,         2,         0,   120.1,exact_mw,a17a1dfb4cb0509fbcf9caf9ce6f4704b111f022b15740e51c84c2b7e14a6407,"{""distance"":7,""physical_error_rate"":0.001}","{""detection_events"":423599,""detectors_checked"":86302720,""obs_mistake_mask=E"":2}"
    135680,         3,         0,   120.5,exact_mw,a17a1dfb4cb0509fbcf9caf9ce6f4704b111f022b15740e51c84c2b7e14a6407,"{""distance"":7,""physical_error_rate"":0.001}","{""detection_events"":400343,""detectors_checked"":81679360,""obs_mistake_mask=E"":3}"
    747520,         3,         0,   119.8,exact_mw,8973b2281876bd917be29e6214e197de75d185bf3f5e531e264555f10574746e,"{""distance"":7,""physical_error_rate"":0.0005}","{""detection_events"":1107511,""detectors_checked"":450007040,""obs_mistake_mask=E"":3}"
    670720,         3,         0,   119.8,exact_mw,8973b2281876bd917be29e6214e197de75d185bf3f5e531e264555f10574746e,"{""distance"":7,""physical_error_rate"":0.0005}","{""detection_events"":992911,""detectors_checked"":403773440,""obs_mistake_mask=E"":3}"
    134656,         3,         0,   120.8,exact_mw,a17a1dfb4cb0509fbcf9caf9ce6f4704b111f022b15740e51c84c2b7e14a6407,"{""distance"":7,""physical_error_rate"":0.001}","{""detection_events"":397657,""detectors_checked"":81062912,""obs_mistake_mask=E"":3}"
    122880,         1,         0,   120.2,exact_mw,a17a1dfb4cb0509fbcf9caf9ce6f4704b111f022b15740e51c84c2b7e14a6407,"{""distance"":7,""physical_error_rate"":0.001}","{""detection_events"":362797,""detectors_checked"":73973760,""obs_mistake_mask=E"":1}"
    136192,         2,         0,   120.0,exact_mw,a17a1dfb4cb0509fbcf9caf9ce6f4704b111f022b15740e51c84c2b7e14a6407,"{""distance"":7,""physical_error_rate"":0.001}","{""detection_events"":402483,""detectors_checked"":81987584,""obs_mistake_mask=E"":2}"
    382976,         1,         0,   119.9,exact_mw,8973b2281876bd917be29e6214e197de75d185bf3f5e531e264555f10574746e,"{""distance"":7,""physical_error_rate"":0.0005}","{""detection_events"":564690,""detectors_checked"":230551552,""obs_mistake_mask=E"":1}"
    113408,         2,         0,   120.7,exact_mw,a17a1dfb4cb0509fbcf9caf9ce6f4704b111f022b15740e51c84c2b7e14a6407,"{""distance"":7,""physical_error_rate"":0.001}","{""detection_events"":332565,""detectors_checked"":68271616,""obs_mistake_mask=E"":2}"
     69312,         3,         0,   120.2,exact_mw,a17a1dfb4cb0509fbcf9caf9ce6f4704b111f022b15740e51c84c2b7e14a6407,"{""distance"":7,""physical_error_rate"":0.001}","{""detection_events"":204742,""detectors_checked"":41725824,""obs_mistake_mask=E"":3}"
    103488,         4,         0,   120.3,exact_mw,a17a1dfb4cb0509fbcf9caf9ce6f4704b111f022b15740e51c84c2b7e14a6407,"{""distance"":7,""physical_error_rate"":0.001}","{""detection_events"":306163,""detectors_checked"":62299776,""obs_mistake_mask=E"":4}"
    127488,         4,         0,   120.3,exact_mw,a17a1dfb4cb0509fbcf9caf9ce6f4704b111f022b15740e51c84c2b7e14a6407,"{""distance"":7,""physical_error_rate"":0.001}","{""detection_events"":374969,""detectors_checked"":76747776,""obs_mistake_mask=E"":4}"
    117248,         2,         0,   120.8,exact_mw,a17a1dfb4cb0509fbcf9caf9ce6f4704b111f022b15740e51c84c2b7e14a6407,"{""distance"":7,""physical_error_rate"":0.001}","{""detection_events"":347460,""detectors_checked"":70583296,""obs_mistake_mask=E"":2}"
    427520,         0,         0,   120.0,exact_mw,8973b2281876bd917be29e6214e197de75d185bf3f5e531e264555f10574746e,"{""distance"":7,""physical_error_rate"":0.0005}","{""detection_events"":634037,""detectors_checked"":257367040}"
    759808,         0,         0,   119.9,exact_mw,8973b2281876bd917be29e6214e197de75d185bf3f5e531e264555f10574746e,"{""distance"":7,""physical_error_rate"":0.0005}","{""detection_events"":1121946,""detectors_checked"":457404416}"
    120832,         0,         0,   120.5,exact_mw,a17a1dfb4cb0509fbcf9caf9ce6f4704b111f022b15740e51c84c2b7e14a6407,"{""distance"":7,""physical_error_rate"":0.001}","{""detection_events"":356996,""detectors_checked"":72740864}"
     63488,         0,         0,   120.3,exact_mw,a17a1dfb4cb0509fbcf9caf9ce6f4704b111f022b15740e51c84c2b7e14a6407,"{""distance"":7,""physical_error_rate"":0.001}","{""detection_events"":187092,""detectors_checked"":38219776}"
    136704,         1,         0,   120.8,exact_mw,a17a1dfb4cb0509fbcf9caf9ce6f4704b111f022b15740e51c84c2b7e14a6407,"{""distance"":7,""physical_error_rate"":0.001}","{""detection_events"":400763,""detectors_checked"":82295808,""obs_mistake_mask=E"":1}"
    799744,         0,         0,   120.0,exact_mw,8973b2281876bd917be29e6214e197de75d185bf3f5e531e264555f10574746e,"{""distance"":7,""physical_error_rate"":0.0005}","{""detection_events"":1180379,""detectors_checked"":481445888}"
    745472,         0,         0,   120.1,exact_mw,8973b2281876bd917be29e6214e197de75d185bf3f5e531e264555f10574746e,"{""distance"":7,""physical_error_rate"":0.0005}","{""detection_events"":1104560,""detectors_checked"":448774144}"
    694272,         3,         0,   120.0,exact_mw,8973b2281876bd917be29e6214e197de75d185bf3f5e531e264555f10574746e,"{""distance"":7,""physical_error_rate"":0.0005}","{""detection_events"":1032278,""detectors_checked"":417951744,""obs_mistake_mask=E"":3}"
    483840,         3,         0,   119.9,exact_mw,8973b2281876bd917be29e6214e197de75d185bf3f5e531e264555f10574746e,"{""distance"":7,""physical_error_rate"":0.0005}","{""detection_events"":712099,""detectors_checked"":291271680,""obs_mistake_mask=E"":3}"
    698368,         2,         0,   120.0,exact_mw,8973b2281876bd917be29e6214e197de75d185bf3f5e531e264555f10574746e,"{""distance"":7,""physical_error_rate"":0.0005}","{""detection_events"":1031913,""detectors_checked"":420417536,""obs_mistake_mask=E"":2}"
    747520,         5,         0,   120.0,exact_mw,8973b2281876bd917be29e6214e197de75d185bf3f5e531e264555f10574746e,"{""distance"":7,""physical_error_rate"":0.0005}","{""detection_events"":1103720,""detectors_checked"":450007040,""obs_mistake_mask=E"":5}"
    133120,         0,         0,   120.1,exact_mw,a17a1dfb4cb0509fbcf9caf9ce6f4704b111f022b15740e51c84c2b7e14a6407,"{""distance"":7,""physical_error_rate"":0.001}","{""detection_events"":393882,""detectors_checked"":80138240}"
    118784,         2,         0,   120.0,exact_mw,a17a1dfb4cb0509fbcf9caf9ce6f4704b111f022b15740e51c84c2b7e14a6407,"{""distance"":7,""physical_error_rate"":0.001}","{""detection_events"":352247,""detectors_checked"":71507968,""obs_mistake_mask=E"":2}"
     88384,         1,         0,   121.5,exact_mw,a17a1dfb4cb0509fbcf9caf9ce6f4704b111f022b15740e51c84c2b7e14a6407,"{""distance"":7,""physical_error_rate"":0.001}","{""detection_events"":260528,""detectors_checked"":53207168,""obs_mistake_mask=E"":1}"
    119808,         4,         0,   120.1,exact_mw,a17a1dfb4cb0509fbcf9caf9ce6f4704b111f022b15740e51c84c2b7e14a6407,"{""distance"":7,""physical_error_rate"":0.001}","{""detection_events"":353608,""detectors_checked"":72124416,""obs_mistake_mask=E"":4}"
    118784,         4,         0,   120.1,exact_mw,a17a1dfb4cb0509fbcf9caf9ce6f4704b111f022b15740e51c84c2b7e14a6407,"{""distance"":7,""physical_error_rate"":0.001}","{""detection_events"":350980,""detectors_checked"":71507968,""obs_mistake_mask=E"":4}"
    734208,         1,         0,   119.9,exact_mw,8973b2281876bd917be29e6214e197de75d185bf3f5e531e264555f10574746e,"{""distance"":7,""physical_error_rate"":0.0005}","{""detection_events"":1087829,""detectors_checked"":441993216,""obs_mistake_mask=E"":1}"
    128000,         1,         0,   120.6,exact_mw,a17a1dfb4cb0509fbcf9caf9ce6f4704b111f022b15740e51c84c2b7e14a6407,"{""distance"":7,""physical_error_rate"":0.001}","{""detection_events"":379276,""detectors_checked"":77056000,""obs_mistake_mask=E"":1}"
    313856,         1,         0,   120.3,exact_mw,8973b2281876bd917be29e6214e197de75d185bf3f5e531e264555f10574746e,"{""distance"":7,""physical_error_rate"":0.0005}","{""detection_events"":466268,""detectors_checked"":188941312,""obs_mistake_mask=E"":1}"
     69504,         0,         0,   121.1,exact_mw,a17a1dfb4cb0509fbcf9caf9ce6f4704b111f022b15740e51c84c2b7e14a6407,"{""distance"":7,""physical_error_rate"":0.001}","{""detection_events"":206337,""detectors_checked"":41841408}"
    712704,         0,         0,   119.9,exact_mw,8973b2281876bd917be29e6214e197de75d185bf3f5e531e264555f10574746e,"{""distance"":7,""physical_error_rate"":0.0005}","{""detection_events"":1052279,""detectors_checked"":429047808}"
    115520,         2,         0,   120.0,exact_mw,a17a1dfb4cb0509fbcf9caf9ce6f4704b111f022b15740e51c84c2b7e14a6407,"{""distance"":7,""physical_error_rate"":0.001}","{""detection_events"":341404,""detectors_checked"":69543040,""obs_mistake_mask=E"":2}"
     79552,         0,         0,   121.1,exact_mw,a17a1dfb4cb0509fbcf9caf9ce6f4704b111f022b15740e51c84c2b7e14a6407,"{""distance"":7,""physical_error_rate"":0.001}","{""detection_events"":234291,""detectors_checked"":47890304}"
    701440,         2,         0,   119.9,exact_mw,8973b2281876bd917be29e6214e197de75d185bf3f5e531e264555f10574746e,"{""distance"":7,""physical_error_rate"":0.0005}","{""detection_events"":1039088,""detectors_checked"":422266880,""obs_mistake_mask=E"":2}"
    827392,         5,         0,   119.9,exact_mw,8973b2281876bd917be29e6214e197de75d185bf3f5e531e264555f10574746e,"{""distance"":7,""physical_error_rate"":0.0005}","{""detection_events"":1225667,""detectors_checked"":498089984,""obs_mistake_mask=E"":5}"
    120320,         2,         0,   120.0,exact_mw,a17a1dfb4cb0509fbcf9caf9ce6f4704b111f022b15740e51c84c2b7e14a6407,"{""distance"":7,""physical_error_rate"":0.001}","{""detection_events"":353510,""detectors_checked"":72432640,""obs_mistake_mask=E"":2}"
    513024,         3,         0,   120.1,exact_mw,8973b2281876bd917be29e6214e197de75d185bf3f5e531e264555f10574746e,"{""distance"":7,""physical_error_rate"":0.0005}","{""detection_events"":758550,""detectors_checked"":308840448,""obs_mistake_mask=E"":3}"
    272896,         2,         0,   120.1,exact_mw,8973b2281876bd917be29e6214e197de75d185bf3f5e531e264555f10574746e,"{""distance"":7,""physical_error_rate"":0.0005}","{""detection_events"":401988,""detectors_checked"":164283392,""obs_mistake_mask=E"":2}"
    812032,         4,         0,   119.9,exact_mw,8973b2281876bd917be29e6214e197de75d185bf3f5e531e264555f10574746e,"{""distance"":7,""physical_error_rate"":0.0005}","{""detection_events"":1203521,""detectors_checked"":488843264,""obs_mistake_mask=E"":4}"
    139776,         2,         0,   120.6,exact_mw,a17a1dfb4cb0509fbcf9caf9ce6f4704b111f022b15740e51c84c2b7e14a6407,"{""distance"":7,""physical_error_rate"":0.001}","{""detection_events"":411440,""detectors_checked"":84145152,""obs_mistake_mask=E"":2}"
    677888,         2,         0,   120.0,exact_mw,8973b2281876bd917be29e6214e197de75d185bf3f5e531e264555f10574746e,"{""distance"":7,""physical_error_rate"":0.0005}","{""detection_events"":1003998,""detectors_checked"":408088576,""obs_mistake_mask=E"":2}"
    121344,         1,         0,   120.5,exact_mw,a17a1dfb4cb0509fbcf9caf9ce6f4704b111f022b15740e51c84c2b7e14a6407,"{""distance"":7,""physical_error_rate"":0.001}","{""detection_events"":358203,""detectors_checked"":73049088,""obs_mistake_mask=E"":1}"
    657408,         0,         0,   119.9,exact_mw,8973b2281876bd917be29e6214e197de75d185bf3f5e531e264555f10574746e,"{""distance"":7,""physical_error_rate"":0.0005}","{""detection_events"":975825,""detectors_checked"":395759616}"
    370688,         0,         0,   120.0,exact_mw,8973b2281876bd917be29e6214e197de75d185bf3f5e531e264555f10574746e,"{""distance"":7,""physical_error_rate"":0.0005}","{""detection_events"":546760,""detectors_checked"":223154176}"
    103232,         1,         0,   120.1,exact_mw,a17a1dfb4cb0509fbcf9caf9ce6f4704b111f022b15740e51c84c2b7e14a6407,"{""distance"":7,""physical_error_rate"":0.001}","{""detection_events"":304411,""detectors_checked"":62145664,""obs_mistake_mask=E"":1}"
    142848,         7,         0,   120.3,exact_mw,a17a1dfb4cb0509fbcf9caf9ce6f4704b111f022b15740e51c84c2b7e14a6407,"{""distance"":7,""physical_error_rate"":0.001}","{""detection_events"":423056,""detectors_checked"":85994496,""obs_mistake_mask=E"":7}"
    117248,         0,         0,   120.5,exact_mw,a17a1dfb4cb0509fbcf9caf9ce6f4704b111f022b15740e51c84c2b7e14a6407,"{""distance"":7,""physical_error_rate"":0.001}","{""detection_events"":346599,""detectors_checked"":70583296}"
    123904,         2,         0,   120.3,exact_mw,a17a1dfb4cb0509fbcf9caf9ce6f4704b111f022b15740e51c84c2b7e14a6407,"{""distance"":7,""physical_error_rate"":0.001}","{""detection_events"":364351,""detectors_checked"":74590208,""obs_mistake_mask=E"":2}"
    651264,         1,         0,   119.9,exact_mw,8973b2281876bd917be29e6214e197de75d185bf3f5e531e264555f10574746e,"{""distance"":7,""physical_error_rate"":0.0005}","{""detection_events"":965323,""detectors_checked"":392060928,""obs_mistake_mask=E"":1}"
    126464,         4,         0,   120.4,exact_mw,a17a1dfb4cb0509fbcf9caf9ce6f4704b111f022b15740e51c84c2b7e14a6407,"{""distance"":7,""physical_error_rate"":0.001}","{""detection_events"":371601,""detectors_checked"":76131328,""obs_mistake_mask=E"":4}"
     85696,         1,         0,   120.0,exact_mw,a17a1dfb4cb0509fbcf9caf9ce6f4704b111f022b15740e51c84c2b7e14a6407,"{""distance"":7,""physical_error_rate"":0.001}","{""detection_events"":252923,""detectors_checked"":51588992,""obs_mistake_mask=E"":1}"
    654336,         2,         0,   120.0,exact_mw,8973b2281876bd917be29e6214e197de75d185bf3f5e531e264555f10574746e,"{""distance"":7,""physical_error_rate"":0.0005}","{""detection_events"":962810,""detectors_checked"":393910272,""obs_mistake_mask=E"":2}"
    462336,         3,         0,   119.9,exact_mw,8973b2281876bd917be29e6214e197de75d185bf3f5e531e264555f10574746e,"{""distance"":7,""physical_error_rate"":0.0005}","{""detection_events"":683210,""detectors_checked"":278326272,""obs_mistake_mask=E"":3}"
    393216,         0,         0,   120.1,exact_mw,8973b2281876bd917be29e6214e197de75d185bf3f5e531e264555f10574746e,"{""distance"":7,""physical_error_rate"":0.0005}","{""detection_events"":581997,""detectors_checked"":236716032}"
    775168,         3,         0,   119.9,exact_mw,8973b2281876bd917be29e6214e197de75d185bf3f5e531e264555f10574746e,"{""distance"":7,""physical_error_rate"":0.0005}","{""detection_events"":1145209,""detectors_checked"":466651136,""obs_mistake_mask=E"":3}"
    668672,         0,         0,   120.1,exact_mw,8973b2281876bd917be29e6214e197de75d185bf3f5e531e264555f10574746e,"{""distance"":7,""physical_error_rate"":0.0005}","{""detection_events"":987698,""detectors_checked"":402540544}"
    721920,         1,         0,   119.9,exact_mw,8973b2281876bd917be29e6214e197de75d185bf3f5e531e264555f10574746e,"{""distance"":7,""physical_error_rate"":0.0005}","{""detection_events"":1069191,""detectors_checked"":434595840,""obs_mistake_mask=E"":1}"
    634880,         2,         0,   119.9,exact_mw,8973b2281876bd917be29e6214e197de75d185bf3f5e531e264555f10574746e,"{""distance"":7,""physical_error_rate"":0.0005}","{""detection_events"":938880,""detectors_checked"":382197760,""obs_mistake_mask=E"":2}"
    672768,         1,         0,   120.1,exact_mw,8973b2281876bd917be29e6214e197de75d185bf3f5e531e264555f10574746e,"{""distance"":7,""physical_error_rate"":0.0005}","{""detection_events"":996174,""detectors_checked"":405006336,""obs_mistake_mask=E"":1}"
    637952,         0,         0,   120.0,exact_mw,8973b2281876bd917be29e6214e197de75d185bf3f5e531e264555f10574746e,"{""distance"":7,""physical_error_rate"":0.0005}","{""detection_events"":943706,""detectors_checked"":384047104}"
    111872,         1,         0,   121.0,exact_mw,a17a1dfb4cb0509fbcf9caf9ce6f4704b111f022b15740e51c84c2b7e14a6407,"{""distance"":7,""physical_error_rate"":0.001}","{""detection_events"":329920,""detectors_checked"":67346944,""obs_mistake_mask=E"":1}"
    124928,         3,         0,   120.0,exact_mw,a17a1dfb4cb0509fbcf9caf9ce6f4704b111f022b15740e51c84c2b7e14a6407,"{""distance"":7,""physical_error_rate"":0.001}","{""detection_events"":368592,""detectors_checked"":75206656,""obs_mistake_mask=E"":3}"
    139264,         2,         0,   120.8,exact_mw,a17a1dfb4cb0509fbcf9caf9ce6f4704b111f022b15740e51c84c2b7e14a6407,"{""distance"":7,""physical_error_rate"":0.001}","{""detection_events"":410146,""detectors_checked"":83836928,""obs_mistake_mask=E"":2}"
    745472,         2,         0,   120.1,exact_mw,8973b2281876bd917be29e6214e197de75d185bf3f5e531e264555f10574746e,"{""distance"":7,""physical_error_rate"":0.0005}","{""detection_events"":1103981,""detectors_checked"":448774144,""obs_mistake_mask=E"":2}"
    536064,         3,         0,   119.9,exact_mw,8973b2281876bd917be29e6214e197de75d185bf3f5e531e264555f10574746e,"{""distance"":7,""physical_error_rate"":0.0005}","{""detection_events"":790491,""detectors_checked"":322710528,""obs_mistake_mask=E"":3}"
    115200,         3,         0,   120.3,exact_mw,a17a1dfb4cb0509fbcf9caf9ce6f4704b111f022b15740e51c84c2b7e14a6407,"{""distance"":7,""physical_error_rate"":0.001}","{""detection_events"":340125,""detectors_checked"":69350400,""obs_mistake_mask=E"":3}"
    132096,         3,         0,   120.1,exact_mw,a17a1dfb4cb0509fbcf9caf9ce6f4704b111f022b15740e51c84c2b7e14a6407,"{""distance"":7,""physical_error_rate"":0.001}","{""detection_events"":389923,""detectors_checked"":79521792,""obs_mistake_mask=E"":3}"
    112128,         1,         0,   121.3,exact_mw,a17a1dfb4cb0509fbcf9caf9ce6f4704b111f022b15740e51c84c2b7e14a6407,"{""distance"":7,""physical_error_rate"":0.001}","{""detection_events"":328999,""detectors_checked"":67501056,""obs_mistake_mask=E"":1}"
    640000,         0,         0,   120.0,exact_mw,8973b2281876bd917be29e6214e197de75d185bf3f5e531e264555f10574746e,"{""distance"":7,""physical_error_rate"":0.0005}","{""detection_events"":947681,""detectors_checked"":385280000}"
     84032,         4,         0,   120.4,exact_mw,a17a1dfb4cb0509fbcf9caf9ce6f4704b111f022b15740e51c84c2b7e14a6407,"{""distance"":7,""physical_error_rate"":0.001}","{""detection_events"":245803,""detectors_checked"":50587264,""obs_mistake_mask=E"":4}"
     99072,         1,         0,   121.6,exact_mw,a17a1dfb4cb0509fbcf9caf9ce6f4704b111f022b15740e51c84c2b7e14a6407,"{""distance"":7,""physical_error_rate"":0.001}","{""detection_events"":291786,""detectors_checked"":59641344,""obs_mistake_mask=E"":1}"
    120832,         2,         0,   120.1,exact_mw,a17a1dfb4cb0509fbcf9caf9ce6f4704b111f022b15740e51c84c2b7e14a6407,"{""distance"":7,""physical_error_rate"":0.001}","{""detection_events"":357261,""detectors_checked"":72740864,""obs_mistake_mask=E"":2}"
    119808,         4,         0,   120.5,exact_mw,a17a1dfb4cb0509fbcf9caf9ce6f4704b111f022b15740e51c84c2b7e14a6407,"{""distance"":7,""physical_error_rate"":0.001}","{""detection_events"":353504,""detectors_checked"":72124416,""obs_mistake_mask=E"":4}"
     87040,         1,         0,   120.1,exact_mw,a17a1dfb4cb0509fbcf9caf9ce6f4704b111f022b15740e51c84c2b7e14a6407,"{""distance"":7,""physical_error_rate"":0.001}","{""detection_events"":257802,""detectors_checked"":52398080,""obs_mistake_mask=E"":1}"
    627712,         2,         0,   119.9,exact_mw,8973b2281876bd917be29e6214e197de75d185bf3f5e531e264555f10574746e,"{""distance"":7,""physical_error_rate"":0.0005}","{""detection_events"":928156,""detectors_checked"":377882624,""obs_mistake_mask=E"":2}"
    119808,         3,         0,   120.6,exact_mw,a17a1dfb4cb0509fbcf9caf9ce6f4704b111f022b15740e51c84c2b7e14a6407,"{""distance"":7,""physical_error_rate"":0.001}","{""detection_events"":352389,""detectors_checked"":72124416,""obs_mistake_mask=E"":3}"
    511488,         1,         0,   120.7,exact_mw,8973b2281876bd917be29e6214e197de75d185bf3f5e531e264555f10574746e,"{""distance"":7,""physical_error_rate"":0.0005}","{""detection_events"":756108,""detectors_checked"":307915776,""obs_mistake_mask=E"":1}"
    104064,         2,         0,   120.0,exact_mw,a17a1dfb4cb0509fbcf9caf9ce6f4704b111f022b15740e51c84c2b7e14a6407,"{""distance"":7,""physical_error_rate"":0.001}","{""detection_events"":308782,""detectors_checked"":62646528,""obs_mistake_mask=E"":2}"
    136704,         2,         0,   120.0,exact_mw,a17a1dfb4cb0509fbcf9caf9ce6f4704b111f022b15740e51c84c2b7e14a6407,"{""distance"":7,""physical_error_rate"":0.001}","{""detection_events"":405284,""detectors_checked"":82295808,""obs_mistake_mask=E"":2}"
    787456,         4,         0,   120.0,exact_mw,8973b2281876bd917be29e6214e197de75d185bf3f5e531e264555f10574746e,"{""distance"":7,""physical_error_rate"":0.0005}","{""detection_events"":1166083,""detectors_checked"":474048512,""obs_mistake_mask=E"":4}"
    712704,         2,         0,   120.0,exact_mw,8973b2281876bd917be29e6214e197de75d185bf3f5e531e264555f10574746e,"{""distance"":7,""physical_error_rate"":0.0005}","{""detection_events"":1053402,""detectors_checked"":429047808,""obs_mistake_mask=E"":2}"
    738304,         3,         0,   120.0,exact_mw,8973b2281876bd917be29e6214e197de75d185bf3f5e531e264555f10574746e,"{""distance"":7,""physical_error_rate"":0.0005}","{""detection_events"":1094224,""detectors_checked"":444459008,""obs_mistake_mask=E"":3}"
    758784,         2,         0,   120.0,exact_mw,8973b2281876bd917be29e6214e197de75d185bf3f5e531e264555f10574746e,"{""distance"":7,""physical_error_rate"":0.0005}","{""detection_events"":1124560,""detectors_checked"":456787968,""obs_mistake_mask=E"":2}"
    729088,         0,         0,   119.9,exact_mw,8973b2281876bd917be29e6214e197de75d185bf3f5e531e264555f10574746e,"{""distance"":7,""physical_error_rate"":0.0005}","{""detection_events"":1079114,""detectors_checked"":438910976}"
    472576,         1,         0,   120.0,exact_mw,8973b2281876bd917be29e6214e197de75d185bf3f5e531e264555f10574746e,"{""distance"":7,""physical_error_rate"":0.0005}","{""detection_events"":702795,""detectors_checked"":284490752,""obs_mistake_mask=E"":1}"
    130048,         2,         0,   120.1,exact_mw,a17a1dfb4cb0509fbcf9caf9ce6f4704b111f022b15740e51c84c2b7e14a6407,"{""distance"":7,""physical_error_rate"":0.001}","{""detection_events"":384628,""detectors_checked"":78288896,""obs_mistake_mask=E"":2}"
    128512,         2,         0,   120.0,exact_mw,a17a1dfb4cb0509fbcf9caf9ce6f4704b111f022b15740e51c84c2b7e14a6407,"{""distance"":7,""physical_error_rate"":0.001}","{""detection_events"":378495,""detectors_checked"":77364224,""obs_mistake_mask=E"":2}"
    107584,         0,         0,   120.4,exact_mw,a17a1dfb4cb0509fbcf9caf9ce6f4704b111f022b15740e51c84c2b7e14a6407,"{""distance"":7,""physical_error_rate"":0.001}","{""detection_events"":317033,""detectors_checked"":64765568}"
    122880,         1,         0,   120.0,exact_mw,a17a1dfb4cb0509fbcf9caf9ce6f4704b111f022b15740e51c84c2b7e14a6407,"{""distance"":7,""physical_error_rate"":0.001}","{""detection_events"":363047,""detectors_checked"":73973760,""obs_mistake_mask=E"":1}"
    126464,         2,         0,   120.5,exact_mw,a17a1dfb4cb0509fbcf9caf9ce6f4704b111f022b15740e51c84c2b7e14a6407,"{""distance"":7,""physical_error_rate"":0.001}","{""detection_events"":373318,""detectors_checked"":76131328,""obs_mistake_mask=E"":2}"
    706560,         2,         0,   119.9,exact_mw,8973b2281876bd917be29e6214e197de75d185bf3f5e531e264555f10574746e,"{""distance"":7,""physical_error_rate"":0.0005}","{""detection_events"":1044794,""detectors_checked"":425349120,""obs_mistake_mask=E"":2}"
    137728,         4,         0,   120.7,exact_mw,a17a1dfb4cb0509fbcf9caf9ce6f4704b111f022b15740e51c84c2b7e14a6407,"{""distance"":7,""physical_error_rate"":0.001}","{""detection_events"":406388,""detectors_checked"":82912256,""obs_mistake_mask=E"":4}"
    351232,         0,         0,   120.3,exact_mw,8973b2281876bd917be29e6214e197de75d185bf3f5e531e264555f10574746e,"{""distance"":7,""physical_error_rate"":0.0005}","{""detection_events"":518662,""detectors_checked"":211441664}"
    106368,         5,         0,   120.5,exact_mw,a17a1dfb4cb0509fbcf9caf9ce6f4704b111f022b15740e51c84c2b7e14a6407,"{""distance"":7,""physical_error_rate"":0.001}","{""detection_events"":310521,""detectors_checked"":64033536,""obs_mistake_mask=E"":5}"
    576512,         2,         0,   119.9,exact_mw,8973b2281876bd917be29e6214e197de75d185bf3f5e531e264555f10574746e,"{""distance"":7,""physical_error_rate"":0.0005}","{""detection_events"":853289,""detectors_checked"":347060224,""obs_mistake_mask=E"":2}"
    115584,         0,         0,   120.6,exact_mw,a17a1dfb4cb0509fbcf9caf9ce6f4704b111f022b15740e51c84c2b7e14a6407,"{""distance"":7,""physical_error_rate"":0.001}","{""detection_events"":341418,""detectors_checked"":69581568}"
    107072,         1,         0,   119.9,exact_mw,a17a1dfb4cb0509fbcf9caf9ce6f4704b111f022b15740e51c84c2b7e14a6407,"{""distance"":7,""physical_error_rate"":0.001}","{""detection_events"":316010,""detectors_checked"":64457344,""obs_mistake_mask=E"":1}"
    686080,         1,         0,   120.1,exact_mw,8973b2281876bd917be29e6214e197de75d185bf3f5e531e264555f10574746e,"{""distance"":7,""physical_error_rate"":0.0005}","{""detection_events"":1017809,""detectors_checked"":413020160,""obs_mistake_mask=E"":1}"
    827392,         4,         0,   120.1,exact_mw,8973b2281876bd917be29e6214e197de75d185bf3f5e531e264555f10574746e,"{""distance"":7,""physical_error_rate"":0.0005}","{""detection_events"":1224985,""detectors_checked"":498089984,""obs_mistake_mask=E"":4}"
    115200,         3,         0,   120.1,exact_mw,a17a1dfb4cb0509fbcf9caf9ce6f4704b111f022b15740e51c84c2b7e14a6407,"{""distance"":7,""physical_error_rate"":0.001}","{""detection_events"":339707,""detectors_checked"":69350400,""obs_mistake_mask=E"":3}"
    666624,         0,         0,   120.1,exact_mw,8973b2281876bd917be29e6214e197de75d185bf3f5e531e264555f10574746e,"{""distance"":7,""physical_error_rate"":0.0005}","{""detection_events"":985140,""detectors_checked"":401307648}"
    300544,         0,         0,   119.9,exact_mw,8973b2281876bd917be29e6214e197de75d185bf3f5e531e264555f10574746e,"{""distance"":7,""physical_error_rate"":0.0005}","{""detection_events"":446866,""detectors_checked"":180927488}"
    749568,         5,         0,   120.1,exact_mw,8973b2281876bd917be29e6214e197de75d185bf3f5e531e264555f10574746e,"{""distance"":7,""physical_error_rate"":0.0005}","{""detection_events"":1113904,""detectors_checked"":451239936,""obs_mistake_mask=E"":5}"
    128512,         2,         0,   120.3,exact_mw,a17a1dfb4cb0509fbcf9caf9ce6f4704b111f022b15740e51c84c2b7e14a6407,"{""distance"":7,""physical_error_rate"":0.001}","{""detection_events"":381377,""detectors_checked"":77364224,""obs_mistake_mask=E"":2}"
    712704,         2,         0,   120.0,exact_mw,8973b2281876bd917be29e6214e197de75d185bf3f5e531e264555f10574746e,"{""distance"":7,""physical_error_rate"":0.0005}","{""detection_events"":1055051,""detectors_checked"":429047808,""obs_mistake_mask=E"":2}"
    114048,         8,         0,   120.0,exact_mw,a17a1dfb4cb0509fbcf9caf9ce6f4704b111f022b15740e51c84c2b7e14a6407,"{""distance"":7,""physical_error_rate"":0.001}","{""detection_events"":337388,""detectors_checked"":68656896,""obs_mistake_mask=E"":8}"
    717824,         1,         0,   119.9,exact_mw,8973b2281876bd917be29e6214e197de75d185bf3f5e531e264555f10574746e,"{""distance"":7,""physical_error_rate"":0.0005}","{""detection_events"":1058551,""detectors_checked"":432130048,""obs_mistake_mask=E"":1}"
    389120,         1,         0,   119.9,exact_mw,8973b2281876bd917be29e6214e197de75d185bf3f5e531e264555f10574746e,"{""distance"":7,""physical_error_rate"":0.0005}","{""detection_events"":575739,""detectors_checked"":234250240,""obs_mistake_mask=E"":1}"
     59904,         2,         0,   120.2,exact_mw,a17a1dfb4cb0509fbcf9caf9ce6f4704b111f022b15740e51c84c2b7e14a6407,"{""distance"":7,""physical_error_rate"":0.001}","{""detection_events"":178002,""detectors_checked"":36062208,""obs_mistake_mask=E"":2}"
    127488,         4,         0,   120.0,exact_mw,a17a1dfb4cb0509fbcf9caf9ce6f4704b111f022b15740e51c84c2b7e14a6407,"{""distance"":7,""physical_error_rate"":0.001}","{""detection_events"":376673,""detectors_checked"":76747776,""obs_mistake_mask=E"":4}"
     67456,         1,         0,   120.1,exact_mw,a17a1dfb4cb0509fbcf9caf9ce6f4704b111f022b15740e51c84c2b7e14a6407,"{""distance"":7,""physical_error_rate"":0.001}","{""detection_events"":199076,""detectors_checked"":40608512,""obs_mistake_mask=E"":1}"
    130048,         4,         0,   120.0,exact_mw,a17a1dfb4cb0509fbcf9caf9ce6f4704b111f022b15740e51c84c2b7e14a6407,"{""distance"":7,""physical_error_rate"":0.001}","{""detection_events"":382883,""detectors_checked"":78288896,""obs_mistake_mask=E"":4}"
    346880,         0,         0,   120.1,exact_mw,8973b2281876bd917be29e6214e197de75d185bf3f5e531e264555f10574746e,"{""distance"":7,""physical_error_rate"":0.0005}","{""detection_events"":512919,""detectors_checked"":208821760}"
    101120,         4,         0,   121.2,exact_mw,a17a1dfb4cb0509fbcf9caf9ce6f4704b111f022b15740e51c84c2b7e14a6407,"{""distance"":7,""physical_error_rate"":0.001}","{""detection_events"":298266,""detectors_checked"":60874240,""obs_mistake_mask=E"":4}"
    119808,         3,         0,   120.1,exact_mw,a17a1dfb4cb0509fbcf9caf9ce6f4704b111f022b15740e51c84c2b7e14a6407,"{""distance"":7,""physical_error_rate"":0.001}","{""detection_events"":355418,""detectors_checked"":72124416,""obs_mistake_mask=E"":3}"
    641024,         3,         0,   119.8,exact_mw,8973b2281876bd917be29e6214e197de75d185bf3f5e531e264555f10574746e,"{""distance"":7,""physical_error_rate"":0.0005}","{""detection_events"":949081,""detectors_checked"":385896448,""obs_mistake_mask=E"":3}"
    611328,         0,         0,   120.0,exact_mw,8973b2281876bd917be29e6214e197de75d185bf3f5e531e264555f10574746e,"{""distance"":7,""physical_error_rate"":0.0005}","{""detection_events"":902924,""detectors_checked"":368019456}"
    697344,         6,         0,   119.9,exact_mw,8973b2281876bd917be29e6214e197de75d185bf3f5e531e264555f10574746e,"{""distance"":7,""physical_error_rate"":0.0005}","{""detection_events"":1033546,""detectors_checked"":419801088,""obs_mistake_mask=E"":6}"
    709632,         1,         0,   120.0,exact_mw,8973b2281876bd917be29e6214e197de75d185bf3f5e531e264555f10574746e,"{""distance"":7,""physical_error_rate"":0.0005}","{""detection_events"":1047776,""detectors_checked"":427198464,""obs_mistake_mask=E"":1}"
    744448,         2,         0,   119.9,exact_mw,8973b2281876bd917be29e6214e197de75d185bf3f5e531e264555f10574746e,"{""distance"":7,""physical_error_rate"":0.0005}","{""detection_events"":1100994,""detectors_checked"":448157696,""obs_mistake_mask=E"":2}"
    713728,         1,         0,   120.0,exact_mw,8973b2281876bd917be29e6214e197de75d185bf3f5e531e264555f10574746e,"{""distance"":7,""physical_error_rate"":0.0005}","{""detection_events"":1054147,""detectors_checked"":429664256,""obs_mistake_mask=E"":1}"
    626688,         0,         0,   120.0,exact_mw,8973b2281876bd917be29e6214e197de75d185bf3f5e531e264555f10574746e,"{""distance"":7,""physical_error_rate"":0.0005}","{""detection_events"":929555,""detectors_checked"":377266176}"
    452608,         2,         0,   119.9,exact_mw,8973b2281876bd917be29e6214e197de75d185bf3f5e531e264555f10574746e,"{""distance"":7,""physical_error_rate"":0.0005}","{""detection_events"":669315,""detectors_checked"":272470016,""obs_mistake_mask=E"":2}"
    781312,         1,         0,   120.0,exact_mw,8973b2281876bd917be29e6214e197de75d185bf3f5e531e264555f10574746e,"{""distance"":7,""physical_error_rate"":0.0005}","{""detection_events"":1154013,""detectors_checked"":470349824,""obs_mistake_mask=E"":1}"
    117248,         1,         0,   120.6,exact_mw,a17a1dfb4cb0509fbcf9caf9ce6f4704b111f022b15740e51c84c2b7e14a6407,"{""distance"":7,""physical_error_rate"":0.001}","{""detection_events"":345560,""detectors_checked"":70583296,""obs_mistake_mask=E"":1}"
    124928,         1,         0,   120.2,exact_mw,a17a1dfb4cb0509fbcf9caf9ce6f4704b111f022b15740e51c84c2b7e14a6407,"{""distance"":7,""physical_error_rate"":0.001}","{""detection_events"":368841,""detectors_checked"":75206656,""obs_mistake_mask=E"":1}"
    759808,         1,         0,   119.9,exact_mw,8973b2281876bd917be29e6214e197de75d185bf3f5e531e264555f10574746e,"{""distance"":7,""physical_error_rate"":0.0005}","{""detection_events"":1123084,""detectors_checked"":457404416,""obs_mistake_mask=E"":1}"
    123392,         1,         0,   120.2,exact_mw,a17a1dfb4cb0509fbcf9caf9ce6f4704b111f022b15740e51c84c2b7e14a6407,"{""distance"":7,""physical_error_rate"":0.001}","{""detection_events"":365615,""detectors_checked"":74281984,""obs_mistake_mask=E"":1}"
    142336,         3,         0,   120.0,exact_mw,a17a1dfb4cb0509fbcf9caf9ce6f4704b111f022b15740e51c84c2b7e14a6407,"{""distance"":7,""physical_error_rate"":0.001}","{""detection_events"":418743,""detectors_checked"":85686272,""obs_mistake_mask=E"":3}"
    375296,         0,         0,   120.3,exact_mw,8973b2281876bd917be29e6214e197de75d185bf3f5e531e264555f10574746e,"{""distance"":7,""physical_error_rate"":0.0005}","{""detection_events"":556299,""detectors_checked"":225928192}"
     68416,         0,         0,   119.9,exact_mw,a17a1dfb4cb0509fbcf9caf9ce6f4704b111f022b15740e51c84c2b7e14a6407,"{""distance"":7,""physical_error_rate"":0.001}","{""detection_events"":201587,""detectors_checked"":41186432}"
    134144,         1,         0,   120.5,exact_mw,a17a1dfb4cb0509fbcf9caf9ce6f4704b111f022b15740e51c84c2b7e14a6407,"{""distance"":7,""physical_error_rate"":0.001}","{""detection_events"":395701,""detectors_checked"":80754688,""obs_mistake_mask=E"":1}"
    625664,         0,         0,   119.9,exact_mw,8973b2281876bd917be29e6214e197de75d185bf3f5e531e264555f10574746e,"{""distance"":7,""physical_error_rate"":0.0005}","{""detection_events"":926481,""detectors_checked"":376649728}"
     70400,         5,         0,   120.4,exact_mw,a17a1dfb4cb0509fbcf9caf9ce6f4704b111f022b15740e51c84c2b7e14a6407,"{""distance"":7,""physical_error_rate"":0.001}","{""detection_events"":209371,""detectors_checked"":42380800,""obs_mistake_mask=E"":5}"
     80640,         0,         0,   120.5,exact_mw,a17a1dfb4cb0509fbcf9caf9ce6f4704b111f022b15740e51c84c2b7e14a6407,"{""distance"":7,""physical_error_rate"":0.001}","{""detection_events"":236850,""detectors_checked"":48545280}"
    115200,         5,         0,   120.3,exact_mw,a17a1dfb4cb0509fbcf9caf9ce6f4704b111f022b15740e51c84c2b7e14a6407,"{""distance"":7,""physical_error_rate"":0.001}","{""detection_events"":338518,""detectors_checked"":69350400,""obs_mistake_mask=E"":5}"
    121344,         1,         0,   120.2,exact_mw,a17a1dfb4cb0509fbcf9caf9ce6f4704b111f022b15740e51c84c2b7e14a6407,"{""distance"":7,""physical_error_rate"":0.001}","{""detection_events"":357466,""detectors_checked"":73049088,""obs_mistake_mask=E"":1}"
    112128,         0,         0,   120.4,exact_mw,a17a1dfb4cb0509fbcf9caf9ce6f4704b111f022b15740e51c84c2b7e14a6407,"{""distance"":7,""physical_error_rate"":0.001}","{""detection_events"":330858,""detectors_checked"":67501056}"
    591872,         0,         0,   120.0,exact_mw,8973b2281876bd917be29e6214e197de75d185bf3f5e531e264555f10574746e,"{""distance"":7,""physical_error_rate"":0.0005}","{""detection_events"":874225,""detectors_checked"":356306944}"
    123904,         1,         0,   120.0,exact_mw,a17a1dfb4cb0509fbcf9caf9ce6f4704b111f022b15740e51c84c2b7e14a6407,"{""distance"":7,""physical_error_rate"":0.001}","{""detection_events"":363912,""detectors_checked"":74590208,""obs_mistake_mask=E"":1}"
    453632,         2,         0,   120.2,exact_mw,8973b2281876bd917be29e6214e197de75d185bf3f5e531e264555f10574746e,"{""distance"":7,""physical_error_rate"":0.0005}","{""detection_events"":670552,""detectors_checked"":273086464,""obs_mistake_mask=E"":2}"
     78848,         3,         0,   120.5,exact_mw,a17a1dfb4cb0509fbcf9caf9ce6f4704b111f022b15740e51c84c2b7e14a6407,"{""distance"":7,""physical_error_rate"":0.001}","{""detection_events"":232382,""detectors_checked"":47466496,""obs_mistake_mask=E"":3}"
    137216,         1,         0,   120.4,exact_mw,a17a1dfb4cb0509fbcf9caf9ce6f4704b111f022b15740e51c84c2b7e14a6407,"{""distance"":7,""physical_error_rate"":0.001}","{""detection_events"":403677,""detectors_checked"":82604032,""obs_mistake_mask=E"":1}"
    690176,         1,         0,   120.0,exact_mw,8973b2281876bd917be29e6214e197de75d185bf3f5e531e264555f10574746e,"{""distance"":7,""physical_error_rate"":0.0005}","{""detection_events"":1021289,""detectors_checked"":415485952,""obs_mistake_mask=E"":1}"
    642048,         1,         0,   120.0,exact_mw,8973b2281876bd917be29e6214e197de75d185bf3f5e531e264555f10574746e,"{""distance"":7,""physical_error_rate"":0.0005}","{""detection_events"":947247,""detectors_checked"":386512896,""obs_mistake_mask=E"":1}"
    797696,         2,         0,   119.8,exact_mw,8973b2281876bd917be29e6214e197de75d185bf3f5e531e264555f10574746e,"{""distance"":7,""physical_error_rate"":0.0005}","{""detection_events"":1175554,""detectors_checked"":480212992,""obs_mistake_mask=E"":2}"
    632832,         0,         0,   119.9,exact_mw,8973b2281876bd917be29e6214e197de75d185bf3f5e531e264555f10574746e,"{""distance"":7,""physical_error_rate"":0.0005}","{""detection_events"":934275,""detectors_checked"":380964864}"
    677888,         1,         0,   119.9,exact_mw,8973b2281876bd917be29e6214e197de75d185bf3f5e531e264555f10574746e,"{""distance"":7,""physical_error_rate"":0.0005}","{""detection_events"":1001312,""detectors_checked"":408088576,""obs_mistake_mask=E"":1}"
    448512,         1,         0,   120.0,exact_mw,8973b2281876bd917be29e6214e197de75d185bf3f5e531e264555f10574746e,"{""distance"":7,""physical_error_rate"":0.0005}","{""detection_events"":662911,""detectors_checked"":270004224,""obs_mistake_mask=E"":1}"
    120832,         3,         0,   120.2,exact_mw,a17a1dfb4cb0509fbcf9caf9ce6f4704b111f022b15740e51c84c2b7e14a6407,"{""distance"":7,""physical_error_rate"":0.001}","{""detection_events"":357867,""detectors_checked"":72740864,""obs_mistake_mask=E"":3}"
    133632,         4,         0,   120.3,exact_mw,a17a1dfb4cb0509fbcf9caf9ce6f4704b111f022b15740e51c84c2b7e14a6407,"{""distance"":7,""physical_error_rate"":0.001}","{""detection_events"":394683,""detectors_checked"":80446464,""obs_mistake_mask=E"":4}"
     64000,         0,         0,    78.5,exact_mw,a17a1dfb4cb0509fbcf9caf9ce6f4704b111f022b15740e51c84c2b7e14a6407,"{""distance"":7,""physical_error_rate"":0.001}","{""detection_events"":189130,""detectors_checked"":38528000}"
    119808,         3,         0,   116.4,exact_mw,a17a1dfb4cb0509fbcf9caf9ce6f4704b111f022b15740e51c84c2b7e14a6407,"{""distance"":7,""physical_error_rate"":0.001}","{""detection_events"":353994,""detectors_checked"":72124416,""obs_mistake_mask=E"":3}"
     89088,         1,         0,    86.7,exact_mw,a17a1dfb4cb0509fbcf9caf9ce6f4704b111f022b15740e51c84c2b7e14a6407,"{""distance"":7,""physical_error_rate"":0.001}","{""detection_events"":262561,""detectors_checked"":53630976,""obs_mistake_mask=E"":1}"
     63488,         0,         0,    63.7,exact_mw,a17a1dfb4cb0509fbcf9caf9ce6f4704b111f022b15740e51c84c2b7e14a6407,"{""distance"":7,""physical_error_rate"":0.001}","{""detection_events"":186434,""detectors_checked"":38219776}"
     29440,         0,         0,    37.3,exact_mw,a17a1dfb4cb0509fbcf9caf9ce6f4704b111f022b15740e51c84c2b7e14a6407,"{""distance"":7,""physical_error_rate"":0.001}","{""detection_events"":85462,""detectors_checked"":17722880}"
     43904,         2,         0,    56.2,exact_mw,a17a1dfb4cb0509fbcf9caf9ce6f4704b111f022b15740e51c84c2b7e14a6407,"{""distance"":7,""physical_error_rate"":0.001}","{""detection_events"":129512,""detectors_checked"":26430208,""obs_mistake_mask=E"":2}"
     36864,         0,         0,    32.8,exact_mw,a17a1dfb4cb0509fbcf9caf9ce6f4704b111f022b15740e51c84c2b7e14a6407,"{""distance"":7,""physical_error_rate"":0.001}","{""detection_events"":109356,""detectors_checked"":22192128}"
     14080,         0,         0,    26.1,exact_mw,a17a1dfb4cb0509fbcf9caf9ce6f4704b111f022b15740e51c84c2b7e14a6407,"{""distance"":7,""physical_error_rate"":0.001}","{""detection_events"":42519,""detectors_checked"":8476160}"
     23040,         0,         0,    23.5,exact_mw,a17a1dfb4cb0509fbcf9caf9ce6f4704b111f022b15740e51c84c2b7e14a6407,"{""distance"":7,""physical_error_rate"":0.001}","{""detection_events"":67606,""detectors_checked"":13870080}"
     84992,         2,         0,    84.1,exact_mw,a17a1dfb4cb0509fbcf9caf9ce6f4704b111f022b15740e51c84c2b7e14a6407,"{""distance"":7,""physical_error_rate"":0.001}","{""detection_events"":253739,""detectors_checked"":51165184,""obs_mistake_mask=E"":2}"
     61440,         1,         0,    64.5,exact_mw,a17a1dfb4cb0509fbcf9caf9ce6f4704b111f022b15740e51c84c2b7e14a6407,"{""distance"":7,""physical_error_rate"":0.001}","{""detection_events"":181932,""detectors_checked"":36986880,""obs_mistake_mask=E"":1}"
    111104,         4,         0,   110.0,exact_mw,a17a1dfb4cb0509fbcf9caf9ce6f4704b111f022b15740e51c84c2b7e14a6407,"{""distance"":7,""physical_error_rate"":0.001}","{""detection_events"":325805,""detectors_checked"":66884608,""obs_mistake_mask=E"":4}"
     64256,         1,         0,    65.9,exact_mw,a17a1dfb4cb0509fbcf9caf9ce6f4704b111f022b15740e51c84c2b7e14a6407,"{""distance"":7,""physical_error_rate"":0.001}","{""detection_events"":188424,""detectors_checked"":38682112,""obs_mistake_mask=E"":1}"
     20480,         0,         0,    21.8,exact_mw,a17a1dfb4cb0509fbcf9caf9ce6f4704b111f022b15740e51c84c2b7e14a6407,"{""distance"":7,""physical_error_rate"":0.001}","{""detection_events"":60587,""detectors_checked"":12328960}"
     31744,         1,         0,    29.8,exact_mw,a17a1dfb4cb0509fbcf9caf9ce6f4704b111f022b15740e51c84c2b7e14a6407,"{""distance"":7,""physical_error_rate"":0.001}","{""detection_events"":93225,""detectors_checked"":19109888,""obs_mistake_mask=E"":1}"
     35840,         2,         0,    32.9,exact_mw,a17a1dfb4cb0509fbcf9caf9ce6f4704b111f022b15740e51c84c2b7e14a6407,"{""distance"":7,""physical_error_rate"":0.001}","{""detection_events"":104933,""detectors_checked"":21575680,""obs_mistake_mask=E"":2}"
     13312,         2,         0,    12.0,exact_mw,a17a1dfb4cb0509fbcf9caf9ce6f4704b111f022b15740e51c84c2b7e14a6407,"{""distance"":7,""physical_error_rate"":0.001}","{""detection_events"":39079,""detectors_checked"":8013824,""obs_mistake_mask=E"":2}"
     40960,         0,         0,    36.3,exact_mw,a17a1dfb4cb0509fbcf9caf9ce6f4704b111f022b15740e51c84c2b7e14a6407,"{""distance"":7,""physical_error_rate"":0.001}","{""detection_events"":121367,""detectors_checked"":24657920}"
       512,         0,         0,   0.528,exact_mw,a17a1dfb4cb0509fbcf9caf9ce6f4704b111f022b15740e51c84c2b7e14a6407,"{""distance"":7,""physical_error_rate"":0.001}","{""detection_events"":1527,""detectors_checked"":308224}"
     14208,         1,         0,    21.2,exact_mw,a17a1dfb4cb0509fbcf9caf9ce6f4704b111f022b15740e51c84c2b7e14a6407,"{""distance"":7,""physical_error_rate"":0.001}","{""detection_events"":42098,""detectors_checked"":8553216,""obs_mistake_mask=E"":1}"
     37888,         2,         0,    37.1,exact_mw,a17a1dfb4cb0509fbcf9caf9ce6f4704b111f022b15740e51c84c2b7e14a6407,"{""distance"":7,""physical_error_rate"":0.001}","{""detection_events"":111713,""detectors_checked"":22808576,""obs_mistake_mask=E"":2}"
     76032,         1,         0,    98.2,exact_mw,a17a1dfb4cb0509fbcf9caf9ce6f4704b111f022b15740e51c84c2b7e14a6407,"{""distance"":7,""physical_error_rate"":0.001}","{""detection_events"":223850,""detectors_checked"":45771264,""obs_mistake_mask=E"":1}"
    112128,         6,         0,   117.8,exact_mw,a17a1dfb4cb0509fbcf9caf9ce6f4704b111f022b15740e51c84c2b7e14a6407,"{""distance"":7,""physical_error_rate"":0.001}","{""detection_events"":331284,""detectors_checked"":67501056,""obs_mistake_mask=E"":6}"
    102144,         2,         0,   115.4,exact_mw,a17a1dfb4cb0509fbcf9caf9ce6f4704b111f022b15740e51c84c2b7e14a6407,"{""distance"":7,""physical_error_rate"":0.001}","{""detection_events"":302622,""detectors_checked"":61490688,""obs_mistake_mask=E"":2}"
     71168,         0,         0,    65.4,exact_mw,a17a1dfb4cb0509fbcf9caf9ce6f4704b111f022b15740e51c84c2b7e14a6407,"{""distance"":7,""physical_error_rate"":0.001}","{""detection_events"":209618,""detectors_checked"":42843136}"
     22912,         0,         0,    46.4,exact_mw,a17a1dfb4cb0509fbcf9caf9ce6f4704b111f022b15740e51c84c2b7e14a6407,"{""distance"":7,""physical_error_rate"":0.001}","{""detection_events"":68077,""detectors_checked"":13793024}"
     70528,         1,         0,   106.5,exact_mw,a17a1dfb4cb0509fbcf9caf9ce6f4704b111f022b15740e51c84c2b7e14a6407,"{""distance"":7,""physical_error_rate"":0.001}","{""detection_events"":207882,""detectors_checked"":42457856,""obs_mistake_mask=E"":1}"
     23552,         2,         0,    29.4,exact_mw,a17a1dfb4cb0509fbcf9caf9ce6f4704b111f022b15740e51c84c2b7e14a6407,"{""distance"":7,""physical_error_rate"":0.001}","{""detection_events"":69123,""detectors_checked"":14178304,""obs_mistake_mask=E"":2}"
    122880,         1,         0,   111.4,exact_mw,a17a1dfb4cb0509fbcf9caf9ce6f4704b111f022b15740e51c84c2b7e14a6407,"{""distance"":7,""physical_error_rate"":0.001}","{""detection_events"":360940,""detectors_checked"":73973760,""obs_mistake_mask=E"":1}"
     43008,         1,         0,    37.6,exact_mw,a17a1dfb4cb0509fbcf9caf9ce6f4704b111f022b15740e51c84c2b7e14a6407,"{""distance"":7,""physical_error_rate"":0.001}","{""detection_events"":127065,""detectors_checked"":25890816,""obs_mistake_mask=E"":1}"
     26624,         0,         0,    24.9,exact_mw,a17a1dfb4cb0509fbcf9caf9ce6f4704b111f022b15740e51c84c2b7e14a6407,"{""distance"":7,""physical_error_rate"":0.001}","{""detection_events"":78960,""detectors_checked"":16027648}"
    695296,         0,         0,   120.0,exact_mw,8973b2281876bd917be29e6214e197de75d185bf3f5e531e264555f10574746e,"{""distance"":7,""physical_error_rate"":0.0005}","{""detection_events"":1026402,""detectors_checked"":418568192}"
    567808,         1,         0,   120.0,exact_mw,8973b2281876bd917be29e6214e197de75d185bf3f5e531e264555f10574746e,"{""distance"":7,""physical_error_rate"":0.0005}","{""detection_events"":840300,""detectors_checked"":341820416,""obs_mistake_mask=E"":1}"
    589824,         1,         0,   120.0,exact_mw,8973b2281876bd917be29e6214e197de75d185bf3f5e531e264555f10574746e,"{""distance"":7,""physical_error_rate"":0.0005}","{""detection_events"":875594,""detectors_checked"":355074048,""obs_mistake_mask=E"":1}"
         1,         0,         0,   0.001,exact_mw,8973b2281876bd917be29e6214e197de75d185bf3f5e531e264555f10574746e,"{""distance"":7,""physical_error_rate"":0.0005}","{""detection_events"":2,""detectors_checked"":602}"
       272,         0,         0,   0.051,exact_mw,8973b2281876bd917be29e6214e197de75d185bf3f5e531e264555f10574746e,"{""distance"":7,""physical_error_rate"":0.0005}","{""detection_events"":431,""detectors_checked"":163744}"
      1024,         0,         0,   0.165,exact_mw,8973b2281876bd917be29e6214e197de75d185bf3f5e531e264555f10574746e,"{""distance"":7,""physical_error_rate"":0.0005}","{""detection_events"":1387,""detectors_checked"":616448}"
      1024,         0,         0,   0.117,exact_mw,8973b2281876bd917be29e6214e197de75d185bf3f5e531e264555f10574746e,"{""distance"":7,""physical_error_rate"":0.0005}","{""detection_events"":1422,""detectors_checked"":616448}"
      1024,         0,         0,   0.187,exact_mw,8973b2281876bd917be29e6214e197de75d185bf3f5e531e264555f10574746e,"{""distance"":7,""physical_error_rate"":0.0005}","{""detection_events"":1570,""detectors_checked"":616448}"
    603136,         0,         0,   120.0,exact_mw,8973b2281876bd917be29e6214e197de75d185bf3f5e531e264555f10574746e,"{""distance"":7,""physical_error_rate"":0.0005}","{""detection_events"":892376,""detectors_checked"":363087872}"
      1024,         0,         0,   0.153,exact_mw,8973b2281876bd917be29e6214e197de75d185bf3f5e531e264555f10574746e,"{""distance"":7,""physical_error_rate"":0.0005}","{""detection_events"":1396,""detectors_checked"":616448}"
      1024,         0,         0,   0.164,exact_mw,8973b2281876bd917be29e6214e197de75d185bf3f5e531e264555f10574746e,"{""distance"":7,""physical_error_rate"":0.0005}","{""detection_events"":1489,""detectors_checked"":616448}"
      2048,         0,         0,   0.293,exact_mw,8973b2281876bd917be29e6214e197de75d185bf3f5e531e264555f10574746e,"{""distance"":7,""physical_error_rate"":0.0005}","{""detection_events"":2905,""detectors_checked"":1232896}"
      1024,         0,         0,   0.167,exact_mw,8973b2281876bd917be29e6214e197de75d185bf3f5e531e264555f10574746e,"{""distance"":7,""physical_error_rate"":0.0005}","{""detection_events"":1333,""detectors_checked"":616448}"
      2048,         0,         0,   0.418,exact_mw,8973b2281876bd917be29e6214e197de75d185bf3f5e531e264555f10574746e,"{""distance"":7,""physical_error_rate"":0.0005}","{""detection_events"":3191,""detectors_checked"":1232896}"
      2048,         0,         0,   0.314,exact_mw,8973b2281876bd917be29e6214e197de75d185bf3f5e531e264555f10574746e,"{""distance"":7,""physical_error_rate"":0.0005}","{""detection_events"":2968,""detectors_checked"":1232896}"
      2048,         0,         0,   0.466,exact_mw,8973b2281876bd917be29e6214e197de75d185bf3f5e531e264555f10574746e,"{""distance"":7,""physical_error_rate"":0.0005}","{""detection_events"":3090,""detectors_checked"":1232896}"
       273,         0,         0,   0.032,exact_mw,8973b2281876bd917be29e6214e197de75d185bf3f5e531e264555f10574746e,"{""distance"":7,""physical_error_rate"":0.0005}","{""detection_events"":388,""detectors_checked"":164346}"
         1,         0,         0,   0.001,exact_mw,8973b2281876bd917be29e6214e197de75d185bf3f5e531e264555f10574746e,"{""distance"":7,""physical_error_rate"":0.0005}","{""detectors_checked"":602}"
       272,         0,         0,   0.053,exact_mw,8973b2281876bd917be29e6214e197de75d185bf3f5e531e264555f10574746e,"{""distance"":7,""physical_error_rate"":0.0005}","{""detection_events"":340,""detectors_checked"":163744}"
      1024,         0,         0,   0.164,exact_mw,8973b2281876bd917be29e6214e197de75d185bf3f5e531e264555f10574746e,"{""distance"":7,""physical_error_rate"":0.0005}","{""detection_events"":1495,""detectors_checked"":616448}"
      1024,         0,         0,   0.216,exact_mw,8973b2281876bd917be29e6214e197de75d185bf3f5e531e264555f10574746e,"{""distance"":7,""physical_error_rate"":0.0005}","{""detection_events"":1487,""detectors_checked"":616448}"
      1024,         0,         0,   0.323,exact_mw,8973b2281876bd917be29e6214e197de75d185bf3f5e531e264555f10574746e,"{""distance"":7,""physical_error_rate"":0.0005}","{""detection_events"":1498,""detectors_checked"":616448}"
      4096,         0,         0,   0.589,exact_mw,8973b2281876bd917be29e6214e197de75d185bf3f5e531e264555f10574746e,"{""distance"":7,""physical_error_rate"":0.0005}","{""detection_events"":6168,""detectors_checked"":2465792}"
      1024,         0,         0,   0.113,exact_mw,8973b2281876bd917be29e6214e197de75d185bf3f5e531e264555f10574746e,"{""distance"":7,""physical_error_rate"":0.0005}","{""detection_events"":1349,""detectors_checked"":616448}"
      1024,         0,         0,   0.082,exact_mw,8973b2281876bd917be29e6214e197de75d185bf3f5e531e264555f10574746e,"{""distance"":7,""physical_error_rate"":0.0005}","{""detection_events"":1454,""detectors_checked"":616448}"
      1024,         0,         0,   0.164,exact_mw,8973b2281876bd917be29e6214e197de75d185bf3f5e531e264555f10574746e,"{""distance"":7,""physical_error_rate"":0.0005}","{""detection_events"":1568,""detectors_checked"":616448}"
      1024,         0,         0,   0.186,exact_mw,8973b2281876bd917be29e6214e197de75d185bf3f5e531e264555f10574746e,"{""distance"":7,""physical_error_rate"":0.0005}","{""detection_events"":1474,""detectors_checked"":616448}"
      1024,         0,         0,   0.167,exact_mw,8973b2281876bd917be29e6214e197de75d185bf3f5e531e264555f10574746e,"{""distance"":7,""physical_error_rate"":0.0005}","{""detection_events"":1535,""detectors_checked"":616448}"
      1024,         0,         0,   0.187,exact_mw,8973b2281876bd917be29e6214e197de75d185bf3f5e531e264555f10574746e,"{""distance"":7,""physical_error_rate"":0.0005}","{""detection_events"":1527,""detectors_checked"":616448}"
       273,         0,         0,   0.043,exact_mw,8973b2281876bd917be29e6214e197de75d185bf3f5e531e264555f10574746e,"{""distance"":7,""physical_error_rate"":0.0005}","{""detection_events"":371,""detectors_checked"":164346}"
    684032,         1,         0,   120.0,exact_mw,8973b2281876bd917be29e6214e197de75d185bf3f5e531e264555f10574746e,"{""distance"":7,""physical_error_rate"":0.0005}","{""detection_events"":1012179,""detectors_checked"":411787264,""obs_mistake_mask=E"":1}"
      1024,         0,         0,   0.202,exact_mw,8973b2281876bd917be29e6214e197de75d185bf3f5e531e264555f10574746e,"{""distance"":7,""physical_error_rate"":0.0005}","{""detection_events"":1482,""detectors_checked"":616448}"
      1024,         0,         0,   0.159,exact_mw,8973b2281876bd917be29e6214e197de75d185bf3f5e531e264555f10574746e,"{""distance"":7,""physical_error_rate"":0.0005}","{""detection_events"":1479,""detectors_checked"":616448}"
      1024,         0,         0,   0.222,exact_mw,8973b2281876bd917be29e6214e197de75d185bf3f5e531e264555f10574746e,"{""distance"":7,""physical_error_rate"":0.0005}","{""detection_events"":1481,""detectors_checked"":616448}"
      1024,         0,         0,   0.130,exact_mw,8973b2281876bd917be29e6214e197de75d185bf3f5e531e264555f10574746e,"{""distance"":7,""physical_error_rate"":0.0005}","{""detection_events"":1385,""detectors_checked"":616448}"
      1024,         0,         0,   0.172,exact_mw,8973b2281876bd917be29e6214e197de75d185bf3f5e531e264555f10574746e,"{""distance"":7,""physical_error_rate"":0.0005}","{""detection_events"":1551,""detectors_checked"":616448}"
      1024,         0,         0,   0.272,exact_mw,8973b2281876bd917be29e6214e197de75d185bf3f5e531e264555f10574746e,"{""distance"":7,""physical_error_rate"":0.0005}","{""detection_events"":1399,""detectors_checked"":616448}"
      5120,         0,         0,   0.941,exact_mw,8973b2281876bd917be29e6214e197de75d185bf3f5e531e264555f10574746e,"{""distance"":7,""physical_error_rate"":0.0005}","{""detection_events"":7537,""detectors_checked"":3082240}"
      1024,         0,         0,   0.229,exact_mw,8973b2281876bd917be29e6214e197de75d185bf3f5e531e264555f10574746e,"{""distance"":7,""physical_error_rate"":0.0005}","{""detection_events"":1631,""detectors_checked"":616448}"
      1024,         0,         0,   0.190,exact_mw,8973b2281876bd917be29e6214e197de75d185bf3f5e531e264555f10574746e,"{""distance"":7,""physical_error_rate"":0.0005}","{""detection_events"":1331,""detectors_checked"":616448}"
      1024,         0,         0,   0.110,exact_mw,8973b2281876bd917be29e6214e197de75d185bf3f5e531e264555f10574746e,"{""distance"":7,""physical_error_rate"":0.0005}","{""detection_events"":1494,""detectors_checked"":616448}"
      2048,         0,         0,   0.241,exact_mw,8973b2281876bd917be29e6214e197de75d185bf3f5e531e264555f10574746e,"{""distance"":7,""physical_error_rate"":0.0005}","{""detection_events"":2923,""detectors_checked"":1232896}"
      1024,         0,         0,   0.201,exact_mw,8973b2281876bd917be29e6214e197de75d185bf3f5e531e264555f10574746e,"{""distance"":7,""physical_error_rate"":0.0005}","{""detection_events"":1468,""detectors_checked"":616448}"
       273,         0,         0,   0.054,exact_mw,8973b2281876bd917be29e6214e197de75d185bf3f5e531e264555f10574746e,"{""distance"":7,""physical_error_rate"":0.0005}","{""detection_events"":391,""detectors_checked"":164346}"
       273,         0,         0,   0.079,exact_mw,8973b2281876bd917be29e6214e197de75d185bf3f5e531e264555f10574746e,"{""distance"":7,""physical_error_rate"":0.0005}","{""detection_events"":354,""detectors_checked"":164346}"
      1024,         0,         0,   0.238,exact_mw,8973b2281876bd917be29e6214e197de75d185bf3f5e531e264555f10574746e,"{""distance"":7,""physical_error_rate"":0.0005}","{""detection_events"":1588,""detectors_checked"":616448}"
      1024,         0,         0,   0.157,exact_mw,8973b2281876bd917be29e6214e197de75d185bf3f5e531e264555f10574746e,"{""distance"":7,""physical_error_rate"":0.0005}","{""detection_events"":1465,""detectors_checked"":616448}"
      2048,         0,         0,   0.533,exact_mw,8973b2281876bd917be29e6214e197de75d185bf3f5e531e264555f10574746e,"{""distance"":7,""physical_error_rate"":0.0005}","{""detection_events"":3006,""detectors_checked"":1232896}"
      1024,         0,         0,   0.219,exact_mw,8973b2281876bd917be29e6214e197de75d185bf3f5e531e264555f10574746e,"{""distance"":7,""physical_error_rate"":0.0005}","{""detection_events"":1546,""detectors_checked"":616448}"
      1024,         0,         0,   0.141,exact_mw,8973b2281876bd917be29e6214e197de75d185bf3f5e531e264555f10574746e,"{""distance"":7,""physical_error_rate"":0.0005}","{""detection_events"":1674,""detectors_checked"":616448}"
      4096,         0,         0,   0.455,exact_mw,8973b2281876bd917be29e6214e197de75d185bf3f5e531e264555f10574746e,"{""distance"":7,""physical_error_rate"":0.0005}","{""detection_events"":6193,""detectors_checked"":2465792}"
      1024,         0,         0,   0.184,exact_mw,8973b2281876bd917be29e6214e197de75d185bf3f5e531e264555f10574746e,"{""distance"":7,""physical_error_rate"":0.0005}","{""detection_events"":1482,""detectors_checked"":616448}"
      1024,         0,         0,   0.116,exact_mw,8973b2281876bd917be29e6214e197de75d185bf3f5e531e264555f10574746e,"{""distance"":7,""physical_error_rate"":0.0005}","{""detection_events"":1441,""detectors_checked"":616448}"
      1024,         0,         0,   0.130,exact_mw,8973b2281876bd917be29e6214e197de75d185bf3f5e531e264555f10574746e,"{""distance"":7,""physical_error_rate"":0.0005}","{""detection_events"":1448,""detectors_checked"":616448}"
        17,         0,         0,   0.005,exact_mw,8973b2281876bd917be29e6214e197de75d185bf3f5e531e264555f10574746e,"{""distance"":7,""physical_error_rate"":0.0005}","{""detection_events"":37,""detectors_checked"":10234}"
      2048,         0,         0,   0.314,exact_mw,8973b2281876bd917be29e6214e197de75d185bf3f5e531e264555f10574746e,"{""distance"":7,""physical_error_rate"":0.0005}","{""detection_events"":3041,""detectors_checked"":1232896}"
      1024,         0,         0,   0.230,exact_mw,8973b2281876bd917be29e6214e197de75d185bf3f5e531e264555f10574746e,"{""distance"":7,""physical_error_rate"":0.0005}","{""detection_events"":1364,""detectors_checked"":616448}"
       256,         0,         0,   0.038,exact_mw,8973b2281876bd917be29e6214e197de75d185bf3f5e531e264555f10574746e,"{""distance"":7,""physical_error_rate"":0.0005}","{""detection_events"":360,""detectors_checked"":154112}"
      1024,         0,         0,   0.152,exact_mw,8973b2281876bd917be29e6214e197de75d185bf3f5e531e264555f10574746e,"{""distance"":7,""physical_error_rate"":0.0005}","{""detection_events"":1510,""detectors_checked"":616448}"
      1024,         0,         0,   0.173,exact_mw,8973b2281876bd917be29e6214e197de75d185bf3f5e531e264555f10574746e,"{""distance"":7,""physical_error_rate"":0.0005}","{""detection_events"":1585,""detectors_checked"":616448}"
      1024,         0,         0,   0.221,exact_mw,8973b2281876bd917be29e6214e197de75d185bf3f5e531e264555f10574746e,"{""distance"":7,""physical_error_rate"":0.0005}","{""detection_events"":1476,""detectors_checked"":616448}"
      1024,         0,         0,   0.188,exact_mw,8973b2281876bd917be29e6214e197de75d185bf3f5e531e264555f10574746e,"{""distance"":7,""physical_error_rate"":0.0005}","{""detection_events"":1503,""detectors_checked"":616448}"
      6144,         0,         0,    1.13,exact_mw,8973b2281876bd917be29e6214e197de75d185bf3f5e531e264555f10574746e,"{""distance"":7,""physical_error_rate"":0.0005}","{""detection_events"":9240,""detectors_checked"":3698688}"
         1,         0,         0,   0.001,exact_mw,8973b2281876bd917be29e6214e197de75d185bf3f5e531e264555f10574746e,"{""distance"":7,""physical_error_rate"":0.0005}","{""detectors_checked"":602}"
      3072,         0,         0,   0.459,exact_mw,8973b2281876bd917be29e6214e197de75d185bf3f5e531e264555f10574746e,"{""distance"":7,""physical_error_rate"":0.0005}","{""detection_events"":4341,""detectors_checked"":1849344}"
      1024,         0,         0,   0.225,exact_mw,8973b2281876bd917be29e6214e197de75d185bf3f5e531e264555f10574746e,"{""distance"":7,""physical_error_rate"":0.0005}","{""detection_events"":1586,""detectors_checked"":616448}"
       272,         0,         0,   0.056,exact_mw,8973b2281876bd917be29e6214e197de75d185bf3f5e531e264555f10574746e,"{""distance"":7,""physical_error_rate"":0.0005}","{""detection_events"":393,""detectors_checked"":163744}"
      1024,         0,         0,   0.089,exact_mw,8973b2281876bd917be29e6214e197de75d185bf3f5e531e264555f10574746e,"{""distance"":7,""physical_error_rate"":0.0005}","{""detection_events"":1446,""detectors_checked"":616448}"
      1024,         0,         0,   0.136,exact_mw,8973b2281876bd917be29e6214e197de75d185bf3f5e531e264555f10574746e,"{""distance"":7,""physical_error_rate"":0.0005}","{""detection_events"":1540,""detectors_checked"":616448}"
      1024,         0,         0,   0.142,exact_mw,8973b2281876bd917be29e6214e197de75d185bf3f5e531e264555f10574746e,"{""distance"":7,""physical_error_rate"":0.0005}","{""detection_events"":1450,""detectors_checked"":616448}"
      1024,         0,         0,   0.071,exact_mw,8973b2281876bd917be29e6214e197de75d185bf3f5e531e264555f10574746e,"{""distance"":7,""physical_error_rate"":0.0005}","{""detection_events"":1387,""detectors_checked"":616448}"
         1,         0,         0,   0.019,exact_mw,8973b2281876bd917be29e6214e197de75d185bf3f5e531e264555f10574746e,"{""distance"":7,""physical_error_rate"":0.0005}","{""detection_events"":2,""detectors_checked"":602}"
      1024,         0,         0,   0.117,exact_mw,8973b2281876bd917be29e6214e197de75d185bf3f5e531e264555f10574746e,"{""distance"":7,""physical_error_rate"":0.0005}","{""detection_events"":1499,""detectors_checked"":616448}"
      1024,         0,         0,   0.106,exact_mw,8973b2281876bd917be29e6214e197de75d185bf3f5e531e264555f10574746e,"{""distance"":7,""physical_error_rate"":0.0005}","{""detection_events"":1461,""detectors_checked"":616448}"
       272,         0,         0,   0.056,exact_mw,8973b2281876bd917be29e6214e197de75d185bf3f5e531e264555f10574746e,"{""distance"":7,""physical_error_rate"":0.0005}","{""detection_events"":347,""detectors_checked"":163744}"
      1024,         0,         0,   0.190,exact_mw,8973b2281876bd917be29e6214e197de75d185bf3f5e531e264555f10574746e,"{""distance"":7,""physical_error_rate"":0.0005}","{""detection_events"":1542,""detectors_checked"":616448}"
      1024,         0,         0,   0.239,exact_mw,8973b2281876bd917be29e6214e197de75d185bf3f5e531e264555f10574746e,"{""distance"":7,""physical_error_rate"":0.0005}","{""detection_events"":1397,""detectors_checked"":616448}"
      1024,         0,         0,   0.110,exact_mw,8973b2281876bd917be29e6214e197de75d185bf3f5e531e264555f10574746e,"{""distance"":7,""physical_error_rate"":0.0005}","{""detection_events"":1519,""detectors_checked"":616448}"
      3072,         0,         0,   0.618,exact_mw,8973b2281876bd917be29e6214e197de75d185bf3f5e531e264555f10574746e,"{""distance"":7,""physical_error_rate"":0.0005}","{""detection_events"":4536,""detectors_checked"":1849344}"
      1024,         0,         0,   0.174,exact_mw,8973b2281876bd917be29e6214e197de75d185bf3f5e531e264555f10574746e,"{""distance"":7,""physical_error_rate"":0.0005}","{""detection_events"":1432,""detectors_checked"":616448}"
      1024,         0,         0,   0.109,exact_mw,8973b2281876bd917be29e6214e197de75d185bf3f5e531e264555f10574746e,"{""distance"":7,""physical_error_rate"":0.0005}","{""detection_events"":1463,""detectors_checked"":616448}"
      1024,         0,         0,   0.181,exact_mw,8973b2281876bd917be29e6214e197de75d185bf3f5e531e264555f10574746e,"{""distance"":7,""physical_error_rate"":0.0005}","{""detection_events"":1443,""detectors_checked"":616448}"
      1024,         0,         0,   0.218,exact_mw,8973b2281876bd917be29e6214e197de75d185bf3f5e531e264555f10574746e,"{""distance"":7,""physical_error_rate"":0.0005}","{""detection_events"":1493,""detectors_checked"":616448}"
      2048,         0,         0,   0.494,exact_mw,8973b2281876bd917be29e6214e197de75d185bf3f5e531e264555f10574746e,"{""distance"":7,""physical_error_rate"":0.0005}","{""detection_events"":2842,""detectors_checked"":1232896}"
      1024,         0,         0,   0.112,exact_mw,8973b2281876bd917be29e6214e197de75d185bf3f5e531e264555f10574746e,"{""distance"":7,""physical_error_rate"":0.0005}","{""detection_events"":1417,""detectors_checked"":616448}"
      1024,         0,         0,   0.294,exact_mw,8973b2281876bd917be29e6214e197de75d185bf3f5e531e264555f10574746e,"{""distance"":7,""physical_error_rate"":0.0005}","{""detection_events"":1487,""detectors_checked"":616448}"
      1024,         0,         0,   0.137,exact_mw,8973b2281876bd917be29e6214e197de75d185bf3f5e531e264555f10574746e,"{""distance"":7,""physical_error_rate"":0.0005}","{""detection_events"":1381,""detectors_checked"":616448}"
      1024,         0,         0,   0.166,exact_mw,8973b2281876bd917be29e6214e197de75d185bf3f5e531e264555f10574746e,"{""distance"":7,""physical_error_rate"":0.0005}","{""detection_events"":1588,""detectors_checked"":616448}"
      3072,         0,         0,   0.588,exact_mw,8973b2281876bd917be29e6214e197de75d185bf3f5e531e264555f10574746e,"{""distance"":7,""physical_error_rate"":0.0005}","{""detection_events"":4466,""detectors_checked"":1849344}"
      1024,         0,         0,   0.148,exact_mw,8973b2281876bd917be29e6214e197de75d185bf3f5e531e264555f10574746e,"{""distance"":7,""physical_error_rate"":0.0005}","{""detection_events"":1532,""detectors_checked"":616448}"
      1024,         0,         0,   0.208,exact_mw,8973b2281876bd917be29e6214e197de75d185bf3f5e531e264555f10574746e,"{""distance"":7,""physical_error_rate"":0.0005}","{""detection_events"":1694,""detectors_checked"":616448}"
      1024,         0,         0,   0.180,exact_mw,8973b2281876bd917be29e6214e197de75d185bf3f5e531e264555f10574746e,"{""distance"":7,""physical_error_rate"":0.0005}","{""detection_events"":1487,""detectors_checked"":616448}"
      1024,         0,         0,   0.165,exact_mw,8973b2281876bd917be29e6214e197de75d185bf3f5e531e264555f10574746e,"{""distance"":7,""physical_error_rate"":0.0005}","{""detection_events"":1617,""detectors_checked"":616448}"
       273,         0,         0,   0.031,exact_mw,8973b2281876bd917be29e6214e197de75d185bf3f5e531e264555f10574746e,"{""distance"":7,""physical_error_rate"":0.0005}","{""detection_events"":415,""detectors_checked"":164346}"
       273,         0,         0,   0.058,exact_mw,8973b2281876bd917be29e6214e197de75d185bf3f5e531e264555f10574746e,"{""distance"":7,""physical_error_rate"":0.0005}","{""detection_events"":433,""detectors_checked"":164346}"
      1024,         0,         0,   0.208,exact_mw,8973b2281876bd917be29e6214e197de75d185bf3f5e531e264555f10574746e,"{""distance"":7,""physical_error_rate"":0.0005}","{""detection_events"":1701,""detectors_checked"":616448}"
      1024,         0,         0,   0.156,exact_mw,8973b2281876bd917be29e6214e197de75d185bf3f5e531e264555f10574746e,"{""distance"":7,""physical_error_rate"":0.0005}","{""detection_events"":1504,""detectors_checked"":616448}"
      2048,         0,         0,   0.347,exact_mw,8973b2281876bd917be29e6214e197de75d185bf3f5e531e264555f10574746e,"{""distance"":7,""physical_error_rate"":0.0005}","{""detection_events"":3141,""detectors_checked"":1232896}"
      3072,         0,         0,   0.586,exact_mw,8973b2281876bd917be29e6214e197de75d185bf3f5e531e264555f10574746e,"{""distance"":7,""physical_error_rate"":0.0005}","{""detection_events"":4299,""detectors_checked"":1849344}"
      2048,         0,         0,   0.274,exact_mw,8973b2281876bd917be29e6214e197de75d185bf3f5e531e264555f10574746e,"{""distance"":7,""physical_error_rate"":0.0005}","{""detection_events"":2852,""detectors_checked"":1232896}"
      1024,         0,         0,   0.219,exact_mw,8973b2281876bd917be29e6214e197de75d185bf3f5e531e264555f10574746e,"{""distance"":7,""physical_error_rate"":0.0005}","{""detection_events"":1392,""detectors_checked"":616448}"
      1024,         0,         0,   0.326,exact_mw,8973b2281876bd917be29e6214e197de75d185bf3f5e531e264555f10574746e,"{""distance"":7,""physical_error_rate"":0.0005}","{""detection_events"":1449,""detectors_checked"":616448}"
      1024,         0,         0,   0.219,exact_mw,8973b2281876bd917be29e6214e197de75d185bf3f5e531e264555f10574746e,"{""distance"":7,""physical_error_rate"":0.0005}","{""detection_events"":1411,""detectors_checked"":616448}"
      2048,         0,         0,   0.568,exact_mw,8973b2281876bd917be29e6214e197de75d185bf3f5e531e264555f10574746e,"{""distance"":7,""physical_error_rate"":0.0005}","{""detection_events"":3024,""detectors_checked"":1232896}"
      1024,         0,         0,   0.174,exact_mw,8973b2281876bd917be29e6214e197de75d185bf3f5e531e264555f10574746e,"{""distance"":7,""physical_error_rate"":0.0005}","{""detection_events"":1496,""detectors_checked"":616448}"
      1024,         0,         0,   0.156,exact_mw,8973b2281876bd917be29e6214e197de75d185bf3f5e531e264555f10574746e,"{""distance"":7,""physical_error_rate"":0.0005}","{""detection_events"":1508,""detectors_checked"":616448}"
      2048,         0,         0,   0.334,exact_mw,8973b2281876bd917be29e6214e197de75d185bf3f5e531e264555f10574746e,"{""distance"":7,""physical_error_rate"":0.0005}","{""detection_events"":2944,""detectors_checked"":1232896}"
      1024,         0,         0,   0.294,exact_mw,8973b2281876bd917be29e6214e197de75d185bf3f5e531e264555f10574746e,"{""distance"":7,""physical_error_rate"":0.0005}","{""detection_events"":1721,""detectors_checked"":616448}"
      1024,         0,         0,   0.150,exact_mw,8973b2281876bd917be29e6214e197de75d185bf3f5e531e264555f10574746e,"{""distance"":7,""physical_error_rate"":0.0005}","{""detection_events"":1467,""detectors_checked"":616448}"
      1024,         0,         0,   0.302,exact_mw,8973b2281876bd917be29e6214e197de75d185bf3f5e531e264555f10574746e,"{""distance"":7,""physical_error_rate"":0.0005}","{""detection_events"":1558,""detectors_checked"":616448}"
      1024,         0,         0,   0.164,exact_mw,8973b2281876bd917be29e6214e197de75d185bf3f5e531e264555f10574746e,"{""distance"":7,""physical_error_rate"":0.0005}","{""detection_events"":1399,""detectors_checked"":616448}"
      2048,         0,         0,   0.433,exact_mw,8973b2281876bd917be29e6214e197de75d185bf3f5e531e264555f10574746e,"{""distance"":7,""physical_error_rate"":0.0005}","{""detection_events"":3310,""detectors_checked"":1232896}"
      5120,         0,         0,   0.791,exact_mw,8973b2281876bd917be29e6214e197de75d185bf3f5e531e264555f10574746e,"{""distance"":7,""physical_error_rate"":0.0005}","{""detection_events"":7606,""detectors_checked"":3082240}"
      2048,         0,         0,   0.466,exact_mw,8973b2281876bd917be29e6214e197de75d185bf3f5e531e264555f10574746e,"{""distance"":7,""physical_error_rate"":0.0005}","{""detection_events"":3077,""detectors_checked"":1232896}"
      1024,         0,         0,   0.168,exact_mw,8973b2281876bd917be29e6214e197de75d185bf3f5e531e264555f10574746e,"{""distance"":7,""physical_error_rate"":0.0005}","{""detection_events"":1467,""detectors_checked"":616448}"
      1024,         0,         0,   0.247,exact_mw,8973b2281876bd917be29e6214e197de75d185bf3f5e531e264555f10574746e,"{""distance"":7,""physical_error_rate"":0.0005}","{""detection_events"":1588,""detectors_checked"":616448}"
      1024,         0,         0,   0.161,exact_mw,8973b2281876bd917be29e6214e197de75d185bf3f5e531e264555f10574746e,"{""distance"":7,""physical_error_rate"":0.0005}","{""detection_events"":1530,""detectors_checked"":616448}"
      1024,         1,         0,   0.123,exact_mw,8973b2281876bd917be29e6214e197de75d185bf3f5e531e264555f10574746e,"{""distance"":7,""physical_error_rate"":0.0005}","{""detection_events"":1663,""detectors_checked"":616448,""obs_mistake_mask=E"":1}"
      1024,         0,         0,   0.266,exact_mw,8973b2281876bd917be29e6214e197de75d185bf3f5e531e264555f10574746e,"{""distance"":7,""physical_error_rate"":0.0005}","{""detection_events"":1568,""detectors_checked"":616448}"
      1024,         0,         0,   0.173,exact_mw,8973b2281876bd917be29e6214e197de75d185bf3f5e531e264555f10574746e,"{""distance"":7,""physical_error_rate"":0.0005}","{""detection_events"":1478,""detectors_checked"":616448}"
      1024,         0,         0,   0.133,exact_mw,8973b2281876bd917be29e6214e197de75d185bf3f5e531e264555f10574746e,"{""distance"":7,""physical_error_rate"":0.0005}","{""detection_events"":1418,""detectors_checked"":616448}"
     10240,         0,         0,    1.80,exact_mw,8973b2281876bd917be29e6214e197de75d185bf3f5e531e264555f10574746e,"{""distance"":7,""physical_error_rate"":0.0005}","{""detection_events"":15093,""detectors_checked"":6164480}"
      4096,         0,         0,   0.550,exact_mw,8973b2281876bd917be29e6214e197de75d185bf3f5e531e264555f10574746e,"{""distance"":7,""physical_error_rate"":0.0005}","{""detection_events"":5876,""detectors_checked"":2465792}"
      1024,         0,         0,   0.205,exact_mw,8973b2281876bd917be29e6214e197de75d185bf3f5e531e264555f10574746e,"{""distance"":7,""physical_error_rate"":0.0005}","{""detection_events"":1526,""detectors_checked"":616448}"
      2048,         0,         0,   0.754,exact_mw,8973b2281876bd917be29e6214e197de75d185bf3f5e531e264555f10574746e,"{""distance"":7,""physical_error_rate"":0.0005}","{""detection_events"":3209,""detectors_checked"":1232896}"
      1024,         0,         0,   0.178,exact_mw,8973b2281876bd917be29e6214e197de75d185bf3f5e531e264555f10574746e,"{""distance"":7,""physical_error_rate"":0.0005}","{""detection_events"":1467,""detectors_checked"":616448}"
      4096,         0,         0,   0.976,exact_mw,8973b2281876bd917be29e6214e197de75d185bf3f5e531e264555f10574746e,"{""distance"":7,""physical_error_rate"":0.0005}","{""detection_events"":6134,""detectors_checked"":2465792}"
      2048,         0,         0,   0.408,exact_mw,8973b2281876bd917be29e6214e197de75d185bf3f5e531e264555f10574746e,"{""distance"":7,""physical_error_rate"":0.0005}","{""detection_events"":3112,""detectors_checked"":1232896}"
      1024,         0,         0,   0.139,exact_mw,8973b2281876bd917be29e6214e197de75d185bf3f5e531e264555f10574746e,"{""distance"":7,""physical_error_rate"":0.0005}","{""detection_events"":1616,""detectors_checked"":616448}"
      3072,         0,         0,   0.534,exact_mw,8973b2281876bd917be29e6214e197de75d185bf3f5e531e264555f10574746e,"{""distance"":7,""physical_error_rate"":0.0005}","{""detection_events"":4765,""detectors_checked"":1849344}"
      1024,         0,         0,   0.250,exact_mw,8973b2281876bd917be29e6214e197de75d185bf3f5e531e264555f10574746e,"{""distance"":7,""physical_error_rate"":0.0005}","{""detection_events"":1570,""detectors_checked"":616448}"
       273,         0,         0,   0.056,exact_mw,8973b2281876bd917be29e6214e197de75d185bf3f5e531e264555f10574746e,"{""distance"":7,""physical_error_rate"":0.0005}","{""detection_events"":405,""detectors_checked"":164346}"
      3072,         0,         0,   0.693,exact_mw,8973b2281876bd917be29e6214e197de75d185bf3f5e531e264555f10574746e,"{""distance"":7,""physical_error_rate"":0.0005}","{""detection_events"":4574,""detectors_checked"":1849344}"
      1024,         0,         0,   0.269,exact_mw,8973b2281876bd917be29e6214e197de75d185bf3f5e531e264555f10574746e,"{""distance"":7,""physical_error_rate"":0.0005}","{""detection_events"":1422,""detectors_checked"":616448}"
      2048,         0,         0,   0.282,exact_mw,8973b2281876bd917be29e6214e197de75d185bf3f5e531e264555f10574746e,"{""distance"":7,""physical_error_rate"":0.0005}","{""detection_events"":3095,""detectors_checked"":1232896}"
         1,         0,         0,   0.014,exact_mw,8973b2281876bd917be29e6214e197de75d185bf3f5e531e264555f10574746e,"{""distance"":7,""physical_error_rate"":0.0005}","{""detection_events"":7,""detectors_checked"":602}"
      1024,         1,         0,   0.296,exact_mw,8973b2281876bd917be29e6214e197de75d185bf3f5e531e264555f10574746e,"{""distance"":7,""physical_error_rate"":0.0005}","{""detection_events"":1530,""detectors_checked"":616448,""obs_mistake_mask=E"":1}"
      4096,         0,         0,   0.605,exact_mw,8973b2281876bd917be29e6214e197de75d185bf3f5e531e264555f10574746e,"{""distance"":7,""physical_error_rate"":0.0005}","{""detection_events"":6064,""detectors_checked"":2465792}"
      2048,         0,         0,   0.435,exact_mw,8973b2281876bd917be29e6214e197de75d185bf3f5e531e264555f10574746e,"{""distance"":7,""physical_error_rate"":0.0005}","{""detection_events"":3247,""detectors_checked"":1232896}"
      2048,         0,         0,   0.384,exact_mw,8973b2281876bd917be29e6214e197de75d185bf3f5e531e264555f10574746e,"{""distance"":7,""physical_error_rate"":0.0005}","{""detection_events"":3123,""detectors_checked"":1232896}"
      1024,         0,         0,   0.245,exact_mw,8973b2281876bd917be29e6214e197de75d185bf3f5e531e264555f10574746e,"{""distance"":7,""physical_error_rate"":0.0005}","{""detection_events"":1491,""detectors_checked"":616448}"
       272,         0,         0,   0.082,exact_mw,8973b2281876bd917be29e6214e197de75d185bf3f5e531e264555f10574746e,"{""distance"":7,""physical_error_rate"":0.0005}","{""detection_events"":478,""detectors_checked"":163744}"
      1024,         0,         0,   0.139,exact_mw,8973b2281876bd917be29e6214e197de75d185bf3f5e531e264555f10574746e,"{""distance"":7,""physical_error_rate"":0.0005}","{""detection_events"":1556,""detectors_checked"":616448}"
      1024,         0,         0,   0.203,exact_mw,8973b2281876bd917be29e6214e197de75d185bf3f5e531e264555f10574746e,"{""distance"":7,""physical_error_rate"":0.0005}","{""detection_events"":1460,""detectors_checked"":616448}"
     11264,         0,         0,    1.22,exact_mw,8973b2281876bd917be29e6214e197de75d185bf3f5e531e264555f10574746e,"{""distance"":7,""physical_error_rate"":0.0005}","{""detection_events"":16500,""detectors_checked"":6780928}"
    653312,         1,         0,   119.9,exact_mw,8973b2281876bd917be29e6214e197de75d185bf3f5e531e264555f10574746e,"{""distance"":7,""physical_error_rate"":0.0005}","{""detection_events"":966736,""detectors_checked"":393293824,""obs_mistake_mask=E"":1}"
      3072,         0,         0,   0.809,exact_mw,8973b2281876bd917be29e6214e197de75d185bf3f5e531e264555f10574746e,"{""distance"":7,""physical_error_rate"":0.0005}","{""detection_events"":4582,""detectors_checked"":1849344}"
      4096,         0,         0,   0.685,exact_mw,8973b2281876bd917be29e6214e197de75d185bf3f5e531e264555f10574746e,"{""distance"":7,""physical_error_rate"":0.0005}","{""detection_events"":6068,""detectors_checked"":2465792}"
      1024,         0,         0,   0.273,exact_mw,8973b2281876bd917be29e6214e197de75d185bf3f5e531e264555f10574746e,"{""distance"":7,""physical_error_rate"":0.0005}","{""detection_events"":1722,""detectors_checked"":616448}"
      2048,         0,         0,   0.410,exact_mw,8973b2281876bd917be29e6214e197de75d185bf3f5e531e264555f10574746e,"{""distance"":7,""physical_error_rate"":0.0005}","{""detection_events"":3156,""detectors_checked"":1232896}"
      3072,         0,         0,   0.562,exact_mw,8973b2281876bd917be29e6214e197de75d185bf3f5e531e264555f10574746e,"{""distance"":7,""physical_error_rate"":0.0005}","{""detection_events"":4615,""detectors_checked"":1849344}"
      2048,         0,         0,   0.303,exact_mw,8973b2281876bd917be29e6214e197de75d185bf3f5e531e264555f10574746e,"{""distance"":7,""physical_error_rate"":0.0005}","{""detection_events"":3244,""detectors_checked"":1232896}"
      1024,         0,         0,   0.216,exact_mw,8973b2281876bd917be29e6214e197de75d185bf3f5e531e264555f10574746e,"{""distance"":7,""physical_error_rate"":0.0005}","{""detection_events"":1591,""detectors_checked"":616448}"
      1024,         0,         0,   0.161,exact_mw,8973b2281876bd917be29e6214e197de75d185bf3f5e531e264555f10574746e,"{""distance"":7,""physical_error_rate"":0.0005}","{""detection_events"":1449,""detectors_checked"":616448}"
      2048,         0,         0,   0.493,exact_mw,8973b2281876bd917be29e6214e197de75d185bf3f5e531e264555f10574746e,"{""distance"":7,""physical_error_rate"":0.0005}","{""detection_events"":2950,""detectors_checked"":1232896}"
      1024,         0,         0,   0.111,exact_mw,8973b2281876bd917be29e6214e197de75d185bf3f5e531e264555f10574746e,"{""distance"":7,""physical_error_rate"":0.0005}","{""detection_events"":1418,""detectors_checked"":616448}"
      1024,         0,         0,   0.162,exact_mw,8973b2281876bd917be29e6214e197de75d185bf3f5e531e264555f10574746e,"{""distance"":7,""physical_error_rate"":0.0005}","{""detection_events"":1512,""detectors_checked"":616448}"
      2048,         0,         0,   0.338,exact_mw,8973b2281876bd917be29e6214e197de75d185bf3f5e531e264555f10574746e,"{""distance"":7,""physical_error_rate"":0.0005}","{""detection_events"":3004,""detectors_checked"":1232896}"
        17,         0,         0,   0.025,exact_mw,8973b2281876bd917be29e6214e197de75d185bf3f5e531e264555f10574746e,"{""distance"":7,""physical_error_rate"":0.0005}","{""detection_events"":23,""detectors_checked"":10234}"
      1024,         0,         0,   0.126,exact_mw,8973b2281876bd917be29e6214e197de75d185bf3f5e531e264555f10574746e,"{""distance"":7,""physical_error_rate"":0.0005}","{""detection_events"":1439,""detectors_checked"":616448}"
       256,         0,         0,   0.032,exact_mw,8973b2281876bd917be29e6214e197de75d185bf3f5e531e264555f10574746e,"{""distance"":7,""physical_error_rate"":0.0005}","{""detection_events"":411,""detectors_checked"":154112}"
      2048,         0,         0,   0.397,exact_mw,8973b2281876bd917be29e6214e197de75d185bf3f5e531e264555f10574746e,"{""distance"":7,""physical_error_rate"":0.0005}","{""detection_events"":3149,""detectors_checked"":1232896}"
      2048,         0,         0,   0.460,exact_mw,8973b2281876bd917be29e6214e197de75d185bf3f5e531e264555f10574746e,"{""distance"":7,""physical_error_rate"":0.0005}","{""detection_events"":3011,""detectors_checked"":1232896}"
      5120,         0,         0,    1.24,exact_mw,8973b2281876bd917be29e6214e197de75d185bf3f5e531e264555f10574746e,"{""distance"":7,""physical_error_rate"":0.0005}","{""detection_events"":7484,""detectors_checked"":3082240}"
         1,         0,         0,   0.001,exact_mw,8973b2281876bd917be29e6214e197de75d185bf3f5e531e264555f10574746e,"{""distance"":7,""physical_error_rate"":0.0005}","{""detectors_checked"":602}"
      1024,         0,         0,   0.158,exact_mw,8973b2281876bd917be29e6214e197de75d185bf3f5e531e264555f10574746e,"{""distance"":7,""physical_error_rate"":0.0005}","{""detection_events"":1456,""detectors_checked"":616448}"
      5120,         0,         0,   0.862,exact_mw,8973b2281876bd917be29e6214e197de75d185bf3f5e531e264555f10574746e,"{""distance"":7,""physical_error_rate"":0.0005}","{""detection_events"":7886,""detectors_checked"":3082240}"
    559104,         4,         0,   120.1,exact_mw,8973b2281876bd917be29e6214e197de75d185bf3f5e531e264555f10574746e,"{""distance"":7,""physical_error_rate"":0.0005}","{""detection_events"":827293,""detectors_checked"":336580608,""obs_mistake_mask=E"":4}"
      1024,         0,         0,   0.193,exact_mw,8973b2281876bd917be29e6214e197de75d185bf3f5e531e264555f10574746e,"{""distance"":7,""physical_error_rate"":0.0005}","{""detection_events"":1526,""detectors_checked"":616448}"
      1024,         0,         0,   0.352,exact_mw,8973b2281876bd917be29e6214e197de75d185bf3f5e531e264555f10574746e,"{""distance"":7,""physical_error_rate"":0.0005}","{""detection_events"":1542,""detectors_checked"":616448}"
      1024,         0,         0,   0.120,exact_mw,8973b2281876bd917be29e6214e197de75d185bf3f5e531e264555f10574746e,"{""distance"":7,""physical_error_rate"":0.0005}","{""detection_events"":1509,""detectors_checked"":616448}"
       272,         0,         0,   0.134,exact_mw,8973b2281876bd917be29e6214e197de75d185bf3f5e531e264555f10574746e,"{""distance"":7,""physical_error_rate"":0.0005}","{""detection_events"":389,""detectors_checked"":163744}"
      5120,         0,         0,   0.771,exact_mw,8973b2281876bd917be29e6214e197de75d185bf3f5e531e264555f10574746e,"{""distance"":7,""physical_error_rate"":0.0005}","{""detection_events"":7701,""detectors_checked"":3082240}"
      1024,         0,         0,   0.155,exact_mw,8973b2281876bd917be29e6214e197de75d185bf3f5e531e264555f10574746e,"{""distance"":7,""physical_error_rate"":0.0005}","{""detection_events"":1557,""detectors_checked"":616448}"
      1024,         0,         0,   0.270,exact_mw,8973b2281876bd917be29e6214e197de75d185bf3f5e531e264555f10574746e,"{""distance"":7,""physical_error_rate"":0.0005}","{""detection_events"":1576,""detectors_checked"":616448}"
      5120,         0,         0,   0.859,exact_mw,8973b2281876bd917be29e6214e197de75d185bf3f5e531e264555f10574746e,"{""distance"":7,""physical_error_rate"":0.0005}","{""detection_events"":7784,""detectors_checked"":3082240}"
      3072,         0,         0,   0.520,exact_mw,8973b2281876bd917be29e6214e197de75d185bf3f5e531e264555f10574746e,"{""distance"":7,""physical_error_rate"":0.0005}","{""detection_events"":4474,""detectors_checked"":1849344}"
      1024,         0,         0,   0.218,exact_mw,8973b2281876bd917be29e6214e197de75d185bf3f5e531e264555f10574746e,"{""distance"":7,""physical_error_rate"":0.0005}","{""detection_events"":1509,""detectors_checked"":616448}"
      1024,         0,         0,   0.351,exact_mw,8973b2281876bd917be29e6214e197de75d185bf3f5e531e264555f10574746e,"{""distance"":7,""physical_error_rate"":0.0005}","{""detection_events"":1573,""detectors_checked"":616448}"
      3072,         0,         0,   0.754,exact_mw,8973b2281876bd917be29e6214e197de75d185bf3f5e531e264555f10574746e,"{""distance"":7,""physical_error_rate"":0.0005}","{""detection_events"":4395,""detectors_checked"":1849344}"
      1024,         0,         0,   0.150,exact_mw,8973b2281876bd917be29e6214e197de75d185bf3f5e531e264555f10574746e,"{""distance"":7,""physical_error_rate"":0.0005}","{""detection_events"":1618,""detectors_checked"":616448}"
      2048,         0,         0,   0.605,exact_mw,8973b2281876bd917be29e6214e197de75d185bf3f5e531e264555f10574746e,"{""distance"":7,""physical_error_rate"":0.0005}","{""detection_events"":3087,""detectors_checked"":1232896}"
      3072,         0,         0,   0.621,exact_mw,8973b2281876bd917be29e6214e197de75d185bf3f5e531e264555f10574746e,"{""distance"":7,""physical_error_rate"":0.0005}","{""detection_events"":4914,""detectors_checked"":1849344}"
      1024,         0,         0,   0.246,exact_mw,8973b2281876bd917be29e6214e197de75d185bf3f5e531e264555f10574746e,"{""distance"":7,""physical_error_rate"":0.0005}","{""detection_events"":1400,""detectors_checked"":616448}"
      5120,         0,         0,    1.16,exact_mw,8973b2281876bd917be29e6214e197de75d185bf3f5e531e264555f10574746e,"{""distance"":7,""physical_error_rate"":0.0005}","{""detection_events"":7580,""detectors_checked"":3082240}"
      2048,         0,         0,   0.300,exact_mw,8973b2281876bd917be29e6214e197de75d185bf3f5e531e264555f10574746e,"{""distance"":7,""physical_error_rate"":0.0005}","{""detection_events"":2973,""detectors_checked"":1232896}"
      1024,         0,         0,   0.297,exact_mw,8973b2281876bd917be29e6214e197de75d185bf3f5e531e264555f10574746e,"{""distance"":7,""physical_error_rate"":0.0005}","{""detection_events"":1449,""detectors_checked"":616448}"
      1024,         0,         0,   0.255,exact_mw,8973b2281876bd917be29e6214e197de75d185bf3f5e531e264555f10574746e,"{""distance"":7,""physical_error_rate"":0.0005}","{""detection_events"":1552,""detectors_checked"":616448}"
     18432,         0,         0,    2.19,exact_mw,8973b2281876bd917be29e6214e197de75d185bf3f5e531e264555f10574746e,"{""distance"":7,""physical_error_rate"":0.0005}","{""detection_events"":27489,""detectors_checked"":11096064}"
      1024,         0,         0,   0.248,exact_mw,8973b2281876bd917be29e6214e197de75d185bf3f5e531e264555f10574746e,"{""distance"":7,""physical_error_rate"":0.0005}","{""detection_events"":1596,""detectors_checked"":616448}"
      1024,         1,         0,   0.183,exact_mw,8973b2281876bd917be29e6214e197de75d185bf3f5e531e264555f10574746e,"{""distance"":7,""physical_error_rate"":0.0005}","{""detection_events"":1547,""detectors_checked"":616448,""obs_mistake_mask=E"":1}"
      1024,         0,         0,   0.216,exact_mw,8973b2281876bd917be29e6214e197de75d185bf3f5e531e264555f10574746e,"{""distance"":7,""physical_error_rate"":0.0005}","{""detection_events"":1603,""detectors_checked"":616448}"
      3072,         0,         0,   0.612,exact_mw,8973b2281876bd917be29e6214e197de75d185bf3f5e531e264555f10574746e,"{""distance"":7,""physical_error_rate"":0.0005}","{""detection_events"":4473,""detectors_checked"":1849344}"
     11264,         0,         0,    1.59,exact_mw,8973b2281876bd917be29e6214e197de75d185bf3f5e531e264555f10574746e,"{""distance"":7,""physical_error_rate"":0.0005}","{""detection_events"":16408,""detectors_checked"":6780928}"
      1024,         0,         0,   0.147,exact_mw,8973b2281876bd917be29e6214e197de75d185bf3f5e531e264555f10574746e,"{""distance"":7,""physical_error_rate"":0.0005}","{""detection_events"":1479,""detectors_checked"":616448}"
      2048,         0,         0,   0.412,exact_mw,8973b2281876bd917be29e6214e197de75d185bf3f5e531e264555f10574746e,"{""distance"":7,""physical_error_rate"":0.0005}","{""detection_events"":3229,""detectors_checked"":1232896}"
        17,         0,         0,   0.022,exact_mw,8973b2281876bd917be29e6214e197de75d185bf3f5e531e264555f10574746e,"{""distance"":7,""physical_error_rate"":0.0005}","{""detection_events"":45,""detectors_checked"":10234}"
      1024,         0,         0,   0.245,exact_mw,8973b2281876bd917be29e6214e197de75d185bf3f5e531e264555f10574746e,"{""distance"":7,""physical_error_rate"":0.0005}","{""detection_events"":1560,""detectors_checked"":616448}"
      1024,         0,         0,   0.243,exact_mw,8973b2281876bd917be29e6214e197de75d185bf3f5e531e264555f10574746e,"{""distance"":7,""physical_error_rate"":0.0005}","{""detection_events"":1612,""detectors_checked"":616448}"
      1024,         0,         0,   0.157,exact_mw,8973b2281876bd917be29e6214e197de75d185bf3f5e531e264555f10574746e,"{""distance"":7,""physical_error_rate"":0.0005}","{""detection_events"":1583,""detectors_checked"":616448}"
       256,         0,         0,   0.126,exact_mw,8973b2281876bd917be29e6214e197de75d185bf3f5e531e264555f10574746e,"{""distance"":7,""physical_error_rate"":0.0005}","{""detection_events"":400,""detectors_checked"":154112}"
      6144,         0,         0,    1.16,exact_mw,8973b2281876bd917be29e6214e197de75d185bf3f5e531e264555f10574746e,"{""distance"":7,""physical_error_rate"":0.0005}","{""detection_events"":9524,""detectors_checked"":3698688}"
      3072,         0,         0,   0.654,exact_mw,8973b2281876bd917be29e6214e197de75d185bf3f5e531e264555f10574746e,"{""distance"":7,""physical_error_rate"":0.0005}","{""detection_events"":4421,""detectors_checked"":1849344}"
      4096,         0,         0,   0.853,exact_mw,8973b2281876bd917be29e6214e197de75d185bf3f5e531e264555f10574746e,"{""distance"":7,""physical_error_rate"":0.0005}","{""detection_events"":6046,""detectors_checked"":2465792}"
      1024,         0,         0,   0.136,exact_mw,8973b2281876bd917be29e6214e197de75d185bf3f5e531e264555f10574746e,"{""distance"":7,""physical_error_rate"":0.0005}","{""detection_events"":1415,""detectors_checked"":616448}"
      1024,         0,         0,   0.175,exact_mw,8973b2281876bd917be29e6214e197de75d185bf3f5e531e264555f10574746e,"{""distance"":7,""physical_error_rate"":0.0005}","{""detection_events"":1506,""detectors_checked"":616448}"
      2048,         0,         0,   0.366,exact_mw,8973b2281876bd917be29e6214e197de75d185bf3f5e531e264555f10574746e,"{""distance"":7,""physical_error_rate"":0.0005}","{""detection_events"":3093,""detectors_checked"":1232896}"
      1024,         0,         0,   0.278,exact_mw,8973b2281876bd917be29e6214e197de75d185bf3f5e531e264555f10574746e,"{""distance"":7,""physical_error_rate"":0.0005}","{""detection_events"":1502,""detectors_checked"":616448}"
      5120,         0,         0,   0.901,exact_mw,8973b2281876bd917be29e6214e197de75d185bf3f5e531e264555f10574746e,"{""distance"":7,""physical_error_rate"":0.0005}","{""detection_events"":7650,""detectors_checked"":3082240}"
      7168,         0,         0,    1.23,exact_mw,8973b2281876bd917be29e6214e197de75d185bf3f5e531e264555f10574746e,"{""distance"":7,""physical_error_rate"":0.0005}","{""detection_events"":10662,""detectors_checked"":4315136}"
      3072,         0,         0,   0.445,exact_mw,8973b2281876bd917be29e6214e197de75d185bf3f5e531e264555f10574746e,"{""distance"":7,""physical_error_rate"":0.0005}","{""detection_events"":4644,""detectors_checked"":1849344}"
      1024,         0,         0,   0.160,exact_mw,8973b2281876bd917be29e6214e197de75d185bf3f5e531e264555f10574746e,"{""distance"":7,""physical_error_rate"":0.0005}","{""detection_events"":1456,""detectors_checked"":616448}"
      1024,         0,         0,   0.169,exact_mw,8973b2281876bd917be29e6214e197de75d185bf3f5e531e264555f10574746e,"{""distance"":7,""physical_error_rate"":0.0005}","{""detection_events"":1521,""detectors_checked"":616448}"
      7168,         0,         0,    1.32,exact_mw,8973b2281876bd917be29e6214e197de75d185bf3f5e531e264555f10574746e,"{""distance"":7,""physical_error_rate"":0.0005}","{""detection_events"":10821,""detectors_checked"":4315136}"
      2048,         0,         0,   0.295,exact_mw,8973b2281876bd917be29e6214e197de75d185bf3f5e531e264555f10574746e,"{""distance"":7,""physical_error_rate"":0.0005}","{""detection_events"":2987,""detectors_checked"":1232896}"
      8192,         0,         0,    1.70,exact_mw,8973b2281876bd917be29e6214e197de75d185bf3f5e531e264555f10574746e,"{""distance"":7,""physical_error_rate"":0.0005}","{""detection_events"":12004,""detectors_checked"":4931584}"
    703488,         1,         0,   119.8,exact_mw,8973b2281876bd917be29e6214e197de75d185bf3f5e531e264555f10574746e,"{""distance"":7,""physical_error_rate"":0.0005}","{""detection_events"":1038946,""detectors_checked"":423499776,""obs_mistake_mask=E"":1}"
      1024,         0,         0,   0.158,exact_mw,8973b2281876bd917be29e6214e197de75d185bf3f5e531e264555f10574746e,"{""distance"":7,""physical_error_rate"":0.0005}","{""detection_events"":1533,""detectors_checked"":616448}"
      6144,         0,         0,   0.855,exact_mw,8973b2281876bd917be29e6214e197de75d185bf3f5e531e264555f10574746e,"{""distance"":7,""physical_error_rate"":0.0005}","{""detection_events"":8913,""detectors_checked"":3698688}"
      1024,         0,         0,   0.165,exact_mw,8973b2281876bd917be29e6214e197de75d185bf3f5e531e264555f10574746e,"{""distance"":7,""physical_error_rate"":0.0005}","{""detection_events"":1469,""detectors_checked"":616448}"
      2048,         0,         0,   0.320,exact_mw,8973b2281876bd917be29e6214e197de75d185bf3f5e531e264555f10574746e,"{""distance"":7,""physical_error_rate"":0.0005}","{""detection_events"":3150,""detectors_checked"":1232896}"
      3072,         0,         0,   0.563,exact_mw,8973b2281876bd917be29e6214e197de75d185bf3f5e531e264555f10574746e,"{""distance"":7,""physical_error_rate"":0.0005}","{""detection_events"":4435,""detectors_checked"":1849344}"
      1024,         0,         0,   0.401,exact_mw,8973b2281876bd917be29e6214e197de75d185bf3f5e531e264555f10574746e,"{""distance"":7,""physical_error_rate"":0.0005}","{""detection_events"":1534,""detectors_checked"":616448}"
      1024,         0,         0,   0.167,exact_mw,8973b2281876bd917be29e6214e197de75d185bf3f5e531e264555f10574746e,"{""distance"":7,""physical_error_rate"":0.0005}","{""detection_events"":1545,""detectors_checked"":616448}"
      4096,         0,         0,   0.879,exact_mw,8973b2281876bd917be29e6214e197de75d185bf3f5e531e264555f10574746e,"{""distance"":7,""physical_error_rate"":0.0005}","{""detection_events"":6096,""detectors_checked"":2465792}"
      4096,         0,         0,   0.596,exact_mw,8973b2281876bd917be29e6214e197de75d185bf3f5e531e264555f10574746e,"{""distance"":7,""physical_error_rate"":0.0005}","{""detection_events"":5802,""detectors_checked"":2465792}"
         1,         0,         0,   0.001,exact_mw,8973b2281876bd917be29e6214e197de75d185bf3f5e531e264555f10574746e,"{""distance"":7,""physical_error_rate"":0.0005}","{""detectors_checked"":602}"
      1024,         0,         0,   0.135,exact_mw,8973b2281876bd917be29e6214e197de75d185bf3f5e531e264555f10574746e,"{""distance"":7,""physical_error_rate"":0.0005}","{""detection_events"":1590,""detectors_checked"":616448}"
      9216,         0,         0,    1.60,exact_mw,8973b2281876bd917be29e6214e197de75d185bf3f5e531e264555f10574746e,"{""distance"":7,""physical_error_rate"":0.0005}","{""detection_events"":13304,""detectors_checked"":5548032}"
       272,         0,         0,   0.115,exact_mw,8973b2281876bd917be29e6214e197de75d185bf3f5e531e264555f10574746e,"{""distance"":7,""physical_error_rate"":0.0005}","{""detection_events"":433,""detectors_checked"":163744}"
      2048,         0,         0,   0.383,exact_mw,8973b2281876bd917be29e6214e197de75d185bf3f5e531e264555f10574746e,"{""distance"":7,""physical_error_rate"":0.0005}","{""detection_events"":2964,""detectors_checked"":1232896}"
      2048,         0,         0,   0.237,exact_mw,8973b2281876bd917be29e6214e197de75d185bf3f5e531e264555f10574746e,"{""distance"":7,""physical_error_rate"":0.0005}","{""detection_events"":2936,""detectors_checked"":1232896}"
      3072,         0,         0,   0.505,exact_mw,8973b2281876bd917be29e6214e197de75d185bf3f5e531e264555f10574746e,"{""distance"":7,""physical_error_rate"":0.0005}","{""detection_events"":4425,""detectors_checked"":1849344}"
      1024,         0,         0,   0.196,exact_mw,8973b2281876bd917be29e6214e197de75d185bf3f5e531e264555f10574746e,"{""distance"":7,""physical_error_rate"":0.0005}","{""detection_events"":1473,""detectors_checked"":616448}"
      6144,         0,         0,    1.34,exact_mw,8973b2281876bd917be29e6214e197de75d185bf3f5e531e264555f10574746e,"{""distance"":7,""physical_error_rate"":0.0005}","{""detection_events"":9247,""detectors_checked"":3698688}"
      5120,         0,         0,   0.627,exact_mw,8973b2281876bd917be29e6214e197de75d185bf3f5e531e264555f10574746e,"{""distance"":7,""physical_error_rate"":0.0005}","{""detection_events"":7506,""detectors_checked"":3082240}"
      1024,         0,         0,   0.142,exact_mw,8973b2281876bd917be29e6214e197de75d185bf3f5e531e264555f10574746e,"{""distance"":7,""physical_error_rate"":0.0005}","{""detection_events"":1513,""detectors_checked"":616448}"
      6144,         0,         0,    1.23,exact_mw,8973b2281876bd917be29e6214e197de75d185bf3f5e531e264555f10574746e,"{""distance"":7,""physical_error_rate"":0.0005}","{""detection_events"":8959,""detectors_checked"":3698688}"
      2048,         0,         0,   0.354,exact_mw,8973b2281876bd917be29e6214e197de75d185bf3f5e531e264555f10574746e,"{""distance"":7,""physical_error_rate"":0.0005}","{""detection_events"":3243,""detectors_checked"":1232896}"
     11264,         0,         0,    1.57,exact_mw,8973b2281876bd917be29e6214e197de75d185bf3f5e531e264555f10574746e,"{""distance"":7,""physical_error_rate"":0.0005}","{""detection_events"":16773,""detectors_checked"":6780928}"
       273,         0,         0,   0.036,exact_mw,8973b2281876bd917be29e6214e197de75d185bf3f5e531e264555f10574746e,"{""distance"":7,""physical_error_rate"":0.0005}","{""detection_events"":368,""detectors_checked"":164346}"
      1024,         0,         0,   0.164,exact_mw,8973b2281876bd917be29e6214e197de75d185bf3f5e531e264555f10574746e,"{""distance"":7,""physical_error_rate"":0.0005}","{""detection_events"":1385,""detectors_checked"":616448}"
      2048,         0,         0,   0.489,exact_mw,8973b2281876bd917be29e6214e197de75d185bf3f5e531e264555f10574746e,"{""distance"":7,""physical_error_rate"":0.0005}","{""detection_events"":3010,""detectors_checked"":1232896}"
      1024,         0,         0,   0.159,exact_mw,8973b2281876bd917be29e6214e197de75d185bf3f5e531e264555f10574746e,"{""distance"":7,""physical_error_rate"":0.0005}","{""detection_events"":1508,""detectors_checked"":616448}"
      4096,         0,         0,   0.880,exact_mw,8973b2281876bd917be29e6214e197de75d185bf3f5e531e264555f10574746e,"{""distance"":7,""physical_error_rate"":0.0005}","{""detection_events"":6070,""detectors_checked"":2465792}"
      1024,         0,         0,   0.215,exact_mw,8973b2281876bd917be29e6214e197de75d185bf3f5e531e264555f10574746e,"{""distance"":7,""physical_error_rate"":0.0005}","{""detection_events"":1538,""detectors_checked"":616448}"
      4096,         0,         0,   0.591,exact_mw,8973b2281876bd917be29e6214e197de75d185bf3f5e531e264555f10574746e,"{""distance"":7,""physical_error_rate"":0.0005}","{""detection_events"":6041,""detectors_checked"":2465792}"
     10240,         0,         0,    1.58,exact_mw,8973b2281876bd917be29e6214e197de75d185bf3f5e531e264555f10574746e,"{""distance"":7,""physical_error_rate"":0.0005}","{""detection_events"":15007,""detectors_checked"":6164480}"
      1024,         0,         0,   0.227,exact_mw,8973b2281876bd917be29e6214e197de75d185bf3f5e531e264555f10574746e,"{""distance"":7,""physical_error_rate"":0.0005}","{""detection_events"":1578,""detectors_checked"":616448}"
      4096,         0,         0,    1.12,exact_mw,8973b2281876bd917be29e6214e197de75d185bf3f5e531e264555f10574746e,"{""distance"":7,""physical_error_rate"":0.0005}","{""detection_events"":5977,""detectors_checked"":2465792}"
      3072,         0,         0,   0.419,exact_mw,8973b2281876bd917be29e6214e197de75d185bf3f5e531e264555f10574746e,"{""distance"":7,""physical_error_rate"":0.0005}","{""detection_events"":4474,""detectors_checked"":1849344}"
      7168,         0,         0,    1.42,exact_mw,8973b2281876bd917be29e6214e197de75d185bf3f5e531e264555f10574746e,"{""distance"":7,""physical_error_rate"":0.0005}","{""detection_events"":10490,""detectors_checked"":4315136}"
      1024,         0,         0,   0.197,exact_mw,8973b2281876bd917be29e6214e197de75d185bf3f5e531e264555f10574746e,"{""distance"":7,""physical_error_rate"":0.0005}","{""detection_events"":1475,""detectors_checked"":616448}"
     10240,         0,         0,    1.64,exact_mw,8973b2281876bd917be29e6214e197de75d185bf3f5e531e264555f10574746e,"{""distance"":7,""physical_error_rate"":0.0005}","{""detection_events"":14902,""detectors_checked"":6164480}"
     14336,         0,         0,    2.31,exact_mw,8973b2281876bd917be29e6214e197de75d185bf3f5e531e264555f10574746e,"{""distance"":7,""physical_error_rate"":0.0005}","{""detection_events"":21346,""detectors_checked"":8630272}"
      1024,         0,         0,   0.181,exact_mw,8973b2281876bd917be29e6214e197de75d185bf3f5e531e264555f10574746e,"{""distance"":7,""physical_error_rate"":0.0005}","{""detection_events"":1468,""detectors_checked"":616448}"
      4096,         0,         0,   0.797,exact_mw,8973b2281876bd917be29e6214e197de75d185bf3f5e531e264555f10574746e,"{""distance"":7,""physical_error_rate"":0.0005}","{""detection_events"":6039,""detectors_checked"":2465792}"
      3072,         0,         0,   0.697,exact_mw,8973b2281876bd917be29e6214e197de75d185bf3f5e531e264555f10574746e,"{""distance"":7,""physical_error_rate"":0.0005}","{""detection_events"":4439,""detectors_checked"":1849344}"
      1024,         0,         0,   0.273,exact_mw,8973b2281876bd917be29e6214e197de75d185bf3f5e531e264555f10574746e,"{""distance"":7,""physical_error_rate"":0.0005}","{""detection_events"":1422,""detectors_checked"":616448}"
      1024,         0,         0,   0.505,exact_mw,8973b2281876bd917be29e6214e197de75d185bf3f5e531e264555f10574746e,"{""distance"":7,""physical_error_rate"":0.0005}","{""detection_events"":1591,""detectors_checked"":616448}"
      2048,         0,         0,   0.577,exact_mw,8973b2281876bd917be29e6214e197de75d185bf3f5e531e264555f10574746e,"{""distance"":7,""physical_error_rate"":0.0005}","{""detection_events"":3062,""detectors_checked"":1232896}"
      9216,         0,         0,    2.20,exact_mw,8973b2281876bd917be29e6214e197de75d185bf3f5e531e264555f10574746e,"{""distance"":7,""physical_error_rate"":0.0005}","{""detection_events"":13377,""detectors_checked"":5548032}"
       273,         0,         0,   0.064,exact_mw,8973b2281876bd917be29e6214e197de75d185bf3f5e531e264555f10574746e,"{""distance"":7,""physical_error_rate"":0.0005}","{""detection_events"":420,""detectors_checked"":164346}"
     22528,         0,         0,    3.21,exact_mw,8973b2281876bd917be29e6214e197de75d185bf3f5e531e264555f10574746e,"{""distance"":7,""physical_error_rate"":0.0005}","{""detection_events"":32737,""detectors_checked"":13561856}"
      6144,         0,         0,   0.904,exact_mw,8973b2281876bd917be29e6214e197de75d185bf3f5e531e264555f10574746e,"{""distance"":7,""physical_error_rate"":0.0005}","{""detection_events"":8956,""detectors_checked"":3698688}"
      2048,         0,         0,   0.333,exact_mw,8973b2281876bd917be29e6214e197de75d185bf3f5e531e264555f10574746e,"{""distance"":7,""physical_error_rate"":0.0005}","{""detection_events"":2969,""detectors_checked"":1232896}"
      7168,         0,         0,    1.12,exact_mw,8973b2281876bd917be29e6214e197de75d185bf3f5e531e264555f10574746e,"{""distance"":7,""physical_error_rate"":0.0005}","{""detection_events"":10517,""detectors_checked"":4315136}"
      1024,         0,         0,   0.391,exact_mw,8973b2281876bd917be29e6214e197de75d185bf3f5e531e264555f10574746e,"{""distance"":7,""physical_error_rate"":0.0005}","{""detection_events"":1564,""detectors_checked"":616448}"
      1024,         0,         0,   0.247,exact_mw,8973b2281876bd917be29e6214e197de75d185bf3f5e531e264555f10574746e,"{""distance"":7,""physical_error_rate"":0.0005}","{""detection_events"":1689,""detectors_checked"":616448}"
      8192,         0,         0,    1.59,exact_mw,8973b2281876bd917be29e6214e197de75d185bf3f5e531e264555f10574746e,"{""distance"":7,""physical_error_rate"":0.0005}","{""detection_events"":12308,""detectors_checked"":4931584}"
      1024,         0,         0,   0.190,exact_mw,8973b2281876bd917be29e6214e197de75d185bf3f5e531e264555f10574746e,"{""distance"":7,""physical_error_rate"":0.0005}","{""detection_events"":1450,""detectors_checked"":616448}"
      8192,         0,         0,    1.66,exact_mw,8973b2281876bd917be29e6214e197de75d185bf3f5e531e264555f10574746e,"{""distance"":7,""physical_error_rate"":0.0005}","{""detection_events"":11804,""detectors_checked"":4931584}"
      2048,         0,         0,   0.346,exact_mw,8973b2281876bd917be29e6214e197de75d185bf3f5e531e264555f10574746e,"{""distance"":7,""physical_error_rate"":0.0005}","{""detection_events"":3177,""detectors_checked"":1232896}"
     13312,         0,         0,    2.20,exact_mw,8973b2281876bd917be29e6214e197de75d185bf3f5e531e264555f10574746e,"{""distance"":7,""physical_error_rate"":0.0005}","{""detection_events"":19971,""detectors_checked"":8013824}"
      1024,         0,         0,   0.331,exact_mw,8973b2281876bd917be29e6214e197de75d185bf3f5e531e264555f10574746e,"{""distance"":7,""physical_error_rate"":0.0005}","{""detection_events"":1579,""detectors_checked"":616448}"
      2048,         0,         0,   0.682,exact_mw,8973b2281876bd917be29e6214e197de75d185bf3f5e531e264555f10574746e,"{""distance"":7,""physical_error_rate"":0.0005}","{""detection_events"":3111,""detectors_checked"":1232896}"
      5120,         0,         0,   0.913,exact_mw,8973b2281876bd917be29e6214e197de75d185bf3f5e531e264555f10574746e,"{""distance"":7,""physical_error_rate"":0.0005}","{""detection_events"":7306,""detectors_checked"":3082240}"
      1024,         0,         0,   0.208,exact_mw,8973b2281876bd917be29e6214e197de75d185bf3f5e531e264555f10574746e,"{""distance"":7,""physical_error_rate"":0.0005}","{""detection_events"":1554,""detectors_checked"":616448}"
      6144,         1,         0,    1.14,exact_mw,8973b2281876bd917be29e6214e197de75d185bf3f5e531e264555f10574746e,"{""distance"":7,""physical_error_rate"":0.0005}","{""detection_events"":8964,""detectors_checked"":3698688,""obs_mistake_mask=E"":1}"
      1024,         0,         0,   0.283,exact_mw,8973b2281876bd917be29e6214e197de75d185bf3f5e531e264555f10574746e,"{""distance"":7,""physical_error_rate"":0.0005}","{""detection_events"":1547,""detectors_checked"":616448}"
      7168,         0,         0,    1.56,exact_mw,8973b2281876bd917be29e6214e197de75d185bf3f5e531e264555f10574746e,"{""distance"":7,""physical_error_rate"":0.0005}","{""detection_events"":10408,""detectors_checked"":4315136}"
      1024,         0,         0,   0.112,exact_mw,8973b2281876bd917be29e6214e197de75d185bf3f5e531e264555f10574746e,"{""distance"":7,""physical_error_rate"":0.0005}","{""detection_events"":1469,""detectors_checked"":616448}"
    679936,         2,         0,   119.9,exact_mw,8973b2281876bd917be29e6214e197de75d185bf3f5e531e264555f10574746e,"{""distance"":7,""physical_error_rate"":0.0005}","{""detection_events"":1005624,""detectors_checked"":409321472,""obs_mistake_mask=E"":2}"
         1,         0,         0,   0.001,exact_mw,8973b2281876bd917be29e6214e197de75d185bf3f5e531e264555f10574746e,"{""distance"":7,""physical_error_rate"":0.0005}","{""detection_events"":1,""detectors_checked"":602}"
      1024,         0,         0,   0.311,exact_mw,8973b2281876bd917be29e6214e197de75d185bf3f5e531e264555f10574746e,"{""distance"":7,""physical_error_rate"":0.0005}","{""detection_events"":1474,""detectors_checked"":616448}"
       272,         0,         0,   0.035,exact_mw,8973b2281876bd917be29e6214e197de75d185bf3f5e531e264555f10574746e,"{""distance"":7,""physical_error_rate"":0.0005}","{""detection_events"":360,""detectors_checked"":163744}"
      7168,         0,         0,    1.73,exact_mw,8973b2281876bd917be29e6214e197de75d185bf3f5e531e264555f10574746e,"{""distance"":7,""physical_error_rate"":0.0005}","{""detection_events"":10777,""detectors_checked"":4315136}"
      3072,         0,         0,   0.569,exact_mw,8973b2281876bd917be29e6214e197de75d185bf3f5e531e264555f10574746e,"{""distance"":7,""physical_error_rate"":0.0005}","{""detection_events"":4264,""detectors_checked"":1849344}"
      1024,         0,         0,   0.234,exact_mw,8973b2281876bd917be29e6214e197de75d185bf3f5e531e264555f10574746e,"{""distance"":7,""physical_error_rate"":0.0005}","{""detection_events"":1469,""detectors_checked"":616448}"
      7168,         0,         0,    1.16,exact_mw,8973b2281876bd917be29e6214e197de75d185bf3f5e531e264555f10574746e,"{""distance"":7,""physical_error_rate"":0.0005}","{""detection_events"":10204,""detectors_checked"":4315136}"
      1024,         0,         0,   0.236,exact_mw,8973b2281876bd917be29e6214e197de75d185bf3f5e531e264555f10574746e,"{""distance"":7,""physical_error_rate"":0.0005}","{""detection_events"":1643,""detectors_checked"":616448}"
      1024,         0,         0,   0.218,exact_mw,8973b2281876bd917be29e6214e197de75d185bf3f5e531e264555f10574746e,"{""distance"":7,""physical_error_rate"":0.0005}","{""detection_events"":1453,""detectors_checked"":616448}"
     11264,         0,         0,    2.49,exact_mw,8973b2281876bd917be29e6214e197de75d185bf3f5e531e264555f10574746e,"{""distance"":7,""physical_error_rate"":0.0005}","{""detection_events"":16677,""detectors_checked"":6780928}"
      1024,         0,         0,   0.221,exact_mw,8973b2281876bd917be29e6214e197de75d185bf3f5e531e264555f10574746e,"{""distance"":7,""physical_error_rate"":0.0005}","{""detection_events"":1436,""detectors_checked"":616448}"
       273,         0,         0,   0.021,exact_mw,8973b2281876bd917be29e6214e197de75d185bf3f5e531e264555f10574746e,"{""distance"":7,""physical_error_rate"":0.0005}","{""detection_events"":389,""detectors_checked"":164346}"
     11264,         0,         0,    2.31,exact_mw,8973b2281876bd917be29e6214e197de75d185bf3f5e531e264555f10574746e,"{""distance"":7,""physical_error_rate"":0.0005}","{""detection_events"":17126,""detectors_checked"":6780928}"
      1024,         0,         0,   0.248,exact_mw,8973b2281876bd917be29e6214e197de75d185bf3f5e531e264555f10574746e,"{""distance"":7,""physical_error_rate"":0.0005}","{""detection_events"":1483,""detectors_checked"":616448}"
      5120,         0,         0,   0.904,exact_mw,8973b2281876bd917be29e6214e197de75d185bf3f5e531e264555f10574746e,"{""distance"":7,""physical_error_rate"":0.0005}","{""detection_events"":7370,""detectors_checked"":3082240}"
       273,         0,         0,   0.035,exact_mw,8973b2281876bd917be29e6214e197de75d185bf3f5e531e264555f10574746e,"{""distance"":7,""physical_error_rate"":0.0005}","{""detection_events"":416,""detectors_checked"":164346}"
       273,         0,         0,   0.030,exact_mw,8973b2281876bd917be29e6214e197de75d185bf3f5e531e264555f10574746e,"{""distance"":7,""physical_error_rate"":0.0005}","{""detection_events"":415,""detectors_checked"":164346}"
      1024,         0,         0,   0.176,exact_mw,8973b2281876bd917be29e6214e197de75d185bf3f5e531e264555f10574746e,"{""distance"":7,""physical_error_rate"":0.0005}","{""detection_events"":1468,""detectors_checked"":616448}"
      1024,         0,         0,   0.380,exact_mw,8973b2281876bd917be29e6214e197de75d185bf3f5e531e264555f10574746e,"{""distance"":7,""physical_error_rate"":0.0005}","{""detection_events"":1397,""detectors_checked"":616448}"
      1024,         0,         0,   0.187,exact_mw,8973b2281876bd917be29e6214e197de75d185bf3f5e531e264555f10574746e,"{""distance"":7,""physical_error_rate"":0.0005}","{""detection_events"":1463,""detectors_checked"":616448}"
     15360,         0,         0,    2.33,exact_mw,8973b2281876bd917be29e6214e197de75d185bf3f5e531e264555f10574746e,"{""distance"":7,""physical_error_rate"":0.0005}","{""detection_events"":22659,""detectors_checked"":9246720}"
      4096,         0,         0,   0.653,exact_mw,8973b2281876bd917be29e6214e197de75d185bf3f5e531e264555f10574746e,"{""distance"":7,""physical_error_rate"":0.0005}","{""detection_events"":6032,""detectors_checked"":2465792}"
      1024,         0,         0,   0.183,exact_mw,8973b2281876bd917be29e6214e197de75d185bf3f5e531e264555f10574746e,"{""distance"":7,""physical_error_rate"":0.0005}","{""detection_events"":1546,""detectors_checked"":616448}"
      1024,         0,         0,   0.198,exact_mw,8973b2281876bd917be29e6214e197de75d185bf3f5e531e264555f10574746e,"{""distance"":7,""physical_error_rate"":0.0005}","{""detection_events"":1527,""detectors_checked"":616448}"
         1,         0,         0,   0.001,exact_mw,8973b2281876bd917be29e6214e197de75d185bf3f5e531e264555f10574746e,"{""distance"":7,""physical_error_rate"":0.0005}","{""detection_events"":1,""detectors_checked"":602}"
      5120,         0,         0,    1.14,exact_mw,8973b2281876bd917be29e6214e197de75d185bf3f5e531e264555f10574746e,"{""distance"":7,""physical_error_rate"":0.0005}","{""detection_events"":7776,""detectors_checked"":3082240}"
         1,         0,         0,   0.001,exact_mw,8973b2281876bd917be29e6214e197de75d185bf3f5e531e264555f10574746e,"{""distance"":7,""physical_error_rate"":0.0005}","{""detectors_checked"":602}"
       272,         0,         0,   0.029,exact_mw,8973b2281876bd917be29e6214e197de75d185bf3f5e531e264555f10574746e,"{""distance"":7,""physical_error_rate"":0.0005}","{""detection_events"":481,""detectors_checked"":163744}"
       273,         0,         0,   0.054,exact_mw,8973b2281876bd917be29e6214e197de75d185bf3f5e531e264555f10574746e,"{""distance"":7,""physical_error_rate"":0.0005}","{""detection_events"":390,""detectors_checked"":164346}"
      1024,         0,         0,   0.146,exact_mw,8973b2281876bd917be29e6214e197de75d185bf3f5e531e264555f10574746e,"{""distance"":7,""physical_error_rate"":0.0005}","{""detection_events"":1451,""detectors_checked"":616448}"
      2048,         0,         0,   0.382,exact_mw,8973b2281876bd917be29e6214e197de75d185bf3f5e531e264555f10574746e,"{""distance"":7,""physical_error_rate"":0.0005}","{""detection_events"":3030,""detectors_checked"":1232896}"
       273,         0,         0,   0.066,exact_mw,8973b2281876bd917be29e6214e197de75d185bf3f5e531e264555f10574746e,"{""distance"":7,""physical_error_rate"":0.0005}","{""detection_events"":479,""detectors_checked"":164346}"
       272,         0,         0,   0.076,exact_mw,8973b2281876bd917be29e6214e197de75d185bf3f5e531e264555f10574746e,"{""distance"":7,""physical_error_rate"":0.0005}","{""detection_events"":457,""detectors_checked"":163744}"
      1024,         0,         0,   0.273,exact_mw,8973b2281876bd917be29e6214e197de75d185bf3f5e531e264555f10574746e,"{""distance"":7,""physical_error_rate"":0.0005}","{""detection_events"":1502,""detectors_checked"":616448}"
      1024,         0,         0,   0.298,exact_mw,8973b2281876bd917be29e6214e197de75d185bf3f5e531e264555f10574746e,"{""distance"":7,""physical_error_rate"":0.0005}","{""detection_events"":1696,""detectors_checked"":616448}"
     13312,         0,         0,    1.74,exact_mw,8973b2281876bd917be29e6214e197de75d185bf3f5e531e264555f10574746e,"{""distance"":7,""physical_error_rate"":0.0005}","{""detection_events"":19548,""detectors_checked"":8013824}"
      1024,         0,         0,   0.229,exact_mw,8973b2281876bd917be29e6214e197de75d185bf3f5e531e264555f10574746e,"{""distance"":7,""physical_error_rate"":0.0005}","{""detection_events"":1422,""detectors_checked"":616448}"
      1024,         0,         0,   0.302,exact_mw,8973b2281876bd917be29e6214e197de75d185bf3f5e531e264555f10574746e,"{""distance"":7,""physical_error_rate"":0.0005}","{""detection_events"":1493,""detectors_checked"":616448}"
      1024,         0,         0,   0.180,exact_mw,8973b2281876bd917be29e6214e197de75d185bf3f5e531e264555f10574746e,"{""distance"":7,""physical_error_rate"":0.0005}","{""detection_events"":1515,""detectors_checked"":616448}"
      1024,         0,         0,   0.250,exact_mw,8973b2281876bd917be29e6214e197de75d185bf3f5e531e264555f10574746e,"{""distance"":7,""physical_error_rate"":0.0005}","{""detection_events"":1524,""detectors_checked"":616448}"
       273,         0,         0,   0.066,exact_mw,8973b2281876bd917be29e6214e197de75d185bf3f5e531e264555f10574746e,"{""distance"":7,""physical_error_rate"":0.0005}","{""detection_events"":414,""detectors_checked"":164346}"
      1024,         0,         0,   0.226,exact_mw,8973b2281876bd917be29e6214e197de75d185bf3f5e531e264555f10574746e,"{""distance"":7,""physical_error_rate"":0.0005}","{""detection_events"":1517,""detectors_checked"":616448}"
      1024,         0,         0,   0.200,exact_mw,8973b2281876bd917be29e6214e197de75d185bf3f5e531e264555f10574746e,"{""distance"":7,""physical_error_rate"":0.0005}","{""detection_events"":1554,""detectors_checked"":616448}"
      1024,         0,         0,   0.256,exact_mw,8973b2281876bd917be29e6214e197de75d185bf3f5e531e264555f10574746e,"{""distance"":7,""physical_error_rate"":0.0005}","{""detection_events"":1618,""detectors_checked"":616448}"
      1024,         0,         0,   0.189,exact_mw,8973b2281876bd917be29e6214e197de75d185bf3f5e531e264555f10574746e,"{""distance"":7,""physical_error_rate"":0.0005}","{""detection_events"":1472,""detectors_checked"":616448}"
      1024,         0,         0,   0.136,exact_mw,8973b2281876bd917be29e6214e197de75d185bf3f5e531e264555f10574746e,"{""distance"":7,""physical_error_rate"":0.0005}","{""detection_events"":1451,""detectors_checked"":616448}"
      1024,         0,         0,   0.154,exact_mw,8973b2281876bd917be29e6214e197de75d185bf3f5e531e264555f10574746e,"{""distance"":7,""physical_error_rate"":0.0005}","{""detection_events"":1538,""detectors_checked"":616448}"
      1024,         0,         0,   0.400,exact_mw,8973b2281876bd917be29e6214e197de75d185bf3f5e531e264555f10574746e,"{""distance"":7,""physical_error_rate"":0.0005}","{""detection_events"":1441,""detectors_checked"":616448}"
     11264,         0,         0,    1.56,exact_mw,8973b2281876bd917be29e6214e197de75d185bf3f5e531e264555f10574746e,"{""distance"":7,""physical_error_rate"":0.0005}","{""detection_events"":16720,""detectors_checked"":6780928}"
      1024,         0,         0,   0.288,exact_mw,8973b2281876bd917be29e6214e197de75d185bf3f5e531e264555f10574746e,"{""distance"":7,""physical_error_rate"":0.0005}","{""detection_events"":1497,""detectors_checked"":616448}"
      1024,         0,         0,   0.197,exact_mw,8973b2281876bd917be29e6214e197de75d185bf3f5e531e264555f10574746e,"{""distance"":7,""physical_error_rate"":0.0005}","{""detection_events"":1423,""detectors_checked"":616448}"
      1024,         0,         0,   0.161,exact_mw,8973b2281876bd917be29e6214e197de75d185bf3f5e531e264555f10574746e,"{""distance"":7,""physical_error_rate"":0.0005}","{""detection_events"":1317,""detectors_checked"":616448}"
      1024,         0,         0,   0.243,exact_mw,8973b2281876bd917be29e6214e197de75d185bf3f5e531e264555f10574746e,"{""distance"":7,""physical_error_rate"":0.0005}","{""detection_events"":1536,""detectors_checked"":616448}"
      1024,         0,         0,   0.134,exact_mw,8973b2281876bd917be29e6214e197de75d185bf3f5e531e264555f10574746e,"{""distance"":7,""physical_error_rate"":0.0005}","{""detection_events"":1456,""detectors_checked"":616448}"
      2048,         0,         0,   0.479,exact_mw,8973b2281876bd917be29e6214e197de75d185bf3f5e531e264555f10574746e,"{""distance"":7,""physical_error_rate"":0.0005}","{""detection_events"":3095,""detectors_checked"":1232896}"
      1024,         0,         0,   0.216,exact_mw,8973b2281876bd917be29e6214e197de75d185bf3f5e531e264555f10574746e,"{""distance"":7,""physical_error_rate"":0.0005}","{""detection_events"":1529,""detectors_checked"":616448}"
      1024,         0,         0,   0.166,exact_mw,8973b2281876bd917be29e6214e197de75d185bf3f5e531e264555f10574746e,"{""distance"":7,""physical_error_rate"":0.0005}","{""detection_events"":1511,""detectors_checked"":616448}"
      1024,         0,         0,   0.253,exact_mw,8973b2281876bd917be29e6214e197de75d185bf3f5e531e264555f10574746e,"{""distance"":7,""physical_error_rate"":0.0005}","{""detection_events"":1413,""detectors_checked"":616448}"
      2048,         0,         0,   0.407,exact_mw,8973b2281876bd917be29e6214e197de75d185bf3f5e531e264555f10574746e,"{""distance"":7,""physical_error_rate"":0.0005}","{""detection_events"":3093,""detectors_checked"":1232896}"
      1024,         0,         0,   0.185,exact_mw,8973b2281876bd917be29e6214e197de75d185bf3f5e531e264555f10574746e,"{""distance"":7,""physical_error_rate"":0.0005}","{""detection_events"":1536,""detectors_checked"":616448}"
     20480,         0,         0,    3.07,exact_mw,8973b2281876bd917be29e6214e197de75d185bf3f5e531e264555f10574746e,"{""distance"":7,""physical_error_rate"":0.0005}","{""detection_events"":29801,""detectors_checked"":12328960}"
      1024,         0,         0,   0.244,exact_mw,8973b2281876bd917be29e6214e197de75d185bf3f5e531e264555f10574746e,"{""distance"":7,""physical_error_rate"":0.0005}","{""detection_events"":1411,""detectors_checked"":616448}"
      1024,         0,         0,   0.163,exact_mw,8973b2281876bd917be29e6214e197de75d185bf3f5e531e264555f10574746e,"{""distance"":7,""physical_error_rate"":0.0005}","{""detection_events"":1501,""detectors_checked"":616448}"
     12288,         0,         0,    2.19,exact_mw,8973b2281876bd917be29e6214e197de75d185bf3f5e531e264555f10574746e,"{""distance"":7,""physical_error_rate"":0.0005}","{""detection_events"":18599,""detectors_checked"":7397376}"
      1024,         0,         0,   0.223,exact_mw,8973b2281876bd917be29e6214e197de75d185bf3f5e531e264555f10574746e,"{""distance"":7,""physical_error_rate"":0.0005}","{""detection_events"":1355,""detectors_checked"":616448}"
      1024,         0,         0,   0.274,exact_mw,8973b2281876bd917be29e6214e197de75d185bf3f5e531e264555f10574746e,"{""distance"":7,""physical_error_rate"":0.0005}","{""detection_events"":1583,""detectors_checked"":616448}"
      1024,         0,         0,   0.226,exact_mw,8973b2281876bd917be29e6214e197de75d185bf3f5e531e264555f10574746e,"{""distance"":7,""physical_error_rate"":0.0005}","{""detection_events"":1548,""detectors_checked"":616448}"
      1024,         0,         0,   0.186,exact_mw,8973b2281876bd917be29e6214e197de75d185bf3f5e531e264555f10574746e,"{""distance"":7,""physical_error_rate"":0.0005}","{""detection_events"":1558,""detectors_checked"":616448}"
         1,         0,         0,   0.001,exact_mw,8973b2281876bd917be29e6214e197de75d185bf3f5e531e264555f10574746e,"{""distance"":7,""physical_error_rate"":0.0005}","{""detection_events"":2,""detectors_checked"":602}"
      1024,         0,         0,   0.409,exact_mw,8973b2281876bd917be29e6214e197de75d185bf3f5e531e264555f10574746e,"{""distance"":7,""physical_error_rate"":0.0005}","{""detection_events"":1587,""detectors_checked"":616448}"
      5120,         1,         0,   0.911,exact_mw,8973b2281876bd917be29e6214e197de75d185bf3f5e531e264555f10574746e,"{""distance"":7,""physical_error_rate"":0.0005}","{""detection_events"":7340,""detectors_checked"":3082240,""obs_mistake_mask=E"":1}"
      5120,         0,         0,    1.16,exact_mw,8973b2281876bd917be29e6214e197de75d185bf3f5e531e264555f10574746e,"{""distance"":7,""physical_error_rate"":0.0005}","{""detection_events"":7307,""detectors_checked"":3082240}"
      1024,         0,         0,   0.350,exact_mw,8973b2281876bd917be29e6214e197de75d185bf3f5e531e264555f10574746e,"{""distance"":7,""physical_error_rate"":0.0005}","{""detection_events"":1535,""detectors_checked"":616448}"
     10240,         0,         0,    2.21,exact_mw,8973b2281876bd917be29e6214e197de75d185bf3f5e531e264555f10574746e,"{""distance"":7,""physical_error_rate"":0.0005}","{""detection_events"":14895,""detectors_checked"":6164480}"
      1024,         0,         0,   0.108,exact_mw,8973b2281876bd917be29e6214e197de75d185bf3f5e531e264555f10574746e,"{""distance"":7,""physical_error_rate"":0.0005}","{""detection_events"":1406,""detectors_checked"":616448}"
      1024,         0,         0,   0.249,exact_mw,8973b2281876bd917be29e6214e197de75d185bf3f5e531e264555f10574746e,"{""distance"":7,""physical_error_rate"":0.0005}","{""detection_events"":1559,""detectors_checked"":616448}"
         1,         0,         0,   0.001,exact_mw,8973b2281876bd917be29e6214e197de75d185bf3f5e531e264555f10574746e,"{""distance"":7,""physical_error_rate"":0.0005}","{""detection_events"":2,""detectors_checked"":602}"
      1024,         0,         0,   0.219,exact_mw,8973b2281876bd917be29e6214e197de75d185bf3f5e531e264555f10574746e,"{""distance"":7,""physical_error_rate"":0.0005}","{""detection_events"":1362,""detectors_checked"":616448}"
       273,         0,         0,   0.058,exact_mw,8973b2281876bd917be29e6214e197de75d185bf3f5e531e264555f10574746e,"{""distance"":7,""physical_error_rate"":0.0005}","{""detection_events"":386,""detectors_checked"":164346}"
       272,         1,         0,   0.156,exact_mw,8973b2281876bd917be29e6214e197de75d185bf3f5e531e264555f10574746e,"{""distance"":7,""physical_error_rate"":0.0005}","{""detection_events"":385,""detectors_checked"":163744,""obs_mistake_mask=E"":1}"
       272,         0,         0,   0.050,exact_mw,8973b2281876bd917be29e6214e197de75d185bf3f5e531e264555f10574746e,"{""distance"":7,""physical_error_rate"":0.0005}","{""detection_events"":358,""detectors_checked"":163744}"
      1024,         0,         0,   0.177,exact_mw,8973b2281876bd917be29e6214e197de75d185bf3f5e531e264555f10574746e,"{""distance"":7,""physical_error_rate"":0.0005}","{""detection_events"":1551,""detectors_checked"":616448}"
      1024,         0,         0,   0.282,exact_mw,8973b2281876bd917be29e6214e197de75d185bf3f5e531e264555f10574746e,"{""distance"":7,""physical_error_rate"":0.0005}","{""detection_events"":1569,""detectors_checked"":616448}"
      1024,         0,         0,   0.295,exact_mw,8973b2281876bd917be29e6214e197de75d185bf3f5e531e264555f10574746e,"{""distance"":7,""physical_error_rate"":0.0005}","{""detection_events"":1415,""detectors_checked"":616448}"
      1024,         0,         0,   0.354,exact_mw,8973b2281876bd917be29e6214e197de75d185bf3f5e531e264555f10574746e,"{""distance"":7,""physical_error_rate"":0.0005}","{""detection_events"":1466,""detectors_checked"":616448}"
      8192,         0,         0,    1.62,exact_mw,8973b2281876bd917be29e6214e197de75d185bf3f5e531e264555f10574746e,"{""distance"":7,""physical_error_rate"":0.0005}","{""detection_events"":12200,""detectors_checked"":4931584}"
       512,         0,         0,   0.093,exact_mw,8973b2281876bd917be29e6214e197de75d185bf3f5e531e264555f10574746e,"{""distance"":7,""physical_error_rate"":0.0005}","{""detection_events"":816,""detectors_checked"":308224}"
      1024,         0,         0,   0.220,exact_mw,8973b2281876bd917be29e6214e197de75d185bf3f5e531e264555f10574746e,"{""distance"":7,""physical_error_rate"":0.0005}","{""detection_events"":1430,""detectors_checked"":616448}"
      1024,         0,         0,   0.112,exact_mw,8973b2281876bd917be29e6214e197de75d185bf3f5e531e264555f10574746e,"{""distance"":7,""physical_error_rate"":0.0005}","{""detection_events"":1424,""detectors_checked"":616448}"
      1024,         0,         0,   0.199,exact_mw,8973b2281876bd917be29e6214e197de75d185bf3f5e531e264555f10574746e,"{""distance"":7,""physical_error_rate"":0.0005}","{""detection_events"":1506,""detectors_checked"":616448}"
      1024,         0,         0,   0.228,exact_mw,8973b2281876bd917be29e6214e197de75d185bf3f5e531e264555f10574746e,"{""distance"":7,""physical_error_rate"":0.0005}","{""detection_events"":1475,""detectors_checked"":616448}"
      1024,         0,         0,   0.163,exact_mw,8973b2281876bd917be29e6214e197de75d185bf3f5e531e264555f10574746e,"{""distance"":7,""physical_error_rate"":0.0005}","{""detection_events"":1536,""detectors_checked"":616448}"
      1024,         0,         0,   0.165,exact_mw,8973b2281876bd917be29e6214e197de75d185bf3f5e531e264555f10574746e,"{""distance"":7,""physical_error_rate"":0.0005}","{""detection_events"":1434,""detectors_checked"":616448}"
      1024,         0,         0,   0.278,exact_mw,8973b2281876bd917be29e6214e197de75d185bf3f5e531e264555f10574746e,"{""distance"":7,""physical_error_rate"":0.0005}","{""detection_events"":1450,""detectors_checked"":616448}"
      3072,         0,         0,   0.554,exact_mw,8973b2281876bd917be29e6214e197de75d185bf3f5e531e264555f10574746e,"{""distance"":7,""physical_error_rate"":0.0005}","{""detection_events"":4597,""detectors_checked"":1849344}"
      1024,         0,         0,   0.289,exact_mw,8973b2281876bd917be29e6214e197de75d185bf3f5e531e264555f10574746e,"{""distance"":7,""physical_error_rate"":0.0005}","{""detection_events"":1504,""detectors_checked"":616448}"
      1024,         0,         0,   0.428,exact_mw,8973b2281876bd917be29e6214e197de75d185bf3f5e531e264555f10574746e,"{""distance"":7,""physical_error_rate"":0.0005}","{""detection_events"":1572,""detectors_checked"":616448}"
      1024,         0,         0,   0.217,exact_mw,8973b2281876bd917be29e6214e197de75d185bf3f5e531e264555f10574746e,"{""distance"":7,""physical_error_rate"":0.0005}","{""detection_events"":1435,""detectors_checked"":616448}"
      1024,         0,         0,   0.171,exact_mw,8973b2281876bd917be29e6214e197de75d185bf3f5e531e264555f10574746e,"{""distance"":7,""physical_error_rate"":0.0005}","{""detection_events"":1669,""detectors_checked"":616448}"
      1024,         0,         0,   0.276,exact_mw,8973b2281876bd917be29e6214e197de75d185bf3f5e531e264555f10574746e,"{""distance"":7,""physical_error_rate"":0.0005}","{""detection_events"":1469,""detectors_checked"":616448}"
      3072,         0,         0,   0.764,exact_mw,8973b2281876bd917be29e6214e197de75d185bf3f5e531e264555f10574746e,"{""distance"":7,""physical_error_rate"":0.0005}","{""detection_events"":4601,""detectors_checked"":1849344}"
      1024,         0,         0,   0.219,exact_mw,8973b2281876bd917be29e6214e197de75d185bf3f5e531e264555f10574746e,"{""distance"":7,""physical_error_rate"":0.0005}","{""detection_events"":1473,""detectors_checked"":616448}"
      1024,         0,         0,   0.135,exact_mw,8973b2281876bd917be29e6214e197de75d185bf3f5e531e264555f10574746e,"{""distance"":7,""physical_error_rate"":0.0005}","{""detection_events"":1441,""detectors_checked"":616448}"
     14336,         0,         0,    3.17,exact_mw,8973b2281876bd917be29e6214e197de75d185bf3f5e531e264555f10574746e,"{""distance"":7,""physical_error_rate"":0.0005}","{""detection_events"":21259,""detectors_checked"":8630272}"
      1024,         0,         0,   0.261,exact_mw,8973b2281876bd917be29e6214e197de75d185bf3f5e531e264555f10574746e,"{""distance"":7,""physical_error_rate"":0.0005}","{""detection_events"":1446,""detectors_checked"":616448}"
      1024,         0,         0,   0.185,exact_mw,8973b2281876bd917be29e6214e197de75d185bf3f5e531e264555f10574746e,"{""distance"":7,""physical_error_rate"":0.0005}","{""detection_events"":1534,""detectors_checked"":616448}"
         1,         0,         0,   0.001,exact_mw,8973b2281876bd917be29e6214e197de75d185bf3f5e531e264555f10574746e,"{""distance"":7,""physical_error_rate"":0.0005}","{""detectors_checked"":602}"
      1024,         0,         0,   0.239,exact_mw,8973b2281876bd917be29e6214e197de75d185bf3f5e531e264555f10574746e,"{""distance"":7,""physical_error_rate"":0.0005}","{""detection_events"":1558,""detectors_checked"":616448}"
     11264,         0,         0,    2.31,exact_mw,8973b2281876bd917be29e6214e197de75d185bf3f5e531e264555f10574746e,"{""distance"":7,""physical_error_rate"":0.0005}","{""detection_events"":17093,""detectors_checked"":6780928}"
       272,         0,         0,   0.024,exact_mw,8973b2281876bd917be29e6214e197de75d185bf3f5e531e264555f10574746e,"{""distance"":7,""physical_error_rate"":0.0005}","{""detection_events"":352,""detectors_checked"":163744}"
      1024,         0,         0,   0.185,exact_mw,8973b2281876bd917be29e6214e197de75d185bf3f5e531e264555f10574746e,"{""distance"":7,""physical_error_rate"":0.0005}","{""detection_events"":1496,""detectors_checked"":616448}"
      1024,         0,         0,   0.154,exact_mw,8973b2281876bd917be29e6214e197de75d185bf3f5e531e264555f10574746e,"{""distance"":7,""physical_error_rate"":0.0005}","{""detection_events"":1540,""detectors_checked"":616448}"
      1024,         0,         0,   0.216,exact_mw,8973b2281876bd917be29e6214e197de75d185bf3f5e531e264555f10574746e,"{""distance"":7,""physical_error_rate"":0.0005}","{""detection_events"":1564,""detectors_checked"":616448}"
      1024,         0,         0,   0.290,exact_mw,8973b2281876bd917be29e6214e197de75d185bf3f5e531e264555f10574746e,"{""distance"":7,""physical_error_rate"":0.0005}","{""detection_events"":1493,""detectors_checked"":616448}"
      1024,         0,         0,   0.345,exact_mw,8973b2281876bd917be29e6214e197de75d185bf3f5e531e264555f10574746e,"{""distance"":7,""physical_error_rate"":0.0005}","{""detection_events"":1686,""detectors_checked"":616448}"
      1024,         0,         0,   0.140,exact_mw,8973b2281876bd917be29e6214e197de75d185bf3f5e531e264555f10574746e,"{""distance"":7,""physical_error_rate"":0.0005}","{""detection_events"":1548,""detectors_checked"":616448}"
      1024,         0,         0,   0.244,exact_mw,8973b2281876bd917be29e6214e197de75d185bf3f5e531e264555f10574746e,"{""distance"":7,""physical_error_rate"":0.0005}","{""detection_events"":1470,""detectors_checked"":616448}"
     10240,         1,         0,    2.29,exact_mw,8973b2281876bd917be29e6214e197de75d185bf3f5e531e264555f10574746e,"{""distance"":7,""physical_error_rate"":0.0005}","{""detection_events"":14923,""detectors_checked"":6164480,""obs_mistake_mask=E"":1}"
      1024,         0,         0,   0.224,exact_mw,8973b2281876bd917be29e6214e197de75d185bf3f5e531e264555f10574746e,"{""distance"":7,""physical_error_rate"":0.0005}","{""detection_events"":1597,""detectors_checked"":616448}"
      1024,         0,         0,   0.154,exact_mw,8973b2281876bd917be29e6214e197de75d185bf3f5e531e264555f10574746e,"{""distance"":7,""physical_error_rate"":0.0005}","{""detection_events"":1584,""detectors_checked"":616448}"
      1024,         0,         0,   0.207,exact_mw,8973b2281876bd917be29e6214e197de75d185bf3f5e531e264555f10574746e,"{""distance"":7,""physical_error_rate"":0.0005}","{""detection_events"":1440,""detectors_checked"":616448}"
      1024,         0,         0,   0.175,exact_mw,8973b2281876bd917be29e6214e197de75d185bf3f5e531e264555f10574746e,"{""distance"":7,""physical_error_rate"":0.0005}","{""detection_events"":1376,""detectors_checked"":616448}"
      2048,         0,         0,   0.295,exact_mw,8973b2281876bd917be29e6214e197de75d185bf3f5e531e264555f10574746e,"{""distance"":7,""physical_error_rate"":0.0005}","{""detection_events"":3007,""detectors_checked"":1232896}"
      1024,         0,         0,   0.271,exact_mw,8973b2281876bd917be29e6214e197de75d185bf3f5e531e264555f10574746e,"{""distance"":7,""physical_error_rate"":0.0005}","{""detection_events"":1522,""detectors_checked"":616448}"
      6144,         0,         0,    1.75,exact_mw,8973b2281876bd917be29e6214e197de75d185bf3f5e531e264555f10574746e,"{""distance"":7,""physical_error_rate"":0.0005}","{""detection_events"":9156,""detectors_checked"":3698688}"
      1024,         0,         0,   0.195,exact_mw,8973b2281876bd917be29e6214e197de75d185bf3f5e531e264555f10574746e,"{""distance"":7,""physical_error_rate"":0.0005}","{""detection_events"":1471,""detectors_checked"":616448}"
      1024,         0,         0,   0.271,exact_mw,8973b2281876bd917be29e6214e197de75d185bf3f5e531e264555f10574746e,"{""distance"":7,""physical_error_rate"":0.0005}","{""detection_events"":1476,""detectors_checked"":616448}"
      1024,         0,         0,   0.242,exact_mw,8973b2281876bd917be29e6214e197de75d185bf3f5e531e264555f10574746e,"{""distance"":7,""physical_error_rate"":0.0005}","{""detection_events"":1577,""detectors_checked"":616448}"
      2048,         0,         0,   0.378,exact_mw,8973b2281876bd917be29e6214e197de75d185bf3f5e531e264555f10574746e,"{""distance"":7,""physical_error_rate"":0.0005}","{""detection_events"":3080,""detectors_checked"":1232896}"
      2048,         0,         0,   0.500,exact_mw,8973b2281876bd917be29e6214e197de75d185bf3f5e531e264555f10574746e,"{""distance"":7,""physical_error_rate"":0.0005}","{""detection_events"":2923,""detectors_checked"":1232896}"
      1024,         0,         0,   0.199,exact_mw,8973b2281876bd917be29e6214e197de75d185bf3f5e531e264555f10574746e,"{""distance"":7,""physical_error_rate"":0.0005}","{""detection_events"":1506,""detectors_checked"":616448}"
      1024,         0,         0,   0.258,exact_mw,8973b2281876bd917be29e6214e197de75d185bf3f5e531e264555f10574746e,"{""distance"":7,""physical_error_rate"":0.0005}","{""detection_events"":1565,""detectors_checked"":616448}"
      1024,         0,         0,   0.304,exact_mw,8973b2281876bd917be29e6214e197de75d185bf3f5e531e264555f10574746e,"{""distance"":7,""physical_error_rate"":0.0005}","{""detection_events"":1507,""detectors_checked"":616448}"
      1024,         0,         0,   0.331,exact_mw,8973b2281876bd917be29e6214e197de75d185bf3f5e531e264555f10574746e,"{""distance"":7,""physical_error_rate"":0.0005}","{""detection_events"":1684,""detectors_checked"":616448}"
      1024,         0,         0,   0.228,exact_mw,8973b2281876bd917be29e6214e197de75d185bf3f5e531e264555f10574746e,"{""distance"":7,""physical_error_rate"":0.0005}","{""detection_events"":1536,""detectors_checked"":616448}"
      2048,         0,         0,   0.351,exact_mw,8973b2281876bd917be29e6214e197de75d185bf3f5e531e264555f10574746e,"{""distance"":7,""physical_error_rate"":0.0005}","{""detection_events"":3102,""detectors_checked"":1232896}"
      1024,         0,         0,   0.217,exact_mw,8973b2281876bd917be29e6214e197de75d185bf3f5e531e264555f10574746e,"{""distance"":7,""physical_error_rate"":0.0005}","{""detection_events"":1449,""detectors_checked"":616448}"
      3072,         0,         0,   0.742,exact_mw,8973b2281876bd917be29e6214e197de75d185bf3f5e531e264555f10574746e,"{""distance"":7,""physical_error_rate"":0.0005}","{""detection_events"":4488,""detectors_checked"":1849344}"
     14336,         0,         0,    3.28,exact_mw,8973b2281876bd917be29e6214e197de75d185bf3f5e531e264555f10574746e,"{""distance"":7,""physical_error_rate"":0.0005}","{""detection_events"":20839,""detectors_checked"":8630272}"
      1024,         0,         0,   0.157,exact_mw,8973b2281876bd917be29e6214e197de75d185bf3f5e531e264555f10574746e,"{""distance"":7,""physical_error_rate"":0.0005}","{""detection_events"":1511,""detectors_checked"":616448}"
      1024,         0,         0,   0.318,exact_mw,8973b2281876bd917be29e6214e197de75d185bf3f5e531e264555f10574746e,"{""distance"":7,""physical_error_rate"":0.0005}","{""detection_events"":1580,""detectors_checked"":616448}"
      2048,         0,         0,   0.240,exact_mw,8973b2281876bd917be29e6214e197de75d185bf3f5e531e264555f10574746e,"{""distance"":7,""physical_error_rate"":0.0005}","{""detection_events"":2745,""detectors_checked"":1232896}"
      1024,         0,         0,   0.275,exact_mw,8973b2281876bd917be29e6214e197de75d185bf3f5e531e264555f10574746e,"{""distance"":7,""physical_error_rate"":0.0005}","{""detection_events"":1508,""detectors_checked"":616448}"
      1024,         0,         0,   0.191,exact_mw,8973b2281876bd917be29e6214e197de75d185bf3f5e531e264555f10574746e,"{""distance"":7,""physical_error_rate"":0.0005}","{""detection_events"":1657,""detectors_checked"":616448}"
      3072,         0,         0,   0.382,exact_mw,8973b2281876bd917be29e6214e197de75d185bf3f5e531e264555f10574746e,"{""distance"":7,""physical_error_rate"":0.0005}","{""detection_events"":4376,""detectors_checked"":1849344}"
      7168,         0,         0,    1.23,exact_mw,8973b2281876bd917be29e6214e197de75d185bf3f5e531e264555f10574746e,"{""distance"":7,""physical_error_rate"":0.0005}","{""detection_events"":10599,""detectors_checked"":4315136}"
      1024,         0,         0,   0.161,exact_mw,8973b2281876bd917be29e6214e197de75d185bf3f5e531e264555f10574746e,"{""distance"":7,""physical_error_rate"":0.0005}","{""detection_events"":1529,""detectors_checked"":616448}"
      1024,         0,         0,   0.362,exact_mw,8973b2281876bd917be29e6214e197de75d185bf3f5e531e264555f10574746e,"{""distance"":7,""physical_error_rate"":0.0005}","{""detection_events"":1509,""detectors_checked"":616448}"
      2048,         0,         0,   0.460,exact_mw,8973b2281876bd917be29e6214e197de75d185bf3f5e531e264555f10574746e,"{""distance"":7,""physical_error_rate"":0.0005}","{""detection_events"":3002,""detectors_checked"":1232896}"
      2048,         0,         0,   0.454,exact_mw,8973b2281876bd917be29e6214e197de75d185bf3f5e531e264555f10574746e,"{""distance"":7,""physical_error_rate"":0.0005}","{""detection_events"":3031,""detectors_checked"":1232896}"
      2048,         0,         0,   0.461,exact_mw,8973b2281876bd917be29e6214e197de75d185bf3f5e531e264555f10574746e,"{""distance"":7,""physical_error_rate"":0.0005}","{""detection_events"":3075,""detectors_checked"":1232896}"
      1024,         0,         0,   0.195,exact_mw,8973b2281876bd917be29e6214e197de75d185bf3f5e531e264555f10574746e,"{""distance"":7,""physical_error_rate"":0.0005}","{""detection_events"":1405,""detectors_checked"":616448}"
      1024,         0,         0,   0.193,exact_mw,8973b2281876bd917be29e6214e197de75d185bf3f5e531e264555f10574746e,"{""distance"":7,""physical_error_rate"":0.0005}","{""detection_events"":1515,""detectors_checked"":616448}"
      2048,         0,         0,   0.381,exact_mw,8973b2281876bd917be29e6214e197de75d185bf3f5e531e264555f10574746e,"{""distance"":7,""physical_error_rate"":0.0005}","{""detection_events"":2963,""detectors_checked"":1232896}"
      3072,         0,         0,   0.970,exact_mw,8973b2281876bd917be29e6214e197de75d185bf3f5e531e264555f10574746e,"{""distance"":7,""physical_error_rate"":0.0005}","{""detection_events"":4574,""detectors_checked"":1849344}"
    671744,         0,         0,   120.0,exact_mw,8973b2281876bd917be29e6214e197de75d185bf3f5e531e264555f10574746e,"{""distance"":7,""physical_error_rate"":0.0005}","{""detection_events"":994146,""detectors_checked"":404389888}"
     13312,         0,         0,    2.18,exact_mw,8973b2281876bd917be29e6214e197de75d185bf3f5e531e264555f10574746e,"{""distance"":7,""physical_error_rate"":0.0005}","{""detection_events"":19472,""detectors_checked"":8013824}"
      2048,         0,         0,   0.486,exact_mw,8973b2281876bd917be29e6214e197de75d185bf3f5e531e264555f10574746e,"{""distance"":7,""physical_error_rate"":0.0005}","{""detection_events"":3082,""detectors_checked"":1232896}"
      2048,         0,         0,   0.340,exact_mw,8973b2281876bd917be29e6214e197de75d185bf3f5e531e264555f10574746e,"{""distance"":7,""physical_error_rate"":0.0005}","{""detection_events"":3010,""detectors_checked"":1232896}"
      1024,         0,         0,   0.320,exact_mw,8973b2281876bd917be29e6214e197de75d185bf3f5e531e264555f10574746e,"{""distance"":7,""physical_error_rate"":0.0005}","{""detection_events"":1491,""detectors_checked"":616448}"
      1024,         0,         0,   0.162,exact_mw,8973b2281876bd917be29e6214e197de75d185bf3f5e531e264555f10574746e,"{""distance"":7,""physical_error_rate"":0.0005}","{""detection_events"":1536,""detectors_checked"":616448}"
      1024,         0,         0,   0.239,exact_mw,8973b2281876bd917be29e6214e197de75d185bf3f5e531e264555f10574746e,"{""distance"":7,""physical_error_rate"":0.0005}","{""detection_events"":1573,""detectors_checked"":616448}"
      7168,         0,         0,    1.60,exact_mw,8973b2281876bd917be29e6214e197de75d185bf3f5e531e264555f10574746e,"{""distance"":7,""physical_error_rate"":0.0005}","{""detection_events"":10527,""detectors_checked"":4315136}"
      2048,         0,         0,   0.374,exact_mw,8973b2281876bd917be29e6214e197de75d185bf3f5e531e264555f10574746e,"{""distance"":7,""physical_error_rate"":0.0005}","{""detection_events"":2794,""detectors_checked"":1232896}"
      3072,         0,         0,   0.470,exact_mw,8973b2281876bd917be29e6214e197de75d185bf3f5e531e264555f10574746e,"{""distance"":7,""physical_error_rate"":0.0005}","{""detection_events"":4328,""detectors_checked"":1849344}"
     25600,         0,         0,    4.27,exact_mw,8973b2281876bd917be29e6214e197de75d185bf3f5e531e264555f10574746e,"{""distance"":7,""physical_error_rate"":0.0005}","{""detection_events"":37901,""detectors_checked"":15411200}"
      1024,         0,         0,   0.292,exact_mw,8973b2281876bd917be29e6214e197de75d185bf3f5e531e264555f10574746e,"{""distance"":7,""physical_error_rate"":0.0005}","{""detection_events"":1618,""detectors_checked"":616448}"
      1024,         0,         0,   0.192,exact_mw,8973b2281876bd917be29e6214e197de75d185bf3f5e531e264555f10574746e,"{""distance"":7,""physical_error_rate"":0.0005}","{""detection_events"":1513,""detectors_checked"":616448}"
      2048,         0,         0,   0.489,exact_mw,8973b2281876bd917be29e6214e197de75d185bf3f5e531e264555f10574746e,"{""distance"":7,""physical_error_rate"":0.0005}","{""detection_events"":3209,""detectors_checked"":1232896}"
      1024,         0,         0,   0.184,exact_mw,8973b2281876bd917be29e6214e197de75d185bf3f5e531e264555f10574746e,"{""distance"":7,""physical_error_rate"":0.0005}","{""detection_events"":1465,""detectors_checked"":616448}"
      1024,         0,         0,   0.218,exact_mw,8973b2281876bd917be29e6214e197de75d185bf3f5e531e264555f10574746e,"{""distance"":7,""physical_error_rate"":0.0005}","{""detection_events"":1587,""detectors_checked"":616448}"
      2048,         0,         0,   0.313,exact_mw,8973b2281876bd917be29e6214e197de75d185bf3f5e531e264555f10574746e,"{""distance"":7,""physical_error_rate"":0.0005}","{""detection_events"":2997,""detectors_checked"":1232896}"
      9216,         0,         0,    2.22,exact_mw,8973b2281876bd917be29e6214e197de75d185bf3f5e531e264555f10574746e,"{""distance"":7,""physical_error_rate"":0.0005}","{""detection_events"":13578,""detectors_checked"":5548032}"
      2048,         0,         0,   0.437,exact_mw,8973b2281876bd917be29e6214e197de75d185bf3f5e531e264555f10574746e,"{""distance"":7,""physical_error_rate"":0.0005}","{""detection_events"":3025,""detectors_checked"":1232896}"
      2048,         0,         0,   0.466,exact_mw,8973b2281876bd917be29e6214e197de75d185bf3f5e531e264555f10574746e,"{""distance"":7,""physical_error_rate"":0.0005}","{""detection_events"":2957,""detectors_checked"":1232896}"
      2048,         0,         0,   0.396,exact_mw,8973b2281876bd917be29e6214e197de75d185bf3f5e531e264555f10574746e,"{""distance"":7,""physical_error_rate"":0.0005}","{""detection_events"":3023,""detectors_checked"":1232896}"
      3072,         0,         0,   0.505,exact_mw,8973b2281876bd917be29e6214e197de75d185bf3f5e531e264555f10574746e,"{""distance"":7,""physical_error_rate"":0.0005}","{""detection_events"":4215,""detectors_checked"":1849344}"
      1024,         0,         0,   0.218,exact_mw,8973b2281876bd917be29e6214e197de75d185bf3f5e531e264555f10574746e,"{""distance"":7,""physical_error_rate"":0.0005}","{""detection_events"":1559,""detectors_checked"":616448}"
      4096,         0,         0,   0.826,exact_mw,8973b2281876bd917be29e6214e197de75d185bf3f5e531e264555f10574746e,"{""distance"":7,""physical_error_rate"":0.0005}","{""detection_events"":6189,""detectors_checked"":2465792}"
     13312,         0,         0,    3.21,exact_mw,8973b2281876bd917be29e6214e197de75d185bf3f5e531e264555f10574746e,"{""distance"":7,""physical_error_rate"":0.0005}","{""detection_events"":19654,""detectors_checked"":8013824}"
      1024,         0,         0,   0.212,exact_mw,8973b2281876bd917be29e6214e197de75d185bf3f5e531e264555f10574746e,"{""distance"":7,""physical_error_rate"":0.0005}","{""detection_events"":1441,""detectors_checked"":616448}"
      1024,         0,         0,   0.121,exact_mw,8973b2281876bd917be29e6214e197de75d185bf3f5e531e264555f10574746e,"{""distance"":7,""physical_error_rate"":0.0005}","{""detection_events"":1450,""detectors_checked"":616448}"
      1024,         0,         0,   0.308,exact_mw,8973b2281876bd917be29e6214e197de75d185bf3f5e531e264555f10574746e,"{""distance"":7,""physical_error_rate"":0.0005}","{""detection_events"":1596,""detectors_checked"":616448}"
     15360,         0,         0,    3.20,exact_mw,8973b2281876bd917be29e6214e197de75d185bf3f5e531e264555f10574746e,"{""distance"":7,""physical_error_rate"":0.0005}","{""detection_events"":22414,""detectors_checked"":9246720}"
      3072,         0,         0,   0.680,exact_mw,8973b2281876bd917be29e6214e197de75d185bf3f5e531e264555f10574746e,"{""distance"":7,""physical_error_rate"":0.0005}","{""detection_events"":4373,""detectors_checked"":1849344}"
      1024,         0,         0,   0.177,exact_mw,8973b2281876bd917be29e6214e197de75d185bf3f5e531e264555f10574746e,"{""distance"":7,""physical_error_rate"":0.0005}","{""detection_events"":1665,""detectors_checked"":616448}"
      2048,         0,         0,   0.353,exact_mw,8973b2281876bd917be29e6214e197de75d185bf3f5e531e264555f10574746e,"{""distance"":7,""physical_error_rate"":0.0005}","{""detection_events"":2928,""detectors_checked"":1232896}"
      1024,         0,         0,   0.238,exact_mw,8973b2281876bd917be29e6214e197de75d185bf3f5e531e264555f10574746e,"{""distance"":7,""physical_error_rate"":0.0005}","{""detection_events"":1545,""detectors_checked"":616448}"
      4096,         0,         0,   0.559,exact_mw,8973b2281876bd917be29e6214e197de75d185bf3f5e531e264555f10574746e,"{""distance"":7,""physical_error_rate"":0.0005}","{""detection_events"":6094,""detectors_checked"":2465792}"
      2048,         0,         0,   0.559,exact_mw,8973b2281876bd917be29e6214e197de75d185bf3f5e531e264555f10574746e,"{""distance"":7,""physical_error_rate"":0.0005}","{""detection_events"":3260,""detectors_checked"":1232896}"
     18432,         0,         0,    3.19,exact_mw,8973b2281876bd917be29e6214e197de75d185bf3f5e531e264555f10574746e,"{""distance"":7,""physical_error_rate"":0.0005}","{""detection_events"":27144,""detectors_checked"":11096064}"
      3072,         0,         0,   0.590,exact_mw,8973b2281876bd917be29e6214e197de75d185bf3f5e531e264555f10574746e,"{""distance"":7,""physical_error_rate"":0.0005}","{""detection_events"":4530,""detectors_checked"":1849344}"
      2048,         0,         0,   0.348,exact_mw,8973b2281876bd917be29e6214e197de75d185bf3f5e531e264555f10574746e,"{""distance"":7,""physical_error_rate"":0.0005}","{""detection_events"":3025,""detectors_checked"":1232896}"
      2048,         0,         0,   0.465,exact_mw,8973b2281876bd917be29e6214e197de75d185bf3f5e531e264555f10574746e,"{""distance"":7,""physical_error_rate"":0.0005}","{""detection_events"":3044,""detectors_checked"":1232896}"
      2048,         0,         0,   0.424,exact_mw,8973b2281876bd917be29e6214e197de75d185bf3f5e531e264555f10574746e,"{""distance"":7,""physical_error_rate"":0.0005}","{""detection_events"":3090,""detectors_checked"":1232896}"
      3072,         0,         0,   0.637,exact_mw,8973b2281876bd917be29e6214e197de75d185bf3f5e531e264555f10574746e,"{""distance"":7,""physical_error_rate"":0.0005}","{""detection_events"":4699,""detectors_checked"":1849344}"
     11264,         0,         0,    2.27,exact_mw,8973b2281876bd917be29e6214e197de75d185bf3f5e531e264555f10574746e,"{""distance"":7,""physical_error_rate"":0.0005}","{""detection_events"":16576,""detectors_checked"":6780928}"
      2048,         0,         0,   0.349,exact_mw,8973b2281876bd917be29e6214e197de75d185bf3f5e531e264555f10574746e,"{""distance"":7,""physical_error_rate"":0.0005}","{""detection_events"":2882,""detectors_checked"":1232896}"
      6144,         0,         0,    1.11,exact_mw,8973b2281876bd917be29e6214e197de75d185bf3f5e531e264555f10574746e,"{""distance"":7,""physical_error_rate"":0.0005}","{""detection_events"":9316,""detectors_checked"":3698688}"
      3072,         0,         0,   0.674,exact_mw,8973b2281876bd917be29e6214e197de75d185bf3f5e531e264555f10574746e,"{""distance"":7,""physical_error_rate"":0.0005}","{""detection_events"":4676,""detectors_checked"":1849344}"
      4096,         0,         0,   0.706,exact_mw,8973b2281876bd917be29e6214e197de75d185bf3f5e531e264555f10574746e,"{""distance"":7,""physical_error_rate"":0.0005}","{""detection_events"":5733,""detectors_checked"":2465792}"
      2048,         0,         0,   0.409,exact_mw,8973b2281876bd917be29e6214e197de75d185bf3f5e531e264555f10574746e,"{""distance"":7,""physical_error_rate"":0.0005}","{""detection_events"":3125,""detectors_checked"":1232896}"
      2048,         0,         0,   0.457,exact_mw,8973b2281876bd917be29e6214e197de75d185bf3f5e531e264555f10574746e,"{""distance"":7,""physical_error_rate"":0.0005}","{""detection_events"":3042,""detectors_checked"":1232896}"
      5120,         0,         0,   0.672,exact_mw,8973b2281876bd917be29e6214e197de75d185bf3f5e531e264555f10574746e,"{""distance"":7,""physical_error_rate"":0.0005}","{""detection_events"":7614,""detectors_checked"":3082240}"
      3072,         0,         0,   0.550,exact_mw,8973b2281876bd917be29e6214e197de75d185bf3f5e531e264555f10574746e,"{""distance"":7,""physical_error_rate"":0.0005}","{""detection_events"":4526,""detectors_checked"":1849344}"
      2048,         0,         0,   0.457,exact_mw,8973b2281876bd917be29e6214e197de75d185bf3f5e531e264555f10574746e,"{""distance"":7,""physical_error_rate"":0.0005}","{""detection_events"":3337,""detectors_checked"":1232896}"
      4096,         0,         0,   0.576,exact_mw,8973b2281876bd917be29e6214e197de75d185bf3f5e531e264555f10574746e,"{""distance"":7,""physical_error_rate"":0.0005}","{""detection_events"":6299,""detectors_checked"":2465792}"
      2048,         0,         0,   0.431,exact_mw,8973b2281876bd917be29e6214e197de75d185bf3f5e531e264555f10574746e,"{""distance"":7,""physical_error_rate"":0.0005}","{""detection_events"":3051,""detectors_checked"":1232896}"
     11264,         0,         0,    1.66,exact_mw,8973b2281876bd917be29e6214e197de75d185bf3f5e531e264555f10574746e,"{""distance"":7,""physical_error_rate"":0.0005}","{""detection_events"":16602,""detectors_checked"":6780928}"
      2048,         0,         0,   0.397,exact_mw,8973b2281876bd917be29e6214e197de75d185bf3f5e531e264555f10574746e,"{""distance"":7,""physical_error_rate"":0.0005}","{""detection_events"":3092,""detectors_checked"":1232896}"
      5120,         0,         0,   0.689,exact_mw,8973b2281876bd917be29e6214e197de75d185bf3f5e531e264555f10574746e,"{""distance"":7,""physical_error_rate"":0.0005}","{""detection_events"":7882,""detectors_checked"":3082240}"
     17408,         0,         0,    3.22,exact_mw,8973b2281876bd917be29e6214e197de75d185bf3f5e531e264555f10574746e,"{""distance"":7,""physical_error_rate"":0.0005}","{""detection_events"":25400,""detectors_checked"":10479616}"
      5120,         0,         0,   0.790,exact_mw,8973b2281876bd917be29e6214e197de75d185bf3f5e531e264555f10574746e,"{""distance"":7,""physical_error_rate"":0.0005}","{""detection_events"":7341,""detectors_checked"":3082240}"
     12288,         0,         0,    2.23,exact_mw,8973b2281876bd917be29e6214e197de75d185bf3f5e531e264555f10574746e,"{""distance"":7,""physical_error_rate"":0.0005}","{""detection_events"":18267,""detectors_checked"":7397376}"
      5120,         0,         0,    1.16,exact_mw,8973b2281876bd917be29e6214e197de75d185bf3f5e531e264555f10574746e,"{""distance"":7,""physical_error_rate"":0.0005}","{""detection_events"":7503,""detectors_checked"":3082240}"
      3072,         0,         0,   0.526,exact_mw,8973b2281876bd917be29e6214e197de75d185bf3f5e531e264555f10574746e,"{""distance"":7,""physical_error_rate"":0.0005}","{""detection_events"":4521,""detectors_checked"":1849344}"
     13312,         0,         0,    3.19,exact_mw,8973b2281876bd917be29e6214e197de75d185bf3f5e531e264555f10574746e,"{""distance"":7,""physical_error_rate"":0.0005}","{""detection_events"":19783,""detectors_checked"":8013824}"
      5120,         0,         0,   0.877,exact_mw,8973b2281876bd917be29e6214e197de75d185bf3f5e531e264555f10574746e,"{""distance"":7,""physical_error_rate"":0.0005}","{""detection_events"":7753,""detectors_checked"":3082240}"
      4096,         0,         0,   0.795,exact_mw,8973b2281876bd917be29e6214e197de75d185bf3f5e531e264555f10574746e,"{""distance"":7,""physical_error_rate"":0.0005}","{""detection_events"":5926,""detectors_checked"":2465792}"
      3072,         0,         0,   0.594,exact_mw,8973b2281876bd917be29e6214e197de75d185bf3f5e531e264555f10574746e,"{""distance"":7,""physical_error_rate"":0.0005}","{""detection_events"":4540,""detectors_checked"":1849344}"
      3072,         0,         0,   0.726,exact_mw,8973b2281876bd917be29e6214e197de75d185bf3f5e531e264555f10574746e,"{""distance"":7,""physical_error_rate"":0.0005}","{""detection_events"":4280,""detectors_checked"":1849344}"
      5120,         0,         0,   0.847,exact_mw,8973b2281876bd917be29e6214e197de75d185bf3f5e531e264555f10574746e,"{""distance"":7,""physical_error_rate"":0.0005}","{""detection_events"":7639,""detectors_checked"":3082240}"
      2048,         0,         0,   0.497,exact_mw,8973b2281876bd917be29e6214e197de75d185bf3f5e531e264555f10574746e,"{""distance"":7,""physical_error_rate"":0.0005}","{""detection_events"":3012,""detectors_checked"":1232896}"
      4096,         0,         0,   0.716,exact_mw,8973b2281876bd917be29e6214e197de75d185bf3f5e531e264555f10574746e,"{""distance"":7,""physical_error_rate"":0.0005}","{""detection_events"":5704,""detectors_checked"":2465792}"
      4096,         0,         0,   0.701,exact_mw,8973b2281876bd917be29e6214e197de75d185bf3f5e531e264555f10574746e,"{""distance"":7,""physical_error_rate"":0.0005}","{""detection_events"":6221,""detectors_checked"":2465792}"
      4096,         0,         0,   0.979,exact_mw,8973b2281876bd917be29e6214e197de75d185bf3f5e531e264555f10574746e,"{""distance"":7,""physical_error_rate"":0.0005}","{""detection_events"":6007,""detectors_checked"":2465792}"
      6144,         0,         0,   0.935,exact_mw,8973b2281876bd917be29e6214e197de75d185bf3f5e531e264555f10574746e,"{""distance"":7,""physical_error_rate"":0.0005}","{""detection_events"":9410,""detectors_checked"":3698688}"
     14336,         0,         0,    3.26,exact_mw,8973b2281876bd917be29e6214e197de75d185bf3f5e531e264555f10574746e,"{""distance"":7,""physical_error_rate"":0.0005}","{""detection_events"":20864,""detectors_checked"":8630272}"
      3072,         0,         0,   0.624,exact_mw,8973b2281876bd917be29e6214e197de75d185bf3f5e531e264555f10574746e,"{""distance"":7,""physical_error_rate"":0.0005}","{""detection_events"":4530,""detectors_checked"":1849344}"
     13312,         0,         0,    2.23,exact_mw,8973b2281876bd917be29e6214e197de75d185bf3f5e531e264555f10574746e,"{""distance"":7,""physical_error_rate"":0.0005}","{""detection_events"":19442,""detectors_checked"":8013824}"
      6144,         0,         0,   0.831,exact_mw,8973b2281876bd917be29e6214e197de75d185bf3f5e531e264555f10574746e,"{""distance"":7,""physical_error_rate"":0.0005}","{""detection_events"":8967,""detectors_checked"":3698688}"
     14336,         0,         0,    3.26,exact_mw,8973b2281876bd917be29e6214e197de75d185bf3f5e531e264555f10574746e,"{""distance"":7,""physical_error_rate"":0.0005}","{""detection_events"":21434,""detectors_checked"":8630272}"
      3072,         0,         0,   0.669,exact_mw,8973b2281876bd917be29e6214e197de75d185bf3f5e531e264555f10574746e,"{""distance"":7,""physical_error_rate"":0.0005}","{""detection_events"":4694,""detectors_checked"":1849344}"
     25600,         0,         0,    4.36,exact_mw,8973b2281876bd917be29e6214e197de75d185bf3f5e531e264555f10574746e,"{""distance"":7,""physical_error_rate"":0.0005}","{""detection_events"":37839,""detectors_checked"":15411200}"
      6144,         0,         0,   0.886,exact_mw,8973b2281876bd917be29e6214e197de75d185bf3f5e531e264555f10574746e,"{""distance"":7,""physical_error_rate"":0.0005}","{""detection_events"":9165,""detectors_checked"":3698688}"
      4096,         0,         0,   0.879,exact_mw,8973b2281876bd917be29e6214e197de75d185bf3f5e531e264555f10574746e,"{""distance"":7,""physical_error_rate"":0.0005}","{""detection_events"":6323,""detectors_checked"":2465792}"
      9216,         0,         0,    1.77,exact_mw,8973b2281876bd917be29e6214e197de75d185bf3f5e531e264555f10574746e,"{""distance"":7,""physical_error_rate"":0.0005}","{""detection_events"":14054,""detectors_checked"":5548032}"
      4096,         0,         0,   0.876,exact_mw,8973b2281876bd917be29e6214e197de75d185bf3f5e531e264555f10574746e,"{""distance"":7,""physical_error_rate"":0.0005}","{""detection_events"":5901,""detectors_checked"":2465792}"
      6144,         0,         0,    1.29,exact_mw,8973b2281876bd917be29e6214e197de75d185bf3f5e531e264555f10574746e,"{""distance"":7,""physical_error_rate"":0.0005}","{""detection_events"":9073,""detectors_checked"":3698688}"
      7168,         0,         0,    1.10,exact_mw,8973b2281876bd917be29e6214e197de75d185bf3f5e531e264555f10574746e,"{""distance"":7,""physical_error_rate"":0.0005}","{""detection_events"":10622,""detectors_checked"":4315136}"
      4096,         0,         0,    1.16,exact_mw,8973b2281876bd917be29e6214e197de75d185bf3f5e531e264555f10574746e,"{""distance"":7,""physical_error_rate"":0.0005}","{""detection_events"":6116,""detectors_checked"":2465792}"
      6144,         0,         0,    1.19,exact_mw,8973b2281876bd917be29e6214e197de75d185bf3f5e531e264555f10574746e,"{""distance"":7,""physical_error_rate"":0.0005}","{""detection_events"":9385,""detectors_checked"":3698688}"
      6144,         0,         0,    1.17,exact_mw,8973b2281876bd917be29e6214e197de75d185bf3f5e531e264555f10574746e,"{""distance"":7,""physical_error_rate"":0.0005}","{""detection_events"":9140,""detectors_checked"":3698688}"
     21504,         0,         0,    3.16,exact_mw,8973b2281876bd917be29e6214e197de75d185bf3f5e531e264555f10574746e,"{""distance"":7,""physical_error_rate"":0.0005}","{""detection_events"":31741,""detectors_checked"":12945408}"
      4096,         0,         0,   0.941,exact_mw,8973b2281876bd917be29e6214e197de75d185bf3f5e531e264555f10574746e,"{""distance"":7,""physical_error_rate"":0.0005}","{""detection_events"":6070,""detectors_checked"":2465792}"
      9216,         0,         0,    1.66,exact_mw,8973b2281876bd917be29e6214e197de75d185bf3f5e531e264555f10574746e,"{""distance"":7,""physical_error_rate"":0.0005}","{""detection_events"":13848,""detectors_checked"":5548032}"
      8192,         0,         0,    1.12,exact_mw,8973b2281876bd917be29e6214e197de75d185bf3f5e531e264555f10574746e,"{""distance"":7,""physical_error_rate"":0.0005}","{""detection_events"":12038,""detectors_checked"":4931584}"
      6144,         0,         0,    1.16,exact_mw,8973b2281876bd917be29e6214e197de75d185bf3f5e531e264555f10574746e,"{""distance"":7,""physical_error_rate"":0.0005}","{""detection_events"":8877,""detectors_checked"":3698688}"
     23552,         0,         0,    4.36,exact_mw,8973b2281876bd917be29e6214e197de75d185bf3f5e531e264555f10574746e,"{""distance"":7,""physical_error_rate"":0.0005}","{""detection_events"":34583,""detectors_checked"":14178304}"
     15360,         0,         0,    3.08,exact_mw,8973b2281876bd917be29e6214e197de75d185bf3f5e531e264555f10574746e,"{""distance"":7,""physical_error_rate"":0.0005}","{""detection_events"":22344,""detectors_checked"":9246720}"
      4096,         0,         0,   0.849,exact_mw,8973b2281876bd917be29e6214e197de75d185bf3f5e531e264555f10574746e,"{""distance"":7,""physical_error_rate"":0.0005}","{""detection_events"":6062,""detectors_checked"":2465792}"
    650240,         1,         0,   119.9,exact_mw,8973b2281876bd917be29e6214e197de75d185bf3f5e531e264555f10574746e,"{""distance"":7,""physical_error_rate"":0.0005}","{""detection_events"":961295,""detectors_checked"":391444480,""obs_mistake_mask=E"":1}"
     14336,         0,         0,    2.25,exact_mw,8973b2281876bd917be29e6214e197de75d185bf3f5e531e264555f10574746e,"{""distance"":7,""physical_error_rate"":0.0005}","{""detection_events"":21145,""detectors_checked"":8630272}"
      7168,         0,         0,    1.26,exact_mw,8973b2281876bd917be29e6214e197de75d185bf3f5e531e264555f10574746e,"{""distance"":7,""physical_error_rate"":0.0005}","{""detection_events"":10937,""detectors_checked"":4315136}"
      8192,         0,         0,    1.20,exact_mw,8973b2281876bd917be29e6214e197de75d185bf3f5e531e264555f10574746e,"{""distance"":7,""physical_error_rate"":0.0005}","{""detection_events"":11859,""detectors_checked"":4931584}"
     21504,         0,         0,    4.34,exact_mw,8973b2281876bd917be29e6214e197de75d185bf3f5e531e264555f10574746e,"{""distance"":7,""physical_error_rate"":0.0005}","{""detection_events"":31713,""detectors_checked"":12945408}"
     15360,         0,         0,    3.09,exact_mw,8973b2281876bd917be29e6214e197de75d185bf3f5e531e264555f10574746e,"{""distance"":7,""physical_error_rate"":0.0005}","{""detection_events"":22814,""detectors_checked"":9246720}"
      7168,         0,         0,    1.29,exact_mw,8973b2281876bd917be29e6214e197de75d185bf3f5e531e264555f10574746e,"{""distance"":7,""physical_error_rate"":0.0005}","{""detection_events"":10529,""detectors_checked"":4315136}"
      4096,         0,         0,    1.29,exact_mw,8973b2281876bd917be29e6214e197de75d185bf3f5e531e264555f10574746e,"{""distance"":7,""physical_error_rate"":0.0005}","{""detection_events"":5865,""detectors_checked"":2465792}"
      6144,         0,         0,    1.15,exact_mw,8973b2281876bd917be29e6214e197de75d185bf3f5e531e264555f10574746e,"{""distance"":7,""physical_error_rate"":0.0005}","{""detection_events"":8898,""detectors_checked"":3698688}"
      5120,         0,         0,    1.44,exact_mw,8973b2281876bd917be29e6214e197de75d185bf3f5e531e264555f10574746e,"{""distance"":7,""physical_error_rate"":0.0005}","{""detection_events"":7453,""detectors_checked"":3082240}"
      9216,         0,         0,    1.18,exact_mw,8973b2281876bd917be29e6214e197de75d185bf3f5e531e264555f10574746e,"{""distance"":7,""physical_error_rate"":0.0005}","{""detection_events"":13757,""detectors_checked"":5548032}"
     10240,         0,         0,    1.78,exact_mw,8973b2281876bd917be29e6214e197de75d185bf3f5e531e264555f10574746e,"{""distance"":7,""physical_error_rate"":0.0005}","{""detection_events"":15436,""detectors_checked"":6164480}"
     15360,         0,         0,    3.08,exact_mw,8973b2281876bd917be29e6214e197de75d185bf3f5e531e264555f10574746e,"{""distance"":7,""physical_error_rate"":0.0005}","{""detection_events"":22420,""detectors_checked"":9246720}"
     11264,         0,         0,    1.66,exact_mw,8973b2281876bd917be29e6214e197de75d185bf3f5e531e264555f10574746e,"{""distance"":7,""physical_error_rate"":0.0005}","{""detection_events"":16954,""detectors_checked"":6780928}"
     11264,         0,         0,    1.78,exact_mw,8973b2281876bd917be29e6214e197de75d185bf3f5e531e264555f10574746e,"{""distance"":7,""physical_error_rate"":0.0005}","{""detection_events"":16681,""detectors_checked"":6780928}"
      8192,         0,         0,    1.77,exact_mw,8973b2281876bd917be29e6214e197de75d185bf3f5e531e264555f10574746e,"{""distance"":7,""physical_error_rate"":0.0005}","{""detection_events"":12147,""detectors_checked"":4931584}"
     22528,         0,         0,    4.46,exact_mw,8973b2281876bd917be29e6214e197de75d185bf3f5e531e264555f10574746e,"{""distance"":7,""physical_error_rate"":0.0005}","{""detection_events"":33067,""detectors_checked"":13561856}"
      8192,         0,         0,    1.61,exact_mw,8973b2281876bd917be29e6214e197de75d185bf3f5e531e264555f10574746e,"{""distance"":7,""physical_error_rate"":0.0005}","{""detection_events"":12115,""detectors_checked"":4931584}"
     27648,         0,         0,    4.26,exact_mw,8973b2281876bd917be29e6214e197de75d185bf3f5e531e264555f10574746e,"{""distance"":7,""physical_error_rate"":0.0005}","{""detection_events"":41211,""detectors_checked"":16644096}"
     11264,         0,         0,    1.67,exact_mw,8973b2281876bd917be29e6214e197de75d185bf3f5e531e264555f10574746e,"{""distance"":7,""physical_error_rate"":0.0005}","{""detection_events"":16459,""detectors_checked"":6780928}"
     23552,         0,         0,    4.48,exact_mw,8973b2281876bd917be29e6214e197de75d185bf3f5e531e264555f10574746e,"{""distance"":7,""physical_error_rate"":0.0005}","{""detection_events"":34783,""detectors_checked"":14178304}"
     12288,         0,         0,    2.21,exact_mw,8973b2281876bd917be29e6214e197de75d185bf3f5e531e264555f10574746e,"{""distance"":7,""physical_error_rate"":0.0005}","{""detection_events"":17855,""detectors_checked"":7397376}"
      9216,         0,         0,    1.55,exact_mw,8973b2281876bd917be29e6214e197de75d185bf3f5e531e264555f10574746e,"{""distance"":7,""physical_error_rate"":0.0005}","{""detection_events"":13611,""detectors_checked"":5548032}"
     19456,         0,         0,    3.15,exact_mw,8973b2281876bd917be29e6214e197de75d185bf3f5e531e264555f10574746e,"{""distance"":7,""physical_error_rate"":0.0005}","{""detection_events"":28895,""detectors_checked"":11712512}"
      9216,         0,         0,    1.65,exact_mw,8973b2281876bd917be29e6214e197de75d185bf3f5e531e264555f10574746e,"{""distance"":7,""physical_error_rate"":0.0005}","{""detection_events"":14218,""detectors_checked"":5548032}"
      8192,         0,         0,    1.57,exact_mw,8973b2281876bd917be29e6214e197de75d185bf3f5e531e264555f10574746e,"{""distance"":7,""physical_error_rate"":0.0005}","{""detection_events"":12168,""detectors_checked"":4931584}"
      4096,         0,         0,    1.70,exact_mw,8973b2281876bd917be29e6214e197de75d185bf3f5e531e264555f10574746e,"{""distance"":7,""physical_error_rate"":0.0005}","{""detection_events"":5956,""detectors_checked"":2465792}"
     24576,         0,         0,    4.29,exact_mw,8973b2281876bd917be29e6214e197de75d185bf3f5e531e264555f10574746e,"{""distance"":7,""physical_error_rate"":0.0005}","{""detection_events"":36304,""detectors_checked"":14794752}"
      7168,         0,         0,    1.57,exact_mw,8973b2281876bd917be29e6214e197de75d185bf3f5e531e264555f10574746e,"{""distance"":7,""physical_error_rate"":0.0005}","{""detection_events"":10846,""detectors_checked"":4315136}"
     21504,         0,         0,    4.29,exact_mw,8973b2281876bd917be29e6214e197de75d185bf3f5e531e264555f10574746e,"{""distance"":7,""physical_error_rate"":0.0005}","{""detection_events"":31959,""detectors_checked"":12945408}"
      7168,         0,         0,    1.57,exact_mw,8973b2281876bd917be29e6214e197de75d185bf3f5e531e264555f10574746e,"{""distance"":7,""physical_error_rate"":0.0005}","{""detection_events"":10768,""detectors_checked"":4315136}"
     38912,         0,         0,    6.04,exact_mw,8973b2281876bd917be29e6214e197de75d185bf3f5e531e264555f10574746e,"{""distance"":7,""physical_error_rate"":0.0005}","{""detection_events"":58062,""detectors_checked"":23425024}"
      7168,         0,         0,    2.95,exact_mw,8973b2281876bd917be29e6214e197de75d185bf3f5e531e264555f10574746e,"{""distance"":7,""physical_error_rate"":0.0005}","{""detection_events"":10729,""detectors_checked"":4315136}"
     10240,         0,         0,    1.63,exact_mw,8973b2281876bd917be29e6214e197de75d185bf3f5e531e264555f10574746e,"{""distance"":7,""physical_error_rate"":0.0005}","{""detection_events"":15098,""detectors_checked"":6164480}"
     20480,         0,         0,    4.39,exact_mw,8973b2281876bd917be29e6214e197de75d185bf3f5e531e264555f10574746e,"{""distance"":7,""physical_error_rate"":0.0005}","{""detection_events"":30710,""detectors_checked"":12328960}"
     20480,         0,         0,    3.20,exact_mw,8973b2281876bd917be29e6214e197de75d185bf3f5e531e264555f10574746e,"{""distance"":7,""physical_error_rate"":0.0005}","{""detection_events"":30078,""detectors_checked"":12328960}"
     20480,         0,         0,    4.46,exact_mw,8973b2281876bd917be29e6214e197de75d185bf3f5e531e264555f10574746e,"{""distance"":7,""physical_error_rate"":0.0005}","{""detection_events"":29568,""detectors_checked"":12328960}"
     14336,         0,         0,    2.20,exact_mw,8973b2281876bd917be29e6214e197de75d185bf3f5e531e264555f10574746e,"{""distance"":7,""physical_error_rate"":0.0005}","{""detection_events"":21181,""detectors_checked"":8630272}"
     12288,         0,         0,    2.28,exact_mw,8973b2281876bd917be29e6214e197de75d185bf3f5e531e264555f10574746e,"{""distance"":7,""physical_error_rate"":0.0005}","{""detection_events"":17697,""detectors_checked"":7397376}"
     10240,         0,         0,    2.25,exact_mw,8973b2281876bd917be29e6214e197de75d185bf3f5e531e264555f10574746e,"{""distance"":7,""physical_error_rate"":0.0005}","{""detection_events"":15201,""detectors_checked"":6164480}"
     12288,         0,         0,    2.26,exact_mw,8973b2281876bd917be29e6214e197de75d185bf3f5e531e264555f10574746e,"{""distance"":7,""physical_error_rate"":0.0005}","{""detection_events"":18172,""detectors_checked"":7397376}"
     11264,         0,         0,    2.22,exact_mw,8973b2281876bd917be29e6214e197de75d185bf3f5e531e264555f10574746e,"{""distance"":7,""physical_error_rate"":0.0005}","{""detection_events"":16658,""detectors_checked"":6780928}"
     16384,         0,         0,    2.24,exact_mw,8973b2281876bd917be29e6214e197de75d185bf3f5e531e264555f10574746e,"{""distance"":7,""physical_error_rate"":0.0005}","{""detection_events"":23448,""detectors_checked"":9863168}"
     14336,         0,         0,    2.20,exact_mw,8973b2281876bd917be29e6214e197de75d185bf3f5e531e264555f10574746e,"{""distance"":7,""physical_error_rate"":0.0005}","{""detection_events"":21159,""detectors_checked"":8630272}"
     29696,         0,         0,    4.35,exact_mw,8973b2281876bd917be29e6214e197de75d185bf3f5e531e264555f10574746e,"{""distance"":7,""physical_error_rate"":0.0005}","{""detection_events"":43282,""detectors_checked"":17876992}"
     22528,         0,         0,    4.31,exact_mw,8973b2281876bd917be29e6214e197de75d185bf3f5e531e264555f10574746e,"{""distance"":7,""physical_error_rate"":0.0005}","{""detection_events"":33385,""detectors_checked"":13561856}"
     14336,         0,         0,    2.21,exact_mw,8973b2281876bd917be29e6214e197de75d185bf3f5e531e264555f10574746e,"{""distance"":7,""physical_error_rate"":0.0005}","{""detection_events"":21128,""detectors_checked"":8630272}"
     15360,         0,         0,    2.38,exact_mw,8973b2281876bd917be29e6214e197de75d185bf3f5e531e264555f10574746e,"{""distance"":7,""physical_error_rate"":0.0005}","{""detection_events"":22619,""detectors_checked"":9246720}"
      5120,         0,         0,    2.33,exact_mw,8973b2281876bd917be29e6214e197de75d185bf3f5e531e264555f10574746e,"{""distance"":7,""physical_error_rate"":0.0005}","{""detection_events"":7558,""detectors_checked"":3082240}"
     18432,         0,         0,    3.17,exact_mw,8973b2281876bd917be29e6214e197de75d185bf3f5e531e264555f10574746e,"{""distance"":7,""physical_error_rate"":0.0005}","{""detection_events"":27410,""detectors_checked"":11096064}"
     10240,         0,         0,    2.28,exact_mw,8973b2281876bd917be29e6214e197de75d185bf3f5e531e264555f10574746e,"{""distance"":7,""physical_error_rate"":0.0005}","{""detection_events"":15486,""detectors_checked"":6164480}"
     10240,         0,         0,    2.25,exact_mw,8973b2281876bd917be29e6214e197de75d185bf3f5e531e264555f10574746e,"{""distance"":7,""physical_error_rate"":0.0005}","{""detection_events"":15508,""detectors_checked"":6164480}"
     26624,         0,         0,    4.42,exact_mw,8973b2281876bd917be29e6214e197de75d185bf3f5e531e264555f10574746e,"{""distance"":7,""physical_error_rate"":0.0005}","{""detection_events"":39878,""detectors_checked"":16027648}"
     11264,         0,         0,    2.30,exact_mw,8973b2281876bd917be29e6214e197de75d185bf3f5e531e264555f10574746e,"{""distance"":7,""physical_error_rate"":0.0005}","{""detection_events"":16594,""detectors_checked"":6780928}"
     46080,         0,         0,    6.08,exact_mw,8973b2281876bd917be29e6214e197de75d185bf3f5e531e264555f10574746e,"{""distance"":7,""physical_error_rate"":0.0005}","{""detection_events"":67762,""detectors_checked"":27740160}"
     14336,         0,         0,    4.32,exact_mw,8973b2281876bd917be29e6214e197de75d185bf3f5e531e264555f10574746e,"{""distance"":7,""physical_error_rate"":0.0005}","{""detection_events"":20850,""detectors_checked"":8630272}"
     40960,         1,         0,    5.99,exact_mw,8973b2281876bd917be29e6214e197de75d185bf3f5e531e264555f10574746e,"{""distance"":7,""physical_error_rate"":0.0005}","{""detection_events"":59735,""detectors_checked"":24657920,""obs_mistake_mask=E"":1}"
      5120,         0,         0,    3.52,exact_mw,8973b2281876bd917be29e6214e197de75d185bf3f5e531e264555f10574746e,"{""distance"":7,""physical_error_rate"":0.0005}","{""detection_events"":7656,""detectors_checked"":3082240}"
     19456,         0,         0,    3.07,exact_mw,8973b2281876bd917be29e6214e197de75d185bf3f5e531e264555f10574746e,"{""distance"":7,""physical_error_rate"":0.0005}","{""detection_events"":28689,""detectors_checked"":11712512}"
     39936,         0,         0,    6.09,exact_mw,8973b2281876bd917be29e6214e197de75d185bf3f5e531e264555f10574746e,"{""distance"":7,""physical_error_rate"":0.0005}","{""detection_events"":59008,""detectors_checked"":24041472}"
     19456,         0,         0,    3.10,exact_mw,8973b2281876bd917be29e6214e197de75d185bf3f5e531e264555f10574746e,"{""distance"":7,""physical_error_rate"":0.0005}","{""detection_events"":28323,""detectors_checked"":11712512}"
     17408,         0,         0,    3.15,exact_mw,8973b2281876bd917be29e6214e197de75d185bf3f5e531e264555f10574746e,"{""distance"":7,""physical_error_rate"":0.0005}","{""detection_events"":25835,""detectors_checked"":10479616}"
     17408,         0,         0,    3.11,exact_mw,8973b2281876bd917be29e6214e197de75d185bf3f5e531e264555f10574746e,"{""distance"":7,""physical_error_rate"":0.0005}","{""detection_events"":26126,""detectors_checked"":10479616}"
     15360,         0,         0,    3.06,exact_mw,8973b2281876bd917be29e6214e197de75d185bf3f5e531e264555f10574746e,"{""distance"":7,""physical_error_rate"":0.0005}","{""detection_events"":22721,""detectors_checked"":9246720}"
     20480,         0,         0,    3.09,exact_mw,8973b2281876bd917be29e6214e197de75d185bf3f5e531e264555f10574746e,"{""distance"":7,""physical_error_rate"":0.0005}","{""detection_events"":30626,""detectors_checked"":12328960}"
     18432,         0,         0,    4.92,exact_mw,8973b2281876bd917be29e6214e197de75d185bf3f5e531e264555f10574746e,"{""distance"":7,""physical_error_rate"":0.0005}","{""detection_events"":27521,""detectors_checked"":11096064}"
     19456,         0,         0,    3.15,exact_mw,8973b2281876bd917be29e6214e197de75d185bf3f5e531e264555f10574746e,"{""distance"":7,""physical_error_rate"":0.0005}","{""detection_events"":29559,""detectors_checked"":11712512}"
     37888,         0,         0,    5.98,exact_mw,8973b2281876bd917be29e6214e197de75d185bf3f5e531e264555f10574746e,"{""distance"":7,""physical_error_rate"":0.0005}","{""detection_events"":55457,""detectors_checked"":22808576}"
     29696,         0,         0,    6.21,exact_mw,8973b2281876bd917be29e6214e197de75d185bf3f5e531e264555f10574746e,"{""distance"":7,""physical_error_rate"":0.0005}","{""detection_events"":43386,""detectors_checked"":17876992}"
     40960,         1,         0,    6.11,exact_mw,8973b2281876bd917be29e6214e197de75d185bf3f5e531e264555f10574746e,"{""distance"":7,""physical_error_rate"":0.0005}","{""detection_events"":60009,""detectors_checked"":24657920,""obs_mistake_mask=E"":1}"
     10240,         0,         0,    3.07,exact_mw,8973b2281876bd917be29e6214e197de75d185bf3f5e531e264555f10574746e,"{""distance"":7,""physical_error_rate"":0.0005}","{""detection_events"":15417,""detectors_checked"":6164480}"
     30720,         0,         0,    4.35,exact_mw,8973b2281876bd917be29e6214e197de75d185bf3f5e531e264555f10574746e,"{""distance"":7,""physical_error_rate"":0.0005}","{""detection_events"":45977,""detectors_checked"":18493440}"
     14336,         0,         0,    3.05,exact_mw,8973b2281876bd917be29e6214e197de75d185bf3f5e531e264555f10574746e,"{""distance"":7,""physical_error_rate"":0.0005}","{""detection_events"":21278,""detectors_checked"":8630272}"
     13312,         0,         0,    3.13,exact_mw,8973b2281876bd917be29e6214e197de75d185bf3f5e531e264555f10574746e,"{""distance"":7,""physical_error_rate"":0.0005}","{""detection_events"":19431,""detectors_checked"":8013824}"
     16384,         0,         0,    3.64,exact_mw,8973b2281876bd917be29e6214e197de75d185bf3f5e531e264555f10574746e,"{""distance"":7,""physical_error_rate"":0.0005}","{""detection_events"":24066,""detectors_checked"":9863168}"
     21504,         0,         0,    3.07,exact_mw,8973b2281876bd917be29e6214e197de75d185bf3f5e531e264555f10574746e,"{""distance"":7,""physical_error_rate"":0.0005}","{""detection_events"":31254,""detectors_checked"":12945408}"
      4096,         0,         0,    3.57,exact_mw,8973b2281876bd917be29e6214e197de75d185bf3f5e531e264555f10574746e,"{""distance"":7,""physical_error_rate"":0.0005}","{""detection_events"":6201,""detectors_checked"":2465792}"
     26624,         0,         0,    5.97,exact_mw,8973b2281876bd917be29e6214e197de75d185bf3f5e531e264555f10574746e,"{""distance"":7,""physical_error_rate"":0.0005}","{""detection_events"":38801,""detectors_checked"":16027648}"
     36864,         0,         0,    6.15,exact_mw,8973b2281876bd917be29e6214e197de75d185bf3f5e531e264555f10574746e,"{""distance"":7,""physical_error_rate"":0.0005}","{""detection_events"":55351,""detectors_checked"":22192128}"
     26624,         0,         0,    4.42,exact_mw,8973b2281876bd917be29e6214e197de75d185bf3f5e531e264555f10574746e,"{""distance"":7,""physical_error_rate"":0.0005}","{""detection_events"":38608,""detectors_checked"":16027648}"
     29696,         0,         0,    6.03,exact_mw,8973b2281876bd917be29e6214e197de75d185bf3f5e531e264555f10574746e,"{""distance"":7,""physical_error_rate"":0.0005}","{""detection_events"":43703,""detectors_checked"":17876992}"
     40960,         0,         0,    6.16,exact_mw,8973b2281876bd917be29e6214e197de75d185bf3f5e531e264555f10574746e,"{""distance"":7,""physical_error_rate"":0.0005}","{""detection_events"":59954,""detectors_checked"":24657920}"
     44032,         0,         0,    6.13,exact_mw,8973b2281876bd917be29e6214e197de75d185bf3f5e531e264555f10574746e,"{""distance"":7,""physical_error_rate"":0.0005}","{""detection_events"":64802,""detectors_checked"":26507264}"
     41984,         0,         0,    6.05,exact_mw,8973b2281876bd917be29e6214e197de75d185bf3f5e531e264555f10574746e,"{""distance"":7,""physical_error_rate"":0.0005}","{""detection_events"":62535,""detectors_checked"":25274368}"
      4608,         0,         0,    4.59,exact_mw,8973b2281876bd917be29e6214e197de75d185bf3f5e531e264555f10574746e,"{""distance"":7,""physical_error_rate"":0.0005}","{""detection_events"":6772,""detectors_checked"":2774016}"
     28672,         0,         0,    4.29,exact_mw,8973b2281876bd917be29e6214e197de75d185bf3f5e531e264555f10574746e,"{""distance"":7,""physical_error_rate"":0.0005}","{""detection_events"":42153,""detectors_checked"":17260544}"
     32768,         0,         0,    4.38,exact_mw,8973b2281876bd917be29e6214e197de75d185bf3f5e531e264555f10574746e,"{""distance"":7,""physical_error_rate"":0.0005}","{""detection_events"":48603,""detectors_checked"":19726336}"
     43008,         0,         0,    6.02,exact_mw,8973b2281876bd917be29e6214e197de75d185bf3f5e531e264555f10574746e,"{""distance"":7,""physical_error_rate"":0.0005}","{""detection_events"":63475,""detectors_checked"":25890816}"
     28672,         0,         0,    4.31,exact_mw,8973b2281876bd917be29e6214e197de75d185bf3f5e531e264555f10574746e,"{""distance"":7,""physical_error_rate"":0.0005}","{""detection_events"":42363,""detectors_checked"":17260544}"
     58368,         0,         0,    8.36,exact_mw,8973b2281876bd917be29e6214e197de75d185bf3f5e531e264555f10574746e,"{""distance"":7,""physical_error_rate"":0.0005}","{""detection_events"":86114,""detectors_checked"":35137536}"
     29696,         0,         0,    4.39,exact_mw,8973b2281876bd917be29e6214e197de75d185bf3f5e531e264555f10574746e,"{""distance"":7,""physical_error_rate"":0.0005}","{""detection_events"":43967,""detectors_checked"":17876992}"
     32768,         0,         0,    4.37,exact_mw,8973b2281876bd917be29e6214e197de75d185bf3f5e531e264555f10574746e,"{""distance"":7,""physical_error_rate"":0.0005}","{""detection_events"":47570,""detectors_checked"":19726336}"
     30720,         0,         0,    4.34,exact_mw,8973b2281876bd917be29e6214e197de75d185bf3f5e531e264555f10574746e,"{""distance"":7,""physical_error_rate"":0.0005}","{""detection_events"":46089,""detectors_checked"":18493440}"
     32768,         0,         0,    4.40,exact_mw,8973b2281876bd917be29e6214e197de75d185bf3f5e531e264555f10574746e,"{""distance"":7,""physical_error_rate"":0.0005}","{""detection_events"":48143,""detectors_checked"":19726336}"
      6144,         0,         0,    6.35,exact_mw,8973b2281876bd917be29e6214e197de75d185bf3f5e531e264555f10574746e,"{""distance"":7,""physical_error_rate"":0.0005}","{""detection_events"":9435,""detectors_checked"":3698688}"
     20480,         0,         0,    4.27,exact_mw,8973b2281876bd917be29e6214e197de75d185bf3f5e531e264555f10574746e,"{""distance"":7,""physical_error_rate"":0.0005}","{""detection_events"":30186,""detectors_checked"":12328960}"
     31744,         0,         0,    4.27,exact_mw,8973b2281876bd917be29e6214e197de75d185bf3f5e531e264555f10574746e,"{""distance"":7,""physical_error_rate"":0.0005}","{""detection_events"":46540,""detectors_checked"":19109888}"
     31744,         0,         0,    4.29,exact_mw,8973b2281876bd917be29e6214e197de75d185bf3f5e531e264555f10574746e,"{""distance"":7,""physical_error_rate"":0.0005}","{""detection_events"":46700,""detectors_checked"":19109888}"
     29696,         0,         0,    4.33,exact_mw,8973b2281876bd917be29e6214e197de75d185bf3f5e531e264555f10574746e,"{""distance"":7,""physical_error_rate"":0.0005}","{""detection_events"":43689,""detectors_checked"":17876992}"
      5120,         0,         0,    4.52,exact_mw,8973b2281876bd917be29e6214e197de75d185bf3f5e531e264555f10574746e,"{""distance"":7,""physical_error_rate"":0.0005}","{""detection_events"":7465,""detectors_checked"":3082240}"
      5120,         0,         0,    4.84,exact_mw,8973b2281876bd917be29e6214e197de75d185bf3f5e531e264555f10574746e,"{""distance"":7,""physical_error_rate"":0.0005}","{""detection_events"":7538,""detectors_checked"":3082240}"
      7168,         0,         0,    6.62,exact_mw,8973b2281876bd917be29e6214e197de75d185bf3f5e531e264555f10574746e,"{""distance"":7,""physical_error_rate"":0.0005}","{""detection_events"":10532,""detectors_checked"":4315136}"
     56320,         0,         0,    8.37,exact_mw,8973b2281876bd917be29e6214e197de75d185bf3f5e531e264555f10574746e,"{""distance"":7,""physical_error_rate"":0.0005}","{""detection_events"":84174,""detectors_checked"":33904640}"
     41984,         0,         0,    6.02,exact_mw,8973b2281876bd917be29e6214e197de75d185bf3f5e531e264555f10574746e,"{""distance"":7,""physical_error_rate"":0.0005}","{""detection_events"":61642,""detectors_checked"":25274368}"
     60416,         0,         0,    8.37,exact_mw,8973b2281876bd917be29e6214e197de75d185bf3f5e531e264555f10574746e,"{""distance"":7,""physical_error_rate"":0.0005}","{""detection_events"":89288,""detectors_checked"":36370432}"
    611328,         0,         0,   121.0,exact_mw,8973b2281876bd917be29e6214e197de75d185bf3f5e531e264555f10574746e,"{""distance"":7,""physical_error_rate"":0.0005}","{""detection_events"":905478,""detectors_checked"":368019456}"
     62464,         0,         0,    8.48,exact_mw,8973b2281876bd917be29e6214e197de75d185bf3f5e531e264555f10574746e,"{""distance"":7,""physical_error_rate"":0.0005}","{""detection_events"":91522,""detectors_checked"":37603328}"
     26624,         0,         0,    6.01,exact_mw,8973b2281876bd917be29e6214e197de75d185bf3f5e531e264555f10574746e,"{""distance"":7,""physical_error_rate"":0.0005}","{""detection_events"":40127,""detectors_checked"":16027648}"
     58368,         0,         0,    8.45,exact_mw,8973b2281876bd917be29e6214e197de75d185bf3f5e531e264555f10574746e,"{""distance"":7,""physical_error_rate"":0.0005}","{""detection_events"":87404,""detectors_checked"":35137536}"
     56320,         0,         0,    8.41,exact_mw,8973b2281876bd917be29e6214e197de75d185bf3f5e531e264555f10574746e,"{""distance"":7,""physical_error_rate"":0.0005}","{""detection_events"":82866,""detectors_checked"":33904640}"
     59392,         0,         0,    8.41,exact_mw,8973b2281876bd917be29e6214e197de75d185bf3f5e531e264555f10574746e,"{""distance"":7,""physical_error_rate"":0.0005}","{""detection_events"":87819,""detectors_checked"":35753984}"
     43008,         0,         0,    6.02,exact_mw,8973b2281876bd917be29e6214e197de75d185bf3f5e531e264555f10574746e,"{""distance"":7,""physical_error_rate"":0.0005}","{""detection_events"":63724,""detectors_checked"":25890816}"
     43008,         0,         0,    6.13,exact_mw,8973b2281876bd917be29e6214e197de75d185bf3f5e531e264555f10574746e,"{""distance"":7,""physical_error_rate"":0.0005}","{""detection_events"":63381,""detectors_checked"":25890816}"
     56320,         0,         0,    8.51,exact_mw,8973b2281876bd917be29e6214e197de75d185bf3f5e531e264555f10574746e,"{""distance"":7,""physical_error_rate"":0.0005}","{""detection_events"":83437,""detectors_checked"":33904640}"
     62464,         0,         0,    8.49,exact_mw,8973b2281876bd917be29e6214e197de75d185bf3f5e531e264555f10574746e,"{""distance"":7,""physical_error_rate"":0.0005}","{""detection_events"":92574,""detectors_checked"":37603328}"
     46080,         0,         0,    6.00,exact_mw,8973b2281876bd917be29e6214e197de75d185bf3f5e531e264555f10574746e,"{""distance"":7,""physical_error_rate"":0.0005}","{""detection_events"":67358,""detectors_checked"":27740160}"
     41984,         0,         0,    6.05,exact_mw,8973b2281876bd917be29e6214e197de75d185bf3f5e531e264555f10574746e,"{""distance"":7,""physical_error_rate"":0.0005}","{""detection_events"":62202,""detectors_checked"":25274368}"
     41984,         0,         0,    6.04,exact_mw,8973b2281876bd917be29e6214e197de75d185bf3f5e531e264555f10574746e,"{""distance"":7,""physical_error_rate"":0.0005}","{""detection_events"":61169,""detectors_checked"":25274368}"
     45056,         0,         0,    6.06,exact_mw,8973b2281876bd917be29e6214e197de75d185bf3f5e531e264555f10574746e,"{""distance"":7,""physical_error_rate"":0.0005}","{""detection_events"":66465,""detectors_checked"":27123712}"
     39936,         0,         0,    5.97,exact_mw,8973b2281876bd917be29e6214e197de75d185bf3f5e531e264555f10574746e,"{""distance"":7,""physical_error_rate"":0.0005}","{""detection_events"":58815,""detectors_checked"":24041472}"
      6656,         0,         0,    6.95,exact_mw,8973b2281876bd917be29e6214e197de75d185bf3f5e531e264555f10574746e,"{""distance"":7,""physical_error_rate"":0.0005}","{""detection_events"":10074,""detectors_checked"":4006912}"
     40960,         0,         0,    8.59,exact_mw,8973b2281876bd917be29e6214e197de75d185bf3f5e531e264555f10574746e,"{""distance"":7,""physical_error_rate"":0.0005}","{""detection_events"":60290,""detectors_checked"":24657920}"
     60416,         0,         0,    8.48,exact_mw,8973b2281876bd917be29e6214e197de75d185bf3f5e531e264555f10574746e,"{""distance"":7,""physical_error_rate"":0.0005}","{""detection_events"":88662,""detectors_checked"":36370432}"
     28672,         0,         0,    6.13,exact_mw,8973b2281876bd917be29e6214e197de75d185bf3f5e531e264555f10574746e,"{""distance"":7,""physical_error_rate"":0.0005}","{""detection_events"":42401,""detectors_checked"":17260544}"
     43008,         0,         0,    5.99,exact_mw,8973b2281876bd917be29e6214e197de75d185bf3f5e531e264555f10574746e,"{""distance"":7,""physical_error_rate"":0.0005}","{""detection_events"":64004,""detectors_checked"":25890816}"
     46080,         0,         0,    6.13,exact_mw,8973b2281876bd917be29e6214e197de75d185bf3f5e531e264555f10574746e,"{""distance"":7,""physical_error_rate"":0.0005}","{""detection_events"":67980,""detectors_checked"":27740160}"
     40960,         0,         0,    6.00,exact_mw,8973b2281876bd917be29e6214e197de75d185bf3f5e531e264555f10574746e,"{""distance"":7,""physical_error_rate"":0.0005}","{""detection_events"":60937,""detectors_checked"":24657920}"
     66560,         0,         0,    8.45,exact_mw,8973b2281876bd917be29e6214e197de75d185bf3f5e531e264555f10574746e,"{""distance"":7,""physical_error_rate"":0.0005}","{""detection_events"":98555,""detectors_checked"":40069120}"
     60416,         0,         0,    8.44,exact_mw,8973b2281876bd917be29e6214e197de75d185bf3f5e531e264555f10574746e,"{""distance"":7,""physical_error_rate"":0.0005}","{""detection_events"":88640,""detectors_checked"":36370432}"
      7168,         0,         0,    6.68,exact_mw,8973b2281876bd917be29e6214e197de75d185bf3f5e531e264555f10574746e,"{""distance"":7,""physical_error_rate"":0.0005}","{""detection_events"":10613,""detectors_checked"":4315136}"
     56320,         1,         0,    8.47,exact_mw,8973b2281876bd917be29e6214e197de75d185bf3f5e531e264555f10574746e,"{""distance"":7,""physical_error_rate"":0.0005}","{""detection_events"":84976,""detectors_checked"":33904640,""obs_mistake_mask=E"":1}"
      6144,         0,         0,    6.57,exact_mw,8973b2281876bd917be29e6214e197de75d185bf3f5e531e264555f10574746e,"{""distance"":7,""physical_error_rate"":0.0005}","{""detection_events"":9135,""detectors_checked"":3698688}"
      9216,         0,         0,    10.0,exact_mw,8973b2281876bd917be29e6214e197de75d185bf3f5e531e264555f10574746e,"{""distance"":7,""physical_error_rate"":0.0005}","{""detection_events"":13415,""detectors_checked"":5548032}"
     58368,         0,         0,    8.39,exact_mw,8973b2281876bd917be29e6214e197de75d185bf3f5e531e264555f10574746e,"{""distance"":7,""physical_error_rate"":0.0005}","{""detection_events"":86274,""detectors_checked"":35137536}"
      9216,         0,         0,    8.64,exact_mw,8973b2281876bd917be29e6214e197de75d185bf3f5e531e264555f10574746e,"{""distance"":7,""physical_error_rate"":0.0005}","{""detection_events"":13378,""detectors_checked"":5548032}"
     84992,         0,         0,    11.8,exact_mw,8973b2281876bd917be29e6214e197de75d185bf3f5e531e264555f10574746e,"{""distance"":7,""physical_error_rate"":0.0005}","{""detection_events"":125845,""detectors_checked"":51165184}"
     39936,         1,         0,    8.42,exact_mw,8973b2281876bd917be29e6214e197de75d185bf3f5e531e264555f10574746e,"{""distance"":7,""physical_error_rate"":0.0005}","{""detection_events"":58384,""detectors_checked"":24041472,""obs_mistake_mask=E"":1}"
     86016,         0,         0,    11.8,exact_mw,8973b2281876bd917be29e6214e197de75d185bf3f5e531e264555f10574746e,"{""distance"":7,""physical_error_rate"":0.0005}","{""detection_events"":126886,""detectors_checked"":51781632}"
     61440,         0,         0,    8.41,exact_mw,8973b2281876bd917be29e6214e197de75d185bf3f5e531e264555f10574746e,"{""distance"":7,""physical_error_rate"":0.0005}","{""detection_events"":90195,""detectors_checked"":36986880}"
     55296,         0,         0,    8.54,exact_mw,8973b2281876bd917be29e6214e197de75d185bf3f5e531e264555f10574746e,"{""distance"":7,""physical_error_rate"":0.0005}","{""detection_events"":81712,""detectors_checked"":33288192}"
     61440,         0,         0,    8.41,exact_mw,8973b2281876bd917be29e6214e197de75d185bf3f5e531e264555f10574746e,"{""distance"":7,""physical_error_rate"":0.0005}","{""detection_events"":90548,""detectors_checked"":36986880}"
     57344,         0,         0,    8.42,exact_mw,8973b2281876bd917be29e6214e197de75d185bf3f5e531e264555f10574746e,"{""distance"":7,""physical_error_rate"":0.0005}","{""detection_events"":84611,""detectors_checked"":34521088}"
     61440,         0,         0,    8.39,exact_mw,8973b2281876bd917be29e6214e197de75d185bf3f5e531e264555f10574746e,"{""distance"":7,""physical_error_rate"":0.0005}","{""detection_events"":90829,""detectors_checked"":36986880}"
     58368,         1,         0,    8.55,exact_mw,8973b2281876bd917be29e6214e197de75d185bf3f5e531e264555f10574746e,"{""distance"":7,""physical_error_rate"":0.0005}","{""detection_events"":86285,""detectors_checked"":35137536,""obs_mistake_mask=E"":1}"
     63488,         0,         0,    8.53,exact_mw,8973b2281876bd917be29e6214e197de75d185bf3f5e531e264555f10574746e,"{""distance"":7,""physical_error_rate"":0.0005}","{""detection_events"":93700,""detectors_checked"":38219776}"
     81920,         0,         0,    11.8,exact_mw,8973b2281876bd917be29e6214e197de75d185bf3f5e531e264555f10574746e,"{""distance"":7,""physical_error_rate"":0.0005}","{""detection_events"":120971,""detectors_checked"":49315840}"
      7680,         0,         0,    8.34,exact_mw,8973b2281876bd917be29e6214e197de75d185bf3f5e531e264555f10574746e,"{""distance"":7,""physical_error_rate"":0.0005}","{""detection_events"":11325,""detectors_checked"":4623360}"
     57344,         0,         0,    8.37,exact_mw,8973b2281876bd917be29e6214e197de75d185bf3f5e531e264555f10574746e,"{""distance"":7,""physical_error_rate"":0.0005}","{""detection_events"":85162,""detectors_checked"":34521088}"
     41984,         1,         0,    8.49,exact_mw,8973b2281876bd917be29e6214e197de75d185bf3f5e531e264555f10574746e,"{""distance"":7,""physical_error_rate"":0.0005}","{""detection_events"":61871,""detectors_checked"":25274368,""obs_mistake_mask=E"":1}"
     58368,         0,         0,    8.40,exact_mw,8973b2281876bd917be29e6214e197de75d185bf3f5e531e264555f10574746e,"{""distance"":7,""physical_error_rate"":0.0005}","{""detection_events"":87905,""detectors_checked"":35137536}"
     84992,         0,         0,    11.8,exact_mw,8973b2281876bd917be29e6214e197de75d185bf3f5e531e264555f10574746e,"{""distance"":7,""physical_error_rate"":0.0005}","{""detection_events"":126866,""detectors_checked"":51165184}"
     59392,         0,         0,    8.43,exact_mw,8973b2281876bd917be29e6214e197de75d185bf3f5e531e264555f10574746e,"{""distance"":7,""physical_error_rate"":0.0005}","{""detection_events"":87925,""detectors_checked"":35753984}"
     79872,         0,         0,    11.7,exact_mw,8973b2281876bd917be29e6214e197de75d185bf3f5e531e264555f10574746e,"{""distance"":7,""physical_error_rate"":0.0005}","{""detection_events"":119108,""detectors_checked"":48082944}"
     80896,         0,         0,    11.8,exact_mw,8973b2281876bd917be29e6214e197de75d185bf3f5e531e264555f10574746e,"{""distance"":7,""physical_error_rate"":0.0005}","{""detection_events"":119016,""detectors_checked"":48699392}"
     84992,         0,         0,    11.8,exact_mw,8973b2281876bd917be29e6214e197de75d185bf3f5e531e264555f10574746e,"{""distance"":7,""physical_error_rate"":0.0005}","{""detection_events"":124613,""detectors_checked"":51165184}"
      8704,         0,         0,    8.60,exact_mw,8973b2281876bd917be29e6214e197de75d185bf3f5e531e264555f10574746e,"{""distance"":7,""physical_error_rate"":0.0005}","{""detection_events"":12680,""detectors_checked"":5239808}"
     84992,         0,         0,    11.7,exact_mw,8973b2281876bd917be29e6214e197de75d185bf3f5e531e264555f10574746e,"{""distance"":7,""physical_error_rate"":0.0005}","{""detection_events"":125130,""detectors_checked"":51165184}"
     10752,         0,         0,    11.9,exact_mw,8973b2281876bd917be29e6214e197de75d185bf3f5e531e264555f10574746e,"{""distance"":7,""physical_error_rate"":0.0005}","{""detection_events"":15777,""detectors_checked"":6472704}"
    651264,         1,         0,   119.9,exact_mw,8973b2281876bd917be29e6214e197de75d185bf3f5e531e264555f10574746e,"{""distance"":7,""physical_error_rate"":0.0005}","{""detection_events"":960915,""detectors_checked"":392060928,""obs_mistake_mask=E"":1}"
      9216,         0,         0,    9.59,exact_mw,8973b2281876bd917be29e6214e197de75d185bf3f5e531e264555f10574746e,"{""distance"":7,""physical_error_rate"":0.0005}","{""detection_events"":13685,""detectors_checked"":5548032}"
     59392,         0,         0,    11.8,exact_mw,8973b2281876bd917be29e6214e197de75d185bf3f5e531e264555f10574746e,"{""distance"":7,""physical_error_rate"":0.0005}","{""detection_events"":88231,""detectors_checked"":35753984}"
     82944,         1,         0,    11.8,exact_mw,8973b2281876bd917be29e6214e197de75d185bf3f5e531e264555f10574746e,"{""distance"":7,""physical_error_rate"":0.0005}","{""detection_events"":122990,""detectors_checked"":49932288,""obs_mistake_mask=E"":1}"
     92160,         0,         0,    11.7,exact_mw,8973b2281876bd917be29e6214e197de75d185bf3f5e531e264555f10574746e,"{""distance"":7,""physical_error_rate"":0.0005}","{""detection_events"":137247,""detectors_checked"":55480320}"
     83968,         0,         0,    11.7,exact_mw,8973b2281876bd917be29e6214e197de75d185bf3f5e531e264555f10574746e,"{""distance"":7,""physical_error_rate"":0.0005}","{""detection_events"":125174,""detectors_checked"":50548736}"
    523776,         1,         0,   120.2,exact_mw,8973b2281876bd917be29e6214e197de75d185bf3f5e531e264555f10574746e,"{""distance"":7,""physical_error_rate"":0.0005}","{""detection_events"":773976,""detectors_checked"":315313152,""obs_mistake_mask=E"":1}"
     84992,         0,         0,    11.8,exact_mw,8973b2281876bd917be29e6214e197de75d185bf3f5e531e264555f10574746e,"{""distance"":7,""physical_error_rate"":0.0005}","{""detection_events"":125621,""detectors_checked"":51165184}"
    674816,         2,         0,   119.9,exact_mw,8973b2281876bd917be29e6214e197de75d185bf3f5e531e264555f10574746e,"{""distance"":7,""physical_error_rate"":0.0005}","{""detection_events"":995293,""detectors_checked"":406239232,""obs_mistake_mask=E"":2}"
    683008,         0,         0,   119.9,exact_mw,8973b2281876bd917be29e6214e197de75d185bf3f5e531e264555f10574746e,"{""distance"":7,""physical_error_rate"":0.0005}","{""detection_events"":1013508,""detectors_checked"":411170816}"
    728064,         3,         0,   119.8,exact_mw,8973b2281876bd917be29e6214e197de75d185bf3f5e531e264555f10574746e,"{""distance"":7,""physical_error_rate"":0.0005}","{""detection_events"":1077898,""detectors_checked"":438294528,""obs_mistake_mask=E"":3}"
    714752,         2,         0,   119.9,exact_mw,8973b2281876bd917be29e6214e197de75d185bf3f5e531e264555f10574746e,"{""distance"":7,""physical_error_rate"":0.0005}","{""detection_events"":1058393,""detectors_checked"":430280704,""obs_mistake_mask=E"":2}"
     82944,         0,         0,    11.8,exact_mw,8973b2281876bd917be29e6214e197de75d185bf3f5e531e264555f10574746e,"{""distance"":7,""physical_error_rate"":0.0005}","{""detection_events"":123653,""detectors_checked"":49932288}"
     12288,         0,         0,    12.0,exact_mw,8973b2281876bd917be29e6214e197de75d185bf3f5e531e264555f10574746e,"{""distance"":7,""physical_error_rate"":0.0005}","{""detection_events"":17884,""detectors_checked"":7397376}"
     12288,         0,         0,    12.5,exact_mw,8973b2281876bd917be29e6214e197de75d185bf3f5e531e264555f10574746e,"{""distance"":7,""physical_error_rate"":0.0005}","{""detection_events"":18334,""detectors_checked"":7397376}"
    480256,         0,         0,   120.5,exact_mw,8973b2281876bd917be29e6214e197de75d185bf3f5e531e264555f10574746e,"{""distance"":7,""physical_error_rate"":0.0005}","{""detection_events"":710233,""detectors_checked"":289114112}"
    636928,         2,         0,   120.0,exact_mw,8973b2281876bd917be29e6214e197de75d185bf3f5e531e264555f10574746e,"{""distance"":7,""physical_error_rate"":0.0005}","{""detection_events"":943318,""detectors_checked"":383430656,""obs_mistake_mask=E"":2}"
    670720,         7,         0,   119.9,exact_mw,8973b2281876bd917be29e6214e197de75d185bf3f5e531e264555f10574746e,"{""distance"":7,""physical_error_rate"":0.0005}","{""detection_events"":991641,""detectors_checked"":403773440,""obs_mistake_mask=E"":7}"
     58368,         0,         0,    11.9,exact_mw,8973b2281876bd917be29e6214e197de75d185bf3f5e531e264555f10574746e,"{""distance"":7,""physical_error_rate"":0.0005}","{""detection_events"":85793,""detectors_checked"":35137536}"
     80896,         0,         0,    11.8,exact_mw,8973b2281876bd917be29e6214e197de75d185bf3f5e531e264555f10574746e,"{""distance"":7,""physical_error_rate"":0.0005}","{""detection_events"":119608,""detectors_checked"":48699392}"
     80896,         1,         0,    11.8,exact_mw,8973b2281876bd917be29e6214e197de75d185bf3f5e531e264555f10574746e,"{""distance"":7,""physical_error_rate"":0.0005}","{""detection_events"":120692,""detectors_checked"":48699392,""obs_mistake_mask=E"":1}"
     70656,         0,         0,    11.8,exact_mw,8973b2281876bd917be29e6214e197de75d185bf3f5e531e264555f10574746e,"{""distance"":7,""physical_error_rate"":0.0005}","{""detection_events"":103785,""detectors_checked"":42534912}"
     87040,         0,         0,    11.8,exact_mw,8973b2281876bd917be29e6214e197de75d185bf3f5e531e264555f10574746e,"{""distance"":7,""physical_error_rate"":0.0005}","{""detection_events"":127839,""detectors_checked"":52398080}"
    777216,         2,         0,   119.9,exact_mw,8973b2281876bd917be29e6214e197de75d185bf3f5e531e264555f10574746e,"{""distance"":7,""physical_error_rate"":0.0005}","{""detection_events"":1146369,""detectors_checked"":467884032,""obs_mistake_mask=E"":2}"
     87040,         0,         0,    11.7,exact_mw,8973b2281876bd917be29e6214e197de75d185bf3f5e531e264555f10574746e,"{""distance"":7,""physical_error_rate"":0.0005}","{""detection_events"":129226,""detectors_checked"":52398080}"
     83968,         0,         0,    11.9,exact_mw,8973b2281876bd917be29e6214e197de75d185bf3f5e531e264555f10574746e,"{""distance"":7,""physical_error_rate"":0.0005}","{""detection_events"":124289,""detectors_checked"":50548736}"
     74752,         0,         0,    11.7,exact_mw,8973b2281876bd917be29e6214e197de75d185bf3f5e531e264555f10574746e,"{""distance"":7,""physical_error_rate"":0.0005}","{""detection_events"":110196,""detectors_checked"":45000704}"
     12288,         0,         0,    12.1,exact_mw,8973b2281876bd917be29e6214e197de75d185bf3f5e531e264555f10574746e,"{""distance"":7,""physical_error_rate"":0.0005}","{""detection_events"":17871,""detectors_checked"":7397376}"
     68608,         1,         0,    11.8,exact_mw,8973b2281876bd917be29e6214e197de75d185bf3f5e531e264555f10574746e,"{""distance"":7,""physical_error_rate"":0.0005}","{""detection_events"":102358,""detectors_checked"":41302016,""obs_mistake_mask=E"":1}"
     67584,         0,         0,    12.4,exact_mw,8973b2281876bd917be29e6214e197de75d185bf3f5e531e264555f10574746e,"{""distance"":7,""physical_error_rate"":0.0005}","{""detection_events"":100214,""detectors_checked"":40685568}"
    409600,         1,         0,   119.9,exact_mw,8973b2281876bd917be29e6214e197de75d185bf3f5e531e264555f10574746e,"{""distance"":7,""physical_error_rate"":0.0005}","{""detection_events"":605208,""detectors_checked"":246579200,""obs_mistake_mask=E"":1}"
     71680,         0,         0,    11.8,exact_mw,8973b2281876bd917be29e6214e197de75d185bf3f5e531e264555f10574746e,"{""distance"":7,""physical_error_rate"":0.0005}","{""detection_events"":105058,""detectors_checked"":43151360}"
     86016,         2,         0,    11.8,exact_mw,8973b2281876bd917be29e6214e197de75d185bf3f5e531e264555f10574746e,"{""distance"":7,""physical_error_rate"":0.0005}","{""detection_events"":126499,""detectors_checked"":51781632,""obs_mistake_mask=E"":2}"
    115712,         0,         0,    16.4,exact_mw,8973b2281876bd917be29e6214e197de75d185bf3f5e531e264555f10574746e,"{""distance"":7,""physical_error_rate"":0.0005}","{""detection_events"":170137,""detectors_checked"":69658624}"
     12288,         0,         0,    11.7,exact_mw,8973b2281876bd917be29e6214e197de75d185bf3f5e531e264555f10574746e,"{""distance"":7,""physical_error_rate"":0.0005}","{""detection_events"":17394,""detectors_checked"":7397376}"
     10240,         0,         0,    12.2,exact_mw,8973b2281876bd917be29e6214e197de75d185bf3f5e531e264555f10574746e,"{""distance"":7,""physical_error_rate"":0.0005}","{""detection_events"":15093,""detectors_checked"":6164480}"
    138240,         0,         0,    16.6,exact_mw,8973b2281876bd917be29e6214e197de75d185bf3f5e531e264555f10574746e,"{""distance"":7,""physical_error_rate"":0.0005}","{""detection_events"":203686,""detectors_checked"":83220480}"
    113664,         0,         0,    16.5,exact_mw,8973b2281876bd917be29e6214e197de75d185bf3f5e531e264555f10574746e,"{""distance"":7,""physical_error_rate"":0.0005}","{""detection_events"":167587,""detectors_checked"":68425728}"
    680960,         1,         0,   120.1,exact_mw,8973b2281876bd917be29e6214e197de75d185bf3f5e531e264555f10574746e,"{""distance"":7,""physical_error_rate"":0.0005}","{""detection_events"":1007995,""detectors_checked"":409937920,""obs_mistake_mask=E"":1}"
    113664,         1,         0,    16.5,exact_mw,8973b2281876bd917be29e6214e197de75d185bf3f5e531e264555f10574746e,"{""distance"":7,""physical_error_rate"":0.0005}","{""detection_events"":167681,""detectors_checked"":68425728,""obs_mistake_mask=E"":1}"
    114688,         1,         0,    16.4,exact_mw,8973b2281876bd917be29e6214e197de75d185bf3f5e531e264555f10574746e,"{""distance"":7,""physical_error_rate"":0.0005}","{""detection_events"":169250,""detectors_checked"":69042176,""obs_mistake_mask=E"":1}"
    113664,         0,         0,    16.4,exact_mw,8973b2281876bd917be29e6214e197de75d185bf3f5e531e264555f10574746e,"{""distance"":7,""physical_error_rate"":0.0005}","{""detection_events"":167178,""detectors_checked"":68425728}"
    118784,         0,         0,    16.4,exact_mw,8973b2281876bd917be29e6214e197de75d185bf3f5e531e264555f10574746e,"{""distance"":7,""physical_error_rate"":0.0005}","{""detection_events"":176293,""detectors_checked"":71507968}"
    114688,         0,         0,    16.5,exact_mw,8973b2281876bd917be29e6214e197de75d185bf3f5e531e264555f10574746e,"{""distance"":7,""physical_error_rate"":0.0005}","{""detection_events"":169280,""detectors_checked"":69042176}"
     16896,         0,         0,    16.8,exact_mw,8973b2281876bd917be29e6214e197de75d185bf3f5e531e264555f10574746e,"{""distance"":7,""physical_error_rate"":0.0005}","{""detection_events"":24639,""detectors_checked"":10171392}"
    156672,         0,         0,    16.5,exact_mw,8973b2281876bd917be29e6214e197de75d185bf3f5e531e264555f10574746e,"{""distance"":7,""physical_error_rate"":0.0005}","{""detection_events"":232017,""detectors_checked"":94316544}"
    106496,         1,         0,    16.4,exact_mw,8973b2281876bd917be29e6214e197de75d185bf3f5e531e264555f10574746e,"{""distance"":7,""physical_error_rate"":0.0005}","{""detection_events"":158666,""detectors_checked"":64110592,""obs_mistake_mask=E"":1}"
    155648,         0,         0,    16.5,exact_mw,8973b2281876bd917be29e6214e197de75d185bf3f5e531e264555f10574746e,"{""distance"":7,""physical_error_rate"":0.0005}","{""detection_events"":230362,""detectors_checked"":93700096}"
    118784,         0,         0,    16.5,exact_mw,8973b2281876bd917be29e6214e197de75d185bf3f5e531e264555f10574746e,"{""distance"":7,""physical_error_rate"":0.0005}","{""detection_events"":175939,""detectors_checked"":71507968}"
    117760,         1,         0,    16.5,exact_mw,8973b2281876bd917be29e6214e197de75d185bf3f5e531e264555f10574746e,"{""distance"":7,""physical_error_rate"":0.0005}","{""detection_events"":173541,""detectors_checked"":70891520,""obs_mistake_mask=E"":1}"
    118784,         0,         0,    16.5,exact_mw,8973b2281876bd917be29e6214e197de75d185bf3f5e531e264555f10574746e,"{""distance"":7,""physical_error_rate"":0.0005}","{""detection_events"":175327,""detectors_checked"":71507968}"
     15872,         0,         0,    16.9,exact_mw,8973b2281876bd917be29e6214e197de75d185bf3f5e531e264555f10574746e,"{""distance"":7,""physical_error_rate"":0.0005}","{""detection_events"":23347,""detectors_checked"":9554944}"
     14336,         0,         0,    16.5,exact_mw,8973b2281876bd917be29e6214e197de75d185bf3f5e531e264555f10574746e,"{""distance"":7,""physical_error_rate"":0.0005}","{""detection_events"":21277,""detectors_checked"":8630272}"
    609280,         1,         0,   119.9,exact_mw,8973b2281876bd917be29e6214e197de75d185bf3f5e531e264555f10574746e,"{""distance"":7,""physical_error_rate"":0.0005}","{""detection_events"":901731,""detectors_checked"":366786560,""obs_mistake_mask=E"":1}"
    113664,         0,         0,    16.5,exact_mw,8973b2281876bd917be29e6214e197de75d185bf3f5e531e264555f10574746e,"{""distance"":7,""physical_error_rate"":0.0005}","{""detection_events"":168322,""detectors_checked"":68425728}"
    574464,         3,         0,   120.0,exact_mw,8973b2281876bd917be29e6214e197de75d185bf3f5e531e264555f10574746e,"{""distance"":7,""physical_error_rate"":0.0005}","{""detection_events"":849951,""detectors_checked"":345827328,""obs_mistake_mask=E"":3}"
    109568,         0,         0,    16.4,exact_mw,8973b2281876bd917be29e6214e197de75d185bf3f5e531e264555f10574746e,"{""distance"":7,""physical_error_rate"":0.0005}","{""detection_events"":161574,""detectors_checked"":65959936}"
    113664,         1,         0,    16.4,exact_mw,8973b2281876bd917be29e6214e197de75d185bf3f5e531e264555f10574746e,"{""distance"":7,""physical_error_rate"":0.0005}","{""detection_events"":168104,""detectors_checked"":68425728,""obs_mistake_mask=E"":1}"
    113664,         0,         0,    16.5,exact_mw,8973b2281876bd917be29e6214e197de75d185bf3f5e531e264555f10574746e,"{""distance"":7,""physical_error_rate"":0.0005}","{""detection_events"":168095,""detectors_checked"":68425728}"
    111616,         0,         0,    16.4,exact_mw,8973b2281876bd917be29e6214e197de75d185bf3f5e531e264555f10574746e,"{""distance"":7,""physical_error_rate"":0.0005}","{""detection_events"":163977,""detectors_checked"":67192832}"
     77824,         0,         0,    16.6,exact_mw,8973b2281876bd917be29e6214e197de75d185bf3f5e531e264555f10574746e,"{""distance"":7,""physical_error_rate"":0.0005}","{""detection_events"":115494,""detectors_checked"":46850048}"
    111616,         0,         0,    16.5,exact_mw,8973b2281876bd917be29e6214e197de75d185bf3f5e531e264555f10574746e,"{""distance"":7,""physical_error_rate"":0.0005}","{""detection_events"":164773,""detectors_checked"":67192832}"
     73728,         1,         0,    16.5,exact_mw,8973b2281876bd917be29e6214e197de75d185bf3f5e531e264555f10574746e,"{""distance"":7,""physical_error_rate"":0.0005}","{""detection_events"":109045,""detectors_checked"":44384256,""obs_mistake_mask=E"":1}"
    112640,         0,         0,    16.4,exact_mw,8973b2281876bd917be29e6214e197de75d185bf3f5e531e264555f10574746e,"{""distance"":7,""physical_error_rate"":0.0005}","{""detection_events"":166184,""detectors_checked"":67809280}"
     15360,         0,         0,    16.6,exact_mw,8973b2281876bd917be29e6214e197de75d185bf3f5e531e264555f10574746e,"{""distance"":7,""physical_error_rate"":0.0005}","{""detection_events"":23150,""detectors_checked"":9246720}"
     91136,         0,         0,    16.5,exact_mw,8973b2281876bd917be29e6214e197de75d185bf3f5e531e264555f10574746e,"{""distance"":7,""physical_error_rate"":0.0005}","{""detection_events"":135427,""detectors_checked"":54863872}"
     73728,         1,         0,    16.4,exact_mw,8973b2281876bd917be29e6214e197de75d185bf3f5e531e264555f10574746e,"{""distance"":7,""physical_error_rate"":0.0005}","{""detection_events"":109600,""detectors_checked"":44384256,""obs_mistake_mask=E"":1}"
    113664,         0,         0,    16.5,exact_mw,8973b2281876bd917be29e6214e197de75d185bf3f5e531e264555f10574746e,"{""distance"":7,""physical_error_rate"":0.0005}","{""detection_events"":167701,""detectors_checked"":68425728}"
     47616,         0,         0,    16.4,exact_mw,8973b2281876bd917be29e6214e197de75d185bf3f5e531e264555f10574746e,"{""distance"":7,""physical_error_rate"":0.0005}","{""detection_events"":70321,""detectors_checked"":28664832}"
     27136,         0,         0,    16.4,exact_mw,8973b2281876bd917be29e6214e197de75d185bf3f5e531e264555f10574746e,"{""distance"":7,""physical_error_rate"":0.0005}","{""detection_events"":38955,""detectors_checked"":16335872}"
    152576,         1,         0,    23.0,exact_mw,8973b2281876bd917be29e6214e197de75d185bf3f5e531e264555f10574746e,"{""distance"":7,""physical_error_rate"":0.0005}","{""detection_events"":224071,""detectors_checked"":91850752,""obs_mistake_mask=E"":1}"
    756736,         2,         0,   120.0,exact_mw,8973b2281876bd917be29e6214e197de75d185bf3f5e531e264555f10574746e,"{""distance"":7,""physical_error_rate"":0.0005}","{""detection_events"":1122466,""detectors_checked"":455555072,""obs_mistake_mask=E"":2}"
    696320,         4,         0,   120.0,exact_mw,8973b2281876bd917be29e6214e197de75d185bf3f5e531e264555f10574746e,"{""distance"":7,""physical_error_rate"":0.0005}","{""detection_events"":1032318,""detectors_checked"":419184640,""obs_mistake_mask=E"":4}"
    150528,         1,         0,    23.1,exact_mw,8973b2281876bd917be29e6214e197de75d185bf3f5e531e264555f10574746e,"{""distance"":7,""physical_error_rate"":0.0005}","{""detection_events"":224279,""detectors_checked"":90617856,""obs_mistake_mask=E"":1}"
    138240,         0,         0,    23.0,exact_mw,8973b2281876bd917be29e6214e197de75d185bf3f5e531e264555f10574746e,"{""distance"":7,""physical_error_rate"":0.0005}","{""detection_events"":204066,""detectors_checked"":83220480}"
    683008,         2,         0,   119.9,exact_mw,8973b2281876bd917be29e6214e197de75d185bf3f5e531e264555f10574746e,"{""distance"":7,""physical_error_rate"":0.0005}","{""detection_events"":1010502,""detectors_checked"":411170816,""obs_mistake_mask=E"":2}"
    133120,         0,         0,    23.0,exact_mw,8973b2281876bd917be29e6214e197de75d185bf3f5e531e264555f10574746e,"{""distance"":7,""physical_error_rate"":0.0005}","{""detection_events"":197932,""detectors_checked"":80138240}"
    608256,         2,         0,   120.0,exact_mw,8973b2281876bd917be29e6214e197de75d185bf3f5e531e264555f10574746e,"{""distance"":7,""physical_error_rate"":0.0005}","{""detection_events"":901343,""detectors_checked"":366170112,""obs_mistake_mask=E"":2}"
    143360,         2,         0,    22.9,exact_mw,8973b2281876bd917be29e6214e197de75d185bf3f5e531e264555f10574746e,"{""distance"":7,""physical_error_rate"":0.0005}","{""detection_events"":211436,""detectors_checked"":86302720,""obs_mistake_mask=E"":2}"
    126976,         0,         0,    23.0,exact_mw,8973b2281876bd917be29e6214e197de75d185bf3f5e531e264555f10574746e,"{""distance"":7,""physical_error_rate"":0.0005}","{""detection_events"":187338,""detectors_checked"":76439552}"
    112640,         1,         0,    23.0,exact_mw,8973b2281876bd917be29e6214e197de75d185bf3f5e531e264555f10574746e,"{""distance"":7,""physical_error_rate"":0.0005}","{""detection_events"":167495,""detectors_checked"":67809280,""obs_mistake_mask=E"":1}"
    425984,         1,         0,   120.0,exact_mw,8973b2281876bd917be29e6214e197de75d185bf3f5e531e264555f10574746e,"{""distance"":7,""physical_error_rate"":0.0005}","{""detection_events"":628642,""detectors_checked"":256442368,""obs_mistake_mask=E"":1}"
    131072,         0,         0,    23.2,exact_mw,8973b2281876bd917be29e6214e197de75d185bf3f5e531e264555f10574746e,"{""distance"":7,""physical_error_rate"":0.0005}","{""detection_events"":192952,""detectors_checked"":78905344}"
     67584,         0,         0,    23.0,exact_mw,8973b2281876bd917be29e6214e197de75d185bf3f5e531e264555f10574746e,"{""distance"":7,""physical_error_rate"":0.0005}","{""detection_events"":100360,""detectors_checked"":40685568}"
    157696,         0,         0,    23.0,exact_mw,8973b2281876bd917be29e6214e197de75d185bf3f5e531e264555f10574746e,"{""distance"":7,""physical_error_rate"":0.0005}","{""detection_events"":233751,""detectors_checked"":94932992}"
    376832,         1,         0,   120.1,exact_mw,8973b2281876bd917be29e6214e197de75d185bf3f5e531e264555f10574746e,"{""distance"":7,""physical_error_rate"":0.0005}","{""detection_events"":559202,""detectors_checked"":226852864,""obs_mistake_mask=E"":1}"
    121856,         0,         0,    23.1,exact_mw,8973b2281876bd917be29e6214e197de75d185bf3f5e531e264555f10574746e,"{""distance"":7,""physical_error_rate"":0.0005}","{""detection_events"":181888,""detectors_checked"":73357312}"
    162816,         0,         0,    22.9,exact_mw,8973b2281876bd917be29e6214e197de75d185bf3f5e531e264555f10574746e,"{""distance"":7,""physical_error_rate"":0.0005}","{""detection_events"":240298,""detectors_checked"":98015232}"
    120832,         0,         0,    23.0,exact_mw,8973b2281876bd917be29e6214e197de75d185bf3f5e531e264555f10574746e,"{""distance"":7,""physical_error_rate"":0.0005}","{""detection_events"":179021,""detectors_checked"":72740864}"
    130048,         0,         0,    23.2,exact_mw,8973b2281876bd917be29e6214e197de75d185bf3f5e531e264555f10574746e,"{""distance"":7,""physical_error_rate"":0.0005}","{""detection_events"":192560,""detectors_checked"":78288896}"
    124928,         0,         0,    23.0,exact_mw,8973b2281876bd917be29e6214e197de75d185bf3f5e531e264555f10574746e,"{""distance"":7,""physical_error_rate"":0.0005}","{""detection_events"":183481,""detectors_checked"":75206656}"
     95232,         1,         0,    22.9,exact_mw,8973b2281876bd917be29e6214e197de75d185bf3f5e531e264555f10574746e,"{""distance"":7,""physical_error_rate"":0.0005}","{""detection_events"":140444,""detectors_checked"":57329664,""obs_mistake_mask=E"":1}"
    116224,         0,         0,    23.0,exact_mw,8973b2281876bd917be29e6214e197de75d185bf3f5e531e264555f10574746e,"{""distance"":7,""physical_error_rate"":0.0005}","{""detection_events"":172146,""detectors_checked"":69966848}"
    129024,         0,         0,    23.1,exact_mw,8973b2281876bd917be29e6214e197de75d185bf3f5e531e264555f10574746e,"{""distance"":7,""physical_error_rate"":0.0005}","{""detection_events"":191137,""detectors_checked"":77672448}"
     98304,         0,         0,    23.0,exact_mw,8973b2281876bd917be29e6214e197de75d185bf3f5e531e264555f10574746e,"{""distance"":7,""physical_error_rate"":0.0005}","{""detection_events"":145736,""detectors_checked"":59179008}"
    110592,         0,         0,    23.1,exact_mw,8973b2281876bd917be29e6214e197de75d185bf3f5e531e264555f10574746e,"{""distance"":7,""physical_error_rate"":0.0005}","{""detection_events"":163689,""detectors_checked"":66576384}"
    151552,         0,         0,    23.0,exact_mw,8973b2281876bd917be29e6214e197de75d185bf3f5e531e264555f10574746e,"{""distance"":7,""physical_error_rate"":0.0005}","{""detection_events"":222761,""detectors_checked"":91234304}"
    110592,         0,         0,    23.1,exact_mw,8973b2281876bd917be29e6214e197de75d185bf3f5e531e264555f10574746e,"{""distance"":7,""physical_error_rate"":0.0005}","{""detection_events"":164163,""detectors_checked"":66576384}"
    101376,         0,         0,    23.1,exact_mw,8973b2281876bd917be29e6214e197de75d185bf3f5e531e264555f10574746e,"{""distance"":7,""physical_error_rate"":0.0005}","{""detection_events"":150264,""detectors_checked"":61028352}"
    111616,         0,         0,    23.0,exact_mw,8973b2281876bd917be29e6214e197de75d185bf3f5e531e264555f10574746e,"{""distance"":7,""physical_error_rate"":0.0005}","{""detection_events"":165193,""detectors_checked"":67192832}"
    132096,         0,         0,    23.0,exact_mw,8973b2281876bd917be29e6214e197de75d185bf3f5e531e264555f10574746e,"{""distance"":7,""physical_error_rate"":0.0005}","{""detection_events"":195867,""detectors_checked"":79521792}"
    117760,         0,         0,    23.2,exact_mw,8973b2281876bd917be29e6214e197de75d185bf3f5e531e264555f10574746e,"{""distance"":7,""physical_error_rate"":0.0005}","{""detection_events"":173575,""detectors_checked"":70891520}"
    132096,         0,         0,    23.0,exact_mw,8973b2281876bd917be29e6214e197de75d185bf3f5e531e264555f10574746e,"{""distance"":7,""physical_error_rate"":0.0005}","{""detection_events"":197373,""detectors_checked"":79521792}"
    119296,         0,         0,    23.1,exact_mw,8973b2281876bd917be29e6214e197de75d185bf3f5e531e264555f10574746e,"{""distance"":7,""physical_error_rate"":0.0005}","{""detection_events"":175657,""detectors_checked"":71816192}"
    106496,         0,         0,    23.1,exact_mw,8973b2281876bd917be29e6214e197de75d185bf3f5e531e264555f10574746e,"{""distance"":7,""physical_error_rate"":0.0005}","{""detection_events"":158106,""detectors_checked"":64110592}"
    116736,         1,         0,    22.9,exact_mw,8973b2281876bd917be29e6214e197de75d185bf3f5e531e264555f10574746e,"{""distance"":7,""physical_error_rate"":0.0005}","{""detection_events"":175201,""detectors_checked"":70275072,""obs_mistake_mask=E"":1}"
    101376,         2,         0,    23.3,exact_mw,8973b2281876bd917be29e6214e197de75d185bf3f5e531e264555f10574746e,"{""distance"":7,""physical_error_rate"":0.0005}","{""detection_events"":150545,""detectors_checked"":61028352,""obs_mistake_mask=E"":2}"
    731136,         0,         0,   120.0,exact_mw,8973b2281876bd917be29e6214e197de75d185bf3f5e531e264555f10574746e,"{""distance"":7,""physical_error_rate"":0.0005}","{""detection_events"":1083155,""detectors_checked"":440143872}"
    101376,         1,         0,    23.1,exact_mw,8973b2281876bd917be29e6214e197de75d185bf3f5e531e264555f10574746e,"{""distance"":7,""physical_error_rate"":0.0005}","{""detection_events"":151136,""detectors_checked"":61028352,""obs_mistake_mask=E"":1}"
    402432,         1,         0,   120.1,exact_mw,8973b2281876bd917be29e6214e197de75d185bf3f5e531e264555f10574746e,"{""distance"":7,""physical_error_rate"":0.0005}","{""detection_events"":597474,""detectors_checked"":242264064,""obs_mistake_mask=E"":1}"
    717824,         6,         0,   119.9,exact_mw,8973b2281876bd917be29e6214e197de75d185bf3f5e531e264555f10574746e,"{""distance"":7,""physical_error_rate"":0.0005}","{""detection_events"":1063305,""detectors_checked"":432130048,""obs_mistake_mask=E"":6}"
    171008,         0,         0,    32.2,exact_mw,8973b2281876bd917be29e6214e197de75d185bf3f5e531e264555f10574746e,"{""distance"":7,""physical_error_rate"":0.0005}","{""detection_events"":252305,""detectors_checked"":102946816}"
    204800,         0,         0,    32.2,exact_mw,8973b2281876bd917be29e6214e197de75d185bf3f5e531e264555f10574746e,"{""distance"":7,""physical_error_rate"":0.0005}","{""detection_events"":304778,""detectors_checked"":123289600}"
    165888,         1,         0,    32.2,exact_mw,8973b2281876bd917be29e6214e197de75d185bf3f5e531e264555f10574746e,"{""distance"":7,""physical_error_rate"":0.0005}","{""detection_events"":244226,""detectors_checked"":99864576,""obs_mistake_mask=E"":1}"
    164864,         0,         0,    32.3,exact_mw,8973b2281876bd917be29e6214e197de75d185bf3f5e531e264555f10574746e,"{""distance"":7,""physical_error_rate"":0.0005}","{""detection_events"":244315,""detectors_checked"":99248128}"
    151552,         0,         0,    32.2,exact_mw,8973b2281876bd917be29e6214e197de75d185bf3f5e531e264555f10574746e,"{""distance"":7,""physical_error_rate"":0.0005}","{""detection_events"":223325,""detectors_checked"":91234304}"
    155648,         1,         0,    32.1,exact_mw,8973b2281876bd917be29e6214e197de75d185bf3f5e531e264555f10574746e,"{""distance"":7,""physical_error_rate"":0.0005}","{""detection_events"":231701,""detectors_checked"":93700096,""obs_mistake_mask=E"":1}"
    221184,         2,         0,    32.2,exact_mw,8973b2281876bd917be29e6214e197de75d185bf3f5e531e264555f10574746e,"{""distance"":7,""physical_error_rate"":0.0005}","{""detection_events"":327893,""detectors_checked"":133152768,""obs_mistake_mask=E"":2}"
    761856,         1,         0,   119.9,exact_mw,8973b2281876bd917be29e6214e197de75d185bf3f5e531e264555f10574746e,"{""distance"":7,""physical_error_rate"":0.0005}","{""detection_events"":1126824,""detectors_checked"":458637312,""obs_mistake_mask=E"":1}"
    177152,         0,         0,    32.2,exact_mw,8973b2281876bd917be29e6214e197de75d185bf3f5e531e264555f10574746e,"{""distance"":7,""physical_error_rate"":0.0005}","{""detection_events"":260531,""detectors_checked"":106645504}"
    159744,         0,         0,    32.1,exact_mw,8973b2281876bd917be29e6214e197de75d185bf3f5e531e264555f10574746e,"{""distance"":7,""physical_error_rate"":0.0005}","{""detection_events"":237115,""detectors_checked"":96165888}"
    151552,         1,         0,    32.2,exact_mw,8973b2281876bd917be29e6214e197de75d185bf3f5e531e264555f10574746e,"{""distance"":7,""physical_error_rate"":0.0005}","{""detection_events"":223781,""detectors_checked"":91234304,""obs_mistake_mask=E"":1}"
    137216,         0,         0,    32.3,exact_mw,8973b2281876bd917be29e6214e197de75d185bf3f5e531e264555f10574746e,"{""distance"":7,""physical_error_rate"":0.0005}","{""detection_events"":202714,""detectors_checked"":82604032}"
    192512,         0,         0,    32.2,exact_mw,8973b2281876bd917be29e6214e197de75d185bf3f5e531e264555f10574746e,"{""distance"":7,""physical_error_rate"":0.0005}","{""detection_events"":285542,""detectors_checked"":115892224}"
    149504,         0,         0,    32.2,exact_mw,8973b2281876bd917be29e6214e197de75d185bf3f5e531e264555f10574746e,"{""distance"":7,""physical_error_rate"":0.0005}","{""detection_events"":220273,""detectors_checked"":90001408}"
    184320,         2,         0,    32.1,exact_mw,8973b2281876bd917be29e6214e197de75d185bf3f5e531e264555f10574746e,"{""distance"":7,""physical_error_rate"":0.0005}","{""detection_events"":273570,""detectors_checked"":110960640,""obs_mistake_mask=E"":2}"
    766976,         2,         0,   119.9,exact_mw,8973b2281876bd917be29e6214e197de75d185bf3f5e531e264555f10574746e,"{""distance"":7,""physical_error_rate"":0.0005}","{""detection_events"":1137380,""detectors_checked"":461719552,""obs_mistake_mask=E"":2}"
    147456,         0,         0,    32.2,exact_mw,8973b2281876bd917be29e6214e197de75d185bf3f5e531e264555f10574746e,"{""distance"":7,""physical_error_rate"":0.0005}","{""detection_events"":218988,""detectors_checked"":88768512}"
    150528,         0,         0,    32.2,exact_mw,8973b2281876bd917be29e6214e197de75d185bf3f5e531e264555f10574746e,"{""distance"":7,""physical_error_rate"":0.0005}","{""detection_events"":221831,""detectors_checked"":90617856}"
    166912,         0,         0,    32.3,exact_mw,8973b2281876bd917be29e6214e197de75d185bf3f5e531e264555f10574746e,"{""distance"":7,""physical_error_rate"":0.0005}","{""detection_events"":247054,""detectors_checked"":100481024}"
    202752,         0,         0,    32.2,exact_mw,8973b2281876bd917be29e6214e197de75d185bf3f5e531e264555f10574746e,"{""distance"":7,""physical_error_rate"":0.0005}","{""detection_events"":299301,""detectors_checked"":122056704}"
    387584,         1,         0,   120.2,exact_mw,8973b2281876bd917be29e6214e197de75d185bf3f5e531e264555f10574746e,"{""distance"":7,""physical_error_rate"":0.0005}","{""detection_events"":572729,""detectors_checked"":233325568,""obs_mistake_mask=E"":1}"
    737280,         0,         0,   120.1,exact_mw,8973b2281876bd917be29e6214e197de75d185bf3f5e531e264555f10574746e,"{""distance"":7,""physical_error_rate"":0.0005}","{""detection_events"":1089715,""detectors_checked"":443842560}"
    145408,         0,         0,    32.2,exact_mw,8973b2281876bd917be29e6214e197de75d185bf3f5e531e264555f10574746e,"{""distance"":7,""physical_error_rate"":0.0005}","{""detection_events"":214852,""detectors_checked"":87535616}"
    169984,         0,         0,    32.1,exact_mw,8973b2281876bd917be29e6214e197de75d185bf3f5e531e264555f10574746e,"{""distance"":7,""physical_error_rate"":0.0005}","{""detection_events"":251962,""detectors_checked"":102330368}"
    155648,         0,         0,    32.2,exact_mw,8973b2281876bd917be29e6214e197de75d185bf3f5e531e264555f10574746e,"{""distance"":7,""physical_error_rate"":0.0005}","{""detection_events"":228813,""detectors_checked"":93700096}"
    165888,         0,         0,    32.2,exact_mw,8973b2281876bd917be29e6214e197de75d185bf3f5e531e264555f10574746e,"{""distance"":7,""physical_error_rate"":0.0005}","{""detection_events"":244640,""detectors_checked"":99864576}"
    157696,         0,         0,    32.2,exact_mw,8973b2281876bd917be29e6214e197de75d185bf3f5e531e264555f10574746e,"{""distance"":7,""physical_error_rate"":0.0005}","{""detection_events"":233400,""detectors_checked"":94932992}"
    145408,         0,         0,    32.2,exact_mw,8973b2281876bd917be29e6214e197de75d185bf3f5e531e264555f10574746e,"{""distance"":7,""physical_error_rate"":0.0005}","{""detection_events"":215341,""detectors_checked"":87535616}"
    179200,         0,         0,    32.2,exact_mw,8973b2281876bd917be29e6214e197de75d185bf3f5e531e264555f10574746e,"{""distance"":7,""physical_error_rate"":0.0005}","{""detection_events"":264175,""detectors_checked"":107878400}"
    173056,         0,         0,    32.3,exact_mw,8973b2281876bd917be29e6214e197de75d185bf3f5e531e264555f10574746e,"{""distance"":7,""physical_error_rate"":0.0005}","{""detection_events"":254725,""detectors_checked"":104179712}"
    160768,         0,         0,    32.3,exact_mw,8973b2281876bd917be29e6214e197de75d185bf3f5e531e264555f10574746e,"{""distance"":7,""physical_error_rate"":0.0005}","{""detection_events"":237430,""detectors_checked"":96782336}"
    854016,         2,         0,   120.1,exact_mw,8973b2281876bd917be29e6214e197de75d185bf3f5e531e264555f10574746e,"{""distance"":7,""physical_error_rate"":0.0005}","{""detection_events"":1265625,""detectors_checked"":514117632,""obs_mistake_mask=E"":2}"
    164864,         0,         0,    32.2,exact_mw,8973b2281876bd917be29e6214e197de75d185bf3f5e531e264555f10574746e,"{""distance"":7,""physical_error_rate"":0.0005}","{""detection_events"":245704,""detectors_checked"":99248128}"
    169984,         1,         0,    32.3,exact_mw,8973b2281876bd917be29e6214e197de75d185bf3f5e531e264555f10574746e,"{""distance"":7,""physical_error_rate"":0.0005}","{""detection_events"":251037,""detectors_checked"":102330368,""obs_mistake_mask=E"":1}"
    175104,         0,         0,    32.5,exact_mw,8973b2281876bd917be29e6214e197de75d185bf3f5e531e264555f10574746e,"{""distance"":7,""physical_error_rate"":0.0005}","{""detection_events"":259486,""detectors_checked"":105412608}"
    159744,         0,         0,    32.3,exact_mw,8973b2281876bd917be29e6214e197de75d185bf3f5e531e264555f10574746e,"{""distance"":7,""physical_error_rate"":0.0005}","{""detection_events"":235359,""detectors_checked"":96165888}"
    678912,         2,         0,   119.9,exact_mw,8973b2281876bd917be29e6214e197de75d185bf3f5e531e264555f10574746e,"{""distance"":7,""physical_error_rate"":0.0005}","{""detection_events"":1006161,""detectors_checked"":408705024,""obs_mistake_mask=E"":2}"
    154624,         0,         0,    32.6,exact_mw,8973b2281876bd917be29e6214e197de75d185bf3f5e531e264555f10574746e,"{""distance"":7,""physical_error_rate"":0.0005}","{""detection_events"":228135,""detectors_checked"":93083648}"
    734208,         1,         0,   120.1,exact_mw,8973b2281876bd917be29e6214e197de75d185bf3f5e531e264555f10574746e,"{""distance"":7,""physical_error_rate"":0.0005}","{""detection_events"":1087925,""detectors_checked"":441993216,""obs_mistake_mask=E"":1}"
    454144,         0,         0,   119.9,exact_mw,8973b2281876bd917be29e6214e197de75d185bf3f5e531e264555f10574746e,"{""distance"":7,""physical_error_rate"":0.0005}","{""detection_events"":670408,""detectors_checked"":273394688}"
    299520,         0,         0,   120.0,exact_mw,8973b2281876bd917be29e6214e197de75d185bf3f5e531e264555f10574746e,"{""distance"":7,""physical_error_rate"":0.0005}","{""detection_events"":444592,""detectors_checked"":180311040}"
    294912,         1,         0,    45.2,exact_mw,8973b2281876bd917be29e6214e197de75d185bf3f5e531e264555f10574746e,"{""distance"":7,""physical_error_rate"":0.0005}","{""detection_events"":438236,""detectors_checked"":177537024,""obs_mistake_mask=E"":1}"
    299008,         1,         0,    45.0,exact_mw,8973b2281876bd917be29e6214e197de75d185bf3f5e531e264555f10574746e,"{""distance"":7,""physical_error_rate"":0.0005}","{""detection_events"":441124,""detectors_checked"":180002816,""obs_mistake_mask=E"":1}"
    289792,         1,         0,    45.0,exact_mw,8973b2281876bd917be29e6214e197de75d185bf3f5e531e264555f10574746e,"{""distance"":7,""physical_error_rate"":0.0005}","{""detection_events"":428636,""detectors_checked"":174454784,""obs_mistake_mask=E"":1}"
    284672,         0,         0,    45.0,exact_mw,8973b2281876bd917be29e6214e197de75d185bf3f5e531e264555f10574746e,"{""distance"":7,""physical_error_rate"":0.0005}","{""detection_events"":423138,""detectors_checked"":171372544}"
    310272,         1,         0,    45.0,exact_mw,8973b2281876bd917be29e6214e197de75d185bf3f5e531e264555f10574746e,"{""distance"":7,""physical_error_rate"":0.0005}","{""detection_events"":459596,""detectors_checked"":186783744,""obs_mistake_mask=E"":1}"
    111104,         1,         0,    45.2,exact_mw,8973b2281876bd917be29e6214e197de75d185bf3f5e531e264555f10574746e,"{""distance"":7,""physical_error_rate"":0.0005}","{""detection_events"":163928,""detectors_checked"":66884608,""obs_mistake_mask=E"":1}"
    324608,         1,         0,    45.2,exact_mw,8973b2281876bd917be29e6214e197de75d185bf3f5e531e264555f10574746e,"{""distance"":7,""physical_error_rate"":0.0005}","{""detection_events"":481590,""detectors_checked"":195414016,""obs_mistake_mask=E"":1}"
    189952,         0,         0,    44.9,exact_mw,8973b2281876bd917be29e6214e197de75d185bf3f5e531e264555f10574746e,"{""distance"":7,""physical_error_rate"":0.0005}","{""detection_events"":280030,""detectors_checked"":114351104}"
    237568,         2,         0,    45.0,exact_mw,8973b2281876bd917be29e6214e197de75d185bf3f5e531e264555f10574746e,"{""distance"":7,""physical_error_rate"":0.0005}","{""detection_events"":353091,""detectors_checked"":143015936,""obs_mistake_mask=E"":2}"
    299008,         1,         0,    45.0,exact_mw,8973b2281876bd917be29e6214e197de75d185bf3f5e531e264555f10574746e,"{""distance"":7,""physical_error_rate"":0.0005}","{""detection_events"":442201,""detectors_checked"":180002816,""obs_mistake_mask=E"":1}"
    280576,         0,         0,    45.0,exact_mw,8973b2281876bd917be29e6214e197de75d185bf3f5e531e264555f10574746e,"{""distance"":7,""physical_error_rate"":0.0005}","{""detection_events"":416645,""detectors_checked"":168906752}"
    290816,         0,         0,    45.1,exact_mw,8973b2281876bd917be29e6214e197de75d185bf3f5e531e264555f10574746e,"{""distance"":7,""physical_error_rate"":0.0005}","{""detection_events"":430295,""detectors_checked"":175071232}"
    281600,         2,         0,    45.0,exact_mw,8973b2281876bd917be29e6214e197de75d185bf3f5e531e264555f10574746e,"{""distance"":7,""physical_error_rate"":0.0005}","{""detection_events"":416396,""detectors_checked"":169523200,""obs_mistake_mask=E"":2}"
    297984,         0,         0,    45.0,exact_mw,8973b2281876bd917be29e6214e197de75d185bf3f5e531e264555f10574746e,"{""distance"":7,""physical_error_rate"":0.0005}","{""detection_events"":442188,""detectors_checked"":179386368}"
    657408,         0,         0,   119.9,exact_mw,8973b2281876bd917be29e6214e197de75d185bf3f5e531e264555f10574746e,"{""distance"":7,""physical_error_rate"":0.0005}","{""detection_events"":971428,""detectors_checked"":395759616}"
    308224,         0,         0,    45.2,exact_mw,8973b2281876bd917be29e6214e197de75d185bf3f5e531e264555f10574746e,"{""distance"":7,""physical_error_rate"":0.0005}","{""detection_events"":456208,""detectors_checked"":185550848}"
    367104,         0,         0,   120.0,exact_mw,8973b2281876bd917be29e6214e197de75d185bf3f5e531e264555f10574746e,"{""distance"":7,""physical_error_rate"":0.0005}","{""detection_events"":541398,""detectors_checked"":220996608}"
    227328,         1,         0,    45.0,exact_mw,8973b2281876bd917be29e6214e197de75d185bf3f5e531e264555f10574746e,"{""distance"":7,""physical_error_rate"":0.0005}","{""detection_events"":337387,""detectors_checked"":136851456,""obs_mistake_mask=E"":1}"
     88576,         0,         0,    45.2,exact_mw,8973b2281876bd917be29e6214e197de75d185bf3f5e531e264555f10574746e,"{""distance"":7,""physical_error_rate"":0.0005}","{""detection_events"":130288,""detectors_checked"":53322752}"
    707584,         4,         0,   119.8,exact_mw,8973b2281876bd917be29e6214e197de75d185bf3f5e531e264555f10574746e,"{""distance"":7,""physical_error_rate"":0.0005}","{""detection_events"":1045639,""detectors_checked"":425965568,""obs_mistake_mask=E"":4}"
    282624,         0,         0,    45.0,exact_mw,8973b2281876bd917be29e6214e197de75d185bf3f5e531e264555f10574746e,"{""distance"":7,""physical_error_rate"":0.0005}","{""detection_events"":415258,""detectors_checked"":170139648}"
    759808,         3,         0,   120.0,exact_mw,8973b2281876bd917be29e6214e197de75d185bf3f5e531e264555f10574746e,"{""distance"":7,""physical_error_rate"":0.0005}","{""detection_events"":1120425,""detectors_checked"":457404416,""obs_mistake_mask=E"":3}"
    714752,         4,         0,   119.8,exact_mw,8973b2281876bd917be29e6214e197de75d185bf3f5e531e264555f10574746e,"{""distance"":7,""physical_error_rate"":0.0005}","{""detection_events"":1059228,""detectors_checked"":430280704,""obs_mistake_mask=E"":4}"
    622592,         3,         0,   120.1,exact_mw,8973b2281876bd917be29e6214e197de75d185bf3f5e531e264555f10574746e,"{""distance"":7,""physical_error_rate"":0.0005}","{""detection_events"":923021,""detectors_checked"":374800384,""obs_mistake_mask=E"":3}"
    300032,         1,         0,    45.0,exact_mw,8973b2281876bd917be29e6214e197de75d185bf3f5e531e264555f10574746e,"{""distance"":7,""physical_error_rate"":0.0005}","{""detection_events"":444570,""detectors_checked"":180619264,""obs_mistake_mask=E"":1}"
    245760,         0,         0,    45.2,exact_mw,8973b2281876bd917be29e6214e197de75d185bf3f5e531e264555f10574746e,"{""distance"":7,""physical_error_rate"":0.0005}","{""detection_events"":363409,""detectors_checked"":147947520}"
    280576,         1,         0,    45.1,exact_mw,8973b2281876bd917be29e6214e197de75d185bf3f5e531e264555f10574746e,"{""distance"":7,""physical_error_rate"":0.0005}","{""detection_events"":415944,""detectors_checked"":168906752,""obs_mistake_mask=E"":1}"
    211968,         1,         0,    45.0,exact_mw,8973b2281876bd917be29e6214e197de75d185bf3f5e531e264555f10574746e,"{""distance"":7,""physical_error_rate"":0.0005}","{""detection_events"":312625,""detectors_checked"":127604736,""obs_mistake_mask=E"":1}"
    282624,         0,         0,    44.9,exact_mw,8973b2281876bd917be29e6214e197de75d185bf3f5e531e264555f10574746e,"{""distance"":7,""physical_error_rate"":0.0005}","{""detection_events"":417760,""detectors_checked"":170139648}"
    203776,         0,         0,    45.2,exact_mw,8973b2281876bd917be29e6214e197de75d185bf3f5e531e264555f10574746e,"{""distance"":7,""physical_error_rate"":0.0005}","{""detection_events"":302654,""detectors_checked"":122673152}"
    600832,         1,         0,   120.0,exact_mw,8973b2281876bd917be29e6214e197de75d185bf3f5e531e264555f10574746e,"{""distance"":7,""physical_error_rate"":0.0005}","{""detection_events"":889696,""detectors_checked"":361700864,""obs_mistake_mask=E"":1}"
    262144,         1,         0,    45.0,exact_mw,8973b2281876bd917be29e6214e197de75d185bf3f5e531e264555f10574746e,"{""distance"":7,""physical_error_rate"":0.0005}","{""detection_events"":386742,""detectors_checked"":157810688,""obs_mistake_mask=E"":1}"
    651264,         4,         0,   120.0,exact_mw,8973b2281876bd917be29e6214e197de75d185bf3f5e531e264555f10574746e,"{""distance"":7,""physical_error_rate"":0.0005}","{""detection_events"":957626,""detectors_checked"":392060928,""obs_mistake_mask=E"":4}"
    744448,         0,         0,   120.0,exact_mw,8973b2281876bd917be29e6214e197de75d185bf3f5e531e264555f10574746e,"{""distance"":7,""physical_error_rate"":0.0005}","{""detection_events"":1099711,""detectors_checked"":448157696}"
    284672,         0,         0,    45.0,exact_mw,8973b2281876bd917be29e6214e197de75d185bf3f5e531e264555f10574746e,"{""distance"":7,""physical_error_rate"":0.0005}","{""detection_events"":422883,""detectors_checked"":171372544}"
    284672,         0,         0,    45.1,exact_mw,8973b2281876bd917be29e6214e197de75d185bf3f5e531e264555f10574746e,"{""distance"":7,""physical_error_rate"":0.0005}","{""detection_events"":421307,""detectors_checked"":171372544}"
    139264,         0,         0,    44.9,exact_mw,8973b2281876bd917be29e6214e197de75d185bf3f5e531e264555f10574746e,"{""distance"":7,""physical_error_rate"":0.0005}","{""detection_events"":204183,""detectors_checked"":83836928}"
    292864,         0,         0,    45.0,exact_mw,8973b2281876bd917be29e6214e197de75d185bf3f5e531e264555f10574746e,"{""distance"":7,""physical_error_rate"":0.0005}","{""detection_events"":433192,""detectors_checked"":176304128}"
    109056,         1,         0,    44.9,exact_mw,8973b2281876bd917be29e6214e197de75d185bf3f5e531e264555f10574746e,"{""distance"":7,""physical_error_rate"":0.0005}","{""detection_events"":161645,""detectors_checked"":65651712,""obs_mistake_mask=E"":1}"
    280576,         1,         0,    45.0,exact_mw,8973b2281876bd917be29e6214e197de75d185bf3f5e531e264555f10574746e,"{""distance"":7,""physical_error_rate"":0.0005}","{""detection_events"":415817,""detectors_checked"":168906752,""obs_mistake_mask=E"":1}"
    738304,         1,         0,   120.0,exact_mw,8973b2281876bd917be29e6214e197de75d185bf3f5e531e264555f10574746e,"{""distance"":7,""physical_error_rate"":0.0005}","{""detection_events"":1089643,""detectors_checked"":444459008,""obs_mistake_mask=E"":1}"
    147968,         0,         0,    44.9,exact_mw,8973b2281876bd917be29e6214e197de75d185bf3f5e531e264555f10574746e,"{""distance"":7,""physical_error_rate"":0.0005}","{""detection_events"":218656,""detectors_checked"":89076736}"
    581120,         1,         0,   120.2,exact_mw,8973b2281876bd917be29e6214e197de75d185bf3f5e531e264555f10574746e,"{""distance"":7,""physical_error_rate"":0.0005}","{""detection_events"":861239,""detectors_checked"":349834240,""obs_mistake_mask=E"":1}"
    481280,         4,         0,   119.9,exact_mw,8973b2281876bd917be29e6214e197de75d185bf3f5e531e264555f10574746e,"{""distance"":7,""physical_error_rate"":0.0005}","{""detection_events"":711250,""detectors_checked"":289730560,""obs_mistake_mask=E"":4}"
    638976,         0,         0,   119.9,exact_mw,8973b2281876bd917be29e6214e197de75d185bf3f5e531e264555f10574746e,"{""distance"":7,""physical_error_rate"":0.0005}","{""detection_events"":944252,""detectors_checked"":384663552}"
    606208,         0,         0,   120.1,exact_mw,8973b2281876bd917be29e6214e197de75d185bf3f5e531e264555f10574746e,"{""distance"":7,""physical_error_rate"":0.0005}","{""detection_events"":894978,""detectors_checked"":364937216}"
    773120,         4,         0,   120.0,exact_mw,8973b2281876bd917be29e6214e197de75d185bf3f5e531e264555f10574746e,"{""distance"":7,""physical_error_rate"":0.0005}","{""detection_events"":1145600,""detectors_checked"":465418240,""obs_mistake_mask=E"":4}"
    722944,         2,         0,   119.9,exact_mw,8973b2281876bd917be29e6214e197de75d185bf3f5e531e264555f10574746e,"{""distance"":7,""physical_error_rate"":0.0005}","{""detection_events"":1068988,""detectors_checked"":435212288,""obs_mistake_mask=E"":2}"
    563200,         1,         0,   120.1,exact_mw,8973b2281876bd917be29e6214e197de75d185bf3f5e531e264555f10574746e,"{""distance"":7,""physical_error_rate"":0.0005}","{""detection_events"":831917,""detectors_checked"":339046400,""obs_mistake_mask=E"":1}"
    578048,         2,         0,   119.9,exact_mw,8973b2281876bd917be29e6214e197de75d185bf3f5e531e264555f10574746e,"{""distance"":7,""physical_error_rate"":0.0005}","{""detection_events"":857523,""detectors_checked"":347984896,""obs_mistake_mask=E"":2}"
    704512,         2,         0,   120.2,exact_mw,8973b2281876bd917be29e6214e197de75d185bf3f5e531e264555f10574746e,"{""distance"":7,""physical_error_rate"":0.0005}","{""detection_events"":1041626,""detectors_checked"":424116224,""obs_mistake_mask=E"":2}"
    613376,         2,         0,   120.5,exact_mw,8973b2281876bd917be29e6214e197de75d185bf3f5e531e264555f10574746e,"{""distance"":7,""physical_error_rate"":0.0005}","{""detection_events"":906507,""detectors_checked"":369252352,""obs_mistake_mask=E"":2}"
    619520,         1,         0,   120.4,exact_mw,8973b2281876bd917be29e6214e197de75d185bf3f5e531e264555f10574746e,"{""distance"":7,""physical_error_rate"":0.0005}","{""detection_events"":916909,""detectors_checked"":372951040,""obs_mistake_mask=E"":1}"
    376832,         2,         0,    62.9,exact_mw,8973b2281876bd917be29e6214e197de75d185bf3f5e531e264555f10574746e,"{""distance"":7,""physical_error_rate"":0.0005}","{""detection_events"":556461,""detectors_checked"":226852864,""obs_mistake_mask=E"":2}"
    371712,         3,         0,   120.2,exact_mw,8973b2281876bd917be29e6214e197de75d185bf3f5e531e264555f10574746e,"{""distance"":7,""physical_error_rate"":0.0005}","{""detection_events"":547907,""detectors_checked"":223770624,""obs_mistake_mask=E"":3}"
    693248,         1,         0,   120.3,exact_mw,8973b2281876bd917be29e6214e197de75d185bf3f5e531e264555f10574746e,"{""distance"":7,""physical_error_rate"":0.0005}","{""detection_events"":1025476,""detectors_checked"":417335296,""obs_mistake_mask=E"":1}"
    361472,         0,         0,    63.0,exact_mw,8973b2281876bd917be29e6214e197de75d185bf3f5e531e264555f10574746e,"{""distance"":7,""physical_error_rate"":0.0005}","{""detection_events"":535053,""detectors_checked"":217606144}"
    334848,         1,         0,    62.9,exact_mw,8973b2281876bd917be29e6214e197de75d185bf3f5e531e264555f10574746e,"{""distance"":7,""physical_error_rate"":0.0005}","{""detection_events"":494140,""detectors_checked"":201578496,""obs_mistake_mask=E"":1}"
    317440,         0,         0,    63.2,exact_mw,8973b2281876bd917be29e6214e197de75d185bf3f5e531e264555f10574746e,"{""distance"":7,""physical_error_rate"":0.0005}","{""detection_events"":472644,""detectors_checked"":191098880}"
    416768,         0,         0,    63.0,exact_mw,8973b2281876bd917be29e6214e197de75d185bf3f5e531e264555f10574746e,"{""distance"":7,""physical_error_rate"":0.0005}","{""detection_events"":615994,""detectors_checked"":250894336}"
    347136,         1,         0,    62.9,exact_mw,8973b2281876bd917be29e6214e197de75d185bf3f5e531e264555f10574746e,"{""distance"":7,""physical_error_rate"":0.0005}","{""detection_events"":512513,""detectors_checked"":208975872,""obs_mistake_mask=E"":1}"
    324608,         0,         0,    63.0,exact_mw,8973b2281876bd917be29e6214e197de75d185bf3f5e531e264555f10574746e,"{""distance"":7,""physical_error_rate"":0.0005}","{""detection_events"":480025,""detectors_checked"":195414016}"
    292864,         2,         0,    63.0,exact_mw,8973b2281876bd917be29e6214e197de75d185bf3f5e531e264555f10574746e,"{""distance"":7,""physical_error_rate"":0.0005}","{""detection_events"":432889,""detectors_checked"":176304128,""obs_mistake_mask=E"":2}"
    282624,         0,         0,    63.1,exact_mw,8973b2281876bd917be29e6214e197de75d185bf3f5e531e264555f10574746e,"{""distance"":7,""physical_error_rate"":0.0005}","{""detection_events"":419601,""detectors_checked"":170139648}"
    334848,         0,         0,    63.0,exact_mw,8973b2281876bd917be29e6214e197de75d185bf3f5e531e264555f10574746e,"{""distance"":7,""physical_error_rate"":0.0005}","{""detection_events"":496769,""detectors_checked"":201578496}"
    365568,         0,         0,    63.0,exact_mw,8973b2281876bd917be29e6214e197de75d185bf3f5e531e264555f10574746e,"{""distance"":7,""physical_error_rate"":0.0005}","{""detection_events"":542032,""detectors_checked"":220071936}"
    371712,         1,         0,    63.1,exact_mw,8973b2281876bd917be29e6214e197de75d185bf3f5e531e264555f10574746e,"{""distance"":7,""physical_error_rate"":0.0005}","{""detection_events"":548530,""detectors_checked"":223770624,""obs_mistake_mask=E"":1}"
    370688,         2,         0,    63.0,exact_mw,8973b2281876bd917be29e6214e197de75d185bf3f5e531e264555f10574746e,"{""distance"":7,""physical_error_rate"":0.0005}","{""detection_events"":551101,""detectors_checked"":223154176,""obs_mistake_mask=E"":2}"
    414720,         0,         0,    63.0,exact_mw,8973b2281876bd917be29e6214e197de75d185bf3f5e531e264555f10574746e,"{""distance"":7,""physical_error_rate"":0.0005}","{""detection_events"":612650,""detectors_checked"":249661440}"
    401408,         2,         0,    63.0,exact_mw,8973b2281876bd917be29e6214e197de75d185bf3f5e531e264555f10574746e,"{""distance"":7,""physical_error_rate"":0.0005}","{""detection_events"":597890,""detectors_checked"":241647616,""obs_mistake_mask=E"":2}"
    356352,         1,         0,    63.0,exact_mw,8973b2281876bd917be29e6214e197de75d185bf3f5e531e264555f10574746e,"{""distance"":7,""physical_error_rate"":0.0005}","{""detection_events"":527612,""detectors_checked"":214523904,""obs_mistake_mask=E"":1}"
    218112,         0,         0,    63.4,exact_mw,8973b2281876bd917be29e6214e197de75d185bf3f5e531e264555f10574746e,"{""distance"":7,""physical_error_rate"":0.0005}","{""detection_events"":322193,""detectors_checked"":131303424}"
    402432,         3,         0,    63.0,exact_mw,8973b2281876bd917be29e6214e197de75d185bf3f5e531e264555f10574746e,"{""distance"":7,""physical_error_rate"":0.0005}","{""detection_events"":598188,""detectors_checked"":242264064,""obs_mistake_mask=E"":3}"
     11264,         0,         0,    1.52,exact_mw,8973b2281876bd917be29e6214e197de75d185bf3f5e531e264555f10574746e,"{""distance"":7,""physical_error_rate"":0.0005}","{""detection_events"":16904,""detectors_checked"":6780928}"
    268288,         1,         0,    44.0,exact_mw,8973b2281876bd917be29e6214e197de75d185bf3f5e531e264555f10574746e,"{""distance"":7,""physical_error_rate"":0.0005}","{""detection_events"":396884,""detectors_checked"":161509376,""obs_mistake_mask=E"":1}"
    182272,         0,         0,    29.0,exact_mw,8973b2281876bd917be29e6214e197de75d185bf3f5e531e264555f10574746e,"{""distance"":7,""physical_error_rate"":0.0005}","{""detection_events"":271217,""detectors_checked"":109727744}"
     36864,         0,         0,    5.07,exact_mw,8973b2281876bd917be29e6214e197de75d185bf3f5e531e264555f10574746e,"{""distance"":7,""physical_error_rate"":0.0005}","{""detection_events"":53832,""detectors_checked"":22192128}"
    356352,         2,         0,    62.5,exact_mw,8973b2281876bd917be29e6214e197de75d185bf3f5e531e264555f10574746e,"{""distance"":7,""physical_error_rate"":0.0005}","{""detection_events"":525538,""detectors_checked"":214523904,""obs_mistake_mask=E"":2}"
    303104,         0,         0,    59.8,exact_mw,8973b2281876bd917be29e6214e197de75d185bf3f5e531e264555f10574746e,"{""distance"":7,""physical_error_rate"":0.0005}","{""detection_events"":446888,""detectors_checked"":182468608}"
    336896,         1,         0,    60.4,exact_mw,8973b2281876bd917be29e6214e197de75d185bf3f5e531e264555f10574746e,"{""distance"":7,""physical_error_rate"":0.0005}","{""detection_events"":498042,""detectors_checked"":202811392,""obs_mistake_mask=E"":1}"
    378880,         0,         0,    66.1,exact_mw,8973b2281876bd917be29e6214e197de75d185bf3f5e531e264555f10574746e,"{""distance"":7,""physical_error_rate"":0.0005}","{""detection_events"":561517,""detectors_checked"":228085760}"
     44032,         0,         0,    25.4,exact_mw,8973b2281876bd917be29e6214e197de75d185bf3f5e531e264555f10574746e,"{""distance"":7,""physical_error_rate"":0.0005}","{""detection_events"":65308,""detectors_checked"":26507264}"
      5120,         0,         0,   0.654,exact_mw,8973b2281876bd917be29e6214e197de75d185bf3f5e531e264555f10574746e,"{""distance"":7,""physical_error_rate"":0.0005}","{""detection_events"":7642,""detectors_checked"":3082240}"
     30720,         0,         0,    6.39,exact_mw,8973b2281876bd917be29e6214e197de75d185bf3f5e531e264555f10574746e,"{""distance"":7,""physical_error_rate"":0.0005}","{""detection_events"":45209,""detectors_checked"":18493440}"
    343040,         0,         0,    60.1,exact_mw,8973b2281876bd917be29e6214e197de75d185bf3f5e531e264555f10574746e,"{""distance"":7,""physical_error_rate"":0.0005}","{""detection_events"":509812,""detectors_checked"":206510080}"
    340992,         0,         0,    61.2,exact_mw,8973b2281876bd917be29e6214e197de75d185bf3f5e531e264555f10574746e,"{""distance"":7,""physical_error_rate"":0.0005}","{""detection_events"":506399,""detectors_checked"":205277184}"
    395264,         0,         0,    61.3,exact_mw,8973b2281876bd917be29e6214e197de75d185bf3f5e531e264555f10574746e,"{""distance"":7,""physical_error_rate"":0.0005}","{""detection_events"":583616,""detectors_checked"":237948928}"
     40960,         0,         0,    8.47,exact_mw,8973b2281876bd917be29e6214e197de75d185bf3f5e531e264555f10574746e,"{""distance"":7,""physical_error_rate"":0.0005}","{""detection_events"":60462,""detectors_checked"":24657920}"
     71680,         2,         0,    9.70,exact_mw,8973b2281876bd917be29e6214e197de75d185bf3f5e531e264555f10574746e,"{""distance"":7,""physical_error_rate"":0.0005}","{""detection_events"":105727,""detectors_checked"":43151360,""obs_mistake_mask=E"":2}"
    212992,         0,         0,    32.7,exact_mw,8973b2281876bd917be29e6214e197de75d185bf3f5e531e264555f10574746e,"{""distance"":7,""physical_error_rate"":0.0005}","{""detection_events"":314109,""detectors_checked"":128221184}"
    318464,         2,         0,    56.8,exact_mw,8973b2281876bd917be29e6214e197de75d185bf3f5e531e264555f10574746e,"{""distance"":7,""physical_error_rate"":0.0005}","{""detection_events"":472320,""detectors_checked"":191715328,""obs_mistake_mask=E"":2}"
     70656,         0,         0,    9.93,exact_mw,8973b2281876bd917be29e6214e197de75d185bf3f5e531e264555f10574746e,"{""distance"":7,""physical_error_rate"":0.0005}","{""detection_events"":106122,""detectors_checked"":42534912}"
    329728,         1,         0,    58.7,exact_mw,8973b2281876bd917be29e6214e197de75d185bf3f5e531e264555f10574746e,"{""distance"":7,""physical_error_rate"":0.0005}","{""detection_events"":486113,""detectors_checked"":198496256,""obs_mistake_mask=E"":1}"
    385024,         3,         0,    59.9,exact_mw,8973b2281876bd917be29e6214e197de75d185bf3f5e531e264555f10574746e,"{""distance"":7,""physical_error_rate"":0.0005}","{""detection_events"":568905,""detectors_checked"":231784448,""obs_mistake_mask=E"":3}"
    327680,         0,         0,    61.1,exact_mw,8973b2281876bd917be29e6214e197de75d185bf3f5e531e264555f10574746e,"{""distance"":7,""physical_error_rate"":0.0005}","{""detection_events"":488710,""detectors_checked"":197263360}"
    594944,         2,         0,   105.1,exact_mw,8973b2281876bd917be29e6214e197de75d185bf3f5e531e264555f10574746e,"{""distance"":7,""physical_error_rate"":0.0005}","{""detection_events"":877049,""detectors_checked"":358156288,""obs_mistake_mask=E"":2}"
    389120,         1,         0,    58.0,exact_mw,8973b2281876bd917be29e6214e197de75d185bf3f5e531e264555f10574746e,"{""distance"":7,""physical_error_rate"":0.0005}","{""detection_events"":574722,""detectors_checked"":234250240,""obs_mistake_mask=E"":1}"
    224256,         0,         0,    32.6,exact_mw,8973b2281876bd917be29e6214e197de75d185bf3f5e531e264555f10574746e,"{""distance"":7,""physical_error_rate"":0.0005}","{""detection_events"":331892,""detectors_checked"":135002112}"
     36864,         0,         0,    5.48,exact_mw,8973b2281876bd917be29e6214e197de75d185bf3f5e531e264555f10574746e,"{""distance"":7,""physical_error_rate"":0.0005}","{""detection_events"":55121,""detectors_checked"":22192128}"
    203776,         0,         0,    29.5,exact_mw,8973b2281876bd917be29e6214e197de75d185bf3f5e531e264555f10574746e,"{""distance"":7,""physical_error_rate"":0.0005}","{""detection_events"":301708,""detectors_checked"":122673152}"
     28672,         0,         0,    5.95,exact_mw,8973b2281876bd917be29e6214e197de75d185bf3f5e531e264555f10574746e,"{""distance"":7,""physical_error_rate"":0.0005}","{""detection_events"":41957,""detectors_checked"":17260544}"
    349184,         2,         0,    63.1,exact_mw,8973b2281876bd917be29e6214e197de75d185bf3f5e531e264555f10574746e,"{""distance"":7,""physical_error_rate"":0.0005}","{""detection_events"":517602,""detectors_checked"":210208768,""obs_mistake_mask=E"":2}"
     54272,         1,         0,    7.74,exact_mw,8973b2281876bd917be29e6214e197de75d185bf3f5e531e264555f10574746e,"{""distance"":7,""physical_error_rate"":0.0005}","{""detection_events"":80589,""detectors_checked"":32671744,""obs_mistake_mask=E"":1}"
    302080,         1,         0,    60.0,exact_mw,8973b2281876bd917be29e6214e197de75d185bf3f5e531e264555f10574746e,"{""distance"":7,""physical_error_rate"":0.0005}","{""detection_events"":447273,""detectors_checked"":181852160,""obs_mistake_mask=E"":1}"
    668672,         1,         0,   111.8,exact_mw,8973b2281876bd917be29e6214e197de75d185bf3f5e531e264555f10574746e,"{""distance"":7,""physical_error_rate"":0.0005}","{""detection_events"":989771,""detectors_checked"":402540544,""obs_mistake_mask=E"":1}"
    342016,         0,         0,    62.2,exact_mw,8973b2281876bd917be29e6214e197de75d185bf3f5e531e264555f10574746e,"{""distance"":7,""physical_error_rate"":0.0005}","{""detection_events"":507014,""detectors_checked"":205893632}"
    527360,         0,         0,    95.3,exact_mw,8973b2281876bd917be29e6214e197de75d185bf3f5e531e264555f10574746e,"{""distance"":7,""physical_error_rate"":0.0005}","{""detection_events"":779017,""detectors_checked"":317470720}"
    394240,         1,         0,    64.1,exact_mw,8973b2281876bd917be29e6214e197de75d185bf3f5e531e264555f10574746e,"{""distance"":7,""physical_error_rate"":0.0005}","{""detection_events"":581443,""detectors_checked"":237332480,""obs_mistake_mask=E"":1}"
    289792,         0,         0,    61.0,exact_mw,8973b2281876bd917be29e6214e197de75d185bf3f5e531e264555f10574746e,"{""distance"":7,""physical_error_rate"":0.0005}","{""detection_events"":431183,""detectors_checked"":174454784}"
    287744,         0,         0,    52.8,exact_mw,8973b2281876bd917be29e6214e197de75d185bf3f5e531e264555f10574746e,"{""distance"":7,""physical_error_rate"":0.0005}","{""detection_events"":425368,""detectors_checked"":173221888}"
     59904,         0,         0,    27.3,exact_mw,8973b2281876bd917be29e6214e197de75d185bf3f5e531e264555f10574746e,"{""distance"":7,""physical_error_rate"":0.0005}","{""detection_events"":88639,""detectors_checked"":36062208}"
      1024,         0,         0,   0.693,exact_mw,8973b2281876bd917be29e6214e197de75d185bf3f5e531e264555f10574746e,"{""distance"":7,""physical_error_rate"":0.0005}","{""detection_events"":1497,""detectors_checked"":616448}"
     16896,         0,         0,    15.4,exact_mw,8973b2281876bd917be29e6214e197de75d185bf3f5e531e264555f10574746e,"{""distance"":7,""physical_error_rate"":0.0005}","{""detection_events"":24633,""detectors_checked"":10171392}"
    339968,         0,         0,    60.4,exact_mw,8973b2281876bd917be29e6214e197de75d185bf3f5e531e264555f10574746e,"{""distance"":7,""physical_error_rate"":0.0005}","{""detection_events"":500096,""detectors_checked"":204660736}"
    309248,         0,         0,   107.2,exact_mw,8973b2281876bd917be29e6214e197de75d185bf3f5e531e264555f10574746e,"{""distance"":7,""physical_error_rate"":0.0005}","{""detection_events"":458222,""detectors_checked"":186167296}"
     36864,         0,         0,    5.09,exact_mw,8973b2281876bd917be29e6214e197de75d185bf3f5e531e264555f10574746e,"{""distance"":7,""physical_error_rate"":0.0005}","{""detection_events"":55237,""detectors_checked"":22192128}"
     90112,         0,         0,    12.7,exact_mw,8973b2281876bd917be29e6214e197de75d185bf3f5e531e264555f10574746e,"{""distance"":7,""physical_error_rate"":0.0005}","{""detection_events"":134024,""detectors_checked"":54247424}"
    472576,         2,         0,    98.8,exact_mw,8973b2281876bd917be29e6214e197de75d185bf3f5e531e264555f10574746e,"{""distance"":7,""physical_error_rate"":0.0005}","{""detection_events"":700377,""detectors_checked"":284490752,""obs_mistake_mask=E"":2}"
    334336,         1,         0,    80.8,exact_mw,8973b2281876bd917be29e6214e197de75d185bf3f5e531e264555f10574746e,"{""distance"":7,""physical_error_rate"":0.0005}","{""detection_events"":494071,""detectors_checked"":201270272,""obs_mistake_mask=E"":1}"
     12288,         0,         0,    10.8,exact_mw,8973b2281876bd917be29e6214e197de75d185bf3f5e531e264555f10574746e,"{""distance"":7,""physical_error_rate"":0.0005}","{""detection_events"":18178,""detectors_checked"":7397376}"
    744448,         1,         0,   114.8,exact_mw,8973b2281876bd917be29e6214e197de75d185bf3f5e531e264555f10574746e,"{""distance"":7,""physical_error_rate"":0.0005}","{""detection_events"":1102373,""detectors_checked"":448157696,""obs_mistake_mask=E"":1}"
    352256,         4,         0,    59.9,exact_mw,8973b2281876bd917be29e6214e197de75d185bf3f5e531e264555f10574746e,"{""distance"":7,""physical_error_rate"":0.0005}","{""detection_events"":518960,""detectors_checked"":212058112,""obs_mistake_mask=E"":4}"
    121856,         0,         0,    42.1,exact_mw,8973b2281876bd917be29e6214e197de75d185bf3f5e531e264555f10574746e,"{""distance"":7,""physical_error_rate"":0.0005}","{""detection_events"":180628,""detectors_checked"":73357312}"
     57344,         0,         0,    8.09,exact_mw,8973b2281876bd917be29e6214e197de75d185bf3f5e531e264555f10574746e,"{""distance"":7,""physical_error_rate"":0.0005}","{""detection_events"":85327,""detectors_checked"":34521088}"
    239616,         0,         0,    60.2,exact_mw,8973b2281876bd917be29e6214e197de75d185bf3f5e531e264555f10574746e,"{""distance"":7,""physical_error_rate"":0.0005}","{""detection_events"":355086,""detectors_checked"":144248832}"
      1024,         0,         0,   0.101,exact_mw,8973b2281876bd917be29e6214e197de75d185bf3f5e531e264555f10574746e,"{""distance"":7,""physical_error_rate"":0.0005}","{""detection_events"":1523,""detectors_checked"":616448}"
    303104,         1,         0,    60.2,exact_mw,8973b2281876bd917be29e6214e197de75d185bf3f5e531e264555f10574746e,"{""distance"":7,""physical_error_rate"":0.0005}","{""detection_events"":451203,""detectors_checked"":182468608,""obs_mistake_mask=E"":1}"
    637952,         1,         0,   102.1,exact_mw,8973b2281876bd917be29e6214e197de75d185bf3f5e531e264555f10574746e,"{""distance"":7,""physical_error_rate"":0.0005}","{""detection_events"":944489,""detectors_checked"":384047104,""obs_mistake_mask=E"":1}"
    368640,         0,         0,    61.0,exact_mw,8973b2281876bd917be29e6214e197de75d185bf3f5e531e264555f10574746e,"{""distance"":7,""physical_error_rate"":0.0005}","{""detection_events"":548264,""detectors_checked"":221921280}"
     37888,         0,         0,    7.79,exact_mw,8973b2281876bd917be29e6214e197de75d185bf3f5e531e264555f10574746e,"{""distance"":7,""physical_error_rate"":0.0005}","{""detection_events"":56132,""detectors_checked"":22808576}"
    336896,         0,         0,    62.6,exact_mw,8973b2281876bd917be29e6214e197de75d185bf3f5e531e264555f10574746e,"{""distance"":7,""physical_error_rate"":0.0005}","{""detection_events"":498675,""detectors_checked"":202811392}"
    206848,         1,         0,    61.3,exact_mw,8973b2281876bd917be29e6214e197de75d185bf3f5e531e264555f10574746e,"{""distance"":7,""physical_error_rate"":0.0005}","{""detection_events"":306970,""detectors_checked"":124522496,""obs_mistake_mask=E"":1}"
    219136,         1,         0,    56.7,exact_mw,8973b2281876bd917be29e6214e197de75d185bf3f5e531e264555f10574746e,"{""distance"":7,""physical_error_rate"":0.0005}","{""detection_events"":324712,""detectors_checked"":131919872,""obs_mistake_mask=E"":1}"
     30720,         0,         0,    4.27,exact_mw,8973b2281876bd917be29e6214e197de75d185bf3f5e531e264555f10574746e,"{""distance"":7,""physical_error_rate"":0.0005}","{""detection_events"":45093,""detectors_checked"":18493440}"
     12288,         0,         0,    10.2,exact_mw,8973b2281876bd917be29e6214e197de75d185bf3f5e531e264555f10574746e,"{""distance"":7,""physical_error_rate"":0.0005}","{""detection_events"":18141,""detectors_checked"":7397376}"
      6656,         0,         0,    6.58,exact_mw,8973b2281876bd917be29e6214e197de75d185bf3f5e531e264555f10574746e,"{""distance"":7,""physical_error_rate"":0.0005}","{""detection_events"":9794,""detectors_checked"":4006912}"
    377856,         0,         0,   107.0,exact_mw,8973b2281876bd917be29e6214e197de75d185bf3f5e531e264555f10574746e,"{""distance"":7,""physical_error_rate"":0.0005}","{""detection_events"":560013,""detectors_checked"":227469312}"
